50
50.0
0 1 0.186 0.012
0 2 0.153 0.031
0 3 0.189 0.012
0 4 0.125 0.027
0 5 0.176 0.024
0 6 0.142 0.012
0 7 0.18 0.024
0 8 0.199 0.023
0 9 0.178 0.024
0 10 0.142 0.028
0 11 0.121 0.024
0 12 0.108 0.012
0 13 0.141 0.018
0 14 0.156 0.019
0 15 0.102 0.03
0 16 0.195 0.021
0 17 0.195 0.03
0 18 0.158 0.019
0 19 0.142 0.011
0 20 0.169 0.018
0 21 0.136 0.018
0 22 0.158 0.028
0 23 36.009 25.0
0 24 0.166 0.032
0 25 0.171 0.014
0 26 0.111 0.02
0 27 0.147 0.027
0 28 0.117 0.013
0 29 0.146 0.011
0 30 0.127 0.018
0 31 0.104 0.029
0 32 0.142 0.02
0 33 0.142 0.031
0 34 0.167 0.02
0 35 0.131 0.027
0 36 0.163 0.011
0 37 0.197 0.03
0 38 0.185 0.016
0 39 0.191 0.029
0 40 0.12 0.028
0 41 0.117 0.025
0 42 0.123 0.027
0 43 0.12 0.011
0 44 0.195 0.019
0 45 0.187 0.022
0 46 0.108 0.032
0 47 0.19 0.032
0 48 0.197 0.02
0 49 0.141 0.02
1 2 0.177 0.016
1 3 0.122 0.029
1 4 0.159 0.028
1 5 0.177 0.011
1 6 0.196 0.028
1 7 0.15 0.026
1 8 0.166 0.017
1 9 0.166 0.02
1 10 0.105 0.026
1 11 0.189 0.03
1 12 0.162 0.031
1 13 0.164 0.028
1 14 0.176 0.03
1 15 0.165 0.015
1 16 0.193 0.021
1 17 0.129 0.021
1 18 0.106 0.019
1 19 0.181 0.023
1 20 0.167 0.013
1 21 0.101 0.032
1 22 0.182 0.022
1 23 47.543 25.0
1 24 0.159 0.029
1 25 0.187 0.012
1 26 0.187 0.02
1 27 0.177 0.017
1 28 0.121 0.013
1 29 0.17 0.014
1 30 0.109 0.031
1 31 0.167 0.025
1 32 0.168 0.02
1 33 0.159 0.012
1 34 0.122 0.026
1 35 0.127 0.018
1 36 0.171 0.012
1 37 0.116 0.023
1 38 0.178 0.024
1 39 0.138 0.027
1 40 0.105 0.019
1 41 0.178 0.022
1 42 0.191 0.03
1 43 0.143 0.019
1 44 0.177 0.029
1 45 0.167 0.025
1 46 0.124 0.029
1 47 0.138 0.012
1 48 0.178 0.018
1 49 0.134 0.026
2 3 0.103 0.013
2 4 0.112 0.015
2 5 0.132 0.015
2 6 0.105 0.023
2 7 0.172 0.027
2 8 0.127 0.018
2 9 0.127 0.024
2 10 0.186 0.022
2 11 0.156 0.032
2 12 0.185 0.031
2 13 0.149 0.019
2 14 0.176 0.031
2 15 0.111 0.017
2 16 0.175 0.012
2 17 0.148 0.021
2 18 0.185 0.014
2 19 0.108 0.015
2 20 0.139 0.028
2 21 0.158 0.016
2 22 0.16 0.022
2 23 25.639 25.0
2 24 0.197 0.03
2 25 0.128 0.025
2 26 0.189 0.03
2 27 0.129 0.031
2 28 0.106 0.03
2 29 0.104 0.014
2 30 0.163 0.011
2 31 0.154 0.025
2 32 0.178 0.028
2 33 0.194 0.017
2 34 0.167 0.029
2 35 0.198 0.02
2 36 0.102 0.029
2 37 0.198 0.018
2 38 0.113 0.031
2 39 0.119 0.031
2 40 0.155 0.025
2 41 0.112 0.02
2 42 0.129 0.031
2 43 0.192 0.026
2 44 0.196 0.028
2 45 0.142 0.02
2 46 0.135 0.024
2 47 0.177 0.027
2 48 0.107 0.029
2 49 0.141 0.023
3 4 0.154 0.023
3 5 0.183 0.024
3 6 0.174 0.017
3 7 0.129 0.031
3 8 0.124 0.018
3 9 0.135 0.014
3 10 0.124 0.023
3 11 0.171 0.015
3 12 0.184 0.014
3 13 0.12 0.023
3 14 0.106 0.014
3 15 0.121 0.02
3 16 0.137 0.017
3 17 0.161 0.02
3 18 0.181 0.019
3 19 0.155 0.011
3 20 0.142 0.011
3 21 0.104 0.02
3 22 0.17 0.017
3 23 17.723 25.0
3 24 0.116 0.029
3 25 0.19 0.024
3 26 0.186 0.021
3 27 0.141 0.031
3 28 0.199 0.013
3 29 0.126 0.023
3 30 0.16 0.015
3 31 0.192 0.022
3 32 0.133 0.017
3 33 0.178 0.02
3 34 0.139 0.014
3 35 0.193 0.017
3 36 0.11 0.02
3 37 0.198 0.017
3 38 0.129 0.029
3 39 0.161 0.03
3 40 0.106 0.025
3 41 0.193 0.021
3 42 0.115 0.023
3 43 0.179 0.012
3 44 0.18 0.017
3 45 0.103 0.014
3 46 0.177 0.018
3 47 0.173 0.026
3 48 0.143 0.029
3 49 0.19 0.023
4 5 0.143 0.013
4 6 0.172 0.026
4 7 0.165 0.014
4 8 0.147 0.015
4 9 0.142 0.028
4 10 0.175 0.031
4 11 0.163 0.014
4 12 0.146 0.016
4 13 0.194 0.013
4 14 0.146 0.019
4 15 0.168 0.019
4 16 0.117 0.011
4 17 0.187 0.011
4 18 0.147 0.019
4 19 0.158 0.021
4 20 0.122 0.029
4 21 0.158 0.023
4 22 0.121 0.03
4 23 67.175 25.0
4 24 0.118 0.014
4 25 0.111 0.026
4 26 0.111 0.03
4 27 0.135 0.018
4 28 0.181 0.014
4 29 0.131 0.013
4 30 0.113 0.02
4 31 0.136 0.029
4 32 0.166 0.02
4 33 0.145 0.018
4 34 0.103 0.026
4 35 0.159 0.024
4 36 0.157 0.026
4 37 0.167 0.013
4 38 0.186 0.025
4 39 0.118 0.027
4 40 0.119 0.018
4 41 0.13 0.011
4 42 0.12 0.017
4 43 0.194 0.015
4 44 0.183 0.012
4 45 0.12 0.03
4 46 0.189 0.025
4 47 0.18 0.025
4 48 0.192 0.016
4 49 0.193 0.031
5 6 0.185 0.014
5 7 0.161 0.014
5 8 0.106 0.023
5 9 0.17 0.019
5 10 0.102 0.024
5 11 0.184 0.019
5 12 0.135 0.026
5 13 0.118 0.031
5 14 0.14 0.027
5 15 0.158 0.023
5 16 0.169 0.025
5 17 0.184 0.015
5 18 0.157 0.017
5 19 0.177 0.021
5 20 0.177 0.011
5 21 0.104 0.022
5 22 0.17 0.022
5 23 74.016 25.0
5 24 0.129 0.015
5 25 0.131 0.011
5 26 0.175 0.031
5 27 0.112 0.032
5 28 0.181 0.023
5 29 0.198 0.018
5 30 0.109 0.031
5 31 0.141 0.029
5 32 0.146 0.021
5 33 0.182 0.032
5 34 0.165 0.032
5 35 0.197 0.011
5 36 0.17 0.03
5 37 0.15 0.03
5 38 0.18 0.023
5 39 0.152 0.013
5 40 0.133 0.023
5 41 0.166 0.022
5 42 0.175 0.013
5 43 0.114 0.027
5 44 0.167 0.022
5 45 0.131 0.032
5 46 0.194 0.019
5 47 0.135 0.026
5 48 0.161 0.016
5 49 0.155 0.022
6 7 0.198 0.018
6 8 0.101 0.018
6 9 0.144 0.026
6 10 0.12 0.015
6 11 0.146 0.014
6 12 0.179 0.013
6 13 0.131 0.03
6 14 0.103 0.015
6 15 0.106 0.026
6 16 0.139 0.019
6 17 0.156 0.026
6 18 0.105 0.03
6 19 0.164 0.029
6 20 0.133 0.031
6 21 0.114 0.032
6 22 0.111 0.023
6 23 57.155 25.0
6 24 0.127 0.013
6 25 0.127 0.02
6 26 0.182 0.021
6 27 0.148 0.028
6 28 0.147 0.014
6 29 0.105 0.018
6 30 0.127 0.013
6 31 0.132 0.031
6 32 0.185 0.021
6 33 0.158 0.03
6 34 0.117 0.028
6 35 0.11 0.012
6 36 0.165 0.015
6 37 0.132 0.019
6 38 0.161 0.031
6 39 0.163 0.03
6 40 0.175 0.032
6 41 0.15 0.019
6 42 0.156 0.021
6 43 0.158 0.011
6 44 0.169 0.011
6 45 0.126 0.025
6 46 0.2 0.015
6 47 0.111 0.018
6 48 0.197 0.025
6 49 0.109 0.022
7 8 0.18 0.027
7 9 0.167 0.032
7 10 0.106 0.029
7 11 0.125 0.016
7 12 0.117 0.013
7 13 0.119 0.031
7 14 0.122 0.017
7 15 0.117 0.029
7 16 0.132 0.017
7 17 0.159 0.024
7 18 0.173 0.027
7 19 0.107 0.023
7 20 0.101 0.017
7 21 0.169 0.018
7 22 0.141 0.015
7 23 65.505 25.0
7 24 0.138 0.019
7 25 0.102 0.02
7 26 0.2 0.025
7 27 0.16 0.027
7 28 0.154 0.018
7 29 0.13 0.015
7 30 0.19 0.03
7 31 0.124 0.014
7 32 0.128 0.021
7 33 0.137 0.011
7 34 0.105 0.019
7 35 0.178 0.02
7 36 0.17 0.011
7 37 0.174 0.029
7 38 0.108 0.02
7 39 0.159 0.019
7 40 0.102 0.027
7 41 0.102 0.023
7 42 0.156 0.032
7 43 0.129 0.031
7 44 0.112 0.016
7 45 0.16 0.014
7 46 0.141 0.018
7 47 0.177 0.019
7 48 0.143 0.025
7 49 0.107 0.019
8 9 0.193 0.023
8 10 0.15 0.027
8 11 0.173 0.027
8 12 0.103 0.022
8 13 0.121 0.018
8 14 0.166 0.026
8 15 0.113 0.03
8 16 0.129 0.029
8 17 0.165 0.023
8 18 0.141 0.012
8 19 0.185 0.013
8 20 0.177 0.03
8 21 0.146 0.026
8 22 0.102 0.015
8 23 20.683 25.0
8 24 0.189 0.011
8 25 0.108 0.025
8 26 0.184 0.03
8 27 0.132 0.031
8 28 0.104 0.02
8 29 0.128 0.03
8 30 0.116 0.018
8 31 0.116 0.012
8 32 0.129 0.029
8 33 0.119 0.023
8 34 0.138 0.024
8 35 0.147 0.021
8 36 0.146 0.013
8 37 0.128 0.02
8 38 0.178 0.032
8 39 0.18 0.022
8 40 0.137 0.019
8 41 0.12 0.021
8 42 0.117 0.015
8 43 0.169 0.021
8 44 0.186 0.014
8 45 0.104 0.022
8 46 0.197 0.031
8 47 0.2 0.029
8 48 0.129 0.029
8 49 0.101 0.021
9 10 0.123 0.018
9 11 0.176 0.02
9 12 0.142 0.025
9 13 0.179 0.025
9 14 0.133 0.029
9 15 0.176 0.013
9 16 0.11 0.032
9 17 0.163 0.025
9 18 0.134 0.031
9 19 0.2 0.021
9 20 0.124 0.027
9 21 0.11 0.014
9 22 0.183 0.013
9 23 66.751 25.0
9 24 0.17 0.029
9 25 0.121 0.022
9 26 0.12 0.021
9 27 0.181 0.019
9 28 0.157 0.021
9 29 0.103 0.03
9 30 0.117 0.015
9 31 0.137 0.029
9 32 0.143 0.014
9 33 0.136 0.019
9 34 0.102 0.025
9 35 0.116 0.029
9 36 0.157 0.02
9 37 0.112 0.027
9 38 0.124 0.016
9 39 0.194 0.032
9 40 0.168 0.016
9 41 0.136 0.026
9 42 0.114 0.014
9 43 0.158 0.015
9 44 0.167 0.032
9 45 0.192 0.031
9 46 0.119 0.023
9 47 0.2 0.023
9 48 0.195 0.018
9 49 0.18 0.028
10 11 0.142 0.017
10 12 0.181 0.031
10 13 0.18 0.022
10 14 0.143 0.031
10 15 0.147 0.027
10 16 0.196 0.015
10 17 0.179 0.027
10 18 0.119 0.016
10 19 0.142 0.018
10 20 0.128 0.031
10 21 0.111 0.012
10 22 0.193 0.029
10 23 2.889 25.0
10 24 0.125 0.031
10 25 0.111 0.016
10 26 0.106 0.016
10 27 0.156 0.025
10 28 0.181 0.017
10 29 0.134 0.016
10 30 0.197 0.025
10 31 0.166 0.013
10 32 0.176 0.014
10 33 0.15 0.023
10 34 0.187 0.027
10 35 0.121 0.012
10 36 0.177 0.029
10 37 0.181 0.013
10 38 0.145 0.014
10 39 0.173 0.015
10 40 0.155 0.022
10 41 0.185 0.018
10 42 0.138 0.025
10 43 0.115 0.013
10 44 0.168 0.03
10 45 0.102 0.025
10 46 0.188 0.027
10 47 0.194 0.029
10 48 0.143 0.032
10 49 0.191 0.03
11 12 0.103 0.03
11 13 0.173 0.016
11 14 0.151 0.032
11 15 0.153 0.019
11 16 0.137 0.02
11 17 0.187 0.012
11 18 0.153 0.028
11 19 0.103 0.018
11 20 0.134 0.03
11 21 0.143 0.023
11 22 0.2 0.031
11 23 39.226 25.0
11 24 0.196 0.02
11 25 0.125 0.011
11 26 0.102 0.014
11 27 0.198 0.021
11 28 0.133 0.014
11 29 0.144 0.03
11 30 0.121 0.015
11 31 0.115 0.014
11 32 0.183 0.031
11 33 0.191 0.013
11 34 0.135 0.019
11 35 0.127 0.012
11 36 0.141 0.022
11 37 0.198 0.018
11 38 0.146 0.03
11 39 0.181 0.022
11 40 0.191 0.018
11 41 0.144 0.027
11 42 0.156 0.026
11 43 0.145 0.014
11 44 0.166 0.013
11 45 0.138 0.017
11 46 0.157 0.02
11 47 0.175 0.015
11 48 0.133 0.015
11 49 0.172 0.031
12 13 0.17 0.029
12 14 0.118 0.027
12 15 0.137 0.028
12 16 0.162 0.013
12 17 0.155 0.016
12 18 0.135 0.016
12 19 0.14 0.012
12 20 0.107 0.018
12 21 0.115 0.032
12 22 0.145 0.029
12 23 75.366 25.0
12 24 0.186 0.019
12 25 0.181 0.013
12 26 0.154 0.026
12 27 0.156 0.017
12 28 0.121 0.022
12 29 0.132 0.017
12 30 0.134 0.02
12 31 0.148 0.012
12 32 0.186 0.029
12 33 0.115 0.02
12 34 0.193 0.011
12 35 0.158 0.019
12 36 0.129 0.032
12 37 0.149 0.011
12 38 0.176 0.024
12 39 0.168 0.026
12 40 0.184 0.012
12 41 0.17 0.017
12 42 0.17 0.024
12 43 0.11 0.012
12 44 0.16 0.018
12 45 0.166 0.018
12 46 0.103 0.014
12 47 0.168 0.029
12 48 0.156 0.014
12 49 0.149 0.021
13 14 0.125 0.024
13 15 0.178 0.022
13 16 0.17 0.023
13 17 0.128 0.026
13 18 0.2 0.027
13 19 0.141 0.011
13 20 0.154 0.019
13 21 0.177 0.032
13 22 0.121 0.023
13 23 11.584 25.0
13 24 0.159 0.023
13 25 0.174 0.029
13 26 0.135 0.027
13 27 0.173 0.026
13 28 0.122 0.013
13 29 0.178 0.03
13 30 0.132 0.032
13 31 0.136 0.029
13 32 0.167 0.021
13 33 0.111 0.031
13 34 0.19 0.024
13 35 0.11 0.026
13 36 0.198 0.031
13 37 0.184 0.021
13 38 0.161 0.022
13 39 0.197 0.024
13 40 0.159 0.032
13 41 0.14 0.02
13 42 0.126 0.016
13 43 0.142 0.019
13 44 0.151 0.021
13 45 0.162 0.011
13 46 0.172 0.011
13 47 0.197 0.03
13 48 0.12 0.016
13 49 0.15 0.032
14 15 0.198 0.026
14 16 0.124 0.018
14 17 0.118 0.031
14 18 0.151 0.023
14 19 0.198 0.019
14 20 0.113 0.014
14 21 0.164 0.027
14 22 0.161 0.017
14 23 47.033 25.0
14 24 0.191 0.012
14 25 0.158 0.023
14 26 0.147 0.028
14 27 0.135 0.016
14 28 0.128 0.013
14 29 0.115 0.015
14 30 0.116 0.019
14 31 0.199 0.02
14 32 0.185 0.011
14 33 0.13 0.02
14 34 0.187 0.011
14 35 0.195 0.018
14 36 0.196 0.018
14 37 0.105 0.021
14 38 0.146 0.025
14 39 0.138 0.03
14 40 0.189 0.022
14 41 0.121 0.011
14 42 0.126 0.022
14 43 0.182 0.025
14 44 0.104 0.02
14 45 0.198 0.022
14 46 0.19 0.023
14 47 0.174 0.017
14 48 0.152 0.029
14 49 0.111 0.019
15 16 0.156 0.016
15 17 0.106 0.029
15 18 0.179 0.024
15 19 0.139 0.028
15 20 0.131 0.011
15 21 0.143 0.022
15 22 0.173 0.029
15 23 67.915 25.0
15 24 0.141 0.023
15 25 0.169 0.03
15 26 0.115 0.023
15 27 0.145 0.021
15 28 0.144 0.023
15 29 0.109 0.025
15 30 0.2 0.025
15 31 0.146 0.018
15 32 0.157 0.025
15 33 0.143 0.022
15 34 0.153 0.027
15 35 0.125 0.016
15 36 0.148 0.017
15 37 0.126 0.024
15 38 0.132 0.02
15 39 0.187 0.026
15 40 0.187 0.023
15 41 0.105 0.022
15 42 0.17 0.019
15 43 0.139 0.014
15 44 0.175 0.013
15 45 0.139 0.031
15 46 0.192 0.02
15 47 0.155 0.028
15 48 0.105 0.017
15 49 0.154 0.014
16 17 0.144 0.024
16 18 0.121 0.031
16 19 0.101 0.012
16 20 0.147 0.011
16 21 0.174 0.024
16 22 0.152 0.013
16 23 77.548 25.0
16 24 0.14 0.025
16 25 0.19 0.022
16 26 0.139 0.023
16 27 0.165 0.021
16 28 0.127 0.028
16 29 0.146 0.022
16 30 0.137 0.018
16 31 0.166 0.016
16 32 0.112 0.011
16 33 0.146 0.016
16 34 0.127 0.031
16 35 0.161 0.015
16 36 0.12 0.032
16 37 0.112 0.012
16 38 0.101 0.031
16 39 0.181 0.022
16 40 0.196 0.028
16 41 0.119 0.018
16 42 0.146 0.032
16 43 0.138 0.013
16 44 0.193 0.015
16 45 0.149 0.024
16 46 0.139 0.012
16 47 0.153 0.012
16 48 0.176 0.021
16 49 0.187 0.017
17 18 0.123 0.032
17 19 0.12 0.018
17 20 0.162 0.014
17 21 0.112 0.013
17 22 0.157 0.031
17 23 57.775 25.0
17 24 0.128 0.018
17 25 0.116 0.017
17 26 0.176 0.023
17 27 0.115 0.026
17 28 0.178 0.032
17 29 0.196 0.027
17 30 0.13 0.018
17 31 0.185 0.012
17 32 0.151 0.013
17 33 0.123 0.022
17 34 0.19 0.019
17 35 0.163 0.011
17 36 0.135 0.024
17 37 0.171 0.011
17 38 0.151 0.014
17 39 0.117 0.032
17 40 0.101 0.03
17 41 0.105 0.021
17 42 0.121 0.027
17 43 0.108 0.031
17 44 0.149 0.027
17 45 0.156 0.023
17 46 0.2 0.022
17 47 0.133 0.015
17 48 0.199 0.017
17 49 0.194 0.014
18 19 0.121 0.012
18 20 0.149 0.031
18 21 0.157 0.03
18 22 0.189 0.017
18 23 26.786 25.0
18 24 0.147 0.017
18 25 0.148 0.027
18 26 0.188 0.031
18 27 0.199 0.023
18 28 0.173 0.019
18 29 0.138 0.023
18 30 0.159 0.014
18 31 0.123 0.023
18 32 0.175 0.013
18 33 0.2 0.028
18 34 0.174 0.017
18 35 0.124 0.031
18 36 0.15 0.023
18 37 0.168 0.025
18 38 0.149 0.029
18 39 0.18 0.012
18 40 0.115 0.023
18 41 0.155 0.017
18 42 0.199 0.016
18 43 0.128 0.03
18 44 0.127 0.017
18 45 0.14 0.019
18 46 0.188 0.014
18 47 0.167 0.015
18 48 0.184 0.021
18 49 0.12 0.032
19 20 0.123 0.011
19 21 0.144 0.031
19 22 0.137 0.019
19 23 17.661 25.0
19 24 0.154 0.018
19 25 0.15 0.023
19 26 0.147 0.018
19 27 0.133 0.012
19 28 0.162 0.02
19 29 0.181 0.023
19 30 0.153 0.021
19 31 0.153 0.02
19 32 0.163 0.024
19 33 0.176 0.022
19 34 0.154 0.031
19 35 0.151 0.018
19 36 0.118 0.011
19 37 0.111 0.027
19 38 0.151 0.029
19 39 0.129 0.014
19 40 0.152 0.011
19 41 0.113 0.028
19 42 0.188 0.032
19 43 0.178 0.019
19 44 0.154 0.028
19 45 0.134 0.021
19 46 0.127 0.02
19 47 0.142 0.016
19 48 0.136 0.022
19 49 0.172 0.015
20 21 0.192 0.028
20 22 0.181 0.011
20 23 66.88 25.0
20 24 0.141 0.015
20 25 0.189 0.02
20 26 0.2 0.025
20 27 0.105 0.018
20 28 0.139 0.03
20 29 0.161 0.016
20 30 0.164 0.031
20 31 0.126 0.019
20 32 0.186 0.028
20 33 0.174 0.028
20 34 0.163 0.025
20 35 0.187 0.019
20 36 0.196 0.013
20 37 0.137 0.021
20 38 0.169 0.029
20 39 0.184 0.016
20 40 0.192 0.027
20 41 0.192 0.011
20 42 0.162 0.023
20 43 0.187 0.028
20 44 0.133 0.018
20 45 0.108 0.017
20 46 0.11 0.02
20 47 0.197 0.02
20 48 0.142 0.028
20 49 0.114 0.025
21 22 0.112 0.023
21 23 11.57 25.0
21 24 0.184 0.025
21 25 0.188 0.012
21 26 0.171 0.031
21 27 0.139 0.012
21 28 0.179 0.023
21 29 0.176 0.011
21 30 0.137 0.027
21 31 0.109 0.032
21 32 0.142 0.024
21 33 0.176 0.023
21 34 0.106 0.021
21 35 0.144 0.026
21 36 0.2 0.017
21 37 0.162 0.011
21 38 0.144 0.029
21 39 0.166 0.031
21 40 0.195 0.019
21 41 0.115 0.022
21 42 0.197 0.029
21 43 0.193 0.029
21 44 0.106 0.014
21 45 0.109 0.025
21 46 0.117 0.013
21 47 0.184 0.015
21 48 0.13 0.014
21 49 0.183 0.012
22 23 36.587 25.0
22 24 0.167 0.017
22 25 0.122 0.011
22 26 0.138 0.017
22 27 0.159 0.017
22 28 0.187 0.017
22 29 0.147 0.022
22 30 0.187 0.018
22 31 0.19 0.019
22 32 0.175 0.03
22 33 0.198 0.025
22 34 0.165 0.03
22 35 0.103 0.03
22 36 0.158 0.028
22 37 0.114 0.031
22 38 0.125 0.012
22 39 0.13 0.011
22 40 0.109 0.02
22 41 0.13 0.018
22 42 0.143 0.031
22 43 0.137 0.012
22 44 0.128 0.023
22 45 0.124 0.026
22 46 0.135 0.011
22 47 0.162 0.029
22 48 0.11 0.024
22 49 0.113 0.011
23 24 0.156 25.0
23 25 0.16 25.0
23 26 0.173 25.0
23 27 0.107 25.0
23 28 0.159 25.0
23 29 0.154 25.0
23 30 0.199 25.0
23 31 0.135 25.0
23 32 0.182 25.0
23 33 0.195 25.0
23 34 0.19 25.0
23 35 0.165 25.0
23 36 0.105 25.0
23 37 0.124 25.0
23 38 0.135 25.0
23 39 0.136 25.0
23 40 0.184 25.0
23 41 0.156 25.0
23 42 0.135 25.0
23 43 0.169 25.0
23 44 99.0 25.0
23 45 0.133 25.0
23 46 0.196 25.0
23 47 0.151 25.0
23 48 0.114 25.0
23 49 0.107 25.0
24 25 0.148 0.022
24 26 0.177 0.017
24 27 0.17 0.017
24 28 0.148 0.013
24 29 0.113 0.016
24 30 0.193 0.031
24 31 0.17 0.015
24 32 0.114 0.018
24 33 0.121 0.022
24 34 0.167 0.027
24 35 0.103 0.027
24 36 0.169 0.019
24 37 0.137 0.03
24 38 0.18 0.016
24 39 0.189 0.018
24 40 0.156 0.032
24 41 0.13 0.011
24 42 0.187 0.015
24 43 0.115 0.017
24 44 0.116 0.029
24 45 0.177 0.025
24 46 0.146 0.026
24 47 0.133 0.026
24 48 0.138 0.019
24 49 0.165 0.015
25 26 0.151 0.022
25 27 0.134 0.031
25 28 0.158 0.03
25 29 0.123 0.012
25 30 0.131 0.032
25 31 0.189 0.013
25 32 0.122 0.031
25 33 0.162 0.018
25 34 0.197 0.028
25 35 0.14 0.011
25 36 0.168 0.029
25 37 0.13 0.031
25 38 0.175 0.011
25 39 0.179 0.026
25 40 0.159 0.021
25 41 0.18 0.016
25 42 0.156 0.027
25 43 0.178 0.016
25 44 0.158 0.023
25 45 0.138 0.015
25 46 0.162 0.018
25 47 0.128 0.013
25 48 0.131 0.029
25 49 0.17 0.019
26 27 0.103 0.028
26 28 0.178 0.012
26 29 0.151 0.028
26 30 0.174 0.013
26 31 0.187 0.03
26 32 0.181 0.031
26 33 0.107 0.015
26 34 0.185 0.024
26 35 0.147 0.016
26 36 0.181 0.021
26 37 0.167 0.016
26 38 0.124 0.028
26 39 0.16 0.031
26 40 0.187 0.014
26 41 0.126 0.013
26 42 0.129 0.024
26 43 0.142 0.014
26 44 0.163 0.02
26 45 0.136 0.021
26 46 0.135 0.011
26 47 0.118 0.026
26 48 0.138 0.032
26 49 0.156 0.025
27 28 0.143 0.032
27 29 0.148 0.011
27 30 0.194 0.021
27 31 0.124 0.017
27 32 0.187 0.019
27 33 0.156 0.022
27 34 0.188 0.012
27 35 0.169 0.026
27 36 0.148 0.013
27 37 0.144 0.029
27 38 0.113 0.028
27 39 0.127 0.018
27 40 0.144 0.012
27 41 0.114 0.027
27 42 0.175 0.03
27 43 0.11 0.02
27 44 0.188 0.011
27 45 0.13 0.026
27 46 0.166 0.011
27 47 0.185 0.027
27 48 0.122 0.011
27 49 0.142 0.027
28 29 0.187 0.019
28 30 0.18 0.014
28 31 0.143 0.015
28 32 0.12 0.017
28 33 0.18 0.029
28 34 0.196 0.015
28 35 0.169 0.029
28 36 0.143 0.022
28 37 0.149 0.013
28 38 0.144 0.028
28 39 0.13 0.021
28 40 0.137 0.029
28 41 0.137 0.016
28 42 0.193 0.023
28 43 0.175 0.016
28 44 0.113 0.02
28 45 0.181 0.018
28 46 0.178 0.022
28 47 0.165 0.025
28 48 0.115 0.023
28 49 0.171 0.016
29 30 0.116 0.02
29 31 0.107 0.027
29 32 0.187 0.019
29 33 0.195 0.012
29 34 0.123 0.015
29 35 0.103 0.012
29 36 0.105 0.029
29 37 0.101 0.021
29 38 0.173 0.025
29 39 0.144 0.021
29 40 0.175 0.022
29 41 0.187 0.021
29 42 0.102 0.028
29 43 0.107 0.012
29 44 0.189 0.017
29 45 0.124 0.012
29 46 0.104 0.019
29 47 0.176 0.018
29 48 0.104 0.032
29 49 0.158 0.031
30 31 0.123 0.011
30 32 0.182 0.013
30 33 0.15 0.024
30 34 0.113 0.025
30 35 0.16 0.012
30 36 0.174 0.013
30 37 0.123 0.031
30 38 0.111 0.024
30 39 0.139 0.016
30 40 0.169 0.02
30 41 0.191 0.025
30 42 0.16 0.022
30 43 0.108 0.022
30 44 0.177 0.03
30 45 0.148 0.025
30 46 0.199 0.032
30 47 0.123 0.016
30 48 0.184 0.028
30 49 0.139 0.022
31 32 0.126 0.021
31 33 0.146 0.02
31 34 0.108 0.031
31 35 0.196 0.029
31 36 0.185 0.015
31 37 0.189 0.012
31 38 0.162 0.019
31 39 0.134 0.014
31 40 0.168 0.025
31 41 0.125 0.014
31 42 0.163 0.018
31 43 0.121 0.014
31 44 0.151 0.029
31 45 0.129 0.019
31 46 0.157 0.015
31 47 0.15 0.026
31 48 0.124 0.028
31 49 0.102 0.032
32 33 0.109 0.014
32 34 0.104 0.019
32 35 0.151 0.027
32 36 0.153 0.016
32 37 0.14 0.011
32 38 0.113 0.024
32 39 0.195 0.031
32 40 0.158 0.031
32 41 0.129 0.013
32 42 0.182 0.023
32 43 0.135 0.032
32 44 0.185 0.017
32 45 0.148 0.025
32 46 0.151 0.03
32 47 0.163 0.017
32 48 0.146 0.016
32 49 0.108 0.025
33 34 0.121 0.03
33 35 0.113 0.027
33 36 0.154 0.026
33 37 0.163 0.023
33 38 0.104 0.023
33 39 0.181 0.03
33 40 0.123 0.02
33 41 0.113 0.013
33 42 0.119 0.032
33 43 0.141 0.03
33 44 0.139 0.013
33 45 0.103 0.021
33 46 0.148 0.03
33 47 0.135 0.024
33 48 0.136 0.03
33 49 0.102 0.017
34 35 0.197 0.029
34 36 0.162 0.011
34 37 0.191 0.029
34 38 0.167 0.026
34 39 0.107 0.015
34 40 0.103 0.027
34 41 0.127 0.031
34 42 0.142 0.024
34 43 0.101 0.018
34 44 0.174 0.019
34 45 0.155 0.023
34 46 0.11 0.021
34 47 0.177 0.019
34 48 0.181 0.022
34 49 0.151 0.021
35 36 0.106 0.018
35 37 0.193 0.014
35 38 0.153 0.017
35 39 0.164 0.012
35 40 0.103 0.029
35 41 0.192 0.012
35 42 0.125 0.011
35 43 0.101 0.027
35 44 0.176 0.019
35 45 0.134 0.032
35 46 0.119 0.015
35 47 0.107 0.027
35 48 0.143 0.024
35 49 0.184 0.02
36 37 0.116 0.014
36 38 0.142 0.03
36 39 0.194 0.012
36 40 0.193 0.025
36 41 0.134 0.017
36 42 0.15 0.03
36 43 0.118 0.023
36 44 0.138 0.026
36 45 0.153 0.031
36 46 0.182 0.013
36 47 0.148 0.015
36 48 0.153 0.031
36 49 0.139 0.013
37 38 0.152 0.02
37 39 0.142 0.024
37 40 0.17 0.017
37 41 0.164 0.032
37 42 0.141 0.011
37 43 0.148 0.031
37 44 0.148 0.031
37 45 0.104 0.031
37 46 0.141 0.019
37 47 0.137 0.031
37 48 0.136 0.029
37 49 0.16 0.03
38 39 0.108 0.019
38 40 0.14 0.032
38 41 0.165 0.027
38 42 0.171 0.02
38 43 0.159 0.032
38 44 0.127 0.017
38 45 0.15 0.013
38 46 0.192 0.032
38 47 0.163 0.026
38 48 0.146 0.025
38 49 0.103 0.022
39 40 0.109 0.032
39 41 0.165 0.013
39 42 0.123 0.025
39 43 0.129 0.019
39 44 0.141 0.018
39 45 0.105 0.024
39 46 0.115 0.03
39 47 0.152 0.027
39 48 0.152 0.028
39 49 0.138 0.022
40 41 0.19 0.03
40 42 0.126 0.021
40 43 0.193 0.032
40 44 0.13 0.03
40 45 0.182 0.032
40 46 0.162 0.015
40 47 0.101 0.021
40 48 0.154 0.031
40 49 0.135 0.017
41 42 0.107 0.021
41 43 0.135 0.015
41 44 0.138 0.013
41 45 0.2 0.02
41 46 0.196 0.029
41 47 0.137 0.014
41 48 0.149 0.02
41 49 0.179 0.029
42 43 0.172 0.027
42 44 0.131 0.032
42 45 0.136 0.017
42 46 0.161 0.027
42 47 0.101 0.016
42 48 0.158 0.026
42 49 0.121 0.013
43 44 0.196 0.029
43 45 0.178 0.014
43 46 0.158 0.029
43 47 0.176 0.017
43 48 0.157 0.013
43 49 0.112 0.013
44 45 0.144 0.027
44 46 0.111 0.017
44 47 0.135 0.015
44 48 0.154 0.02
44 49 0.144 0.03
45 46 0.127 0.015
45 47 0.165 0.014
45 48 0.148 0.016
45 49 0.123 0.016
46 47 0.128 0.026
46 48 0.139 0.017
46 49 0.155 0.013
47 48 0.12 0.029
47 49 0.151 0.027
48 49 0.186 0.026