50
75
0 1 53 0.967
0 2 54 0.97
0 3 48 0.968
0 4 50 0.969
0 5 53 0.968
0 6 45 0.97
0 7 54 0.969
0 8 54 0.968
0 9 51 0.969
0 10 53 0.968
0 11 48 0.968
0 12 51 0.967
0 13 52 0.967
0 14 54 0.968
0 15 54 0.967
0 16 45 0.97
0 17 54 0.97
0 18 47 0.969
0 19 53 0.969
0 20 50 0.958
0 21 49 0.968
0 22 52 0.967
0 23 50 0.958
0 24 48 0.968
0 25 45 0.97
0 26 53 0.959
0 27 46 0.968
0 28 45 0.967
0 29 53 0.967
0 30 49 0.969
0 31 46 0.968
0 32 50 0.967
0 33 54 0.968
0 34 53 0.97
0 35 45 0.97
0 36 54 0.97
0 37 52 0.968
0 38 53 0.968
0 39 45 0.969
0 40 54 0.968
0 41 53 0.969
0 42 50 0.967
0 43 54 0.968
0 44 54 0.969
0 45 50 0.969
0 46 50 0.967
0 47 50 0.967
0 48 46 0.967
0 49 46 0.969
1 2 51 0.967
1 3 49 0.969
1 4 45 0.967
1 5 50 0.968
1 6 50 0.97
1 7 50 0.97
1 8 52 0.968
1 9 54 0.968
1 10 52 0.967
1 11 53 0.967
1 12 50 0.97
1 13 45 0.97
1 14 47 0.968
1 15 53 0.958
1 16 47 0.97
1 17 48 0.97
1 18 54 0.967
1 19 53 0.969
1 20 53 0.968
1 21 46 0.967
1 22 52 0.967
1 23 47 0.97
1 24 50 0.969
1 25 46 0.969
1 26 53 0.97
1 27 45 0.967
1 28 47 0.969
1 29 50 0.969
1 30 46 0.969
1 31 54 0.969
1 32 52 0.968
1 33 53 0.969
1 34 46 0.969
1 35 49 0.968
1 36 53 0.968
1 37 53 0.969
1 38 53 0.967
1 39 54 0.968
1 40 49 0.97
1 41 53 0.96
1 42 49 0.967
1 43 50 0.971
1 44 46 0.968
1 45 46 0.967
1 46 54 0.969
1 47 47 0.968
1 48 49 0.969
1 49 48 0.969
2 3 50 0.968
2 4 49 0.968
2 5 54 0.968
2 6 51 0.969
2 7 54 0.969
2 8 51 0.967
2 9 51 0.97
2 10 47 0.97
2 11 50 0.967
2 12 48 0.967
2 13 46 0.97
2 14 48 0.968
2 15 46 0.967
2 16 52 0.968
2 17 48 0.97
2 18 49 0.97
2 19 48 0.969
2 20 47 0.968
2 21 45 0.969
2 22 51 0.97
2 23 49 0.97
2 24 54 0.969
2 25 53 0.967
2 26 46 0.968
2 27 45 0.967
2 28 51 0.967
2 29 51 0.968
2 30 50 0.968
2 31 52 0.97
2 32 52 0.967
2 33 52 0.968
2 34 52 0.96
2 35 49 0.967
2 36 48 0.969
2 37 48 0.969
2 38 46 0.969
2 39 47 0.968
2 40 47 0.97
2 41 45 0.968
2 42 49 0.97
2 43 47 0.97
2 44 49 0.959
2 45 50 0.97
2 46 45 0.971
2 47 54 0.969
2 48 49 0.969
2 49 45 0.969
3 4 53 0.968
3 5 48 0.968
3 6 53 0.967
3 7 45 0.97
3 8 53 0.967
3 9 46 0.969
3 10 52 0.967
3 11 45 0.969
3 12 48 0.967
3 13 54 0.967
3 14 49 0.967
3 15 54 0.969
3 16 54 0.97
3 17 53 0.968
3 18 52 0.968
3 19 45 0.97
3 20 50 0.969
3 21 52 0.967
3 22 52 0.967
3 23 46 0.968
3 24 45 0.967
3 25 51 0.97
3 26 46 0.967
3 27 52 0.958
3 28 49 0.968
3 29 51 0.97
3 30 50 0.97
3 31 48 0.967
3 32 51 0.96
3 33 53 0.969
3 34 49 0.968
3 35 45 0.969
3 36 46 0.968
3 37 50 0.969
3 38 51 0.968
3 39 47 0.969
3 40 54 0.969
3 41 52 0.97
3 42 52 0.967
3 43 45 0.959
3 44 50 0.969
3 45 49 0.968
3 46 52 0.969
3 47 45 0.969
3 48 47 0.969
3 49 53 0.968
4 5 49 0.968
4 6 53 0.968
4 7 50 0.969
4 8 45 0.968
4 9 49 0.968
4 10 49 0.969
4 11 48 0.967
4 12 46 0.959
4 13 53 0.968
4 14 54 0.958
4 15 51 0.968
4 16 54 0.967
4 17 52 0.969
4 18 48 0.971
4 19 52 0.968
4 20 53 0.968
4 21 45 0.967
4 22 49 0.969
4 23 46 0.968
4 24 48 0.968
4 25 52 0.967
4 26 50 0.969
4 27 47 0.97
4 28 49 0.967
4 29 54 0.968
4 30 46 0.97
4 31 49 0.97
4 32 51 0.967
4 33 53 0.968
4 34 51 0.969
4 35 54 0.97
4 36 48 0.959
4 37 45 0.968
4 38 48 0.969
4 39 47 0.969
4 40 52 0.967
4 41 47 0.967
4 42 52 0.969
4 43 51 0.968
4 44 51 0.969
4 45 48 0.97
4 46 49 0.97
4 47 53 0.967
4 48 49 0.969
4 49 52 0.968
5 6 49 0.967
5 7 50 0.968
5 8 48 0.97
5 9 54 0.968
5 10 49 0.969
5 11 51 0.967
5 12 52 0.969
5 13 46 0.969
5 14 49 0.969
5 15 54 0.97
5 16 53 0.97
5 17 52 0.97
5 18 52 0.968
5 19 50 0.969
5 20 49 0.968
5 21 54 0.967
5 22 54 0.967
5 23 53 0.967
5 24 50 0.967
5 25 54 0.968
5 26 49 0.97
5 27 52 0.967
5 28 54 0.967
5 29 45 0.97
5 30 47 0.969
5 31 47 0.959
5 32 47 0.967
5 33 51 0.968
5 34 53 0.97
5 35 53 0.969
5 36 53 0.967
5 37 53 0.968
5 38 53 0.969
5 39 48 0.97
5 40 54 0.97
5 41 53 0.969
5 42 53 0.968
5 43 46 0.969
5 44 46 0.968
5 45 52 0.959
5 46 45 0.968
5 47 45 0.967
5 48 54 0.959
5 49 53 0.968
6 7 51 0.968
6 8 54 0.969
6 9 49 0.97
6 10 47 0.97
6 11 50 0.968
6 12 51 0.97
6 13 48 0.97
6 14 53 0.97
6 15 46 0.97
6 16 45 0.967
6 17 45 0.969
6 18 46 0.97
6 19 52 0.97
6 20 52 0.97
6 21 52 0.96
6 22 53 0.968
6 23 49 0.97
6 24 48 0.97
6 25 50 0.969
6 26 47 0.967
6 27 53 0.968
6 28 45 0.967
6 29 53 0.968
6 30 47 0.97
6 31 50 0.968
6 32 51 0.97
6 33 51 0.969
6 34 46 0.967
6 35 48 0.97
6 36 46 0.967
6 37 49 0.967
6 38 53 0.97
6 39 46 0.969
6 40 49 0.969
6 41 47 0.969
6 42 54 0.969
6 43 48 0.967
6 44 49 0.97
6 45 53 0.969
6 46 49 0.96
6 47 51 0.97
6 48 54 0.967
6 49 49 0.959
7 8 53 0.969
7 9 54 0.968
7 10 46 0.968
7 11 53 0.968
7 12 51 0.968
7 13 50 0.968
7 14 49 0.968
7 15 46 0.969
7 16 45 0.96
7 17 45 0.968
7 18 50 0.97
7 19 53 0.97
7 20 48 0.968
7 21 48 0.968
7 22 48 0.969
7 23 48 0.967
7 24 48 0.969
7 25 51 0.958
7 26 46 0.967
7 27 47 0.97
7 28 45 0.967
7 29 50 0.969
7 30 53 0.97
7 31 51 0.969
7 32 48 0.969
7 33 50 0.968
7 34 49 0.967
7 35 48 0.969
7 36 50 0.968
7 37 53 0.97
7 38 46 0.97
7 39 52 0.96
7 40 54 0.969
7 41 53 0.97
7 42 54 0.968
7 43 50 0.969
7 44 53 0.967
7 45 49 0.968
7 46 48 0.967
7 47 45 0.97
7 48 54 0.967
7 49 46 0.967
8 9 52 0.96
8 10 49 0.968
8 11 48 0.97
8 12 49 0.967
8 13 49 0.97
8 14 52 0.967
8 15 48 0.97
8 16 45 0.969
8 17 48 0.969
8 18 50 0.959
8 19 49 0.969
8 20 53 0.967
8 21 53 0.967
8 22 51 0.969
8 23 48 0.97
8 24 47 0.967
8 25 54 0.97
8 26 46 0.967
8 27 50 0.97
8 28 49 0.967
8 29 48 0.97
8 30 53 0.958
8 31 47 0.97
8 32 48 0.968
8 33 52 0.969
8 34 54 0.969
8 35 51 0.97
8 36 52 0.969
8 37 54 0.967
8 38 54 0.97
8 39 51 0.967
8 40 46 0.969
8 41 54 0.97
8 42 47 0.967
8 43 46 0.969
8 44 52 0.97
8 45 51 0.969
8 46 47 0.969
8 47 50 0.97
8 48 54 0.969
8 49 53 0.97
9 10 49 0.97
9 11 45 0.969
9 12 54 0.967
9 13 45 0.967
9 14 47 0.967
9 15 50 0.967
9 16 47 0.97
9 17 52 0.968
9 18 45 0.958
9 19 52 0.967
9 20 47 0.969
9 21 48 0.968
9 22 45 0.97
9 23 45 0.968
9 24 51 0.969
9 25 46 0.969
9 26 52 0.97
9 27 52 0.97
9 28 54 0.97
9 29 49 0.968
9 30 49 0.959
9 31 50 0.968
9 32 51 0.967
9 33 53 0.97
9 34 49 0.967
9 35 48 0.97
9 36 53 0.967
9 37 52 0.969
9 38 49 0.967
9 39 54 0.97
9 40 48 0.97
9 41 53 0.967
9 42 52 0.967
9 43 54 0.969
9 44 50 0.967
9 45 54 0.968
9 46 51 0.969
9 47 49 0.967
9 48 53 0.967
9 49 50 0.97
10 11 45 0.967
10 12 51 0.968
10 13 52 0.969
10 14 53 0.968
10 15 45 0.967
10 16 46 0.967
10 17 53 0.97
10 18 45 0.967
10 19 46 0.97
10 20 51 0.97
10 21 46 0.968
10 22 48 0.967
10 23 48 0.969
10 24 54 0.967
10 25 54 0.969
10 26 51 0.969
10 27 50 0.968
10 28 52 0.97
10 29 54 0.96
10 30 53 0.969
10 31 53 0.97
10 32 54 0.967
10 33 49 0.968
10 34 53 0.969
10 35 51 0.968
10 36 45 0.968
10 37 50 0.959
10 38 52 0.96
10 39 50 0.969
10 40 45 0.97
10 41 45 0.968
10 42 50 0.969
10 43 53 0.967
10 44 46 0.97
10 45 48 0.969
10 46 45 0.968
10 47 54 0.969
10 48 52 0.97
10 49 53 0.968
11 12 49 0.968
11 13 45 0.96
11 14 53 0.968
11 15 53 0.968
11 16 49 0.97
11 17 48 0.97
11 18 48 0.969
11 19 50 0.959
11 20 49 0.97
11 21 51 0.968
11 22 50 0.967
11 23 49 0.967
11 24 52 0.969
11 25 52 0.968
11 26 52 0.967
11 27 45 0.967
11 28 48 0.97
11 29 46 0.967
11 30 49 0.969
11 31 47 0.967
11 32 54 0.969
11 33 54 0.97
11 34 47 0.968
11 35 50 0.959
11 36 46 0.969
11 37 52 0.97
11 38 52 0.968
11 39 49 0.969
11 40 47 0.969
11 41 48 0.969
11 42 52 0.969
11 43 54 0.968
11 44 45 0.967
11 45 47 0.968
11 46 48 0.968
11 47 47 0.969
11 48 50 0.967
11 49 54 0.969
12 13 47 0.97
12 14 54 0.96
12 15 50 0.97
12 16 50 0.97
12 17 45 0.97
12 18 51 0.967
12 19 50 0.97
12 20 51 0.969
12 21 52 0.969
12 22 51 0.968
12 23 47 0.968
12 24 45 0.968
12 25 45 0.968
12 26 48 0.97
12 27 51 0.968
12 28 46 0.968
12 29 54 0.967
12 30 49 0.967
12 31 49 0.967
12 32 47 0.969
12 33 53 0.967
12 34 48 0.968
12 35 52 0.97
12 36 54 0.958
12 37 46 0.97
12 38 53 0.968
12 39 47 0.968
12 40 47 0.967
12 41 53 0.967
12 42 49 0.97
12 43 51 0.968
12 44 46 0.969
12 45 49 0.967
12 46 49 0.97
12 47 47 0.97
12 48 45 0.967
12 49 51 0.969
13 14 49 0.97
13 15 49 0.969
13 16 52 0.967
13 17 49 0.967
13 18 52 0.968
13 19 49 0.958
13 20 52 0.969
13 21 50 0.967
13 22 45 0.968
13 23 45 0.967
13 24 52 0.97
13 25 51 0.968
13 26 53 0.967
13 27 46 0.969
13 28 51 0.967
13 29 46 0.969
13 30 52 0.97
13 31 51 0.97
13 32 48 0.97
13 33 52 0.969
13 34 45 0.967
13 35 49 0.96
13 36 49 0.97
13 37 46 0.967
13 38 48 0.968
13 39 50 0.967
13 40 50 0.968
13 41 54 0.969
13 42 54 0.968
13 43 46 0.967
13 44 51 0.967
13 45 49 0.967
13 46 53 0.967
13 47 54 0.967
13 48 48 0.969
13 49 49 0.969
14 15 52 0.968
14 16 45 0.968
14 17 51 0.967
14 18 51 0.97
14 19 54 0.968
14 20 51 0.968
14 21 49 0.969
14 22 50 0.967
14 23 54 0.967
14 24 47 0.968
14 25 50 0.967
14 26 46 0.97
14 27 51 0.97
14 28 52 0.969
14 29 45 0.97
14 30 46 0.968
14 31 46 0.97
14 32 46 0.97
14 33 47 0.968
14 34 47 0.97
14 35 45 0.968
14 36 53 0.96
14 37 54 0.967
14 38 46 0.97
14 39 51 0.97
14 40 46 0.969
14 41 52 0.967
14 42 48 0.97
14 43 46 0.97
14 44 48 0.968
14 45 54 0.97
14 46 47 0.97
14 47 47 0.967
14 48 51 0.968
14 49 51 0.97
15 16 47 0.968
15 17 54 0.97
15 18 45 0.97
15 19 51 0.967
15 20 52 0.97
15 21 54 0.969
15 22 51 0.968
15 23 50 0.97
15 24 52 0.968
15 25 53 0.969
15 26 53 0.969
15 27 46 0.967
15 28 51 0.97
15 29 45 0.97
15 30 54 0.967
15 31 45 0.97
15 32 54 0.97
15 33 53 0.967
15 34 53 0.969
15 35 50 0.969
15 36 50 0.97
15 37 45 0.968
15 38 48 0.967
15 39 46 0.968
15 40 46 0.968
15 41 51 0.959
15 42 50 0.968
15 43 54 0.967
15 44 45 0.968
15 45 49 0.968
15 46 45 0.969
15 47 48 0.969
15 48 53 0.969
15 49 45 0.968
16 17 51 0.968
16 18 46 0.969
16 19 46 0.967
16 20 50 0.97
16 21 47 0.97
16 22 52 0.967
16 23 50 0.969
16 24 53 0.969
16 25 45 0.96
16 26 46 0.97
16 27 45 0.968
16 28 53 0.967
16 29 54 0.968
16 30 54 0.969
16 31 52 0.968
16 32 53 0.969
16 33 47 0.968
16 34 54 0.968
16 35 50 0.967
16 36 50 0.97
16 37 53 0.969
16 38 49 0.969
16 39 51 0.96
16 40 47 0.97
16 41 47 0.967
16 42 54 0.967
16 43 54 0.967
16 44 47 0.97
16 45 54 0.97
16 46 47 0.97
16 47 49 0.967
16 48 46 0.969
16 49 48 0.969
17 18 45 0.967
17 19 45 0.969
17 20 46 0.97
17 21 47 0.969
17 22 47 0.968
17 23 48 0.967
17 24 45 0.97
17 25 52 0.969
17 26 52 0.967
17 27 53 0.969
17 28 47 0.97
17 29 47 0.969
17 30 45 0.968
17 31 47 0.968
17 32 51 0.967
17 33 47 0.97
17 34 47 0.969
17 35 45 0.968
17 36 45 0.969
17 37 50 0.969
17 38 46 0.969
17 39 48 0.967
17 40 48 0.96
17 41 54 0.967
17 42 53 0.958
17 43 47 0.968
17 44 53 0.968
17 45 50 0.969
17 46 50 0.97
17 47 49 0.959
17 48 53 0.97
17 49 49 0.97
18 19 50 0.969
18 20 45 0.969
18 21 48 0.968
18 22 48 0.967
18 23 52 0.97
18 24 51 0.969
18 25 52 0.969
18 26 52 0.969
18 27 54 0.969
18 28 48 0.97
18 29 48 0.967
18 30 53 0.96
18 31 53 0.97
18 32 47 0.97
18 33 51 0.967
18 34 53 0.967
18 35 53 0.967
18 36 46 0.968
18 37 52 0.97
18 38 49 0.968
18 39 50 0.968
18 40 50 0.969
18 41 45 0.967
18 42 49 0.968
18 43 51 0.97
18 44 46 0.969
18 45 51 0.968
18 46 54 0.969
18 47 54 0.969
18 48 54 0.968
18 49 53 0.969
19 20 45 0.967
19 21 46 0.968
19 22 47 0.969
19 23 49 0.969
19 24 52 0.97
19 25 53 0.967
19 26 48 0.968
19 27 46 0.968
19 28 54 0.97
19 29 52 0.97
19 30 53 0.968
19 31 52 0.97
19 32 48 0.969
19 33 48 0.967
19 34 51 0.968
19 35 52 0.958
19 36 47 0.967
19 37 47 0.969
19 38 49 0.969
19 39 47 0.969
19 40 54 0.969
19 41 53 0.968
19 42 45 0.97
19 43 48 0.968
19 44 52 0.969
19 45 54 0.97
19 46 45 0.969
19 47 50 0.967
19 48 54 0.968
19 49 53 0.967
20 21 51 0.969
20 22 49 0.969
20 23 54 0.959
20 24 54 0.967
20 25 45 0.97
20 26 52 0.96
20 27 49 0.969
20 28 51 0.97
20 29 52 0.968
20 30 54 0.967
20 31 53 0.969
20 32 53 0.968
20 33 51 0.968
20 34 51 0.969
20 35 53 0.967
20 36 53 0.97
20 37 48 0.969
20 38 45 0.97
20 39 53 0.967
20 40 46 0.97
20 41 49 0.97
20 42 46 0.97
20 43 54 0.968
20 44 54 0.967
20 45 48 0.97
20 46 51 0.969
20 47 54 0.968
20 48 54 0.967
20 49 51 0.968
21 22 47 0.967
21 23 48 0.97
21 24 52 0.968
21 25 53 0.97
21 26 54 0.97
21 27 46 0.968
21 28 45 0.967
21 29 54 0.97
21 30 46 0.969
21 31 47 0.968
21 32 50 0.969
21 33 51 0.967
21 34 54 0.967
21 35 45 0.969
21 36 49 0.968
21 37 47 0.969
21 38 52 0.968
21 39 53 0.967
21 40 54 0.969
21 41 51 0.969
21 42 46 0.97
21 43 50 0.967
21 44 52 0.97
21 45 53 0.967
21 46 45 0.958
21 47 52 0.969
21 48 47 0.968
21 49 48 0.959
22 23 54 0.97
22 24 46 0.958
22 25 50 0.967
22 26 50 0.969
22 27 46 0.97
22 28 48 0.958
22 29 47 0.97
22 30 54 0.967
22 31 52 0.967
22 32 49 0.969
22 33 54 0.961
22 34 45 0.969
22 35 49 0.97
22 36 50 0.968
22 37 49 0.969
22 38 52 0.968
22 39 50 0.971
22 40 45 0.967
22 41 52 0.967
22 42 48 0.97
22 43 51 0.968
22 44 46 0.968
22 45 46 0.97
22 46 47 0.968
22 47 46 0.967
22 48 53 0.967
22 49 45 0.968
23 24 50 0.97
23 25 51 0.969
23 26 45 0.96
23 27 54 0.97
23 28 49 0.968
23 29 49 0.968
23 30 47 0.967
23 31 47 0.97
23 32 49 0.969
23 33 49 0.969
23 34 53 0.97
23 35 54 0.968
23 36 47 0.968
23 37 48 0.969
23 38 49 0.969
23 39 47 0.969
23 40 48 0.968
23 41 45 0.968
23 42 53 0.97
23 43 50 0.969
23 44 50 0.97
23 45 48 0.967
23 46 53 0.969
23 47 50 0.967
23 48 46 0.969
23 49 46 0.969
24 25 49 0.967
24 26 52 0.969
24 27 48 0.968
24 28 51 0.958
24 29 54 0.967
24 30 54 0.967
24 31 48 0.967
24 32 50 0.97
24 33 53 0.958
24 34 54 0.97
24 35 47 0.969
24 36 46 0.967
24 37 54 0.969
24 38 54 0.97
24 39 54 0.969
24 40 53 0.97
24 41 53 0.968
24 42 54 0.968
24 43 47 0.969
24 44 45 0.969
24 45 47 0.969
24 46 52 0.969
24 47 51 0.969
24 48 50 0.97
24 49 50 0.969
25 26 53 0.968
25 27 50 0.967
25 28 48 0.97
25 29 50 0.97
25 30 50 0.968
25 31 48 0.968
25 32 52 0.967
25 33 53 0.969
25 34 49 0.97
25 35 54 0.969
25 36 52 0.968
25 37 52 0.97
25 38 53 0.97
25 39 50 0.96
25 40 48 0.969
25 41 53 0.97
25 42 47 0.968
25 43 52 0.97
25 44 50 0.97
25 45 52 0.967
25 46 49 0.97
25 47 47 0.97
25 48 51 0.967
25 49 50 0.97
26 27 49 0.967
26 28 45 0.971
26 29 45 0.969
26 30 52 0.967
26 31 48 0.969
26 32 46 0.968
26 33 50 0.969
26 34 51 0.97
26 35 50 0.968
26 36 53 0.967
26 37 47 0.97
26 38 54 0.968
26 39 52 0.97
26 40 45 0.967
26 41 48 0.97
26 42 47 0.97
26 43 46 0.968
26 44 52 0.969
26 45 52 0.967
26 46 53 0.97
26 47 46 0.967
26 48 53 0.969
26 49 48 0.971
27 28 47 0.969
27 29 53 0.967
27 30 54 0.97
27 31 54 0.969
27 32 53 0.96
27 33 45 0.967
27 34 47 0.969
27 35 54 0.969
27 36 48 0.967
27 37 49 0.969
27 38 52 0.967
27 39 52 0.971
27 40 49 0.967
27 41 51 0.97
27 42 53 0.97
27 43 50 0.959
27 44 47 0.97
27 45 50 0.97
27 46 51 0.968
27 47 46 0.967
27 48 46 0.968
27 49 50 0.967
28 29 49 0.968
28 30 53 0.968
28 31 46 0.969
28 32 53 0.968
28 33 45 0.958
28 34 45 0.969
28 35 47 0.97
28 36 46 0.967
28 37 54 0.97
28 38 47 0.97
28 39 53 0.969
28 40 51 0.968
28 41 50 0.969
28 42 45 0.967
28 43 48 0.967
28 44 47 0.97
28 45 45 0.968
28 46 50 0.967
28 47 49 0.97
28 48 49 0.967
28 49 48 0.97
29 30 51 0.967
29 31 52 0.97
29 32 51 0.97
29 33 54 0.969
29 34 46 0.969
29 35 49 0.968
29 36 52 0.968
29 37 45 0.958
29 38 52 0.959
29 39 49 0.97
29 40 51 0.969
29 41 53 0.968
29 42 46 0.969
29 43 49 0.969
29 44 52 0.971
29 45 54 0.969
29 46 45 0.968
29 47 54 0.967
29 48 51 0.969
29 49 46 0.967
30 31 49 0.969
30 32 52 0.969
30 33 48 0.97
30 34 50 0.967
30 35 50 0.968
30 36 46 0.969
30 37 53 0.967
30 38 54 0.97
30 39 49 0.967
30 40 53 0.967
30 41 51 0.97
30 42 45 0.97
30 43 49 0.97
30 44 48 0.967
30 45 53 0.971
30 46 45 0.969
30 47 53 0.968
30 48 48 0.97
30 49 46 0.968
31 32 47 0.969
31 33 52 0.968
31 34 53 0.97
31 35 47 0.967
31 36 50 0.968
31 37 47 0.969
31 38 47 0.967
31 39 50 0.969
31 40 45 0.969
31 41 45 0.968
31 42 48 0.968
31 43 50 0.969
31 44 46 0.967
31 45 45 0.96
31 46 46 0.968
31 47 53 0.968
31 48 52 0.958
31 49 46 0.969
32 33 54 0.97
32 34 45 0.968
32 35 48 0.967
32 36 49 0.968
32 37 52 0.97
32 38 47 0.967
32 39 53 0.968
32 40 50 0.969
32 41 52 0.968
32 42 48 0.968
32 43 48 0.958
32 44 53 0.969
32 45 47 0.968
32 46 48 0.969
32 47 48 0.968
32 48 46 0.968
32 49 50 0.968
33 34 53 0.969
33 35 45 0.967
33 36 47 0.97
33 37 49 0.969
33 38 50 0.97
33 39 47 0.967
33 40 45 0.97
33 41 53 0.968
33 42 54 0.969
33 43 45 0.967
33 44 54 0.967
33 45 50 0.967
33 46 49 0.967
33 47 45 0.969
33 48 51 0.969
33 49 50 0.97
34 35 46 0.97
34 36 53 0.97
34 37 45 0.97
34 38 47 0.97
34 39 49 0.968
34 40 54 0.968
34 41 45 0.969
34 42 52 0.967
34 43 45 0.97
34 44 52 0.958
34 45 53 0.967
34 46 47 0.968
34 47 48 0.97
34 48 45 0.97
34 49 49 0.967
35 36 48 0.97
35 37 47 0.967
35 38 47 0.97
35 39 45 0.969
35 40 48 0.967
35 41 46 0.969
35 42 52 0.969
35 43 49 0.97
35 44 52 0.97
35 45 51 0.97
35 46 52 0.969
35 47 50 0.969
35 48 48 0.97
35 49 50 0.969
36 37 49 0.97
36 38 47 0.969
36 39 50 0.97
36 40 47 0.969
36 41 52 0.967
36 42 46 0.967
36 43 50 0.97
36 44 53 0.969
36 45 50 0.969
36 46 51 0.967
36 47 45 0.97
36 48 50 0.968
36 49 48 0.967
37 38 49 0.96
37 39 51 0.968
37 40 46 0.97
37 41 45 0.97
37 42 49 0.97
37 43 53 0.969
37 44 51 0.969
37 45 45 0.969
37 46 48 0.968
37 47 46 0.969
37 48 47 0.968
37 49 46 0.967
38 39 50 0.97
38 40 45 0.97
38 41 45 0.97
38 42 51 0.969
38 43 52 0.97
38 44 54 0.968
38 45 51 0.967
38 46 54 0.97
38 47 52 0.967
38 48 52 0.97
38 49 46 0.97
39 40 52 0.97
39 41 51 0.97
39 42 45 0.967
39 43 53 0.967
39 44 47 0.97
39 45 51 0.967
39 46 45 0.97
39 47 47 0.967
39 48 45 0.969
39 49 53 0.97
40 41 54 0.968
40 42 50 0.959
40 43 51 0.969
40 44 48 0.97
40 45 46 0.97
40 46 46 0.97
40 47 51 0.959
40 48 46 0.967
40 49 53 0.967
41 42 47 0.968
41 43 54 0.97
41 44 47 0.967
41 45 54 0.968
41 46 48 0.969
41 47 54 0.968
41 48 46 0.969
41 49 53 0.97
42 43 45 0.969
42 44 53 0.967
42 45 49 0.967
42 46 47 0.97
42 47 48 0.96
42 48 50 0.969
42 49 47 0.968
43 44 50 0.97
43 45 54 0.97
43 46 45 0.968
43 47 51 0.969
43 48 54 0.968
43 49 46 0.968
44 45 54 0.967
44 46 52 0.969
44 47 53 0.968
44 48 45 0.969
44 49 52 0.968
45 46 48 0.967
45 47 48 0.968
45 48 54 0.959
45 49 51 0.97
46 47 46 0.968
46 48 51 0.969
46 49 49 0.959
47 48 54 0.97
47 49 50 0.97
48 49 45 0.969
