50
75
0 1 76.64 0.23
0 2 98.28 0.03
0 3 84.15 0.0
0 4 83.4 0.59
0 5 76.8 6.66
0 6 58.03 7.44
0 7 53.23 5.98
0 8 38.95 7.81
0 9 69.72 7.26
0 10 53.24 6.16
0 11 28.62 6.16
0 12 35.86 8.62
0 13 86.29 3.04
0 14 36.56 9.75
0 15 20.85 5.52
0 16 16.64 3.89
0 17 53.36 3.22
0 18 84.34 1.43
0 19 47.8 9.48
0 20 27.91 3.22
0 21 12.0 9.98
0 22 39.08 7.38
0 23 76.26 9.9
0 24 11.13 2.48
0 25 53.37 3.61
0 26 86.33 0.56
0 27 60.37 8.36
0 28 80.32 4.81
0 29 51.05 9.09
0 30 89.25 7.17
0 31 38.08 4.96
0 32 83.42 2.54
0 33 42.99 6.81
0 34 37.06 8.51
0 35 65.08 3.02
0 36 30.07 4.71
0 37 55.26 2.05
0 38 66.88 9.8
0 39 36.0 10.0
0 40 78.69 1.69
0 41 34.11 5.65
0 42 68.63 2.37
0 43 56.61 6.69
0 44 16.93 8.25
0 45 41.16 6.96
0 46 84.42 3.97
0 47 35.37 4.64
0 48 61.09 4.16
0 49 73.13 7.1
1 2 57.63 0.04
1 3 79.58 0.02
1 4 79.26 0.05
1 5 57.96 5.09
1 6 19.99 3.9
1 7 10.01 6.82
1 8 16.8 8.98
1 9 17.77 7.45
1 10 51.2 1.38
1 11 33.32 3.76
1 12 53.97 3.97
1 13 54.32 4.28
1 14 17.45 9.77
1 15 69.49 1.89
1 16 24.31 6.06
1 17 22.8 7.03
1 18 16.1 5.42
1 19 15.23 8.34
1 20 88.42 8.47
1 21 42.88 2.63
1 22 81.28 8.98
1 23 28.94 7.71
1 24 23.43 4.94
1 25 32.02 7.71
1 26 79.77 7.48
1 27 64.9 9.49
1 28 52.0 6.75
1 29 49.33 1.39
1 30 69.39 3.64
1 31 44.97 1.21
1 32 28.63 3.71
1 33 83.49 0.42
1 34 26.08 3.93
1 35 41.77 2.21
1 36 35.08 9.45
1 37 79.91 8.91
1 38 78.98 9.37
1 39 73.73 5.19
1 40 45.38 9.69
1 41 55.96 4.28
1 42 51.87 9.29
1 43 69.88 8.44
1 44 84.75 9.25
1 45 85.28 2.12
1 46 14.17 1.48
1 47 67.22 7.66
1 48 60.39 1.34
1 49 80.51 1.99
2 3 27.57 0.33
2 4 75.97 0.01
2 5 52.67 0.9
2 6 44.51 9.53
2 7 13.86 2.3
2 8 73.41 5.63
2 9 57.63 1.78
2 10 59.6 3.38
2 11 88.06 1.59
2 12 77.03 4.85
2 13 67.49 0.46
2 14 84.09 7.07
2 15 72.22 0.16
2 16 64.27 0.63
2 17 42.78 8.96
2 18 38.48 5.77
2 19 70.01 0.75
2 20 78.06 1.18
2 21 35.25 7.02
2 22 69.71 0.22
2 23 81.32 4.12
2 24 50.34 2.12
2 25 31.86 0.03
2 26 69.82 1.08
2 27 47.08 2.44
2 28 20.7 3.62
2 29 52.21 5.04
2 30 29.28 9.6
2 31 10.91 4.98
2 32 54.15 3.33
2 33 46.88 9.51
2 34 84.28 7.07
2 35 55.86 5.39
2 36 53.62 9.98
2 37 60.96 2.13
2 38 64.93 7.98
2 39 71.68 1.21
2 40 25.87 0.15
2 41 55.06 4.88
2 42 35.51 9.59
2 43 32.89 2.31
2 44 64.84 0.22
2 45 46.61 0.64
2 46 79.02 6.78
2 47 42.71 7.82
2 48 40.64 6.23
2 49 60.01 7.46
3 4 92.6 0.01
3 5 21.48 0.52
3 6 78.59 4.5
3 7 84.96 3.39
3 8 39.1 3.35
3 9 66.8 6.6
3 10 32.26 6.83
3 11 26.55 7.72
3 12 27.52 3.27
3 13 63.77 1.96
3 14 49.88 6.5
3 15 81.38 0.92
3 16 15.68 8.57
3 17 31.53 8.26
3 18 12.88 6.13
3 19 38.93 0.5
3 20 17.96 6.58
3 21 75.4 2.02
3 22 17.28 6.67
3 23 28.83 9.13
3 24 77.64 7.27
3 25 51.59 7.26
3 26 47.44 4.97
3 27 29.93 7.73
3 28 84.67 4.63
3 29 12.63 9.17
3 30 34.43 7.13
3 31 20.38 7.85
3 32 37.47 3.81
3 33 18.59 7.77
3 34 81.15 4.24
3 35 33.91 0.39
3 36 41.71 3.63
3 37 89.59 0.72
3 38 53.82 9.94
3 39 35.97 2.46
3 40 53.81 7.42
3 41 22.43 4.15
3 42 55.07 1.34
3 43 37.03 6.01
3 44 65.43 2.12
3 45 68.72 0.81
3 46 84.55 4.5
3 47 23.64 5.07
3 48 78.78 6.22
3 49 17.33 2.48
4 5 26.17 8.34
4 6 39.49 4.78
4 7 34.2 5.99
4 8 15.02 7.89
4 9 15.37 0.47
4 10 88.59 8.89
4 11 52.97 8.73
4 12 55.33 0.24
4 13 72.45 7.89
4 14 49.73 1.78
4 15 45.62 7.8
4 16 66.28 3.52
4 17 58.76 6.02
4 18 73.16 5.03
4 19 56.95 0.63
4 20 25.48 5.9
4 21 75.56 1.78
4 22 42.12 8.47
4 23 59.84 7.19
4 24 85.08 2.11
4 25 64.08 5.01
4 26 50.9 1.16
4 27 19.16 0.49
4 28 61.57 8.35
4 29 25.53 9.04
4 30 44.54 9.81
4 31 46.8 2.86
4 32 37.28 6.82
4 33 87.35 1.6
4 34 74.37 3.14
4 35 59.25 4.65
4 36 62.3 4.56
4 37 74.24 3.18
4 38 53.5 0.96
4 39 34.02 7.26
4 40 41.09 2.33
4 41 65.67 6.52
4 42 83.73 8.52
4 43 73.56 9.82
4 44 17.41 4.26
4 45 24.16 3.02
4 46 30.94 3.21
4 47 27.44 5.19
4 48 71.21 8.89
4 49 12.69 0.95
5 6 96.07 0.47
5 7 94.57 0.34
5 8 65.99 0.27
5 9 74.64 0.39
5 10 37.97 4.01
5 11 29.52 4.5
5 12 80.29 4.31
5 13 24.17 7.5
5 14 15.78 4.52
5 15 67.32 4.55
5 16 72.77 0.42
5 17 39.71 8.85
5 18 60.19 9.56
5 19 73.94 3.6
5 20 57.57 1.49
5 21 39.24 6.17
5 22 52.78 5.47
5 23 41.97 8.95
5 24 15.29 9.12
5 25 46.49 3.83
5 26 67.95 0.77
5 27 26.67 2.2
5 28 33.89 2.72
5 29 13.68 0.28
5 30 44.02 3.65
5 31 56.13 2.46
5 32 42.18 9.18
5 33 45.86 1.16
5 34 80.45 3.73
5 35 31.76 9.31
5 36 48.51 9.67
5 37 32.34 3.03
5 38 38.93 8.24
5 39 78.69 1.81
5 40 89.09 3.43
5 41 56.47 5.83
5 42 42.08 0.41
5 43 19.49 8.81
5 44 31.05 4.93
5 45 32.79 4.51
5 46 73.25 2.76
5 47 18.29 6.52
5 48 57.06 2.73
5 49 77.22 8.27
6 7 96.79 0.07
6 8 92.13 0.32
6 9 92.17 0.68
6 10 20.76 2.25
6 11 57.48 6.55
6 12 42.98 8.82
6 13 73.0 2.69
6 14 47.52 9.59
6 15 61.84 1.11
6 16 36.64 7.03
6 17 84.22 5.07
6 18 26.25 2.76
6 19 84.65 5.09
6 20 64.37 2.81
6 21 23.91 1.48
6 22 80.88 9.16
6 23 71.36 4.95
6 24 57.32 1.5
6 25 69.93 5.28
6 26 42.73 8.95
6 27 42.37 5.1
6 28 30.86 1.01
6 29 41.03 3.17
6 30 63.94 3.37
6 31 73.35 1.94
6 32 20.53 9.82
6 33 78.32 7.15
6 34 17.56 2.72
6 35 31.76 5.23
6 36 15.02 6.2
6 37 74.46 5.16
6 38 65.58 4.08
6 39 23.85 0.32
6 40 56.63 6.99
6 41 21.1 6.3
6 42 29.5 9.98
6 43 28.14 3.6
6 44 46.54 4.62
6 45 58.57 9.95
6 46 46.97 8.49
6 47 10.64 7.15
6 48 23.53 5.36
6 49 34.73 2.51
7 8 97.6 0.96
7 9 90.07 0.59
7 10 68.82 3.35
7 11 15.89 1.08
7 12 69.82 8.43
7 13 81.92 2.28
7 14 51.24 9.66
7 15 27.56 2.63
7 16 35.54 3.32
7 17 16.1 6.88
7 18 82.39 8.16
7 19 21.66 9.35
7 20 16.88 1.58
7 21 84.79 3.56
7 22 19.19 5.4
7 23 75.05 5.38
7 24 12.77 6.02
7 25 11.7 6.23
7 26 16.35 1.23
7 27 89.2 4.06
7 28 66.58 5.26
7 29 26.5 2.54
7 30 67.99 3.38
7 31 26.97 7.76
7 32 14.57 1.07
7 33 49.9 3.32
7 34 10.05 7.11
7 35 27.7 7.93
7 36 46.23 7.55
7 37 43.07 9.22
7 38 69.68 4.22
7 39 39.69 9.22
7 40 42.92 8.49
7 41 89.04 3.75
7 42 16.31 0.18
7 43 59.38 0.01
7 44 24.62 1.71
7 45 60.07 9.53
7 46 23.78 8.66
7 47 37.29 8.96
7 48 49.6 1.61
7 49 21.22 9.52
8 9 88.28 0.53
8 10 72.79 0.19
8 11 29.21 1.79
8 12 80.98 0.97
8 13 13.77 1.56
8 14 32.15 4.05
8 15 21.46 9.09
8 16 55.12 6.22
8 17 36.03 7.63
8 18 46.58 4.35
8 19 33.75 6.66
8 20 38.7 3.0
8 21 30.81 2.93
8 22 36.8 8.94
8 23 80.06 8.9
8 24 27.34 3.48
8 25 69.82 6.13
8 26 14.82 6.99
8 27 50.02 8.74
8 28 74.85 6.65
8 29 10.3 0.32
8 30 12.41 2.63
8 31 23.18 9.12
8 32 35.09 2.82
8 33 44.67 9.23
8 34 50.82 1.51
8 35 59.96 8.87
8 36 71.57 3.6
8 37 10.18 0.6
8 38 81.27 1.09
8 39 27.97 8.24
8 40 69.05 8.21
8 41 36.45 1.96
8 42 54.12 6.46
8 43 17.63 0.79
8 44 11.89 3.95
8 45 86.25 4.92
8 46 41.91 4.66
8 47 48.98 2.15
8 48 26.48 6.6
8 49 51.1 0.86
9 10 45.0 5.41
9 11 55.1 6.24
9 12 37.64 5.22
9 13 26.62 8.19
9 14 28.01 0.67
9 15 11.5 8.45
9 16 34.56 1.67
9 17 10.95 4.87
9 18 88.72 5.07
9 19 49.65 5.29
9 20 34.23 5.65
9 21 78.4 4.83
9 22 33.09 3.63
9 23 58.28 3.38
9 24 66.11 1.53
9 25 51.42 8.6
9 26 62.06 4.61
9 27 67.99 7.11
9 28 26.2 4.11
9 29 57.34 0.51
9 30 68.95 1.05
9 31 17.92 4.68
9 32 81.46 7.77
9 33 67.47 5.51
9 34 58.82 6.77
9 35 53.33 5.14
9 36 36.6 3.79
9 37 50.13 1.83
9 38 35.21 0.74
9 39 38.77 5.93
9 40 85.58 5.4
9 41 14.2 2.61
9 42 69.87 4.55
9 43 11.65 6.44
9 44 19.99 8.78
9 45 30.07 3.07
9 46 36.55 9.68
9 47 20.93 4.1
9 48 47.31 7.02
9 49 45.77 8.65
10 11 91.72 0.6
10 12 72.35 0.66
10 13 65.66 0.18
10 14 64.22 0.54
10 15 53.1 7.02
10 16 39.02 5.86
10 17 46.7 2.58
10 18 43.92 5.73
10 19 42.2 0.95
10 20 46.45 1.61
10 21 51.11 0.54
10 22 75.2 0.2
10 23 84.52 9.51
10 24 54.83 6.75
10 25 53.22 5.57
10 26 34.2 4.44
10 27 88.29 7.05
10 28 70.59 5.06
10 29 38.93 0.53
10 30 41.41 1.31
10 31 65.29 2.33
10 32 17.7 8.93
10 33 78.04 9.24
10 34 45.58 1.98
10 35 27.38 4.43
10 36 60.69 0.37
10 37 46.45 6.09
10 38 34.56 1.21
10 39 36.91 5.15
10 40 48.08 2.39
10 41 78.06 9.35
10 42 17.25 8.31
10 43 14.66 0.84
10 44 88.0 3.86
10 45 53.15 7.97
10 46 61.51 4.29
10 47 31.2 8.38
10 48 15.43 9.46
10 49 85.14 8.94
11 12 83.91 0.38
11 13 87.75 0.06
11 14 98.52 0.22
11 15 55.72 4.11
11 16 86.57 8.24
11 17 68.81 1.11
11 18 16.41 2.64
11 19 38.8 9.44
11 20 67.2 6.55
11 21 19.8 4.94
11 22 16.8 5.31
11 23 23.99 5.64
11 24 86.37 6.83
11 25 85.26 4.62
11 26 54.49 6.59
11 27 86.66 9.4
11 28 61.6 5.15
11 29 50.77 3.8
11 30 79.0 0.71
11 31 71.64 0.36
11 32 49.28 2.4
11 33 33.65 6.37
11 34 21.37 5.62
11 35 57.02 9.11
11 36 18.87 6.86
11 37 57.02 3.15
11 38 70.72 2.54
11 39 32.46 4.55
11 40 25.04 0.33
11 41 30.29 2.65
11 42 19.61 6.46
11 43 67.53 1.7
11 44 86.34 4.94
11 45 41.54 1.2
11 46 54.6 1.18
11 47 80.73 2.08
11 48 75.5 4.17
11 49 65.42 6.5
12 13 92.93 0.34
12 14 97.19 0.15
12 15 48.99 5.9
12 16 22.74 7.24
12 17 56.92 4.94
12 18 13.35 7.17
12 19 47.05 4.5
12 20 33.09 8.46
12 21 67.73 1.17
12 22 73.87 7.65
12 23 46.07 9.18
12 24 72.31 6.64
12 25 86.24 4.85
12 26 19.66 0.47
12 27 28.44 6.38
12 28 74.17 6.62
12 29 43.2 7.74
12 30 16.91 2.65
12 31 17.26 8.46
12 32 59.94 9.36
12 33 46.99 7.78
12 34 13.32 9.72
12 35 40.72 0.27
12 36 71.49 2.94
12 37 64.38 0.4
12 38 58.07 8.96
12 39 81.85 5.66
12 40 70.94 3.8
12 41 33.38 3.97
12 42 62.3 2.72
12 43 35.3 7.96
12 44 69.3 7.21
12 45 36.74 6.06
12 46 62.57 5.25
12 47 12.14 6.92
12 48 17.36 7.57
12 49 38.44 5.3
13 14 86.93 0.78
13 15 61.13 8.96
13 16 14.27 4.77
13 17 31.69 8.4
13 18 34.68 2.01
13 19 61.34 5.44
13 20 23.69 2.43
13 21 27.79 7.75
13 22 30.13 6.64
13 23 20.49 8.85
13 24 51.83 5.01
13 25 56.35 2.86
13 26 77.72 6.08
13 27 35.99 1.66
13 28 14.93 9.49
13 29 77.22 8.75
13 30 84.05 6.11
13 31 78.84 8.32
13 32 84.3 1.33
13 33 79.54 6.03
13 34 78.49 1.99
13 35 34.85 6.77
13 36 41.22 8.3
13 37 33.05 8.99
13 38 13.08 4.13
13 39 75.21 3.67
13 40 48.4 5.65
13 41 21.27 6.03
13 42 12.03 3.73
13 43 44.5 8.36
13 44 42.81 2.59
13 45 18.28 6.18
13 46 47.12 3.37
13 47 43.95 6.81
13 48 25.19 1.13
13 49 31.51 3.8
14 15 39.82 3.13
14 16 24.81 2.71
14 17 17.43 0.99
14 18 75.45 7.52
14 19 60.94 3.19
14 20 85.49 6.98
14 21 12.89 9.8
14 22 37.03 1.16
14 23 52.95 5.56
14 24 77.97 9.84
14 25 83.69 3.68
14 26 79.22 3.5
14 27 76.11 7.6
14 28 45.29 0.32
14 29 71.09 6.6
14 30 29.57 0.19
14 31 46.61 9.55
14 32 31.27 9.65
14 33 24.08 1.27
14 34 30.55 3.31
14 35 34.62 3.01
14 36 31.46 8.58
14 37 49.49 8.67
14 38 19.63 1.36
14 39 14.03 6.12
14 40 81.57 5.27
14 41 66.19 3.18
14 42 23.81 7.67
14 43 87.27 2.54
14 44 25.09 2.42
14 45 27.51 2.75
14 46 48.58 7.45
14 47 21.79 0.45
14 48 87.2 4.53
14 49 77.22 7.71
15 16 84.68 0.34
15 17 96.24 0.57
15 18 85.45 0.75
15 19 92.33 0.3
15 20 81.03 9.68
15 21 28.92 3.79
15 22 80.33 1.77
15 23 36.5 6.17
15 24 66.28 1.04
15 25 46.6 1.57
15 26 46.21 3.92
15 27 63.98 0.64
15 28 15.57 4.46
15 29 81.39 2.72
15 30 25.39 4.56
15 31 73.36 0.06
15 32 20.61 0.04
15 33 55.36 7.76
15 34 46.66 1.5
15 35 78.24 9.99
15 36 76.38 4.26
15 37 49.94 9.38
15 38 53.42 6.64
15 39 18.06 8.3
15 40 14.29 7.3
15 41 89.66 5.88
15 42 54.51 6.84
15 43 83.24 1.01
15 44 29.12 9.78
15 45 86.11 0.25
15 46 76.85 9.32
15 47 85.12 5.59
15 48 57.59 0.76
15 49 38.69 7.29
16 17 95.78 0.56
16 18 88.4 0.66
16 19 93.26 0.83
16 20 74.11 9.75
16 21 41.74 1.73
16 22 86.37 1.86
16 23 49.55 5.87
16 24 45.41 4.32
16 25 18.95 8.97
16 26 31.51 5.7
16 27 61.07 7.52
16 28 28.85 7.04
16 29 16.51 4.24
16 30 32.87 1.29
16 31 86.67 5.52
16 32 20.24 3.81
16 33 75.47 8.95
16 34 39.14 1.62
16 35 67.93 7.29
16 36 39.48 5.3
16 37 67.45 5.21
16 38 55.92 0.58
16 39 31.24 3.12
16 40 51.81 8.58
16 41 64.57 4.28
16 42 29.92 3.1
16 43 77.53 8.48
16 44 42.0 3.88
16 45 80.47 9.84
16 46 50.77 4.7
16 47 23.41 8.08
16 48 28.51 9.33
16 49 82.11 0.97
17 18 72.11 0.61
17 19 79.31 0.77
17 20 28.46 10.0
17 21 68.12 9.13
17 22 24.69 0.46
17 23 28.79 8.49
17 24 70.69 8.23
17 25 16.78 1.27
17 26 58.74 3.51
17 27 38.84 9.38
17 28 48.54 0.54
17 29 43.31 1.06
17 30 47.24 0.79
17 31 88.29 8.67
17 32 35.8 8.45
17 33 74.61 1.23
17 34 53.83 6.12
17 35 44.67 9.94
17 36 21.14 2.77
17 37 35.94 8.67
17 38 16.15 4.57
17 39 62.61 9.56
17 40 50.33 2.4
17 41 51.7 9.57
17 42 39.48 1.01
17 43 70.37 4.15
17 44 40.6 0.77
17 45 42.38 3.26
17 46 66.31 5.63
17 47 63.68 4.21
17 48 81.06 0.11
17 49 14.72 2.86
18 19 80.49 0.12
18 20 54.73 7.58
18 21 89.63 1.91
18 22 59.05 6.44
18 23 79.69 3.07
18 24 19.36 3.17
18 25 34.2 0.66
18 26 79.4 3.73
18 27 60.0 6.85
18 28 46.89 6.6
18 29 51.02 9.35
18 30 85.81 2.7
18 31 31.18 9.62
18 32 52.35 2.22
18 33 60.23 8.65
18 34 19.05 1.95
18 35 55.03 4.16
18 36 37.91 7.14
18 37 70.14 5.41
18 38 57.89 8.17
18 39 80.68 9.93
18 40 27.42 8.9
18 41 76.44 7.77
18 42 34.16 8.62
18 43 65.61 6.99
18 44 62.61 1.95
18 45 16.51 0.43
18 46 55.23 3.03
18 47 21.07 2.11
18 48 43.18 8.61
18 49 24.38 1.2
19 20 18.05 6.01
19 21 17.53 8.97
19 22 54.57 3.56
19 23 32.22 1.91
19 24 38.62 3.71
19 25 72.2 3.85
19 26 89.58 4.32
19 27 33.59 4.94
19 28 79.76 0.78
19 29 75.14 5.66
19 30 68.48 3.46
19 31 22.07 3.09
19 32 89.63 5.25
19 33 36.6 1.07
19 34 25.25 5.53
19 35 39.62 2.39
19 36 15.49 4.33
19 37 52.3 0.37
19 38 39.22 6.3
19 39 27.55 6.41
19 40 38.68 2.03
19 41 89.91 2.66
19 42 72.28 5.35
19 43 27.47 3.84
19 44 46.21 2.18
19 45 24.02 8.52
19 46 16.63 6.18
19 47 60.89 7.4
19 48 34.25 9.65
19 49 48.79 0.22
20 21 81.23 0.74
20 22 96.08 0.86
20 23 85.76 0.25
20 24 97.09 0.69
20 25 26.43 3.4
20 26 71.19 6.88
20 27 74.49 2.77
20 28 70.01 3.34
20 29 39.95 6.2
20 30 41.87 2.99
20 31 80.38 6.5
20 32 67.79 2.29
20 33 57.68 9.41
20 34 43.18 6.71
20 35 74.86 8.05
20 36 49.28 0.13
20 37 79.12 6.88
20 38 14.7 5.69
20 39 61.79 1.32
20 40 40.06 9.67
20 41 89.82 3.27
20 42 41.97 8.63
20 43 48.28 4.87
20 44 14.6 0.95
20 45 80.51 3.62
20 46 64.96 3.8
20 47 50.65 1.35
20 48 53.56 6.64
20 49 42.97 3.09
21 22 33.98 0.74
21 23 61.52 0.42
21 24 18.92 0.42
21 25 62.49 0.39
21 26 37.35 2.57
21 27 71.26 5.93
21 28 30.88 1.05
21 29 29.38 5.38
21 30 11.51 9.63
21 31 61.89 0.57
21 32 88.56 2.2
21 33 44.64 5.84
21 34 30.1 3.61
21 35 81.28 1.53
21 36 60.03 7.01
21 37 68.19 2.89
21 38 63.2 9.59
21 39 77.69 6.38
21 40 53.89 5.49
21 41 58.9 2.3
21 42 18.7 7.14
21 43 69.4 7.88
21 44 40.13 9.58
21 45 61.04 7.44
21 46 89.2 0.02
21 47 83.36 7.02
21 48 17.63 0.03
21 49 55.54 2.37
22 23 82.78 0.49
22 24 63.24 0.17
22 25 65.63 0.99
22 26 29.66 1.19
22 27 71.69 5.51
22 28 27.01 5.66
22 29 13.05 4.6
22 30 10.3 3.49
22 31 69.07 6.67
22 32 77.1 5.9
22 33 65.76 7.6
22 34 16.58 6.03
22 35 78.67 2.83
22 36 60.99 1.61
22 37 72.42 8.92
22 38 13.17 7.65
22 39 81.76 0.34
22 40 50.64 4.69
22 41 64.02 5.68
22 42 32.15 2.53
22 43 24.21 3.67
22 44 33.26 3.89
22 45 62.69 0.03
22 46 72.65 7.31
22 47 50.48 5.56
22 48 71.09 1.16
22 49 36.19 6.5
23 24 86.54 0.88
23 25 68.38 0.55
23 26 68.13 6.21
23 27 74.92 9.9
23 28 47.66 9.08
23 29 42.57 8.66
23 30 16.5 6.38
23 31 73.71 5.81
23 32 76.22 0.8
23 33 57.43 7.09
23 34 71.59 3.87
23 35 52.35 8.4
23 36 22.26 3.35
23 37 59.52 7.41
23 38 22.24 0.72
23 39 25.97 8.4
23 40 29.22 7.03
23 41 70.09 5.76
23 42 79.5 4.53
23 43 13.0 8.47
23 44 31.79 3.09
23 45 18.72 7.4
23 46 57.38 5.96
23 47 88.36 6.08
23 48 14.76 2.57
23 49 44.16 0.64
24 25 42.42 0.57
24 26 35.01 7.41
24 27 88.95 6.55
24 28 17.0 5.1
24 29 46.93 4.36
24 30 34.79 3.17
24 31 83.25 7.97
24 32 12.34 2.89
24 33 73.69 1.79
24 34 70.64 8.44
24 35 13.56 6.45
24 36 55.05 0.04
24 37 88.94 8.41
24 38 76.25 9.78
24 39 54.06 6.52
24 40 68.42 0.11
24 41 37.28 7.14
24 42 19.69 1.93
24 43 19.48 9.58
24 44 84.04 3.58
24 45 16.8 2.53
24 46 28.32 1.1
24 47 72.78 3.33
24 48 32.75 7.41
24 49 56.28 4.52
25 26 76.7 0.91
25 27 42.85 0.26
25 28 80.52 0.44
25 29 85.15 0.93
25 30 54.06 0.61
25 31 81.15 0.7
25 32 68.84 8.6
25 33 28.22 1.11
25 34 63.46 7.43
25 35 24.17 6.55
25 36 73.55 2.69
25 37 74.88 8.3
25 38 62.08 5.8
25 39 50.21 5.65
25 40 16.08 5.31
25 41 30.04 8.61
25 42 14.67 1.64
25 43 54.99 5.82
25 44 77.15 0.06
25 45 11.21 4.46
25 46 54.72 7.43
25 47 24.77 7.92
25 48 66.62 3.28
25 49 13.29 0.1
26 27 74.23 0.09
26 28 43.33 0.07
26 29 37.85 0.72
26 30 57.31 5.44
26 31 81.15 5.44
26 32 52.29 1.8
26 33 76.94 8.87
26 34 29.29 3.72
26 35 30.99 4.08
26 36 42.94 4.7
26 37 32.13 9.48
26 38 62.96 4.95
26 39 50.92 6.27
26 40 74.24 2.55
26 41 16.8 9.42
26 42 20.39 2.08
26 43 25.44 5.63
26 44 57.17 6.45
26 45 78.12 7.55
26 46 36.31 6.37
26 47 20.47 0.98
26 48 69.89 4.44
26 49 46.71 9.2
27 28 35.76 0.76
27 29 33.43 0.26
27 30 74.27 0.45
27 31 35.56 2.18
27 32 89.15 4.57
27 33 41.2 1.1
27 34 26.36 3.2
27 35 87.25 8.23
27 36 82.18 1.53
27 37 85.19 2.28
27 38 62.51 7.33
27 39 48.9 8.02
27 40 33.62 3.04
27 41 17.69 3.77
27 42 86.48 8.66
27 43 78.33 5.35
27 44 18.79 6.69
27 45 64.63 4.62
27 46 39.98 9.24
27 47 44.61 2.36
27 48 72.07 5.98
27 49 81.28 9.07
28 29 44.89 0.3
28 30 73.78 2.24
28 31 31.13 9.82
28 32 76.65 5.51
28 33 16.93 0.24
28 34 72.57 1.62
28 35 16.29 0.2
28 36 65.67 8.87
28 37 49.13 9.78
28 38 14.09 8.84
28 39 18.93 6.39
28 40 85.78 1.6
28 41 73.97 2.89
28 42 23.7 7.79
28 43 15.28 8.02
28 44 74.48 1.28
28 45 80.75 2.98
28 46 55.93 5.91
28 47 61.62 4.8
28 48 75.17 5.4
28 49 48.12 0.47
29 30 57.58 9.49
29 31 87.98 0.57
29 32 38.36 6.2
29 33 73.33 1.43
29 34 20.42 3.58
29 35 70.25 4.67
29 36 86.89 7.01
29 37 13.76 4.04
29 38 18.57 7.15
29 39 20.58 9.5
29 40 82.55 9.37
29 41 77.93 2.7
29 42 44.57 0.9
29 43 31.27 0.74
29 44 33.14 4.2
29 45 12.62 3.56
29 46 59.1 5.47
29 47 33.2 3.73
29 48 72.11 5.14
29 49 56.73 0.59
30 31 90.83 0.34
30 32 71.86 0.34
30 33 93.49 0.03
30 34 78.12 0.94
30 35 69.17 5.6
30 36 17.68 5.42
30 37 46.45 6.32
30 38 69.75 2.81
30 39 69.56 6.37
30 40 17.6 9.53
30 41 70.59 4.58
30 42 33.32 8.51
30 43 15.64 1.47
30 44 18.94 8.41
30 45 48.06 8.41
30 46 75.63 7.93
30 47 59.44 9.1
30 48 71.43 5.84
30 49 21.28 8.35
31 32 93.82 0.7
31 33 78.83 0.02
31 34 85.29 0.03
31 35 27.31 0.87
31 36 84.18 8.17
31 37 73.47 8.31
31 38 44.52 4.69
31 39 43.97 6.3
31 40 37.45 9.73
31 41 37.9 1.56
31 42 53.25 2.05
31 43 64.53 5.49
31 44 33.86 1.87
31 45 23.2 8.97
31 46 47.1 2.71
31 47 32.46 4.15
31 48 19.02 4.14
31 49 32.73 0.68
32 33 46.25 0.82
32 34 79.7 0.66
32 35 44.81 0.52
32 36 76.96 3.73
32 37 65.88 8.69
32 38 71.7 0.32
32 39 26.52 7.68
32 40 43.84 1.95
32 41 11.44 2.4
32 42 81.52 1.97
32 43 30.84 3.85
32 44 85.16 4.21
32 45 15.34 4.29
32 46 77.95 3.58
32 47 72.34 0.08
32 48 87.03 9.77
32 49 74.76 4.67
33 34 74.83 0.44
33 35 21.41 0.51
33 36 52.63 0.76
33 37 73.91 8.84
33 38 64.93 4.47
33 39 50.41 7.76
33 40 36.34 6.28
33 41 13.43 4.48
33 42 45.1 6.84
33 43 69.25 5.04
33 44 42.58 9.3
33 45 15.78 6.86
33 46 59.75 6.91
33 47 33.92 6.81
33 48 58.38 8.77
33 49 37.95 5.46
34 35 81.43 7.94
34 36 64.6 0.1
34 37 23.08 5.22
34 38 61.69 1.4
34 39 39.63 7.69
34 40 66.22 8.09
34 41 45.66 2.48
34 42 21.76 6.78
34 43 72.45 0.26
34 44 69.72 1.06
34 45 31.48 9.39
34 46 42.46 0.89
34 47 46.08 4.67
34 48 54.35 5.42
34 49 82.92 3.42
35 36 90.4 0.03
35 37 56.82 0.91
35 38 77.4 0.16
35 39 84.9 0.63
35 40 40.61 4.08
35 41 74.9 9.34
35 42 43.92 8.21
35 43 71.74 3.92
35 44 48.45 3.64
35 45 50.25 4.96
35 46 20.27 0.11
35 47 70.31 6.45
35 48 22.77 9.25
35 49 33.48 7.41
36 37 83.34 0.67
36 38 88.11 0.69
36 39 50.86 0.51
36 40 48.57 2.57
36 41 78.23 8.59
36 42 82.36 3.32
36 43 57.09 2.26
36 44 43.16 7.17
36 45 65.52 3.84
36 46 33.95 1.61
36 47 61.23 9.68
36 48 78.1 1.6
36 49 24.3 8.23
37 38 72.37 0.18
37 39 82.48 0.92
37 40 37.64 2.25
37 41 43.57 9.79
37 42 88.55 9.22
37 43 28.93 8.84
37 44 11.05 2.83
37 45 73.36 6.62
37 46 83.99 3.37
37 47 31.19 7.31
37 48 19.92 7.35
37 49 15.13 2.16
38 39 82.14 0.78
38 40 55.05 0.19
38 41 14.01 2.67
38 42 12.55 6.2
38 43 23.46 7.55
38 44 65.01 3.9
38 45 18.77 6.41
38 46 57.86 8.65
38 47 79.11 9.58
38 48 19.05 6.18
38 49 61.37 6.36
39 40 14.5 0.07
39 41 71.94 3.85
39 42 25.61 2.0
39 43 18.65 3.82
39 44 84.19 9.37
39 45 33.5 4.22
39 46 79.76 7.8
39 47 58.92 5.98
39 48 57.78 8.15
39 49 20.61 4.55
40 41 97.14 0.76
40 42 98.22 0.84
40 43 70.47 0.15
40 44 65.27 0.08
40 45 26.99 0.4
40 46 85.63 5.57
40 47 73.58 2.45
40 48 15.5 5.95
40 49 42.95 9.12
41 42 20.15 0.05
41 43 36.52 0.79
41 44 88.67 0.5
41 45 87.77 0.74
41 46 90.53 0.11
41 47 27.39 4.14
41 48 22.55 4.66
41 49 43.88 0.01
42 43 68.54 0.91
42 44 43.95 0.32
42 45 77.69 0.77
42 46 56.27 7.29
42 47 44.03 7.65
42 48 39.58 2.87
42 49 49.35 4.98
43 44 70.86 0.68
43 45 33.64 0.17
43 46 67.57 0.59
43 47 69.63 0.15
43 48 71.97 0.71
43 49 82.69 0.66
44 45 57.17 0.96
44 46 29.0 0.39
44 47 55.89 0.97
44 48 36.14 0.68
44 49 74.19 6.32
45 46 86.33 0.1
45 47 77.46 0.7
45 48 57.33 0.44
45 49 30.59 0.81
46 47 65.4 0.96
46 48 42.6 0.78
46 49 33.01 0.25
47 48 70.81 0.78
47 49 57.35 0.19
48 49 26.01 0.12
