50 
99
0 1 59.896 0.370
0 2 60.465 0.953
0 3 82.549 3.911
0 4 79.245 1.571
0 5 68.362 3.231
0 6 88.228 2.632
0 7 52.509 3.378
0 8 28.890 2.897
0 9 41.346 2.942
0 10 22.502 0.233
0 11 16.555 1.033
0 12 94.914 0.389
0 13 72.607 3.591
0 14 17.816 2.492
0 15 2.548 3.091
0 16 80.267 0.045
0 17 21.578 1.020
0 18 33.319 3.868
0 19 79.195 2.828
0 20 47.295 3.663
0 21 17.646 0.848
0 22 57.631 1.993
0 23 25.442 2.064
0 24 73.250 0.054
0 25 93.193 3.298
0 26 31.026 1.410
0 27 67.937 0.936
0 28 54.531 3.927
0 29 11.799 3.366
0 30 61.901 2.709
0 31 95.826 3.286
0 32 68.485 2.717
0 33 96.260 0.973
0 34 32.570 3.215
0 35 23.546 3.516
0 36 36.987 2.290
0 37 78.213 3.269
0 38 96.061 1.510
0 39 53.753 3.712
0 40 82.644 3.203
0 41 52.662 1.355
0 42 32.317 0.581
0 43 19.630 1.694
0 44 26.456 1.245
0 45 90.736 0.570
0 46 20.157 0.646
0 47 39.525 2.051
0 48 64.343 0.095
0 49 36.001 2.232
1 2 28.439 0.353
1 3 26.381 1.091
1 4 96.475 0.084
1 5 15.786 0.013
1 6 32.189 1.135
1 7 40.608 1.300
1 8 78.391 0.019
1 9 35.485 1.983
1 10 41.321 0.051
1 11 33.966 0.833
1 12 69.547 3.427
1 13 91.878 0.834
1 14 59.496 3.627
1 15 17.647 1.916
1 16 0.573 2.283
1 17 66.451 0.829
1 18 37.490 2.121
1 19 22.307 0.726
1 20 68.426 3.356
1 21 4.885 2.117
1 22 74.867 0.187
1 23 25.973 1.989
1 24 92.307 1.199
1 25 3.077 1.507
1 26 17.482 1.578
1 27 24.113 2.293
1 28 87.886 0.093
1 29 68.022 1.791
1 30 9.706 1.622
1 31 74.989 2.736
1 32 40.863 0.932
1 33 14.928 1.692
1 34 22.502 0.712
1 35 31.039 3.378
1 36 78.921 3.846
1 37 53.308 0.399
1 38 80.710 2.991
1 39 98.810 1.563
1 40 89.328 2.988
1 41 63.240 0.413
1 42 79.533 2.348
1 43 81.038 3.426
1 44 53.107 0.070
1 45 89.518 2.364
1 46 14.567 1.209
1 47 21.442 3.605
1 48 38.689 0.439
1 49 53.841 3.907
2 3 75.096 0.247
2 4 35.543 3.491
2 5 16.965 2.576
2 6 40.552 3.262
2 7 83.012 0.820
2 8 25.327 3.802
2 9 72.458 0.266
2 10 6.128 0.791
2 11 69.729 3.343
2 12 53.630 3.690
2 13 92.174 2.554
2 14 14.610 2.802
2 15 92.103 1.204
2 16 16.601 2.047
2 17 50.763 1.763
2 18 5.491 0.887
2 19 54.269 1.258
2 20 11.125 2.560
2 21 83.206 3.638
2 22 61.567 1.346
2 23 31.968 3.370
2 24 59.116 1.410
2 25 84.265 2.061
2 26 3.720 2.059
2 27 71.890 0.265
2 28 23.914 1.150
2 29 49.488 1.600
2 30 42.709 3.531
2 31 17.588 0.157
2 32 65.494 2.160
2 33 89.962 2.603
2 34 10.374 1.459
2 35 79.901 3.191
2 36 10.358 1.663
2 37 14.174 3.327
2 38 77.888 0.452
2 39 98.118 3.043
2 40 38.816 0.685
2 41 59.809 3.485
2 42 90.240 0.530
2 43 5.188 3.072
2 44 96.235 0.034
2 45 94.531 2.653
2 46 35.949 3.910
2 47 55.674 1.906
2 48 99.537 2.487
2 49 66.620 1.845
3 4 68.433 1.025
3 5 6.984 0.642
3 6 42.278 1.493
3 7 20.814 1.636
3 8 3.051 2.352
3 9 44.505 3.821
3 10 77.675 1.900
3 11 51.755 2.900
3 12 99.778 1.811
3 13 48.713 3.993
3 14 20.154 0.506
3 15 20.907 2.143
3 16 94.281 0.750
3 17 89.175 1.960
3 18 24.894 2.260
3 19 94.111 3.814
3 20 76.354 2.391
3 21 90.299 1.441
3 22 25.081 0.446
3 23 68.108 0.244
3 24 79.510 2.451
3 25 9.294 1.984
3 26 2.662 3.577
3 27 83.479 2.532
3 28 93.984 1.101
3 29 40.102 3.936
3 30 9.700 1.163
3 31 60.648 3.556
3 32 53.652 2.741
3 33 82.159 2.684
3 34 23.939 0.958
3 35 10.117 2.301
3 36 97.844 2.008
3 37 83.538 1.573
3 38 55.474 1.631
3 39 75.278 3.932
3 40 35.035 2.626
3 41 51.954 0.336
3 42 49.665 1.699
3 43 79.415 2.190
3 44 76.046 0.536
3 45 23.526 2.630
3 46 57.498 3.020
3 47 41.800 2.423
3 48 93.794 1.381
3 49 90.968 3.576
4 5 61.612 1.525
4 6 65.570 0.100
4 7 45.736 1.233
4 8 37.138 2.596
4 9 34.930 2.219
4 10 66.952 1.329
4 11 3.729 0.799
4 12 61.838 1.755
4 13 78.388 0.062
4 14 33.002 1.051
4 15 62.953 3.672
4 16 45.254 0.122
4 17 67.604 3.845
4 18 88.029 0.164
4 19 76.502 1.340
4 20 2.699 3.459
4 21 45.096 2.393
4 22 7.235 2.151
4 23 53.365 1.088
4 24 15.077 1.209
4 25 10.889 1.795
4 26 32.400 0.034
4 27 32.395 0.761
4 28 17.378 0.295
4 29 78.768 1.181
4 30 14.651 1.481
4 31 35.764 1.128
4 32 77.058 1.176
4 33 83.365 1.489
4 34 5.792 1.272
4 35 28.846 1.645
4 36 21.503 1.073
4 37 94.902 3.312
4 38 21.089 0.898
4 39 23.920 2.741
4 40 58.782 1.397
4 41 91.420 0.121
4 42 75.009 2.367
4 43 27.678 0.772
4 44 92.035 0.571
4 45 37.560 2.478
4 46 1.601 3.885
4 47 49.889 0.132
4 48 81.473 1.116
4 49 20.091 1.106
5 6 30.024 2.720
5 7 86.091 1.538
5 8 70.836 3.205
5 9 49.891 1.311
5 10 14.099 2.560
5 11 84.653 3.381
5 12 36.733 3.640
5 13 78.844 1.771
5 14 92.746 3.576
5 15 1.632 3.355
5 16 88.437 0.247
5 17 78.240 1.427
5 18 25.592 1.511
5 19 28.433 2.947
5 20 50.682 2.557
5 21 77.607 1.653
5 22 31.848 0.088
5 23 6.828 1.653
5 24 7.342 3.481
5 25 94.585 0.122
5 26 93.635 3.066
5 27 34.343 3.697
5 28 10.524 0.784
5 29 15.554 0.864
5 30 60.576 3.023
5 31 65.026 0.524
5 32 52.640 2.767
5 33 60.363 3.683
5 34 14.655 1.682
5 35 31.093 0.244
5 36 8.060 3.549
5 37 34.188 0.993
5 38 26.410 1.779
5 39 10.985 1.341
5 40 57.258 3.155
5 41 23.559 1.150
5 42 17.080 0.325
5 43 20.017 0.314
5 44 45.014 1.867
5 45 52.145 0.732
5 46 87.721 3.948
5 47 2.599 1.690
5 48 47.917 2.164
5 49 87.033 3.367
6 7 83.149 1.124
6 8 17.814 0.588
6 9 85.972 3.912
6 10 45.219 2.403
6 11 22.304 3.578
6 12 88.014 3.887
6 13 19.911 3.814
6 14 80.145 1.292
6 15 35.696 0.305
6 16 86.627 0.659
6 17 16.101 3.098
6 18 42.047 1.795
6 19 15.252 0.874
6 20 59.174 1.375
6 21 1.567 1.979
6 22 60.903 3.480
6 23 17.078 1.433
6 24 31.227 2.692
6 25 69.720 0.964
6 26 78.532 1.430
6 27 51.021 3.408
6 28 95.841 1.371
6 29 10.956 0.080
6 30 68.692 2.240
6 31 78.994 2.840
6 32 83.446 2.437
6 33 60.244 3.605
6 34 91.882 2.386
6 35 41.010 3.591
6 36 49.899 3.133
6 37 79.784 0.379
6 38 82.794 1.272
6 39 37.484 1.450
6 40 7.218 2.531
6 41 25.969 2.627
6 42 31.126 3.997
6 43 95.884 2.056
6 44 72.577 2.640
6 45 82.938 1.477
6 46 86.297 0.208
6 47 33.212 3.990
6 48 31.509 1.897
6 49 55.162 1.026
7 8 36.566 2.258
7 9 9.357 0.972
7 10 72.134 1.699
7 11 97.362 2.712
7 12 38.765 1.237
7 13 11.530 1.388
7 14 32.136 3.911
7 15 16.301 3.701
7 16 77.296 0.832
7 17 16.988 0.318
7 18 4.538 0.638
7 19 59.258 3.929
7 20 48.355 1.787
7 21 74.582 0.067
7 22 25.723 3.239
7 23 72.633 1.510
7 24 16.246 0.205
7 25 61.499 1.843
7 26 44.807 2.957
7 27 35.349 2.550
7 28 11.014 2.698
7 29 7.305 1.688
7 30 37.279 0.816
7 31 37.215 2.804
7 32 97.149 1.899
7 33 95.020 0.803
7 34 30.206 2.790
7 35 47.567 2.115
7 36 97.894 1.944
7 37 55.851 0.142
7 38 11.893 0.546
7 39 60.593 2.280
7 40 48.395 1.037
7 41 81.151 3.973
7 42 0.296 2.993
7 43 10.665 1.211
7 44 41.359 1.627
7 45 2.690 3.393
7 46 16.112 1.783
7 47 33.579 0.251
7 48 87.043 2.844
7 49 83.072 1.094
8 9 33.544 0.803
8 10 16.918 1.746
8 11 71.610 3.057
8 12 63.950 2.051
8 13 85.300 2.630
8 14 17.349 0.612
8 15 35.600 1.010
8 16 38.666 1.935
8 17 2.948 2.250
8 18 60.887 0.493
8 19 52.776 0.498
8 20 69.427 1.391
8 21 89.053 3.753
8 22 65.637 1.590
8 23 8.034 1.198
8 24 73.421 3.640
8 25 20.493 1.444
8 26 37.224 1.724
8 27 77.621 3.004
8 28 13.996 3.997
8 29 82.268 1.936
8 30 63.322 2.394
8 31 80.880 2.968
8 32 5.387 0.134
8 33 41.361 3.572
8 34 21.106 0.375
8 35 45.666 3.275
8 36 37.674 2.319
8 37 34.710 0.553
8 38 1.736 1.798
8 39 55.731 0.561
8 40 31.405 0.424
8 41 62.730 0.622
8 42 44.755 1.669
8 43 44.429 0.193
8 44 11.119 1.842
8 45 93.573 2.111
8 46 11.266 0.203
8 47 56.481 0.772
8 48 37.087 0.939
8 49 66.687 3.217
9 10 18.134 2.262
9 11 17.768 0.324
9 12 67.062 2.845
9 13 59.019 0.631
9 14 2.938 3.049
9 15 19.238 0.827
9 16 15.296 1.092
9 17 41.998 2.623
9 18 51.083 1.967
9 19 44.048 3.650
9 20 37.861 0.416
9 21 68.662 1.599
9 22 52.406 2.358
9 23 78.379 2.546
9 24 17.279 1.775
9 25 27.466 3.025
9 26 16.994 2.037
9 27 41.312 1.123
9 28 44.645 2.176
9 29 12.340 0.665
9 30 35.458 3.069
9 31 44.360 2.004
9 32 5.094 1.699
9 33 95.536 1.095
9 34 33.539 3.343
9 35 92.556 2.761
9 36 98.487 2.489
9 37 1.921 3.227
9 38 60.623 3.680
9 39 52.759 1.403
9 40 33.309 0.404
9 41 41.674 1.033
9 42 48.335 2.601
9 43 76.245 1.977
9 44 32.355 3.163
9 45 95.075 2.244
9 46 47.151 2.080
9 47 43.517 0.107
9 48 7.219 0.738
9 49 3.582 3.457
10 11 24.035 0.711
10 12 96.529 0.296
10 13 79.831 3.154
10 14 72.940 0.876
10 15 33.501 3.600
10 16 14.690 3.661
10 17 80.252 1.470
10 18 52.463 0.386
10 19 46.253 2.461
10 20 16.793 1.367
10 21 67.400 1.911
10 22 20.535 1.995
10 23 66.822 2.543
10 24 43.127 1.769
10 25 52.849 1.652
10 26 14.542 0.123
10 27 96.079 1.400
10 28 85.345 2.756
10 29 35.740 2.748
10 30 99.509 0.996
10 31 81.024 1.171
10 32 39.915 3.529
10 33 23.881 1.446
10 34 10.779 3.442
10 35 51.710 1.537
10 36 19.345 2.328
10 37 47.733 2.659
10 38 28.056 2.438
10 39 98.049 3.350
10 40 73.811 2.228
10 41 72.530 1.798
10 42 2.852 1.295
10 43 39.520 0.434
10 44 76.641 0.194
10 45 18.878 0.986
10 46 17.509 0.651
10 47 61.882 0.896
10 48 15.368 2.442
10 49 25.181 0.946
11 12 31.042 0.062
11 13 0.821 0.468
11 14 34.486 0.946
11 15 0.796 1.750
11 16 27.836 3.950
11 17 18.895 1.818
11 18 42.640 1.275
11 19 25.990 3.292
11 20 70.378 2.245
11 21 71.783 0.292
11 22 54.465 2.703
11 23 26.768 0.875
11 24 50.232 1.319
11 25 75.246 3.645
11 26 4.060 3.968
11 27 73.721 3.183
11 28 60.091 3.127
11 29 9.367 0.595
11 30 32.929 2.349
11 31 55.932 3.066
11 32 42.653 1.546
11 33 28.772 2.679
11 34 65.144 2.736
11 35 45.375 0.316
11 36 11.448 3.000
11 37 91.820 0.723
11 38 41.345 0.016
11 39 65.761 3.061
11 40 65.731 3.686
11 41 53.097 3.102
11 42 92.522 3.393
11 43 52.531 3.729
11 44 12.089 0.805
11 45 24.988 3.655
11 46 59.387 0.859
11 47 79.520 3.888
11 48 86.246 1.343
11 49 29.858 3.395
12 13 90.524 1.628
12 14 3.690 3.145
12 15 37.546 2.389
12 16 20.525 0.237
12 17 62.118 2.123
12 18 22.329 2.110
12 19 15.149 0.966
12 20 61.218 3.855
12 21 44.415 2.139
12 22 74.080 1.413
12 23 21.252 2.210
12 24 1.833 0.745
12 25 37.160 3.137
12 26 92.751 0.123
12 27 75.476 3.278
12 28 28.486 3.688
12 29 71.112 0.347
12 30 50.478 3.817
12 31 45.133 3.360
12 32 58.404 0.873
12 33 48.301 3.399
12 34 88.104 1.946
12 35 24.729 2.546
12 36 24.224 0.174
12 37 77.039 3.634
12 38 76.713 3.874
12 39 98.861 1.677
12 40 22.867 2.710
12 41 13.931 3.625
12 42 49.321 0.293
12 43 89.295 1.103
12 44 66.303 2.571
12 45 12.338 3.832
12 46 70.742 2.615
12 47 81.672 2.439
12 48 89.267 1.363
12 49 92.501 2.239
13 14 63.584 0.543
13 15 70.512 3.619
13 16 9.720 0.244
13 17 62.608 1.425
13 18 31.004 2.258
13 19 70.674 3.490
13 20 47.587 3.188
13 21 78.049 0.591
13 22 67.079 2.146
13 23 84.459 1.252
13 24 66.777 2.973
13 25 47.064 1.293
13 26 71.245 1.189
13 27 92.627 3.583
13 28 89.746 1.929
13 29 50.213 1.994
13 30 82.169 2.518
13 31 1.204 1.600
13 32 20.628 3.059
13 33 78.557 2.979
13 34 78.886 2.789
13 35 58.679 0.845
13 36 24.312 1.781
13 37 87.119 1.566
13 38 53.068 3.613
13 39 34.199 3.155
13 40 68.684 1.792
13 41 16.842 2.057
13 42 84.489 0.453
13 43 7.508 2.632
13 44 0.441 1.569
13 45 93.550 0.266
13 46 4.452 1.648
13 47 32.385 0.277
13 48 54.954 1.406
13 49 18.539 1.652
14 15 95.788 2.996
14 16 65.858 3.710
14 17 47.360 0.311
14 18 13.698 2.875
14 19 29.651 0.397
14 20 68.266 2.649
14 21 47.062 0.021
14 22 73.662 3.532
14 23 21.642 3.273
14 24 13.669 0.791
14 25 54.624 0.878
14 26 15.760 3.936
14 27 54.280 3.996
14 28 65.801 3.562
14 29 1.568 3.965
14 30 81.101 1.096
14 31 62.463 0.782
14 32 49.894 2.328
14 33 92.998 1.434
14 34 44.879 3.419
14 35 43.687 0.762
14 36 50.808 2.284
14 37 17.612 1.054
14 38 75.173 2.045
14 39 48.787 0.145
14 40 5.456 0.743
14 41 56.628 0.713
14 42 93.579 3.019
14 43 37.529 3.602
14 44 18.441 3.430
14 45 44.721 1.015
14 46 96.248 0.460
14 47 61.126 2.688
14 48 70.429 2.347
14 49 15.227 3.844
15 16 11.997 2.439
15 17 67.459 1.219
15 18 28.249 0.250
15 19 77.068 0.839
15 20 82.288 2.377
15 21 46.063 1.634
15 22 78.064 0.649
15 23 16.000 0.937
15 24 38.167 0.622
15 25 87.018 0.861
15 26 52.900 0.963
15 27 50.876 1.736
15 28 56.022 3.040
15 29 11.150 0.814
15 30 52.580 3.843
15 31 30.007 2.990
15 32 12.905 3.943
15 33 25.118 2.436
15 34 84.805 0.064
15 35 63.506 3.981
15 36 92.800 2.206
15 37 20.971 3.679
15 38 24.446 1.397
15 39 25.823 3.728
15 40 26.605 2.441
15 41 84.930 0.992
15 42 47.201 0.445
15 43 47.487 2.329
15 44 70.133 3.342
15 45 18.144 3.936
15 46 99.662 0.165
15 47 38.994 0.277
15 48 41.000 3.895
15 49 51.272 1.352
16 17 75.791 0.217
16 18 34.758 1.325
16 19 69.271 3.894
16 20 38.229 3.446
16 21 11.940 1.953
16 22 43.841 1.963
16 23 90.065 0.230
16 24 27.859 0.998
16 25 24.540 2.867
16 26 10.360 1.691
16 27 36.916 2.842
16 28 18.872 3.586
16 29 40.417 3.964
16 30 8.456 2.814
16 31 73.910 2.747
16 32 44.527 0.356
16 33 32.933 1.184
16 34 10.601 2.000
16 35 45.337 1.867
16 36 24.725 2.813
16 37 70.957 2.939
16 38 70.709 1.273
16 39 76.528 3.311
16 40 87.066 1.967
16 41 52.290 0.082
16 42 20.503 1.721
16 43 73.610 0.186
16 44 55.579 2.200
16 45 25.464 0.852
16 46 31.386 0.613
16 47 21.896 0.647
16 48 66.432 0.985
16 49 10.107 2.534
17 18 44.177 2.470
17 19 89.464 0.480
17 20 50.225 0.172
17 21 10.610 1.126
17 22 87.283 0.224
17 23 22.880 2.440
17 24 63.289 2.184
17 25 98.397 1.983
17 26 45.542 3.573
17 27 52.025 0.029
17 28 5.339 1.438
17 29 68.929 3.681
17 30 58.533 0.735
17 31 81.464 3.250
17 32 2.867 2.707
17 33 7.417 0.196
17 34 22.174 1.180
17 35 72.601 1.834
17 36 20.135 1.882
17 37 32.148 3.093
17 38 34.376 1.451
17 39 99.351 3.607
17 40 40.526 2.398
17 41 74.020 2.635
17 42 5.832 2.479
17 43 75.544 3.419
17 44 63.121 3.237
17 45 29.842 0.409
17 46 15.835 0.928
17 47 65.123 2.949
17 48 54.999 1.111
17 49 37.401 1.242
18 19 49.159 2.145
18 20 90.196 2.723
18 21 68.748 2.999
18 22 1.319 1.474
18 23 41.179 3.597
18 24 14.330 3.212
18 25 33.478 2.142
18 26 86.807 0.331
18 27 3.507 1.005
18 28 94.691 2.351
18 29 90.855 1.590
18 30 39.723 2.413
18 31 68.627 1.651
18 32 71.352 2.703
18 33 70.180 3.524
18 34 44.391 3.665
18 35 48.422 2.461
18 36 47.731 0.980
18 37 3.384 3.940
18 38 40.796 0.956
18 39 50.775 2.836
18 40 74.901 1.702
18 41 77.309 3.724
18 42 64.614 2.048
18 43 38.564 2.643
18 44 75.604 2.331
18 45 94.767 2.424
18 46 99.270 2.406
18 47 66.699 3.520
18 48 66.314 2.575
18 49 8.976 0.934
19 20 48.943 1.240
19 21 26.965 3.215
19 22 72.503 2.048
19 23 58.504 0.807
19 24 3.686 3.141
19 25 45.685 0.489
19 26 60.320 0.668
19 27 54.459 2.445
19 28 66.231 1.710
19 29 60.933 2.743
19 30 51.068 1.360
19 31 14.591 0.082
19 32 88.733 3.953
19 33 73.796 0.351
19 34 95.753 1.210
19 35 20.713 1.452
19 36 12.109 1.687
19 37 46.310 0.440
19 38 37.768 3.290
19 39 0.459 2.257
19 40 74.218 3.438
19 41 71.468 0.064
19 42 79.612 3.821
19 43 33.820 3.021
19 44 55.937 1.282
19 45 75.064 2.158
19 46 92.222 1.874
19 47 28.719 1.767
19 48 67.922 1.241
19 49 20.998 0.099
20 21 54.688 1.635
20 22 51.773 3.755
20 23 59.146 1.489
20 24 65.566 0.039
20 25 68.878 0.207
20 26 85.422 3.938
20 27 46.042 1.156
20 28 82.932 0.374
20 29 65.644 0.561
20 30 46.243 1.303
20 31 12.925 1.976
20 32 29.959 2.313
20 33 74.357 2.515
20 34 34.979 2.369
20 35 96.433 1.598
20 36 58.376 3.347
20 37 3.573 1.869
20 38 52.795 1.597
20 39 82.840 0.927
20 40 54.867 0.382
20 41 13.370 1.283
20 42 87.751 3.180
20 43 52.270 1.708
20 44 25.980 0.719
20 45 48.121 3.142
20 46 76.570 1.029
20 47 65.454 2.305
20 48 71.217 0.420
20 49 83.172 1.059
21 22 97.994 0.567
21 23 81.687 3.703
21 24 19.790 3.437
21 25 19.546 3.044
21 26 64.536 1.089
21 27 10.424 1.481
21 28 46.108 1.056
21 29 17.694 3.483
21 30 52.249 0.170
21 31 61.677 3.062
21 32 37.963 1.378
21 33 17.961 1.186
21 34 1.797 2.749
21 35 81.672 0.273
21 36 96.655 0.605
21 37 28.071 0.704
21 38 1.067 2.333
21 39 16.476 0.947
21 40 52.144 2.054
21 41 67.588 0.470
21 42 26.312 3.598
21 43 41.106 1.779
21 44 90.383 0.895
21 45 5.027 0.450
21 46 52.278 0.285
21 47 51.700 3.285
21 48 17.863 3.510
21 49 13.588 1.598
22 23 24.576 2.325
22 24 97.990 0.332
22 25 2.585 0.217
22 26 52.715 1.535
22 27 83.795 2.155
22 28 88.957 2.771
22 29 22.700 0.747
22 30 77.548 2.576
22 31 29.133 0.092
22 32 73.245 0.093
22 33 64.476 2.567
22 34 11.525 1.112
22 35 21.866 2.340
22 36 33.051 3.664
22 37 89.464 3.628
22 38 54.765 3.894
22 39 3.720 0.145
22 40 50.899 2.965
22 41 1.163 1.642
22 42 33.876 0.433
22 43 22.255 1.758
22 44 41.723 2.376
22 45 2.683 1.290
22 46 96.952 0.635
22 47 54.699 1.313
22 48 89.632 0.343
22 49 61.539 1.005
23 24 48.755 3.768
23 25 33.295 0.021
23 26 70.051 2.052
23 27 44.841 2.548
23 28 69.547 1.660
23 29 51.119 0.393
23 30 53.091 3.571
23 31 29.706 1.561
23 32 9.705 3.002
23 33 72.038 1.744
23 34 27.711 3.034
23 35 4.031 0.449
23 36 88.727 3.444
23 37 12.294 2.120
23 38 73.821 3.035
23 39 1.753 0.282
23 40 97.578 0.904
23 41 8.986 2.443
23 42 38.584 2.098
23 43 87.005 2.010
23 44 69.006 2.395
23 45 19.781 3.729
23 46 53.038 2.054
23 47 24.848 2.167
23 48 70.726 1.585
23 49 83.621 0.946
24 25 60.603 3.845
24 26 36.225 3.964
24 27 30.957 2.366
24 28 72.795 1.846
24 29 71.526 2.218
24 30 61.884 3.054
24 31 21.916 3.089
24 32 97.890 2.848
24 33 56.359 2.429
24 34 43.945 3.571
24 35 60.143 0.540
24 36 19.506 1.057
24 37 30.835 1.201
24 38 74.989 2.652
24 39 84.438 2.080
24 40 11.808 0.430
24 41 98.034 2.375
24 42 79.825 0.226
24 43 90.522 1.642
24 44 58.447 3.260
24 45 1.235 0.323
24 46 35.236 3.303
24 47 84.249 1.212
24 48 77.282 1.215
24 49 61.700 3.229
25 26 67.614 3.213
25 27 2.440 2.981
25 28 72.407 0.462
25 29 8.319 0.219
25 30 68.375 2.121
25 31 1.138 1.067
25 32 63.926 3.242
25 33 54.153 0.906
25 34 17.444 1.140
25 35 44.650 3.794
25 36 48.360 3.287
25 37 42.907 2.462
25 38 65.376 0.047
25 39 7.943 1.929
25 40 24.766 1.492
25 41 53.579 0.686
25 42 57.307 1.999
25 43 95.060 2.870
25 44 40.945 2.121
25 45 95.987 1.654
25 46 70.305 2.564
25 47 53.615 2.184
25 48 53.215 1.109
25 49 36.359 0.776
26 27 64.904 1.679
26 28 61.239 1.393
26 29 10.720 1.649
26 30 76.901 3.913
26 31 34.639 0.364
26 32 49.772 0.478
26 33 66.744 3.427
26 34 47.152 0.265
26 35 6.791 1.575
26 36 95.729 0.033
26 37 87.185 3.774
26 38 40.951 2.553
26 39 99.047 1.938
26 40 83.139 2.586
26 41 90.857 3.602
26 42 82.142 0.549
26 43 69.357 2.673
26 44 4.871 2.409
26 45 22.318 3.475
26 46 41.881 1.097
26 47 58.056 2.916
26 48 84.775 0.081
26 49 33.589 1.320
27 28 22.691 2.144
27 29 73.443 0.324
27 30 64.138 0.431
27 31 21.296 3.472
27 32 64.857 2.430
27 33 97.191 0.544
27 34 62.845 2.175
27 35 45.364 0.597
27 36 70.399 0.785
27 37 41.020 1.886
27 38 96.348 2.275
27 39 86.917 0.951
27 40 54.377 3.988
27 41 68.119 2.913
27 42 73.618 1.292
27 43 73.753 1.828
27 44 45.849 0.743
27 45 34.992 0.634
27 46 16.154 3.374
27 47 32.707 2.524
27 48 16.736 3.436
27 49 78.532 1.161
28 29 86.573 2.057
28 30 61.382 0.928
28 31 7.446 2.147
28 32 25.785 0.277
28 33 51.537 2.218
28 34 52.478 3.210
28 35 38.903 3.961
28 36 5.674 2.649
28 37 28.770 3.084
28 38 69.692 0.455
28 39 66.459 1.032
28 40 12.976 2.993
28 41 66.600 1.294
28 42 3.440 1.911
28 43 3.803 1.979
28 44 22.614 1.619
28 45 22.401 2.417
28 46 84.442 2.581
28 47 91.241 1.383
28 48 10.835 0.370
28 49 42.248 2.541
29 30 54.128 1.071
29 31 93.673 1.174
29 32 75.352 3.928
29 33 95.623 0.697
29 34 8.033 0.462
29 35 68.836 3.542
29 36 66.366 1.575
29 37 71.914 0.481
29 38 85.693 3.668
29 39 37.401 1.463
29 40 95.460 2.350
29 41 11.851 2.074
29 42 4.114 3.037
29 43 16.905 1.924
29 44 46.930 0.804
29 45 41.594 1.539
29 46 86.989 0.567
29 47 7.246 2.540
29 48 82.522 2.534
29 49 61.765 1.491
30 31 41.866 0.011
30 32 20.273 2.877
30 33 85.312 3.213
30 34 45.961 0.976
30 35 91.423 0.353
30 36 58.379 1.751
30 37 57.675 0.029
30 38 36.163 3.416
30 39 44.221 3.437
30 40 16.496 3.849
30 41 16.808 1.124
30 42 49.168 2.361
30 43 65.657 1.104
30 44 70.932 1.533
30 45 39.930 3.231
30 46 49.200 1.795
30 47 60.992 3.718
30 48 85.672 2.662
30 49 93.317 1.579
31 32 72.098 3.803
31 33 17.274 0.819
31 34 76.275 2.548
31 35 72.699 2.433
31 36 81.701 2.669
31 37 84.659 3.489
31 38 1.137 3.648
31 39 46.249 0.560
31 40 47.715 1.480
31 41 9.867 1.644
31 42 30.474 1.832
31 43 57.592 1.075
31 44 4.955 1.333
31 45 60.044 2.136
31 46 62.558 1.769
31 47 56.862 1.490
31 48 74.995 1.964
31 49 40.281 2.900
32 33 15.386 1.615
32 34 43.694 2.088
32 35 14.183 1.493
32 36 72.632 2.547
32 37 59.956 2.755
32 38 2.641 0.348
32 39 30.638 3.325
32 40 78.926 2.762
32 41 84.435 2.864
32 42 70.756 1.646
32 43 36.724 3.813
32 44 45.814 2.683
32 45 14.073 3.222
32 46 42.037 3.981
32 47 50.998 3.078
32 48 98.143 3.958
32 49 58.148 0.922
33 34 82.234 0.370
33 35 74.292 0.688
33 36 17.048 2.214
33 37 1.135 0.741
33 38 15.935 1.791
33 39 61.603 1.062
33 40 30.903 1.718
33 41 42.589 3.653
33 42 1.255 3.477
33 43 63.106 0.769
33 44 40.813 3.699
33 45 91.196 1.843
33 46 23.145 1.645
33 47 4.665 0.957
33 48 68.223 1.282
33 49 55.147 3.217
34 35 36.999 1.917
34 36 13.036 3.655
34 37 42.265 2.781
34 38 70.416 3.707
34 39 14.841 1.180
34 40 59.867 0.459
34 41 54.705 1.385
34 42 1.163 0.826
34 43 98.527 0.330
34 44 27.363 0.505
34 45 34.968 1.057
34 46 33.367 2.549
34 47 41.279 2.645
34 48 85.163 0.318
34 49 32.875 0.214
35 36 4.146 3.167
35 37 0.400 1.371
35 38 83.093 0.282
35 39 59.864 3.898
35 40 96.219 1.554
35 41 61.965 3.517
35 42 49.628 3.396
35 43 40.299 2.309
35 44 94.220 2.713
35 45 7.684 2.729
35 46 63.707 1.663
35 47 42.761 1.588
35 48 4.090 1.368
35 49 23.595 3.138
36 37 51.486 2.760
36 38 67.961 3.764
36 39 47.135 3.262
36 40 88.921 3.713
36 41 21.670 2.251
36 42 76.125 1.441
36 43 53.663 2.116
36 44 43.431 0.757
36 45 63.435 2.405
36 46 35.676 1.145
36 47 82.714 3.341
36 48 48.749 2.408
36 49 17.690 1.496
37 38 18.209 3.777
37 39 90.672 0.589
37 40 75.489 3.025
37 41 74.158 0.015
37 42 25.559 3.615
37 43 71.430 0.947
37 44 21.390 0.407
37 45 7.124 1.480
37 46 6.878 0.805
37 47 8.014 0.929
37 48 40.777 3.641
37 49 21.549 2.325
38 39 6.145 3.529
38 40 39.155 0.650
38 41 13.253 1.477
38 42 53.046 0.335
38 43 77.927 0.090
38 44 97.902 3.232
38 45 19.469 1.424
38 46 65.602 0.860
38 47 47.250 2.293
38 48 67.657 1.747
38 49 91.309 1.342
39 40 8.008 2.459
39 41 86.061 3.009
39 42 53.854 0.252
39 43 77.489 0.030
39 44 67.248 1.994
39 45 65.514 1.997
39 46 60.522 1.785
39 47 71.616 1.226
39 48 56.160 3.893
39 49 7.578 3.325
40 41 83.695 2.124
40 42 72.605 1.009
40 43 51.569 3.011
40 44 5.140 1.832
40 45 10.637 0.247
40 46 88.387 0.831
40 47 75.338 1.520
40 48 13.898 2.952
40 49 15.970 3.923
41 42 93.297 1.289
41 43 40.448 0.104
41 44 58.549 1.236
41 45 10.124 3.657
41 46 68.897 3.369
41 47 77.583 1.930
41 48 41.561 1.369
41 49 39.806 2.902
42 43 12.146 2.455
42 44 49.267 0.854
42 45 43.318 2.876
42 46 57.482 0.331
42 47 73.214 1.146
42 48 63.891 0.374
42 49 58.580 3.228
43 44 25.910 2.017
43 45 4.892 2.117
43 46 62.083 2.293
43 47 94.116 2.024
43 48 49.811 3.446
43 49 51.730 0.701
44 45 43.453 2.560
44 46 61.905 2.730
44 47 56.510 1.212
44 48 52.797 2.140
44 49 32.975 0.712
45 46 99.462 3.115
45 47 97.145 3.882
45 48 33.747 3.352
45 49 54.813 2.796
46 47 3.748 0.609
46 48 88.857 1.655
46 49 41.948 0.022
47 48 71.166 3.854
47 49 40.362 2.295
48 49 26.345 1.037
