50
93
0 1 9 0.676
0 2 9 0.682
0 3 9 0.684
0 4 10 0.685
0 5 15 0.682
0 6 2 1.93
0 7 5 0.917
0 8 4 9.108
0 9 5 0.787
0 10 4 6.084
0 11 3 5.952
0 12 6 1.449
0 13 4 9.176
0 14 7 4.246
0 15 5 1.684
0 16 3 6.085
0 17 3 2.765
0 18 2 5.271
0 19 6 5.58
0 20 6 3.81
0 21 4 2.346
0 22 3 6.208
0 23 8 3.904
0 24 3 8.334
0 25 8 1.707
0 26 2 5.278
0 27 3 6.976
0 28 2 1.92
0 29 5 7.46
0 30 2 7.693
0 31 1 9.309
0 32 5 8.305
0 33 5 0.58
0 34 4 9.561
0 35 4 7.086
0 36 8 6.826
0 37 2 0.132
0 38 6 0.77
0 39 3 9.511
0 40 7 6.419
0 41 1 5.98
0 42 3 8.234
0 43 8 6.874
0 44 7 5.857
0 45 7 4.896
0 46 7 4.913
0 47 5 4.592
0 48 5 8.621
0 49 4 6.194
1 2 4 0.662
1 3 4 0.680
1 4 4 0.703
1 5 8 0.686
1 6 2 9.241
1 7 2 5.35
1 8 1 7.03
1 9 7 8.416
1 10 5 4.364
1 11 5 5.017
1 12 1 1.843
1 13 4 8.504
1 14 1 2.411
1 15 4 6.249
1 16 7 9.025
1 17 4 8.258
1 18 1 8.648
1 19 8 4.73
1 20 4 0.343
1 21 7 6.245
1 22 5 2.441
1 23 6 1.933
1 24 6 2.465
1 25 8 4.265
1 26 5 4.713
1 27 4 0.003
1 28 6 5.05
1 29 7 2.396
1 30 5 7.31
1 31 6 9.169
1 32 3 2.51
1 33 1 6.914
1 34 7 6.219
1 35 5 7.959
1 36 7 3.355
1 37 5 7.771
1 38 4 1.736
1 39 5 6.208
1 40 7 0.167
1 41 6 4.602
1 42 2 2.278
1 43 4 0.776
1 44 3 6.763
1 45 6 8.748
1 46 1 0.783
1 47 6 7.611
1 48 2 6.146
1 49 3 5.246
2 3 6 0.697
2 4 5 0.688
2 5 5 0.669
2 6 1 3.732
2 7 6 6.134
2 8 5 0.116
2 9 8 6.688
2 10 2 6.033
2 11 1 6.198
2 12 4 6.158
2 13 2 7.997
2 14 3 1.309
2 15 2 0.764
2 16 1 3.048
2 17 2 5.679
2 18 4 8.281
2 19 4 4.71
2 20 7 3.61
2 21 6 8.408
2 22 2 9.25
2 23 2 7.472
2 24 5 3.206
2 25 6 8.318
2 26 2 9.66
2 27 5 9.761
2 28 3 5.648
2 29 3 1.564
2 30 2 2.304
2 31 6 6.475
2 32 7 5.457
2 33 7 1.111
2 34 5 9
2 35 1 2.851
2 36 4 3.231
2 37 7 8.028
2 38 1 2.389
2 39 5 2.955
2 40 4 1.564
2 41 8 6.376
2 42 4 0.092
2 43 3 9.964
2 44 6 5.088
2 45 6 7.43
2 46 4 3.726
2 47 7 2.219
2 48 8 4.996
2 49 1 1.577
3 4 3 0.686
3 5 2 0.698
3 6 5 7.312
3 7 6 2.597
3 8 8 5.889
3 9 6 2.55
3 10 1 7.347
3 11 2 3.3
3 12 6 9.24
3 13 5 5.177
3 14 4 8.332
3 15 1 4.879
3 16 2 4.536
3 17 6 6.797
3 18 2 0.494
3 19 7 4.712
3 20 4 5.11
3 21 8 7.705
3 22 2 4.009
3 23 5 1.631
3 24 3 3.55
3 25 2 1.206
3 26 8 2.039
3 27 2 7.178
3 28 5 5.744
3 29 5 4.582
3 30 3 1.252
3 31 8 3.763
3 32 8 0.928
3 33 5 0.944
3 34 1 8.738
3 35 4 5.982
3 36 3 9.879
3 37 8 2.89
3 38 3 1.094
3 39 8 7.604
3 40 5 2.095
3 41 7 5.637
3 42 3 7.751
3 43 1 0.261
3 44 4 4.819
3 45 3 3.12
3 46 3 1.699
3 47 3 4.589
3 48 2 3.802
3 49 8 4.747
4 5 2 0.713
4 6 3 1.274
4 7 1 7.681
4 8 2 7.226
4 9 6 0.105
4 10 8 0.023
4 11 4 6.07
4 12 7 9.707
4 13 4 8.334
4 14 5 7.564
4 15 7 1.061
4 16 5 8.827
4 17 3 0.767
4 18 5 0.631
4 19 6 5.092
4 20 7 3.925
4 21 2 5.723
4 22 2 6.64
4 23 8 4.052
4 24 4 1.475
4 25 2 4.105
4 26 2 4.047
4 27 2 3.326
4 28 4 9.72
4 29 4 8.45
4 30 6 6.092
4 31 8 1.754
4 32 5 1.795
4 33 6 4.468
4 34 5 1.918
4 35 7 4.61
4 36 1 8.226
4 37 8 7.874
4 38 7 1.282
4 39 5 7.722
4 40 8 7.827
4 41 1 6.321
4 42 3 2.081
4 43 3 2.242
4 44 4 3.536
4 45 2 1.818
4 46 1 9.172
4 47 6 2.782
4 48 2 4.939
4 49 1 0.898
5 6 7 9.302
5 7 6 2.326
5 8 3 0.187
5 9 1 8.998
5 10 4 4.971
5 11 3 2.245
5 12 6 6.86
5 13 5 6.493
5 14 6 3.025
5 15 5 5.512
5 16 2 5.802
5 17 5 1.475
5 18 4 7.167
5 19 1 7.981
5 20 6 6.237
5 21 4 5.547
5 22 2 4.819
5 23 1 6.982
5 24 7 4.847
5 25 6 5.148
5 26 5 1.94
5 27 2 5.461
5 28 7 2.21
5 29 2 9.219
5 30 7 7.926
5 31 5 6.695
5 32 3 5.263
5 33 7 2.817
5 34 7 9.718
5 35 4 0.049
5 36 1 1.525
5 37 2 4.356
5 38 8 8.109
5 39 6 1.412
5 40 5 4.883
5 41 3 9.702
5 42 2 8.756
5 43 5 0.214
5 44 5 4.195
5 45 4 3.729
5 46 5 9.01
5 47 8 6.694
5 48 8 3.987
5 49 2 4.378
6 7 1 0.688
6 8 2 0.688
6 9 6 0.688
6 10 4 0.688
6 11 5 0.688
6 12 2 1.379
6 13 6 5.436
6 14 7 9.479
6 15 6 7.901
6 16 4 2.393
6 17 7 8.944
6 18 6 6.106
6 19 6 9.483
6 20 1 5.36
6 21 4 2.941
6 22 2 0.599
6 23 3 4.345
6 24 6 5.476
6 25 5 4.601
6 26 4 9.984
6 27 2 0.869
6 28 4 9.686
6 29 6 5.144
6 30 1 6.853
6 31 4 9.613
6 32 3 1.317
6 33 6 3.914
6 34 5 4.116
6 35 8 3.872
6 36 1 3.619
6 37 4 8.427
6 38 2 0.413
6 39 7 9.471
6 40 6 1.657
6 41 7 9.248
6 42 3 3.767
6 43 8 8.776
6 44 8 7.007
6 45 2 9.523
6 46 8 3.529
6 47 3 2.349
6 48 8 7.744
6 49 1 5.282
7 8 1 0.688
7 9 2 0.688
7 10 7 0.688
7 11 3 0.688
7 12 7 6.341
7 13 1 0.288
7 14 7 7.51
7 15 8 4.079
7 16 7 1.211
7 17 5 5.109
7 18 7 6.806
7 19 1 1.032
7 20 3 1.73
7 21 8 1.816
7 22 5 8.222
7 23 2 3.976
7 24 8 3.914
7 25 3 8.061
7 26 3 0.223
7 27 3 6.943
7 28 1 7.443
7 29 3 5.524
7 30 8 2.005
7 31 1 9.475
7 32 2 9
7 33 1 5.517
7 34 6 1.987
7 35 6 8.012
7 36 7 1.645
7 37 4 9.649
7 38 7 3.14
7 39 5 3.569
7 40 3 0.216
7 41 4 7.828
7 42 4 9.721
7 43 4 0.252
7 44 2 3.561
7 45 8 4.299
7 46 2 6.293
7 47 8 0.955
7 48 3 3.46
7 49 3 6.8
8 9 5 0.688
8 10 8 0.688
8 11 7 0.688
8 12 4 4.746
8 13 8 5.814
8 14 7 2.905
8 15 3 0.367
8 16 7 6.717
8 17 2 5.231
8 18 6 8.59
8 19 1 2.702
8 20 7 6.004
8 21 6 5.595
8 22 8 4.412
8 23 2 3.724
8 24 5 7.159
8 25 1 1.496
8 26 1 1.464
8 27 3 7.241
8 28 7 6.826
8 29 7 2.5
8 30 7 2.213
8 31 7 7.437
8 32 1 7.64
8 33 1 6.778
8 34 1 6.689
8 35 5 0.4
8 36 6 4.599
8 37 3 1.552
8 38 8 7.624
8 39 2 3.39
8 40 3 5.249
8 41 7 6.847
8 42 8 3.56
8 43 7 3.162
8 44 6 2.666
8 45 6 3.024
8 46 7 7.472
8 47 6 4.411
8 48 6 6.296
8 49 8 9.543
9 10 1 0.688
9 11 8 0.688
9 12 8 9.753
9 13 6 8.188
9 14 7 8.052
9 15 3 6.879
9 16 7 8.012
9 17 1 7.025
9 18 8 8.005
9 19 6 9.501
9 20 1 9.001
9 21 5 1.189
9 22 8 5.776
9 23 1 8.287
9 24 1 8.507
9 25 7 3.483
9 26 8 6.66
9 27 7 4.127
9 28 3 7.476
9 29 4 5.915
9 30 3 2.515
9 31 4 0.975
9 32 3 6.913
9 33 1 6.782
9 34 3 0.239
9 35 6 4.102
9 36 3 0.351
9 37 4 5.682
9 38 4 1.436
9 39 6 0.215
9 40 8 0.902
9 41 4 3.757
9 42 6 7.376
9 43 3 4.028
9 44 1 1.109
9 45 3 3.711
9 46 4 4.59
9 47 1 3.329
9 48 8 6.361
9 49 3 6.238
10 11 8 0.688
10 12 3 3.223
10 13 1 3.691
10 14 3 7.36
10 15 1 4.935
10 16 8 7.393
10 17 4 5.511
10 18 1 5.637
10 19 6 1.439
10 20 1 5.238
10 21 1 0.698
10 22 3 1.173
10 23 8 8.805
10 24 5 9.666
10 25 2 0.178
10 26 4 8.877
10 27 3 8.148
10 28 5 3.535
10 29 6 4.505
10 30 6 2.348
10 31 6 7.451
10 32 4 2.315
10 33 3 9.148
10 34 3 8.581
10 35 1 3.678
10 36 1 1.149
10 37 7 6.053
10 38 5 9.464
10 39 6 1.012
10 40 5 9.667
10 41 8 7.624
10 42 7 2.681
10 43 8 3.293
10 44 6 3.331
10 45 3 4.537
10 46 2 1.577
10 47 1 6.645
10 48 1 9.79
10 49 4 9.862
11 12 8 6.381
11 13 3 1.067
11 14 2 3.314
11 15 1 5.687
11 16 4 9.995
11 17 2 5.114
11 18 8 5.975
11 19 5 4.663
11 20 1 1.484
11 21 6 6.252
11 22 4 6.57
11 23 2 8.969
11 24 1 3.403
11 25 6 8.593
11 26 5 0.853
11 27 3 2.335
11 28 3 2.622
11 29 5 4.631
11 30 3 2.698
11 31 7 4.101
11 32 1 3.083
11 33 7 9.721
11 34 3 0.599
11 35 2 2.563
11 36 7 3.72
11 37 4 2.631
11 38 6 0.604
11 39 8 9.075
11 40 2 3.186
11 41 3 9.216
11 42 7 1.446
11 43 1 0.197
11 44 8 7.005
11 45 2 5.766
11 46 4 1.43
11 47 3 9.448
11 48 4 7.983
11 49 4 6.958
12 13 2 0.688
12 14 3 0.688
12 15 4 0.688
12 16 6 0.688
12 17 5 0.688
12 18 1 9.673
12 19 3 4.652
12 20 5 9.055
12 21 2 2.567
12 22 6 2.374
12 23 5 3.643
12 24 1 7.154
12 25 2 3.853
12 26 2 5.878
12 27 3 0.15
12 28 7 9.307
12 29 5 8.464
12 30 6 4.097
12 31 6 4.192
12 32 1 9.855
12 33 6 5.107
12 34 5 4.039
12 35 1 5.073
12 36 2 7.176
12 37 4 3.976
12 38 4 4.052
12 39 8 0.589
12 40 2 7.827
12 41 5 1.33
12 42 5 9.338
12 43 4 2.084
12 44 6 9.702
12 45 5 7.858
12 46 8 4.901
12 47 8 9.225
12 48 6 0.362
12 49 7 7.121
13 14 4 0.688
13 15 1 0.688
13 16 3 0.688
13 17 4 0.688
13 18 4 4
13 19 2 0.817
13 20 8 7.526
13 21 6 5.068
13 22 8 2.091
13 23 2 0.179
13 24 7 6.17
13 25 8 9.532
13 26 6 8.726
13 27 4 8.426
13 28 7 4.399
13 29 5 0.568
13 30 4 6.957
13 31 8 3.139
13 32 4 9.021
13 33 8 6.541
13 34 3 0.37
13 35 8 1.382
13 36 6 1.864
13 37 1 4.454
13 38 7 0.51
13 39 4 3.879
13 40 8 7.177
13 41 3 7.414
13 42 7 0.444
13 43 2 4.41
13 44 1 7.639
13 45 3 0.062
13 46 4 4.757
13 47 7 7.331
13 48 5 0.132
13 49 2 5.507
14 15 1 0.688
14 16 8 0.688
14 17 3 0.688
14 18 2 7.568
14 19 5 2.7
14 20 2 2.312
14 21 7 0.962
14 22 4 2.718
14 23 1 9.089
14 24 4 8.147
14 25 4 5.378
14 26 5 4.053
14 27 4 1.268
14 28 6 5.586
14 29 8 0.939
14 30 7 2.602
14 31 1 8.544
14 32 3 4.592
14 33 7 3.717
14 34 7 9.724
14 35 8 9.666
14 36 1 0.775
14 37 4 6.73
14 38 5 4.248
14 39 7 2.215
14 40 6 1.746
14 41 4 2.754
14 42 2 1.108
14 43 2 5.594
14 44 2 0.623
14 45 6 2.292
14 46 1 0.288
14 47 2 3.786
14 48 6 3.704
14 49 6 0.43
15 16 8 0.688
15 17 1 0.688
15 18 6 9.772
15 19 7 9.721
15 20 2 5.122
15 21 1 2.555
15 22 7 2.267
15 23 1 1.234
15 24 3 6.475
15 25 4 4.723
15 26 4 1.954
15 27 2 3.309
15 28 6 1.884
15 29 6 2.644
15 30 4 9.212
15 31 7 6.15
15 32 4 5.44
15 33 2 7.121
15 34 8 4.737
15 35 5 9.176
15 36 3 0.058
15 37 4 5.191
15 38 2 9.344
15 39 1 8.016
15 40 5 3.869
15 41 6 8.411
15 42 4 8.723
15 43 1 3.865
15 44 5 9.308
15 45 2 2.274
15 46 5 3.367
15 47 2 5.125
15 48 7 1.453
15 49 3 9.713
16 17 5 0.688
16 18 2 0.1
16 19 2 9.571
16 20 6 5.274
16 21 3 5.266
16 22 8 3.782
16 23 6 4.56
16 24 8 9.882
16 25 6 4.189
16 26 2 4.254
16 27 8 3.24
16 28 8 8.146
16 29 8 6.142
16 30 2 5.537
16 31 3 4.182
16 32 8 8.161
16 33 2 3.077
16 34 2 2.23
16 35 2 0.786
16 36 7 4.723
16 37 6 4.957
16 38 8 7.333
16 39 3 7.434
16 40 1 9.214
16 41 4 5.922
16 42 5 6.778
16 43 3 6.818
16 44 1 0.041
16 45 2 0.087
16 46 7 3.676
16 47 1 1.49
16 48 6 5.99
16 49 6 2.883
17 18 1 3.558
17 19 3 0.056
17 20 5 0.515
17 21 2 8.648
17 22 6 5.596
17 23 1 5.749
17 24 1 2.965
17 25 2 6.784
17 26 1 7.437
17 27 4 4.669
17 28 2 4.105
17 29 4 9.93
17 30 2 6.951
17 31 7 2.97
17 32 8 6.005
17 33 8 1.676
17 34 2 1.825
17 35 1 2.102
17 36 3 2.384
17 37 4 3.326
17 38 8 6.147
17 39 6 7.351
17 40 3 5.159
17 41 2 7.061
17 42 1 4.6
17 43 2 0.028
17 44 6 4.665
17 45 7 0.619
17 46 1 8.148
17 47 4 6.841
17 48 3 9.868
17 49 8 0.894
18 19 6 0.688
18 20 1 0.688
18 21 4 0.688
18 22 2 0.688
18 23 4 0.688
18 24 2 5.176
18 25 5 7.576
18 26 5 0.341
18 27 4 0.894
18 28 5 0.979
18 29 2 8.941
18 30 5 0.984
18 31 6 2.43
18 32 1 7.275
18 33 3 6.298
18 34 6 4.521
18 35 2 9.077
18 36 1 0.816
18 37 4 6.416
18 38 3 6.7
18 39 1 3.796
18 40 1 6.232
18 41 2 0.877
18 42 8 1.09
18 43 5 8.361
18 44 4 7.67
18 45 1 9.713
18 46 8 8.461
18 47 1 9.397
18 48 8 2.376
18 49 1 8.029
19 20 5 0.688
19 21 5 0.688
19 22 1 0.688
19 23 8 0.688
19 24 5 4.816
19 25 1 3.346
19 26 7 2.815
19 27 4 1.179
19 28 7 2.744
19 29 1 9.201
19 30 2 3.921
19 31 6 3.227
19 32 4 7.528
19 33 2 8.865
19 34 6 3.95
19 35 7 9.262
19 36 8 8.918
19 37 3 0.305
19 38 7 0.322
19 39 2 0.439
19 40 8 1.187
19 41 8 0.873
19 42 1 9.422
19 43 1 8.243
19 44 4 8.948
19 45 1 3.837
19 46 2 2.813
19 47 4 2.27
19 48 4 5.684
19 49 4 4.866
20 21 1 0.688
20 22 1 0.688
20 23 8 0.688
20 24 4 1.981
20 25 8 1.208
20 26 3 7.568
20 27 8 1.491
20 28 1 5.575
20 29 1 0.835
20 30 3 5.809
20 31 4 4.09
20 32 5 8.163
20 33 7 4.364
20 34 4 4.615
20 35 8 1.938
20 36 6 5.978
20 37 1 8.058
20 38 8 4.134
20 39 1 8.619
20 40 7 1.792
20 41 7 0.243
20 42 2 9.478
20 43 5 7.021
20 44 2 9.37
20 45 7 8.685
20 46 7 6.941
20 47 5 4.649
20 48 5 4.323
20 49 8 3.363
21 22 8 0.688
21 23 7 0.688
21 24 1 4.026
21 25 6 6.736
21 26 3 2.467
21 27 7 2.112
21 28 3 5.949
21 29 2 8.842
21 30 3 8.46
21 31 1 9.954
21 32 7 7.804
21 33 8 3.642
21 34 3 2.451
21 35 3 6.133
21 36 8 0.441
21 37 1 0.225
21 38 6 1.556
21 39 1 3.039
21 40 4 5.828
21 41 4 3.56
21 42 4 5.421
21 43 7 1.972
21 44 6 2.945
21 45 6 8.852
21 46 5 7.909
21 47 5 7.593
21 48 2 3.628
21 49 6 2.521
22 23 8 0.688
22 24 5 4.959
22 25 6 8.098
22 26 3 8.629
22 27 5 3.287
22 28 2 7.599
22 29 2 1.942
22 30 6 4.302
22 31 5 7.059
22 32 8 8.655
22 33 3 3.404
22 34 3 4.38
22 35 1 8.519
22 36 8 6.922
22 37 5 2.018
22 38 8 3.254
22 39 1 5.312
22 40 1 7.156
22 41 2 5.04
22 42 3 0.718
22 43 6 1.514
22 44 4 5.587
22 45 7 1.507
22 46 2 9.119
22 47 8 4.135
22 48 6 4.401
22 49 3 8.633
23 24 3 1.52
23 25 1 5.672
23 26 2 7.284
23 27 3 7.269
23 28 1 3.846
23 29 1 5.635
23 30 7 5.157
23 31 6 5.81
23 32 6 3.194
23 33 4 7.6
23 34 5 7.189
23 35 4 9.874
23 36 1 0.884
23 37 2 1.577
23 38 8 3.197
23 39 8 5.117
23 40 2 1.405
23 41 7 0.545
23 42 4 0.296
23 43 7 7.198
23 44 6 0.58
23 45 6 5.499
23 46 4 7.079
23 47 1 6.067
23 48 8 7.987
23 49 8 9.462
24 25 3 0.688
24 26 5 0.688
24 27 5 0.688
24 28 7 0.688
24 29 5 0.688
24 30 6 4.728
24 31 7 6.257
24 32 2 4.264
24 33 8 9.055
24 34 3 3.134
24 35 5 6.8
24 36 2 3.251
24 37 2 7.428
24 38 8 3.844
24 39 6 3.148
24 40 7 1.564
24 41 3 9.079
24 42 7 1.219
24 43 8 4.47
24 44 5 3.1
24 45 1 0.854
24 46 5 3.13
24 47 6 8.671
24 48 2 4.822
24 49 5 7.308
25 26 4 0.688
25 27 4 0.688
25 28 8 0.688
25 29 5 0.688
25 30 2 2.393
25 31 4 2.887
25 32 8 9.811
25 33 8 3.631
25 34 2 8.509
25 35 3 5.175
25 36 5 1
25 37 3 2.531
25 38 6 5.545
25 39 5 7.154
25 40 5 8.955
25 41 6 2.651
25 42 5 3.584
25 43 2 7.968
25 44 4 6.696
25 45 6 0.202
25 46 8 7.298
25 47 1 2.623
25 48 4 5.493
25 49 3 9.375
26 27 2 0.688
26 28 5 0.688
26 29 6 0.688
26 30 7 4.068
26 31 1 9.371
26 32 2 2.781
26 33 5 4.533
26 34 5 2.067
26 35 3 6.346
26 36 5 1.245
26 37 2 7.798
26 38 5 8.874
26 39 2 6.255
26 40 2 5.723
26 41 7 6.783
26 42 3 0.022
26 43 6 0.349
26 44 3 7.234
26 45 7 0.999
26 46 4 0.136
26 47 4 3.315
26 48 2 5.399
26 49 4 7.755
27 28 5 0.688
27 29 8 0.688
27 30 3 1.326
27 31 5 3.59
27 32 7 6.22
27 33 2 0.823
27 34 5 4.669
27 35 6 7.116
27 36 6 6.351
27 37 4 8.054
27 38 2 7.959
27 39 8 3.751
27 40 6 3.06
27 41 3 7.754
27 42 7 7.015
27 43 4 1.746
27 44 7 2.401
27 45 6 7.571
27 46 3 8.904
27 47 2 3.42
27 48 7 6.819
27 49 3 3.809
28 29 3 0.688
28 30 1 7.904
28 31 6 2.312
28 32 8 4.398
28 33 2 5.878
28 34 2 7.765
28 35 8 8.539
28 36 7 8.075
28 37 2 4.635
28 38 2 0.049
28 39 6 3.462
28 40 7 8.052
28 41 3 3.35
28 42 8 0.896
28 43 7 3.861
28 44 5 8.056
28 45 5 8.019
28 46 1 4.992
28 47 5 5.018
28 48 2 7.614
28 49 7 9.195
29 30 3 5.199
29 31 3 6.533
29 32 2 1.367
29 33 4 5.386
29 34 6 1.7
29 35 8 7.305
29 36 7 0.099
29 37 2 6.267
29 38 2 3.632
29 39 5 7.056
29 40 4 2.723
29 41 8 5.175
29 42 4 7.532
29 43 3 9.008
29 44 6 8.312
29 45 7 5.632
29 46 7 8.636
29 47 5 4.478
29 48 8 6.837
29 49 5 8.88
30 31 2 0.688
30 32 4 0.688
30 33 2 0.688
30 34 5 0.688
30 35 4 0.688
30 36 2 4.781
30 37 4 4.781
30 38 5 9.237
30 39 3 4.368
30 40 4 5.256
30 41 1 0.622
30 42 5 8.709
30 43 3 8.795
30 44 2 0.363
30 45 2 5.823
30 46 3 0.23
30 47 2 8.071
30 48 1 1.175
30 49 8 4.103
31 32 3 0.688
31 33 8 0.688
31 34 3 0.688
31 35 4 0.688
31 36 1 1.369
31 37 4 2.967
31 38 4 0.237
31 39 2 5.78
31 40 6 4.047
31 41 3 2.534
31 42 8 7.679
31 43 5 8.852
31 44 4 5.631
31 45 5 2.027
31 46 5 0.666
31 47 3 2.842
31 48 7 7.392
31 49 1 2.683
32 33 1 0.688
32 34 3 0.688
32 35 6 0.688
32 36 6 1.736
32 37 6 1.392
32 38 2 2.458
32 39 3 2.464
32 40 2 3.114
32 41 8 0.319
32 42 4 1.169
32 43 8 8.382
32 44 8 9.922
32 45 2 0.083
32 46 8 1.423
32 47 4 5.283
32 48 4 3.835
32 49 4 8.391
33 34 6 0.688
33 35 8 0.688
33 36 5 0.477
33 37 6 9.625
33 38 1 8.359
33 39 1 9.106
33 40 4 7.801
33 41 1 4.723
33 42 1 5.678
33 43 5 3.218
33 44 1 9.213
33 45 7 8.801
33 46 6 1.377
33 47 1 2.196
33 48 8 7.605
33 49 1 3.738
34 35 4 0.688
34 36 3 3.976
34 37 4 5.292
34 38 4 2.298
34 39 4 7.142
34 40 3 8.03
34 41 8 6.231
34 42 2 2.075
34 43 1 1.863
34 44 1 1.637
34 45 4 3.698
34 46 1 0.402
34 47 6 4.723
34 48 4 1.37
34 49 1 1.586
35 36 6 9.351
35 37 6 7.142
35 38 6 0.778
35 39 1 4.469
35 40 8 4.236
35 41 1 3.616
35 42 4 7.584
35 43 7 3.034
35 44 7 7.992
35 45 8 8.046
35 46 5 8.292
35 47 1 7.85
35 48 5 0.007
35 49 4 7.297
36 37 6 1.030
36 38 2 1.026
36 39 7 1.033
36 40 7 1.032
36 41 7 4.28
36 42 1 9.203
36 43 8 0.125
36 44 7 0.427
36 45 2 8.011
36 46 2 5.944
36 47 4 7.871
36 48 6 6.959
36 49 1 6.369
37 38 7 1.042
37 39 4 1.033
37 40 1 1.040
37 41 3 9.049
37 42 5 9.241
37 43 7 2.986
37 44 8 8.002
37 45 8 3.107
37 46 2 0.93
37 47 5 1.415
37 48 5 3.626
37 49 7 6.277
38 39 5 1.040
38 40 3 1.033
38 41 6 5.678
38 42 3 6.018
38 43 8 8.257
38 44 2 0.258
38 45 7 4.29
38 46 1 7.819
38 47 6 7.15
38 48 1 3.013
38 49 8 9.217
39 40 4 1.023
39 41 3 5.232
39 42 2 3.433
39 43 4 0.361
39 44 7 0.7
39 45 3 4.119
39 46 2 6.571
39 47 6 7.708
39 48 1 9.604
39 49 5 4.049
40 41 3 3.61
40 42 3 0.925
40 43 1 4.374
40 44 3 7.727
40 45 1 6.228
40 46 6 7.051
40 47 2 9.085
40 48 7 7.862
40 49 3 6.201
41 42 1 1.023
41 43 3 1.033
41 44 5 1.040
41 45 5 1.040
41 46 6 8.399
41 47 7 9.698
41 48 2 4.854
41 49 6 1.776
42 43 5 1.033
42 44 6 1.042
42 45 8 1.032
42 46 5 6.617
42 47 3 7.313
42 48 7 6.132
42 49 5 7.36
43 44 2 1.033
43 45 4 1.026
43 46 1 0.357
43 47 6 2.992
43 48 5 4.836
43 49 7 9.166
44 45 6 1.030
44 46 2 0.226
44 47 8 7.021
44 48 5 4.247
44 49 6 1.261
45 46 1 2.016
45 47 6 5.428
45 48 1 7.11
45 49 6 8.912
46 47 3 1.532
46 48 7 1.768
46 49 8 1.693
47 48 3 1.761
47 49 6 1.839
48 49 2 1.593
