50
99.9
0 1 54 0.125
0 2 56 0.255
0 3 48 0.213
0 4 57 0.165
0 5 48 0.156
0 6 57 0.162
0 7 67 0.265
0 8 47 0.272
0 9 47 0.251
0 10 12 45
0 11 64 0.695
0 12 73 0.921
0 13 55 0.955
0 14 75 0.698
0 15 20 0.16
0 16 17 0.433
0 17 63 0.225
0 18 48 0.195
0 19 49 0.186
0 20 58 0.224
0 21 52 0.255
0 22 72 0.703
0 23 16 0.395
0 24 60 0.709
0 25 11 0.059
0 26 19 0.196
0 27 61 0.528
0 28 54 0.777
0 29 19 45
0 30 72 0.622
0 31 52 0.855
0 32 72 0.731
0 33 19 0.035
0 34 11 0.01
0 35 9 0.484
0 36 11 0.402
0 37 8 0.391
0 38 13 0.322
0 39 50 0.954
0 40 9 0.233
0 41 63 0.621
0 42 16 0.258
0 43 8 0.404
0 44 19 45
0 45 11 0.145
0 46 61 0.631
0 47 55 0.672
0 48 10 0.135
0 49 74 0.855
1 2 53 0.101
1 3 45 0.154
1 4 48 0.162
1 5 53 0.123
1 6 49 0.124
1 7 43 0.125
1 8 47 0.159
1 9 53 0.123
1 10 8 65
1 11 20 0.346
1 12 10 0.166
1 13 54 0.867
1 14 13 0.493
1 15 68 0.589
1 16 11 0.006
1 17 74 0.193
1 18 54 0.183
1 19 63 0.159
1 20 57 0.182
1 21 54 0.223
1 22 72 0.62
1 23 15 0.257
1 24 60 0.735
1 25 75 0.845
1 26 55 0.914
1 27 60 0.793
1 28 74 0.962
1 29 14 45
1 30 18 0.117
1 31 56 0.957
1 32 73 0.863
1 33 75 0.547
1 34 72 0.823
1 35 10 0.298
1 36 68 0.708
1 37 74 0.743
1 38 12 0.161
1 39 55 0.76
1 40 63 0.941
1 41 18 0.468
1 42 61 0.556
1 43 8 0.383
1 44 69 34
1 45 17 0.165
1 46 53 0.819
1 47 13 0.486
1 48 62 0.687
1 49 18 0.131
2 3 50 0.105
2 4 63 0.113
2 5 45 0.195
2 6 56 0.155
2 7 47 0.152
2 8 63 0.186
2 9 69 0.152
2 10 11 45
2 11 68 0.904
2 12 65 0.721
2 13 17 0.436
2 14 58 0.583
2 15 54 0.805
2 16 15 0.21
2 17 61 0.113
2 18 45 0.202
2 19 55 0.131
2 20 54 0.134
2 21 75 0.179
2 22 60 0.732
2 23 13 0.332
2 24 17 0.172
2 25 75 0.529
2 26 12 0.445
2 27 17 0.475
2 28 73 0.733
2 29 50 42
2 30 17 0.305
2 31 68 0.786
2 32 15 0.363
2 33 18 0.113
2 34 55 0.815
2 35 11 0.485
2 36 63 0.581
2 37 10 0.137
2 38 17 0.042
2 39 64 0.706
2 40 19 0.028
2 41 19 0.479
2 42 64 0.617
2 43 68 0.568
2 44 8 23
2 45 54 0.621
2 46 58 0.77
2 47 18 0.428
2 48 54 0.834
2 49 20 0.263
3 4 45 0.152
3 5 71 0.135
3 6 75 0.141
3 7 72 0.184
3 8 60 0.188
3 9 53 0.133
3 10 72 45
3 11 68 0.547
3 12 16 0.202
3 13 62 0.767
3 14 68 0.953
3 15 19 0.466
3 16 19 0.047
3 17 54 0.133
3 18 65 0.205
3 19 64 0.137
3 20 64 0.192
3 21 45 0.169
3 22 12 0.192
3 23 9 0.32
3 24 13 0.232
3 25 63 0.645
3 26 13 0.098
3 27 69 0.693
3 28 64 0.514
3 29 18 43
3 30 53 0.682
3 31 19 0.088
3 32 53 0.612
3 33 8 0.278
3 34 14 0.495
3 35 74 0.603
3 36 58 0.842
3 37 10 0.326
3 38 63 0.717
3 39 61 0.784
3 40 54 0.585
3 41 16 0.182
3 42 10 0.445
3 43 70 0.609
3 44 15 37
3 45 18 0.261
3 46 19 0.32
3 47 59 0.959
3 48 9 0.449
3 49 62 0.614
4 5 46 0.198
4 6 47 0.186
4 7 45 0.149
4 8 70 0.171
4 9 50 0.115
4 10 13 45
4 11 64 0.869
4 12 53 0.78
4 13 11 0.499
4 14 73 0.687
4 15 54 0.634
4 16 10 0.043
4 17 69 0.192
4 18 66 0.142
4 19 53 0.149
4 20 53 0.112
4 21 72 0.177
4 22 50 0.524
4 23 69 0.625
4 24 63 0.914
4 25 12 0.089
4 26 68 0.546
4 27 19 0.31
4 28 66 0.734
4 29 50 44
4 30 19 0.394
4 31 19 0.182
4 32 14 0.368
4 33 11 0.442
4 34 63 0.564
4 35 11 0.072
4 36 16 0.093
4 37 9 0.222
4 38 9 0.377
4 39 15 0.143
4 40 19 0.204
4 41 15 0.296
4 42 65 0.619
4 43 70 0.71
4 44 15 27
4 45 10 0.005
4 46 69 0.537
4 47 51 0.862
4 48 54 0.514
4 49 60 0.993
5 6 48 0.063
5 7 45 0.108
5 8 64 0.199
5 9 50 0.106
5 10 56 46
5 11 55 0.584
5 12 11 0.066
5 13 8 0.26
5 14 19 0.296
5 15 8 0.232
5 16 8 0.386
5 17 56 0.049
5 18 71 0.011
5 19 57 0.004
5 20 63 0.136
5 21 47 0.134
5 22 71 0.635
5 23 9 0.205
5 24 14 0.222
5 25 65 0.552
5 26 74 0.97
5 27 20 0.415
5 28 16 0.055
5 29 14 42
5 30 74 0.722
5 31 19 0.437
5 32 59 0.907
5 33 20 0.215
5 34 12 0.4
5 35 9 0.1
5 36 14 0.478
5 37 75 0.694
5 38 72 0.893
5 39 72 0.576
5 40 73 0.958
5 41 16 0.217
5 42 57 0.786
5 43 56 0.69
5 44 58 32
5 45 74 0.696
5 46 16 0.312
5 47 56 0.706
5 48 9 0.452
5 49 51 0.611
6 7 56 0.003
6 8 45 0.037
6 9 47 0.187
6 10 54 45
6 11 14 0.44
6 12 9 0.223
6 13 17 0.286
6 14 72 0.698
6 15 16 0.248
6 16 55 0.919
6 17 59 0.198
6 18 47 0.017
6 19 48 0.132
6 20 46 0.111
6 21 47 0.052
6 22 15 0.295
6 23 53 0.694
6 24 16 0.435
6 25 8 0.337
6 26 68 0.587
6 27 53 0.936
6 28 20 0.483
6 29 12 41
6 30 13 0.214
6 31 12 0.168
6 32 53 0.698
6 33 68 0.547
6 34 15 0.483
6 35 17 0.176
6 36 11 0.079
6 37 64 0.696
6 38 64 0.876
6 39 50 0.717
6 40 52 0.55
6 41 69 0.562
6 42 65 0.538
6 43 15 0.163
6 44 13 29
6 45 13 0.159
6 46 63 0.907
6 47 18 0.328
6 48 9 0.339
6 49 57 0.83
7 8 52 0.104
7 9 45 0.029
7 10 12 34
7 11 57 0.574
7 12 52 0.528
7 13 51 0.91
7 14 74 0.791
7 15 14 0.205
7 16 12 0.439
7 17 57 0.075
7 18 53 0.164
7 19 58 0.158
7 20 53 0.135
7 21 61 0.151
7 22 9 0.07
7 23 67 0.634
7 24 52 0.916
7 25 20 0.016
7 26 13 0.377
7 27 14 0.132
7 28 18 0.252
7 29 72 43
7 30 9 0.165
7 31 19 0.44
7 32 10 0.429
7 33 67 0.856
7 34 13 0.473
7 35 8 0.444
7 36 68 0.893
7 37 54 0.871
7 38 72 0.887
7 39 60 0.671
7 40 71 0.752
7 41 12 0.066
7 42 58 0.656
7 43 73 0.968
7 44 61 28
7 45 63 0.509
7 46 18 0.124
7 47 72 0.848
7 48 74 0.676
7 49 14 0.292
8 9 46 0.153
8 10 59 73
8 11 69 0.992
8 12 57 0.962
8 13 11 0.13
8 14 55 0.707
8 15 75 0.891
8 16 10 0.059
8 17 63 0.159
8 18 61 0.124
8 19 64 0.142
8 20 69 0.101
8 21 57 0.048
8 22 64 0.83
8 23 13 0.332
8 24 18 0.078
8 25 59 0.584
8 26 15 0.316
8 27 10 0.388
8 28 54 0.577
8 29 56 43
8 30 17 0.095
8 31 64 0.7
8 32 53 0.587
8 33 54 0.678
8 34 61 0.734
8 35 62 0.872
8 36 64 0.831
8 37 20 0.127
8 38 17 0.46
8 39 51 0.571
8 40 61 0.86
8 41 61 0.847
8 42 50 0.512
8 43 11 0.101
8 44 10 29
8 45 18 0.316
8 46 74 0.863
8 47 8 0.412
8 48 54 0.931
8 49 54 0.635
9 10 9 36
9 11 15 0.493
9 12 57 0.56
9 13 55 0.957
9 14 18 0.18
9 15 16 0.418
9 16 74 0.821
9 17 60 0.152
9 18 55 0.131
9 19 47 0.192
9 20 46 0.186
9 21 57 0.171
9 22 19 0.141
9 23 8 0.119
9 24 68 0.972
9 25 17 0.184
9 26 12 0.421
9 27 58 0.546
9 28 75 0.784
9 29 20 42
9 30 67 0.916
9 31 10 0.083
9 32 51 0.62
9 33 16 0.062
9 34 9 0.312
9 35 16 0.092
9 36 20 0.047
9 37 74 0.73
9 38 67 0.846
9 39 11 0.496
9 40 13 0.154
9 41 57 0.639
9 42 51 0.956
9 43 19 0.133
9 44 14 59
9 45 63 0.903
9 46 51 0.732
9 47 60 0.822
9 48 14 0.217
9 49 72 0.979
10 11 9 49
10 12 50 50
10 13 9 51
10 14 73 52
10 15 74 53
10 16 12 54
10 17 63 50
10 18 51 51
10 19 60 52
10 20 14 53
10 21 72 54
10 22 10 51
10 23 13 53
10 24 70 52
10 25 8 55
10 26 19 51
10 27 71 53
10 28 60 54
10 29 99 16
10 30 16 41
10 31 12 42
10 32 16 45
10 33 69 46
10 34 66 47
10 35 18 51
10 36 16 30
10 37 17 41
10 38 67 67
10 39 52 34
10 40 19 47
10 41 15 45
10 42 19 47
10 43 11 34
10 44 57 35
10 45 8 56
10 46 70 46
10 47 14 37
10 48 67 26
10 49 73 45
11 12 46 0.116
11 13 55 0.123
11 14 64 0.159
11 15 47 0.152
11 16 41 0.163
11 17 15 0.12
11 18 66 0.708
11 19 10 0.291
11 20 62 0.874
11 21 52 0.771
11 22 61 0.607
11 23 16 0.404
11 24 55 0.917
11 25 11 0.158
11 26 17 0.45
11 27 56 0.575
11 28 14 0.343
11 29 12 42
11 30 42 0.179
11 31 51 0.168
11 32 45 0.192
11 33 50 0.108
11 34 44 0.102
11 35 9 0.025
11 36 8 0.468
11 37 56 0.835
11 38 11 0.272
11 39 55 0.871
11 40 13 0.083
11 41 41 0.184
11 42 44 0.115
11 43 49 0.157
11 44 10 29
11 45 69 0.829
11 46 9 0.167
11 47 18 0.171
11 48 17 0.082
11 49 17 0.282
12 13 45 0.163
12 14 58 0.164
12 15 49 0.131
12 16 44 0.159
12 17 59 0.564
12 18 75 0.831
12 19 8 0.229
12 20 9 0.015
12 21 16 0.117
12 22 52 0.892
12 23 16 0.181
12 24 13 0.066
12 25 52 0.555
12 26 8 0.221
12 27 12 0.05
12 28 72 0.635
12 29 75 41
12 30 53 0.184
12 31 40 0.151
12 32 56 0.18
12 33 49 0.122
12 34 48 0.148
12 35 68 0.653
12 36 12 0.029
12 37 13 0.271
12 38 17 0.116
12 39 11 0.105
12 40 52 0.855
12 41 56 0.151
12 42 49 0.186
12 43 44 0.155
12 44 11 32
12 45 71 0.893
12 46 16 0.005
12 47 67 0.751
12 48 15 0.193
12 49 17 0.295
13 14 47 0.168
13 15 55 0.171
13 16 50 0.162
13 17 10 0.378
13 18 14 0.324
13 19 19 0.465
13 20 64 0.66
13 21 12 0.257
13 22 72 0.611
13 23 59 0.756
13 24 19 0.174
13 25 73 0.878
13 26 18 0.443
13 27 20 0.285
13 28 20 0.272
13 29 14 51
13 30 56 0.194
13 31 40 0.155
13 32 55 0.248
13 33 47 0.152
13 34 52 0.188
13 35 75 0.662
13 36 10 0.097
13 37 15 0.136
13 38 50 0.981
13 39 17 0.193
13 40 16 0.023
13 41 19 0.182
13 42 16 0.112
13 43 61 0.154
13 44 50 38
13 45 17 0.28
13 46 66 0.533
13 47 53 0.914
13 48 57 0.711
13 49 60 0.518
14 15 54 0.269
14 16 49 0.188
14 17 64 0.748
14 18 19 0.284
14 19 63 0.988
14 20 10 0.099
14 21 56 0.714
14 22 17 0.236
14 23 59 0.667
14 24 18 0.21
14 25 13 0.209
14 26 69 0.587
14 27 15 0.027
14 28 70 0.76
14 29 72 51
14 30 47 0.159
14 31 53 0.247
14 32 48 0.146
14 33 51 0.134
14 34 55 0.282
14 35 19 0.131
14 36 67 0.574
14 37 10 0.02
14 38 14 0.495
14 39 8 0.106
14 40 50 0.571
14 41 47 0.169
14 42 50 0.262
14 43 46 0.181
14 44 52 25
14 45 73 0.648
14 46 51 0.613
14 47 55 0.706
14 48 13 0.453
14 49 66 0.753
15 16 52 0.2
15 17 15 0.387
15 18 51 0.947
15 19 13 0.292
15 20 62 0.645
15 21 10 0.487
15 22 69 0.776
15 23 15 0.342
15 24 15 0.053
15 25 59 0.819
15 26 59 0.753
15 27 55 0.925
15 28 13 0.235
15 29 63 52
15 30 49 0.173
15 31 51 0.284
15 32 42 0.195
15 33 47 0.207
15 34 49 0.187
15 35 57 0.926
15 36 20 0.167
15 37 74 0.751
15 38 59 0.805
15 39 69 0.831
15 40 61 0.809
15 41 53 0.233
15 42 52 0.256
15 43 42 0.167
15 44 8 35
15 45 75 0.803
15 46 56 0.614
15 47 64 0.842
15 48 70 0.74
15 49 51 0.501
16 17 11 0.033
16 18 55 0.814
16 19 8 0.124
16 20 59 0.757
16 21 9 0.408
16 22 10 0.099
16 23 71 0.724
16 24 70 0.602
16 25 71 0.825
16 26 58 0.647
16 27 9 0.173
16 28 20 0.215
16 29 8 45
16 30 52 0.184
16 31 40 0.236
16 32 48 0.233
16 33 52 0.148
16 34 49 0.448
16 35 64 0.849
16 36 9 0.358
16 37 15 0.056
16 38 8 0.286
16 39 51 0.562
16 40 19 0.293
16 41 47 0.229
16 42 52 0.194
16 43 45 0.153
16 44 51 34
16 45 20 0.287
16 46 70 0.778
16 47 71 0.643
16 48 19 0.149
16 49 56 0.866
17 18 47 0.159
17 19 55 0.238
17 20 47 0.26
17 21 50 0.263
17 22 63 0.591
17 23 20 0.028
17 24 52 0.835
17 25 17 0.091
17 26 56 0.577
17 27 18 0.235
17 28 61 0.771
17 29 9 51
17 30 60 0.876
17 31 8 0.405
17 32 55 0.858
17 33 58 0.978
17 34 20 0.498
17 35 9 0.222
17 36 20 0.256
17 37 64 0.515
17 38 14 0.253
17 39 13 0.028
17 40 20 0.481
17 41 17 0.446
17 42 52 0.505
17 43 8 0.338
17 44 15 36
17 45 57 0.602
17 46 15 0.398
17 47 68 0.784
17 48 58 0.635
17 49 54 0.75
18 19 43 0.245
18 20 59 0.27
18 21 54 0.261
18 22 51 0.917
18 23 15 0.178
18 24 10 0.189
18 25 56 0.654
18 26 17 0.323
18 27 55 0.621
18 28 71 0.868
18 29 56 48
18 30 10 0.231
18 31 72 0.543
18 32 8 0.158
18 33 57 0.659
18 34 13 0.13
18 35 16 0.011
18 36 15 0.215
18 37 14 0.215
18 38 55 0.695
18 39 18 0.003
18 40 61 0.962
18 41 65 0.839
18 42 20 0.295
18 43 15 0.242
18 44 75 23
18 45 8 0.244
18 46 53 0.777
18 47 9 0.278
18 48 55 0.917
18 49 9 0.101
19 20 48 0.262
19 21 50 0.307
19 22 11 0.428
19 23 75 0.855
19 24 9 0.389
19 25 56 0.615
19 26 59 0.816
19 27 73 0.903
19 28 16 0.483
19 29 66 51
19 30 19 0.115
19 31 9 0.088
19 32 8 0.263
19 33 10 0.136
19 34 51 0.525
19 35 72 0.915
19 36 54 0.841
19 37 63 0.873
19 38 63 0.697
19 39 61 0.971
19 40 62 0.879
19 41 18 0.336
19 42 57 0.771
19 43 16 0.122
19 44 16 49
19 45 61 0.75
19 46 14 0.233
19 47 61 0.901
19 48 60 0.527
19 49 72 0.988
20 21 44 0.218
20 22 14 0.224
20 23 18 0.426
20 24 75 0.659
20 25 20 0.491
20 26 20 0.169
20 27 11 0.151
20 28 16 0.067
20 29 61 56
20 30 8 0.402
20 31 9 0.101
20 32 64 0.987
20 33 52 0.505
20 34 74 0.956
20 35 74 0.987
20 36 52 0.917
20 37 74 0.689
20 38 58 0.848
20 39 17 0.057
20 40 17 0.423
20 41 16 0.194
20 42 11 0.213
20 43 11 0.267
20 44 69 35
20 45 8 0.16
20 46 50 0.805
20 47 64 0.878
20 48 57 0.723
20 49 53 0.815
21 22 19 0.412
21 23 14 0.373
21 24 20 0.439
21 25 59 0.914
21 26 8 0.199
21 27 9 0.151
21 28 57 0.644
21 29 70 41
21 30 20 0.088
21 31 51 0.63
21 32 20 0.196
21 33 54 0.621
21 34 68 0.535
21 35 20 0.219
21 36 11 0.432
21 37 73 0.653
21 38 12 0.294
21 39 10 0.101
21 40 8 0.167
21 41 59 0.928
21 42 57 0.748
21 43 10 0.344
21 44 12 30
21 45 69 0.735
21 46 12 0.293
21 47 50 0.861
21 48 8 0.322
21 49 51 0.613
22 23 51 0.243
22 24 44 0.238
22 25 47 0.243
22 26 47 0.257
22 27 47 0.268
22 28 48 0.252
22 29 53 42
22 30 65 0.939
22 31 52 0.952
22 32 52 0.562
22 33 12 0.195
22 34 13 0.324
22 35 56 0.887
22 36 11 0.075
22 37 51 0.59
22 38 13 0.011
22 39 9 0.196
22 40 18 0.415
22 41 17 0.461
22 42 65 0.684
22 43 20 0.454
22 44 56 34
22 45 50 0.229
22 46 49 0.248
22 47 49 0.271
22 48 52 0.203
22 49 44 0.206
23 24 47 0.275
23 25 53 0.247
23 26 57 0.284
23 27 48 0.271
23 28 53 0.276
23 29 11 46
23 30 12 0.223
23 31 57 0.514
23 32 53 0.868
23 33 15 0.202
23 34 50 0.708
23 35 16 0.016
23 36 12 0.011
23 37 17 0.295
23 38 56 0.634
23 39 18 0.397
23 40 51 0.75
23 41 57 0.883
23 42 64 0.808
23 43 10 0.422
23 44 14 35
23 45 55 0.242
23 46 45 0.199
23 47 41 0.288
23 48 45 0.202
23 49 45 0.204
24 25 46 0.209
24 26 55 0.259
24 27 42 0.189
24 28 53 0.257
24 29 57 48
24 30 19 0.324
24 31 69 0.693
24 32 11 0.466
24 33 19 0.078
24 34 14 0.185
24 35 70 0.951
24 36 56 0.822
24 37 8 0.398
24 38 50 0.826
24 39 59 0.973
24 40 16 0.008
24 41 15 0.283
24 42 52 0.914
24 43 19 0.351
24 44 56 29
24 45 41 0.267
24 46 43 0.283
24 47 57 0.244
24 48 49 0.207
24 49 49 0.282
25 26 55 0.269
25 27 52 0.276
25 28 50 0.292
25 29 17 41
25 30 57 0.57
25 31 55 0.95
25 32 11 0.256
25 33 63 0.704
25 34 62 0.641
25 35 70 0.995
25 36 17 30
25 37 14 0.242
25 38 8 0.433
25 39 17 0.478
25 40 65 0.997
25 41 11 0.168
25 42 9 0.401
25 43 11 0.119
25 44 58 28
25 45 43 0.251
25 46 45 0.278
25 47 49 0.262
25 48 51 0.261
25 49 53 0.246
26 27 56 0.267
26 28 51 0.228
26 29 67 45
26 30 68 0.95
26 31 51 0.723
26 32 12 0.216
26 33 14 0.126
26 34 17 24
26 35 68 0.714
26 36 14 0.068
26 37 64 0.517
26 38 59 0.654
26 39 9 0.461
26 40 13 0.175
26 41 63 0.758
26 42 67 0.779
26 43 13 0.495
26 44 57 22
26 45 51 0.236
26 46 41 0.241
26 47 54 0.25
26 48 46 0.247
26 49 52 0.253
27 28 46 0.269
27 29 11 45
27 30 66 0.813
27 31 70 0.539
27 32 53 0.687
27 33 73 0.95
27 34 69 0.995
27 35 68 0.999
27 36 17 0.351
27 37 66 0.974
27 38 66 0.645
27 39 58 0.949
27 40 66 0.918
27 41 10 0.429
27 42 15 0.401
27 43 9 0.353
27 44 15 26
27 45 41 0.266
27 46 49 0.252
27 47 52 0.251
27 48 52 0.219
27 49 56 0.291
28 29 58 42
28 30 66 0.923
28 31 56 0.793
28 32 10 0.491
28 33 20 0.461
28 34 15 0.495
28 35 50 0.911
28 36 62 0.741
28 37 11 0.034
28 38 15 0.127
28 39 51 0.978
28 40 57 0.633
28 41 18 0.114
28 42 75 0.636
28 43 64 0.801
28 44 9 27
28 45 51 0.296
28 46 53 0.216
28 47 46 0.243
28 48 41 0.221
28 49 58 0.243
29 30 64 69
29 31 55 45
29 32 72 39
29 33 10 51
29 34 13 52
29 35 12 53
29 36 55 54
29 37 59 55
29 38 75 56
29 39 18 57
29 40 56 58
29 41 16 69
29 42 60 60
29 43 11 40
29 44 69 41
29 45 50 42
29 46 12 43
29 47 62 44
29 48 66 45
29 49 18 46
30 31 45 0.113
30 32 49 0.168
30 33 51 0.184
30 34 48 0.225
30 35 56 0.175
30 36 19 0.1
30 37 17 0.015
30 38 65 0.514
30 39 60 0.669
30 40 14 0.281
30 41 43 0.119
30 42 49 0.139
30 43 50 0.207
30 44 10 32
30 45 18 0.03
30 46 15 0.367
30 47 19 0.289
30 48 70 0.668
30 49 59 0.727
31 32 48 0.138
31 33 51 0.258
31 34 48 0.146
31 35 12 0.404
31 36 19 0.434
31 37 19 0.016
31 38 59 0.777
31 39 60 0.574
31 40 72 0.738
31 41 42 0.271
31 42 42 0.166
31 43 43 0.207
31 44 16 36
31 45 19 0.145
31 46 14 0.232
31 47 56 0.579
31 48 61 0.586
31 49 63 0.615
32 33 45 0.278
32 34 51 0.246
32 35 14 0.299
32 36 71 0.855
32 37 16 0.405
32 38 9 0.344
32 39 60 0.665
32 40 11 0.01
32 41 50 0.195
32 42 51 0.267
32 43 49 0.228
32 44 10 46
32 45 12 0.061
32 46 53 0.698
32 47 15 0.278
32 48 64 0.829
32 49 11 0.225
33 34 51 0.267
33 35 9 0.238
33 36 53 0.676
33 37 13 0.116
33 38 73 0.545
33 39 16 0.455
33 40 14 0.073
33 41 46 0.156
33 42 49 0.129
33 43 50 0.215
33 44 67 45
33 45 20 0.441
33 46 18 0.403
33 47 18 0.151
33 48 18 0.286
33 49 66 0.735
34 35 62 0.638
34 36 70 0.776
34 37 13 0.08
34 38 19 0.149
34 39 68 0.929
34 40 17 0.444
34 41 15 0.117
34 42 54 0.154
34 43 8 0.132
34 44 71 47
34 45 75 0.631
34 46 71 0.678
34 47 11 0.317
34 48 70 0.797
34 49 70 0.956
35 36 45 0.923
35 37 44 1.27
35 38 42 1.15
35 39 43 1.06
35 40 46 0.993
35 41 18 0.465
35 42 54 0.885
35 43 55 0.52
35 44 9 45
35 45 65 0.676
35 46 54 0.621
35 47 63 0.976
35 48 66 0.921
35 49 52 0.657
36 37 47 0.965
36 38 49 1.108
36 39 41 1.126
36 40 45 0.766
36 41 15 0.477
36 42 73 0.682
36 43 11 0.346
36 44 61 32
36 45 67 0.702
36 46 19 0.119
36 47 62 0.57
36 48 63 0.864
36 49 20 0.172
37 38 41 1.34
37 39 49 1.317
37 40 47 1.157
37 41 74 0.564
37 42 65 0.872
37 43 16 0.183
37 44 10 45
37 45 18 0.303
37 46 16 0.095
37 47 10 0.099
37 48 62 0.736
37 49 50 0.947
38 39 45 1.2
38 40 49 1.06
38 41 50 0.767
38 42 8 36
38 43 55 0.573
38 44 53 35
38 45 12 0.349
38 46 13 0.003
38 47 52 0.708
38 48 10 0.118
38 49 74 0.673
39 40 45 1.178
39 41 72 0.776
39 42 13 0.335
39 43 19 0.351
39 44 8 34
39 45 63 0.505
39 46 14 0.071
39 47 8 0.408
39 48 19 0.09
39 49 18 0.464
40 41 11 0.132
40 42 59 0.863
40 43 17 0.432
40 44 74 24
40 45 11 0.431
40 46 55 0.978
40 47 64 0.75
40 48 20 0.17
40 49 10 0.404
41 42 43 0.116
41 43 41 0.172
41 44 11 33
41 45 69 0.533
41 46 58 0.973
41 47 12 0.052
41 48 67 0.512
41 49 64 0.772
42 43 46 0.146
42 44 61 26
42 45 53 0.837
42 46 53 0.927
42 47 19 0.021
42 48 67 0.93
42 49 14 0.071
43 44 67 25
43 45 69 0.733
43 46 15 0.09
43 47 10 0.163
43 48 75 0.792
43 49 20 0.347
44 45 9 23
44 46 59 24
44 47 14 25
44 48 56 26
44 49 10 25.6
45 46 45 0.259
45 47 44 0.206
45 48 43 0.211
45 49 42 0.283
46 47 41 0.292
46 48 45 0.28
46 49 47 0.261
47 48 48 0.288
47 49 49 0.293
48 49 43 0.263