50
11.27
0 1 19.069 0.878
0 2 23.81 0.761
0 3 46.38 0.847
0 4 8.764 1.011
0 5 48.142 1.012
0 6 3.588 0.592
0 7 42.692 0.887
0 8 30.306 0.909
0 9 31.014 0.56
0 10 1.549 0.635
0 11 12.273 0.986
0 12 39.679 0.741
0 13 10.677 0.586
0 14 18.382 0.916
0 15 13.618 0.713
0 16 47.028 0.816
0 17 22.067 0.829
0 18 38.117 0.862
0 19 6.617 1.003
0 20 15.414 0.943
0 21 34.447 0.607
0 22 35.597 0.856
0 23 7.121 1.011
0 24 13.311 0.828
0 25 40.397 0.534
0 26 83.531 0.511
0 27 27.295 0.568
0 28 43.148 0.826
0 29 3.642 0.842
0 30 12.095 0.91
0 31 37.011 0.864
0 32 42.758 0.842
0 33 9.811 0.581
0 34 41.169 0.765
0 35 6.983 1.018
0 36 7.891 0.98
0 37 35.758 0.745
0 38 39.517 0.962
0 39 12.121 0.756
0 40 31.483 0.571
0 41 45.082 0.946
0 42 11.443 0.636
0 43 31.587 0.805
0 44 35.124 0.676
0 45 28.703 0.932
0 46 46.49 0.534
0 47 43.904 0.816
0 48 49.069 0.688
0 49 20.583 0.567
1 2 41.678 0.517
1 3 3.597 0.633
1 4 5.877 0.638
1 5 49.881 0.692
1 6 37.007 0.728
1 7 27.053 0.819
1 8 12.167 0.954
1 9 9.687 0.663
1 10 1.985 0.784
1 11 48.039 0.616
1 12 45.778 0.881
1 13 11.381 0.963
1 14 10.936 0.825
1 15 45.709 0.953
1 16 46.152 0.692
1 17 43.559 0.819
1 18 42.867 0.627
1 19 47.398 0.948
1 20 47.635 0.547
1 21 7.211 0.6
1 22 59.2 0.511
1 23 42.758 0.538
1 24 44.614 0.69
1 25 8.352 0.979
1 26 11.99 0.872
1 27 47.286 0.687
1 28 18.916 0.854
1 29 9.415 0.898
1 30 33.917 0.833
1 31 17.272 1.006
1 32 5.512 0.967
1 33 5.025 0.563
1 34 5.978 0.639
1 35 25.136 0.978
1 36 28.069 0.923
1 37 43.382 0.949
1 38 7.689 0.721
1 39 4.336 0.959
1 40 33.578 0.962
1 41 18.196 0.699
1 42 27.708 0.548
1 43 16.149 0.525
1 44 47.818 0.544
1 45 27.036 0.937
1 46 21.153 0.859
1 47 14.809 1.006
1 48 10.684 0.764
1 49 3.244 0.982
2 3 28.026 0.14
2 4 8.037 0.268
2 5 42.143 0.371
2 6 45.202 0.247
2 7 4.72 0.316
2 8 49.517 0.964
2 9 32.032 0.227
2 10 18.876 0.276
2 11 43.669 0.151
2 12 48.996 0.182
2 13 10.55 0.173
2 14 5.556 0.566
2 15 12.533 0.169
2 16 28.635 0.316
2 17 23.775 0.53
2 18 32.835 0.183
2 19 37.815 0.613
2 20 16.738 0.85
2 21 11.012 0.114
2 22 49.691 1.006
2 23 41.919 0.995
2 24 30.979 0.332
2 25 25.301 0.905
2 26 0.531 0.976
2 27 92.435 0.07
2 28 16.686 0.188
2 29 44.624 0.35
2 30 11.138 0.784
2 31 21.509 0.171
2 32 11.237 0.654
2 33 42.985 0.131
2 34 11.341 0.2
2 35 10.687 0.512
2 36 40.273 0.322
2 37 13.311 0.829
2 38 19.441 0.872
2 39 12.523 0.243
2 40 48.81 0.355
2 41 25.363 0.307
2 42 3.8 0.11
2 43 40.684 0.204
2 44 12.481 0.259
2 45 23.374 0.593
2 46 71.553 0.069
2 47 28.62 0.804
2 48 97.488 0.087
2 49 19.083 0.132
3 4 4.784 0.42
3 5 13.889 0.38
3 6 9.309 0.244
3 7 26.208 0.342
3 8 20.947 0.973
3 9 39.146 0.241
3 10 25.913 0.335
3 11 21.235 0.128
3 12 46.4 0.118
3 13 36.475 0.111
3 14 15.276 0.592
3 15 37.335 0.174
3 16 7.576 0.367
3 17 30.363 0.842
3 18 49.945 0.175
3 19 21.053 1.019
3 20 7.446 0.673
3 21 5.789 1.28
3 22 38.337 0.765
3 23 22.382 0.986
3 24 36.173 0.29
3 25 26.952 0.554
3 26 5.442 0.566
3 27 26.048 0.15
3 28 48.718 0.148
3 29 20.397 0.358
3 30 44.659 0.881
3 31 11.257 1.28
3 32 1.825 0.856
3 33 47.424 1.28
3 34 4.223 0.266
3 35 46.948 0.829
3 36 39.619 0.363
3 37 15.784 0.676
3 38 26.428 0.603
3 39 3.244 0.279
3 40 11.549 0.42
3 41 27.779 0.259
3 42 48.975 1.28
3 43 39.931 0.211
3 44 41.854 0.258
3 45 30.151 0.796
3 46 24.325 0.122
3 47 41.495 0.836
3 48 37.827 0.126
3 49 33.905 0.126
4 5 2.98 0.326
4 6 23.448 0.318
4 7 15.357 0.342
4 8 41.018 0.608
4 9 5.6 0.365
4 10 54.722 0.108
4 11 30.571 0.345
4 12 21.364 0.364
4 13 1.624 0.386
4 14 14.458 0.99
4 15 28.232 0.371
4 16 39.714 0.384
4 17 11.434 0.778
4 18 9.826 0.333
4 19 47.879 0.569
4 20 46.147 0.914
4 21 6.123 0.317
4 22 47.491 0.649
4 23 46.121 0.585
4 24 3.019 0.385
4 25 7.358 0.777
4 26 48.028 0.85
4 27 38.142 0.268
4 28 1.048 0.31
4 29 34.392 0.373
4 30 38.49 0.64
4 31 18.962 0.308
4 32 21.345 0.893
4 33 24.576 0.418
4 34 43.036 0.277
4 35 4.352 0.777
4 36 30.334 0.382
4 37 17.685 0.772
4 38 28.011 0.986
4 39 34.313 0.321
4 40 79.013 0.25
4 41 23.556 0.258
4 42 2.802 0.305
4 43 21.341 0.283
4 44 43.953 0.298
4 45 48.854 0.583
4 46 41.163 0.371
4 47 12.503 0.601
4 48 38.61 0.32
4 49 17.944 0.252
5 6 69.459 0.215
5 7 40.604 0.321
5 8 10.618 0.791
5 9 10.457 0.275
5 10 23.794 0.398
5 11 2.987 0.381
5 12 41.308 0.282
5 13 6.284 0.372
5 14 44.161 0.724
5 15 33.904 0.299
5 16 47.057 0.353
5 17 10.716 0.606
5 18 36.111 0.233
5 19 9.636 0.916
5 20 22.953 0.888
5 21 45.054 0.28
5 22 20.661 0.883
5 23 2.683 0.741
5 24 11.933 0.356
5 25 34.865 0.789
5 26 2.748 0.92
5 27 29.528 0.282
5 28 15.693 0.319
5 29 33.142 0.346
5 30 35.592 0.906
5 31 25.092 0.322
5 32 21.251 0.621
5 33 18.837 0.283
5 34 38.301 0.271
5 35 13.73 0.991
5 36 12.091 0.272
5 37 37.084 1.017
5 38 20.351 0.74
5 39 17.48 0.288
5 40 7.715 0.319
5 41 1.923 0.228
5 42 47.982 0.351
5 43 40.961 0.291
5 44 58.61 0.102
5 45 48.655 0.564
5 46 49.86 0.3
5 47 11.404 0.723
5 48 31.587 0.235
5 49 27.068 0.342
6 7 28.918 0.288
6 8 45.962 0.563
6 9 34.579 0.37
6 10 7.133 0.369
6 11 2.094 0.221
6 12 14.592 0.214
6 13 29.356 0.298
6 14 26.445 0.62
6 15 21.054 0.336
6 16 12.815 0.396
6 17 33.117 0.622
6 18 28.568 0.333
6 19 2.068 0.776
6 20 19.611 1.01
6 21 36.168 0.333
6 22 42.213 0.574
6 23 9.872 1.016
6 24 7.319 0.38
6 25 6.045 0.867
6 26 40.728 0.995
6 27 3.325 0.239
6 28 44.344 0.232
6 29 43.44 0.38
6 30 12.117 0.788
6 31 8.386 0.246
6 32 26.995 0.609
6 33 4.059 0.338
6 34 21.637 0.329
6 35 32.847 0.839
6 36 16.882 0.26
6 37 0.102 0.592
6 38 29.678 0.829
6 39 33.211 0.333
6 40 8.651 0.317
6 41 27.501 0.314
6 42 35.069 0.351
6 43 2.09 0.323
6 44 41.67 0.193
6 45 5.679 0.918
6 46 15.491 0.38
6 47 15.05 0.76
6 48 12.462 0.301
6 49 47.563 0.259
7 8 32.31 0.95
7 9 37.533 0.383
7 10 27.496 0.296
7 11 40.659 0.312
7 12 4.524 0.362
7 13 45.932 0.242
7 14 22.974 0.763
7 15 42.413 0.303
7 16 90.766 0.151
7 17 2.725 0.953
7 18 11.187 0.302
7 19 34.282 0.644
7 20 14.508 0.834
7 21 1.45 0.247
7 22 12.777 0.762
7 23 4.42 0.514
7 24 35.414 0.359
7 25 28.959 0.615
7 26 24.049 0.604
7 27 16.15 0.244
7 28 9.3 0.307
7 29 96.104 0.241
7 30 10.715 0.657
7 31 18.623 0.322
7 32 22.786 0.767
7 33 30.982 0.293
7 34 4.824 0.314
7 35 1.027 0.903
7 36 18.523 0.361
7 37 34.563 0.806
7 38 20.217 0.643
7 39 10.59 0.285
7 40 41.93 0.312
7 41 24.727 0.406
7 42 44.825 0.355
7 43 45.831 0.319
7 44 46.041 0.348
7 45 5.187 0.946
7 46 21.141 0.265
7 47 30.989 0.695
7 48 1.116 0.348
7 49 44.822 0.244
8 9 38.574 0.677
8 10 33.822 0.673
8 11 45.799 0.846
8 12 26.042 0.768
8 13 25.135 0.599
8 14 30.573 0.988
8 15 3.047 0.9
8 16 16.106 0.878
8 17 44.261 0.907
8 18 39.646 0.624
8 19 0.515 0.873
8 20 48.166 0.862
8 21 4.444 0.869
8 22 49.665 0.885
8 23 42.697 0.896
8 24 6.044 0.639
8 25 11.534 0.735
8 26 31.226 0.794
8 27 29.379 0.579
8 28 23.433 0.693
8 29 10.043 0.942
8 30 1.217 0.732
8 31 5.38 0.918
8 32 37.534 0.839
8 33 25.184 0.766
8 34 30.407 0.877
8 35 24.472 0.977
8 36 12.336 0.607
8 37 46.373 0.511
8 38 18.047 0.88
8 39 47.415 0.606
8 40 18.079 0.627
8 41 14.464 0.584
8 42 11.887 0.821
8 43 23.963 0.591
8 44 36.731 0.528
8 45 13.682 0.909
8 46 42.093 0.733
8 47 44.956 0.866
8 48 48.414 0.602
8 49 32.887 0.995
9 10 5.355 0.379
9 11 6.248 0.335
9 12 6.086 0.269
9 13 36.554 0.364
9 14 47.788 0.6
9 15 23.566 0.237
9 16 14.384 0.381
9 17 22.919 0.52
9 18 41.445 0.221
9 19 24.937 1.013
9 20 42.792 0.618
9 21 32.958 0.256
9 22 9.503 0.688
9 23 40.25 0.968
9 24 60.566 0.143
9 25 49.299 0.943
9 26 20.212 0.653
9 27 6.698 0.277
9 28 39.288 0.35
9 29 22.949 0.245
9 30 30.84 0.975
9 31 12.004 0.378
9 32 48.417 0.759
9 33 46.758 0.346
9 34 19.945 0.363
9 35 36.456 0.906
9 36 59.371 0.148
9 37 32.141 0.987
9 38 21.585 0.663
9 39 30.018 0.301
9 40 14.701 0.395
9 41 41.723 0.318
9 42 30.358 0.301
9 43 15.144 0.309
9 44 39.89 0.343
9 45 9.033 0.546
9 46 14.711 0.268
9 47 43.776 0.808
9 48 22.693 0.348
9 49 45.909 0.34
10 11 5.966 0.31
10 12 33.885 0.388
10 13 15.074 0.249
10 14 12.629 0.852
10 15 49.603 0.257
10 16 24.672 0.351
10 17 36.658 1.012
10 18 35.424 0.253
10 19 9.259 0.782
10 20 38.652 0.92
10 21 43.245 0.262
10 22 40.523 0.828
10 23 5.07 0.963
10 24 40.449 0.309
10 25 1.265 0.938
10 26 23.1 0.521
10 27 24.756 0.365
10 28 38.097 0.254
10 29 10.159 0.4
10 30 48.549 0.565
10 31 38.399 0.388
10 32 30.307 0.678
10 33 10.983 0.361
10 34 45.779 0.331
10 35 13.76 0.734
10 36 49.048 0.364
10 37 27.189 0.746
10 38 27.567 0.703
10 39 5.551 0.315
10 40 58.481 0.15
10 41 18.111 0.298
10 42 1.796 0.259
10 43 11.467 0.344
10 44 46.957 0.349
10 45 25.725 0.706
10 46 41.242 0.291
10 47 22.165 0.934
10 48 20.277 0.289
10 49 0.022 0.394
11 12 48.717 0.143
11 13 22.554 0.195
11 14 37.601 0.912
11 15 34.622 0.139
11 16 28.947 0.264
11 17 35.772 0.762
11 18 41.617 0.126
11 19 20.284 0.54
11 20 44.007 0.922
11 21 45.205 0.172
11 22 42.843 0.961
11 23 32.718 0.758
11 24 9.683 0.218
11 25 42.672 0.914
11 26 4.793 1.009
11 27 13.177 0.189
11 28 81.593 0.068
11 29 14.728 0.32
11 30 31.278 0.759
11 31 18.715 0.174
11 32 28.322 0.756
11 33 11.24 0.13
11 34 40.038 0.326
11 35 47.126 0.611
11 36 41.324 0.384
11 37 5.608 1.005
11 38 29.195 0.559
11 39 47.951 0.259
11 40 6.715 0.251
11 41 24.778 0.317
11 42 16.769 0.202
11 43 98.481 0.078
11 44 30.446 0.315
11 45 10.399 0.93
11 46 24.314 0.172
11 47 46.804 1.002
11 48 45.544 0.209
11 49 39.341 0.135
12 13 51.268 0.09
12 14 0.258 0.772
12 15 60.408 0.111
12 16 48.036 0.399
12 17 0.909 0.57
12 18 21.866 0.165
12 19 2.603 0.973
12 20 19.556 0.626
12 21 26.233 0.166
12 22 34.295 0.676
12 23 45.962 0.991
12 24 39.865 0.387
12 25 34.601 0.817
12 26 21.904 0.84
12 27 46.698 0.138
12 28 30.122 0.155
12 29 5.248 0.322
12 30 8.213 0.841
12 31 5.192 0.158
12 32 13.285 0.715
12 33 34.142 0.157
12 34 7.339 0.309
12 35 22.609 1.001
12 36 15.223 0.261
12 37 24.372 0.752
12 38 17.139 0.649
12 39 27.871 0.215
12 40 1.753 0.366
12 41 41.74 0.261
12 42 16.112 0.157
12 43 48.467 0.195
12 44 25.318 0.301
12 45 32.366 0.578
12 46 14.464 0.18
12 47 45.805 0.863
12 48 13.794 0.172
12 49 85.833 0.043
13 14 25.2 0.861
13 15 78.431 0.077
13 16 43.797 0.319
13 17 4.411 0.847
13 18 4.763 0.193
13 19 11.626 0.827
13 20 39.747 0.88
13 21 6.287 0.171
13 22 48.257 0.979
13 23 33.217 0.928
13 24 41.126 0.295
13 25 46.823 0.73
13 26 12.519 0.768
13 27 34.632 0.163
13 28 23.296 0.176
13 29 31.764 0.272
13 30 48.078 0.553
13 31 0.686 0.126
13 32 33.831 0.564
13 33 47.062 0.151
13 34 10.424 0.337
13 35 46.694 0.674
13 36 24.59 0.332
13 37 8.39 0.747
13 38 5.446 1.014
13 39 46.728 0.279
13 40 19.793 0.394
13 41 21.336 0.312
13 42 6.279 0.176
13 43 27.367 0.189
13 44 18.666 0.234
13 45 10.18 0.912
13 46 0.144 0.14
13 47 28.169 0.868
13 48 45.016 0.154
13 49 67.488 0.106
14 15 23.332 0.512
14 16 29.475 0.944
14 17 29.901 0.733
14 18 12.983 0.638
14 19 30.242 0.808
14 20 57.769 0.511
14 21 7.993 0.52
14 22 17.727 0.859
14 23 6.705 0.976
14 24 25.578 0.741
14 25 25.17 0.839
14 26 6.709 0.662
14 27 49.73 0.827
14 28 24.431 0.758
14 29 25.654 0.893
14 30 7.214 0.61
14 31 6.765 0.968
14 32 43.095 0.801
14 33 42.416 0.718
14 34 21.156 0.995
14 35 28.878 0.606
14 36 47.781 0.988
14 37 16.706 0.626
14 38 21.049 0.784
14 39 36.765 0.882
14 40 44.805 0.899
14 41 1.17 0.806
14 42 32.472 0.792
14 43 48.679 0.729
14 44 43.564 0.705
14 45 10.48 1.012
14 46 27.085 0.951
14 47 29.303 0.787
14 48 3.974 0.923
14 49 38.391 0.786
15 16 17.196 0.369
15 17 20.266 0.734
15 18 18.583 0.192
15 19 47.168 0.654
15 20 10.96 0.912
15 21 25.75 0.157
15 22 41.61 0.558
15 23 19.054 0.743
15 24 5.315 0.338
15 25 26.746 1.007
15 26 22.544 0.779
15 27 24.557 0.161
15 28 18.08 0.204
15 29 33.511 0.392
15 30 49.161 0.569
15 31 16.825 0.154
15 32 28.547 0.769
15 33 4.212 0.186
15 34 26.74 0.34
15 35 16.941 0.82
15 36 20.583 0.278
15 37 42.442 0.706
15 38 44.445 0.71
15 39 40.779 0.237
15 40 28.83 0.316
15 41 45.234 0.199
15 42 25.281 0.156
15 43 44.101 0.132
15 44 39.521 0.24
15 45 23.377 0.835
15 46 0.685 0.132
15 47 20.076 0.891
15 48 4.724 0.142
15 49 78.169 0.077
16 17 10.795 0.815
16 18 21.622 0.308
16 19 34.671 0.714
16 20 27.59 0.517
16 21 18.912 0.357
16 22 22.39 0.735
16 23 3.82 0.769
16 24 40.877 0.339
16 25 19.609 0.629
16 26 27.655 0.989
16 27 5.582 0.273
16 28 15.38 0.251
16 29 80.763 0.118
16 30 39.521 1.004
16 31 3.937 0.385
16 32 13.427 0.671
16 33 36.24 0.32
16 34 45.544 0.243
16 35 23.204 0.653
16 36 31.866 0.389
16 37 47.275 0.638
16 38 31.166 0.767
16 39 3.177 0.332
16 40 0.647 0.349
16 41 9.919 0.323
16 42 3.33 0.391
16 43 41.532 0.267
16 44 38.041 0.344
16 45 22.754 0.689
16 46 29.739 0.356
16 47 3.008 0.895
16 48 18.464 0.293
16 49 32.215 0.407
17 18 12.997 0.966
17 19 4.786 0.907
17 20 37.165 0.899
17 21 28.719 0.722
17 22 11.481 0.986
17 23 37.115 0.761
17 24 6.835 0.794
17 25 61.671 0.511
17 26 11.872 0.922
17 27 26.396 0.91
17 28 20.108 0.854
17 29 37.29 0.775
17 30 18.21 0.997
17 31 42.092 0.864
17 32 48.572 0.918
17 33 34.799 0.818
17 34 38.197 0.69
17 35 34.896 1.016
17 36 25.616 0.763
17 37 3.923 0.924
17 38 12.224 0.943
17 39 30.106 0.555
17 40 48.766 0.786
17 41 25.77 0.529
17 42 14.826 0.775
17 43 17.379 0.902
17 44 14.763 0.738
17 45 10.481 0.704
17 46 28.589 1.019
17 47 22.275 0.747
17 48 39.843 0.792
17 49 41.963 0.598
18 19 3.489 0.578
18 20 5.772 0.962
18 21 35.341 0.165
18 22 16.138 0.516
18 23 27.342 0.606
18 24 10.598 0.271
18 25 12.735 0.954
18 26 35.992 0.949
18 27 45.489 0.191
18 28 65.662 0.096
18 29 32.845 0.409
18 30 14.936 0.751
18 31 13.468 0.131
18 32 26.802 0.736
18 33 12.795 0.166
18 34 29.044 0.307
18 35 17.545 0.67
18 36 36.44 0.241
18 37 10.131 1.009
18 38 0.655 0.786
18 39 1.213 0.226
18 40 28.079 0.322
18 41 15.087 0.268
18 42 6.591 0.189
18 43 70.746 0.075
18 44 26.64 0.358
18 45 35.12 0.55
18 46 28.433 0.169
18 47 49.335 0.546
18 48 15.86 0.191
18 49 4.604 0.194
19 20 29.228 0.699
19 21 26.521 0.522
19 22 14.778 0.942
19 23 32.728 0.613
19 24 41.648 0.516
19 25 48.046 0.89
19 26 39.25 0.928
19 27 8.515 0.879
19 28 25.144 0.683
19 29 33.305 0.904
19 30 47.915 0.684
19 31 14.1 0.869
19 32 43.954 0.511
19 33 23.949 0.96
19 34 6.385 0.796
19 35 9.03 0.827
19 36 22.803 0.831
19 37 26.985 1.011
19 38 28.395 0.745
19 39 49.436 0.707
19 40 48.608 0.756
19 41 12.045 0.893
19 42 32.9 0.624
19 43 38.202 0.75
19 44 9.177 0.931
19 45 17.261 0.806
19 46 1.111 0.92
19 47 17.367 0.691
19 48 48.514 0.765
19 49 23.333 0.684
20 21 17.204 0.827
20 22 2.507 1.004
20 23 9.124 0.602
20 24 8.843 0.781
20 25 14.925 0.982
20 26 6.785 0.835
20 27 38.581 0.857
20 28 38.26 0.936
20 29 36.779 0.894
20 30 0.081 0.62
20 31 14.289 0.925
20 32 44.011 0.8
20 33 6.756 0.834
20 34 33.498 0.704
20 35 23.805 0.677
20 36 2.799 0.86
20 37 43.736 0.55
20 38 21.084 0.997
20 39 24.116 0.87
20 40 28.261 0.655
20 41 22.022 0.567
20 42 7.283 0.9
20 43 38.833 0.596
20 44 1.85 0.719
20 45 26.066 0.908
20 46 26.058 0.519
20 47 13.083 0.93
20 48 47.486 0.83
20 49 34.918 0.886
21 22 32.107 0.606
21 23 14.229 0.729
21 24 31.813 0.353
21 25 9.39 0.573
21 26 11.994 0.73
21 27 10.417 0.106
21 28 19.683 0.186
21 29 20.992 0.358
21 30 27.762 0.796
21 31 26.375 1.28
21 32 1.87 1.014
21 33 38.351 1.28
21 34 39.805 0.241
21 35 15.658 0.811
21 36 38.786 0.341
21 37 34.425 0.797
21 38 20.265 0.646
21 39 47.142 0.244
21 40 32.559 0.315
21 41 0.392 0.324
21 42 10.884 1.28
21 43 10.809 0.194
21 44 12.494 0.266
21 45 32.394 0.73
21 46 49.987 0.14
21 47 37.024 0.544
21 48 15.611 0.151
21 49 31.888 0.156
22 23 10.284 1.018
22 24 15.261 0.805
22 25 30.72 0.928
22 26 47.991 0.911
22 27 22.134 0.911
22 28 14.325 0.935
22 29 18.613 0.733
22 30 26.862 0.877
22 31 29.574 0.604
22 32 23.612 0.978
22 33 8.436 0.732
22 34 17.622 0.589
22 35 6.658 0.947
22 36 32.296 0.543
22 37 44.831 0.82
22 38 27.93 0.821
22 39 21.321 0.657
22 40 29.821 0.903
22 41 15.859 0.723
22 42 36.114 0.983
22 43 46.375 0.759
22 44 3.148 0.982
22 45 33.139 0.908
22 46 24.903 0.726
22 47 30.694 0.964
22 48 36.678 0.726
22 49 35.632 0.866
23 24 40.731 0.783
23 25 31.523 0.777
23 26 23.87 0.859
23 27 24.287 0.534
23 28 16.799 0.63
23 29 33.444 0.558
23 30 45.408 0.819
23 31 18.957 0.714
23 32 45.809 0.957
23 33 23.998 0.919
23 34 25.507 0.678
23 35 92.637 0.511
23 36 38.039 0.554
23 37 20.729 0.811
23 38 10.106 0.99
23 39 1.541 0.805
23 40 36.71 0.618
23 41 8.201 0.854
23 42 26.292 0.526
23 43 23.339 0.913
23 44 22.973 0.585
23 45 45.092 0.833
23 46 28.898 0.673
23 47 13.664 1.023
23 48 17.25 0.572
23 49 38.961 0.815
24 25 17.087 0.675
24 26 48.213 0.586
24 27 25.214 0.348
24 28 16.843 0.278
24 29 45.292 0.401
24 30 34.601 0.779
24 31 16.795 0.357
24 32 2.022 0.626
24 33 16.869 0.379
24 34 14.664 0.316
24 35 19.855 0.879
24 36 46.453 0.217
24 37 48.696 0.518
24 38 27.932 0.538
24 39 40.69 0.327
24 40 17.415 0.383
24 41 33.938 0.35
24 42 22.695 0.341
24 43 46.795 0.306
24 44 19.169 0.311
24 45 16.759 0.746
24 46 20.538 0.237
24 47 27.022 0.515
24 48 0.285 0.36
24 49 42.899 0.222
25 26 8.5 0.93
25 27 10.599 0.758
25 28 33.484 0.617
25 29 33.014 0.932
25 30 3.827 0.799
25 31 3.739 0.721
25 32 5.678 0.903
25 33 2.829 0.99
25 34 29.187 0.54
25 35 13.796 0.706
25 36 24.117 0.564
25 37 46.655 0.896
25 38 0.039 0.918
25 39 28.55 0.99
25 40 8.542 0.716
25 41 4.258 0.735
25 42 23.45 0.849
25 43 33.257 0.589
25 44 48.783 0.863
25 45 22.725 0.736
25 46 48.114 0.923
25 47 10.972 0.651
25 48 48.672 0.839
25 49 19.879 0.683
26 27 31.049 0.767
26 28 29.057 0.86
26 29 28.308 0.905
26 30 16.033 0.87
26 31 7.703 1.001
26 32 33.515 1.004
26 33 46.291 0.773
26 34 45.097 0.824
26 35 41.251 1.01
26 36 15.48 1.01
26 37 27.66 0.865
26 38 31.321 0.856
26 39 22.055 0.987
26 40 49.191 0.576
26 41 8.187 0.695
26 42 15.156 0.798
26 43 49.351 0.918
26 44 46.231 0.969
26 45 49.748 0.947
26 46 17.469 0.783
26 47 13.104 0.989
26 48 30.676 0.894
26 49 26.076 0.522
27 28 30.81 0.178
27 29 39.831 0.395
27 30 37.404 0.608
27 31 28.438 0.169
27 32 44.803 0.609
27 33 35.355 0.108
27 34 2.305 0.194
27 35 9.793 0.531
27 36 0.203 0.305
27 37 2.496 0.947
27 38 40.782 0.866
27 39 49.311 0.222
27 40 23.736 0.251
27 41 40.288 0.257
27 42 44.364 0.163
27 43 45.21 0.162
27 44 7.237 0.383
27 45 17.568 0.987
27 46 49.723 0.089
27 47 26.747 1.015
27 48 41.262 0.092
27 49 7.976 0.166
28 29 43.326 0.255
28 30 7.309 0.864
28 31 8.847 0.175
28 32 17.0 0.898
28 33 19.844 0.129
28 34 7.593 0.213
28 35 48.867 0.675
28 36 14.102 0.234
28 37 10.371 0.963
28 38 42.556 0.59
28 39 30.676 0.342
28 40 18.188 0.302
28 41 40.536 0.273
28 42 1.171 0.178
28 43 69.653 0.063
28 44 39.358 0.234
28 45 41.84 1.019
28 46 48.07 0.171
28 47 33.172 0.949
28 48 15.179 0.203
28 49 33.717 0.165
29 30 39.109 0.524
29 31 9.378 0.394
29 32 12.483 0.761
29 33 3.711 0.352
29 34 49.481 0.33
29 35 7.374 0.808
29 36 17.142 0.322
29 37 30.107 0.577
29 38 39.079 0.746
29 39 29.041 0.252
29 40 1.609 0.336
29 41 28.651 0.268
29 42 9.171 0.325
29 43 1.01 0.377
29 44 3.878 0.363
29 45 46.595 0.962
29 46 27.401 0.398
29 47 44.529 0.628
29 48 4.165 0.255
29 49 1.586 0.36
30 31 8.732 0.838
30 32 7.972 0.886
30 33 5.278 0.565
30 34 34.343 1.0
30 35 0.101 0.92
30 36 22.015 0.864
30 37 29.218 0.969
30 38 11.408 0.887
30 39 10.162 1.004
30 40 17.308 0.523
30 41 23.949 0.609
30 42 36.918 0.927
30 43 35.644 0.843
30 44 31.349 0.908
30 45 23.211 0.868
30 46 33.254 1.014
30 47 88.946 0.511
30 48 43.958 1.005
30 49 14.785 0.813
31 32 42.036 0.767
31 33 4.022 1.28
31 34 18.243 0.334
31 35 12.253 0.918
31 36 47.823 0.265
31 37 47.672 1.008
31 38 34.397 0.579
31 39 18.237 0.305
31 40 9.464 0.28
31 41 6.292 0.275
31 42 26.972 1.28
31 43 43.627 0.131
31 44 25.609 0.25
31 45 22.393 1.01
31 46 39.792 0.111
31 47 38.22 0.605
31 48 18.853 0.145
31 49 15.742 0.151
32 33 27.659 0.647
32 34 10.23 0.72
32 35 41.74 0.92
32 36 47.872 0.898
32 37 33.714 0.873
32 38 26.497 0.928
32 39 30.652 0.93
32 40 37.229 0.838
32 41 49.382 0.678
32 42 37.328 0.614
32 43 49.571 0.715
32 44 43.086 0.989
32 45 44.058 0.875
32 46 15.105 0.88
32 47 31.859 0.836
32 48 19.407 0.515
32 49 6.432 0.964
33 34 3.54 0.21
33 35 5.299 0.812
33 36 34.398 0.28
33 37 43.38 0.769
33 38 37.444 0.873
33 39 40.095 0.208
33 40 1.75 0.355
33 41 36.656 0.339
33 42 10.0 1.28
33 43 7.7 0.168
33 44 44.972 0.304
33 45 37.283 1.009
33 46 45.729 0.132
33 47 18.837 0.656
33 48 38.939 0.148
33 49 4.157 0.186
34 35 40.697 0.826
34 36 40.582 0.336
34 37 28.136 0.874
34 38 28.344 0.522
34 39 90.16 0.178
34 40 24.149 0.289
34 41 52.867 0.18
34 42 33.21 0.314
34 43 34.157 0.203
34 44 12.122 0.243
34 45 30.081 0.772
34 46 0.34 0.189
34 47 1.28 0.786
34 48 8.429 0.3
34 49 33.154 0.212
35 36 22.85 0.948
35 37 0.66 1.008
35 38 46.811 0.883
35 39 10.365 0.553
35 40 16.661 0.768
35 41 7.614 0.881
35 42 38.582 0.875
35 43 32.974 0.737
35 44 15.135 0.778
35 45 15.362 0.91
35 46 42.49 0.593
35 47 18.76 0.788
35 48 40.909 0.898
35 49 27.111 0.823
36 37 41.711 0.995
36 38 12.031 0.573
36 39 44.252 0.356
36 40 19.771 0.389
36 41 41.789 0.332
36 42 34.163 0.348
36 43 24.836 0.303
36 44 41.705 0.336
36 45 13.857 0.627
36 46 21.444 0.231
36 47 39.052 0.883
36 48 20.255 0.276
36 49 8.73 0.308
37 38 46.374 0.942
37 39 45.341 1.003
37 40 22.217 0.512
37 41 20.442 0.91
37 42 11.32 0.81
37 43 29.446 0.516
37 44 8.948 0.724
37 45 3.125 0.872
37 46 33.144 0.595
37 47 31.232 0.924
37 48 19.174 1.005
37 49 15.193 0.569
38 39 16.154 0.991
38 40 41.379 0.919
38 41 5.041 0.782
38 42 44.236 0.57
38 43 25.588 0.809
38 44 37.608 0.894
38 45 40.913 0.511
38 46 22.562 0.923
38 47 9.889 0.735
38 48 25.459 0.698
38 49 2.0 1.007
39 40 45.696 0.26
39 41 47.528 0.151
39 42 1.31 0.271
39 43 46.262 0.252
39 44 33.213 0.302
39 45 9.695 0.678
39 46 34.381 0.304
39 47 6.698 0.76
39 48 38.199 0.284
39 49 18.073 0.337
40 41 34.151 0.342
40 42 30.257 0.347
40 43 41.34 0.251
40 44 34.613 0.367
40 45 33.263 0.638
40 46 30.465 0.363
40 47 5.191 0.661
40 48 27.227 0.391
40 49 14.127 0.326
41 42 40.626 0.296
41 43 27.345 0.277
41 44 48.574 0.333
41 45 33.032 0.921
41 46 18.04 0.307
41 47 38.88 0.653
41 48 42.284 0.223
41 49 42.094 0.267
42 43 22.995 0.192
42 44 12.451 0.37
42 45 21.328 0.839
42 46 21.629 0.115
42 47 4.755 0.813
42 48 49.576 0.162
42 49 40.015 0.151
43 44 28.944 0.269
43 45 34.346 0.521
43 46 40.091 0.14
43 47 26.295 0.528
43 48 28.497 0.165
43 49 26.735 0.187
44 45 39.215 0.766
44 46 9.769 0.26
44 47 16.112 0.895
44 48 17.701 0.364
44 49 22.762 0.372
45 46 6.93 0.71
45 47 16.313 1.02
45 48 42.898 0.848
45 49 3.811 0.606
46 47 25.829 0.798
46 48 63.517 0.098
46 49 34.484 0.127
47 48 31.528 0.924
47 49 21.424 0.697
48 49 31.634 0.187