50
71.54
0 1 41.4 65.6
0 2 5.12 3.33
0 3 18.7 3.35
0 4 57.1 17.3
0 5 6.1 1.65
0 6 0.53 0.122
0 7 17 1
0 8 35.3 53.1
0 9 12.3 4.64
0 10 1.1 0.980
0 11 14.33 16.4
0 12 1.6 3.2
0 13 4.66 1.23
0 14 35.1 36.36
0 15 18.4 4.12
0 16 17.3 3.12
0 17 4.4 1.64
0 18 26.4 4.46
0 19 4.64 3.36
0 20 87.46 59.45
0 21 45 16.3
0 22 6.34 4.335
0 23 17.5 45.3
0 24 5.12 0.980
0 25 12.4 16.4
0 26 88.8 69.8
0 27 12.3 5.43
0 28 16.43 8.12
0 29 1.45 7.45
0 30 1 4.13
0 31 17 12.33
0 32 61.4 1.34
0 33 1.65 1.43
0 34 1.35 1.77
0 35 2.75 4.31
0 36 5.412 0.122
0 37 18.66 4.12
0 38 6.64 3.54
0 39 75.45 55.7
0 40 16.34 6.34
0 41 13.2 8.12
0 42 5.35 6.12
0 43 8.6 44.1
0 44 34.1 18.512
0 45 4.12 6.4
0 46 0.64 0.001
0 47 1.12 0.022
0 48 5.12 0.989
0 49 3.64 0.746
1 2 34.12 18.56
1 3 0.63 0.001
1 4 54.1 1.11
1 5 0.75 0.33
1 6 18.5 4.12
1 7 4.34 0.934
1 8 13.1 0.32
1 9 0.001 0.001
1 10 0.235 0.012
1 11 0.531 0.122
1 12 1.235 0.351
1 13 34.1 39.5
1 14 17.4 7.53
1 15 0.753 0.412
1 16 0.088 0.001
1 17 0.32 0.012
1 18 0.633 0.001
1 19 56.3 69.5
1 20 43.1 23.6
1 21 12 63
1 22 0.163 0.062
1 23 1.32 6.13
1 24 4.12 3.366
1 25 12.35 7.43
1 26 64.1 0.13
1 27 8.6 12.56
1 28 5.45 7.3
1 29 3.16 2.64
1 30 12.4 0.34
1 31 86.6 67.1
1 32 99.9 71.3
1 33 13.6 67.56
1 34 85 67.4
1 35 77 65.7
1 36 36 27.4
1 37 98.8 59.65
1 38 12.53 23.35
1 39 0.36 0.46
1 40 0.174 0.001
1 41 0.351 0.001
1 42 0.53 0.012
1 43 1.64 1.2
1 44 1.4 0.026
1 45 78.5 69.69
1 46 5.12 0.55
1 47 46.12 37.55
1 48 16.4 44.6
1 49 12.2 3.35
2 3 41.7 41.855
2 4 64.12 69.2
2 5 18.4 13.5
2 6 13.3 1.111
2 7 13 4.64
2 8 1.64 0.35
2 9 1.77 0.012
2 10 1.66 0.856
2 11 5.1 5.64
2 12 12.5 75.1
2 13 64.4 67.7
2 14 12.2 3.64
2 15 16.4 4.64
2 16 8.45 7.177
2 17 0.275 0.011
2 18 0.275 0.57
2 19 0.852 0.57
2 20 0.725 0.75
2 21 0.57 0.24
2 22 0.42 0.77
2 23 13.2 5.4
2 24 12.3 6.64
2 25 18.6 5.33
2 26 78.54 64.1
2 27 45.1 12.45
2 28 1.54 0.741
2 29 0.771 0.001
2 30 0.132 0.001
2 31 0.15 0.035
2 32 16.4 9.57
2 33 0.16 0.046
2 34 17.5 12.5
2 35 6.413 4.31
2 36 18.6 27.2
2 37 86.5 65.6
2 38 12.4 6.75
2 39 1.6 0.003
2 40 18.5 8.554
2 41 18.4 8.63
2 42 12.3 6.13
2 43 99.9 71.5
2 44 12.7 17.4
2 45 13.1 8.3
2 46 0.512 0.266
2 47 2.12 0.455
2 48 3.12 0.644
2 49 0.754 0.054
3 4 1.65 1.22
3 5 8.76 5.41
3 6 64.4 69.9
3 7 12.3 13.2
3 8 18.7 7.4
3 9 3.23 3.23
3 10 8.888 4.888
3 11 2 1
3 12 2 1
3 13 53.1 2.12
3 14 12 53
3 15 3.1 3.1
3 16 35 67
3 17 12.4 9.45
3 18 18.7 9.77
3 19 98.9 70.1
3 20 12.43 28.6
3 21 4.23 1.64
3 22 0.45 0.001
3 23 0.333 0.003
3 24 0.631 0.053
3 25 7 6
3 26 5 4
3 27 4.12 1
3 28 8.3 2
3 29 3 2
3 30 1 0.001
3 31 35.1 58.4
3 32 1.24 0.35
3 33 7.4 3.3
3 34 0.012 0.001
3 35 1 0.001
3 36 5 4.434
3 37 2.6 3.2
3 38 1.7 0.43
3 39 1.64 0.78
3 40 12.2 0.55
3 41 18.5 6.45
3 42 12.4 57.5
3 43 54.23 86.2
3 44 12.5 57.1
3 45 3.43 0.001
3 46 34.1 57.1
3 47 3.14 0.64
3 48 8.43 6.31
3 49 46.1 56.4
4 5 65.64 70.2
4 6 12 3
4 7 28 47
4 8 8.67 0.13
4 9 0.35 0.75
4 10 0.002 0.002
4 11 53.2 46
4 12 28.4 45.1
4 13 0.005 0.346
4 14 0.025 0.002
4 15 0.566 0.35
4 16 0.27 0.467
4 17 0.753 0.547
4 18 57 68.5
4 19 57 62.9
4 20 0.53 0.754
4 21 2.3 1.55
4 22 3.7 26.4
4 23 35.3 66.3
4 24 25.3 13.6
4 25 3.53 0.53
4 26 16.8 0.35
4 27 35.2 7.43
4 28 35 64
4 29 3 2
4 30 9 0.01
4 31 5 4
4 32 4 4
4 33 2 1
4 34 1 1
4 35 0.64 0.84
4 36 0.001 0.001
4 37 0.74 0.35
4 38 0.35 0.001
4 39 0.35 0.01
4 40 74.1 67.4
4 41 35.1 46.3
4 42 0.011 0.053
4 43 0.35 0.53
4 44 0.35 0.53
4 45 0.35 0.53
4 46 16 0.177
4 47 0.75 2.5
4 48 1.6 3.1
4 49 86.1 67.8
5 6 23.3 64.1
5 7 3.2 3.1
5 8 13.3 6.42
5 9 12.5 64.1
5 10 8.5 6.1
5 11 23.4 16.4
5 12 4.12 3.33
5 13 0.12 0.001
5 14 3.123 0.012
5 15 0.164 0.33
5 16 18.5 18.5
5 17 12.4 3.12
5 18 72.4 67.89
5 19 63.1 0.35
5 20 89.8 59.8
5 21 21.3 46.3
5 22 87.1 1.21
5 23 5.32 4.2
5 24 4.88 1.53
5 25 4.64 2.66
5 26 1.4 0.124
5 27 8.4 4.52
5 28 1.3 0.35
5 29 53.1 66.7
5 30 0.153 0.001
5 31 6.43 53.1
5 32 4.13 35.1
5 33 2.6 0.001
5 34 18.6 0.56
5 35 5.3 0.12
5 36 3.1 0.012
5 37 6.1 1.64
5 38 7.5 4.5
5 39 67.1 41.53
5 40 26.3 36.2
5 41 16.4 8.2
5 42 16.4 18.8
5 43 12.3 2.12
5 44 17.4 5.12
5 45 16.4 4.12
5 46 17.5 8.68
5 47 0.46 0.777
5 48 0.299 0.001
5 49 26.3 1.31
6 7 0.799 0.001
6 8 27.5 4.1
6 9 2.13 1.001
6 10 5.15 2.1
6 11 6.4 1.12
6 12 46.1 75.1
6 13 56.1 46.4
6 14 31.3 16.6
6 15 5.76 0.323
6 16 27.2 3.66
6 17 12.5 7.97
6 18 0.69 0.069
6 19 6.23 1.886
6 20 12.3 5.35
6 21 1.5 3.2
6 22 1.53 0.353
6 23 0.12 0.50
6 24 0.353 0.012
6 25 0.533 0.001
6 26 1 0.012
6 27 1 0.001
6 28 35 54.2
6 29 15.3 6.4
6 30 12.4 5.34
6 31 3.12 0.12
6 32 1.55 0.015
6 33 12.5 5.33
6 34 12.4 2.44
6 35 16 5
6 36 4 2
6 37 7.3 2.11
6 38 3 0.012
6 39 12.2 5.3
6 40 85.2 70.2
6 41 3.12 0.525
6 42 1.23 0.983
6 43 0.909 0.001
6 44 3.12 0.35
6 45 0.12 0.64
6 46 1.4 0.055
6 47 46.1 65.1
6 48 78.8 60.66
6 49 0.035 70.1
7 8 99.9 70.1
7 9 13.3 6.3
7 10 7.2 1.054
7 11 64.3 46.2
7 12 64 43
7 13 3.3 0.033
7 14 13.5 6.3
7 15 3.12 0.343
7 16 0.46 0.12
7 17 0.001 0.001
7 18 0.111 0.001
7 19 1.111 0.001
7 20 35.3 36.1
7 21 89.9 65.1
7 22 12.53 2.74
7 23 64.1 67.8
7 24 16.4 64.1
7 25 0.71 0.466
7 26 18.7 46.4
7 27 0.74 0.064
7 28 13.64 3.32
7 29 16.4 4.13
7 30 4.1 1.32
7 31 34 1
7 32 64.1 55.8
7 33 98.9 50.7
7 34 99.9 61
7 35 5.12 0.555
7 36 6.4 1.64
7 37 6.4 1.41
7 38 2.3 0.533
7 39 0.23 0.001
7 40 1 0.001
7 41 5.3 0.35
7 42 78.6 60.7
7 43 99.999 68.91
7 44 35.1 6.42
7 45 0.13 0.003
7 46 2.53 0.787
7 47 0.233 0.001
7 48 1.32 0.001
7 49 54.1 55.6
8 9 34.5 41.1
8 10 76.4 40.5
8 11 12.5 2.35
8 12 3.12 0.012
8 13 0.123 0.53
8 14 0.53 0.01
8 15 12.2 2.2
8 16 1.6 0.133
8 17 17.5 4.12
8 18 16.3 23.1
8 19 67.6 40.2
8 20 99.9 20.9
8 21 12.3 2.42
8 22 17.5 23
8 23 12.2 2.77
8 24 18.65 7.55
8 25 12.4 4.31
8 26 19.9 0.53
8 27 13.3 17
8 28 78.5 70
8 29 69 23
8 30 15.333 0.69
8 31 12.4 6.5
8 32 12.3 6.4
8 33 1.33 0.003
8 34 1.32 0.01
8 35 1.64 0.046
8 36 1.436 0.566
8 37 0.12 0.05
8 38 0.111 0.001
8 39 1 0.001
8 40 45.1 64.1
8 41 46.3 23.3
8 42 16.6 7.23
8 43 3.12 0.313
8 44 12.35 8.5
8 45 3.21 3.12
8 46 9.12 0.09
8 47 6.3 6.4
8 48 1.21 0.035
8 49 1.23 0.466
9 10 1.35 0.61
9 11 64.1 0.45
9 12 8.17 5.1
9 13 64.4 43.1
9 14 69.9 33.3
9 15 2.1 0.001
9 16 2.1 0.001
9 17 0.1 0.001
9 18 34.1 46.1
9 19 1.2 0.001
9 20 3.1 0.035
9 21 1.6 0.035
9 22 0.12 0.045
9 23 0.611 0.007
9 24 0.12 0.014
9 25 1.65 0.544
9 26 1.55 0.616
9 27 16.4 4.12
9 28 13.3 0.35
9 29 18.5 7.45
9 30 99.9 69.69
9 31 41.3 33.1
9 32 17.4 45.1
9 33 1.23 0.035
9 34 1.66 0.064
9 35 84.1 0.34
9 36 45.1 6.44
9 37 1.45 0.46
9 38 74.1 1.64
9 39 46.1 7.44
9 40 6.12 0.122
9 41 17.5 4.12
9 42 43.2 17.5
9 43 15 1.3
9 44 17.4 6.4
9 45 12.54 1.111
9 46 0.26 0.012
9 47 0.16 0.005
9 48 0.611 0.006
9 49 0.123 0.012
10 11 17 3.3
10 12 54 1.1
10 13 54.1 13.3
10 14 0.53 0.001
10 15 1.45 0.145
10 16 0.164 0.45
10 17 1.64 0.687
10 18 0.76 3.75
10 19 0.146 0.064
10 20 26.4 41.4
10 21 17.4 6.4
10 22 16.4 3.1
10 23 1.33 0.356
10 24 35.4 36.4
10 25 1.64 0.46
10 26 1.3 0.1
10 27 0.46 0.01
10 28 0.64 0.034
10 29 46.1 44.1
10 30 17.5 4.13
10 31 17.5 4.12
10 32 88.9 60.4
10 33 99.9 23.3
10 34 46.1 47.5
10 35 12.5 4.1
10 36 11.111 0.11
10 37 6.4 0.466
10 38 0.13 0.64
10 39 4.1 0.013
10 40 7.1 4.1
10 41 3.1 0.001
10 42 6.4 0.064
10 43 0.75 0.075
10 44 0.5 0.024
10 45 16.4 0.79
10 46 16.6 3.2
10 47 13 3
10 48 3.13 4.6
10 49 4.1 0.45
11 12 7.2 0.23
11 13 86.5 60.4
11 14 27.5 5.75
11 15 77.7 67.7
11 16 58.5 45.1
11 17 13.3 2.464
11 18 7.4 2.46
11 19 25.3 4.23
11 20 7.27 1.12
11 21 57.5 36.6
11 22 17.5 8.577
11 23 12.5 5.7
11 24 5.8 2.33
11 25 3.12 3.53
11 26 8.5 4.51
11 27 1.33 0.435
11 28 23.1 0.533
11 29 0.57 0.045
11 30 0.16 0.46
11 31 0.46 0.01
11 32 0.12 0.45
11 33 1.34 4.54
11 34 1.7 7.5
11 35 18.6 1.3
11 36 88.7 70.1
11 37 99.999 60.77
11 38 23.56 6.345
11 39 1.45 6.44
11 40 89.9 60.2
11 41 62.1 67.7
11 42 99.999 70.1
11 43 99.999 67.4
11 44 24 5.4
11 45 27.5 6.55
11 46 79.6 55.8
11 47 34.1 8.12
11 48 5.3 3.3
11 49 0.54 0.233
12 13 0.64 0.001
12 14 78.8 67.69
12 15 56.4 9.57
12 16 2.45 0.056
12 17 23.3 6.44
12 18 89.9 50.67
12 19 36.2 6.34
12 20 12.4 7.5
12 21 77.5 8.5
12 22 99.9 50.8
12 23 12.5 3.12
12 24 3.12 0.012
12 25 2.11 0.35
12 26 1.44 0.001
12 27 1 0.001
12 28 1 0.001
12 29 43 53.1
12 30 12.2 5.33
12 31 1.64 0.143
12 32 16.4 5.2
12 33 3.12 0.133
12 34 7.5 5.2
12 35 3.2 0.32
12 36 37 0.12
12 37 1.2 0.001
12 38 0.46 0.34
12 39 0.12 0.03
12 40 0.35 0.001
12 41 46.4 7.5
12 42 0.46 0.046
12 43 99.9 67.5
12 44 23.4 64.1
12 45 18.8 0.061
12 46 47.4 44.1
12 47 18.5 4.33
12 48 13.2 4.12
12 49 64.1 5.46
13 14 88.8 34.1
13 15 16.4 54.4
13 16 12.3 6.13
13 17 43.1 65.3
13 18 12.3 3.2
13 19 42.1 64.1
13 20 0.322 0.002
13 21 0.123 0.012
13 22 36.6 3.35
13 23 16.5 0.46
13 24 0.56 0.001
13 25 0.111 0.101
13 26 0.111 0.003
13 27 38.1 0.633
13 28 3.12 0.355
13 29 18.5 6.77
13 30 23.5 18.5
13 31 4.33 0.433
13 32 17.54 4.13
13 33 12.3 6.44
13 34 17.5 5.5
13 35 88.99 60.7
13 36 5 4
13 37 3 2
13 38 1 1
13 39 1 1
13 40 18.7 0.151
13 41 6 5
13 42 4 3
13 43 3 2
13 44 2 1
13 45 1 0.35
13 46 1 0.001
13 47 1 0.54
13 48 1 0.044
13 49 1 0.002
14 15 35.2 5.33
14 16 16.4 4.1
14 17 4.64 0.064
14 18 16.4 46.4
14 19 2.32 0.464
14 20 16.4 4.2
14 21 12.6 2.86
14 22 86.8 60.7
14 23 56.6 57.8
14 24 99.9 54.4
14 25 99.9 53.3
14 26 75.5 70.1
14 27 16.4 4.4
14 28 16.4 4.1
14 29 13 0.002
14 30 35.1 5.33
14 31 16.4 4.1
14 32 3.1 0.533
14 33 2.33 1.35
14 34 8.7 5.43
14 35 1.3 0.211
14 36 0.13 0.001
14 37 76.6 67.7
14 38 90.7 69.69
14 39 45.4 35.1
14 40 3.1 0.035
14 41 1.2 0.001
14 42 99.9 69.7
14 43 54.1 5.12
14 44 64.1 53.1
14 45 16.4 4.33
14 46 9.1 4.4
14 47 0.12 0.001
14 48 0.1 0.001
14 49 0.53 0.053
15 16 0.12 0.001
15 17 0.53 0.066
15 18 0.16 0.001
15 19 0.64 0.065
15 20 0.12 0.004
15 21 0.12 0.054
15 22 0.66 0.004
15 23 99.7 67.8
15 24 45.6 65.3
15 25 12.5 4.1
15 26 0.64 0.013
15 27 0.12 0.002
15 28 0.65 0.045
15 29 0.12 0.064
15 30 0.76 0.26
15 31 0.76 0.007
15 32 64.1 46.7
15 33 12.6 6.12
15 34 88.8 67.7
15 35 16.4 3.43
15 36 16.6 87.5
15 37 16.2 0.889
15 38 45.12 6.4
15 39 4.12 0.54
15 40 0.755 0.001
15 41 45 65
15 42 35 66
15 43 56 67
15 44 56 67
15 45 23 70
15 46 34 70
15 47 99 67
15 48 45 69
15 49 45.1 69.1
16 17 45 23
16 18 99.999 70
16 19 23.2 0.13
16 20 5.243 4.51
16 21 34.1 75.5
16 22 1.23 5.4
16 23 31 1
16 24 12.3 6.44
16 25 8.8 7.7
16 26 12.5 6.4
16 27 0.663 0.003
16 28 0.132 0.001
16 29 0.535 0.012
16 30 0.53 0.088
16 31 0.54 0.001
16 32 0.099 0.35
16 33 0.12 0.001
16 34 1.999 0.233
16 35 35.1 76.1
16 36 1.23 0.124
16 37 0.66 0.12
16 38 9.2 0.15
16 39 8.78 3.23
16 40 0.12 0.001
16 41 12.3 3.11
16 42 62.1 0.31
16 43 5.12 5.3
16 44 8.1 3.1
16 45 4.1 0.34
16 46 1.5 0.3
16 47 78.8 55.6
16 48 99.9 68.56
16 49 12.3 4.32
17 18 1.23 0.43
17 19 1.4 0.001
17 20 16.59 0.69
17 21 1.5 0.001
17 22 1.6 0.001
17 23 1.4 0.001
17 24 1.3 0.001
17 25 1.2 0.001
17 26 1.1 0.001
17 27 34.1 64.1
17 28 1.45 0.53
17 29 12.5 6.3
17 30 12.45 5.54
17 31 2.42 35.1
17 32 99.999 70.1
17 33 6.69 0.069
17 34 34.1 63.1
17 35 12.4 4.24
17 36 12.4 3.12
17 37 0.433 0.024
17 38 0.111 0.001
17 39 34.1 32.1
17 40 42.1 52.1
17 41 2.41 0.422
17 42 17.4 3.11
17 43 16.4 5.55
17 44 5.3 3.3
17 45 16.4 4.12
17 46 16.4 4.12
17 47 0.999 0.001
17 48 1.12 0.001
17 49 35.1 4.12
18 19 17.7 67.6
18 20 12.2 1.23
18 21 36 0.12
18 22 45.1 13.43
18 23 99.9 70.2
18 24 0.234 0.333
18 25 0.012 0.001
18 26 0.142 0.02
18 27 0.12 0.001
18 28 0.55 0.002
18 29 0.34 0.012
18 30 0.535 0.35
18 31 0.12 0.001
18 32 0.55 0.001
18 33 0.34 0.001
18 34 0.43 0.001
18 35 0.015 0.001
18 36 8.6 5.31
18 37 3.12 53.1
18 38 1.4 0.012
18 39 19.6 0.17
18 40 12.2 1.255
18 41 53.1 66.5
18 42 10 9
18 43 23.3 0.1
18 44 8 7
18 45 6 5
18 46 5 4
18 47 8.73 0.005
18 48 4 3
18 49 3 3
19 20 2 1
19 21 1 1
19 22 24.1 0.5
19 23 1 3
19 24 2 3
19 25 4 5
19 26 6 7
19 27 12.3 3.34
19 28 1.53 0.34
19 29 1.24 0.001
19 30 1.53 0.001
19 31 8 7
19 32 6 6
19 33 5 4
19 34 17.3 0.012
19 35 1.42 0.35
19 36 1.53 0.001
19 37 35.1 4.12
19 38 99.9 60.5
19 39 99.9 56.4
19 40 45.3 68.6
19 41 12.2 5.3
19 42 18.5 5.1
19 43 0.12 0.042
19 44 0.52 0.035
19 45 0.001 0.001
19 46 0.12 0.001
19 47 35.3 63.1
19 48 12.2 3.43
19 49 17.9 0.13
20 21 18.5 4.51
20 22 9.99 5.301
20 23 99.9 64.1
20 24 12.4 3.1
20 25 87.6 51.3
20 26 36.4 54.1
20 27 12.5 3.42
20 28 7.4 3.12
20 29 1.54 0.31
20 30 0.14 0.001
20 31 0.35 0.122
20 32 0.003 0.001
20 33 88.34 0.099
20 34 1.22 0.102
20 35 0.124 0.053
20 36 1.22 0.001
20 37 5.31 5.001
20 38 5.1 5.3
20 39 99.8 60.1
20 40 10 9
20 41 8 7
20 42 6 5
20 43 4.5 0.12
20 44 45.1 34.3
20 45 1.23 5.3
20 46 12.2 5.3
20 47 15.3 75.1
20 48 77.7 59.9
20 49 12.4 4.12
21 22 1.23 0.044
21 23 0.12 0.54
21 24 1.23 0.004
21 25 0.12 0.001
21 26 0.345 0.054
21 27 0.125 0.035
21 28 8.75 3.12
21 29 45.12 4.36
21 30 1.45 34.1
21 31 15.2 3.3
21 32 78.7 60.5
21 33 12.4 45.1
21 34 12.4 4.31
21 35 17.5 7.4
21 36 12.4 78.1
21 37 12.4 4.12
21 38 1.54 0.12
21 39 50 0.5
21 40 8.4 4.1
21 41 3.12 0.302
21 42 3.11 0.202
21 43 31.3 0.131
21 44 6.4 0.155
21 45 2.3 0.23
21 46 5.3 3.1
21 47 33.1 3.12
21 48 27 0.005
21 49 46.4 6.12
22 23 15.3 3.1
22 24 15.3 35.1
22 25 88.7 60.5
22 26 64.3 60.1
22 27 99.9 60.2
22 28 34.1 56.1
22 29 99.9 55.5
22 30 12.3 5.31
22 31 3.12 0.24
22 32 3.11 0.245
22 33 1.23 0.053
22 34 17.4 0.055
22 35 0.123 0.001
22 36 88.6 64.1
22 37 99.9 56.5
22 38 12.5 6.4
22 39 7.3 3.1
22 40 5.3 0.155
22 41 6.4 0.14
22 42 3.3 0.003
22 43 4.5 0.512
22 44 0.24 0.535
22 45 0.24 0.002
22 46 0.124 0.001
22 47 0.124 0.001
22 48 0.642 0.01
22 49 14.1 0.001
23 24 58.2 41.3
23 25 17.4 4.64
23 26 47.4 6.12
23 27 47.4 7.12
23 28 99.9 34.3
23 29 56.1 14.5
23 30 12.3 5.32
23 31 12.2 7.5
23 32 3.12 3.43
23 33 1.12 0.53
23 34 7.13 0.466
23 35 0.75 0.001
23 36 0.56 0.046
23 37 6.12 0.53
23 38 87.13 0.155
23 39 0.253 0.16
23 40 1.45 0.001
23 41 0.63 0.001
23 42 18 0.78
23 43 0.64 0.063
23 44 0.321 0.05
23 45 0.53 0.001
23 46 45.1 6.44
23 47 3.12 0.35
23 48 6.4 0.32
23 49 5 4
24 25 67 1
24 26 46.1 54.3
24 27 99.9 56.4
24 28 34.71 4.12
24 29 16.5 2.33
24 30 7.63 0.12
24 31 0.53 0.001
24 32 0.32 0.001
24 33 0.35 0.001
24 34 0.53 0.442
24 35 0.046 0.004
24 36 0.2 0.045
24 37 0.043 0.005
24 38 0.46 0.006
24 39 0.34 0.009
24 40 0.3 0.009
24 41 18.7 0.199
24 42 12 3.12
24 43 9 3.43
24 44 77.1 0.355
24 45 4.12 0.046
24 46 45.1 56.2
24 47 1.43 4.1
24 48 8.69 0.069
24 49 5.31 3.12
25 26 0.46 0.001
25 27 0.34 0.035
25 28 0.122 0.001
25 29 64.1 46.1
25 30 99.9 52.4
25 31 12.2 35.1
25 32 1.223 0.45
25 33 1.53 0.355
25 34 0.644 0.32
25 35 12.5 3.53
25 36 17.5 3.34
25 37 46.4 3.11
25 38 15 16
25 39 5 4
25 40 43 35
25 41 7.77 0.077
25 42 6.4 0.46
25 43 15.4 1.35
25 44 18 0.012
25 45 35.1 3.123
25 46 99.9 67.012
25 47 31.3 10.4
25 48 46.55 0.49
25 49 15.2 12.5
26 27 76.1 53.12
26 28 12.5 5.3
26 29 34.1 12.6
26 30 17.8 0.301
26 31 35.1 12.5
26 32 46.1 12.2
26 33 0.342 0.001
26 34 0.23 0.034
26 35 0.034 0.001
26 36 0.42 0.122
26 37 0.012 0.002
26 38 0.455 0.024
26 39 12.3 0.043
26 40 16.4 5.33
26 41 0.123 0.123
26 42 88.9 56.4
26 43 99.9 70.1
26 44 64.4 30
26 45 53.1 36.4
26 46 26.1 0.133
26 47 46.4 12.4
26 48 88.8 64.21
26 49 18.5 3.64
27 28 99.999 56.5
27 29 12.5 3.33
27 30 12.4 4.12
27 31 12.5 12.4
27 32 0.214 0.001
27 33 0.35 0.005
27 34 0.023 0.007
27 35 0.35 0.009
27 36 0.23 0.993
27 37 0.12 0.035
27 38 0.12 0.004
27 39 0.12 0.006
27 40 69 0.611
27 41 10 3
27 42 5 1
27 43 1 0.34
27 44 6 1
27 45 23.1 35.1
27 46 1.23 0.001
27 47 4.31 0.34
27 48 1.4 0.466
27 49 0.35 1.32
28 29 1.23 0.53
28 30 1.533 0.143
28 31 6.1 1.33
28 32 17.5 4.1
28 33 13.2 35.1
28 34 7.7 0.77
28 35 54.12 0.53
28 36 34.1 5.31
28 37 99.9 67.1
28 38 12.3 4.3
28 39 12.4 21.1
28 40 3.15 0.13
28 41 5.31 1.42
28 42 0.15 0.012
28 43 0.166 0.023
28 44 0.12 0.005
28 45 0.12 0.002
28 46 0.004 0.004
28 47 7.12 2.12
28 48 6.12 0.12
28 49 8.135 0.355
29 30 88.8 40.5
29 31 99.9 35.5
29 32 12.4 35.3
29 33 12.2 63.1
29 34 6.1 6.1
29 35 57.1 35.1
29 36 99.9 34.1
29 37 12.5 35.1
29 38 85.1 12.6
29 39 12.5 35.1
29 40 12.5 36.1
29 41 12.1 5.1
29 42 99.3 40.6
29 43 0.135 0.122
29 44 0.15 0.03
29 45 0.12 0.001
29 46 0.35 0.035
29 47 0.12 0.001
29 48 0.46 0.034
29 49 0.125 0.064
30 31 0.46 0.064
30 32 0.12 0.008
30 33 0.52 0.035
30 34 0.53 0.12
30 35 0.66 0.001
30 36 0.35 0.012
30 37 1.6 0.012
30 38 0.17 0.46
30 39 7.1 0.909
30 40 12.4 35.55
30 41 12.4 1.22
30 42 88.9 40.2
30 43 38.3 6.12
30 44 14.53 8
30 45 12.5 7.2
30 46 8.24 0.133
30 47 0.14 0.014
30 48 88.8 45
30 49 12.4 0.935
31 32 15.12 1.77
31 33 51.1 6.45
31 34 88.8 68.8
31 35 0.69 0.069
31 36 69.69 6.69
31 37 12.3 0.53
31 38 1.5 0.035
31 39 0.12 0.001
31 40 0.63 0.046
31 41 0.35 0.006
31 42 0.35 0.001
31 43 0.213 0.06
31 44 0.46 0.005
31 45 0.35 0.351
31 46 0.75 0.03
31 47 0.34 0.001
31 48 45.1 33.3
31 49 12.2 3.12
32 33 9.88 1.3
32 34 8.4 5.11
32 35 23.1 8.11
32 36 89.9 60.7
32 37 12.5 5.3
32 38 12.3 1.2
32 39 35.1 5.1
32 40 18.1 5.1
32 41 26.2 3.66
32 42 88.9 67
32 43 99 45
32 44 99 56
32 45 99 67
32 46 99 56
32 47 99 34
32 48 12.4 46
32 49 5.12 0.35
33 34 4.12 0.001
33 35 0.34 0.012
33 36 0.533 0.001
33 37 0.45 0.001
33 38 0.35 0.124
33 39 0.35 0.064
33 40 0.51 0.053
33 41 0.12 0.004
33 42 0.12 0.055
33 43 0.12 0.066
33 44 2.1 0.054
33 45 6.1 5.3
33 46 4.1 0.444
33 47 1.4 0.34
33 48 0.12 0.77
33 49 0.66 0.88
34 35 8 7
34 36 54.1 6.44
34 37 88.8 67.5
34 38 99.9 34.21
34 39 12.5 45.1
34 40 15.3 5.3
34 41 99.9 12.44
34 42 89.33 16.3
34 43 0.645 0.24
34 44 0.124 0.001
34 45 0.45 0.034
34 46 0.3 0.001
34 47 0.45 0.001
34 48 0.543 0.001
34 49 66.12 0.253
35 36 0.45 6.4
35 37 45.3 64.3
35 38 18.8 35.1
35 39 18.8 6.55
35 40 12.2 3.1
35 41 99.9 54.4
35 42 35.1 45.1
35 43 75.2 14.13
35 44 5.32 1.14
35 45 5.44 4.1
35 46 0.12 0.001
35 47 35 3.12
35 48 16.4 3.45
35 49 35.1 86.2
36 37 88.8 23.1
36 38 1.54 0.152
36 39 2.12 0.005
36 40 0.42 0.035
36 41 4.12 0.005
36 42 0.12 0.004
36 43 0.12 0.005
36 44 0.12 0.001
36 45 18.8 0.34
36 46 6.1 0.54
36 47 20 64
36 48 23.1 54
36 49 1.2 0.42
37 38 1.24 0.34
37 39 0.12 0.11
37 40 0.46 0.01
37 41 12.5 0.035
37 42 15.4 3.53
37 43 0.124 0.001
37 44 35.1 4.12
37 45 99.9 54.1
37 46 99.9 67.7
37 47 99.9 23.1
37 48 45.1 9.45
37 49 3.12 0.035
38 39 46.1 6.31
38 40 3.12 0.001
38 41 35.1 6.55
38 42 34.4 0.166
38 43 16.1 0.035
38 44 26.1 0.989
38 45 35.1 0.355
38 46 15.3 0.669
38 47 15.9 0.909
38 48 69.6 3.69
38 49 35.1 3.13
39 40 99.9 15.3
39 41 99.9 7.12
39 42 15.3 53.1
39 43 26.3 0.034
39 44 63.1 75.1
39 45 13.2 9.78
39 46 12.2 35.1
39 47 71.3 0.008
39 48 34.1 0.42
39 49 12.4 0.125
40 41 35.1 1.53
40 42 13.1 0.533
40 43 0.153 0.001
40 44 0.351 0.001
40 45 0.462 0.006
40 46 0.45 0.008
40 47 0.53 0.011
40 48 0.325 0.011
40 49 0.325 0.011
41 42 0.845 0.001
41 43 35.1 3.1
41 44 9.44 0.012
41 45 6.3 0.43
41 46 8.7 77.7
41 47 89.9 70.1
41 48 17.7 0.007
41 49 1.53 4.1
42 43 15.3 3.1
42 44 0.133 0.001
42 45 43 53.1
42 46 12.4 0.12
42 47 16.5 0.555
42 48 12.5 0.16
42 49 12.4 0.46
43 44 99.9 34.3
43 45 99.9 42
43 46 99 12
43 47 75.12 0.612
43 48 99 15
43 49 99 15
44 45 99 17.1
44 46 99 12.3
44 47 12.4 0.044
44 48 45.1 0.031
44 49 12.3 0.355
45 46 0.124 0.012
45 47 0.513 0.351
45 48 0.012 0.001
45 49 1.23 0.001
46 47 6.12 0.023
46 48 7.12 0.001
46 49 0.341 0.012
47 48 99 8.91
47 49 12.4 0.64
48 49 4.516 0.031
