50
99
0 1 7.56 9.58
0 2 0.57 6.56
0 3 5.53 8.27
0 4 4.55 7.03
0 5 8.82 3.15
0 6 0.85 4.15
0 7 1.25 0.38
0 8 8.86 1.64
0 9 7.96 1.31
0 10 6.27 3.85
0 11 6.4 9.25
0 12 9.14 9.06
0 13 9.73 7.02
0 14 9.59 8.31
0 15 6.03 7.16
0 16 9.94 7.33
0 17 1.96 8.31
0 18 3.86 2.7
0 19 9.01 4.24
0 20 9.68 8.0
0 21 4.85 8.37
0 22 5.89 3.33
0 23 7.38 9.61
0 24 9.04 0.94
0 25 3.08 5.81
0 26 0.32 3.63
0 27 1.82 5.51
0 28 1.08 4.67
0 29 8.9 8.27
0 30 4.52 4.9
0 31 7.99 2.06
0 32 0.59 9.95
0 33 8.93 8.89
0 34 4.61 5.18
0 35 0.29 0.33
0 36 7.2 5.45
0 37 9.54 2.26
0 38 6.55 1.33
0 39 3.25 7.37
0 40 0.26 3.63
0 41 7.73 4.24
0 42 3.72 2.23
0 43 8.53 6.46
0 44 2.11 9.71
0 45 6.9 4.57
0 46 9.8 7.79
0 47 3.61 9.3
0 48 5.0 2.32
0 49 9.37 5.88
1 2 1.53 2.45
1 3 4.43 2.83
1 4 2.05 4.15
1 5 5.72 2.8
1 6 9.58 2.68
1 7 1.13 5.07
1 8 5.37 6.62
1 9 8.92 7.13
1 10 5.41 2.12
1 11 7.5 6.92
1 12 4.44 5.74
1 13 3.9 4.85
1 14 8.63 1.34
1 15 8.66 3.26
1 16 5.45 9.62
1 17 4.52 1.66
1 18 4.5 1.26
1 19 3.77 1.12
1 20 2.0 5.95
1 21 5.56 5.84
1 22 2.04 7.57
1 23 5.91 5.93
1 24 9.68 2.09
1 25 0.82 7.45
1 26 7.01 10.0
1 27 2.96 3.08
1 28 3.3 1.47
1 29 0.19 6.71
1 30 1.52 7.25
1 31 2.68 2.5
1 32 4.92 8.43
1 33 6.44 9.82
1 34 0.33 5.14
1 35 5.65 9.98
1 36 9.66 1.69
1 37 4.28 8.14
1 38 4.31 5.04
1 39 9.46 6.44
1 40 5.23 3.96
1 41 2.84 5.98
1 42 8.57 8.64
1 43 8.74 1.11
1 44 0.39 4.88
1 45 4.22 0.64
1 46 4.66 5.36
1 47 3.57 9.73
1 48 7.07 2.92
1 49 3.88 2.74
2 3 3.68 1.24
2 4 2.83 1.22
2 5 7.32 4.61
2 6 8.3 1.44
2 7 5.2 8.72
2 8 4.53 6.14
2 9 7.85 3.58
2 10 6.97 9.38
2 11 4.88 9.05
2 12 6.39 2.68
2 13 7.04 4.06
2 14 1.41 6.01
2 15 4.84 2.36
2 16 5.27 8.89
2 17 0.57 6.6
2 18 3.68 1.99
2 19 4.81 2.08
2 20 0.41 6.85
2 21 7.5 3.74
2 22 6.64 3.89
2 23 5.08 9.18
2 24 9.35 4.9
2 25 4.54 5.53
2 26 2.54 6.63
2 27 4.43 2.77
2 28 7.88 0.02
2 29 5.98 4.34
2 30 1.47 4.36
2 31 7.46 3.12
2 32 9.89 9.63
2 33 4.67 9.68
2 34 6.74 6.13
2 35 1.49 8.4
2 36 3.44 2.7
2 37 5.36 0.71
2 38 9.63 1.2
2 39 8.29 2.73
2 40 0.83 5.78
2 41 7.31 1.82
2 42 6.11 4.78
2 43 3.46 0.15
2 44 0.81 3.77
2 45 3.81 1.76
2 46 2.31 8.69
2 47 8.44 5.74
2 48 8.64 2.17
2 49 2.93 8.73
3 4 6.1 9.45
3 5 9.25 1.52
3 6 3.19 6.45
3 7 6.78 3.76
3 8 4.29 4.3
3 9 4.09 0.34
3 10 2.64 3.64
3 11 7.34 9.73
3 12 3.9 8.52
3 13 5.09 9.56
3 14 6.59 1.24
3 15 6.02 9.47
3 16 7.14 3.91
3 17 0.03 8.66
3 18 3.36 2.9
3 19 1.5 9.03
3 20 1.07 8.77
3 21 9.77 5.48
3 22 7.93 7.31
3 23 6.09 7.49
3 24 0.9 0.57
3 25 5.75 6.33
3 26 4.69 7.23
3 27 3.85 6.02
3 28 0.72 4.79
3 29 0.42 1.88
3 30 6.95 8.07
3 31 6.22 2.55
3 32 5.4 4.45
3 33 9.1 9.1
3 34 3.92 1.73
3 35 7.68 3.35
3 36 6.17 4.52
3 37 8.57 6.5
3 38 8.61 3.82
3 39 1.31 5.63
3 40 9.38 8.37
3 41 3.63 6.7
3 42 1.77 5.5
3 43 5.29 0.72
3 44 4.21 0.51
3 45 3.96 4.15
3 46 6.01 6.42
3 47 2.95 4.64
3 48 7.43 2.71
3 49 1.79 4.52
4 5 8.56 5.95
4 6 1.18 3.18
4 7 9.54 1.17
4 8 1.44 0.56
4 9 4.16 6.07
4 10 4.53 0.54
4 11 7.91 5.0
4 12 9.6 3.86
4 13 9.31 0.98
4 14 3.75 0.65
4 15 0.73 7.88
4 16 8.82 3.82
4 17 0.24 7.02
4 18 1.92 8.09
4 19 9.32 9.05
4 20 3.78 7.58
4 21 0.18 8.2
4 22 2.78 6.03
4 23 0.17 5.61
4 24 0.11 8.55
4 25 5.55 5.72
4 26 5.83 4.58
4 27 6.72 9.34
4 28 8.84 5.35
4 29 3.37 5.76
4 30 5.0 5.44
4 31 7.52 0.79
4 32 4.37 1.47
4 33 3.74 8.46
4 34 0.74 7.1
4 35 3.24 1.19
4 36 9.7 6.37
4 37 2.51 5.76
4 38 7.02 9.35
4 39 0.54 0.6
4 40 8.75 0.03
4 41 6.12 5.42
4 42 9.92 8.05
4 43 8.5 0.79
4 44 8.43 1.42
4 45 1.94 8.05
4 46 9.28 3.09
4 47 4.24 3.83
4 48 0.19 2.25
4 49 8.97 8.99
5 6 2.3 9.09
5 7 6.23 8.51
5 8 0.7 3.35
5 9 4.89 7.81
5 10 0.46 5.4
5 11 7.51 5.44
5 12 4.36 3.71
5 13 8.15 0.45
5 14 9.77 6.51
5 15 2.86 9.35
5 16 9.2 0.14
5 17 5.05 1.72
5 18 1.17 2.19
5 19 7.18 4.68
5 20 0.27 0.99
5 21 0.67 9.81
5 22 6.16 8.76
5 23 8.18 7.66
5 24 7.37 3.45
5 25 6.21 2.22
5 26 6.09 5.82
5 27 7.45 1.66
5 28 4.84 0.58
5 29 7.78 5.04
5 30 4.86 6.17
5 31 7.6 6.32
5 32 8.09 2.22
5 33 1.34 9.13
5 34 6.56 4.59
5 35 1.09 6.15
5 36 1.31 6.64
5 37 4.23 2.11
5 38 1.4 5.76
5 39 6.94 0.87
5 40 3.56 6.49
5 41 3.69 9.79
5 42 4.92 0.92
5 43 8.72 9.32
5 44 2.83 9.68
5 45 3.03 3.96
5 46 9.87 3.93
5 47 3.2 1.13
5 48 5.95 4.62
5 49 3.18 5.34
6 7 4.62 2.66
6 8 1.16 2.1
6 9 9.34 6.27
6 10 8.0 9.75
6 11 9.58 9.01
6 12 9.85 3.52
6 13 4.51 9.85
6 14 9.93 4.73
6 15 9.34 5.01
6 16 8.29 9.92
6 17 0.78 9.34
6 18 7.13 3.77
6 19 8.26 3.68
6 20 5.0 6.4
6 21 7.72 5.97
6 22 0.79 1.03
6 23 2.26 5.52
6 24 5.64 4.08
6 25 6.85 7.08
6 26 2.94 2.25
6 27 0.74 6.37
6 28 0.27 4.5
6 29 9.68 5.94
6 30 6.5 2.27
6 31 1.27 9.15
6 32 1.32 8.03
6 33 7.47 7.01
6 34 0.85 4.94
6 35 6.52 7.1
6 36 7.99 7.17
6 37 6.88 5.3
6 38 5.73 2.31
6 39 1.09 5.35
6 40 2.74 5.76
6 41 6.45 7.17
6 42 0.09 1.95
6 43 0.24 4.01
6 44 7.48 1.36
6 45 9.87 2.99
6 46 3.09 8.3
6 47 5.06 6.43
6 48 5.43 8.33
6 49 8.45 3.13
7 8 0.43 6.73
7 9 9.01 5.13
7 10 0.75 8.74
7 11 8.12 2.12
7 12 0.13 1.03
7 13 5.87 4.78
7 14 1.93 7.98
7 15 4.88 5.22
7 16 3.1 9.01
7 17 7.63 7.8
7 18 8.9 2.66
7 19 0.18 9.53
7 20 8.64 6.12
7 21 1.3 9.97
7 22 2.13 7.83
7 23 0.83 1.78
7 24 3.94 6.57
7 25 6.56 7.36
7 26 6.86 1.49
7 27 6.87 4.3
7 28 7.11 4.06
7 29 0.85 6.25
7 30 3.47 9.75
7 31 9.98 1.9
7 32 4.6 8.21
7 33 9.45 5.7
7 34 3.02 2.3
7 35 7.93 9.23
7 36 0.92 0.6
7 37 4.5 1.42
7 38 8.22 9.46
7 39 4.64 6.12
7 40 0.04 2.38
7 41 5.13 7.52
7 42 6.41 9.86
7 43 1.69 6.6
7 44 9.89 6.79
7 45 6.01 8.85
7 46 6.68 0.32
7 47 8.28 9.68
7 48 9.63 0.3
7 49 7.26 0.65
8 9 0.53 7.48
8 10 7.7 6.34
8 11 6.62 1.25
8 12 6.0 9.42
8 13 0.78 3.99
8 14 7.25 0.4
8 15 3.16 0.14
8 16 4.4 2.39
8 17 8.52 7.38
8 18 1.17 6.27
8 19 7.5 4.11
8 20 6.79 5.03
8 21 4.29 7.02
8 22 2.1 4.9
8 23 4.91 0.55
8 24 8.9 0.87
8 25 9.38 6.88
8 26 4.58 6.87
8 27 8.86 2.95
8 28 8.48 6.32
8 29 2.13 7.89
8 30 1.87 5.93
8 31 5.09 7.83
8 32 7.29 8.17
8 33 6.98 2.13
8 34 3.91 5.91
8 35 4.73 2.46
8 36 8.82 9.29
8 37 6.36 7.57
8 38 9.63 4.68
8 39 2.35 4.96
8 40 8.26 2.45
8 41 9.84 6.63
8 42 2.05 7.14
8 43 8.09 4.72
8 44 1.59 9.52
8 45 4.58 3.82
8 46 0.2 3.51
8 47 1.96 5.41
8 48 2.25 9.37
8 49 8.4 2.83
9 10 6.07 6.91
9 11 2.56 0.34
9 12 5.34 6.9
9 13 9.04 4.44
9 14 7.07 3.02
9 15 4.66 7.93
9 16 1.0 2.07
9 17 7.81 6.95
9 18 4.7 0.85
9 19 1.96 3.87
9 20 9.57 5.2
9 21 7.94 1.92
9 22 3.57 7.38
9 23 2.09 0.86
9 24 3.33 8.0
9 25 0.11 9.75
9 26 0.72 3.65
9 27 9.72 2.2
9 28 6.69 0.65
9 29 3.9 5.46
9 30 9.99 7.36
9 31 9.77 3.59
9 32 9.73 5.81
9 33 8.84 9.45
9 34 5.55 3.43
9 35 0.84 4.46
9 36 4.56 0.21
9 37 3.05 3.4
9 38 9.74 8.5
9 39 1.99 2.21
9 40 0.71 2.76
9 41 7.54 9.95
9 42 8.29 2.49
9 43 5.05 3.02
9 44 8.88 1.42
9 45 6.21 1.87
9 46 4.87 6.29
9 47 2.03 3.06
9 48 4.56 5.03
9 49 4.57 1.56
10 11 8.65 3.49
10 12 8.99 8.13
10 13 9.45 7.02
10 14 3.5 5.03
10 15 5.6 4.49
10 16 0.97 5.63
10 17 2.22 7.05
10 18 2.03 9.68
10 19 3.01 4.46
10 20 3.49 6.42
10 21 8.23 1.73
10 22 4.78 0.21
10 23 3.07 8.43
10 24 2.07 1.42
10 25 8.41 2.18
10 26 9.72 3.77
10 27 9.09 0.29
10 28 2.59 1.11
10 29 6.77 1.25
10 30 6.71 7.09
10 31 2.03 4.53
10 32 8.37 7.49
10 33 5.73 8.82
10 34 6.09 5.37
10 35 5.93 4.96
10 36 5.69 8.29
10 37 6.28 5.93
10 38 2.78 3.12
10 39 3.04 6.75
10 40 7.99 2.31
10 41 1.08 6.69
10 42 9.49 1.26
10 43 6.35 7.52
10 44 2.71 4.54
10 45 7.47 4.19
10 46 0.74 6.28
10 47 6.47 6.59
10 48 8.29 0.73
10 49 3.43 5.24
11 12 8.29 0.06
11 13 9.09 9.92
11 14 4.0 6.78
11 15 0.94 1.79
11 16 9.09 0.9
11 17 2.62 1.0
11 18 0.56 3.01
11 19 4.56 3.2
11 20 0.92 8.19
11 21 4.55 7.37
11 22 1.26 6.25
11 23 4.91 6.9
11 24 7.9 7.93
11 25 0.76 7.81
11 26 0.78 4.04
11 27 0.77 0.87
11 28 4.12 3.75
11 29 1.73 1.35
11 30 7.18 0.9
11 31 4.02 3.35
11 32 6.68 1.34
11 33 1.23 4.99
11 34 7.94 4.32
11 35 2.38 3.09
11 36 4.86 2.57
11 37 6.94 8.2
11 38 7.29 5.28
11 39 0.37 6.94
11 40 3.83 1.17
11 41 7.73 2.27
11 42 7.34 8.3
11 43 1.6 3.27
11 44 2.31 6.2
11 45 5.01 7.92
11 46 5.66 8.55
11 47 0.91 6.6
11 48 7.83 4.65
11 49 5.26 7.12
12 13 0.14 4.35
12 14 5.78 4.24
12 15 5.81 8.32
12 16 4.71 0.82
12 17 9.57 6.48
12 18 6.16 2.43
12 19 3.33 1.88
12 20 5.98 1.48
12 21 3.34 9.32
12 22 6.93 1.88
12 23 0.2 6.07
12 24 9.71 0.31
12 25 0.05 4.91
12 26 5.86 0.68
12 27 0.52 9.92
12 28 6.84 1.19
12 29 6.29 3.53
12 30 1.6 2.59
12 31 2.45 2.8
12 32 6.19 8.39
12 33 5.1 1.32
12 34 9.52 8.11
12 35 6.34 7.12
12 36 6.01 5.07
12 37 4.72 9.04
12 38 4.92 8.85
12 39 8.42 3.87
12 40 5.37 9.09
12 41 6.46 6.53
12 42 9.09 5.22
12 43 6.47 1.9
12 44 4.37 7.9
12 45 9.67 9.51
12 46 4.8 0.44
12 47 5.56 6.53
12 48 5.9 5.69
12 49 1.77 0.24
13 14 6.61 4.79
13 15 9.78 2.16
13 16 9.19 5.96
13 17 4.89 1.61
13 18 7.68 4.38
13 19 5.27 9.95
13 20 1.37 8.98
13 21 2.13 2.48
13 22 2.98 9.96
13 23 0.47 1.51
13 24 2.92 2.87
13 25 6.22 1.05
13 26 5.04 5.53
13 27 3.57 2.26
13 28 0.29 9.07
13 29 8.27 2.11
13 30 1.79 0.4
13 31 8.05 1.12
13 32 7.3 6.17
13 33 0.95 3.44
13 34 2.86 3.6
13 35 9.1 2.52
13 36 1.38 0.71
13 37 1.54 7.22
13 38 4.57 0.22
13 39 6.2 9.71
13 40 5.24 5.78
13 41 0.09 5.79
13 42 1.55 8.59
13 43 1.03 3.75
13 44 5.41 3.16
13 45 3.84 3.07
13 46 8.19 5.05
13 47 2.02 3.27
13 48 9.04 5.87
13 49 8.74 5.46
14 15 6.52 8.26
14 16 7.2 1.57
14 17 4.28 0.23
14 18 3.62 0.43
14 19 3.82 9.74
14 20 4.12 6.89
14 21 9.92 1.02
14 22 0.26 0.05
14 23 3.42 8.9
14 24 5.93 0.74
14 25 6.96 3.58
14 26 2.64 7.35
14 27 7.87 2.37
14 28 0.6 5.72
14 29 8.4 7.3
14 30 4.1 1.29
14 31 3.69 7.88
14 32 5.67 6.28
14 33 4.79 3.77
14 34 0.75 0.42
14 35 0.73 3.31
14 36 9.34 5.14
14 37 0.32 7.65
14 38 0.83 6.2
14 39 0.57 4.25
14 40 4.24 0.7
14 41 1.0 0.75
14 42 1.41 7.49
14 43 9.37 5.75
14 44 7.19 7.68
14 45 4.24 5.68
14 46 3.95 0.53
14 47 5.07 8.3
14 48 3.57 4.56
14 49 6.86 4.76
15 16 9.23 4.73
15 17 0.99 4.88
15 18 3.92 1.66
15 19 5.97 2.39
15 20 5.52 0.33
15 21 7.88 6.19
15 22 5.63 1.23
15 23 2.45 7.91
15 24 1.17 1.47
15 25 4.4 6.27
15 26 2.61 8.98
15 27 0.4 0.88
15 28 1.32 4.19
15 29 9.7 0.47
15 30 0.82 1.15
15 31 3.67 9.06
15 32 9.07 4.18
15 33 1.61 9.52
15 34 5.25 4.89
15 35 6.99 4.65
15 36 4.23 5.49
15 37 7.84 8.77
15 38 3.71 1.54
15 39 3.01 9.05
15 40 5.07 2.52
15 41 6.67 7.39
15 42 6.69 6.92
15 43 2.02 4.21
15 44 0.69 8.73
15 45 4.43 3.24
15 46 7.97 8.26
15 47 0.51 8.34
15 48 8.71 4.26
15 49 6.68 6.4
16 17 8.65 5.85
16 18 0.2 7.1
16 19 4.83 4.23
16 20 2.0 6.96
16 21 3.0 3.23
16 22 7.99 4.74
16 23 1.79 9.8
16 24 3.9 4.69
16 25 2.82 8.46
16 26 6.03 2.41
16 27 2.24 8.87
16 28 3.54 1.21
16 29 0.08 5.54
16 30 1.23 5.78
16 31 8.23 9.2
16 32 3.3 2.17
16 33 0.54 4.73
16 34 3.26 2.86
16 35 5.73 6.26
16 36 5.26 9.29
16 37 2.42 2.15
16 38 7.24 9.75
16 39 8.38 7.15
16 40 4.14 1.66
16 41 4.66 0.38
16 42 3.87 7.24
16 43 1.42 0.64
16 44 3.78 9.13
16 45 8.66 9.76
16 46 8.4 1.8
16 47 9.33 8.44
16 48 8.21 1.07
16 49 9.03 5.65
17 18 4.45 7.22
17 19 1.7 9.72
17 20 6.17 3.75
17 21 8.26 0.78
17 22 1.48 7.77
17 23 8.17 9.83
17 24 8.63 9.88
17 25 5.74 4.08
17 26 1.48 1.86
17 27 7.87 8.04
17 28 7.34 8.05
17 29 2.35 3.0
17 30 0.69 3.68
17 31 8.36 9.88
17 32 6.23 4.82
17 33 0.6 3.15
17 34 3.94 3.29
17 35 8.33 1.33
17 36 0.66 3.72
17 37 6.86 4.15
17 38 2.13 9.62
17 39 8.9 3.16
17 40 3.42 0.46
17 41 9.08 1.99
17 42 2.4 6.57
17 43 0.99 3.52
17 44 4.4 5.11
17 45 7.61 9.09
17 46 6.54 3.27
17 47 9.72 8.93
17 48 4.47 0.18
17 49 3.72 5.26
18 19 7.59 7.44
18 20 7.63 3.06
18 21 9.07 6.29
18 22 6.66 4.13
18 23 8.18 0.55
18 24 9.3 3.99
18 25 4.23 4.53
18 26 6.38 5.14
18 27 8.47 9.77
18 28 5.91 6.66
18 29 2.57 2.42
18 30 6.02 5.35
18 31 1.46 7.65
18 32 9.29 1.47
18 33 8.96 4.0
18 34 2.32 9.08
18 35 0.45 5.81
18 36 8.11 7.75
18 37 2.34 6.87
18 38 2.68 3.63
18 39 1.53 3.42
18 40 7.36 4.87
18 41 1.86 4.8
18 42 8.13 6.1
18 43 8.91 0.86
18 44 2.54 1.52
18 45 0.69 6.14
18 46 3.84 0.85
18 47 6.59 1.86
18 48 0.6 9.12
18 49 9.67 8.37
19 20 3.67 9.29
19 21 8.49 6.08
19 22 8.46 8.06
19 23 7.94 3.86
19 24 0.41 5.91
19 25 7.99 4.45
19 26 1.16 4.44
19 27 4.29 1.7
19 28 0.18 7.61
19 29 3.42 7.75
19 30 5.67 6.58
19 31 3.81 5.34
19 32 4.87 5.16
19 33 3.92 0.5
19 34 2.65 9.09
19 35 9.26 0.37
19 36 2.95 3.53
19 37 1.69 3.25
19 38 7.43 9.88
19 39 8.99 8.39
19 40 1.88 7.03
19 41 4.29 3.76
19 42 0.49 0.03
19 43 0.84 0.78
19 44 0.69 7.22
19 45 1.22 9.88
19 46 4.08 0.4
19 47 8.77 4.93
19 48 7.29 6.8
19 49 9.8 8.36
20 21 3.54 5.18
20 22 9.1 9.3
20 23 8.53 0.87
20 24 4.81 8.78
20 25 1.15 8.85
20 26 3.6 3.29
20 27 3.81 3.48
20 28 0.34 1.43
20 29 9.36 1.87
20 30 4.34 7.85
20 31 0.46 9.98
20 32 3.27 9.74
20 33 0.2 7.73
20 34 8.28 0.51
20 35 3.53 1.09
20 36 3.58 8.51
20 37 1.2 7.27
20 38 0.47 3.15
20 39 6.57 6.4
20 40 8.07 9.4
20 41 8.41 0.41
20 42 5.98 2.42
20 43 9.08 0.09
20 44 9.41 7.32
20 45 7.78 5.83
20 46 4.42 8.59
20 47 6.25 4.05
20 48 1.45 4.34
20 49 4.0 4.8
21 22 5.11 8.32
21 23 4.43 9.3
21 24 4.24 5.83
21 25 2.37 7.87
21 26 4.63 9.51
21 27 3.99 9.37
21 28 7.86 1.38
21 29 5.15 1.8
21 30 9.59 6.17
21 31 1.37 6.85
21 32 1.44 3.91
21 33 5.3 4.41
21 34 8.33 2.4
21 35 8.0 0.94
21 36 9.65 5.52
21 37 2.0 9.76
21 38 7.02 2.22
21 39 6.72 3.74
21 40 9.84 7.53
21 41 4.84 4.15
21 42 9.3 0.58
21 43 6.8 4.24
21 44 1.95 0.44
21 45 5.17 1.14
21 46 4.1 3.86
21 47 7.75 9.08
21 48 2.94 7.61
21 49 5.05 5.14
22 23 4.04 8.85
22 24 3.4 6.04
22 25 6.46 8.39
22 26 3.37 4.98
22 27 4.55 1.73
22 28 5.84 9.24
22 29 4.19 5.65
22 30 3.19 0.25
22 31 2.54 7.68
22 32 3.52 1.07
22 33 6.94 1.67
22 34 7.68 4.84
22 35 3.54 1.69
22 36 2.93 0.82
22 37 5.16 5.75
22 38 9.02 2.83
22 39 8.93 8.56
22 40 8.5 1.06
22 41 9.93 9.36
22 42 0.58 8.34
22 43 2.38 2.59
22 44 2.02 7.7
22 45 0.4 4.11
22 46 1.93 0.47
22 47 0.07 7.7
22 48 6.75 6.22
22 49 8.92 1.64
23 24 9.47 7.37
23 25 9.63 9.11
23 26 1.91 8.82
23 27 8.51 5.33
23 28 7.57 9.7
23 29 8.56 6.19
23 30 4.59 7.08
23 31 5.93 3.97
23 32 1.42 1.38
23 33 5.29 5.77
23 34 6.85 7.95
23 35 6.25 1.1
23 36 7.67 4.67
23 37 2.26 8.58
23 38 9.41 3.07
23 39 4.21 1.31
23 40 2.02 6.25
23 41 6.99 2.82
23 42 8.47 6.54
23 43 2.12 6.97
23 44 0.43 8.64
23 45 5.5 9.41
23 46 7.67 2.98
23 47 6.38 1.24
23 48 0.46 1.08
23 49 3.42 0.35
24 25 0.8 6.01
24 26 1.4 8.08
24 27 3.89 6.3
24 28 6.69 1.42
24 29 8.21 8.77
24 30 3.2 3.61
24 31 2.56 6.8
24 32 6.29 8.82
24 33 4.8 4.08
24 34 6.65 7.59
24 35 1.83 8.36
24 36 5.51 9.46
24 37 0.15 8.14
24 38 3.82 5.7
24 39 9.82 6.08
24 40 3.74 2.95
24 41 0.45 5.4
24 42 5.73 1.79
24 43 6.57 3.52
24 44 2.73 5.65
24 45 1.07 5.41
24 46 6.42 1.68
24 47 6.59 3.2
24 48 8.26 5.53
24 49 5.23 1.77
25 26 1.1 7.63
25 27 9.9 9.28
25 28 3.8 3.87
25 29 2.93 3.68
25 30 0.22 7.75
25 31 8.79 5.87
25 32 8.31 2.4
25 33 5.1 0.3
25 34 4.81 8.06
25 35 2.96 5.23
25 36 0.26 2.97
25 37 3.98 5.12
25 38 3.97 7.48
25 39 5.88 4.11
25 40 6.78 8.65
25 41 2.26 2.02
25 42 3.78 7.55
25 43 7.63 2.01
25 44 6.31 7.86
25 45 1.76 9.82
25 46 5.7 4.36
25 47 8.25 7.62
25 48 6.28 1.49
25 49 1.56 8.55
26 27 6.79 7.0
26 28 0.45 7.45
26 29 0.94 8.88
26 30 7.23 4.37
26 31 2.3 7.14
26 32 1.49 5.2
26 33 2.58 2.63
26 34 0.69 2.62
26 35 3.04 0.51
26 36 3.64 5.82
26 37 5.58 1.63
26 38 0.77 5.06
26 39 4.73 6.37
26 40 6.22 6.62
26 41 2.58 8.8
26 42 6.26 7.99
26 43 8.7 2.1
26 44 9.53 7.9
26 45 8.61 9.68
26 46 4.94 7.26
26 47 4.42 3.89
26 48 0.86 3.22
26 49 2.7 8.97
27 28 4.34 4.23
27 29 1.12 9.93
27 30 9.82 3.35
27 31 0.24 1.21
27 32 6.79 4.99
27 33 8.59 7.27
27 34 5.61 8.91
27 35 5.82 7.92
27 36 0.72 0.83
27 37 9.25 2.12
27 38 0.53 2.72
27 39 7.83 8.94
27 40 8.37 5.93
27 41 4.59 7.98
27 42 2.43 6.29
27 43 8.33 5.67
27 44 1.72 0.57
27 45 2.16 2.93
27 46 8.74 7.1
27 47 4.64 5.14
27 48 2.61 6.02
27 49 0.91 5.47
28 29 7.99 0.82
28 30 8.77 4.52
28 31 1.43 7.69
28 32 9.92 9.2
28 33 0.67 2.25
28 34 4.57 6.23
28 35 9.37 4.78
28 36 1.61 3.3
28 37 5.01 1.42
28 38 4.41 4.77
28 39 8.61 8.86
28 40 3.59 3.27
28 41 9.47 0.2
28 42 7.36 2.96
28 43 1.93 3.89
28 44 1.09 5.83
28 45 3.68 5.76
28 46 2.64 4.0
28 47 9.31 1.32
28 48 9.61 4.78
28 49 8.93 5.42
29 30 1.18 2.88
29 31 2.43 3.37
29 32 9.45 5.1
29 33 3.49 6.36
29 34 3.1 2.82
29 35 4.57 5.26
29 36 1.83 8.33
29 37 1.14 7.87
29 38 6.7 1.23
29 39 7.08 3.41
29 40 1.24 1.79
29 41 3.9 3.24
29 42 2.53 6.7
29 43 3.65 5.52
29 44 6.61 5.88
29 45 6.9 4.81
29 46 1.37 4.27
29 47 2.79 7.22
29 48 1.51 3.68
29 49 2.1 3.3
30 31 3.12 8.0
30 32 3.16 2.77
30 33 6.78 2.42
30 34 9.14 2.7
30 35 2.12 0.42
30 36 9.18 0.38
30 37 1.08 5.86
30 38 3.6 2.52
30 39 2.15 5.34
30 40 2.04 0.64
30 41 8.32 8.52
30 42 6.46 1.34
30 43 5.55 0.72
30 44 10.0 4.27
30 45 9.76 6.65
30 46 9.18 4.88
30 47 9.13 5.8
30 48 7.45 1.59
30 49 2.48 3.53
31 32 5.57 2.37
31 33 0.16 2.03
31 34 7.93 6.32
31 35 9.45 4.08
31 36 6.84 5.18
31 37 2.81 4.16
31 38 1.0 0.72
31 39 4.78 6.77
31 40 0.6 4.6
31 41 1.53 2.08
31 42 2.29 6.99
31 43 5.17 3.52
31 44 6.34 1.54
31 45 6.84 0.57
31 46 3.29 7.21
31 47 5.05 4.51
31 48 4.34 5.73
31 49 9.55 3.38
32 33 0.97 2.25
32 34 2.81 2.02
32 35 5.73 7.58
32 36 0.46 6.62
32 37 9.58 9.63
32 38 7.9 9.19
32 39 6.55 2.82
32 40 0.19 3.22
32 41 2.7 1.34
32 42 9.42 7.31
32 43 8.44 7.53
32 44 3.5 9.39
32 45 7.65 2.51
32 46 9.31 6.02
32 47 3.55 8.15
32 48 0.19 1.06
32 49 2.49 3.1
33 34 0.81 5.08
33 35 4.51 6.7
33 36 8.22 7.45
33 37 8.41 3.17
33 38 8.37 7.99
33 39 0.72 7.63
33 40 3.04 3.06
33 41 5.85 7.5
33 42 8.81 3.39
33 43 7.1 4.29
33 44 1.87 4.16
33 45 7.63 4.75
33 46 1.37 1.46
33 47 1.22 0.82
33 48 5.19 7.24
33 49 4.09 9.49
34 35 9.6 3.61
34 36 7.89 4.04
34 37 8.39 5.18
34 38 9.07 8.73
34 39 7.24 6.27
34 40 3.21 5.12
34 41 5.77 6.24
34 42 5.05 4.18
34 43 2.85 0.97
34 44 3.26 8.56
34 45 6.98 6.42
34 46 7.27 8.42
34 47 0.94 5.43
34 48 7.38 3.69
34 49 0.77 2.96
35 36 4.32 3.54
35 37 1.72 9.83
35 38 7.52 9.77
35 39 5.05 9.46
35 40 9.63 3.64
35 41 7.92 0.57
35 42 9.94 2.48
35 43 3.47 2.5
35 44 0.94 2.31
35 45 7.79 5.65
35 46 5.38 0.58
35 47 9.57 4.04
35 48 3.57 6.84
35 49 7.5 5.89
36 37 4.0 3.58
36 38 5.49 5.85
36 39 0.86 0.65
36 40 1.58 1.87
36 41 7.87 5.37
36 42 3.48 2.37
36 43 5.02 2.27
36 44 9.04 7.39
36 45 7.4 8.93
36 46 2.85 9.34
36 47 2.17 1.41
36 48 8.16 2.54
36 49 2.08 5.48
37 38 1.67 7.55
37 39 4.46 6.16
37 40 6.96 6.68
37 41 8.92 5.73
37 42 8.1 3.8
37 43 2.09 3.76
37 44 2.0 2.56
37 45 1.24 4.23
37 46 9.15 8.53
37 47 3.84 6.63
37 48 3.22 6.9
37 49 6.17 0.57
38 39 9.45 3.12
38 40 3.36 5.1
38 41 1.75 7.57
38 42 4.25 4.12
38 43 3.26 9.69
38 44 5.29 8.37
38 45 4.82 6.42
38 46 5.64 2.59
38 47 2.53 3.26
38 48 7.32 5.48
38 49 7.14 4.41
39 40 5.37 4.58
39 41 3.83 6.66
39 42 7.84 3.62
39 43 7.98 5.1
39 44 8.35 3.66
39 45 4.33 9.33
39 46 5.59 0.24
39 47 6.1 3.95
39 48 4.45 1.04
39 49 4.21 9.2
40 41 9.48 8.27
40 42 3.6 2.97
40 43 6.9 0.13
40 44 9.57 7.5
40 45 7.21 2.71
40 46 7.23 4.56
40 47 9.02 5.9
40 48 4.72 1.0
40 49 1.01 8.49
41 42 2.3 9.75
41 43 8.0 6.2
41 44 8.32 3.68
41 45 8.92 2.95
41 46 3.14 3.22
41 47 0.4 2.69
41 48 5.56 4.08
41 49 0.66 0.16
42 43 5.44 4.27
42 44 3.93 4.32
42 45 2.1 2.91
42 46 1.57 6.58
42 47 8.33 2.59
42 48 7.45 7.89
42 49 2.75 2.2
43 44 3.21 9.13
43 45 4.3 3.06
43 46 1.03 7.25
43 47 6.43 2.93
43 48 4.88 2.42
43 49 1.78 4.43
44 45 7.63 9.6
44 46 8.65 8.73
44 47 5.92 6.99
44 48 6.56 7.99
44 49 5.77 9.26
45 46 7.43 4.09
45 47 4.72 5.66
45 48 9.74 6.44
45 49 6.14 6.82
46 47 6.65 5.22
46 48 4.99 6.05
46 49 5.47 9.42
47 48 6.05 1.79
47 49 7.98 7.94
48 49 1.19 1.36
