50
90
0 1 5.109 0.794
0 2 2.015 4.808
0 3 7.128 2.482
0 4 2.38 6.397
0 5 6.343 7.676
0 6 9.284 1.881
0 7 4.12 9.697
0 8 2.563 7.846
0 9 2.502 4.62
0 10 2.017 4.138
0 11 6.177 0.029
0 12 6.979 9.157
0 13 1.264 5.07
0 14 3.336 6.085
0 15 1.878 8.425
0 16 9.439 6.897
0 17 9.291 5.009
0 18 9.465 8.736
0 19 0.483 9.536
0 20 6.185 8.132
0 21 7.708 6.433
0 22 4.011 8.7
0 23 6.986 6.284
0 24 2.886 4.433
0 25 5.892 2.806
0 26 1.913 5.0
0 27 0.596 7.271
0 28 3.654 9.52
0 29 1.023 6.365
0 30 6.84 1.896
0 31 1.996 3.609
0 32 7.271 1.881
0 33 6.285 1.97
0 34 7.59 0.937
0 35 6.508 8.219
0 36 7.047 8.919
0 37 9.445 7.353
0 38 1.837 1.006
0 39 6.338 0.783
0 40 2.757 2.178
0 41 2.415 0.477
0 42 1.84 5.992
0 43 7.906 7.881
0 44 3.167 3.416
0 45 8.681 5.203
0 46 8.948 4.368
0 47 9.791 5.993
0 48 8.059 2.082
0 49 0.892 2.632
1 2 9.316 7.375
1 3 6.133 8.45
1 4 6.214 4.778
1 5 2.07 1.854
1 6 7.768 7.027
1 7 0.283 4.355
1 8 0.255 1.766
1 9 4.59 7.0
1 10 2.037 6.244
1 11 1.115 8.588
1 12 0.195 7.829
1 13 4.332 8.267
1 14 3.57 7.43
1 15 8.021 9.058
1 16 9.395 1.272
1 17 1.395 9.729
1 18 8.114 0.52
1 19 6.395 2.365
1 20 1.438 9.247
1 21 6.453 9.289
1 22 4.913 2.717
1 23 2.689 5.264
1 24 0.924 6.06
1 25 2.887 6.716
1 26 1.302 7.601
1 27 1.054 2.667
1 28 6.997 9.872
1 29 8.47 8.373
1 30 4.798 5.812
1 31 3.288 6.946
1 32 0.515 7.525
1 33 3.156 3.064
1 34 3.606 1.969
1 35 6.716 7.341
1 36 6.261 0.045
1 37 0.577 9.004
1 38 7.181 7.474
1 39 5.452 5.547
1 40 5.855 2.027
1 41 3.623 7.565
1 42 3.267 1.965
1 43 1.282 5.135
1 44 3.526 6.595
1 45 7.802 7.773
1 46 6.303 7.538
1 47 9.699 0.576
1 48 5.595 5.793
1 49 6.773 1.514
2 3 3.478 2.186
2 4 2.595 7.901
2 5 7.344 7.084
2 6 7.869 7.581
2 7 3.31 5.376
2 8 8.012 0.179
2 9 6.413 4.416
2 10 7.731 4.448
2 11 3.707 7.22
2 12 2.38 1.308
2 13 2.252 5.305
2 14 2.531 6.906
2 15 3.995 8.412
2 16 4.049 2.86
2 17 2.778 3.958
2 18 5.11 4.578
2 19 0.666 6.087
2 20 1.089 4.703
2 21 2.764 7.046
2 22 2.297 8.172
2 23 6.117 0.956
2 24 8.276 7.643
2 25 7.605 7.782
2 26 9.656 1.405
2 27 8.426 9.05
2 28 0.365 9.231
2 29 6.93 5.795
2 30 4.011 4.748
2 31 9.627 5.62
2 32 7.959 6.348
2 33 7.063 3.668
2 34 1.037 5.59
2 35 8.05 3.709
2 36 1.107 5.572
2 37 0.651 4.382
2 38 7.842 3.686
2 39 5.97 9.176
2 40 9.193 6.093
2 41 4.901 5.367
2 42 3.732 2.109
2 43 6.979 7.054
2 44 6.307 1.293
2 45 7.208 8.132
2 46 1.551 9.102
2 47 4.99 1.924
2 48 8.784 4.37
2 49 0.883 3.745
3 4 6.332 5.768
3 5 5.532 6.109
3 6 3.386 2.867
3 7 8.85 7.74
3 8 2.062 5.561
3 9 8.99 1.322
3 10 7.479 5.965
3 11 9.618 6.548
3 12 4.535 6.201
3 13 2.169 5.378
3 14 7.98 0.66
3 15 3.978 7.141
3 16 9.738 0.356
3 17 9.808 2.769
3 18 6.709 9.992
3 19 2.306 1.454
3 20 4.046 2.822
3 21 6.378 1.095
3 22 7.641 0.167
3 23 8.696 6.04
3 24 2.254 9.449
3 25 2.271 0.457
3 26 4.081 0.9
3 27 1.586 9.334
3 28 7.767 9.724
3 29 8.289 1.766
3 30 1.574 9.609
3 31 1.055 8.891
3 32 5.693 2.944
3 33 0.479 9.075
3 34 0.747 3.98
3 35 1.689 1.654
3 36 9.729 9.945
3 37 2.57 8.24
3 38 7.593 0.164
3 39 8.968 7.377
3 40 8.293 1.3
3 41 3.826 7.806
3 42 8.846 5.759
3 43 3.649 7.65
3 44 8.306 9.023
3 45 4.399 4.938
3 46 5.78 2.277
3 47 2.82 3.911
3 48 7.66 4.184
3 49 8.309 7.06
4 5 7.563 0.702
4 6 6.401 4.914
4 7 7.427 3.9
4 8 9.13 2.188
4 9 2.404 1.769
4 10 5.551 4.577
4 11 9.013 8.253
4 12 9.673 6.91
4 13 1.521 8.75
4 14 0.729 0.931
4 15 4.57 6.903
4 16 1.247 4.483
4 17 6.382 7.596
4 18 1.392 3.454
4 19 7.115 0.072
4 20 4.139 7.146
4 21 9.151 8.626
4 22 8.067 5.785
4 23 2.609 6.147
4 24 8.919 1.656
4 25 2.383 6.501
4 26 5.919 8.519
4 27 5.588 5.026
4 28 8.787 1.109
4 29 3.57 2.206
4 30 2.111 9.038
4 31 3.359 4.775
4 32 1.334 1.284
4 33 8.488 8.015
4 34 6.559 0.869
4 35 6.807 4.815
4 36 4.625 1.165
4 37 9.832 1.942
4 38 5.622 1.803
4 39 8.229 4.127
4 40 7.352 2.267
4 41 4.888 6.978
4 42 4.893 4.768
4 43 0.094 9.696
4 44 5.077 8.866
4 45 3.059 0.786
4 46 7.659 1.41
4 47 0.503 3.013
4 48 0.652 3.522
4 49 3.392 9.562
5 6 3.092 7.519
5 7 6.601 7.742
5 8 5.526 5.468
5 9 5.616 6.498
5 10 6.213 8.076
5 11 2.254 2.412
5 12 6.631 9.56
5 13 0.349 3.332
5 14 1.448 7.824
5 15 5.633 4.471
5 16 1.11 0.484
5 17 4.846 3.014
5 18 0.23 4.258
5 19 7.651 5.675
5 20 3.772 3.579
5 21 7.948 7.701
5 22 4.492 9.494
5 23 3.082 4.981
5 24 9.146 9.894
5 25 7.879 4.107
5 26 4.041 2.582
5 27 1.955 9.195
5 28 1.023 6.503
5 29 0.609 2.782
5 30 3.262 1.413
5 31 9.843 2.211
5 32 0.395 7.302
5 33 3.303 1.32
5 34 9.649 1.109
5 35 7.61 8.272
5 36 0.63 1.652
5 37 1.342 0.896
5 38 4.26 4.613
5 39 6.999 3.215
5 40 0.827 1.424
5 41 8.94 3.246
5 42 3.703 2.771
5 43 1.265 1.547
5 44 4.18 4.493
5 45 3.758 5.533
5 46 4.838 0.437
5 47 8.714 3.042
5 48 8.881 1.451
5 49 5.773 0.931
6 7 2.793 9.833
6 8 1.488 2.237
6 9 1.2 2.09
6 10 6.609 6.4
6 11 6.481 1.698
6 12 5.952 4.083
6 13 4.908 1.998
6 14 7.752 5.113
6 15 9.753 1.905
6 16 0.124 7.243
6 17 2.742 2.608
6 18 1.216 0.202
6 19 5.957 9.649
6 20 5.882 2.12
6 21 3.667 5.825
6 22 4.518 0.58
6 23 2.301 4.318
6 24 7.495 8.709
6 25 0.63 0.422
6 26 2.237 1.424
6 27 1.466 7.962
6 28 0.122 5.274
6 29 0.09 7.215
6 30 5.098 3.311
6 31 3.87 5.631
6 32 9.93 9.986
6 33 4.341 0.789
6 34 5.936 3.716
6 35 7.446 2.492
6 36 1.606 0.575
6 37 8.936 7.983
6 38 5.081 5.304
6 39 0.246 8.531
6 40 3.233 5.489
6 41 3.972 0.741
6 42 1.008 3.545
6 43 9.274 7.342
6 44 8.006 2.31
6 45 8.141 1.422
6 46 5.816 2.994
6 47 6.44 7.91
6 48 0.798 7.182
6 49 2.609 4.12
7 8 9.925 0.925
7 9 5.669 5.134
7 10 4.243 1.58
7 11 7.546 2.407
7 12 8.539 2.013
7 13 8.633 3.466
7 14 6.494 2.982
7 15 7.158 9.107
7 16 7.936 3.94
7 17 0.122 4.392
7 18 7.712 4.137
7 19 3.796 6.109
7 20 4.85 9.526
7 21 7.759 7.85
7 22 0.721 1.89
7 23 9.08 9.532
7 24 9.143 1.252
7 25 4.83 5.738
7 26 0.859 9.371
7 27 8.44 5.955
7 28 2.056 5.959
7 29 1.423 4.198
7 30 1.483 7.707
7 31 3.218 0.794
7 32 9.916 6.631
7 33 2.763 4.771
7 34 4.623 8.277
7 35 3.955 9.921
7 36 6.567 4.341
7 37 3.352 3.326
7 38 9.431 4.034
7 39 6.908 0.417
7 40 7.277 5.836
7 41 3.642 7.778
7 42 4.405 0.662
7 43 3.62 1.161
7 44 6.766 1.955
7 45 1.696 3.929
7 46 8.36 2.81
7 47 7.449 1.99
7 48 8.785 2.93
7 49 7.015 1.922
8 9 7.936 6.228
8 10 7.371 5.065
8 11 6.767 8.555
8 12 2.789 4.894
8 13 6.051 1.986
8 14 9.624 0.156
8 15 6.104 8.002
8 16 4.304 0.275
8 17 4.797 5.076
8 18 2.771 7.313
8 19 6.485 9.277
8 20 2.891 4.909
8 21 0.193 2.162
8 22 2.251 6.02
8 23 8.085 9.911
8 24 0.511 0.639
8 25 6.469 4.189
8 26 8.447 0.928
8 27 4.992 7.555
8 28 7.658 6.403
8 29 3.976 3.349
8 30 6.744 0.792
8 31 2.738 4.125
8 32 7.083 0.619
8 33 4.608 1.028
8 34 3.688 7.62
8 35 5.493 0.079
8 36 4.723 9.623
8 37 0.78 1.461
8 38 4.484 4.146
8 39 2.502 1.988
8 40 3.239 1.676
8 41 8.211 1.334
8 42 5.938 5.731
8 43 9.259 3.859
8 44 8.622 6.381
8 45 2.114 0.028
8 46 4.463 6.508
8 47 1.907 6.474
8 48 3.744 6.746
8 49 9.964 3.512
9 10 5.739 8.648
9 11 7.523 8.65
9 12 3.458 5.451
9 13 5.0 3.764
9 14 5.059 9.069
9 15 5.481 6.064
9 16 8.276 0.743
9 17 9.808 4.127
9 18 4.125 8.864
9 19 2.015 3.605
9 20 6.588 6.883
9 21 5.844 6.413
9 22 0.545 5.698
9 23 6.943 4.957
9 24 2.735 8.608
9 25 1.951 0.111
9 26 2.958 9.302
9 27 1.232 9.736
9 28 1.202 3.239
9 29 2.552 6.695
9 30 6.59 7.191
9 31 1.939 0.016
9 32 2.893 6.059
9 33 7.56 3.515
9 34 1.322 7.994
9 35 8.398 2.323
9 36 5.511 2.731
9 37 9.846 8.502
9 38 2.879 7.917
9 39 3.016 2.638
9 40 4.191 8.222
9 41 7.056 4.215
9 42 9.525 1.341
9 43 3.375 0.176
9 44 3.941 0.063
9 45 4.551 0.25
9 46 9.311 7.081
9 47 4.155 8.824
9 48 8.372 1.793
9 49 3.053 0.5
10 11 3.726 1.348
10 12 2.109 2.812
10 13 0.834 8.511
10 14 0.907 1.134
10 15 2.61 7.124
10 16 6.344 8.977
10 17 5.224 6.395
10 18 8.74 1.769
10 19 9.015 2.531
10 20 3.012 1.857
10 21 0.253 6.064
10 22 7.566 8.959
10 23 6.525 4.932
10 24 3.245 2.863
10 25 9.875 8.763
10 26 3.017 1.376
10 27 8.679 4.469
10 28 0.242 9.946
10 29 0.339 1.078
10 30 3.725 9.946
10 31 8.588 0.492
10 32 5.67 7.802
10 33 7.46 1.874
10 34 9.108 9.483
10 35 4.309 2.695
10 36 2.374 5.698
10 37 9.639 3.864
10 38 9.748 5.577
10 39 1.903 8.738
10 40 0.993 6.999
10 41 1.635 6.984
10 42 1.264 0.632
10 43 6.857 1.379
10 44 1.922 3.757
10 45 3.725 9.885
10 46 0.32 6.834
10 47 3.119 8.49
10 48 1.598 3.268
10 49 5.817 1.726
11 12 8.261 5.283
11 13 8.728 0.977
11 14 8.284 5.601
11 15 0.838 5.375
11 16 2.151 1.691
11 17 8.382 2.558
11 18 6.292 5.263
11 19 4.008 9.819
11 20 5.215 0.4
11 21 1.776 3.811
11 22 9.188 8.17
11 23 0.252 6.85
11 24 0.51 5.882
11 25 1.165 4.017
11 26 4.633 2.583
11 27 4.951 9.417
11 28 9.978 3.406
11 29 6.561 6.672
11 30 6.166 5.228
11 31 1.652 0.723
11 32 6.553 7.602
11 33 3.906 7.493
11 34 3.48 0.409
11 35 7.348 3.379
11 36 6.038 4.196
11 37 7.018 6.642
11 38 3.634 8.819
11 39 8.92 0.396
11 40 3.051 8.199
11 41 3.732 4.635
11 42 0.864 7.26
11 43 5.296 4.955
11 44 0.717 4.043
11 45 5.588 8.876
11 46 4.362 6.223
11 47 5.182 1.282
11 48 2.905 9.19
11 49 0.685 1.044
12 13 8.727 8.763
12 14 7.565 2.353
12 15 0.812 0.324
12 16 6.481 3.883
12 17 5.877 6.959
12 18 7.07 7.267
12 19 3.553 9.253
12 20 9.768 1.572
12 21 9.486 8.508
12 22 5.942 8.9
12 23 9.075 2.317
12 24 2.826 5.972
12 25 0.385 4.392
12 26 9.786 7.83
12 27 6.814 2.902
12 28 7.953 6.572
12 29 1.361 2.304
12 30 6.322 5.698
12 31 8.506 1.816
12 32 2.018 9.11
12 33 7.739 3.365
12 34 8.145 4.748
12 35 3.11 9.572
12 36 2.816 6.859
12 37 3.221 7.974
12 38 9.527 2.73
12 39 1.777 1.277
12 40 3.524 2.882
12 41 8.877 2.864
12 42 5.76 3.023
12 43 8.862 1.633
12 44 6.373 4.017
12 45 6.004 9.241
12 46 6.921 5.922
12 47 8.865 6.717
12 48 3.679 5.049
12 49 2.863 0.71
13 14 4.787 5.461
13 15 5.921 3.117
13 16 8.782 5.279
13 17 0.257 2.887
13 18 5.18 3.302
13 19 3.907 1.673
13 20 7.535 8.701
13 21 7.478 7.752
13 22 6.093 6.675
13 23 6.241 8.939
13 24 1.328 1.026
13 25 6.484 3.123
13 26 6.925 9.959
13 27 2.546 5.281
13 28 4.271 9.908
13 29 4.684 9.402
13 30 6.097 6.223
13 31 2.829 3.895
13 32 0.981 2.181
13 33 6.883 1.192
13 34 4.413 9.766
13 35 6.129 3.477
13 36 5.665 4.882
13 37 2.911 5.384
13 38 3.76 5.128
13 39 7.786 0.929
13 40 6.075 8.683
13 41 9.487 1.471
13 42 1.572 6.388
13 43 9.343 5.978
13 44 5.363 7.908
13 45 1.608 7.611
13 46 7.926 5.382
13 47 5.24 0.369
13 48 0.121 8.292
13 49 5.292 4.923
14 15 7.792 6.784
14 16 6.441 9.022
14 17 1.526 1.504
14 18 0.26 0.715
14 19 9.369 1.838
14 20 4.866 4.677
14 21 3.014 7.854
14 22 8.98 2.326
14 23 1.717 1.725
14 24 7.382 0.327
14 25 9.199 2.118
14 26 0.359 5.59
14 27 6.16 7.772
14 28 5.831 3.846
14 29 7.505 1.975
14 30 3.439 0.448
14 31 5.453 7.065
14 32 4.094 9.263
14 33 7.491 5.295
14 34 4.928 6.404
14 35 3.37 3.372
14 36 9.799 5.242
14 37 0.602 4.621
14 38 4.128 3.301
14 39 2.832 5.609
14 40 7.905 5.43
14 41 3.94 0.373
14 42 0.582 3.424
14 43 0.452 0.575
14 44 7.112 0.048
14 45 8.937 7.139
14 46 5.702 0.753
14 47 0.208 6.131
14 48 4.185 6.415
14 49 5.176 1.061
15 16 9.942 8.919
15 17 9.479 5.532
15 18 4.829 9.687
15 19 7.994 5.429
15 20 7.526 1.903
15 21 3.748 2.74
15 22 0.134 4.203
15 23 8.176 8.986
15 24 2.506 9.734
15 25 0.103 8.244
15 26 2.87 4.61
15 27 5.001 5.169
15 28 7.557 2.17
15 29 2.391 5.22
15 30 3.236 2.6
15 31 6.99 3.803
15 32 0.278 1.206
15 33 0.481 7.789
15 34 7.636 1.673
15 35 3.089 3.675
15 36 4.344 4.828
15 37 9.967 0.489
15 38 0.649 6.753
15 39 5.036 0.922
15 40 0.314 5.966
15 41 2.146 5.156
15 42 4.224 3.285
15 43 7.097 1.112
15 44 0.213 0.47
15 45 1.523 0.345
15 46 9.172 9.983
15 47 0.381 7.065
15 48 8.924 8.589
15 49 3.116 6.534
16 17 2.133 9.581
16 18 5.058 6.006
16 19 2.762 1.202
16 20 4.208 7.5
16 21 6.862 1.459
16 22 6.269 9.431
16 23 5.467 9.644
16 24 8.85 9.63
16 25 6.093 5.514
16 26 9.682 8.555
16 27 5.616 8.171
16 28 6.323 5.269
16 29 0.798 6.528
16 30 0.781 7.112
16 31 8.148 6.745
16 32 6.499 2.794
16 33 1.843 3.779
16 34 5.313 2.069
16 35 8.407 3.226
16 36 1.92 2.973
16 37 0.654 8.7
16 38 7.3 9.149
16 39 9.719 1.34
16 40 5.927 8.729
16 41 0.422 5.182
16 42 9.04 7.412
16 43 8.905 8.299
16 44 7.154 0.881
16 45 6.312 3.529
16 46 6.753 3.27
16 47 7.802 4.659
16 48 2.323 8.321
16 49 8.267 8.2
17 18 5.386 4.825
17 19 0.485 5.122
17 20 0.525 5.413
17 21 7.49 2.399
17 22 2.317 0.299
17 23 1.024 9.826
17 24 3.748 4.969
17 25 2.517 9.957
17 26 0.916 1.741
17 27 0.543 5.463
17 28 9.01 4.815
17 29 2.753 5.533
17 30 0.744 3.266
17 31 5.066 1.661
17 32 2.025 9.777
17 33 8.587 7.747
17 34 2.969 3.531
17 35 9.364 6.076
17 36 2.282 4.923
17 37 5.258 4.982
17 38 0.362 0.463
17 39 9.822 4.03
17 40 8.905 3.114
17 41 9.034 6.609
17 42 1.115 7.826
17 43 5.667 3.194
17 44 6.958 3.771
17 45 4.488 9.527
17 46 6.323 0.588
17 47 3.705 7.109
17 48 2.736 8.254
17 49 1.309 5.884
18 19 4.798 6.069
18 20 4.416 9.687
18 21 7.754 6.46
18 22 1.445 4.749
18 23 7.293 5.325
18 24 0.087 5.346
18 25 6.856 9.407
18 26 6.995 7.172
18 27 4.757 5.847
18 28 7.444 2.4
18 29 3.461 8.079
18 30 1.48 2.463
18 31 3.064 3.539
18 32 8.433 6.942
18 33 7.063 5.129
18 34 6.285 6.649
18 35 2.128 6.261
18 36 0.345 9.384
18 37 9.59 5.325
18 38 6.685 5.228
18 39 3.301 3.033
18 40 4.886 2.222
18 41 5.738 4.088
18 42 6.775 3.589
18 43 7.369 1.104
18 44 8.96 0.131
18 45 1.038 4.155
18 46 9.412 8.047
18 47 8.348 1.23
18 48 5.135 4.454
18 49 3.708 1.643
19 20 6.884 1.011
19 21 3.944 4.148
19 22 6.836 5.723
19 23 5.696 7.633
19 24 5.597 8.396
19 25 4.101 3.554
19 26 1.779 5.451
19 27 2.97 1.684
19 28 2.322 9.633
19 29 7.007 2.161
19 30 4.888 3.093
19 31 0.191 3.524
19 32 5.277 2.588
19 33 8.861 5.111
19 34 4.079 5.678
19 35 6.695 8.781
19 36 8.745 6.071
19 37 4.169 1.793
19 38 7.099 7.797
19 39 6.506 9.548
19 40 9.455 6.548
19 41 1.541 0.173
19 42 5.073 6.877
19 43 4.804 9.282
19 44 7.614 0.659
19 45 8.77 4.087
19 46 1.178 5.347
19 47 3.952 0.625
19 48 5.092 3.533
19 49 6.15 2.914
20 21 6.966 5.838
20 22 2.342 8.465
20 23 4.116 7.984
20 24 2.826 8.8
20 25 6.321 5.366
20 26 6.099 9.175
20 27 7.174 7.488
20 28 0.507 8.771
20 29 6.3 9.52
20 30 1.864 1.879
20 31 3.748 5.747
20 32 8.725 7.916
20 33 5.201 1.475
20 34 7.591 6.526
20 35 1.337 7.224
20 36 6.979 9.677
20 37 7.726 6.731
20 38 9.47 4.699
20 39 2.787 7.373
20 40 4.999 7.942
20 41 7.274 0.319
20 42 1.192 2.963
20 43 0.115 5.154
20 44 3.418 4.379
20 45 3.161 8.51
20 46 0.779 8.976
20 47 7.094 2.99
20 48 1.143 1.759
20 49 7.347 5.04
21 22 5.159 8.917
21 23 5.37 1.961
21 24 4.204 5.032
21 25 2.351 6.159
21 26 9.016 6.793
21 27 5.026 7.988
21 28 9.784 9.603
21 29 0.279 5.895
21 30 5.393 3.582
21 31 4.261 8.001
21 32 7.538 1.907
21 33 2.615 2.865
21 34 3.005 9.2
21 35 4.231 6.037
21 36 3.417 8.103
21 37 2.051 1.32
21 38 6.127 6.197
21 39 1.918 9.127
21 40 5.573 8.864
21 41 7.192 6.161
21 42 9.755 4.025
21 43 8.358 7.521
21 44 2.287 7.453
21 45 3.339 2.223
21 46 6.3 1.97
21 47 4.077 8.585
21 48 6.857 4.287
21 49 0.59 3.088
22 23 1.229 4.846
22 24 2.736 0.516
22 25 3.735 2.704
22 26 7.395 6.27
22 27 2.399 0.326
22 28 9.776 0.68
22 29 8.502 6.144
22 30 4.036 1.334
22 31 2.31 5.614
22 32 3.87 1.908
22 33 9.664 6.952
22 34 5.715 2.647
22 35 4.692 0.492
22 36 7.164 8.34
22 37 8.575 4.497
22 38 8.668 3.342
22 39 9.0 4.262
22 40 9.749 6.908
22 41 5.685 8.935
22 42 6.342 8.206
22 43 3.957 3.253
22 44 1.379 2.625
22 45 4.868 6.664
22 46 9.217 0.897
22 47 7.023 3.179
22 48 6.755 1.076
22 49 0.854 9.639
23 24 9.061 7.828
23 25 4.254 2.326
23 26 3.574 3.165
23 27 9.901 6.42
23 28 1.758 0.039
23 29 8.721 9.261
23 30 4.701 1.123
23 31 0.737 9.988
23 32 3.786 6.507
23 33 3.077 9.665
23 34 4.353 3.669
23 35 9.847 2.576
23 36 0.796 3.045
23 37 4.212 5.607
23 38 7.068 9.087
23 39 4.447 7.92
23 40 4.537 8.754
23 41 6.391 6.149
23 42 9.141 3.852
23 43 8.175 6.195
23 44 1.843 6.545
23 45 0.976 9.138
23 46 8.189 1.916
23 47 5.695 6.432
23 48 0.763 2.917
23 49 8.341 5.916
24 25 7.619 2.299
24 26 5.374 3.404
24 27 1.698 4.984
24 28 9.525 5.679
24 29 1.586 2.868
24 30 9.395 4.984
24 31 2.727 9.674
24 32 2.045 3.37
24 33 0.715 0.499
24 34 5.997 7.351
24 35 1.095 3.986
24 36 4.959 8.167
24 37 9.699 0.795
24 38 0.016 3.457
24 39 2.377 9.554
24 40 6.854 1.065
24 41 1.088 7.04
24 42 5.853 3.655
24 43 8.102 3.486
24 44 0.567 9.067
24 45 2.629 8.888
24 46 0.722 5.723
24 47 1.308 1.677
24 48 4.13 6.018
24 49 7.067 7.916
25 26 5.891 7.14
25 27 4.761 1.945
25 28 1.009 3.182
25 29 0.514 7.752
25 30 9.702 2.764
25 31 0.498 3.126
25 32 1.582 1.929
25 33 7.465 2.85
25 34 2.404 2.991
25 35 2.021 3.001
25 36 5.392 7.535
25 37 7.401 7.85
25 38 4.615 3.205
25 39 5.411 2.12
25 40 1.494 8.81
25 41 4.89 7.719
25 42 7.772 1.142
25 43 7.424 1.273
25 44 4.426 3.475
25 45 3.777 0.748
25 46 0.661 9.206
25 47 1.72 8.563
25 48 7.132 8.502
25 49 6.654 4.274
26 27 9.086 0.467
26 28 4.065 0.931
26 29 1.561 1.569
26 30 8.864 8.704
26 31 7.577 0.738
26 32 0.446 8.62
26 33 6.428 0.773
26 34 4.839 4.392
26 35 3.484 0.629
26 36 9.949 5.848
26 37 1.25 3.994
26 38 2.64 4.315
26 39 7.168 6.176
26 40 8.92 7.897
26 41 0.311 6.813
26 42 3.509 7.282
26 43 0.201 5.151
26 44 6.851 1.478
26 45 0.506 1.57
26 46 1.873 4.551
26 47 6.149 0.874
26 48 3.513 3.198
26 49 2.415 0.422
27 28 3.628 9.316
27 29 8.363 4.925
27 30 1.608 7.163
27 31 1.196 3.393
27 32 3.534 5.671
27 33 2.588 6.101
27 34 3.018 1.771
27 35 3.155 9.235
27 36 9.447 7.794
27 37 1.256 9.835
27 38 1.268 2.878
27 39 2.868 9.434
27 40 2.009 4.778
27 41 0.804 7.463
27 42 9.705 9.81
27 43 7.759 9.907
27 44 8.198 0.974
27 45 5.49 7.064
27 46 7.359 9.503
27 47 4.104 8.412
27 48 0.116 9.532
27 49 9.733 4.424
28 29 9.566 1.185
28 30 1.453 0.158
28 31 3.3 8.071
28 32 5.665 9.217
28 33 9.535 9.198
28 34 3.762 9.552
28 35 5.074 0.117
28 36 7.398 1.109
28 37 8.945 1.04
28 38 3.226 0.832
28 39 5.302 5.454
28 40 5.379 0.167
28 41 4.155 0.353
28 42 0.256 5.459
28 43 2.345 9.5
28 44 4.765 6.51
28 45 5.02 6.225
28 46 6.16 8.785
28 47 0.615 0.267
28 48 7.389 9.816
28 49 5.712 3.554
29 30 0.027 0.825
29 31 3.877 6.049
29 32 6.207 7.807
29 33 4.703 1.27
29 34 6.858 7.403
29 35 5.266 0.62
29 36 3.834 2.714
29 37 2.738 4.425
29 38 4.449 1.244
29 39 0.097 9.013
29 40 0.54 5.23
29 41 2.364 9.951
29 42 2.715 3.468
29 43 4.614 9.33
29 44 5.865 1.736
29 45 0.413 4.531
29 46 3.384 1.088
29 47 5.104 8.662
29 48 9.189 3.547
29 49 7.863 0.143
30 31 7.037 0.676
30 32 4.552 1.567
30 33 2.87 1.763
30 34 8.399 7.032
30 35 9.066 4.648
30 36 9.433 5.934
30 37 1.814 8.769
30 38 1.68 4.494
30 39 5.262 4.333
30 40 8.54 3.485
30 41 7.246 3.039
30 42 7.518 5.0
30 43 4.317 8.525
30 44 0.002 5.02
30 45 4.694 7.968
30 46 2.086 8.115
30 47 9.667 1.801
30 48 3.423 7.376
30 49 2.211 2.547
31 32 0.39 9.659
31 33 5.875 1.423
31 34 9.816 2.8
31 35 2.827 1.979
31 36 0.479 6.872
31 37 6.655 4.677
31 38 4.549 8.76
31 39 3.268 5.791
31 40 9.472 2.133
31 41 1.903 1.276
31 42 9.146 1.173
31 43 0.142 0.171
31 44 3.818 2.757
31 45 4.132 6.653
31 46 4.114 2.506
31 47 4.533 0.362
31 48 4.731 1.031
31 49 8.517 6.405
32 33 4.153 1.396
32 34 5.123 0.312
32 35 6.383 5.245
32 36 4.018 1.473
32 37 4.362 7.217
32 38 0.979 9.334
32 39 8.757 3.173
32 40 9.227 9.124
32 41 3.212 3.404
32 42 5.695 3.139
32 43 9.229 7.645
32 44 7.882 2.69
32 45 4.023 7.641
32 46 2.801 9.612
32 47 3.609 3.07
32 48 8.286 6.751
32 49 5.046 0.393
33 34 4.419 9.311
33 35 8.082 7.752
33 36 6.646 4.721
33 37 2.783 3.799
33 38 8.977 8.442
33 39 9.377 0.121
33 40 5.351 6.434
33 41 2.31 7.457
33 42 1.157 2.835
33 43 3.217 6.727
33 44 9.88 1.446
33 45 0.172 1.682
33 46 3.45 8.745
33 47 6.622 3.827
33 48 4.921 9.159
33 49 3.781 1.835
34 35 4.231 9.648
34 36 4.341 8.108
34 37 5.125 6.695
34 38 2.041 6.937
34 39 8.731 6.302
34 40 9.293 2.111
34 41 6.326 5.397
34 42 9.77 9.966
34 43 7.25 4.099
34 44 3.002 3.568
34 45 1.38 7.577
34 46 2.442 6.442
34 47 3.195 6.043
34 48 4.712 2.412
34 49 8.485 9.126
35 36 2.209 0.124
35 37 9.728 1.07
35 38 6.025 7.456
35 39 4.616 1.624
35 40 3.507 0.196
35 41 0.378 3.445
35 42 8.465 8.796
35 43 1.954 7.724
35 44 9.544 7.982
35 45 2.175 6.789
35 46 1.01 4.655
35 47 6.061 0.48
35 48 7.486 4.461
35 49 9.752 5.581
36 37 6.136 3.732
36 38 7.459 2.802
36 39 7.063 6.648
36 40 5.922 7.912
36 41 2.489 3.314
36 42 0.569 4.536
36 43 8.572 5.627
36 44 1.63 6.311
36 45 6.951 4.899
36 46 8.144 2.593
36 47 4.606 5.696
36 48 7.61 2.121
36 49 1.031 3.561
37 38 6.947 3.907
37 39 9.633 3.814
37 40 5.325 9.006
37 41 4.795 7.473
37 42 2.598 8.392
37 43 0.88 9.033
37 44 5.878 8.867
37 45 5.434 5.306
37 46 4.479 9.539
37 47 6.624 6.173
37 48 8.224 6.018
37 49 4.087 1.115
38 39 6.24 5.595
38 40 4.469 2.383
38 41 6.125 6.797
38 42 7.929 5.805
38 43 9.107 6.379
38 44 7.894 9.845
38 45 2.513 6.946
38 46 5.307 6.778
38 47 5.357 0.425
38 48 4.53 2.331
38 49 9.503 2.267
39 40 5.832 9.898
39 41 6.552 5.181
39 42 5.562 3.405
39 43 7.657 8.681
39 44 3.921 6.346
39 45 2.033 4.437
39 46 6.003 6.019
39 47 6.217 3.444
39 48 3.235 7.028
39 49 2.075 9.26
40 41 2.85 2.205
40 42 7.14 9.445
40 43 5.723 0.903
40 44 0.368 7.39
40 45 1.834 8.847
40 46 0.698 6.623
40 47 3.317 0.716
40 48 6.433 8.329
40 49 8.055 1.55
41 42 2.529 4.725
41 43 6.778 8.441
41 44 1.652 3.92
41 45 3.454 6.857
41 46 6.321 8.529
41 47 0.531 6.383
41 48 1.858 4.272
41 49 8.571 3.981
42 43 9.944 8.627
42 44 5.384 0.873
42 45 8.362 8.923
42 46 6.339 7.421
42 47 0.129 1.624
42 48 9.102 9.461
42 49 5.255 2.607
43 44 9.159 6.024
43 45 3.678 4.328
43 46 5.501 1.229
43 47 4.07 5.657
43 48 7.555 2.798
43 49 0.039 7.836
44 45 7.159 5.663
44 46 7.453 8.415
44 47 1.451 8.803
44 48 0.524 2.379
44 49 5.669 5.751
45 46 6.037 7.239
45 47 9.913 0.552
45 48 4.07 1.178
45 49 2.523 7.191
46 47 2.46 3.483
46 48 9.285 8.223
46 49 3.636 2.157
47 48 9.944 4.607
47 49 9.931 5.041
48 49 7.561 4.582