50
77.241
0 1 33.303 0.009
0 2 73.139 0.587
0 3 68.978 0.634
0 4 53.588 0.039
0 5 26.247 0.858
0 6 7.215 1.356
0 7 1.428 0.979
0 8 12.713 0.874
0 9 16.689 1.583
0 10 30.251 1.367
0 11 26.182 1.196
0 12 32.644 1.165
0 13 32.881 1.609
0 14 2.479 1.746
0 15 7.739 0.909
0 16 27.612 0.659
0 17 29.744 1.332
0 18 21.56 0.882
0 19 13.31 1.916
0 20 15.472 1.236
0 21 4.002 1.691
0 22 33.141 1.181
0 23 28.15 1.722
0 24 2.079 1.245
0 25 9.811 1.993
0 26 16.181 1.652
0 27 6.871 1.465
0 28 26.071 1.966
0 29 27.153 0.788
0 30 24.263 1.623
0 31 24.235 0.793
0 32 19.825 1.841
0 33 19.867 0.853
0 34 31.063 1.335
0 35 0.5 0.654
0 36 25.541 1.885
0 37 11.49 1.814
0 38 0.249 1.039
0 39 31.378 1.439
0 40 19.546 1.803
0 41 7.849 1.286
0 42 5.365 0.934
0 43 29.946 1.87
0 44 29.509 1.899
0 45 22.509 0.725
0 46 28.478 1.418
0 47 14.082 1.463
0 48 9.073 0.997
0 49 19.715 1.926
1 2 9.356 0.424
1 3 48.956 1.139
1 4 69.679 0.074
1 5 0.719 1.801
1 6 4.643 1.628
1 7 5.052 1.938
1 8 0.173 1.889
1 9 7.326 1.56
1 10 7.174 1.162
1 11 7.332 1.702
1 12 1.23 1.546
1 13 4.678 1.171
1 14 3.813 1.849
1 15 7.002 1.175
1 16 0.166 1.835
1 17 8.076 1.579
1 18 3.209 1.234
1 19 1.147 1.909
1 20 3.753 1.459
1 21 1.676 1.146
1 22 1.19 1.305
1 23 3.699 1.489
1 24 6.311 1.934
1 25 0.647 1.725
1 26 6.386 1.922
1 27 8.055 1.364
1 28 5.323 1.717
1 29 8.535 1.744
1 30 2.899 1.655
1 31 1.952 1.888
1 32 6.818 1.412
1 33 5.545 1.46
1 34 3.051 1.328
1 35 1.86 1.899
1 36 8.147 1.42
1 37 5.772 1.822
1 38 1.733 1.595
1 39 6.958 1.366
1 40 8.805 1.818
1 41 6.33 1.91
1 42 0.635 1.589
1 43 6.79 1.901
1 44 2.294 1.462
1 45 4.688 1.45
1 46 3.356 1.852
1 47 4.892 1.275
1 48 6.949 1.424
1 49 2.893 1.917
2 3 19.171 0.842
2 4 40.16 1.012
2 5 1.056 1.32
2 6 18.057 1.229
2 7 17.833 1.091
2 8 18.874 1.292
2 9 13.057 1.455
2 10 11.004 1.978
2 11 6.151 1.594
2 12 4.765 1.652
2 13 4.44 1.943
2 14 1.59 1.486
2 15 10.637 1.181
2 16 8.938 1.054
2 17 18.681 1.063
2 18 7.707 1.462
2 19 12.555 1.088
2 20 1.853 1.903
2 21 4.974 1.949
2 22 8.235 1.582
2 23 14.307 1.582
2 24 12.348 1.997
2 25 2.344 1.674
2 26 5.719 1.029
2 27 6.895 1.78
2 28 12.071 1.555
2 29 13.663 1.365
2 30 0.224 1.565
2 31 7.933 1.665
2 32 18.359 1.598
2 33 0.957 1.291
2 34 11.13 1.934
2 35 14.65 1.385
2 36 3.793 1.099
2 37 1.37 1.047
2 38 15.475 1.417
2 39 18.921 1.65
2 40 14.24 1.141
2 41 12.753 1.136
2 42 2.423 1.483
2 43 12.594 1.246
2 44 7.174 1.255
2 45 15.89 1.072
2 46 8.447 1.304
2 47 1.299 1.343
2 48 11.004 1.291
2 49 2.023 1.122
3 4 73.243 0.564
3 5 18.484 0.739
3 6 54.817 1.885
3 7 45.864 1.936
3 8 68.512 1.973
3 9 61.435 1.813
3 10 23.181 1.161
3 11 9.833 1.211
3 12 15.941 0.727
3 13 12.748 1.825
3 14 40.029 1.501
3 15 32.726 1.872
3 16 39.982 1.051
3 17 15.114 1.795
3 18 55.135 1.066
3 19 5.938 1.539
3 20 29.183 1.015
3 21 37.482 1.304
3 22 19.491 1.216
3 23 2.81 1.649
3 24 67.491 1.378
3 25 33.159 0.86
3 26 28.991 1.952
3 27 51.518 1.544
3 28 44.754 1.072
3 29 30.423 1.337
3 30 29.999 1.798
3 31 43.31 1.804
3 32 62.0 1.035
3 33 71.166 1.099
3 34 19.075 0.737
3 35 62.116 0.571
3 36 61.662 1.611
3 37 56.521 1.319
3 38 14.226 1.018
3 39 53.644 1.373
3 40 44.272 1.964
3 41 18.396 1.146
3 42 62.116 1.344
3 43 51.003 1.132
3 44 70.767 0.847
3 45 39.303 1.647
3 46 43.003 0.598
3 47 56.856 1.606
3 48 1.437 1.867
3 49 31.891 1.657
4 5 99.048 0.517
4 6 63.21 0.142
4 7 94.682 1.977
4 8 94.015 1.444
4 9 78.88 0.534
4 10 34.219 1.529
4 11 90.489 0.654
4 12 50.023 0.62
4 13 15.295 1.513
4 14 24.822 1.028
4 15 88.933 1.789
4 16 6.286 0.436
4 17 65.37 1.125
4 18 37.058 1.275
4 19 72.222 0.161
4 20 11.347 0.376
4 21 84.002 0.465
4 22 46.493 1.236
4 23 89.752 0.179
4 24 12.056 0.801
4 25 58.585 0.339
4 26 34.923 1.694
4 27 42.193 1.377
4 28 68.48 1.011
4 29 31.563 0.87
4 30 37.178 0.313
4 31 77.031 0.537
4 32 60.095 1.471
4 33 67.488 0.771
4 34 71.494 0.556
4 35 4.899 1.276
4 36 88.306 1.945
4 37 36.777 1.847
4 38 82.036 0.502
4 39 84.978 1.125
4 40 66.369 1.02
4 41 22.153 1.058
4 42 99.12 1.63
4 43 62.893 0.836
4 44 91.748 0.263
4 45 46.963 0.679
4 46 67.831 1.619
4 47 91.471 0.356
4 48 77.508 1.124
4 49 25.168 0.14
5 6 56.975 1.865
5 7 7.116 0.097
5 8 50.54 0.005
5 9 31.019 0.023
5 10 4.152 1.98
5 11 6.543 1.963
5 12 4.717 1.909
5 13 4.305 1.947
5 14 3.948 1.914
5 15 3.904 1.975
5 16 1.65 1.964
5 17 0.304 1.917
5 18 4.081 1.887
5 19 1.65 1.988
5 20 7.064 1.93
5 21 2.269 1.993
5 22 5.612 1.967
5 23 3.635 1.882
5 24 0.492 1.975
5 25 0.607 1.938
5 26 6.719 1.933
5 27 4.771 1.876
5 28 5.636 1.93
5 29 4.791 1.939
5 30 2.182 1.964
5 31 4.356 1.892
5 32 7.038 1.943
5 33 2.788 1.951
5 34 5.63 1.867
5 35 4.037 1.949
5 36 0.221 1.982
5 37 4.405 1.894
5 38 6.65 1.916
5 39 0.911 1.984
5 40 2.146 1.932
5 41 0.658 1.915
5 42 6.988 1.928
5 43 5.98 1.974
5 44 4.425 1.979
5 45 3.606 1.923
5 46 0.918 1.936
5 47 2.062 1.879
5 48 0.753 1.941
5 49 3.397 1.973
6 7 26.87 0.49
6 8 46.012 0.106
6 9 63.038 0.92
6 10 10.778 1.467
6 11 22.0 0.999
6 12 12.195 1.523
6 13 11.381 0.965
6 14 15.518 1.399
6 15 23.615 1.58
6 16 6.56 1.198
6 17 19.378 0.957
6 18 21.878 1.418
6 19 17.412 0.951
6 20 23.866 1.218
6 21 25.216 1.177
6 22 24.01 1.158
6 23 16.589 1.615
6 24 16.139 0.929
6 25 12.566 1.074
6 26 15.679 1.079
6 27 18.732 1.928
6 28 3.91 1.823
6 29 26.751 1.887
6 30 17.913 1.865
6 31 21.515 1.822
6 32 12.433 0.927
6 33 24.457 1.163
6 34 7.541 1.291
6 35 10.988 1.035
6 36 19.423 1.889
6 37 17.691 1.475
6 38 20.722 1.514
6 39 13.727 1.83
6 40 5.594 1.895
6 41 20.941 0.968
6 42 12.016 1.274
6 43 11.724 1.0
6 44 2.615 1.01
6 45 15.954 1.329
6 46 10.529 1.196
6 47 6.608 1.179
6 48 10.017 1.17
6 49 10.864 1.504
7 8 44.151 0.651
7 9 29.379 0.217
7 10 16.714 1.76
7 11 18.656 1.547
7 12 21.521 1.787
7 13 15.188 1.311
7 14 12.709 1.799
7 15 5.088 1.522
7 16 2.212 1.532
7 17 20.26 1.934
7 18 22.375 1.505
7 19 13.93 1.192
7 20 19.971 1.084
7 21 28.802 1.767
7 22 13.282 1.575
7 23 13.702 0.869
7 24 24.546 1.52
7 25 17.476 1.515
7 26 29.219 1.766
7 27 27.893 0.947
7 28 7.83 1.221
7 29 11.603 1.382
7 30 16.352 1.284
7 31 4.736 1.677
7 32 28.497 0.73
7 33 17.887 1.658
7 34 3.666 0.703
7 35 12.623 1.563
7 36 27.091 1.076
7 37 10.568 0.851
7 38 19.745 0.879
7 39 18.275 1.895
7 40 14.346 1.28
7 41 7.43 1.195
7 42 25.45 1.698
7 43 23.127 1.689
7 44 10.101 1.974
7 45 7.166 1.2
7 46 8.607 0.729
7 47 2.912 1.781
7 48 22.246 1.171
7 49 23.075 1.615
8 9 75.754 0.925
8 10 5.703 0.969
8 11 73.568 1.82
8 12 61.425 1.837
8 13 38.341 1.1
8 14 21.133 1.524
8 15 11.7 1.368
8 16 61.993 1.301
8 17 75.103 1.946
8 18 45.733 1.307
8 19 59.018 1.067
8 20 3.237 1.145
8 21 19.532 1.601
8 22 8.704 1.877
8 23 43.525 1.228
8 24 64.45 1.267
8 25 10.645 1.616
8 26 16.293 1.551
8 27 45.044 1.221
8 28 10.958 1.254
8 29 34.481 1.158
8 30 65.57 1.166
8 31 52.235 1.715
8 32 34.547 1.671
8 33 8.515 1.726
8 34 64.907 1.889
8 35 75.546 1.502
8 36 12.504 1.163
8 37 70.744 1.503
8 38 72.83 1.801
8 39 6.246 1.779
8 40 62.697 1.012
8 41 24.516 0.978
8 42 0.848 1.742
8 43 48.205 1.546
8 44 46.739 1.787
8 45 35.988 1.164
8 46 46.132 1.786
8 47 1.339 0.934
8 48 68.042 1.19
8 49 66.432 1.806
9 10 96.054 0.044
9 11 38.731 0.299
9 12 20.446 1.523
9 13 21.163 0.146
9 14 38.619 0.421
9 15 69.372 1.824
9 16 4.843 0.154
9 17 27.476 0.562
9 18 50.159 0.424
9 19 76.835 1.557
9 20 93.651 0.108
9 21 37.639 1.647
9 22 97.252 1.456
9 23 22.004 0.503
9 24 68.637 0.175
9 25 84.34 1.543
9 26 95.085 1.36
9 27 70.732 0.542
9 28 13.038 0.144
9 29 54.132 0.108
9 30 38.965 0.854
9 31 33.538 1.773
9 32 74.286 1.259
9 33 72.485 1.823
9 34 94.554 1.85
9 35 39.772 1.562
9 36 85.764 1.933
9 37 2.73 1.483
9 38 60.212 0.559
9 39 86.147 0.992
9 40 13.825 1.495
9 41 36.716 0.947
9 42 58.955 1.805
9 43 96.445 1.206
9 44 20.171 0.866
9 45 98.059 1.526
9 46 55.527 0.2
9 47 61.665 1.545
9 48 68.306 1.021
9 49 79.98 1.922
10 11 91.688 1.436
10 12 3.875 0.025
10 13 4.77 0.412
10 14 9.616 0.124
10 15 3.654 1.96
10 16 3.299 1.483
10 17 3.118 1.996
10 18 0.703 1.563
10 19 2.543 1.783
10 20 2.454 1.77
10 21 2.955 1.52
10 22 2.815 1.74
10 23 0.515 1.661
10 24 2.833 1.69
10 25 1.761 1.474
10 26 3.554 1.668
10 27 3.357 1.516
10 28 1.952 1.752
10 29 1.851 1.927
10 30 0.004 1.887
10 31 3.422 1.851
10 32 2.245 1.564
10 33 2.365 1.484
10 34 1.085 1.632
10 35 1.146 1.965
10 36 1.569 1.492
10 37 0.391 1.702
10 38 1.108 1.658
10 39 2.602 1.853
10 40 1.267 1.691
10 41 3.063 1.697
10 42 3.857 1.978
10 43 1.975 1.788
10 44 0.121 1.632
10 45 0.024 1.478
10 46 0.883 1.944
10 47 2.911 1.706
10 48 2.49 1.479
10 49 3.618 1.556
11 12 20.542 0.621
11 13 12.443 0.635
11 14 35.028 0.003
11 15 5.016 1.803
11 16 12.19 1.399
11 17 1.514 0.86
11 18 4.343 1.895
11 19 11.431 1.66
11 20 8.427 1.285
11 21 2.498 1.961
11 22 8.798 0.742
11 23 4.653 0.762
11 24 7.811 1.944
11 25 3.285 0.646
11 26 4.034 1.603
11 27 9.739 1.309
11 28 9.891 1.405
11 29 9.7 1.437
11 30 8.786 1.001
11 31 5.877 1.461
11 32 6.354 1.657
11 33 11.1 1.316
11 34 9.502 1.748
11 35 2.31 1.41
11 36 3.739 0.825
11 37 10.687 1.394
11 38 11.776 1.422
11 39 11.751 0.689
11 40 10.433 1.829
11 41 8.696 1.997
11 42 10.067 1.31
11 43 2.426 1.18
11 44 6.289 0.688
11 45 5.512 1.609
11 46 11.075 1.042
11 47 7.993 0.825
11 48 8.562 1.856
11 49 12.229 1.039
12 13 85.909 0.429
12 14 75.955 0.67
12 15 41.326 1.744
12 16 56.578 1.708
12 17 28.795 0.694
12 18 22.076 1.279
12 19 30.799 0.856
12 20 14.535 1.332
12 21 2.905 1.063
12 22 65.805 1.677
12 23 30.758 1.628
12 24 75.622 0.842
12 25 37.007 1.796
12 26 42.896 1.735
12 27 28.782 1.207
12 28 38.109 1.053
12 29 13.709 0.881
12 30 2.404 0.872
12 31 19.355 1.531
12 32 4.53 0.699
12 33 53.346 0.988
12 34 48.463 0.955
12 35 34.358 1.147
12 36 18.698 1.86
12 37 43.372 1.062
12 38 39.817 1.889
12 39 52.7 0.98
12 40 9.505 1.686
12 41 34.143 1.617
12 42 22.167 0.726
12 43 63.131 1.862
12 44 54.64 0.851
12 45 33.388 1.72
12 46 30.826 1.137
12 47 52.52 0.702
12 48 65.506 1.109
12 49 56.553 1.2
13 14 86.518 1.105
13 15 9.012 1.7
13 16 14.008 1.792
13 17 58.398 1.123
13 18 86.342 1.386
13 19 27.422 1.132
13 20 60.143 1.24
13 21 85.491 1.646
13 22 2.181 1.873
13 23 71.554 1.889
13 24 33.581 1.894
13 25 16.423 1.759
13 26 20.486 1.549
13 27 86.316 1.982
13 28 71.092 1.379
13 29 11.24 1.124
13 30 15.0 1.277
13 31 20.727 1.523
13 32 64.075 1.99
13 33 66.464 1.459
13 34 57.678 1.213
13 35 74.383 1.151
13 36 74.011 1.293
13 37 67.738 1.814
13 38 26.728 1.256
13 39 17.192 1.84
13 40 15.445 1.522
13 41 23.657 1.796
13 42 0.079 1.527
13 43 83.781 1.232
13 44 25.057 1.351
13 45 4.916 1.337
13 46 77.925 1.517
13 47 63.269 1.348
13 48 83.432 1.225
13 49 14.431 1.49
14 15 93.767 0.996
14 16 27.875 1.681
14 17 89.931 1.122
14 18 6.043 0.116
14 19 2.148 0.692
14 20 53.461 0.905
14 21 30.667 1.111
14 22 97.384 0.352
14 23 38.967 1.81
14 24 41.628 0.382
14 25 40.244 1.427
14 26 23.074 1.988
14 27 87.814 1.544
14 28 25.524 1.852
14 29 32.83 0.172
14 30 33.73 1.267
14 31 87.433 1.604
14 32 0.678 1.197
14 33 12.347 0.292
14 34 4.156 1.88
14 35 6.464 0.845
14 36 63.666 1.754
14 37 76.231 0.764
14 38 50.659 0.56
14 39 67.046 1.364
14 40 85.777 1.947
14 41 75.526 1.733
14 42 8.927 0.085
14 43 96.64 0.424
14 44 45.32 1.392
14 45 19.398 0.548
14 46 88.124 0.492
14 47 23.605 1.065
14 48 59.133 1.617
14 49 47.995 1.805
15 16 1.439 0.162
15 17 91.327 1.246
15 18 34.383 0.201
15 19 51.134 0.225
15 20 1.347 1.617
15 21 0.034 1.575
15 22 0.235 1.304
15 23 0.538 1.958
15 24 1.109 1.704
15 25 1.136 1.708
15 26 0.012 1.301
15 27 0.097 1.525
15 28 1.101 1.44
15 29 1.083 1.531
15 30 0.221 1.336
15 31 0.428 1.954
15 32 0.18 1.964
15 33 1.416 1.797
15 34 0.36 1.932
15 35 1.102 1.439
15 36 0.5 1.295
15 37 0.126 1.31
15 38 0.461 1.439
15 39 1.23 1.983
15 40 0.126 1.65
15 41 0.541 1.921
15 42 0.508 1.83
15 43 0.652 1.995
15 44 1.342 1.403
15 45 0.27 1.849
15 46 0.471 1.464
15 47 1.327 1.45
15 48 0.923 1.465
15 49 0.464 1.486
16 17 4.892 1.506
16 18 28.852 0.072
16 19 39.229 0.103
16 20 3.214 1.508
16 21 4.871 1.863
16 22 2.341 1.67
16 23 1.557 1.561
16 24 3.738 1.652
16 25 0.889 1.96
16 26 2.473 1.958
16 27 0.249 1.723
16 28 3.786 1.858
16 29 4.028 1.838
16 30 2.493 1.883
16 31 3.332 1.607
16 32 3.738 1.894
16 33 0.443 1.57
16 34 3.232 1.97
16 35 0.219 1.646
16 36 0.733 1.922
16 37 3.461 1.953
16 38 1.065 1.562
16 39 2.042 1.955
16 40 3.436 1.68
16 41 4.199 1.984
16 42 1.925 1.757
16 43 1.085 1.841
16 44 1.358 1.992
16 45 2.594 1.61
16 46 0.511 1.78
16 47 0.731 1.614
16 48 1.771 1.555
16 49 2.485 1.578
17 18 80.037 1.055
17 19 95.312 0.219
17 20 53.596 1.913
17 21 12.81 1.446
17 22 23.615 1.27
17 23 6.532 1.425
17 24 75.112 1.581
17 25 4.833 1.385
17 26 79.102 1.95
17 27 56.318 1.72
17 28 28.175 1.207
17 29 65.761 1.582
17 30 43.089 1.921
17 31 24.0 1.986
17 32 57.623 1.141
17 33 70.846 1.118
17 34 35.997 1.57
17 35 3.609 1.671
17 36 70.956 1.494
17 37 37.66 1.197
17 38 19.564 1.746
17 39 11.124 1.125
17 40 39.776 1.312
17 41 28.585 1.924
17 42 62.548 1.549
17 43 4.009 1.633
17 44 57.453 1.956
17 45 36.402 1.301
17 46 50.541 1.506
17 47 77.551 1.32
17 48 3.847 1.483
17 49 27.925 1.231
18 19 29.557 1.772
18 20 13.546 1.959
18 21 22.012 1.805
18 22 19.77 1.977
18 23 20.924 1.806
18 24 4.374 1.86
18 25 23.486 1.947
18 26 25.912 1.852
18 27 25.477 1.987
18 28 15.608 1.878
18 29 22.613 1.944
18 30 16.902 1.83
18 31 4.202 1.785
18 32 17.17 1.936
18 33 25.058 1.831
18 34 18.965 1.783
18 35 24.334 1.889
18 36 25.564 1.797
18 37 14.471 1.853
18 38 2.294 1.822
18 39 5.194 1.869
18 40 5.184 1.871
18 41 11.74 1.791
18 42 9.63 1.865
18 43 20.373 1.801
18 44 23.591 1.963
18 45 4.811 1.866
18 46 6.906 1.79
18 47 9.719 1.885
18 48 28.685 1.835
18 49 16.48 1.807
19 20 69.734 0.071
19 21 63.288 1.104
19 22 30.229 0.213
19 23 97.994 0.365
19 24 4.87 1.606
19 25 82.443 1.21
19 26 16.985 1.46
19 27 78.149 1.689
19 28 27.357 1.518
19 29 55.413 1.11
19 30 75.905 1.409
19 31 49.013 1.002
19 32 64.978 1.944
19 33 3.376 0.264
19 34 23.013 0.837
19 35 79.801 1.431
19 36 0.926 1.675
19 37 27.126 0.804
19 38 68.853 1.303
19 39 91.472 1.605
19 40 89.101 1.309
19 41 73.617 0.126
19 42 51.769 0.063
19 43 13.579 0.561
19 44 96.277 1.969
19 45 10.868 0.59
19 46 95.626 1.692
19 47 74.602 0.815
19 48 26.769 1.934
19 49 36.094 0.679
20 21 86.303 1.888
20 22 45.805 0.011
20 23 88.02 0.04
20 24 0.387 0.051
20 25 0.165 1.909
20 26 0.371 1.974
20 27 0.238 1.902
20 28 0.305 1.922
20 29 0.288 1.971
20 30 0.11 1.889
20 31 0.225 1.907
20 32 0.165 1.932
20 33 0.259 1.912
20 34 0.376 1.939
20 35 0.232 1.962
20 36 0.192 1.934
20 37 0.18 1.963
20 38 0.217 1.996
20 39 0.253 1.913
20 40 0.37 1.985
20 41 0.307 1.895
20 42 0.341 1.889
20 43 0.141 1.967
20 44 0.018 1.926
20 45 0.335 1.911
20 46 0.17 1.888
20 47 0.169 1.923
20 48 0.32 1.909
20 49 0.092 1.939
21 22 90.95 1.997
21 23 68.216 0.002
21 24 37.034 0.0
21 25 5.345 1.997
21 26 35.247 1.998
21 27 16.226 1.999
21 28 3.313 2.0
21 29 15.559 2.0
21 30 32.722 1.998
21 31 18.378 1.998
21 32 27.656 1.998
21 33 15.357 1.999
21 34 10.713 2.0
21 35 22.478 1.999
21 36 21.453 1.999
21 37 0.046 1.998
21 38 18.286 1.998
21 39 15.218 1.998
21 40 21.442 2.0
21 41 26.323 1.998
21 42 34.102 2.0
21 43 24.042 1.998
21 44 32.905 1.997
21 45 18.124 1.998
21 46 1.035 1.998
21 47 0.653 1.999
21 48 23.897 1.999
21 49 10.52 1.998
22 23 77.427 0.634
22 24 3.206 0.161
22 25 0.596 1.991
22 26 2.922 0.692
22 27 2.809 0.667
22 28 3.005 1.374
22 29 0.88 0.636
22 30 2.445 1.845
22 31 0.178 1.237
22 32 2.273 1.988
22 33 1.875 0.664
22 34 0.578 0.857
22 35 1.447 1.714
22 36 2.552 1.652
22 37 2.594 1.33
22 38 1.734 0.912
22 39 0.138 0.937
22 40 1.464 0.884
22 41 1.144 1.622
22 42 2.955 1.086
22 43 2.513 0.745
22 44 3.119 0.71
22 45 0.211 1.242
22 46 0.041 1.031
22 47 0.627 0.991
22 48 2.338 1.848
22 49 1.04 0.986
23 24 13.797 1.014
23 25 10.834 1.638
23 26 10.787 1.681
23 27 6.557 1.161
23 28 0.931 1.795
23 29 11.881 1.251
23 30 4.241 1.197
23 31 9.348 1.217
23 32 9.217 1.67
23 33 7.026 1.548
23 34 10.099 1.708
23 35 12.439 1.518
23 36 9.31 1.944
23 37 4.653 1.522
23 38 0.086 1.732
23 39 2.015 1.979
23 40 0.05 1.433
23 41 4.361 1.467
23 42 9.787 1.118
23 43 0.192 1.881
23 44 5.879 1.228
23 45 12.404 1.18
23 46 6.354 1.578
23 47 4.662 1.798
23 48 4.806 1.744
23 49 5.422 1.379
24 25 24.47 1.083
24 26 1.185 0.532
24 27 61.904 1.208
24 28 35.728 1.468
24 29 75.549 0.369
24 30 33.035 0.406
24 31 44.801 0.371
24 32 65.259 0.859
24 33 86.292 0.831
24 34 85.432 1.972
24 35 50.655 0.869
24 36 83.407 0.734
24 37 15.288 1.091
24 38 93.684 0.072
24 39 26.755 1.35
24 40 59.966 1.029
24 41 45.459 0.096
24 42 95.138 0.645
24 43 93.696 0.179
24 44 37.157 1.817
24 45 56.642 1.6
24 46 98.212 0.463
24 47 44.767 0.852
24 48 19.734 0.784
24 49 88.112 0.211
25 26 51.549 0.905
25 27 86.195 0.96
25 28 77.95 0.06
25 29 33.259 0.002
25 30 15.4 1.469
25 31 31.418 1.594
25 32 17.491 1.879
25 33 16.576 1.955
25 34 20.659 0.993
25 35 1.107 1.719
25 36 13.985 1.975
25 37 18.075 1.512
25 38 20.939 1.855
25 39 17.535 1.143
25 40 30.554 0.965
25 41 31.128 1.958
25 42 10.82 1.364
25 43 15.509 1.956
25 44 4.416 1.286
25 45 27.668 1.201
25 46 14.459 1.364
25 47 3.493 1.475
25 48 16.507 1.934
25 49 2.909 1.373
26 27 50.94 0.459
26 28 98.534 1.365
26 29 56.365 0.146
26 30 20.845 1.974
26 31 7.818 1.906
26 32 7.96 1.637
26 33 7.523 1.937
26 34 3.799 1.466
26 35 36.556 1.642
26 36 22.135 1.884
26 37 21.626 1.908
26 38 23.507 1.888
26 39 33.984 1.862
26 40 8.62 1.462
26 41 42.405 1.865
26 42 5.302 1.931
26 43 24.868 1.789
26 44 0.798 1.706
26 45 5.831 1.88
26 46 25.894 1.448
26 47 39.567 1.918
26 48 24.834 1.391
26 49 16.002 1.964
27 28 52.931 0.077
27 29 52.984 1.381
27 30 3.145 1.721
27 31 25.226 1.805
27 32 33.915 1.946
27 33 47.232 1.912
27 34 0.28 1.393
27 35 19.35 1.554
27 36 30.617 1.891
27 37 51.745 1.683
27 38 14.967 1.506
27 39 33.851 1.898
27 40 39.166 1.569
27 41 31.004 1.459
27 42 24.641 1.439
27 43 28.228 1.491
27 44 20.164 1.843
27 45 28.056 1.691
27 46 48.143 1.597
27 47 7.868 1.667
27 48 1.734 1.581
27 49 3.654 1.77
28 29 79.234 1.101
28 30 73.738 1.279
28 31 72.716 1.178
28 32 70.132 1.205
28 33 40.814 1.552
28 34 24.736 1.514
28 35 3.009 1.478
28 36 45.363 1.154
28 37 0.776 1.386
28 38 6.585 1.139
28 39 41.076 1.153
28 40 29.3 1.575
28 41 43.789 1.76
28 42 56.316 1.327
28 43 51.57 1.296
28 44 31.397 1.251
28 45 24.71 1.662
28 46 0.569 1.756
28 47 48.319 1.713
28 48 37.005 1.57
28 49 58.55 1.136
29 30 93.622 0.159
29 31 17.695 0.727
29 32 1.857 1.048
29 33 19.64 0.133
29 34 14.098 1.055
29 35 8.788 0.426
29 36 73.268 1.357
29 37 74.994 1.31
29 38 11.836 0.023
29 39 81.832 0.969
29 40 47.828 0.619
29 41 21.324 1.761
29 42 91.972 1.227
29 43 36.004 0.182
29 44 18.425 1.219
29 45 87.704 1.489
29 46 32.804 0.884
29 47 40.238 1.775
29 48 7.023 0.682
29 49 23.28 0.089
30 31 25.672 1.142
30 32 48.118 0.385
30 33 49.842 0.015
30 34 81.61 0.216
30 35 10.233 1.23
30 36 16.779 1.772
30 37 19.726 1.259
30 38 8.095 1.993
30 39 8.662 1.942
30 40 14.818 1.457
30 41 14.195 1.723
30 42 17.114 1.807
30 43 20.879 1.53
30 44 18.261 1.314
30 45 11.927 1.869
30 46 12.296 1.19
30 47 6.822 1.335
30 48 18.683 1.282
30 49 3.637 1.523
31 32 63.424 0.218
31 33 17.699 1.573
31 34 47.001 0.016
31 35 14.023 1.846
31 36 15.727 1.587
31 37 0.052 1.984
31 38 5.978 1.79
31 39 2.8 1.793
31 40 6.144 1.882
31 41 17.513 1.742
31 42 16.899 1.739
31 43 14.111 1.964
31 44 12.757 1.627
31 45 13.765 1.753
31 46 9.377 1.855
31 47 7.949 1.675
31 48 0.549 1.878
31 49 6.482 1.954
32 33 27.388 0.658
32 34 83.266 0.774
32 35 14.925 1.407
32 36 19.562 0.968
32 37 15.564 1.996
32 38 19.853 1.306
32 39 11.43 1.93
32 40 22.23 1.914
32 41 21.095 1.702
32 42 3.715 1.374
32 43 15.312 1.034
32 44 15.402 0.864
32 45 16.786 1.086
32 46 2.155 1.166
32 47 3.184 1.708
32 48 5.475 1.089
32 49 4.256 0.948
33 34 76.398 1.565
33 35 74.946 1.994
33 36 12.091 1.962
33 37 65.637 1.716
33 38 24.763 1.881
33 39 23.351 1.917
33 40 41.318 1.705
33 41 37.322 1.984
33 42 70.813 1.858
33 43 29.004 1.871
33 44 17.667 1.88
33 45 7.217 1.717
33 46 43.296 1.661
33 47 59.543 1.94
33 48 35.406 1.945
33 49 49.327 1.627
34 35 5.353 1.88
34 36 51.697 0.19
34 37 9.821 0.235
34 38 99.052 1.946
34 39 46.814 1.026
34 40 82.676 0.99
34 41 10.081 1.782
34 42 39.864 1.503
34 43 62.085 1.912
34 44 20.889 1.887
34 45 51.206 0.375
34 46 71.025 1.24
34 47 19.338 0.446
34 48 77.265 0.888
34 49 75.297 0.875
35 36 84.525 1.252
35 37 72.798 0.644
35 38 32.772 0.034
35 39 48.96 0.012
35 40 4.082 1.645
35 41 1.406 1.41
35 42 0.37 1.267
35 43 7.92 1.777
35 44 27.394 1.845
35 45 29.808 1.299
35 46 11.433 1.319
35 47 15.498 1.366
35 48 18.973 1.824
35 49 5.5 1.989
36 37 1.283 1.329
36 38 43.053 0.455
36 39 42.337 0.102
36 40 0.867 1.74
36 41 0.539 1.708
36 42 1.204 1.938
36 43 0.558 1.342
36 44 0.18 1.914
36 45 0.608 1.444
36 46 1.056 1.638
36 47 0.189 1.354
36 48 0.998 1.528
36 49 0.277 1.745
37 38 56.284 1.262
37 39 30.452 0.136
37 40 23.458 1.53
37 41 12.96 1.813
37 42 3.28 1.923
37 43 2.772 1.515
37 44 23.555 1.917
37 45 25.361 1.312
37 46 4.896 1.561
37 47 20.767 1.913
37 48 6.816 1.311
37 49 28.561 1.735
38 39 69.004 1.452
38 40 1.386 1.735
38 41 42.934 1.551
38 42 68.159 1.573
38 43 63.217 1.923
38 44 29.976 1.582
38 45 22.266 1.884
38 46 54.417 1.497
38 47 64.134 1.48
38 48 61.681 1.787
38 49 18.913 1.967
39 40 4.792 0.78
39 41 12.362 1.144
39 42 11.474 1.18
39 43 61.688 0.078
39 44 22.251 0.845
39 45 44.573 0.681
39 46 5.551 1.492
39 47 96.932 0.663
39 48 74.23 1.81
39 49 51.334 1.205
40 41 91.634 1.585
40 42 52.845 0.116
40 43 49.567 0.109
40 44 12.798 0.038
40 45 10.317 1.966
40 46 12.705 1.917
40 47 7.102 1.846
40 48 10.579 1.688
40 49 1.817 1.928
41 42 97.132 0.245
41 43 57.261 0.313
41 44 99.765 1.092
41 45 25.234 1.501
41 46 13.227 1.374
41 47 12.6 1.981
41 48 7.658 1.489
41 49 22.76 1.734
42 43 84.613 1.452
42 44 42.11 0.151
42 45 6.559 1.91
42 46 37.664 1.823
42 47 39.667 1.79
42 48 41.219 1.847
42 49 40.995 1.948
43 44 1.667 1.118
43 45 0.292 1.948
43 46 0.121 1.47
43 47 0.816 1.837
43 48 0.01 1.851
43 49 0.744 1.638
44 45 1.563 1.49
44 46 84.177 1.146
44 47 31.599 1.569
44 48 8.21 0.886
44 49 7.827 0.185
45 46 76.285 1.082
45 47 28.07 0.341
45 48 23.375 0.167
45 49 21.706 0.406
46 47 49.547 1.095
46 48 3.3 0.67
46 49 42.636 0.231
47 48 18.328 1.733
47 49 83.012 0.084
48 49 53.814 1.915