50
97.239
0 1 52.046 0.658
0 2 44.501 0.505
0 3 67.425 0.348
0 4 73.024 0.501
0 5 54.969 0.482
0 6 63.024 0.775
0 7 54.835 0.683
0 8 93.72 0.478
0 9 50.528 0.403
0 10 46.204 0.73
0 11 54.169 0.538
0 12 45.278 0.414
0 13 68.167 0.662
0 14 61.598 0.444
0 15 61.815 0.508
0 16 56.354 0.583
0 17 50.986 0.762
0 18 58.047 0.4
0 19 45.834 0.771
0 20 41.42 0.494
0 21 88.341 0.373
0 22 69.054 0.676
0 23 48.923 0.501
0 24 43.42 0.611
0 25 50.348 0.591
0 26 60.86 0.621
0 27 62.152 0.393
0 28 43.159 0.591
0 29 47.083 0.425
0 30 65.595 0.414
0 31 68.178 0.423
0 32 48.788 0.765
0 33 84.806 0.186
0 34 58.655 0.757
0 35 51.693 0.637
0 36 60.501 0.633
0 37 61.854 0.546
0 38 46.972 0.468
0 39 70.461 0.125
0 40 53.986 0.551
0 41 91.634 0.167
0 42 62.133 0.454
0 43 58.776 0.492
0 44 95.593 0.299
0 45 59.595 0.474
0 46 70.17 0.32
0 47 46.372 0.74
0 48 65.627 0.514
0 49 69.629 0.504
1 2 62.832 0.653
1 3 40.924 0.673
1 4 44.415 0.635
1 5 51.926 0.592
1 6 64.101 0.618
1 7 40.218 0.697
1 8 57.982 0.404
1 9 69.319 0.317
1 10 51.021 0.471
1 11 75.732 0.289
1 12 81.689 0.443
1 13 46.013 0.71
1 14 60.756 0.589
1 15 89.124 0.415
1 16 53.437 0.604
1 17 74.415 0.426
1 18 62.882 0.289
1 19 52.109 0.451
1 20 62.217 0.416
1 21 52.532 0.781
1 22 65.239 0.607
1 23 72.142 0.221
1 24 60.857 0.163
1 25 65.416 0.68
1 26 52.779 0.482
1 27 45.593 0.637
1 28 92.049 0.308
1 29 63.234 0.524
1 30 68.207 0.79
1 31 65.465 0.541
1 32 52.92 0.676
1 33 45.167 0.405
1 34 48.206 0.691
1 35 67.829 0.746
1 36 74.348 0.37
1 37 57.577 0.784
1 38 40.627 0.613
1 39 49.771 0.432
1 40 52.947 0.742
1 41 43.103 0.784
1 42 43.772 0.677
1 43 69.777 0.562
1 44 44.447 0.502
1 45 89.606 0.4
1 46 55.277 0.678
1 47 69.774 0.264
1 48 42.241 0.75
1 49 43.708 0.492
2 3 52.31 0.403
2 4 56.392 0.58
2 5 56.364 0.768
2 6 64.266 0.704
2 7 68.975 0.686
2 8 59.653 0.454
2 9 58.789 0.443
2 10 74.26 0.295
2 11 57.18 0.558
2 12 46.582 0.735
2 13 40.767 0.558
2 14 47.283 0.487
2 15 44.17 0.515
2 16 94.387 0.331
2 17 69.529 0.433
2 18 66.406 0.728
2 19 52.152 0.779
2 20 62.656 0.521
2 21 62.794 0.773
2 22 55.297 0.459
2 23 47.235 0.61
2 24 44.665 0.532
2 25 52.891 0.606
2 26 85.904 0.359
2 27 67.158 0.42
2 28 69.58 0.595
2 29 94.686 0.171
2 30 68.305 0.651
2 31 81.282 0.106
2 32 88.674 0.491
2 33 53.898 0.483
2 34 96.123 0.242
2 35 56.081 0.781
2 36 65.877 0.582
2 37 90.693 0.139
2 38 45.498 0.643
2 39 50.431 0.455
2 40 72.024 0.272
2 41 44.298 0.52
2 42 45.075 0.448
2 43 52.979 0.519
2 44 67.364 0.545
2 45 52.41 0.748
2 46 48.343 0.639
2 47 53.162 0.657
2 48 77.485 0.344
2 49 93.121 0.234
3 4 90.955 0.501
3 5 48.921 0.527
3 6 49.745 0.772
3 7 40.691 0.718
3 8 61.365 0.413
3 9 57.744 0.556
3 10 60.203 0.514
3 11 69.809 0.712
3 12 63.147 0.799
3 13 42.986 0.71
3 14 66.337 0.647
3 15 56.235 0.612
3 16 42.691 0.5
3 17 65.679 0.412
3 18 49.958 0.607
3 19 52.957 0.419
3 20 65.828 0.465
3 21 98.209 0.312
3 22 58.519 0.627
3 23 50.49 0.677
3 24 44.772 0.631
3 25 50.282 0.792
3 26 60.449 0.632
3 27 85.595 0.264
3 28 54.555 0.477
3 29 40.267 0.582
3 30 61.728 0.513
3 31 43.174 0.701
3 32 52.957 0.603
3 33 84.811 0.401
3 34 53.818 0.539
3 35 51.855 0.744
3 36 49.945 0.597
3 37 65.949 0.633
3 38 46.443 0.421
3 39 66.529 0.311
3 40 66.93 0.737
3 41 93.985 0.11
3 42 70.442 0.478
3 43 41.567 0.536
3 44 61.479 0.425
3 45 66.357 0.791
3 46 93.073 0.326
3 47 68.548 0.457
3 48 60.725 0.521
3 49 63.997 0.655
4 5 56.29 0.489
4 6 51.553 0.734
4 7 49.182 0.445
4 8 65.365 0.466
4 9 52.282 0.739
4 10 42.395 0.475
4 11 59.404 0.786
4 12 46.733 0.63
4 13 59.816 0.729
4 14 46.883 0.48
4 15 64.956 0.413
4 16 41.329 0.433
4 17 45.845 0.557
4 18 48.32 0.462
4 19 46.692 0.669
4 20 64.243 0.517
4 21 69.019 0.152
4 22 60.212 0.733
4 23 47.917 0.739
4 24 46.183 0.532
4 25 46.63 0.586
4 26 63.389 0.749
4 27 87.539 0.179
4 28 45.7 0.733
4 29 53.598 0.511
4 30 64.813 0.53
4 31 47.628 0.62
4 32 67.657 0.484
4 33 72.875 0.427
4 34 66.085 0.765
4 35 68.904 0.669
4 36 58.841 0.582
4 37 60.954 0.698
4 38 45.3 0.418
4 39 61.202 0.263
4 40 61.802 0.76
4 41 98.792 0.318
4 42 87.66 0.401
4 43 45.366 0.708
4 44 71.656 0.428
4 45 57.809 0.482
4 46 94.499 0.31
4 47 59.224 0.636
4 48 56.77 0.761
4 49 41.53 0.4
5 6 77.57 0.203
5 7 78.106 0.168
5 8 42.06 0.546
5 9 44.416 0.719
5 10 46.423 0.467
5 11 65.198 0.507
5 12 55.473 0.678
5 13 75.519 0.193
5 14 68.983 0.191
5 15 68.216 0.621
5 16 49.265 0.514
5 17 62.386 0.546
5 18 40.762 0.794
5 19 94.13 0.318
5 20 71.908 0.204
5 21 54.232 0.539
5 22 82.67 0.319
5 23 65.336 0.522
5 24 57.792 0.536
5 25 74.515 0.373
5 26 43.528 0.764
5 27 42.493 0.747
5 28 58.265 0.513
5 29 67.429 0.425
5 30 78.846 0.543
5 31 52.622 0.618
5 32 67.38 0.547
5 33 65.744 0.444
5 34 66.77 0.612
5 35 94.891 0.471
5 36 46.597 0.794
5 37 40.898 0.637
5 38 62.003 0.315
5 39 52.035 0.716
5 40 66.789 0.614
5 41 43.567 0.438
5 42 62.857 0.71
5 43 94.257 0.399
5 44 49.049 0.756
5 45 45.08 0.49
5 46 45.81 0.497
5 47 58.501 0.459
5 48 65.635 0.697
5 49 46.205 0.772
6 7 85.947 0.154
6 8 51.878 0.612
6 9 52.435 0.421
6 10 59.137 0.596
6 11 47.585 0.658
6 12 46.213 0.79
6 13 83.507 0.328
6 14 67.885 0.185
6 15 65.285 0.65
6 16 43.064 0.684
6 17 55.304 0.695
6 18 53.729 0.729
6 19 99.194 0.329
6 20 63.822 0.154
6 21 57.813 0.418
6 22 76.702 0.107
6 23 49.186 0.623
6 24 69.683 0.673
6 25 93.269 0.502
6 26 67.122 0.558
6 27 59.819 0.58
6 28 63.955 0.496
6 29 51.999 0.667
6 30 91.567 0.433
6 31 54.083 0.591
6 32 64.086 0.718
6 33 67.45 0.764
6 34 55.013 0.774
6 35 65.429 0.305
6 36 41.135 0.476
6 37 66.028 0.611
6 38 79.464 0.209
6 39 58.099 0.579
6 40 55.18 0.641
6 41 58.408 0.666
6 42 63.304 0.534
6 43 67.009 0.179
6 44 48.266 0.426
6 45 40.654 0.605
6 46 43.038 0.754
6 47 63.046 0.548
6 48 60.534 0.687
6 49 44.044 0.639
7 8 45.881 0.725
7 9 55.842 0.456
7 10 51.375 0.449
7 11 45.489 0.585
7 12 43.793 0.743
7 13 87.154 0.335
7 14 78.157 0.516
7 15 44.134 0.448
7 16 69.838 0.759
7 17 63.927 0.752
7 18 54.471 0.669
7 19 73.762 0.207
7 20 90.607 0.151
7 21 52.483 0.496
7 22 93.086 0.191
7 23 40.363 0.479
7 24 49.744 0.525
7 25 74.696 0.197
7 26 66.654 0.551
7 27 63.289 0.505
7 28 46.016 0.668
7 29 52.07 0.402
7 30 69.644 0.376
7 31 48.673 0.794
7 32 67.873 0.606
7 33 63.265 0.629
7 34 52.592 0.657
7 35 80.782 0.358
7 36 60.568 0.511
7 37 53.215 0.612
7 38 95.851 0.191
7 39 60.846 0.664
7 40 54.673 0.488
7 41 66.544 0.517
7 42 57.966 0.545
7 43 94.206 0.459
7 44 48.104 0.621
7 45 48.827 0.768
7 46 68.559 0.488
7 47 62.876 0.748
7 48 42.598 0.618
7 49 59.65 0.644
8 9 57.22 0.745
8 10 43.871 0.799
8 11 45.532 0.765
8 12 42.358 0.573
8 13 54.232 0.407
8 14 42.231 0.524
8 15 42.192 0.43
8 16 68.7 0.422
8 17 42.526 0.54
8 18 42.564 0.45
8 19 67.003 0.594
8 20 49.749 0.635
8 21 82.018 0.144
8 22 57.742 0.75
8 23 41.313 0.733
8 24 56.076 0.544
8 25 63.455 0.74
8 26 46.445 0.715
8 27 89.55 0.361
8 28 44.323 0.522
8 29 52.262 0.657
8 30 57.639 0.755
8 31 61.412 0.742
8 32 60.276 0.694
8 33 99.981 0.248
8 34 60.639 0.657
8 35 56.079 0.543
8 36 53.306 0.657
8 37 40.651 0.489
8 38 60.404 0.723
8 39 74.28 0.409
8 40 69.841 0.469
8 41 90.552 0.237
8 42 99.509 0.23
8 43 43.411 0.482
8 44 77.538 0.368
8 45 61.251 0.403
8 46 70.482 0.204
8 47 62.069 0.798
8 48 67.67 0.755
8 49 62.198 0.611
9 10 49.372 0.488
9 11 75.97 0.107
9 12 61.56 0.342
9 13 56.604 0.425
9 14 43.829 0.684
9 15 60.75 0.298
9 16 48.969 0.725
9 17 73.283 0.314
9 18 96.54 0.427
9 19 60.655 0.607
9 20 42.745 0.428
9 21 45.537 0.648
9 22 57.756 0.573
9 23 69.433 0.228
9 24 94.826 0.178
9 25 46.148 0.513
9 26 54.024 0.782
9 27 63.44 0.732
9 28 66.403 0.266
9 29 41.521 0.58
9 30 58.789 0.773
9 31 50.105 0.507
9 32 64.839 0.574
9 33 44.109 0.439
9 34 51.858 0.549
9 35 41.402 0.477
9 36 61.988 0.271
9 37 68.223 0.669
9 38 51.607 0.779
9 39 49.626 0.408
9 40 69.797 0.77
9 41 68.976 0.65
9 42 54.591 0.577
9 43 58.62 0.625
9 44 58.516 0.597
9 45 74.844 0.218
9 46 44.417 0.789
9 47 98.192 0.285
9 48 46.356 0.573
9 49 65.51 0.528
10 11 67.222 0.473
10 12 65.234 0.469
10 13 69.301 0.74
10 14 59.599 0.612
10 15 68.101 0.636
10 16 69.842 0.123
10 17 43.697 0.757
10 18 57.579 0.505
10 19 69.795 0.466
10 20 47.27 0.649
10 21 61.37 0.707
10 22 61.284 0.674
10 23 45.794 0.549
10 24 53.356 0.762
10 25 61.536 0.554
10 26 74.738 0.228
10 27 46.642 0.575
10 28 63.767 0.597
10 29 78.138 0.287
10 30 45.836 0.449
10 31 88.973 0.258
10 32 94.518 0.48
10 33 41.717 0.407
10 34 83.373 0.345
10 35 40.092 0.754
10 36 55.238 0.796
10 37 65.913 0.487
10 38 67.076 0.571
10 39 61.865 0.716
10 40 76.366 0.456
10 41 43.984 0.772
10 42 41.258 0.509
10 43 50.431 0.473
10 44 65.5 0.747
10 45 54.061 0.644
10 46 57.028 0.505
10 47 67.078 0.583
10 48 68.013 0.521
10 49 64.694 0.248
11 12 96.631 0.486
11 13 57.573 0.507
11 14 49.921 0.731
11 15 91.98 0.294
11 16 44.465 0.554
11 17 93.242 0.205
11 18 82.965 0.508
11 19 64.402 0.577
11 20 56.342 0.688
11 21 46.988 0.525
11 22 45.855 0.448
11 23 79.952 0.394
11 24 82.601 0.163
11 25 47.425 0.578
11 26 53.816 0.757
11 27 42.474 0.609
11 28 64.292 0.354
11 29 46.397 0.78
11 30 44.869 0.733
11 31 66.303 0.545
11 32 49.819 0.654
11 33 41.915 0.753
11 34 55.126 0.751
11 35 67.057 0.644
11 36 64.212 0.446
11 37 53.007 0.693
11 38 56.937 0.749
11 39 50.519 0.472
11 40 43.73 0.551
11 41 52.203 0.685
11 42 50.831 0.411
11 43 48.134 0.658
11 44 55.915 0.428
11 45 96.621 0.225
11 46 44.765 0.668
11 47 60.377 0.322
11 48 49.284 0.539
11 49 61.659 0.703
12 13 59.686 0.675
12 14 52.271 0.699
12 15 60.615 0.325
12 16 41.656 0.657
12 17 66.121 0.171
12 18 64.489 0.27
12 19 56.802 0.657
12 20 44.812 0.685
12 21 59.604 0.486
12 22 51.022 0.649
12 23 95.468 0.343
12 24 74.887 0.324
12 25 58.432 0.535
12 26 55.932 0.52
12 27 42.643 0.731
12 28 80.771 0.508
12 29 58.758 0.614
12 30 62.932 0.568
12 31 63.629 0.638
12 32 52.306 0.705
12 33 54.216 0.518
12 34 44.25 0.755
12 35 58.128 0.507
12 36 71.55 0.351
12 37 58.238 0.538
12 38 61.509 0.416
12 39 69.334 0.572
12 40 65.198 0.714
12 41 58.95 0.597
12 42 64.022 0.526
12 43 60.314 0.595
12 44 64.949 0.468
12 45 87.695 0.419
12 46 50.461 0.698
12 47 65.111 0.13
12 48 63.742 0.446
12 49 46.564 0.462
13 14 99.651 0.277
13 15 58.997 0.692
13 16 55.735 0.424
13 17 40.418 0.754
13 18 46.072 0.462
13 19 86.243 0.207
13 20 93.219 0.226
13 21 50.505 0.517
13 22 98.651 0.214
13 23 64.577 0.483
13 24 42.982 0.595
13 25 96.109 0.296
13 26 54.439 0.707
13 27 64.732 0.552
13 28 56.535 0.49
13 29 43.492 0.728
13 30 72.585 0.282
13 31 50.957 0.5
13 32 65.725 0.539
13 33 43.055 0.785
13 34 61.735 0.685
13 35 94.073 0.246
13 36 40.819 0.553
13 37 45.473 0.641
13 38 85.325 0.197
13 39 62.86 0.401
13 40 66.98 0.642
13 41 66.852 0.679
13 42 43.192 0.461
13 43 68.576 0.267
13 44 41.826 0.528
13 45 60.102 0.426
13 46 47.158 0.557
13 47 60.302 0.414
13 48 66.021 0.438
13 49 54.29 0.533
14 15 40.887 0.687
14 16 67.135 0.575
14 17 56.266 0.487
14 18 53.882 0.56
14 19 79.27 0.446
14 20 69.953 0.21
14 21 60.468 0.587
14 22 67.651 0.386
14 23 59.501 0.587
14 24 62.909 0.518
14 25 83.665 0.234
14 26 41.169 0.774
14 27 55.395 0.409
14 28 58.824 0.608
14 29 51.097 0.5
14 30 80.76 0.477
14 31 47.121 0.603
14 32 43.196 0.538
14 33 54.742 0.41
14 34 44.881 0.73
14 35 73.685 0.211
14 36 47.705 0.653
14 37 59.678 0.546
14 38 75.423 0.104
14 39 57.424 0.441
14 40 62.758 0.714
14 41 68.715 0.681
14 42 45.099 0.446
14 43 93.623 0.297
14 44 65.115 0.449
14 45 59.705 0.684
14 46 62.387 0.733
14 47 63.573 0.451
14 48 59.919 0.681
14 49 53.094 0.789
15 16 51.311 0.45
15 17 60.026 0.236
15 18 96.836 0.256
15 19 63.169 0.449
15 20 59.132 0.598
15 21 49.092 0.559
15 22 53.144 0.52
15 23 60.601 0.138
15 24 90.433 0.459
15 25 68.236 0.535
15 26 63.469 0.42
15 27 46.018 0.749
15 28 92.617 0.301
15 29 62.158 0.526
15 30 44.57 0.79
15 31 40.24 0.675
15 32 61.448 0.761
15 33 56.107 0.464
15 34 61.865 0.508
15 35 53.08 0.472
15 36 69.398 0.128
15 37 50.315 0.41
15 38 55.765 0.653
15 39 62.071 0.742
15 40 69.732 0.528
15 41 64.627 0.456
15 42 40.744 0.79
15 43 63.401 0.717
15 44 55.771 0.621
15 45 87.251 0.146
15 46 52.802 0.698
15 47 99.126 0.27
15 48 62.395 0.433
15 49 57.756 0.464
16 17 64.475 0.418
16 18 41.965 0.502
16 19 63.926 0.486
16 20 40.109 0.793
16 21 43.066 0.437
16 22 46.027 0.412
16 23 50.67 0.678
16 24 43.362 0.633
16 25 68.376 0.735
16 26 77.948 0.511
16 27 62.006 0.427
16 28 59.977 0.562
16 29 80.667 0.163
16 30 54.071 0.489
16 31 85.89 0.201
16 32 74.553 0.188
16 33 52.063 0.663
16 34 95.15 0.328
16 35 46.172 0.623
16 36 62.157 0.684
16 37 98.639 0.179
16 38 61.185 0.529
16 39 53.376 0.8
16 40 73.669 0.499
16 41 66.165 0.604
16 42 45.737 0.6
16 43 56.147 0.704
16 44 45.619 0.701
16 45 50.06 0.553
16 46 62.382 0.42
16 47 62.73 0.705
16 48 95.771 0.487
16 49 69.897 0.473
17 18 94.409 0.242
17 19 54.715 0.616
17 20 57.423 0.654
17 21 53.848 0.585
17 22 54.306 0.462
17 23 87.292 0.343
17 24 63.225 0.167
17 25 59.215 0.72
17 26 43.321 0.684
17 27 57.233 0.713
17 28 81.014 0.29
17 29 41.767 0.598
17 30 59.886 0.733
17 31 43.407 0.527
17 32 46.319 0.548
17 33 52.474 0.723
17 34 69.825 0.742
17 35 43.146 0.788
17 36 80.739 0.288
17 37 42.068 0.688
17 38 63.069 0.704
17 39 57.261 0.494
17 40 69.712 0.444
17 41 51.382 0.501
17 42 47.327 0.445
17 43 55.453 0.578
17 44 68.004 0.513
17 45 64.856 0.443
17 46 43.251 0.766
17 47 73.991 0.481
17 48 55.934 0.715
17 49 58.893 0.428
18 19 68.616 0.51
18 20 44.99 0.534
18 21 67.781 0.79
18 22 56.823 0.562
18 23 68.233 0.393
18 24 95.034 0.2
18 25 51.377 0.761
18 26 61.464 0.743
18 27 56.201 0.697
18 28 76.072 0.205
18 29 66.587 0.606
18 30 48.722 0.671
18 31 47.853 0.706
18 32 65.542 0.733
18 33 64.881 0.435
18 34 66.261 0.469
18 35 47.451 0.54
18 36 60.952 0.235
18 37 43.092 0.67
18 38 57.967 0.764
18 39 43.111 0.463
18 40 62.609 0.713
18 41 47.717 0.638
18 42 55.791 0.595
18 43 59.083 0.502
18 44 63.998 0.6
18 45 78.367 0.175
18 46 60.809 0.667
18 47 77.562 0.153
18 48 45.34 0.601
18 49 47.982 0.602
19 20 64.84 0.139
19 21 67.048 0.675
19 22 87.399 0.154
19 23 55.167 0.596
19 24 65.027 0.595
19 25 64.049 0.461
19 26 55.314 0.544
19 27 64.301 0.624
19 28 64.945 0.461
19 29 68.985 0.646
19 30 65.326 0.113
19 31 55.882 0.525
19 32 47.512 0.776
19 33 56.806 0.487
19 34 62.116 0.634
19 35 76.164 0.522
19 36 51.953 0.455
19 37 63.677 0.682
19 38 68.029 0.333
19 39 43.675 0.736
19 40 41.444 0.431
19 41 59.689 0.779
19 42 57.108 0.501
19 43 82.056 0.265
19 44 52.706 0.528
19 45 68.469 0.451
19 46 61.297 0.434
19 47 60.42 0.498
19 48 57.561 0.41
19 49 69.453 0.448
20 21 45.035 0.711
20 22 82.038 0.4
20 23 44.4 0.785
20 24 42.302 0.603
20 25 81.787 0.125
20 26 53.89 0.618
20 27 55.883 0.721
20 28 68.861 0.412
20 29 52.923 0.623
20 30 82.717 0.222
20 31 65.218 0.519
20 32 60.511 0.512
20 33 52.976 0.44
20 34 65.705 0.588
20 35 62.699 0.23
20 36 62.661 0.646
20 37 45.962 0.764
20 38 65.613 0.326
20 39 56.295 0.494
20 40 65.557 0.483
20 41 50.806 0.671
20 42 59.72 0.674
20 43 61.959 0.257
20 44 41.495 0.643
20 45 53.8 0.686
20 46 44.919 0.408
20 47 52.051 0.658
20 48 52.694 0.697
20 49 42.528 0.762
21 22 56.929 0.605
21 23 66.155 0.621
21 24 62.644 0.794
21 25 53.186 0.762
21 26 61.986 0.489
21 27 75.878 0.253
21 28 57.347 0.761
21 29 52.17 0.624
21 30 59.091 0.575
21 31 66.553 0.6
21 32 48.705 0.71
21 33 77.534 0.51
21 34 44.318 0.601
21 35 43.32 0.477
21 36 62.011 0.6
21 37 60.187 0.749
21 38 48.001 0.73
21 39 62.01 0.105
21 40 53.737 0.683
21 41 78.04 0.158
21 42 70.52 0.351
21 43 44.488 0.622
21 44 76.248 0.235
21 45 40.05 0.602
21 46 76.131 0.454
21 47 53.855 0.599
21 48 60.834 0.732
21 49 47.83 0.583
22 23 58.802 0.455
22 24 57.319 0.674
22 25 75.776 0.318
22 26 51.442 0.501
22 27 40.636 0.468
22 28 60.391 0.608
22 29 50.116 0.41
22 30 83.9 0.386
22 31 50.268 0.798
22 32 44.217 0.774
22 33 42.17 0.406
22 34 67.356 0.589
22 35 85.6 0.504
22 36 49.45 0.498
22 37 42.312 0.504
22 38 86.157 0.5
22 39 61.025 0.522
22 40 62.337 0.513
22 41 69.755 0.599
22 42 56.684 0.733
22 43 77.755 0.332
22 44 42.817 0.448
22 45 52.744 0.574
22 46 68.564 0.745
22 47 42.598 0.486
22 48 62.32 0.793
22 49 67.778 0.701
23 24 99.657 0.296
23 25 59.881 0.54
23 26 51.965 0.545
23 27 42.045 0.435
23 28 60.92 0.379
23 29 60.014 0.792
23 30 59.436 0.683
23 31 62.341 0.74
23 32 64.334 0.526
23 33 56.484 0.723
23 34 67.397 0.492
23 35 52.401 0.624
23 36 64.057 0.158
23 37 46.818 0.467
23 38 47.593 0.549
23 39 66.29 0.573
23 40 40.997 0.421
23 41 54.853 0.563
23 42 68.473 0.703
23 43 64.93 0.696
23 44 69.727 0.7
23 45 91.99 0.542
23 46 57.784 0.699
23 47 93.967 0.349
23 48 57.993 0.556
23 49 59.302 0.57
24 25 62.803 0.794
24 26 49.225 0.54
24 27 48.905 0.786
24 28 91.286 0.524
24 29 67.29 0.448
24 30 53.956 0.594
24 31 66.517 0.61
24 32 40.042 0.478
24 33 61.904 0.547
24 34 51.183 0.47
24 35 44.527 0.455
24 36 82.003 0.161
24 37 66.387 0.439
24 38 40.072 0.504
24 39 48.61 0.564
24 40 45.491 0.73
24 41 54.788 0.746
24 42 64.399 0.487
24 43 45.182 0.461
24 44 55.376 0.482
24 45 69.412 0.531
24 46 58.561 0.415
24 47 84.922 0.356
24 48 69.704 0.79
24 49 43.895 0.507
25 26 43.019 0.697
25 27 65.014 0.404
25 28 41.716 0.741
25 29 63.836 0.478
25 30 95.244 0.136
25 31 45.229 0.602
25 32 69.937 0.759
25 33 41.844 0.752
25 34 42.285 0.761
25 35 73.186 0.412
25 36 63.282 0.524
25 37 56.293 0.512
25 38 99.786 0.458
25 39 69.502 0.652
25 40 66.858 0.584
25 41 53.919 0.689
25 42 64.319 0.593
25 43 64.736 0.307
25 44 46.746 0.717
25 45 48.154 0.726
25 46 48.666 0.723
25 47 59.748 0.739
25 48 46.978 0.579
25 49 67.563 0.428
26 27 47.662 0.49
26 28 68.612 0.59
26 29 64.053 0.316
26 30 49.499 0.467
26 31 95.34 0.325
26 32 81.735 0.302
26 33 69.946 0.569
26 34 74.369 0.516
26 35 46.059 0.776
26 36 41.973 0.629
26 37 77.528 0.17
26 38 50.157 0.771
26 39 44.259 0.582
26 40 86.165 0.179
26 41 68.192 0.696
26 42 51.42 0.46
26 43 65.242 0.712
26 44 41.393 0.682
26 45 50.394 0.633
26 46 54.227 0.44
26 47 65.888 0.772
26 48 86.643 0.284
26 49 60.424 0.196
27 28 47.199 0.424
27 29 50.945 0.441
27 30 51.657 0.494
27 31 52.19 0.58
27 32 55.353 0.764
27 33 67.985 0.264
27 34 57.075 0.691
27 35 60.448 0.445
27 36 52.507 0.528
27 37 44.448 0.537
27 38 60.222 0.409
27 39 63.786 0.502
27 40 62.375 0.735
27 41 70.569 0.102
27 42 99.19 0.504
27 43 51.277 0.715
27 44 89.564 0.205
27 45 64.995 0.642
27 46 61.437 0.343
27 47 55.293 0.523
27 48 62.232 0.621
27 49 67.665 0.522
28 29 43.791 0.5
28 30 40.924 0.427
28 31 69.335 0.795
28 32 49.133 0.599
28 33 43.665 0.702
28 34 65.375 0.721
28 35 67.953 0.566
28 36 79.876 0.281
28 37 63.657 0.508
28 38 60.43 0.773
28 39 60.028 0.523
28 40 60.592 0.467
28 41 67.919 0.678
28 42 50.349 0.504
28 43 56.978 0.599
28 44 55.199 0.641
28 45 81.615 0.24
28 46 41.259 0.547
28 47 99.364 0.404
28 48 68.025 0.599
28 49 53.569 0.668
29 30 63.923 0.592
29 31 84.743 0.288
29 32 84.515 0.219
29 33 61.595 0.636
29 34 79.269 0.505
29 35 41.706 0.663
29 36 45.271 0.586
29 37 63.541 0.439
29 38 57.422 0.723
29 39 40.584 0.522
29 40 89.713 0.359
29 41 52.117 0.569
29 42 66.792 0.644
29 43 59.914 0.74
29 44 51.687 0.67
29 45 45.978 0.692
29 46 46.618 0.685
29 47 54.944 0.747
29 48 73.276 0.38
29 49 99.871 0.191
30 31 56.884 0.688
30 32 67.607 0.64
30 33 55.561 0.484
30 34 67.764 0.721
30 35 87.58 0.27
30 36 55.842 0.558
30 37 59.994 0.571
30 38 86.737 0.122
30 39 40.997 0.423
30 40 59.801 0.739
30 41 45.982 0.594
30 42 41.048 0.788
30 43 71.281 0.391
30 44 46.055 0.679
30 45 49.696 0.591
30 46 41.174 0.66
30 47 56.513 0.52
30 48 65.408 0.676
30 49 43.11 0.771
31 32 81.135 0.172
31 33 68.536 0.537
31 34 85.998 0.322
31 35 68.182 0.565
31 36 64.869 0.632
31 37 93.083 0.334
31 38 65.37 0.603
31 39 62.502 0.482
31 40 68.341 0.38
31 41 55.103 0.693
31 42 69.53 0.788
31 43 44.234 0.716
31 44 68.166 0.702
31 45 69.593 0.707
31 46 61.465 0.633
31 47 44.819 0.638
31 48 90.749 0.255
31 49 81.845 0.137
32 33 66.82 0.681
32 34 95.873 0.397
32 35 46.131 0.441
32 36 69.711 0.455
32 37 87.698 0.531
32 38 64.404 0.545
32 39 46.687 0.732
32 40 64.837 0.121
32 41 62.89 0.64
32 42 56.566 0.566
32 43 68.939 0.663
32 44 63.669 0.701
32 45 66.385 0.417
32 46 57.611 0.752
32 47 65.299 0.477
32 48 71.07 0.275
32 49 98.799 0.529
33 34 46.98 0.615
33 35 66.606 0.436
33 36 49.49 0.643
33 37 50.262 0.763
33 38 67.351 0.658
33 39 98.36 0.392
33 40 45.311 0.632
33 41 88.706 0.238
33 42 72.59 0.125
33 43 44.801 0.682
33 44 97.758 0.2
33 45 50.553 0.756
33 46 99.678 0.305
33 47 52.621 0.542
33 48 61.048 0.56
33 49 55.186 0.603
34 35 69.496 0.622
34 36 61.686 0.796
34 37 61.732 0.522
34 38 57.927 0.435
34 39 69.068 0.666
34 40 93.501 0.304
34 41 46.821 0.582
34 42 55.806 0.633
34 43 60.045 0.691
34 44 66.883 0.523
34 45 48.073 0.404
34 46 60.501 0.64
34 47 52.446 0.589
34 48 76.376 0.521
34 49 86.633 0.156
35 36 55.964 0.791
35 37 48.02 0.412
35 38 67.517 0.434
35 39 41.663 0.757
35 40 65.18 0.495
35 41 41.358 0.644
35 42 63.005 0.507
35 43 63.886 0.286
35 44 40.512 0.647
35 45 49.372 0.441
35 46 65.164 0.51
35 47 63.499 0.792
35 48 40.87 0.428
35 49 53.959 0.799
36 37 67.818 0.682
36 38 53.168 0.433
36 39 69.942 0.409
36 40 43.55 0.571
36 41 60.432 0.419
36 42 58.922 0.768
36 43 58.007 0.413
36 44 67.548 0.542
36 45 93.215 0.408
36 46 53.135 0.571
36 47 95.719 0.49
36 48 40.924 0.645
36 49 56.772 0.521
37 38 48.19 0.574
37 39 50.287 0.784
37 40 60.101 0.109
37 41 62.283 0.595
37 42 47.646 0.617
37 43 54.26 0.648
37 44 64.133 0.458
37 45 65.62 0.455
37 46 68.036 0.469
37 47 40.307 0.77
37 48 66.739 0.317
37 49 78.302 0.177
38 39 69.828 0.713
38 40 55.684 0.444
38 41 44.265 0.433
38 42 58.204 0.799
38 43 93.24 0.336
38 44 63.558 0.548
38 45 45.221 0.634
38 46 41.52 0.531
38 47 69.429 0.613
38 48 58.392 0.772
38 49 45.659 0.657
39 40 54.866 0.795
39 41 70.847 0.239
39 42 82.924 0.168
39 43 46.51 0.476
39 44 62.386 0.101
39 45 46.504 0.672
39 46 72.142 0.322
39 47 47.15 0.618
39 48 69.712 0.697
39 49 43.355 0.557
40 41 58.672 0.764
40 42 44.674 0.708
40 43 51.244 0.562
40 44 65.236 0.494
40 45 51.396 0.461
40 46 67.684 0.69
40 47 61.135 0.774
40 48 83.171 0.418
40 49 72.123 0.34
41 42 92.508 0.424
41 43 46.744 0.708
41 44 64.148 0.325
41 45 46.182 0.724
41 46 65.622 0.418
41 47 63.494 0.418
41 48 60.06 0.636
41 49 61.188 0.684
42 43 46.265 0.689
42 44 64.684 0.481
42 45 48.693 0.752
42 46 99.132 0.432
42 47 52.034 0.447
42 48 47.639 0.447
42 49 52.009 0.628
43 44 61.171 0.493
43 45 41.278 0.789
43 46 69.116 0.772
43 47 48.798 0.475
43 48 59.351 0.537
43 49 52.185 0.413
44 45 48.902 0.59
44 46 64.611 0.215
44 47 51.931 0.636
44 48 59.102 0.732
44 49 49.192 0.794
45 46 43.514 0.62
45 47 63.301 0.376
45 48 54.727 0.795
45 49 44.513 0.57
46 47 60.405 0.782
46 48 68.525 0.798
46 49 56.598 0.496
47 48 43.918 0.703
47 49 40.615 0.723
48 49 64.735 0.463