50
99
0 1 46.881 0.112
0 2 80.986 0.055
0 3 5.691 0.047
0 4 42.118 0.112
0 5 1.092 0.008
0 6 2.734 0.026
0 7 88.408 0.116
0 8 11.89 0.102
0 9 73.599 0.024
0 10 31.106 0.112
0 11 7.619 0.011
0 12 8.642 0.124
0 13 12.396 0.082
0 14 83.058 0.098
0 15 92.602 0.114
0 16 60.741 0.107
0 17 24.008 0.104
0 18 56.296 0.104
0 19 7.663 0.105
0 20 63.814 0.015
0 21 42.418 0.026
0 22 28.158 0.067
0 23 14.018 0.066
0 24 35.214 0.099
0 25 18.877 0.0
0 26 9.273 0.082
0 27 17.508 0.142
0 28 56.946 0.053
0 29 12.56 0.031
0 30 63.237 0.095
0 31 5.244 0.022
0 32 84.568 0.11
0 33 9.982 0.121
0 34 68.97 0.066
0 35 69.37 0.067
0 36 68.304 0.097
0 37 87.234 0.037
0 38 61.361 0.128
0 39 20.766 0.03
0 40 15.968 0.085
0 41 51.918 0.014
0 42 37.911 0.117
0 43 11.374 0.066
0 44 24.135 0.07
0 45 47.322 0.141
0 46 25.222 0.069
0 47 49.022 0.076
0 48 92.982 0.109
0 49 8.036 0.123
1 2 23.854 0.014
1 3 21.065 0.016
1 4 64.081 0.031
1 5 71.265 0.125
1 6 6.632 0.008
1 7 17.75 0.143
1 8 0.955 0.088
1 9 13.635 0.123
1 10 65.966 0.132
1 11 23.861 0.143
1 12 0.159 0.112
1 13 42.349 0.114
1 14 91.28 0.084
1 15 50.876 0.051
1 16 89.317 0.045
1 17 51.843 0.107
1 18 0.523 0.053
1 19 28.463 0.142
1 20 88.328 0.1
1 21 61.926 0.126
1 22 53.481 0.053
1 23 77.609 0.065
1 24 1.204 0.141
1 25 72.525 0.001
1 26 49.912 0.005
1 27 73.825 0.133
1 28 6.445 0.091
1 29 38.261 0.037
1 30 45.317 0.01
1 31 33.789 0.131
1 32 60.326 0.134
1 33 38.45 0.092
1 34 23.034 0.028
1 35 65.177 0.051
1 36 20.244 0.036
1 37 52.197 0.118
1 38 63.183 0.049
1 39 67.335 0.031
1 40 18.506 0.139
1 41 23.369 0.06
1 42 62.599 0.123
1 43 37.826 0.03
1 44 62.072 0.073
1 45 75.401 0.053
1 46 88.795 0.025
1 47 12.904 0.113
1 48 37.254 0.121
1 49 12.206 0.043
2 3 62.046 0.148
2 4 5.066 0.15
2 5 49.899 0.142
2 6 54.503 0.06
2 7 28.258 0.134
2 8 1.954 0.062
2 9 95.24 0.022
2 10 11.575 0.117
2 11 22.961 0.071
2 12 37.958 0.101
2 13 9.813 0.118
2 14 23.308 0.078
2 15 46.729 0.088
2 16 1.483 0.148
2 17 63.605 0.061
2 18 15.952 0.086
2 19 40.509 0.099
2 20 46.252 0.095
2 21 91.082 0.123
2 22 98.598 0.128
2 23 52.038 0.017
2 24 20.497 0.076
2 25 65.333 0.098
2 26 12.146 0.127
2 27 80.363 0.131
2 28 95.427 0.081
2 29 16.311 0.074
2 30 90.939 0.007
2 31 93.197 0.006
2 32 59.432 0.128
2 33 84.642 0.064
2 34 33.01 0.133
2 35 78.021 0.036
2 36 0.284 0.047
2 37 46.94 0.035
2 38 53.095 0.029
2 39 55.298 0.146
2 40 31.1 0.116
2 41 39.991 0.071
2 42 59.349 0.093
2 43 48.366 0.073
2 44 58.766 0.131
2 45 57.192 0.077
2 46 31.036 0.106
2 47 21.311 0.148
2 48 91.872 0.066
2 49 38.178 0.076
3 4 79.133 0.079
3 5 12.55 0.128
3 6 52.162 0.092
3 7 91.854 0.048
3 8 96.214 0.052
3 9 14.612 0.111
3 10 70.538 0.052
3 11 54.992 0.066
3 12 42.833 0.072
3 13 85.217 0.067
3 14 66.324 0.133
3 15 38.877 0.108
3 16 82.586 0.099
3 17 5.964 0.11
3 18 75.89 0.038
3 19 91.839 0.095
3 20 50.521 0.081
3 21 47.576 0.102
3 22 56.779 0.09
3 23 28.992 0.074
3 24 94.763 0.108
3 25 74.982 0.133
3 26 72.553 0.002
3 27 98.547 0.045
3 28 65.338 0.147
3 29 25.369 0.147
3 30 74.494 0.136
3 31 17.761 0.003
3 32 93.269 0.01
3 33 34.88 0.122
3 34 68.784 0.126
3 35 47.133 0.144
3 36 79.8 0.136
3 37 51.016 0.055
3 38 89.746 0.007
3 39 76.944 0.037
3 40 94.691 0.059
3 41 99.153 0.05
3 42 15.895 0.134
3 43 83.321 0.074
3 44 37.29 0.02
3 45 48.642 0.064
3 46 66.192 0.02
3 47 60.348 0.039
3 48 88.764 0.129
3 49 39.444 0.077
4 5 18.462 0.13
4 6 60.296 0.064
4 7 7.483 0.026
4 8 55.964 0.058
4 9 32.917 0.133
4 10 68.265 0.026
4 11 74.378 0.028
4 12 96.897 0.135
4 13 24.823 0.142
4 14 43.308 0.118
4 15 22.585 0.059
4 16 59.975 0.096
4 17 79.657 0.084
4 18 58.384 0.04
4 19 2.174 0.061
4 20 32.31 0.051
4 21 10.053 0.139
4 22 56.546 0.118
4 23 44.123 0.135
4 24 35.556 0.003
4 25 4.128 0.084
4 26 27.677 0.109
4 27 28.138 0.052
4 28 10.938 0.079
4 29 77.512 0.029
4 30 2.085 0.121
4 31 31.737 0.146
4 32 85.735 0.125
4 33 85.943 0.113
4 34 92.678 0.107
4 35 86.719 0.005
4 36 65.353 0.077
4 37 4.338 0.089
4 38 87.511 0.022
4 39 8.483 0.135
4 40 49.504 0.085
4 41 85.056 0.076
4 42 74.105 0.092
4 43 21.409 0.074
4 44 85.585 0.061
4 45 7.326 0.145
4 46 81.229 0.105
4 47 64.476 0.14
4 48 16.392 0.096
4 49 42.788 0.051
5 6 98.127 0.139
5 7 44.111 0.043
5 8 37.253 0.098
5 9 86.668 0.008
5 10 79.137 0.005
5 11 43.916 0.072
5 12 80.496 0.063
5 13 58.06 0.041
5 14 13.93 0.135
5 15 76.689 0.046
5 16 20.524 0.056
5 17 60.023 0.045
5 18 37.156 0.035
5 19 96.053 0.124
5 20 18.889 0.086
5 21 59.288 0.091
5 22 93.996 0.006
5 23 76.497 0.066
5 24 63.972 0.112
5 25 77.883 0.033
5 26 48.842 0.019
5 27 47.403 0.061
5 28 81.826 0.039
5 29 5.917 0.108
5 30 35.129 0.027
5 31 27.499 0.138
5 32 41.46 0.08
5 33 36.241 0.102
5 34 82.423 0.012
5 35 99.979 0.09
5 36 75.159 0.127
5 37 24.026 0.078
5 38 25.69 0.096
5 39 88.907 0.0
5 40 85.059 0.139
5 41 97.163 0.097
5 42 14.544 0.088
5 43 97.092 0.105
5 44 44.246 0.031
5 45 90.485 0.118
5 46 60.147 0.058
5 47 54.351 0.07
5 48 64.609 0.111
5 49 4.272 0.068
6 7 37.202 0.067
6 8 56.888 0.095
6 9 65.388 0.064
6 10 91.674 0.106
6 11 18.97 0.053
6 12 65.362 0.014
6 13 31.32 0.067
6 14 71.627 0.044
6 15 47.678 0.143
6 16 4.406 0.148
6 17 19.719 0.122
6 18 90.036 0.067
6 19 94.608 0.057
6 20 87.409 0.061
6 21 20.978 0.092
6 22 61.147 0.025
6 23 36.856 0.114
6 24 73.712 0.038
6 25 74.349 0.111
6 26 54.358 0.011
6 27 47.254 0.032
6 28 75.472 0.08
6 29 51.658 0.142
6 30 54.793 0.12
6 31 81.621 0.089
6 32 42.556 0.093
6 33 29.389 0.063
6 34 80.765 0.143
6 35 74.405 0.143
6 36 13.552 0.054
6 37 93.859 0.073
6 38 18.548 0.109
6 39 56.482 0.104
6 40 58.014 0.101
6 41 56.889 0.123
6 42 68.857 0.078
6 43 3.017 0.004
6 44 29.46 0.1
6 45 16.334 0.013
6 46 92.02 0.087
6 47 56.142 0.09
6 48 39.362 0.02
6 49 84.029 0.08
7 8 55.709 0.121
7 9 54.244 0.122
7 10 44.339 0.023
7 11 69.015 0.063
7 12 36.0 0.144
7 13 0.446 0.084
7 14 65.275 0.061
7 15 74.694 0.086
7 16 50.124 0.056
7 17 30.316 0.031
7 18 15.322 0.023
7 19 17.679 0.095
7 20 68.647 0.143
7 21 56.717 0.063
7 22 88.76 0.079
7 23 72.906 0.095
7 24 94.467 0.025
7 25 93.096 0.11
7 26 90.788 0.072
7 27 60.271 0.099
7 28 26.477 0.03
7 29 12.167 0.119
7 30 54.047 0.053
7 31 3.867 0.065
7 32 28.477 0.11
7 33 86.279 0.05
7 34 86.636 0.063
7 35 14.502 0.045
7 36 62.64 0.006
7 37 74.101 0.011
7 38 78.668 0.023
7 39 38.174 0.051
7 40 66.964 0.027
7 41 1.185 0.014
7 42 82.872 0.057
7 43 27.75 0.028
7 44 94.825 0.132
7 45 87.305 0.063
7 46 1.313 0.021
7 47 39.571 0.041
7 48 33.658 0.063
7 49 74.695 0.106
8 9 42.932 0.106
8 10 14.65 0.025
8 11 8.641 0.035
8 12 11.731 0.125
8 13 5.964 0.069
8 14 83.702 0.048
8 15 56.49 0.106
8 16 14.889 0.098
8 17 15.375 0.066
8 18 92.252 0.087
8 19 7.036 0.076
8 20 17.555 0.148
8 21 5.666 0.121
8 22 68.35 0.137
8 23 26.952 0.108
8 24 67.932 0.073
8 25 65.947 0.07
8 26 63.189 0.11
8 27 20.227 0.069
8 28 81.514 0.016
8 29 69.075 0.053
8 30 72.397 0.138
8 31 3.455 0.017
8 32 38.551 0.064
8 33 43.31 0.1
8 34 57.677 0.114
8 35 26.368 0.144
8 36 77.354 0.02
8 37 20.568 0.009
8 38 29.133 0.071
8 39 12.339 0.028
8 40 64.052 0.026
8 41 81.161 0.131
8 42 5.53 0.148
8 43 89.001 0.101
8 44 38.599 0.127
8 45 78.807 0.105
8 46 11.053 0.065
8 47 67.621 0.138
8 48 63.271 0.12
8 49 94.472 0.015
9 10 0.283 0.133
9 11 48.636 0.061
9 12 47.902 0.131
9 13 63.383 0.08
9 14 76.275 0.142
9 15 52.743 0.141
9 16 29.812 0.061
9 17 86.966 0.02
9 18 12.685 0.047
9 19 5.294 0.089
9 20 71.399 0.108
9 21 52.494 0.015
9 22 77.065 0.036
9 23 3.332 0.124
9 24 45.528 0.12
9 25 65.947 0.095
9 26 58.326 0.127
9 27 78.533 0.149
9 28 15.753 0.077
9 29 93.118 0.072
9 30 93.117 0.116
9 31 88.002 0.125
9 32 96.247 0.029
9 33 53.319 0.135
9 34 44.461 0.02
9 35 71.7 0.084
9 36 49.448 0.015
9 37 78.071 0.063
9 38 71.386 0.118
9 39 89.289 0.144
9 40 57.897 0.004
9 41 50.61 0.06
9 42 13.693 0.075
9 43 89.858 0.148
9 44 64.83 0.072
9 45 85.488 0.057
9 46 51.051 0.062
9 47 37.098 0.143
9 48 86.712 0.094
9 49 99.738 0.069
10 11 26.319 0.146
10 12 38.628 0.128
10 13 59.469 0.069
10 14 80.493 0.06
10 15 81.124 0.014
10 16 7.964 0.037
10 17 74.564 0.01
10 18 6.029 0.124
10 19 16.842 0.139
10 20 70.548 0.061
10 21 32.039 0.08
10 22 41.498 0.062
10 23 2.798 0.013
10 24 49.662 0.145
10 25 43.97 0.04
10 26 66.355 0.037
10 27 89.4 0.106
10 28 59.369 0.108
10 29 68.901 0.071
10 30 1.173 0.099
10 31 12.125 0.114
10 32 8.763 0.092
10 33 26.456 0.136
10 34 98.958 0.058
10 35 21.815 0.132
10 36 32.159 0.138
10 37 12.512 0.116
10 38 76.481 0.066
10 39 24.875 0.131
10 40 63.399 0.094
10 41 67.022 0.081
10 42 13.458 0.002
10 43 95.34 0.035
10 44 73.281 0.129
10 45 71.764 0.067
10 46 50.774 0.044
10 47 4.521 0.037
10 48 59.499 0.114
10 49 36.935 0.141
11 12 32.841 0.137
11 13 92.658 0.079
11 14 54.412 0.128
11 15 16.82 0.092
11 16 64.523 0.056
11 17 23.362 0.098
11 18 68.084 0.131
11 19 89.403 0.077
11 20 19.365 0.085
11 21 15.049 0.102
11 22 5.279 0.146
11 23 49.929 0.088
11 24 54.588 0.071
11 25 29.764 0.093
11 26 76.241 0.009
11 27 85.049 0.021
11 28 37.477 0.085
11 29 61.197 0.035
11 30 21.204 0.011
11 31 0.603 0.047
11 32 66.757 0.05
11 33 43.891 0.01
11 34 68.055 0.01
11 35 18.387 0.131
11 36 45.38 0.034
11 37 43.872 0.096
11 38 95.478 0.091
11 39 30.132 0.124
11 40 50.305 0.014
11 41 77.649 0.001
11 42 74.797 0.008
11 43 57.417 0.023
11 44 64.143 0.107
11 45 88.092 0.148
11 46 77.952 0.123
11 47 99.29 0.065
11 48 38.812 0.112
11 49 39.79 0.032
12 13 4.941 0.019
12 14 14.603 0.119
12 15 51.793 0.102
12 16 32.188 0.092
12 17 67.271 0.086
12 18 42.507 0.149
12 19 64.071 0.024
12 20 21.812 0.031
12 21 35.258 0.094
12 22 57.3 0.1
12 23 96.555 0.031
12 24 71.261 0.012
12 25 5.114 0.105
12 26 98.662 0.039
12 27 75.341 0.142
12 28 66.42 0.071
12 29 24.007 0.01
12 30 66.289 0.047
12 31 95.614 0.124
12 32 21.165 0.135
12 33 93.4 0.022
12 34 17.928 0.14
12 35 77.252 0.133
12 36 39.525 0.147
12 37 84.433 0.1
12 38 19.574 0.052
12 39 82.86 0.124
12 40 26.895 0.142
12 41 94.803 0.132
12 42 98.499 0.061
12 43 54.746 0.011
12 44 15.793 0.051
12 45 36.337 0.068
12 46 0.708 0.087
12 47 94.327 0.048
12 48 63.465 0.031
12 49 51.738 0.037
13 14 94.51 0.02
13 15 89.425 0.085
13 16 42.714 0.137
13 17 66.338 0.095
13 18 95.475 0.049
13 19 72.753 0.129
13 20 5.514 0.046
13 21 51.032 0.012
13 22 57.937 0.074
13 23 38.823 0.037
13 24 74.189 0.02
13 25 65.462 0.052
13 26 2.194 0.129
13 27 2.214 0.107
13 28 36.249 0.116
13 29 25.905 0.001
13 30 46.29 0.068
13 31 49.101 0.004
13 32 22.652 0.1
13 33 93.89 0.114
13 34 91.201 0.135
13 35 5.526 0.094
13 36 77.025 0.009
13 37 13.547 0.016
13 38 14.091 0.082
13 39 31.085 0.063
13 40 99.591 0.112
13 41 12.119 0.049
13 42 69.15 0.111
13 43 47.421 0.028
13 44 11.708 0.072
13 45 74.689 0.014
13 46 72.855 0.083
13 47 29.776 0.029
13 48 84.258 0.066
13 49 9.688 0.007
14 15 93.631 0.15
14 16 63.528 0.017
14 17 77.64 0.049
14 18 24.02 0.053
14 19 94.81 0.146
14 20 66.485 0.036
14 21 84.212 0.071
14 22 8.975 0.07
14 23 45.26 0.131
14 24 9.802 0.066
14 25 18.982 0.004
14 26 12.943 0.139
14 27 50.136 0.032
14 28 98.59 0.075
14 29 21.651 0.065
14 30 38.34 0.128
14 31 20.868 0.131
14 32 26.346 0.095
14 33 34.118 0.082
14 34 71.154 0.015
14 35 90.98 0.101
14 36 55.384 0.018
14 37 54.544 0.042
14 38 46.412 0.067
14 39 44.648 0.11
14 40 74.787 0.012
14 41 11.072 0.018
14 42 58.001 0.149
14 43 74.192 0.133
14 44 84.329 0.08
14 45 78.564 0.101
14 46 6.614 0.092
14 47 71.238 0.073
14 48 19.224 0.097
14 49 10.252 0.078
15 16 70.389 0.1
15 17 22.507 0.007
15 18 30.911 0.089
15 19 19.99 0.109
15 20 69.669 0.104
15 21 27.084 0.029
15 22 47.383 0.012
15 23 64.145 0.02
15 24 14.073 0.071
15 25 56.085 0.119
15 26 40.561 0.071
15 27 85.655 0.086
15 28 26.055 0.014
15 29 70.988 0.147
15 30 7.931 0.023
15 31 10.133 0.067
15 32 10.772 0.022
15 33 49.203 0.15
15 34 6.105 0.051
15 35 79.137 0.086
15 36 64.704 0.007
15 37 63.926 0.016
15 38 64.673 0.038
15 39 88.975 0.012
15 40 59.855 0.034
15 41 75.733 0.062
15 42 37.844 0.037
15 43 96.306 0.079
15 44 38.426 0.017
15 45 93.269 0.005
15 46 63.916 0.072
15 47 49.011 0.027
15 48 67.159 0.082
15 49 98.138 0.111
16 17 2.26 0.022
16 18 41.452 0.024
16 19 37.079 0.12
16 20 93.372 0.141
16 21 11.822 0.057
16 22 43.067 0.117
16 23 75.151 0.087
16 24 38.372 0.135
16 25 17.478 0.044
16 26 76.04 0.027
16 27 48.809 0.068
16 28 0.641 0.045
16 29 4.659 0.069
16 30 60.901 0.059
16 31 96.605 0.121
16 32 45.763 0.024
16 33 17.889 0.131
16 34 99.124 0.01
16 35 24.625 0.012
16 36 85.521 0.04
16 37 34.462 0.067
16 38 60.567 0.135
16 39 6.282 0.131
16 40 48.877 0.145
16 41 98.282 0.089
16 42 90.728 0.076
16 43 89.194 0.053
16 44 42.968 0.076
16 45 1.954 0.112
16 46 43.726 0.036
16 47 23.885 0.029
16 48 65.679 0.089
16 49 41.516 0.096
17 18 15.254 0.021
17 19 48.534 0.097
17 20 32.495 0.127
17 21 28.668 0.138
17 22 35.659 0.086
17 23 77.261 0.002
17 24 27.909 0.105
17 25 9.61 0.077
17 26 56.591 0.126
17 27 17.988 0.063
17 28 66.187 0.037
17 29 49.882 0.074
17 30 2.844 0.051
17 31 50.813 0.12
17 32 21.462 0.126
17 33 67.722 0.088
17 34 10.425 0.053
17 35 77.073 0.102
17 36 57.514 0.138
17 37 60.701 0.084
17 38 65.898 0.022
17 39 24.199 0.064
17 40 93.172 0.099
17 41 76.396 0.091
17 42 38.609 0.115
17 43 17.185 0.09
17 44 55.193 0.02
17 45 29.981 0.121
17 46 31.305 0.012
17 47 90.831 0.079
17 48 85.235 0.057
17 49 47.535 0.096
18 19 64.888 0.041
18 20 39.762 0.067
18 21 31.319 0.12
18 22 73.563 0.006
18 23 92.847 0.038
18 24 25.625 0.032
18 25 96.798 0.127
18 26 66.443 0.038
18 27 87.248 0.137
18 28 8.602 0.108
18 29 69.629 0.032
18 30 38.465 0.065
18 31 85.673 0.064
18 32 64.17 0.104
18 33 52.879 0.03
18 34 50.561 0.002
18 35 3.954 0.127
18 36 98.265 0.08
18 37 89.764 0.038
18 38 69.39 0.015
18 39 33.63 0.081
18 40 61.912 0.03
18 41 8.505 0.003
18 42 75.67 0.122
18 43 2.805 0.078
18 44 83.458 0.063
18 45 45.435 0.083
18 46 89.718 0.128
18 47 55.304 0.106
18 48 4.103 0.119
18 49 66.872 0.047
19 20 77.935 0.095
19 21 12.563 0.147
19 22 34.221 0.108
19 23 78.199 0.056
19 24 61.382 0.149
19 25 72.007 0.081
19 26 15.147 0.067
19 27 97.82 0.059
19 28 87.096 0.054
19 29 17.925 0.019
19 30 0.91 0.122
19 31 40.262 0.112
19 32 78.914 0.068
19 33 24.394 0.055
19 34 44.85 0.022
19 35 22.812 0.133
19 36 75.897 0.065
19 37 56.64 0.134
19 38 48.16 0.087
19 39 77.684 0.042
19 40 2.51 0.054
19 41 51.918 0.071
19 42 25.578 0.059
19 43 5.83 0.103
19 44 23.731 0.131
19 45 4.394 0.097
19 46 60.195 0.034
19 47 77.6 0.04
19 48 12.499 0.077
19 49 7.009 0.119
20 21 26.376 0.07
20 22 48.191 0.006
20 23 24.081 0.015
20 24 58.116 0.0
20 25 72.299 0.049
20 26 78.977 0.057
20 27 73.867 0.089
20 28 27.451 0.126
20 29 66.97 0.051
20 30 13.989 0.128
20 31 54.998 0.023
20 32 81.049 0.073
20 33 37.874 0.023
20 34 14.899 0.061
20 35 1.43 0.149
20 36 52.665 0.086
20 37 16.714 0.101
20 38 95.306 0.113
20 39 15.75 0.109
20 40 7.458 0.06
20 41 65.38 0.035
20 42 10.771 0.033
20 43 63.931 0.097
20 44 27.642 0.141
20 45 56.3 0.114
20 46 36.204 0.095
20 47 59.288 0.087
20 48 50.126 0.079
20 49 18.448 0.117
21 22 31.684 0.034
21 23 28.81 0.059
21 24 8.082 0.06
21 25 16.55 0.032
21 26 95.291 0.067
21 27 2.478 0.089
21 28 67.562 0.128
21 29 29.958 0.018
21 30 10.672 0.092
21 31 16.362 0.031
21 32 24.205 0.107
21 33 41.492 0.053
21 34 18.916 0.096
21 35 91.319 0.069
21 36 66.477 0.12
21 37 49.972 0.002
21 38 39.328 0.132
21 39 47.307 0.034
21 40 12.659 0.132
21 41 47.065 0.015
21 42 46.447 0.013
21 43 59.316 0.127
21 44 37.881 0.142
21 45 10.734 0.055
21 46 88.683 0.125
21 47 59.281 0.088
21 48 13.763 0.071
21 49 83.609 0.055
22 23 16.56 0.136
22 24 69.555 0.032
22 25 90.252 0.086
22 26 34.098 0.141
22 27 69.968 0.096
22 28 32.685 0.112
22 29 14.674 0.053
22 30 40.922 0.126
22 31 36.445 0.057
22 32 40.668 0.087
22 33 94.392 0.107
22 34 14.882 0.04
22 35 10.525 0.113
22 36 49.565 0.097
22 37 79.296 0.022
22 38 26.261 0.07
22 39 83.607 0.08
22 40 95.181 0.049
22 41 93.223 0.004
22 42 50.399 0.115
22 43 30.833 0.12
22 44 44.239 0.088
22 45 95.875 0.056
22 46 77.883 0.088
22 47 28.331 0.021
22 48 16.801 0.142
22 49 35.653 0.134
23 24 34.042 0.051
23 25 97.12 0.011
23 26 87.422 0.012
23 27 95.285 0.039
23 28 15.651 0.063
23 29 6.631 0.054
23 30 50.417 0.118
23 31 52.532 0.099
23 32 65.662 0.137
23 33 49.594 0.108
23 34 64.002 0.078
23 35 9.692 0.092
23 36 63.119 0.035
23 37 78.218 0.014
23 38 11.319 0.13
23 39 90.725 0.079
23 40 84.396 0.114
23 41 84.392 0.082
23 42 77.502 0.131
23 43 29.293 0.057
23 44 96.499 0.041
23 45 87.092 0.005
23 46 95.05 0.108
23 47 96.11 0.068
23 48 93.33 0.031
23 49 80.116 0.011
24 25 47.292 0.145
24 26 11.156 0.118
24 27 97.416 0.038
24 28 27.231 0.05
24 29 23.69 0.123
24 30 80.506 0.02
24 31 31.669 0.055
24 32 19.525 0.102
24 33 82.009 0.038
24 34 65.692 0.081
24 35 51.309 0.027
24 36 87.823 0.103
24 37 79.354 0.034
24 38 31.588 0.113
24 39 51.223 0.015
24 40 66.55 0.144
24 41 98.181 0.117
24 42 8.243 0.087
24 43 23.922 0.032
24 44 89.614 0.095
24 45 45.226 0.097
24 46 54.466 0.12
24 47 57.31 0.149
24 48 78.937 0.04
24 49 69.05 0.049
25 26 56.936 0.016
25 27 54.157 0.116
25 28 22.104 0.102
25 29 48.194 0.01
25 30 10.434 0.008
25 31 72.382 0.028
25 32 67.58 0.05
25 33 21.347 0.032
25 34 8.573 0.114
25 35 28.212 0.103
25 36 0.278 0.019
25 37 45.444 0.028
25 38 66.016 0.125
25 39 39.068 0.063
25 40 34.055 0.124
25 41 90.657 0.125
25 42 15.06 0.081
25 43 8.604 0.013
25 44 96.577 0.013
25 45 84.235 0.005
25 46 73.574 0.059
25 47 53.281 0.017
25 48 89.973 0.007
25 49 49.808 0.132
26 27 48.851 0.127
26 28 73.06 0.081
26 29 19.775 0.101
26 30 73.197 0.067
26 31 92.764 0.107
26 32 65.81 0.073
26 33 55.927 0.091
26 34 21.439 0.148
26 35 49.153 0.073
26 36 49.991 0.107
26 37 15.495 0.066
26 38 49.19 0.019
26 39 30.958 0.092
26 40 89.255 0.147
26 41 34.585 0.146
26 42 4.071 0.011
26 43 10.351 0.065
26 44 84.242 0.067
26 45 6.733 0.126
26 46 44.411 0.043
26 47 80.155 0.127
26 48 23.082 0.074
26 49 58.381 0.072
27 28 44.549 0.073
27 29 14.049 0.05
27 30 61.057 0.086
27 31 97.36 0.036
27 32 93.845 0.034
27 33 93.399 0.016
27 34 81.905 0.128
27 35 11.848 0.041
27 36 14.12 0.08
27 37 88.768 0.14
27 38 73.009 0.087
27 39 23.327 0.12
27 40 83.79 0.006
27 41 47.134 0.046
27 42 1.948 0.073
27 43 2.17 0.074
27 44 69.729 0.136
27 45 95.9 0.062
27 46 40.941 0.108
27 47 15.729 0.031
27 48 34.901 0.092
27 49 87.687 0.077
28 29 87.476 0.113
28 30 26.276 0.093
28 31 17.269 0.05
28 32 80.143 0.15
28 33 26.382 0.049
28 34 13.421 0.123
28 35 15.219 0.119
28 36 80.316 0.132
28 37 51.432 0.128
28 38 94.826 0.034
28 39 1.509 0.046
28 40 15.439 0.066
28 41 90.065 0.073
28 42 75.12 0.038
28 43 58.352 0.15
28 44 72.155 0.13
28 45 72.249 0.132
28 46 90.502 0.125
28 47 10.368 0.031
28 48 70.111 0.056
28 49 84.878 0.137
29 30 35.406 0.028
29 31 29.286 0.012
29 32 15.456 0.079
29 33 35.948 0.026
29 34 96.849 0.042
29 35 21.143 0.138
29 36 40.733 0.108
29 37 55.826 0.02
29 38 19.413 0.076
29 39 54.348 0.118
29 40 1.238 0.108
29 41 7.857 0.116
29 42 90.322 0.082
29 43 7.489 0.121
29 44 20.97 0.057
29 45 16.099 0.066
29 46 51.257 0.005
29 47 55.629 0.021
29 48 45.577 0.089
29 49 6.06 0.06
30 31 23.448 0.065
30 32 74.699 0.04
30 33 88.066 0.095
30 34 79.609 0.138
30 35 73.923 0.04
30 36 92.641 0.064
30 37 62.886 0.022
30 38 91.862 0.074
30 39 21.085 0.134
30 40 59.248 0.028
30 41 17.409 0.005
30 42 59.477 0.141
30 43 48.998 0.056
30 44 87.123 0.149
30 45 24.92 0.005
30 46 24.737 0.099
30 47 0.51 0.104
30 48 79.672 0.09
30 49 4.344 0.02
31 32 45.304 0.112
31 33 94.249 0.055
31 34 44.677 0.088
31 35 31.272 0.001
31 36 44.569 0.007
31 37 75.928 0.108
31 38 43.284 0.042
31 39 73.644 0.077
31 40 44.087 0.122
31 41 7.81 0.098
31 42 66.823 0.008
31 43 28.951 0.114
31 44 53.157 0.13
31 45 38.769 0.104
31 46 28.622 0.065
31 47 57.279 0.001
31 48 74.007 0.039
31 49 9.256 0.065
32 33 89.546 0.105
32 34 60.986 0.109
32 35 82.052 0.089
32 36 6.049 0.102
32 37 23.695 0.085
32 38 3.899 0.009
32 39 16.522 0.018
32 40 65.48 0.06
32 41 13.394 0.032
32 42 98.335 0.016
32 43 89.881 0.124
32 44 74.741 0.004
32 45 64.69 0.105
32 46 67.55 0.055
32 47 38.194 0.056
32 48 82.558 0.069
32 49 89.905 0.141
33 34 35.514 0.108
33 35 40.129 0.029
33 36 86.908 0.012
33 37 27.385 0.131
33 38 31.528 0.106
33 39 99.759 0.032
33 40 50.1 0.068
33 41 71.886 0.137
33 42 84.417 0.043
33 43 88.18 0.137
33 44 43.549 0.024
33 45 68.284 0.063
33 46 95.441 0.071
33 47 39.773 0.146
33 48 12.653 0.038
33 49 23.735 0.085
34 35 10.224 0.01
34 36 5.878 0.018
34 37 24.951 0.128
34 38 20.879 0.014
34 39 19.496 0.134
34 40 64.707 0.059
34 41 84.037 0.025
34 42 31.405 0.058
34 43 44.869 0.141
34 44 54.526 0.112
34 45 90.112 0.054
34 46 23.804 0.006
34 47 97.152 0.032
34 48 88.679 0.086
34 49 14.266 0.028
35 36 73.087 0.001
35 37 66.208 0.062
35 38 5.024 0.042
35 39 82.652 0.101
35 40 3.477 0.011
35 41 52.681 0.12
35 42 14.733 0.002
35 43 90.433 0.075
35 44 9.214 0.118
35 45 80.043 0.019
35 46 89.621 0.119
35 47 66.57 0.114
35 48 0.992 0.143
35 49 97.231 0.066
36 37 56.611 0.034
36 38 12.173 0.042
36 39 18.951 0.001
36 40 73.682 0.021
36 41 3.809 0.133
36 42 57.87 0.005
36 43 73.707 0.009
36 44 26.811 0.05
36 45 13.248 0.05
36 46 37.815 0.064
36 47 44.206 0.009
36 48 56.146 0.098
36 49 10.4 0.015
37 38 95.317 0.026
37 39 78.452 0.017
37 40 54.508 0.052
37 41 97.948 0.111
37 42 16.949 0.069
37 43 97.673 0.088
37 44 29.079 0.145
37 45 59.165 0.019
37 46 50.45 0.099
37 47 69.086 0.104
37 48 51.47 0.03
37 49 54.171 0.026
38 39 86.674 0.049
38 40 53.647 0.109
38 41 10.627 0.078
38 42 96.246 0.031
38 43 52.646 0.099
38 44 54.678 0.045
38 45 20.75 0.075
38 46 85.411 0.046
38 47 87.937 0.036
38 48 3.118 0.008
38 49 13.547 0.081
39 40 86.637 0.057
39 41 86.747 0.055
39 42 60.642 0.012
39 43 86.82 0.134
39 44 98.357 0.002
39 45 6.828 0.118
39 46 61.829 0.107
39 47 14.429 0.026
39 48 80.193 0.06
39 49 27.027 0.092
40 41 22.516 0.004
40 42 17.891 0.106
40 43 20.818 0.036
40 44 87.729 0.062
40 45 89.415 0.003
40 46 58.399 0.102
40 47 10.704 0.056
40 48 73.495 0.066
40 49 40.077 0.143
41 42 20.176 0.108
41 43 91.147 0.095
41 44 80.203 0.007
41 45 24.459 0.081
41 46 98.753 0.13
41 47 9.771 0.105
41 48 16.267 0.111
41 49 14.84 0.137
42 43 60.862 0.119
42 44 77.311 0.131
42 45 25.33 0.128
42 46 63.929 0.08
42 47 66.019 0.11
42 48 75.881 0.095
42 49 94.686 0.148
43 44 68.073 0.051
43 45 17.17 0.114
43 46 8.061 0.028
43 47 46.287 0.073
43 48 19.494 0.038
43 49 43.263 0.046
44 45 24.839 0.039
44 46 54.837 0.095
44 47 97.378 0.086
44 48 12.987 0.006
44 49 92.428 0.134
45 46 96.065 0.071
45 47 75.999 0.017
45 48 9.708 0.051
45 49 19.594 0.134
46 47 46.629 0.116
46 48 73.885 0.148
46 49 96.295 0.017
47 48 88.079 0.012
47 49 43.853 0.149
48 49 90.861 0.114
