50
80.0
0 1 63.0 0.55
0 2 44.0 2.275
0 3 6.0 1.875
0 4 11.0 0.15
0 5 66.0 0.35
0 6 37.0 2.25
0 7 51.0 0.475
0 8 36.0 0.525
0 9 92.0 1.85
0 10 21.0 0.625
0 11 21.0 0.725
0 12 99.99 0.001
0 13 0.001 0.001
0 14 0.001 0.001
0 15 0.001 0.001
0 16 0.001 0.001
0 17 0.001 0.001
0 18 0.001 0.001
0 19 0.001 0.001
0 20 0.001 0.001
0 21 0.001 0.001
0 22 0.001 0.001
0 23 0.001 0.001
0 24 99.99 0.001
0 25 0.001 0.001
0 26 0.001 0.001
0 27 0.001 0.001
0 28 0.001 0.001
0 29 0.001 0.001
0 30 0.001 0.001
0 31 0.001 0.001
0 32 0.001 0.001
0 33 0.001 0.001
0 34 0.001 0.001
0 35 0.001 0.001
0 36 99.99 0.001
0 37 0.001 0.001
0 38 0.001 0.001
0 39 0.001 0.001
0 40 0.001 0.001
0 41 0.001 0.001
0 42 0.001 0.001
0 43 0.001 0.001
0 44 0.001 0.001
0 45 0.001 0.001
0 46 0.001 0.001
0 47 0.001 0.001
0 48 0.001 0.001
0 49 0.001 0.001
1 2 42.0 0.45
1 3 27.0 1.15
1 4 0.04 1.95
1 5 80.0 0.55
1 6 20.0 1.775
1 7 44.0 1.575
1 8 3.0 0.9
1 9 51.0 2.075
1 10 83.0 1.35
1 11 42.0 0.65
1 12 0.001 0.001
1 13 99.99 0.001
1 14 0.001 0.001
1 15 0.001 0.001
1 16 0.001 0.001
1 17 0.001 0.001
1 18 0.001 0.001
1 19 0.001 0.001
1 20 0.001 0.001
1 21 0.001 0.001
1 22 0.001 0.001
1 23 0.001 0.001
1 24 0.001 0.001
1 25 99.99 0.001
1 26 0.001 0.001
1 27 0.001 0.001
1 28 0.001 0.001
1 29 0.001 0.001
1 30 0.001 0.001
1 31 0.001 0.001
1 32 0.001 0.001
1 33 0.001 0.001
1 34 0.001 0.001
1 35 0.001 0.001
1 36 0.001 0.001
1 37 99.99 0.001
1 38 0.001 0.001
1 39 0.001 0.001
1 40 0.001 0.001
1 41 0.001 0.001
1 42 0.001 0.001
1 43 0.001 0.001
1 44 0.001 0.001
1 45 0.001 0.001
1 46 0.001 0.001
1 47 0.001 0.001
1 48 0.001 0.001
1 49 0.001 0.001
2 3 84.0 0.6
2 4 35.0 2.125
2 5 15.0 1.6
2 6 51.0 1.425
2 7 5.0 2.05
2 8 27.0 1.6
2 9 96.0 2.15
2 10 91.0 0.7
2 11 18.0 1.725
2 12 0.001 0.001
2 13 0.001 0.001
2 14 99.99 0.001
2 15 0.001 0.001
2 16 0.001 0.001
2 17 0.001 0.001
2 18 0.001 0.001
2 19 0.001 0.001
2 20 0.001 0.001
2 21 0.001 0.001
2 22 0.001 0.001
2 23 0.001 0.001
2 24 0.001 0.001
2 25 0.001 0.001
2 26 99.99 0.001
2 27 0.001 0.001
2 28 0.001 0.001
2 29 0.001 0.001
2 30 0.001 0.001
2 31 0.001 0.001
2 32 0.001 0.001
2 33 0.001 0.001
2 34 0.001 0.001
2 35 0.001 0.001
2 36 0.001 0.001
2 37 0.001 0.001
2 38 99.99 0.001
2 39 0.001 0.001
2 40 0.001 0.001
2 41 0.001 0.001
2 42 0.001 0.001
2 43 0.001 0.001
2 44 0.001 0.001
2 45 0.001 0.001
2 46 0.001 0.001
2 47 0.001 0.001
2 48 0.001 0.001
2 49 0.001 0.001
3 4 63.0 0.75
3 5 55.0 0.925
3 6 62.0 0.35
3 7 67.0 0.45
3 8 21.0 0.35
3 9 84.0 2.325
3 10 49.0 2.025
3 11 8.0 0.175
3 12 0.001 0.001
3 13 0.001 0.001
3 14 0.001 0.001
3 15 99.99 0.001
3 16 0.001 0.001
3 17 0.001 0.001
3 18 0.001 0.001
3 19 0.001 0.001
3 20 0.001 0.001
3 21 0.001 0.001
3 22 0.001 0.001
3 23 0.001 0.001
3 24 0.001 0.001
3 25 0.001 0.001
3 26 0.001 0.001
3 27 99.99 0.001
3 28 0.001 0.001
3 29 0.001 0.001
3 30 0.001 0.001
3 31 0.001 0.001
3 32 0.001 0.001
3 33 0.001 0.001
3 34 0.001 0.001
3 35 0.001 0.001
3 36 0.001 0.001
3 37 0.001 0.001
3 38 0.001 0.001
3 39 99.99 0.001
3 40 0.001 0.001
3 41 0.001 0.001
3 42 0.001 0.001
3 43 0.001 0.001
3 44 0.001 0.001
3 45 0.001 0.001
3 46 0.001 0.001
3 47 0.001 0.001
3 48 0.001 0.001
3 49 0.001 0.001
4 5 7.0 1.125
4 6 33.0 1.775
4 7 11.0 0.25
4 8 18.0 1.275
4 9 10.0 2.3
4 10 77.0 1.825
4 11 1.0 2.35
4 12 0.001 0.001
4 13 0.001 0.001
4 14 0.001 0.001
4 15 0.001 0.001
4 16 99.99 0.001
4 17 0.001 0.001
4 18 0.001 0.001
4 19 0.001 0.001
4 20 0.001 0.001
4 21 0.001 0.001
4 22 0.001 0.001
4 23 0.001 0.001
4 24 0.001 0.001
4 25 0.001 0.001
4 26 0.001 0.001
4 27 0.001 0.001
4 28 99.99 0.001
4 29 0.001 0.001
4 30 0.001 0.001
4 31 0.001 0.001
4 32 0.001 0.001
4 33 0.001 0.001
4 34 0.001 0.001
4 35 0.001 0.001
4 36 0.001 0.001
4 37 0.001 0.001
4 38 0.001 0.001
4 39 0.001 0.001
4 40 99.99 0.001
4 41 0.001 0.001
4 42 0.001 0.001
4 43 0.001 0.001
4 44 0.001 0.001
4 45 0.001 0.001
4 46 0.001 0.001
4 47 0.001 0.001
4 48 0.001 0.001
4 49 0.001 0.001
5 6 41.0 2.35
5 7 23.0 2.425
5 8 54.0 2.475
5 9 88.0 1.625
5 10 43.0 1.775
5 11 88.0 1.775
5 12 0.001 0.001
5 13 0.001 0.001
5 14 0.001 0.001
5 15 0.001 0.001
5 16 0.001 0.001
5 17 99.99 0.001
5 18 0.001 0.001
5 19 0.001 0.001
5 20 0.001 0.001
5 21 0.001 0.001
5 22 0.001 0.001
5 23 0.001 0.001
5 24 0.001 0.001
5 25 0.001 0.001
5 26 0.001 0.001
5 27 0.001 0.001
5 28 0.001 0.001
5 29 99.99 0.001
5 30 0.001 0.001
5 31 0.001 0.001
5 32 0.001 0.001
5 33 0.001 0.001
5 34 0.001 0.001
5 35 0.001 0.001
5 36 0.001 0.001
5 37 0.001 0.001
5 38 0.001 0.001
5 39 0.001 0.001
5 40 0.001 0.001
5 41 99.99 0.001
5 42 0.001 0.001
5 43 0.001 0.001
5 44 0.001 0.001
5 45 0.001 0.001
5 46 0.001 0.001
5 47 0.001 0.001
5 48 0.001 0.001
5 49 0.001 0.001
6 7 76.0 2.15
6 8 28.0 1.2
6 9 15.0 1.275
6 10 98.0 1.275
6 11 15.0 1.55
6 12 0.001 0.001
6 13 0.001 0.001
6 14 0.001 0.001
6 15 0.001 0.001
6 16 0.001 0.001
6 17 0.001 0.001
6 18 99.99 0.001
6 19 0.001 0.001
6 20 0.001 0.001
6 21 0.001 0.001
6 22 0.001 0.001
6 23 0.001 0.001
6 24 0.001 0.001
6 25 0.001 0.001
6 26 0.001 0.001
6 27 0.001 0.001
6 28 0.001 0.001
6 29 0.001 0.001
6 30 99.99 0.001
6 31 0.001 0.001
6 32 0.001 0.001
6 33 0.001 0.001
6 34 0.001 0.001
6 35 0.001 0.001
6 36 0.001 0.001
6 37 0.001 0.001
6 38 0.001 0.001
6 39 0.001 0.001
6 40 0.001 0.001
6 41 0.001 0.001
6 42 99.99 0.001
6 43 0.001 0.001
6 44 0.001 0.001
6 45 0.001 0.001
6 46 0.001 0.001
6 47 0.001 0.001
6 48 0.001 0.001
6 49 0.001 0.001
7 8 86.0 2.025
7 9 60.0 0.1
7 10 55.0 0.075
7 11 49.0 1.75
7 12 0.001 0.001
7 13 0.001 0.001
7 14 0.001 0.001
7 15 0.001 0.001
7 16 0.001 0.001
7 17 0.001 0.001
7 18 0.001 0.001
7 19 99.99 0.001
7 20 0.001 0.001
7 21 0.001 0.001
7 22 0.001 0.001
7 23 0.001 0.001
7 24 0.001 0.001
7 25 0.001 0.001
7 26 0.001 0.001
7 27 0.001 0.001
7 28 0.001 0.001
7 29 0.001 0.001
7 30 0.001 0.001
7 31 99.99 0.001
7 32 0.001 0.001
7 33 0.001 0.001
7 34 0.001 0.001
7 35 0.001 0.001
7 36 0.001 0.001
7 37 0.001 0.001
7 38 0.001 0.001
7 39 0.001 0.001
7 40 0.001 0.001
7 41 0.001 0.001
7 42 0.001 0.001
7 43 99.99 0.001
7 44 0.001 0.001
7 45 0.001 0.001
7 46 0.001 0.001
7 47 0.001 0.001
7 48 0.001 0.001
7 49 0.001 0.001
8 9 75.0 1.8
8 10 86.0 2.45
8 11 86.0 1.175
8 12 0.001 0.001
8 13 0.001 0.001
8 14 0.001 0.001
8 15 0.001 0.001
8 16 0.001 0.001
8 17 0.001 0.001
8 18 0.001 0.001
8 19 0.001 0.001
8 20 99.99 0.001
8 21 0.001 0.001
8 22 0.001 0.001
8 23 0.001 0.001
8 24 0.001 0.001
8 25 0.001 0.001
8 26 0.001 0.001
8 27 0.001 0.001
8 28 0.001 0.001
8 29 0.001 0.001
8 30 0.001 0.001
8 31 0.001 0.001
8 32 99.99 0.001
8 33 0.001 0.001
8 34 0.001 0.001
8 35 0.001 0.001
8 36 0.001 0.001
8 37 0.001 0.001
8 38 0.001 0.001
8 39 0.001 0.001
8 40 0.001 0.001
8 41 0.001 0.001
8 42 0.001 0.001
8 43 0.001 0.001
8 44 99.99 0.001
8 45 0.001 0.001
8 46 0.001 0.001
8 47 0.001 0.001
8 48 0.001 0.001
8 49 0.001 0.001
9 10 91.0 0.4
9 11 18.0 1.975
9 12 0.001 0.001
9 13 0.001 0.001
9 14 0.001 0.001
9 15 0.001 0.001
9 16 0.001 0.001
9 17 0.001 0.001
9 18 0.001 0.001
9 19 0.001 0.001
9 20 0.001 0.001
9 21 99.99 0.001
9 22 0.001 0.001
9 23 0.001 0.001
9 24 0.001 0.001
9 25 0.001 0.001
9 26 0.001 0.001
9 27 0.001 0.001
9 28 0.001 0.001
9 29 0.001 0.001
9 30 0.001 0.001
9 31 0.001 0.001
9 32 0.001 0.001
9 33 99.99 0.001
9 34 0.001 0.001
9 35 0.001 0.001
9 36 0.001 0.001
9 37 0.001 0.001
9 38 0.001 0.001
9 39 0.001 0.001
9 40 0.001 0.001
9 41 0.001 0.001
9 42 0.001 0.001
9 43 0.001 0.001
9 44 0.001 0.001
9 45 99.99 0.001
9 46 0.001 0.001
9 47 0.001 0.001
9 48 0.001 0.001
9 49 0.001 0.001
10 11 44.0 1.375
10 12 0.001 0.001
10 13 0.001 0.001
10 14 0.001 0.001
10 15 0.001 0.001
10 16 0.001 0.001
10 17 0.001 0.001
10 18 0.001 0.001
10 19 0.001 0.001
10 20 0.001 0.001
10 21 0.001 0.001
10 22 99.99 0.001
10 23 0.001 0.001
10 24 0.001 0.001
10 25 0.001 0.001
10 26 0.001 0.001
10 27 0.001 0.001
10 28 0.001 0.001
10 29 0.001 0.001
10 30 0.001 0.001
10 31 0.001 0.001
10 32 0.001 0.001
10 33 0.001 0.001
10 34 99.99 0.001
10 35 0.001 0.001
10 36 0.001 0.001
10 37 0.001 0.001
10 38 0.001 0.001
10 39 0.001 0.001
10 40 0.001 0.001
10 41 0.001 0.001
10 42 0.001 0.001
10 43 0.001 0.001
10 44 0.001 0.001
10 45 0.001 0.001
10 46 99.99 0.001
10 47 0.001 0.001
10 48 0.001 0.001
10 49 0.001 0.001
11 12 0.001 0.001
11 13 0.001 0.001
11 14 0.001 0.001
11 15 0.001 0.001
11 16 0.001 0.001
11 17 0.001 0.001
11 18 0.001 0.001
11 19 0.001 0.001
11 20 0.001 0.001
11 21 0.001 0.001
11 22 0.001 0.001
11 23 99.99 0.001
11 24 0.001 0.001
11 25 0.001 0.001
11 26 0.001 0.001
11 27 0.001 0.001
11 28 0.001 0.001
11 29 0.001 0.001
11 30 0.001 0.001
11 31 0.001 0.001
11 32 0.001 0.001
11 33 0.001 0.001
11 34 0.001 0.001
11 35 99.99 0.001
11 36 0.001 0.001
11 37 0.001 0.001
11 38 0.001 0.001
11 39 0.001 0.001
11 40 0.001 0.001
11 41 0.001 0.001
11 42 0.001 0.001
11 43 0.001 0.001
11 44 0.001 0.001
11 45 0.001 0.001
11 46 0.001 0.001
11 47 99.99 0.001
11 48 0.001 0.001
11 49 0.001 0.001
12 13 63.0 0.55
12 14 44.0 2.275
12 15 6.0 1.875
12 16 11.0 0.15
12 17 66.0 0.35
12 18 37.0 2.25
12 19 51.0 0.475
12 20 36.0 0.525
12 21 92.0 1.85
12 22 21.0 0.625
12 23 21.0 0.725
12 24 99.99 0.001
12 25 0.001 0.001
12 26 0.001 0.001
12 27 0.001 0.001
12 28 0.001 0.001
12 29 0.001 0.001
12 30 0.001 0.001
12 31 0.001 0.001
12 32 0.001 0.001
12 33 0.001 0.001
12 34 0.001 0.001
12 35 0.001 0.001
12 36 99.99 0.001
12 37 0.001 0.001
12 38 0.001 0.001
12 39 0.001 0.001
12 40 0.001 0.001
12 41 0.001 0.001
12 42 0.001 0.001
12 43 0.001 0.001
12 44 0.001 0.001
12 45 0.001 0.001
12 46 0.001 0.001
12 47 0.001 0.001
12 48 0.001 0.001
12 49 0.001 0.001
13 14 42.0 0.45
13 15 27.0 1.15
13 16 0.04 1.95
13 17 80.0 0.55
13 18 20.0 1.775
13 19 44.0 1.575
13 20 3.0 0.9
13 21 51.0 2.075
13 22 83.0 1.35
13 23 42.0 0.65
13 24 0.001 0.001
13 25 99.99 0.001
13 26 0.001 0.001
13 27 0.001 0.001
13 28 0.001 0.001
13 29 0.001 0.001
13 30 0.001 0.001
13 31 0.001 0.001
13 32 0.001 0.001
13 33 0.001 0.001
13 34 0.001 0.001
13 35 0.001 0.001
13 36 0.001 0.001
13 37 99.99 0.001
13 38 0.001 0.001
13 39 0.001 0.001
13 40 0.001 0.001
13 41 0.001 0.001
13 42 0.001 0.001
13 43 0.001 0.001
13 44 0.001 0.001
13 45 0.001 0.001
13 46 0.001 0.001
13 47 0.001 0.001
13 48 0.001 0.001
13 49 0.001 0.001
14 15 84.0 0.6
14 16 35.0 2.125
14 17 15.0 1.6
14 18 51.0 1.425
14 19 5.0 2.05
14 20 27.0 1.6
14 21 96.0 2.15
14 22 91.0 0.7
14 23 18.0 1.725
14 24 0.001 0.001
14 25 0.001 0.001
14 26 99.99 0.001
14 27 0.001 0.001
14 28 0.001 0.001
14 29 0.001 0.001
14 30 0.001 0.001
14 31 0.001 0.001
14 32 0.001 0.001
14 33 0.001 0.001
14 34 0.001 0.001
14 35 0.001 0.001
14 36 0.001 0.001
14 37 0.001 0.001
14 38 99.99 0.001
14 39 0.001 0.001
14 40 0.001 0.001
14 41 0.001 0.001
14 42 0.001 0.001
14 43 0.001 0.001
14 44 0.001 0.001
14 45 0.001 0.001
14 46 0.001 0.001
14 47 0.001 0.001
14 48 0.001 0.001
14 49 0.001 0.001
15 16 63.0 0.75
15 17 55.0 0.925
15 18 62.0 0.35
15 19 67.0 0.45
15 20 21.0 0.35
15 21 84.0 2.325
15 22 49.0 2.025
15 23 8.0 0.175
15 24 0.001 0.001
15 25 0.001 0.001
15 26 0.001 0.001
15 27 99.99 0.001
15 28 0.001 0.001
15 29 0.001 0.001
15 30 0.001 0.001
15 31 0.001 0.001
15 32 0.001 0.001
15 33 0.001 0.001
15 34 0.001 0.001
15 35 0.001 0.001
15 36 0.001 0.001
15 37 0.001 0.001
15 38 0.001 0.001
15 39 99.99 0.001
15 40 0.001 0.001
15 41 0.001 0.001
15 42 0.001 0.001
15 43 0.001 0.001
15 44 0.001 0.001
15 45 0.001 0.001
15 46 0.001 0.001
15 47 0.001 0.001
15 48 0.001 0.001
15 49 0.001 0.001
16 17 7.0 1.125
16 18 33.0 1.775
16 19 11.0 0.25
16 20 18.0 1.275
16 21 10.0 2.3
16 22 77.0 1.825
16 23 1.0 2.35
16 24 0.001 0.001
16 25 0.001 0.001
16 26 0.001 0.001
16 27 0.001 0.001
16 28 99.99 0.001
16 29 0.001 0.001
16 30 0.001 0.001
16 31 0.001 0.001
16 32 0.001 0.001
16 33 0.001 0.001
16 34 0.001 0.001
16 35 0.001 0.001
16 36 0.001 0.001
16 37 0.001 0.001
16 38 0.001 0.001
16 39 0.001 0.001
16 40 99.99 0.001
16 41 0.001 0.001
16 42 0.001 0.001
16 43 0.001 0.001
16 44 0.001 0.001
16 45 0.001 0.001
16 46 0.001 0.001
16 47 0.001 0.001
16 48 0.001 0.001
16 49 0.001 0.001
17 18 41.0 2.35
17 19 23.0 2.425
17 20 54.0 2.475
17 21 88.0 1.625
17 22 43.0 1.775
17 23 88.0 1.775
17 24 0.001 0.001
17 25 0.001 0.001
17 26 0.001 0.001
17 27 0.001 0.001
17 28 0.001 0.001
17 29 99.99 0.001
17 30 0.001 0.001
17 31 0.001 0.001
17 32 0.001 0.001
17 33 0.001 0.001
17 34 0.001 0.001
17 35 0.001 0.001
17 36 0.001 0.001
17 37 0.001 0.001
17 38 0.001 0.001
17 39 0.001 0.001
17 40 0.001 0.001
17 41 99.99 0.001
17 42 0.001 0.001
17 43 0.001 0.001
17 44 0.001 0.001
17 45 0.001 0.001
17 46 0.001 0.001
17 47 0.001 0.001
17 48 0.001 0.001
17 49 0.001 0.001
18 19 76.0 2.15
18 20 28.0 1.2
18 21 15.0 1.275
18 22 98.0 1.275
18 23 15.0 1.55
18 24 0.001 0.001
18 25 0.001 0.001
18 26 0.001 0.001
18 27 0.001 0.001
18 28 0.001 0.001
18 29 0.001 0.001
18 30 99.99 0.001
18 31 0.001 0.001
18 32 0.001 0.001
18 33 0.001 0.001
18 34 0.001 0.001
18 35 0.001 0.001
18 36 0.001 0.001
18 37 0.001 0.001
18 38 0.001 0.001
18 39 0.001 0.001
18 40 0.001 0.001
18 41 0.001 0.001
18 42 99.99 0.001
18 43 0.001 0.001
18 44 0.001 0.001
18 45 0.001 0.001
18 46 0.001 0.001
18 47 0.001 0.001
18 48 0.001 0.001
18 49 0.001 0.001
19 20 86.0 2.025
19 21 60.0 0.1
19 22 55.0 0.075
19 23 49.0 1.75
19 24 0.001 0.001
19 25 0.001 0.001
19 26 0.001 0.001
19 27 0.001 0.001
19 28 0.001 0.001
19 29 0.001 0.001
19 30 0.001 0.001
19 31 99.99 0.001
19 32 0.001 0.001
19 33 0.001 0.001
19 34 0.001 0.001
19 35 0.001 0.001
19 36 0.001 0.001
19 37 0.001 0.001
19 38 0.001 0.001
19 39 0.001 0.001
19 40 0.001 0.001
19 41 0.001 0.001
19 42 0.001 0.001
19 43 99.99 0.001
19 44 0.001 0.001
19 45 0.001 0.001
19 46 0.001 0.001
19 47 0.001 0.001
19 48 0.001 0.001
19 49 0.001 0.001
20 21 75.0 1.8
20 22 86.0 2.45
20 23 86.0 1.175
20 24 0.001 0.001
20 25 0.001 0.001
20 26 0.001 0.001
20 27 0.001 0.001
20 28 0.001 0.001
20 29 0.001 0.001
20 30 0.001 0.001
20 31 0.001 0.001
20 32 99.99 0.001
20 33 0.001 0.001
20 34 0.001 0.001
20 35 0.001 0.001
20 36 0.001 0.001
20 37 0.001 0.001
20 38 0.001 0.001
20 39 0.001 0.001
20 40 0.001 0.001
20 41 0.001 0.001
20 42 0.001 0.001
20 43 0.001 0.001
20 44 99.99 0.001
20 45 0.001 0.001
20 46 0.001 0.001
20 47 0.001 0.001
20 48 0.001 0.001
20 49 0.001 0.001
21 22 91.0 0.4
21 23 18.0 1.975
21 24 0.001 0.001
21 25 0.001 0.001
21 26 0.001 0.001
21 27 0.001 0.001
21 28 0.001 0.001
21 29 0.001 0.001
21 30 0.001 0.001
21 31 0.001 0.001
21 32 0.001 0.001
21 33 99.99 0.001
21 34 0.001 0.001
21 35 0.001 0.001
21 36 0.001 0.001
21 37 0.001 0.001
21 38 0.001 0.001
21 39 0.001 0.001
21 40 0.001 0.001
21 41 0.001 0.001
21 42 0.001 0.001
21 43 0.001 0.001
21 44 0.001 0.001
21 45 99.99 0.001
21 46 0.001 0.001
21 47 0.001 0.001
21 48 0.001 0.001
21 49 0.001 0.001
22 23 44.0 1.375
22 24 0.001 0.001
22 25 0.001 0.001
22 26 0.001 0.001
22 27 0.001 0.001
22 28 0.001 0.001
22 29 0.001 0.001
22 30 0.001 0.001
22 31 0.001 0.001
22 32 0.001 0.001
22 33 0.001 0.001
22 34 99.99 0.001
22 35 0.001 0.001
22 36 0.001 0.001
22 37 0.001 0.001
22 38 0.001 0.001
22 39 0.001 0.001
22 40 0.001 0.001
22 41 0.001 0.001
22 42 0.001 0.001
22 43 0.001 0.001
22 44 0.001 0.001
22 45 0.001 0.001
22 46 99.99 0.001
22 47 0.001 0.001
22 48 0.001 0.001
22 49 0.001 0.001
23 24 0.001 0.001
23 25 0.001 0.001
23 26 0.001 0.001
23 27 0.001 0.001
23 28 0.001 0.001
23 29 0.001 0.001
23 30 0.001 0.001
23 31 0.001 0.001
23 32 0.001 0.001
23 33 0.001 0.001
23 34 0.001 0.001
23 35 99.99 0.001
23 36 0.001 0.001
23 37 0.001 0.001
23 38 0.001 0.001
23 39 0.001 0.001
23 40 0.001 0.001
23 41 0.001 0.001
23 42 0.001 0.001
23 43 0.001 0.001
23 44 0.001 0.001
23 45 0.001 0.001
23 46 0.001 0.001
23 47 99.99 0.001
23 48 0.001 0.001
23 49 0.001 0.001
24 25 63.0 0.55
24 26 44.0 2.275
24 27 6.0 1.875
24 28 11.0 0.15
24 29 66.0 0.35
24 30 37.0 2.25
24 31 51.0 0.475
24 32 36.0 0.525
24 33 92.0 1.85
24 34 21.0 0.625
24 35 21.0 0.725
24 36 99.99 0.001
24 37 0.001 0.001
24 38 0.001 0.001
24 39 0.001 0.001
24 40 0.001 0.001
24 41 0.001 0.001
24 42 0.001 0.001
24 43 0.001 0.001
24 44 0.001 0.001
24 45 0.001 0.001
24 46 0.001 0.001
24 47 0.001 0.001
24 48 0.001 0.001
24 49 0.001 0.001
25 26 42.0 0.45
25 27 27.0 1.15
25 28 0.04 1.95
25 29 80.0 0.55
25 30 20.0 1.775
25 31 44.0 1.575
25 32 3.0 0.9
25 33 51.0 2.075
25 34 83.0 1.35
25 35 42.0 0.65
25 36 0.001 0.001
25 37 99.99 0.001
25 38 0.001 0.001
25 39 0.001 0.001
25 40 0.001 0.001
25 41 0.001 0.001
25 42 0.001 0.001
25 43 0.001 0.001
25 44 0.001 0.001
25 45 0.001 0.001
25 46 0.001 0.001
25 47 0.001 0.001
25 48 0.001 0.001
25 49 0.001 0.001
26 27 84.0 0.6
26 28 35.0 2.125
26 29 15.0 1.6
26 30 51.0 1.425
26 31 5.0 2.05
26 32 27.0 1.6
26 33 96.0 2.15
26 34 91.0 0.7
26 35 18.0 1.725
26 36 0.001 0.001
26 37 0.001 0.001
26 38 99.99 0.001
26 39 0.001 0.001
26 40 0.001 0.001
26 41 0.001 0.001
26 42 0.001 0.001
26 43 0.001 0.001
26 44 0.001 0.001
26 45 0.001 0.001
26 46 0.001 0.001
26 47 0.001 0.001
26 48 0.001 0.001
26 49 0.001 0.001
27 28 63.0 0.75
27 29 55.0 0.925
27 30 62.0 0.35
27 31 67.0 0.45
27 32 21.0 0.35
27 33 84.0 2.325
27 34 49.0 2.025
27 35 8.0 0.175
27 36 0.001 0.001
27 37 0.001 0.001
27 38 0.001 0.001
27 39 99.99 0.001
27 40 0.001 0.001
27 41 0.001 0.001
27 42 0.001 0.001
27 43 0.001 0.001
27 44 0.001 0.001
27 45 0.001 0.001
27 46 0.001 0.001
27 47 0.001 0.001
27 48 0.001 0.001
27 49 0.001 0.001
28 29 7.0 1.125
28 30 33.0 1.775
28 31 11.0 0.25
28 32 18.0 1.275
28 33 10.0 2.3
28 34 77.0 1.825
28 35 1.0 2.35
28 36 0.001 0.001
28 37 0.001 0.001
28 38 0.001 0.001
28 39 0.001 0.001
28 40 99.99 0.001
28 41 0.001 0.001
28 42 0.001 0.001
28 43 0.001 0.001
28 44 0.001 0.001
28 45 0.001 0.001
28 46 0.001 0.001
28 47 0.001 0.001
28 48 0.001 0.001
28 49 0.001 0.001
29 30 41.0 2.35
29 31 23.0 2.425
29 32 54.0 2.475
29 33 88.0 1.625
29 34 43.0 1.775
29 35 88.0 1.775
29 36 0.001 0.001
29 37 0.001 0.001
29 38 0.001 0.001
29 39 0.001 0.001
29 40 0.001 0.001
29 41 99.99 0.001
29 42 0.001 0.001
29 43 0.001 0.001
29 44 0.001 0.001
29 45 0.001 0.001
29 46 0.001 0.001
29 47 0.001 0.001
29 48 0.001 0.001
29 49 0.001 0.001
30 31 76.0 2.15
30 32 28.0 1.2
30 33 15.0 1.275
30 34 98.0 1.275
30 35 15.0 1.55
30 36 0.001 0.001
30 37 0.001 0.001
30 38 0.001 0.001
30 39 0.001 0.001
30 40 0.001 0.001
30 41 0.001 0.001
30 42 99.99 0.001
30 43 0.001 0.001
30 44 0.001 0.001
30 45 0.001 0.001
30 46 0.001 0.001
30 47 0.001 0.001
30 48 0.001 0.001
30 49 0.001 0.001
31 32 86.0 2.025
31 33 60.0 0.1
31 34 55.0 0.075
31 35 49.0 1.75
31 36 0.001 0.001
31 37 0.001 0.001
31 38 0.001 0.001
31 39 0.001 0.001
31 40 0.001 0.001
31 41 0.001 0.001
31 42 0.001 0.001
31 43 99.99 0.001
31 44 0.001 0.001
31 45 0.001 0.001
31 46 0.001 0.001
31 47 0.001 0.001
31 48 0.001 0.001
31 49 0.001 0.001
32 33 75.0 1.8
32 34 86.0 2.45
32 35 86.0 1.175
32 36 0.001 0.001
32 37 0.001 0.001
32 38 0.001 0.001
32 39 0.001 0.001
32 40 0.001 0.001
32 41 0.001 0.001
32 42 0.001 0.001
32 43 0.001 0.001
32 44 99.99 0.001
32 45 0.001 0.001
32 46 0.001 0.001
32 47 0.001 0.001
32 48 0.001 0.001
32 49 0.001 0.001
33 34 91.0 0.4
33 35 18.0 1.975
33 36 0.001 0.001
33 37 0.001 0.001
33 38 0.001 0.001
33 39 0.001 0.001
33 40 0.001 0.001
33 41 0.001 0.001
33 42 0.001 0.001
33 43 0.001 0.001
33 44 0.001 0.001
33 45 99.99 0.001
33 46 0.001 0.001
33 47 0.001 0.001
33 48 0.001 0.001
33 49 0.001 0.001
34 35 44.0 1.375
34 36 0.001 0.001
34 37 0.001 0.001
34 38 0.001 0.001
34 39 0.001 0.001
34 40 0.001 0.001
34 41 0.001 0.001
34 42 0.001 0.001
34 43 0.001 0.001
34 44 0.001 0.001
34 45 0.001 0.001
34 46 99.99 0.001
34 47 0.001 0.001
34 48 0.001 0.001
34 49 0.001 0.001
35 36 0.001 0.001
35 37 0.001 0.001
35 38 0.001 0.001
35 39 0.001 0.001
35 40 0.001 0.001
35 41 0.001 0.001
35 42 0.001 0.001
35 43 0.001 0.001
35 44 0.001 0.001
35 45 0.001 0.001
35 46 0.001 0.001
35 47 99.99 0.001
35 48 0.001 0.001
35 49 0.001 0.001
36 37 63.0 0.55
36 38 44.0 2.275
36 39 6.0 1.875
36 40 11.0 0.15
36 41 66.0 0.35
36 42 37.0 2.25
36 43 51.0 0.475
36 44 36.0 0.525
36 45 92.0 1.85
36 46 21.0 0.625
36 47 21.0 0.725
36 48 0.001 0.001
36 49 0.001 0.001
37 38 42.0 0.45
37 39 27.0 1.15
37 40 0.04 1.95
37 41 80.0 0.55
37 42 20.0 1.775
37 43 44.0 1.575
37 44 3.0 0.9
37 45 51.0 2.075
37 46 83.0 1.35
37 47 42.0 0.65
37 48 0.001 0.001
37 49 0.001 0.001
38 39 84.0 0.6
38 40 35.0 2.125
38 41 15.0 1.6
38 42 51.0 1.425
38 43 5.0 2.05
38 44 27.0 1.6
38 45 96.0 2.15
38 46 91.0 0.7
38 47 18.0 1.725
38 48 0.001 0.001
38 49 0.001 0.001
39 40 63.0 0.75
39 41 55.0 0.925
39 42 62.0 0.35
39 43 67.0 0.45
39 44 21.0 0.35
39 45 84.0 2.325
39 46 49.0 2.025
39 47 8.0 0.175
39 48 0.001 0.001
39 49 0.001 0.001
40 41 7.0 1.125
40 42 33.0 1.775
40 43 11.0 0.25
40 44 18.0 1.275
40 45 10.0 2.3
40 46 77.0 1.825
40 47 1.0 2.35
40 48 0.001 0.001
40 49 0.001 0.001
41 42 41.0 2.35
41 43 23.0 2.425
41 44 54.0 2.475
41 45 88.0 1.625
41 46 43.0 1.775
41 47 88.0 1.775
41 48 0.001 0.001
41 49 0.001 0.001
42 43 76.0 2.15
42 44 28.0 1.2
42 45 15.0 1.275
42 46 98.0 1.275
42 47 15.0 1.55
42 48 0.001 0.001
42 49 0.001 0.001
43 44 86.0 2.025
43 45 60.0 0.1
43 46 55.0 0.075
43 47 49.0 1.75
43 48 0.001 0.001
43 49 0.001 0.001
44 45 75.0 1.8
44 46 86.0 2.45
44 47 86.0 1.175
44 48 0.001 0.001
44 49 0.001 0.001
45 46 91.0 0.4
45 47 18.0 1.975
45 48 0.001 0.001
45 49 0.001 0.001
46 47 44.0 1.375
46 48 0.001 0.001
46 49 0.001 0.001
47 48 0.001 0.001
47 49 0.001 0.001
48 49 0.001 0.001
