50
50
0 1 18.85 0.03
0 2 46.86 0.75
0 3 42.6 0.5
0 4 2.27 0.5
0 5 94.24 0.87
0 6 73.27 0.12
0 7 89.5 0.88
0 8 17.34 0.65
0 9 3.03 0.13
0 10 32.32 0.17
0 11 76.14 0.84
0 12 35.12 0.33
0 13 12.05 0.1
0 14 71.56 0.62
0 15 6.51 0.5
0 16 40.77 0.87
0 17 72.07 0.62
0 18 55.69 0.97
0 19 98.68 0.35
0 20 24.75 0.82
0 21 7.3 0.38
0 22 7.93 0.33
0 23 7.97 0.3
0 24 79.22 0.93
0 25 79.47 0.58
0 26 61.99 0.38
0 27 17.71 0.45
0 28 73.55 0.07
0 29 3.05 0.79
0 30 30.7 0.72
0 31 73.73 0.96
0 32 40.63 0.37
0 33 80.85 0.79
0 34 65.61 0.83
0 35 64.58 0.98
0 36 34.05 0.76
0 37 95.03 0.35
0 38 61.55 0.38
0 39 46.69 0.09
0 40 2.92 0.78
0 41 45.82 0.64
0 42 74.25 0.44
0 43 37.39 0.18
0 44 79.59 0.86
0 45 73.69 0.9
0 46 65.16 0.72
0 47 20.11 0.79
0 48 34.07 0.45
0 49 32.57 0.59
1 2 66.21 0.59
1 3 32.5 0.23
1 4 84.65 0.32
1 5 44.38 0.1
1 6 30.8 0.1
1 7 35.03 0.73
1 8 97.42 0.64
1 9 27.66 0.68
1 10 63.07 0.85
1 11 53.84 0.94
1 12 42.13 0.3
1 13 52.38 0.95
1 14 72.67 0.51
1 15 50.25 0.67
1 16 45.33 0.57
1 17 97.15 0.96
1 18 84.23 0.14
1 19 56.1 0.38
1 20 91.27 0.33
1 21 93.15 0.25
1 22 42.62 0.98
1 23 59.95 0.96
1 24 54.35 0.24
1 25 71.58 0.54
1 26 51.04 0.15
1 27 15.35 0.95
1 28 95.65 0.99
1 29 36.42 0.06
1 30 55.84 0.76
1 31 65.16 0.06
1 32 24.05 0.73
1 33 6.45 0.87
1 34 98.92 0.26
1 35 6.36 1.0
1 36 76.95 0.47
1 37 48.35 0.94
1 38 36.23 0.06
1 39 61.78 0.33
1 40 68.47 0.97
1 41 36.7 0.26
1 42 6.24 0.85
1 43 8.76 0.98
1 44 70.91 0.94
1 45 81.63 0.2
1 46 18.41 0.99
1 47 29.81 0.81
1 48 17.91 0.31
1 49 67.68 0.26
2 3 75.44 0.9
2 4 32.72 0.31
2 5 3.75 0.44
2 6 7.48 0.59
2 7 69.11 0.59
2 8 60.77 0.62
2 9 90.36 0.55
2 10 86.28 0.37
2 11 14.92 0.24
2 12 79.53 0.24
2 13 77.48 0.93
2 14 54.89 0.16
2 15 62.73 0.4
2 16 90.94 0.24
2 17 24.2 0.5
2 18 49.86 0.2
2 19 38.06 0.69
2 20 47.58 0.07
2 21 42.12 0.43
2 22 45.31 0.03
2 23 28.12 0.97
2 24 88.42 0.97
2 25 76.13 0.45
2 26 93.81 0.32
2 27 59.73 0.61
2 28 44.63 0.26
2 29 33.72 0.66
2 30 29.12 0.36
2 31 36.06 0.34
2 32 83.02 0.56
2 33 2.82 0.76
2 34 50.72 0.8
2 35 49.96 0.33
2 36 84.09 0.19
2 37 28.55 0.5
2 38 86.13 0.13
2 39 34.53 0.55
2 40 68.16 0.12
2 41 75.77 0.58
2 42 52.2 0.4
2 43 32.15 0.91
2 44 99.38 0.19
2 45 21.94 0.69
2 46 76.69 0.85
2 47 30.94 0.22
2 48 8.18 0.39
2 49 56.69 0.9
3 4 4.27 0.1
3 5 65.66 0.69
3 6 13.29 0.11
3 7 3.77 0.67
3 8 28.71 0.25
3 9 66.79 0.13
3 10 54.1 0.1
3 11 7.51 0.69
3 12 79.37 0.48
3 13 40.81 0.72
3 14 8.53 0.29
3 15 90.62 0.97
3 16 4.8 0.01
3 17 77.02 0.47
3 18 76.48 0.66
3 19 45.35 0.73
3 20 60.85 0.03
3 21 47.15 0.91
3 22 78.25 0.68
3 23 62.54 0.84
3 24 29.84 0.41
3 25 63.44 0.84
3 26 32.82 0.18
3 27 27.95 0.46
3 28 10.75 0.65
3 29 89.75 0.36
3 30 95.68 0.44
3 31 54.04 1.0
3 32 71.29 0.52
3 33 75.7 0.49
3 34 72.44 0.24
3 35 8.61 0.62
3 36 52.84 0.48
3 37 12.63 0.96
3 38 12.06 0.99
3 39 32.49 0.3
3 40 94.06 0.99
3 41 70.36 0.98
3 42 18.32 0.88
3 43 62.2 0.31
3 44 60.05 0.12
3 45 79.41 0.66
3 46 11.6 0.23
3 47 29.88 0.49
3 48 23.83 0.31
3 49 55.6 0.16
4 5 75.58 0.47
4 6 41.3 0.59
4 7 16.61 0.92
4 8 12.4 0.57
4 9 96.53 0.15
4 10 70.18 1.0
4 11 99.59 0.36
4 12 62.95 0.97
4 13 62.83 0.9
4 14 70.06 0.05
4 15 35.21 0.92
4 16 47.41 0.45
4 17 31.19 0.17
4 18 67.22 0.41
4 19 88.33 0.05
4 20 87.56 0.1
4 21 82.53 0.48
4 22 74.28 0.47
4 23 16.7 0.97
4 24 64.61 0.23
4 25 60.05 0.22
4 26 40.79 0.61
4 27 61.42 0.12
4 28 20.06 0.48
4 29 52.1 0.88
4 30 58.1 0.83
4 31 37.6 0.2
4 32 28.69 0.04
4 33 37.05 0.66
4 34 84.36 0.25
4 35 70.87 0.77
4 36 69.43 0.99
4 37 58.41 0.46
4 38 54.14 0.02
4 39 1.67 0.51
4 40 38.28 0.15
4 41 36.07 0.66
4 42 52.76 0.41
4 43 77.23 0.06
4 44 88.73 0.7
4 45 42.53 0.71
4 46 93.98 0.67
4 47 67.17 0.72
4 48 91.65 0.91
4 49 28.66 0.03
5 6 28.5 0.38
5 7 25.5 0.47
5 8 93.86 0.2
5 9 38.77 0.86
5 10 13.97 0.37
5 11 55.54 0.79
5 12 86.32 0.27
5 13 95.28 0.45
5 14 13.97 0.17
5 15 44.3 0.83
5 16 7.83 0.23
5 17 80.37 0.85
5 18 20.8 0.07
5 19 65.75 0.82
5 20 5.93 0.54
5 21 15.04 0.62
5 22 12.13 0.14
5 23 54.51 0.97
5 24 3.83 0.11
5 25 20.99 0.84
5 26 24.79 0.29
5 27 43.51 0.88
5 28 28.75 0.49
5 29 48.02 0.52
5 30 45.14 0.83
5 31 20.79 0.52
5 32 13.97 0.89
5 33 43.07 1.02
5 34 66.67 0.22
5 35 92.56 0.31
5 36 64.2 0.79
5 37 11.23 0.2
5 38 43.24 0.37
5 39 32.27 0.28
5 40 36.7 1.01
5 41 46.39 0.48
5 42 25.8 0.2
5 43 26.49 0.91
5 44 88.74 0.18
5 45 40.27 0.6
5 46 55.8 0.21
5 47 7.11 0.82
5 48 13.85 0.41
5 49 76.47 0.71
6 7 41.43 0.82
6 8 99.33 0.5
6 9 88.61 0.54
6 10 39.44 1.01
6 11 77.43 0.15
6 12 54.57 0.4
6 13 50.05 0.78
6 14 34.41 0.62
6 15 24.59 0.46
6 16 89.03 0.76
6 17 36.93 0.29
6 18 60.7 0.49
6 19 98.77 0.31
6 20 92.16 0.25
6 21 80.33 0.89
6 22 19.7 0.46
6 23 71.39 0.43
6 24 11.64 0.79
6 25 49.18 0.2
6 26 6.08 0.54
6 27 29.94 0.84
6 28 16.6 0.03
6 29 90.86 0.43
6 30 85.51 0.59
6 31 88.21 0.96
6 32 9.35 0.29
6 33 19.13 0.98
6 34 69.78 0.95
6 35 98.54 0.81
6 36 87.54 0.97
6 37 61.33 0.84
6 38 97.47 0.49
6 39 22.46 0.69
6 40 6.49 0.32
6 41 38.3 0.83
6 42 3.37 0.34
6 43 31.36 0.68
6 44 87.66 0.5
6 45 84.55 0.44
6 46 50.74 0.34
6 47 20.42 0.91
6 48 60.63 0.28
6 49 54.33 0.42
7 8 4.65 0.72
7 9 86.92 0.63
7 10 15.62 0.44
7 11 21.16 0.18
7 12 30.13 0.92
7 13 84.46 0.82
7 14 92.88 0.12
7 15 22.68 0.05
7 16 1.41 0.66
7 17 41.44 0.58
7 18 87.01 0.3
7 19 25.22 0.84
7 20 3.46 0.95
7 21 35.35 0.04
7 22 22.47 0.09
7 23 84.63 0.07
7 24 6.29 0.63
7 25 21.79 0.35
7 26 78.85 0.44
7 27 73.21 0.3
7 28 13.98 0.08
7 29 84.0 0.13
7 30 8.78 0.17
7 31 52.63 0.71
7 32 49.91 0.64
7 33 50.22 0.77
7 34 60.75 0.19
7 35 34.26 1.02
7 36 45.42 0.7
7 37 18.07 0.7
7 38 70.1 0.17
7 39 94.19 0.41
7 40 35.27 0.7
7 41 92.1 0.86
7 42 56.64 0.07
7 43 49.1 0.64
7 44 83.83 0.22
7 45 47.11 0.66
7 46 69.13 0.06
7 47 87.72 0.13
7 48 85.56 0.89
7 49 61.65 0.56
8 9 35.61 0.4
8 10 92.23 0.68
8 11 47.02 0.37
8 12 99.52 0.96
8 13 92.48 0.95
8 14 36.32 0.86
8 15 69.15 0.94
8 16 73.82 0.86
8 17 80.22 0.6
8 18 69.96 0.09
8 19 39.08 0.83
8 20 10.2 0.35
8 21 63.0 0.47
8 22 8.16 0.18
8 23 66.94 0.57
8 24 59.26 0.93
8 25 93.36 0.31
8 26 88.61 0.54
8 27 64.65 0.11
8 28 40.75 0.97
8 29 93.98 0.43
8 30 25.37 0.98
8 31 50.65 0.97
8 32 4.49 0.61
8 33 28.91 0.01
8 34 49.35 0.97
8 35 46.41 0.23
8 36 70.2 0.9
8 37 76.22 0.26
8 38 78.05 0.8
8 39 46.57 0.78
8 40 4.62 0.22
8 41 39.36 0.95
8 42 69.89 0.69
8 43 82.49 0.74
8 44 7.21 0.92
8 45 76.48 0.23
8 46 59.89 0.47
8 47 3.87 0.82
8 48 35.07 0.65
8 49 82.25 0.95
9 10 53.13 0.47
9 11 1.97 0.13
9 12 72.9 0.2
9 13 53.18 0.18
9 14 79.56 0.22
9 15 77.31 0.46
9 16 75.17 0.37
9 17 96.53 0.52
9 18 41.21 0.43
9 19 31.12 0.69
9 20 18.21 0.17
9 21 96.41 0.22
9 22 81.24 0.09
9 23 59.85 0.12
9 24 36.69 0.35
9 25 61.68 0.01
9 26 28.41 0.78
9 27 76.13 0.81
9 28 58.11 0.78
9 29 44.05 0.33
9 30 81.36 0.41
9 31 14.12 0.98
9 32 13.73 0.79
9 33 21.67 0.88
9 34 62.79 0.97
9 35 60.75 0.87
9 36 50.08 0.91
9 37 41.47 0.95
9 38 64.99 0.94
9 39 5.25 0.38
9 40 90.27 0.28
9 41 54.81 0.44
9 42 1.99 0.05
9 43 49.53 0.39
9 44 88.88 0.34
9 45 16.62 0.13
9 46 41.71 1.01
9 47 89.85 0.55
9 48 52.43 0.64
9 49 74.57 0.07
10 11 93.88 0.9
10 12 47.23 0.35
10 13 53.51 0.52
10 14 32.44 0.14
10 15 72.82 0.91
10 16 65.35 0.3
10 17 44.24 0.2
10 18 93.77 0.26
10 19 35.92 0.67
10 20 73.93 0.47
10 21 14.62 0.43
10 22 81.84 0.29
10 23 41.44 0.29
10 24 37.57 0.35
10 25 48.36 0.85
10 26 81.83 0.19
10 27 24.46 0.36
10 28 68.36 0.76
10 29 73.83 0.23
10 30 23.08 1.01
10 31 59.22 0.78
10 32 21.2 0.64
10 33 30.1 0.5
10 34 44.93 0.88
10 35 36.62 0.76
10 36 31.53 0.62
10 37 85.77 0.25
10 38 42.37 1.0
10 39 82.88 0.91
10 40 60.52 0.39
10 41 15.07 0.89
10 42 12.37 0.96
10 43 92.99 0.97
10 44 78.17 0.68
10 45 39.45 0.85
10 46 58.5 0.53
10 47 14.38 0.13
10 48 67.77 0.15
10 49 70.52 0.45
11 12 13.72 0.58
11 13 79.27 1.01
11 14 25.55 0.41
11 15 48.97 0.5
11 16 24.34 0.35
11 17 9.84 0.59
11 18 99.65 0.14
11 19 72.31 0.55
11 20 33.45 0.35
11 21 98.64 0.12
11 22 59.27 0.56
11 23 94.42 0.22
11 24 3.93 0.91
11 25 33.18 0.43
11 26 12.87 0.24
11 27 23.37 0.7
11 28 14.34 0.2
11 29 40.77 0.42
11 30 5.84 1.02
11 31 84.35 0.8
11 32 70.5 0.41
11 33 67.12 0.86
11 34 72.14 0.91
11 35 78.02 0.75
11 36 91.23 0.82
11 37 33.89 0.52
11 38 10.31 0.44
11 39 64.36 0.23
11 40 58.1 0.35
11 41 23.98 0.38
11 42 59.83 0.48
11 43 45.07 0.8
11 44 64.59 0.6
11 45 12.35 0.03
11 46 37.9 0.13
11 47 65.68 0.88
11 48 74.0 0.46
11 49 83.83 0.74
12 13 52.61 0.62
12 14 18.99 0.03
12 15 92.02 0.99
12 16 51.39 0.6
12 17 79.17 0.11
12 18 72.38 0.82
12 19 24.53 0.58
12 20 80.63 0.97
12 21 41.88 0.16
12 22 73.07 0.63
12 23 49.79 0.41
12 24 3.77 0.94
12 25 38.8 0.06
12 26 11.24 0.61
12 27 4.52 0.79
12 28 74.51 0.02
12 29 64.78 0.32
12 30 29.79 0.88
12 31 8.08 0.43
12 32 95.52 0.1
12 33 61.13 0.27
12 34 23.74 0.35
12 35 71.55 0.44
12 36 71.77 0.94
12 37 91.37 0.55
12 38 26.37 0.65
12 39 10.15 0.36
12 40 31.0 0.98
12 41 56.46 0.41
12 42 28.97 0.55
12 43 53.53 0.88
12 44 50.39 1.0
12 45 6.07 0.63
12 46 43.01 0.32
12 47 49.26 1.02
12 48 40.39 0.96
12 49 53.69 0.41
13 14 8.16 0.1
13 15 86.64 0.15
13 16 29.59 0.39
13 17 7.97 0.22
13 18 23.27 0.44
13 19 14.57 0.63
13 20 47.29 0.71
13 21 20.93 0.26
13 22 46.29 0.42
13 23 33.16 0.15
13 24 50.33 0.39
13 25 38.53 0.82
13 26 6.24 0.2
13 27 95.7 0.36
13 28 7.19 0.24
13 29 8.38 1.0
13 30 31.35 0.18
13 31 11.05 0.85
13 32 56.36 0.92
13 33 39.46 0.44
13 34 52.77 0.65
13 35 52.21 0.26
13 36 56.16 0.97
13 37 56.26 0.45
13 38 8.18 1.01
13 39 3.11 0.02
13 40 34.11 0.95
13 41 35.16 0.94
13 42 86.92 0.37
13 43 56.55 0.39
13 44 87.14 0.71
13 45 69.06 0.63
13 46 62.87 0.72
13 47 87.28 0.31
13 48 17.35 0.35
13 49 78.6 0.88
14 15 41.32 0.57
14 16 80.04 0.79
14 17 77.72 0.54
14 18 66.31 0.14
14 19 52.98 0.03
14 20 46.12 0.12
14 21 88.29 0.86
14 22 59.78 0.95
14 23 13.7 0.72
14 24 42.09 0.73
14 25 77.25 0.96
14 26 94.99 0.56
14 27 91.63 0.44
14 28 72.57 0.55
14 29 86.39 0.17
14 30 76.14 0.87
14 31 72.36 0.18
14 32 64.65 0.85
14 33 18.29 1.0
14 34 31.8 0.18
14 35 63.96 0.03
14 36 60.44 0.45
14 37 95.17 0.31
14 38 49.04 0.03
14 39 44.06 0.66
14 40 18.31 0.36
14 41 74.07 0.44
14 42 25.5 0.16
14 43 2.76 0.8
14 44 46.53 0.3
14 45 9.69 0.74
14 46 87.0 0.34
14 47 43.56 0.98
14 48 28.85 0.4
14 49 41.74 0.62
15 16 39.24 0.95
15 17 78.25 0.29
15 18 9.26 0.92
15 19 75.44 0.37
15 20 66.8 0.19
15 21 35.36 0.73
15 22 55.48 0.64
15 23 55.32 0.44
15 24 48.19 0.71
15 25 98.74 0.24
15 26 93.89 0.33
15 27 52.41 0.31
15 28 96.5 0.71
15 29 32.85 0.85
15 30 59.55 0.57
15 31 44.72 0.45
15 32 77.76 0.23
15 33 15.16 0.68
15 34 33.38 0.24
15 35 21.45 0.1
15 36 41.52 0.69
15 37 81.66 0.33
15 38 6.7 0.23
15 39 13.38 0.42
15 40 4.09 0.77
15 41 57.19 0.8
15 42 91.46 0.91
15 43 30.08 0.13
15 44 37.74 0.89
15 45 87.88 0.64
15 46 36.09 0.6
15 47 25.25 0.12
15 48 3.26 0.04
15 49 91.64 0.59
16 17 39.92 0.84
16 18 58.5 0.15
16 19 70.19 0.46
16 20 62.44 0.99
16 21 6.02 0.96
16 22 19.02 0.11
16 23 33.39 0.82
16 24 31.76 0.06
16 25 74.82 0.65
16 26 74.77 0.78
16 27 94.2 0.34
16 28 84.03 0.47
16 29 49.3 0.05
16 30 88.67 0.66
16 31 39.52 0.08
16 32 26.31 0.37
16 33 64.17 0.83
16 34 37.81 0.31
16 35 5.96 0.89
16 36 22.45 0.83
16 37 70.41 0.36
16 38 23.16 0.14
16 39 20.85 0.8
16 40 96.97 0.67
16 41 25.7 0.81
16 42 61.67 0.85
16 43 53.45 0.73
16 44 19.48 0.2
16 45 9.31 0.89
16 46 51.49 0.14
16 47 90.35 0.5
16 48 17.98 0.08
16 49 9.16 0.58
17 18 37.6 0.86
17 19 77.81 0.57
17 20 36.77 0.77
17 21 81.41 0.5
17 22 67.8 0.84
17 23 38.86 0.57
17 24 22.09 0.46
17 25 28.23 0.14
17 26 81.21 0.65
17 27 63.84 0.92
17 28 81.2 0.43
17 29 29.08 0.55
17 30 87.73 0.98
17 31 96.33 0.42
17 32 57.39 0.13
17 33 44.94 0.8
17 34 17.32 0.14
17 35 34.3 0.2
17 36 17.98 0.1
17 37 39.18 0.17
17 38 92.06 0.03
17 39 3.85 0.27
17 40 87.28 0.88
17 41 27.35 0.07
17 42 74.45 0.28
17 43 91.45 0.42
17 44 48.33 0.2
17 45 81.1 0.94
17 46 83.2 0.79
17 47 39.68 0.09
17 48 3.33 0.56
17 49 80.28 0.18
18 19 39.41 0.44
18 20 66.42 0.08
18 21 6.11 0.19
18 22 54.28 0.45
18 23 96.75 0.54
18 24 89.08 0.2
18 25 3.08 0.87
18 26 45.71 0.11
18 27 57.6 0.59
18 28 27.66 0.91
18 29 83.01 0.47
18 30 24.4 0.31
18 31 90.26 0.42
18 32 58.99 0.17
18 33 59.94 1.0
18 34 89.72 0.41
18 35 26.35 0.6
18 36 56.77 0.78
18 37 9.1 0.73
18 38 98.87 0.19
18 39 42.32 0.51
18 40 87.39 0.15
18 41 2.94 0.35
18 42 87.84 0.26
18 43 17.25 0.74
18 44 4.54 0.72
18 45 47.36 0.45
18 46 81.88 0.4
18 47 49.2 0.28
18 48 82.44 0.82
18 49 76.06 0.06
19 20 44.77 0.51
19 21 51.89 0.99
19 22 17.57 0.65
19 23 75.82 0.41
19 24 26.95 0.08
19 25 74.73 0.34
19 26 43.58 0.32
19 27 34.22 0.98
19 28 66.63 0.9
19 29 44.1 0.82
19 30 85.66 0.18
19 31 95.53 0.12
19 32 58.17 0.41
19 33 72.0 0.32
19 34 64.05 0.72
19 35 7.82 0.62
19 36 53.73 0.38
19 37 15.67 0.12
19 38 73.72 0.48
19 39 88.95 0.3
19 40 80.96 0.17
19 41 28.39 0.09
19 42 84.12 0.9
19 43 44.41 0.36
19 44 83.12 0.47
19 45 18.53 0.58
19 46 55.77 0.78
19 47 74.47 1.02
19 48 23.46 0.98
19 49 31.48 0.74
20 21 49.92 0.49
20 22 5.19 0.3
20 23 58.48 0.15
20 24 39.85 0.33
20 25 52.79 0.21
20 26 70.48 0.37
20 27 6.45 1.0
20 28 76.64 0.77
20 29 83.6 0.16
20 30 15.08 0.06
20 31 26.33 0.76
20 32 15.41 0.98
20 33 48.12 0.86
20 34 58.38 0.56
20 35 39.32 0.68
20 36 41.99 0.85
20 37 27.67 0.1
20 38 57.13 0.18
20 39 19.13 1.02
20 40 76.94 0.34
20 41 42.09 0.53
20 42 29.03 0.31
20 43 23.61 0.23
20 44 18.07 0.89
20 45 76.25 1.01
20 46 62.82 0.19
20 47 50.33 0.93
20 48 61.74 0.84
20 49 25.18 0.15
21 22 96.68 0.51
21 23 88.67 0.58
21 24 32.42 0.73
21 25 47.06 0.16
21 26 78.25 1.02
21 27 84.86 0.69
21 28 78.55 0.82
21 29 1.23 0.93
21 30 4.0 0.08
21 31 64.32 0.15
21 32 76.14 1.01
21 33 72.89 0.15
21 34 28.64 0.81
21 35 61.02 0.51
21 36 28.25 0.18
21 37 33.55 0.39
21 38 30.9 0.81
21 39 20.64 0.28
21 40 51.93 0.46
21 41 45.38 0.05
21 42 46.96 0.83
21 43 90.52 0.81
21 44 35.47 0.66
21 45 37.51 0.48
21 46 95.18 0.53
21 47 67.23 0.48
21 48 63.48 0.58
21 49 3.96 0.26
22 23 71.48 0.54
22 24 79.59 0.18
22 25 6.28 0.69
22 26 59.88 0.64
22 27 79.64 0.26
22 28 93.5 0.91
22 29 90.48 0.8
22 30 27.23 0.88
22 31 94.91 0.98
22 32 89.13 0.79
22 33 22.78 0.17
22 34 54.76 0.92
22 35 52.64 0.54
22 36 71.01 0.13
22 37 45.52 0.35
22 38 27.39 0.24
22 39 81.38 1.0
22 40 76.35 0.98
22 41 52.47 0.36
22 42 95.48 0.29
22 43 9.51 0.6
22 44 90.1 0.48
22 45 40.09 0.65
22 46 41.52 0.6
22 47 33.23 0.15
22 48 59.44 0.75
22 49 73.48 0.61
23 24 8.76 0.73
23 25 24.27 0.05
23 26 46.2 0.81
23 27 38.3 0.43
23 28 70.72 0.53
23 29 52.98 0.96
23 30 35.51 0.64
23 31 16.01 0.8
23 32 37.12 0.74
23 33 60.41 0.93
23 34 11.7 0.1
23 35 94.34 0.53
23 36 79.58 0.49
23 37 5.96 0.79
23 38 36.01 0.5
23 39 63.1 0.66
23 40 77.2 0.62
23 41 22.13 0.76
23 42 12.69 0.89
23 43 98.0 0.82
23 44 44.7 0.4
23 45 89.07 0.03
23 46 89.91 0.29
23 47 37.68 0.31
23 48 40.17 0.74
23 49 99.63 0.42
24 25 23.53 0.3
24 26 59.98 0.72
24 27 68.42 0.62
24 28 70.77 0.67
24 29 87.04 0.67
24 30 98.32 0.66
24 31 75.94 0.07
24 32 80.03 0.79
24 33 44.1 0.17
24 34 13.24 0.3
24 35 72.2 0.51
24 36 54.12 0.92
24 37 79.11 0.59
24 38 2.03 0.08
24 39 60.05 0.2
24 40 58.66 0.59
24 41 70.06 0.85
24 42 43.61 0.34
24 43 97.67 0.43
24 44 38.38 0.54
24 45 69.08 0.1
24 46 37.99 0.11
24 47 73.39 0.92
24 48 92.89 0.61
24 49 40.7 0.87
25 26 32.48 0.24
25 27 22.64 0.08
25 28 14.96 0.92
25 29 44.48 0.05
25 30 39.8 0.3
25 31 3.36 0.1
25 32 80.84 0.45
25 33 89.4 0.15
25 34 35.68 0.97
25 35 58.06 0.93
25 36 86.78 0.59
25 37 69.54 0.97
25 38 25.52 0.84
25 39 86.75 0.08
25 40 34.36 0.52
25 41 75.75 0.45
25 42 49.58 0.03
25 43 17.09 0.38
25 44 47.95 1.0
25 45 31.4 0.76
25 46 2.71 0.57
25 47 80.19 0.35
25 48 23.88 0.24
25 49 50.22 0.62
26 27 92.95 0.33
26 28 62.88 0.16
26 29 38.18 0.2
26 30 77.1 0.4
26 31 68.45 0.58
26 32 42.33 0.72
26 33 22.88 0.87
26 34 78.16 0.37
26 35 53.2 0.82
26 36 81.36 0.88
26 37 84.84 0.84
26 38 68.81 0.21
26 39 99.69 0.12
26 40 23.63 0.36
26 41 1.73 0.28
26 42 93.81 0.3
26 43 66.98 0.89
26 44 10.94 0.7
26 45 72.64 0.94
26 46 11.27 0.68
26 47 58.93 0.71
26 48 56.58 0.96
26 49 87.85 0.4
27 28 40.54 0.23
27 29 90.18 0.31
27 30 98.32 0.02
27 31 99.2 0.32
27 32 23.75 0.08
27 33 79.01 0.45
27 34 58.67 0.42
27 35 87.3 0.64
27 36 82.16 0.35
27 37 78.96 0.13
27 38 95.5 0.08
27 39 59.47 0.26
27 40 30.46 0.53
27 41 4.93 0.36
27 42 26.47 0.81
27 43 82.68 0.57
27 44 65.79 0.44
27 45 16.38 0.87
27 46 39.59 0.43
27 47 97.52 1.01
27 48 33.79 0.86
27 49 79.5 0.34
28 29 57.85 0.96
28 30 41.87 0.45
28 31 48.16 0.92
28 32 12.95 0.16
28 33 58.9 1.02
28 34 69.75 0.49
28 35 79.61 0.16
28 36 54.34 0.66
28 37 18.55 0.3
28 38 33.93 0.68
28 39 93.66 0.02
28 40 69.57 0.62
28 41 91.76 0.47
28 42 80.09 0.53
28 43 10.69 0.68
28 44 69.22 0.97
28 45 18.45 0.11
28 46 96.27 0.31
28 47 34.87 0.09
28 48 33.97 0.27
28 49 32.63 0.58
29 30 15.26 0.13
29 31 54.26 1.01
29 32 75.87 0.41
29 33 24.81 0.83
29 34 88.91 0.61
29 35 54.26 0.25
29 36 90.87 0.27
29 37 46.33 0.66
29 38 92.08 0.22
29 39 89.54 0.83
29 40 18.07 0.42
29 41 92.07 0.67
29 42 26.73 1.02
29 43 53.73 0.46
29 44 9.11 0.14
29 45 46.81 0.54
29 46 83.24 0.1
29 47 58.57 0.26
29 48 84.9 0.55
29 49 81.35 0.45
30 31 59.75 0.23
30 32 17.26 0.2
30 33 45.8 0.3
30 34 39.52 0.77
30 35 2.9 1.01
30 36 96.51 0.28
30 37 81.78 0.14
30 38 62.45 0.14
30 39 36.28 0.95
30 40 58.01 0.43
30 41 10.14 0.2
30 42 86.74 0.08
30 43 61.7 1.01
30 44 6.93 0.38
30 45 50.44 0.26
30 46 99.63 0.98
30 47 93.9 0.23
30 48 87.27 0.59
30 49 42.41 0.72
31 32 52.5 0.77
31 33 3.12 0.77
31 34 20.99 0.72
31 35 80.59 0.95
31 36 14.91 0.68
31 37 24.72 0.68
31 38 4.17 0.64
31 39 78.33 0.9
31 40 13.29 0.08
31 41 8.58 0.72
31 42 70.88 0.82
31 43 77.97 0.27
31 44 61.99 0.07
31 45 18.8 0.13
31 46 92.55 0.01
31 47 33.33 0.61
31 48 38.64 0.61
31 49 63.11 0.78
32 33 59.05 0.24
32 34 15.19 0.44
32 35 65.63 0.68
32 36 70.67 0.57
32 37 23.65 0.93
32 38 39.67 0.77
32 39 72.41 0.68
32 40 76.76 0.92
32 41 85.96 0.97
32 42 73.12 0.9
32 43 98.14 0.36
32 44 48.35 0.51
32 45 21.56 0.43
32 46 40.38 0.86
32 47 86.74 0.67
32 48 33.44 0.77
32 49 54.57 0.61
33 34 24.68 0.78
33 35 54.97 0.64
33 36 46.15 0.85
33 37 55.99 0.59
33 38 66.03 0.52
33 39 73.02 0.3
33 40 76.46 0.77
33 41 32.93 0.1
33 42 69.74 0.7
33 43 2.74 0.64
33 44 77.46 0.43
33 45 4.47 0.44
33 46 43.89 0.45
33 47 38.9 0.45
33 48 22.69 0.13
33 49 91.09 0.12
34 35 36.21 0.17
34 36 28.2 0.51
34 37 44.52 0.53
34 38 44.07 0.6
34 39 2.79 0.56
34 40 13.52 0.7
34 41 6.01 0.14
34 42 27.43 0.6
34 43 35.56 0.92
34 44 84.9 0.65
34 45 94.01 0.17
34 46 36.5 0.23
34 47 91.28 0.14
34 48 44.7 0.09
34 49 92.55 0.61
35 36 20.74 0.91
35 37 81.57 0.69
35 38 62.03 0.57
35 39 65.5 0.09
35 40 37.9 0.27
35 41 77.39 0.65
35 42 80.71 0.19
35 43 96.16 0.59
35 44 8.66 0.72
35 45 46.22 0.45
35 46 40.28 0.99
35 47 50.89 0.69
35 48 98.75 0.92
35 49 28.39 0.69
36 37 54.84 0.21
36 38 81.43 0.96
36 39 56.0 0.75
36 40 87.21 0.23
36 41 6.5 0.28
36 42 75.6 0.87
36 43 13.16 0.53
36 44 36.8 0.21
36 45 18.8 0.49
36 46 58.8 0.74
36 47 83.32 0.29
36 48 51.6 0.63
36 49 92.8 0.86
37 38 86.86 0.6
37 39 39.49 0.25
37 40 42.91 1.02
37 41 76.67 0.25
37 42 55.05 0.28
37 43 27.35 0.11
37 44 75.26 0.42
37 45 27.15 0.35
37 46 11.54 0.74
37 47 45.63 0.99
37 48 91.26 0.8
37 49 43.91 0.46
38 39 95.66 0.2
38 40 80.65 0.94
38 41 44.16 0.63
38 42 19.97 0.66
38 43 13.96 0.93
38 44 4.62 0.36
38 45 46.38 0.81
38 46 39.42 0.4
38 47 88.39 0.65
38 48 54.68 0.56
38 49 47.98 0.22
39 40 57.81 0.18
39 41 33.94 0.59
39 42 73.83 0.8
39 43 9.66 0.34
39 44 48.24 0.77
39 45 97.56 0.3
39 46 98.48 0.69
39 47 54.1 0.15
39 48 3.79 0.77
39 49 69.07 0.8
40 41 43.79 0.42
40 42 65.89 0.06
40 43 17.75 0.56
40 44 67.81 0.86
40 45 39.62 0.34
40 46 23.16 0.5
40 47 99.18 0.59
40 48 84.88 0.25
40 49 43.81 0.71
41 42 19.83 0.85
41 43 62.15 0.66
41 44 14.65 0.99
41 45 4.23 0.02
41 46 5.5 0.52
41 47 47.16 0.95
41 48 33.84 0.31
41 49 65.44 0.51
42 43 68.22 0.66
42 44 70.65 0.66
42 45 1.56 0.4
42 46 38.37 0.69
42 47 79.74 0.81
42 48 79.22 0.87
42 49 36.52 1.02
43 44 5.17 0.79
43 45 51.23 0.42
43 46 64.82 0.31
43 47 81.07 1.01
43 48 29.2 0.11
43 49 33.22 0.51
44 45 18.05 0.47
44 46 32.6 0.85
44 47 68.37 0.35
44 48 14.13 0.4
44 49 99.05 0.07
45 46 7.68 0.28
45 47 13.61 0.6
45 48 60.9 0.87
45 49 9.64 0.85
46 47 58.2 0.75
46 48 71.99 0.31
46 49 68.29 0.05
47 48 47.18 0.45
47 49 64.75 0.7
48 49 54.65 0.29