50
99
0 1 8.885 48.269
0 2 99.424 88.055
0 3 55.097 87.192
0 4 42.832 82.741
0 5 76.817 65.434
0 6 31.89 32.527
0 7 15.271 3.819
0 8 88.716 81.145
0 9 76.856 20.413
0 10 21.227 25.734
0 11 59.473 14.525
0 12 3.574 38.064
0 13 74.456 47.896
0 14 29.132 85.709
0 15 5.453 84.92
0 16 54.225 63.288
0 17 87.277 69.515
0 18 35.553 74.601
0 19 13.291 62.737
0 20 7.604 8.95
0 21 33.898 81.183
0 22 33.487 84.423
0 23 89.991 74.677
0 24 13.184 92.676
0 25 86.839 0.859
0 26 43.671 44.625
0 27 85.337 80.449
0 28 67.089 64.197
0 29 72.089 90.07
0 30 33.712 36.916
0 31 80.203 68.237
0 32 31.237 53.658
0 33 85.729 91.271
0 34 60.498 9.97
0 35 90.713 10.957
0 36 50.807 9.693
0 37 68.721 70.856
0 38 27.915 27.991
0 39 2.567 51.05
0 40 58.331 87.955
0 41 96.715 44.157
0 42 23.48 61.937
0 43 63.01 65.555
0 44 54.798 83.127
0 45 66.16 20.916
0 46 36.799 71.8
0 47 97.95 55.055
0 48 36.858 88.508
0 49 32.9 37.96
1 2 58.757 7.23
1 3 32.236 13.061
1 4 75.978 56.031
1 5 91.749 44.133
1 6 35.597 68.4
1 7 81.201 18.043
1 8 35.995 78.331
1 9 37.317 9.874
1 10 44.918 8.134
1 11 81.408 97.779
1 12 94.469 11.266
1 13 88.029 63.123
1 14 52.536 47.052
1 15 91.368 8.893
1 16 35.933 3.275
1 17 48.485 17.308
1 18 34.978 32.502
1 19 94.493 53.868
1 20 4.856 39.137
1 21 5.491 39.188
1 22 23.5 89.743
1 23 17.341 89.411
1 24 16.25 65.852
1 25 7.11 39.298
1 26 44.702 75.165
1 27 60.834 3.295
1 28 53.593 62.294
1 29 11.841 37.055
1 30 80.072 87.36
1 31 91.924 58.677
1 32 73.331 92.099
1 33 92.829 95.118
1 34 38.922 87.544
1 35 41.403 99.568
1 36 42.051 70.837
1 37 94.206 92.943
1 38 40.733 28.924
1 39 72.772 15.388
1 40 11.388 5.329
1 41 95.534 42.24
1 42 11.043 64.042
1 43 60.34 95.746
1 44 15.272 83.333
1 45 29.379 22.817
1 46 87.245 9.507
1 47 30.008 90.565
1 48 52.292 6.972
1 49 22.127 6.797
2 3 85.706 2.328
2 4 47.199 3.425
2 5 46.417 0.969
2 6 27.503 93.546
2 7 71.52 74.688
2 8 17.939 72.224
2 9 49.675 52.838
2 10 55.318 48.209
2 11 61.088 87.028
2 12 8.539 2.147
2 13 26.497 9.131
2 14 63.022 39.844
2 15 36.717 94.123
2 16 66.008 48.16
2 17 79.594 92.504
2 18 35.257 2.533
2 19 34.43 90.005
2 20 2.412 78.296
2 21 27.874 54.17
2 22 55.848 29.28
2 23 32.673 76.116
2 24 91.744 1.565
2 25 45.078 49.106
2 26 78.753 44.04
2 27 47.486 65.217
2 28 30.977 18.607
2 29 11.365 46.437
2 30 28.467 16.834
2 31 49.34 95.944
2 32 76.511 59.295
2 33 90.024 56.384
2 34 17.757 35.181
2 35 32.064 47.578
2 36 70.125 66.269
2 37 91.272 3.458
2 38 42.001 70.936
2 39 53.204 71.508
2 40 63.221 87.131
2 41 63.789 65.727
2 42 32.851 66.774
2 43 35.655 74.228
2 44 79.589 84.74
2 45 12.016 95.409
2 46 40.452 64.404
2 47 93.164 17.243
2 48 30.76 36.866
2 49 99.078 8.892
3 4 33.197 36.527
3 5 51.66 84.649
3 6 61.803 1.301
3 7 95.963 22.064
3 8 21.806 68.856
3 9 27.611 3.125
3 10 45.968 52.451
3 11 78.462 75.994
3 12 79.48 0.947
3 13 29.049 11.392
3 14 7.317 29.364
3 15 83.555 82.055
3 16 6.185 57.042
3 17 49.483 19.333
3 18 88.085 19.486
3 19 19.53 77.707
3 20 57.365 48.806
3 21 32.569 43.269
3 22 98.967 2.81
3 23 1.67 65.471
3 24 4.98 90.842
3 25 93.913 77.11
3 26 31.106 58.314
3 27 63.271 89.131
3 28 4.275 22.294
3 29 19.696 32.526
3 30 68.042 69.694
3 31 26.101 44.747
3 32 21.425 4.839
3 33 69.598 14.695
3 34 63.386 15.778
3 35 88.295 76.366
3 36 67.881 54.078
3 37 44.39 24.522
3 38 91.152 25.123
3 39 95.002 21.391
3 40 79.402 12.967
3 41 82.871 49.334
3 42 96.027 49.898
3 43 90.762 6.533
3 44 61.98 29.356
3 45 28.449 21.514
3 46 47.999 52.312
3 47 0.066 31.132
3 48 8.972 62.185
3 49 74.197 84.059
4 5 14.961 65.361
4 6 88.642 31.262
4 7 26.084 34.488
4 8 7.489 24.507
4 9 74.255 47.92
4 10 41.298 80.389
4 11 80.956 10.4
4 12 77.427 67.743
4 13 70.385 86.913
4 14 55.996 25.685
4 15 51.709 95.396
4 16 27.058 88.421
4 17 30.967 52.209
4 18 81.157 97.421
4 19 55.566 53.491
4 20 48.514 27.01
4 21 90.861 51.507
4 22 31.375 89.179
4 23 42.72 34.358
4 24 55.898 4.065
4 25 19.787 63.612
4 26 98.587 36.562
4 27 67.144 55.133
4 28 67.745 2.715
4 29 75.993 57.313
4 30 53.09 21.606
4 31 30.157 67.024
4 32 7.798 61.65
4 33 82.357 3.677
4 34 72.678 12.798
4 35 14.352 82.301
4 36 15.939 27.83
4 37 55.755 33.512
4 38 91.897 70.811
4 39 43.765 6.509
4 40 24.744 48.912
4 41 76.073 16.51
4 42 79.799 19.921
4 43 94.501 50.643
4 44 96.763 8.268
4 45 73.872 41.714
4 46 3.309 63.041
4 47 53.772 81.442
4 48 68.652 63.611
4 49 51.455 54.093
5 6 9.045 52.195
5 7 70.077 78.142
5 8 84.954 67.311
5 9 50.495 41.026
5 10 0.233 81.445
5 11 99.406 60.526
5 12 15.641 45.018
5 13 19.788 57.028
5 14 37.865 87.319
5 15 72.536 6.767
5 16 68.717 53.199
5 17 75.484 3.908
5 18 32.936 26.642
5 19 68.312 19.926
5 20 19.662 65.578
5 21 56.066 63.933
5 22 93.216 71.035
5 23 16.973 77.087
5 24 32.889 98.425
5 25 90.447 39.176
5 26 87.799 82.846
5 27 10.662 14.896
5 28 2.12 28.126
5 29 16.146 77.207
5 30 66.797 86.426
5 31 60.63 66.023
5 32 75.879 70.776
5 33 68.099 38.106
5 34 44.758 76.227
5 35 42.803 77.705
5 36 70.951 14.554
5 37 40.29 98.223
5 38 80.47 25.917
5 39 51.876 90.051
5 40 3.397 15.639
5 41 54.366 8.924
5 42 67.82 30.362
5 43 42.373 14.946
5 44 81.347 60.091
5 45 45.42 97.173
5 46 45.998 6.237
5 47 71.101 47.036
5 48 74.915 82.209
5 49 45.965 21.298
6 7 59.231 33.209
6 8 87.869 62.63
6 9 8.333 3.002
6 10 34.399 93.048
6 11 56.991 56.369
6 12 75.464 0.119
6 13 35.589 80.648
6 14 11.366 51.895
6 15 1.872 79.265
6 16 50.904 68.48
6 17 74.038 75.667
6 18 41.646 7.771
6 19 56.408 42.018
6 20 38.014 98.374
6 21 82.593 76.462
6 22 13.161 41.859
6 23 99.83 51.206
6 24 79.847 67.435
6 25 60.56 32.101
6 26 15.9 16.188
6 27 58.197 72.705
6 28 22.326 25.112
6 29 68.289 44.13
6 30 9.476 36.569
6 31 22.371 49.319
6 32 11.55 25.253
6 33 67.855 18.32
6 34 6.146 33.675
6 35 99.59 15.516
6 36 41.568 28.919
6 37 31.845 6.297
6 38 12.882 43.92
6 39 38.869 80.758
6 40 5.344 81.023
6 41 20.585 52.033
6 42 87.645 89.648
6 43 31.382 16.328
6 44 75.382 20.068
6 45 88.33 98.25
6 46 51.792 13.754
6 47 19.922 36.566
6 48 50.351 44.197
6 49 38.823 58.322
7 8 71.259 11.655
7 9 31.84 42.632
7 10 38.578 16.371
7 11 25.16 93.364
7 12 83.2 9.111
7 13 84.096 44.406
7 14 49.349 81.177
7 15 79.111 79.449
7 16 40.884 2.238
7 17 7.044 26.892
7 18 39.838 84.571
7 19 55.939 34.188
7 20 35.64 68.435
7 21 24.604 58.468
7 22 65.008 78.078
7 23 82.16 35.638
7 24 13.87 25.536
7 25 51.842 38.532
7 26 71.104 0.861
7 27 37.121 84.506
7 28 79.168 77.759
7 29 1.514 3.836
7 30 29.589 78.408
7 31 8.302 50.688
7 32 3.76 55.69
7 33 56.572 72.159
7 34 59.528 43.918
7 35 87.84 69.356
7 36 83.675 10.929
7 37 95.586 22.28
7 38 9.653 69.971
7 39 87.135 14.355
7 40 3.972 64.967
7 41 32.467 56.73
7 42 17.234 98.316
7 43 49.002 71.564
7 44 24.561 95.45
7 45 56.877 9.878
7 46 87.622 48.745
7 47 98.636 72.723
7 48 33.153 95.632
7 49 31.352 17.67
8 9 52.176 7.013
8 10 46.838 11.699
8 11 48.662 30.437
8 12 14.795 96.589
8 13 27.27 71.526
8 14 84.211 41.797
8 15 44.174 86.779
8 16 99.08 51.164
8 17 32.07 10.626
8 18 97.833 79.27
8 19 62.317 79.163
8 20 16.333 36.884
8 21 87.775 11.93
8 22 47.156 15.978
8 23 29.767 24.933
8 24 28.771 80.6
8 25 12.366 36.997
8 26 9.616 11.193
8 27 68.362 20.106
8 28 15.287 38.561
8 29 78.556 68.568
8 30 43.094 80.074
8 31 96.683 66.221
8 32 72.737 30.127
8 33 29.302 79.771
8 34 24.244 80.632
8 35 3.121 7.082
8 36 3.36 67.106
8 37 37.111 24.577
8 38 75.863 29.131
8 39 38.204 94.84
8 40 93.991 6.847
8 41 28.136 56.584
8 42 10.091 13.183
8 43 56.385 39.213
8 44 81.359 33.739
8 45 65.815 7.147
8 46 28.513 50.43
8 47 22.632 36.022
8 48 18.528 93.29
8 49 89.353 83.115
9 10 83.415 53.87
9 11 89.674 0.232
9 12 85.457 58.409
9 13 94.659 94.595
9 14 62.83 10.623
9 15 95.977 45.425
9 16 78.954 60.382
9 17 11.037 69.108
9 18 33.182 15.717
9 19 73.168 4.102
9 20 46.568 24.572
9 21 79.445 91.427
9 22 81.114 70.222
9 23 98.132 89.212
9 24 35.326 91.085
9 25 5.951 61.228
9 26 40.288 66.743
9 27 98.669 41.979
9 28 63.693 52.923
9 29 54.727 30.743
9 30 8.588 43.993
9 31 72.139 96.761
9 32 52.822 24.817
9 33 6.123 40.726
9 34 58.326 73.767
9 35 55.101 56.356
9 36 4.883 63.181
9 37 48.863 63.075
9 38 85.064 31.101
9 39 89.635 83.157
9 40 42.544 93.482
9 41 4.367 27.918
9 42 71.459 20.328
9 43 57.014 98.887
9 44 57.984 15.44
9 45 37.637 76.386
9 46 75.323 75.177
9 47 65.33 21.732
9 48 64.695 53.951
9 49 73.24 5.809
10 11 95.615 81.946
10 12 34.926 69.279
10 13 47.468 89.281
10 14 90.311 41.206
10 15 80.785 0.79
10 16 48.368 7.6
10 17 15.183 49.124
10 18 98.477 64.754
10 19 39.693 4.915
10 20 25.668 78.506
10 21 60.584 83.196
10 22 49.616 80.738
10 23 89.034 26.483
10 24 73.629 17.791
10 25 7.996 58.519
10 26 15.574 0.954
10 27 94.439 75.852
10 28 6.134 9.48
10 29 29.719 85.863
10 30 23.469 42.145
10 31 54.056 79.814
10 32 84.497 14.018
10 33 27.289 42.19
10 34 70.011 73.917
10 35 91.545 28.529
10 36 24.827 24.128
10 37 54.169 91.554
10 38 81.047 53.581
10 39 99.7 98.291
10 40 2.033 42.238
10 41 51.519 47.824
10 42 40.899 84.113
10 43 56.66 42.781
10 44 16.136 59.93
10 45 62.325 86.505
10 46 93.054 88.947
10 47 98.079 24.235
10 48 65.243 64.626
10 49 96.452 23.577
11 12 27.048 7.868
11 13 61.114 54.923
11 14 80.88 53.869
11 15 77.284 87.601
11 16 72.515 14.305
11 17 85.593 26.178
11 18 82.352 42.969
11 19 67.281 9.547
11 20 68.837 43.674
11 21 82.901 94.975
11 22 56.212 7.5
11 23 89.157 84.732
11 24 70.208 66.74
11 25 76.626 78.582
11 26 81.883 52.317
11 27 29.142 19.252
11 28 39.823 47.728
11 29 4.126 59.993
11 30 88.231 41.282
11 31 51.461 78.631
11 32 4.032 58.111
11 33 14.226 65.814
11 34 83.945 74.978
11 35 31.462 55.55
11 36 15.137 70.849
11 37 54.108 28.044
11 38 72.375 61.407
11 39 11.637 28.017
11 40 36.919 2.655
11 41 32.776 18.866
11 42 7.149 42.613
11 43 24.79 58.805
11 44 79.275 82.677
11 45 12.187 59.448
11 46 91.552 80.354
11 47 20.022 68.012
11 48 88.708 62.022
11 49 27.171 60.29
12 13 79.652 98.476
12 14 90.945 4.912
12 15 5.76 63.915
12 16 42.614 36.737
12 17 87.518 30.674
12 18 44.122 8.444
12 19 58.059 33.641
12 20 35.424 30.372
12 21 80.529 76.87
12 22 29.955 74.435
12 23 96.654 90.764
12 24 71.371 25.312
12 25 15.257 22.317
12 26 85.716 78.521
12 27 71.395 3.224
12 28 6.402 78.203
12 29 99.869 27.917
12 30 80.173 33.213
12 31 39.059 43.207
12 32 0.337 47.064
12 33 61.228 93.284
12 34 81.435 46.976
12 35 87.866 12.366
12 36 35.933 0.702
12 37 53.618 71.863
12 38 1.142 78.093
12 39 38.549 86.526
12 40 41.38 31.975
12 41 66.013 7.638
12 42 8.648 90.943
12 43 5.004 46.347
12 44 92.453 16.642
12 45 88.592 47.217
12 46 52.577 95.23
12 47 28.903 6.253
12 48 78.51 91.306
12 49 61.765 62.602
13 14 44.107 60.053
13 15 29.966 64.816
13 16 80.828 10.81
13 17 71.672 95.283
13 18 42.394 48.119
13 19 82.456 69.913
13 20 35.35 70.987
13 21 11.774 61.268
13 22 35.199 71.566
13 23 37.82 75.209
13 24 58.149 66.785
13 25 81.461 56.876
13 26 28.885 41.797
13 27 2.938 85.712
13 28 18.073 15.352
13 29 24.154 31.208
13 30 95.474 7.79
13 31 32.016 59.391
13 32 30.598 6.277
13 33 79.387 69.228
13 34 35.635 47.988
13 35 49.612 42.004
13 36 37.765 85.499
13 37 70.715 20.879
13 38 44.076 14.037
13 39 77.835 36.68
13 40 60.074 90.031
13 41 50.503 65.685
13 42 46.316 91.792
13 43 15.202 91.909
13 44 20.249 9.98
13 45 23.761 76.921
13 46 58.193 12.702
13 47 45.138 44.424
13 48 94.404 47.898
13 49 27.118 83.994
14 15 23.063 80.024
14 16 0.041 69.299
14 17 41.445 63.213
14 18 22.389 94.879
14 19 32.051 4.74
14 20 43.948 80.467
14 21 11.175 65.769
14 22 5.713 34.465
14 23 86.138 95.756
14 24 44.798 74.308
14 25 91.39 94.538
14 26 81.035 83.169
14 27 39.474 71.385
14 28 40.052 60.616
14 29 59.74 87.39
14 30 1.798 84.415
14 31 91.931 80.462
14 32 18.801 21.13
14 33 55.191 79.85
14 34 20.538 81.334
14 35 28.482 17.392
14 36 39.404 91.744
14 37 77.837 98.481
14 38 30.075 27.386
14 39 92.062 82.655
14 40 9.295 44.637
14 41 17.039 68.265
14 42 62.255 85.731
14 43 73.865 29.544
14 44 83.851 90.153
14 45 27.88 86.013
14 46 95.829 2.006
14 47 19.771 2.939
14 48 89.45 49.133
14 49 71.418 47.887
15 16 4.407 58.395
15 17 0.496 21.691
15 18 14.108 86.536
15 19 11.451 89.813
15 20 5.634 24.244
15 21 70.882 17.611
15 22 7.9 60.625
15 23 52.968 71.789
15 24 76.05 26.37
15 25 99.596 36.348
15 26 19.806 52.484
15 27 65.521 8.632
15 28 46.283 8.243
15 29 61.43 15.914
15 30 33.107 39.151
15 31 73.588 30.313
15 32 62.787 61.013
15 33 0.406 52.878
15 34 41.602 97.125
15 35 88.226 27.82
15 36 20.751 14.6
15 37 63.853 44.148
15 38 23.734 11.321
15 39 72.313 78.076
15 40 14.555 0.876
15 41 58.7 28.746
15 42 2.241 20.047
15 43 61.43 78.445
15 44 31.774 16.147
15 45 23.207 51.695
15 46 81.262 97.706
15 47 15.514 25.752
15 48 9.367 58.163
15 49 70.277 4.928
16 17 86.483 89.519
16 18 59.379 38.364
16 19 9.367 62.374
16 20 88.626 28.424
16 21 28.129 64.023
16 22 3.962 10.745
16 23 84.777 10.741
16 24 87.655 54.852
16 25 17.438 23.637
16 26 60.11 93.505
16 27 58.447 1.643
16 28 57.136 97.807
16 29 43.058 79.963
16 30 67.343 39.746
16 31 82.936 6.441
16 32 4.479 15.322
16 33 25.487 61.657
16 34 86.364 55.021
16 35 99.751 3.697
16 36 77.157 55.801
16 37 95.593 9.867
16 38 43.046 5.456
16 39 83.33 77.314
16 40 96.251 91.675
16 41 82.224 24.87
16 42 67.219 2.68
16 43 23.853 65.453
16 44 29.992 25.147
16 45 57.848 41.295
16 46 62.554 78.938
16 47 49.099 59.579
16 48 38.252 96.554
16 49 31.845 3.736
17 18 29.325 19.363
17 19 31.408 27.61
17 20 3.674 89.9
17 21 98.109 10.68
17 22 56.237 78.608
17 23 48.313 88.212
17 24 94.506 65.241
17 25 4.357 49.131
17 26 21.632 28.345
17 27 50.395 94.706
17 28 71.586 40.945
17 29 4.566 87.26
17 30 5.957 26.798
17 31 91.033 79.963
17 32 41.085 53.295
17 33 93.344 92.127
17 34 50.78 57.06
17 35 96.346 92.163
17 36 78.539 57.389
17 37 93.443 43.877
17 38 32.199 17.046
17 39 85.644 20.279
17 40 58.072 65.559
17 41 10.256 35.422
17 42 62.124 15.36
17 43 28.982 97.284
17 44 17.283 70.393
17 45 5.226 42.425
17 46 93.988 41.606
17 47 20.932 81.756
17 48 9.889 1.743
17 49 9.515 61.385
18 19 21.968 30.75
18 20 25.424 21.682
18 21 93.078 43.06
18 22 28.341 84.246
18 23 90.251 94.968
18 24 84.157 55.092
18 25 61.97 21.407
18 26 0.1 17.966
18 27 27.944 20.116
18 28 93.373 24.046
18 29 18.48 17.004
18 30 62.98 70.208
18 31 83.481 7.254
18 32 10.158 75.533
18 33 3.728 56.032
18 34 14.845 81.179
18 35 66.494 19.386
18 36 41.709 89.639
18 37 58.347 76.882
18 38 59.518 42.817
18 39 38.361 19.764
18 40 18.627 23.348
18 41 40.516 24.117
18 42 74.196 74.015
18 43 12.454 60.635
18 44 30.649 78.61
18 45 72.429 19.835
18 46 30.322 22.928
18 47 1.324 7.229
18 48 96.258 39.063
18 49 99.969 3.596
19 20 84.061 63.778
19 21 89.257 62.5
19 22 83.441 36.904
19 23 7.285 29.003
19 24 71.666 81.131
19 25 41.775 94.427
19 26 30.989 2.638
19 27 83.246 2.33
19 28 55.234 79.46
19 29 80.056 47.354
19 30 9.598 15.26
19 31 2.462 97.054
19 32 59.189 24.542
19 33 38.071 19.972
19 34 4.071 65.419
19 35 36.158 3.173
19 36 8.339 17.997
19 37 5.605 44.864
19 38 70.39 70.499
19 39 6.711 35.295
19 40 49.832 13.555
19 41 37.025 91.205
19 42 14.842 76.986
19 43 86.21 28.718
19 44 73.715 87.675
19 45 62.381 56.62
19 46 18.055 15.623
19 47 33.625 11.894
19 48 79.458 89.023
19 49 82.246 85.131
20 21 92.181 25.225
20 22 50.441 96.017
20 23 72.884 47.867
20 24 73.379 81.146
20 25 74.291 23.199
20 26 47.905 22.192
20 27 82.582 21.155
20 28 28.001 81.209
20 29 88.672 50.45
20 30 13.472 83.321
20 31 59.542 69.495
20 32 64.792 19.721
20 33 78.79 47.185
20 34 21.085 39.108
20 35 69.277 28.011
20 36 25.767 56.735
20 37 73.218 65.561
20 38 94.298 9.826
20 39 57.635 16.498
20 40 15.85 87.703
20 41 41.935 14.759
20 42 91.584 55.383
20 43 9.677 62.672
20 44 80.702 56.799
20 45 18.217 12.52
20 46 77.59 26.269
20 47 62.072 70.73
20 48 77.08 66.62
20 49 72.497 52.69
21 22 9.39 14.248
21 23 74.888 5.657
21 24 85.914 26.455
21 25 52.567 9.687
21 26 35.766 22.904
21 27 20.528 20.698
21 28 20.674 84.795
21 29 26.984 73.964
21 30 6.881 89.225
21 31 54.116 95.441
21 32 5.517 16.378
21 33 40.973 89.088
21 34 45.424 76.26
21 35 61.327 83.761
21 36 2.032 21.235
21 37 87.096 72.598
21 38 87.986 42.659
21 39 48.231 98.843
21 40 90.13 75.992
21 41 28.54 1.325
21 42 36.09 16.165
21 43 57.525 9.703
21 44 32.211 0.444
21 45 64.092 18.589
21 46 15.822 26.621
21 47 94.168 50.343
21 48 95.825 14.277
21 49 86.626 9.711
22 23 80.283 86.709
22 24 37.077 90.844
22 25 1.081 33.577
22 26 32.334 26.81
22 27 45.794 92.615
22 28 11.416 5.285
22 29 6.305 69.33
22 30 73.678 25.728
22 31 71.64 55.023
22 32 99.971 3.782
22 33 87.553 72.2
22 34 4.259 83.322
22 35 80.885 77.055
22 36 57.944 11.743
22 37 77.675 23.895
22 38 70.808 69.463
22 39 53.271 3.864
22 40 22.996 31.495
22 41 7.415 40.634
22 42 54.318 55.1
22 43 65.733 86.557
22 44 61.083 75.869
22 45 82.994 27.584
22 46 32.665 42.357
22 47 76.233 18.197
22 48 96.72 20.507
22 49 40.652 85.484
23 24 91.963 6.614
23 25 81.484 73.947
23 26 20.539 20.079
23 27 63.515 37.979
23 28 10.252 14.282
23 29 52.65 71.228
23 30 66.699 40.327
23 31 76.145 8.62
23 32 59.307 4.962
23 33 31.674 46.309
23 34 64.402 29.219
23 35 35.131 76.112
23 36 61.696 43.288
23 37 67.381 80.431
23 38 84.532 93.016
23 39 90.993 21.862
23 40 23.257 97.83
23 41 77.297 76.58
23 42 75.95 39.693
23 43 74.311 21.513
23 44 49.447 63.87
23 45 64.688 28.056
23 46 75.72 9.35
23 47 72.738 84.334
23 48 59.601 50.145
23 49 4.394 43.262
24 25 34.795 46.963
24 26 92.869 48.188
24 27 25.344 84.334
24 28 64.611 28.185
24 29 31.244 75.632
24 30 25.874 98.665
24 31 64.886 61.427
24 32 85.204 16.119
24 33 75.945 24.103
24 34 60.357 2.244
24 35 10.114 97.785
24 36 36.1 55.847
24 37 61.842 8.441
24 38 53.224 30.09
24 39 10.984 55.473
24 40 95.181 4.016
24 41 34.23 50.554
24 42 11.212 43.563
24 43 98.147 2.025
24 44 58.307 76.844
24 45 73.3 38.441
24 46 61.442 15.441
24 47 95.12 90.832
24 48 16.938 95.345
24 49 74.178 56.403
25 26 78.489 60.195
25 27 16.857 20.377
25 28 76.119 57.491
25 29 94.482 58.995
25 30 45.48 82.707
25 31 73.539 84.991
25 32 10.57 10.927
25 33 61.825 73.473
25 34 11.368 0.356
25 35 71.046 61.133
25 36 49.662 85.277
25 37 65.055 8.188
25 38 13.8 64.296
25 39 62.884 74.38
25 40 50.992 64.216
25 41 85.957 17.72
25 42 66.171 59.77
25 43 68.932 86.605
25 44 69.737 58.351
25 45 27.864 0.885
25 46 26.87 28.834
25 47 99.222 39.457
25 48 75.544 39.993
25 49 6.892 76.655
26 27 17.39 85.237
26 28 88.321 19.114
26 29 70.469 46.656
26 30 50.217 80.02
26 31 58.008 17.496
26 32 55.211 49.759
26 33 33.917 32.447
26 34 32.847 66.931
26 35 5.466 50.022
26 36 81.267 23.824
26 37 84.051 9.892
26 38 73.496 83.257
26 39 43.9 18.641
26 40 20.705 14.151
26 41 89.318 40.779
26 42 70.51 77.069
26 43 23.366 97.424
26 44 52.337 42.507
26 45 7.31 59.248
26 46 23.271 99.597
26 47 94.295 41.124
26 48 83.422 52.232
26 49 52.357 47.56
27 28 20.152 49.434
27 29 88.33 99.661
27 30 84.699 56.311
27 31 9.532 21.387
27 32 36.079 88.582
27 33 94.151 31.196
27 34 98.24 83.502
27 35 94.432 30.622
27 36 70.28 10.158
27 37 15.405 25.901
27 38 66.662 95.425
27 39 85.128 5.01
27 40 94.208 93.698
27 41 80.871 28.102
27 42 36.481 36.853
27 43 58.24 75.203
27 44 84.047 12.699
27 45 40.534 75.873
27 46 52.502 83.521
27 47 89.378 86.956
27 48 21.585 25.414
27 49 54.556 48.152
28 29 70.986 50.793
28 30 65.381 41.194
28 31 42.066 18.602
28 32 83.406 52.585
28 33 86.242 7.637
28 34 83.106 12.098
28 35 94.069 57.664
28 36 23.588 47.79
28 37 98.979 70.276
28 38 6.059 58.931
28 39 13.755 67.257
28 40 42.86 7.657
28 41 71.514 11.937
28 42 47.693 31.254
28 43 64.66 70.159
28 44 55.065 16.858
28 45 56.562 26.868
28 46 12.209 81.667
28 47 61.395 71.244
28 48 1.398 36.046
28 49 71.033 65.085
29 30 16.525 2.463
29 31 73.696 48.349
29 32 7.323 91.007
29 33 59.448 46.732
29 34 34.362 14.722
29 35 77.819 46.068
29 36 27.246 73.205
29 37 19.781 98.62
29 38 3.196 13.253
29 39 69.579 54.171
29 40 32.718 45.593
29 41 46.85 19.384
29 42 11.236 87.456
29 43 96.458 69.195
29 44 70.167 66.348
29 45 63.805 96.786
29 46 53.082 5.49
29 47 99.9 80.31
29 48 47.633 13.845
29 49 64.147 34.801
30 31 99.194 77.558
30 32 74.248 92.595
30 33 52.204 82.571
30 34 13.301 42.532
30 35 42.425 63.18
30 36 26.028 42.608
30 37 71.458 99.373
30 38 16.27 70.694
30 39 9.09 17.939
30 40 40.449 65.354
30 41 32.46 74.221
30 42 64.069 63.286
30 43 87.418 52.934
30 44 43.96 61.231
30 45 66.632 72.322
30 46 58.36 22.753
30 47 93.682 53.097
30 48 10.87 64.518
30 49 46.103 41.222
31 32 70.219 66.658
31 33 60.697 20.608
31 34 18.756 27.927
31 35 84.274 29.568
31 36 27.917 14.356
31 37 35.038 47.135
31 38 90.837 55.247
31 39 63.118 73.019
31 40 39.854 53.992
31 41 9.074 94.984
31 42 35.32 98.804
31 43 90.406 52.603
31 44 14.961 80.516
31 45 18.213 9.559
31 46 60.194 57.567
31 47 59.03 8.215
31 48 15.556 98.943
31 49 96.393 17.232
32 33 16.723 30.818
32 34 82.636 22.378
32 35 28.804 86.521
32 36 11.035 94.088
32 37 52.37 66.561
32 38 2.167 30.988
32 39 58.155 46.002
32 40 96.276 93.784
32 41 8.706 66.324
32 42 15.076 85.672
32 43 61.784 25.654
32 44 25.998 51.48
32 45 67.912 95.582
32 46 88.636 92.303
32 47 12.551 62.856
32 48 18.622 26.342
32 49 35.269 79.999
33 34 83.395 57.806
33 35 66.122 5.173
33 36 92.469 0.175
33 37 99.579 96.804
33 38 41.977 89.185
33 39 84.534 25.495
33 40 27.982 21.013
33 41 1.512 75.953
33 42 98.338 20.875
33 43 76.548 46.335
33 44 27.682 64.827
33 45 3.772 89.145
33 46 82.081 44.851
33 47 5.363 20.718
33 48 81.319 47.911
33 49 59.183 86.482
34 35 70.655 31.959
34 36 43.703 33.463
34 37 55.493 11.283
34 38 28.619 95.342
34 39 55.803 84.369
34 40 75.462 4.414
34 41 48.989 97.771
34 42 33.784 76.399
34 43 60.747 30.528
34 44 21.963 61.402
34 45 83.728 17.125
34 46 70.867 12.178
34 47 31.925 15.046
34 48 26.233 44.865
34 49 49.234 67.3
35 36 71.79 71.368
35 37 92.888 45.894
35 38 24.157 48.243
35 39 88.765 50.3
35 40 55.872 44.722
35 41 67.679 31.302
35 42 66.066 43.083
35 43 20.435 72.874
35 44 31.744 94.623
35 45 18.186 53.743
35 46 28.388 41.671
35 47 10.548 80.972
35 48 69.398 90.076
35 49 97.377 19.725
36 37 85.574 20.094
36 38 26.488 43.712
36 39 34.366 21.011
36 40 96.909 49.778
36 41 8.501 25.255
36 42 25.098 0.105
36 43 68.864 23.212
36 44 31.945 25.325
36 45 17.107 29.739
36 46 77.749 66.172
36 47 36.11 60.294
36 48 98.582 59.245
36 49 8.39 14.772
37 38 46.294 88.042
37 39 89.446 41.969
37 40 67.555 13.051
37 41 62.207 99.299
37 42 2.719 40.255
37 43 49.28 17.85
37 44 26.944 71.51
37 45 34.68 60.421
37 46 4.259 2.26
37 47 60.746 24.855
37 48 14.309 96.109
37 49 61.111 74.039
38 39 16.088 37.25
38 40 75.087 32.76
38 41 8.947 9.008
38 42 29.157 17.383
38 43 78.951 56.051
38 44 86.372 92.558
38 45 30.148 95.352
38 46 42.962 10.847
38 47 18.139 61.917
38 48 27.323 24.248
38 49 95.5 42.673
39 40 28.763 4.94
39 41 89.915 20.846
39 42 81.254 99.441
39 43 44.836 0.267
39 44 91.936 5.54
39 45 8.149 28.423
39 46 64.458 48.976
39 47 90.512 16.511
39 48 5.162 38.045
39 49 7.083 95.953
40 41 96.111 90.749
40 42 2.659 26.141
40 43 64.271 21.184
40 44 72.719 19.794
40 45 22.359 33.475
40 46 86.274 73.908
40 47 37.542 71.201
40 48 1.133 79.4
40 49 85.76 74.37
41 42 96.734 97.773
41 43 27.931 19.483
41 44 22.472 97.708
41 45 20.597 66.328
41 46 59.488 57.472
41 47 53.116 59.359
41 48 38.413 34.05
41 49 35.448 60.64
42 43 36.562 84.551
42 44 39.762 48.345
42 45 93.223 97.687
42 46 81.022 77.357
42 47 60.793 8.364
42 48 51.319 15.066
42 49 46.464 26.89
43 44 7.225 94.481
43 45 39.943 86.029
43 46 78.643 58.097
43 47 9.159 7.173
43 48 14.998 4.707
43 49 56.954 33.88
44 45 71.185 88.142
44 46 72.697 43.877
44 47 10.044 57.931
44 48 34.889 75.095
44 49 17.679 29.349
45 46 74.723 33.408
45 47 7.668 26.909
45 48 56.846 56.719
45 49 67.016 41.285
46 47 63.391 52.909
46 48 20.157 52.319
46 49 29.297 92.784
47 48 71.84 19.736
47 49 63.363 74.735
48 49 23.897 17.442
