50
99.999
0 1 68.977 1.705
0 2 65.128 1.925
0 3 1.929 1.654
0 4 1.883 1.936
0 5 1.699 1.947
0 6 1.786 1.944
0 7 1.826 1.861
0 8 1.935 1.533
0 9 1.649 1.753
0 10 1.969 1.511
0 11 1.906 1.649
0 12 1.581 1.917
0 13 1.645 1.506
0 14 1.542 1.576
0 15 1.624 1.637
0 16 1.786 1.503
0 17 1.702 1.574
0 18 1.868 1.683
0 19 1.776 1.835
0 20 1.627 1.768
0 21 1.957 1.501
0 22 1.511 1.555
0 23 1.725 1.645
0 24 1.531 1.599
0 25 1.984 1.956
0 26 1.598 1.691
0 27 1.622 1.5
0 28 1.569 1.855
0 29 1.65 1.51
0 30 1.829 1.843
0 31 1.668 1.938
0 32 1.787 1.536
0 33 1.682 1.911
0 34 1.708 1.735
0 35 1.897 1.948
0 36 1.992 1.99
0 37 1.645 1.589
0 38 1.924 1.932
0 39 1.934 1.654
0 40 1.818 1.527
0 41 1.57 1.748
0 42 1.881 1.898
0 43 1.856 1.656
0 44 1.721 1.691
0 45 1.877 1.568
0 46 1.656 1.825
0 47 1.842 1.941
0 48 1.979 1.84
0 49 1.986 1.565
1 2 69.656 1.887
1 3 1.519 1.821
1 4 1.501 1.567
1 5 1.75 1.717
1 6 1.873 1.825
1 7 1.686 1.922
1 8 1.884 1.8
1 9 1.797 1.848
1 10 1.783 1.92
1 11 1.987 1.929
1 12 1.894 1.53
1 13 1.623 1.554
1 14 1.593 1.609
1 15 1.63 1.622
1 16 1.831 1.722
1 17 1.847 1.629
1 18 1.731 1.54
1 19 1.54 1.723
1 20 1.507 1.932
1 21 1.566 1.921
1 22 1.963 1.684
1 23 1.835 1.869
1 24 1.724 1.786
1 25 1.814 1.502
1 26 1.809 1.863
1 27 1.931 1.659
1 28 1.843 1.931
1 29 1.778 1.805
1 30 1.683 1.899
1 31 1.545 1.568
1 32 1.923 1.978
1 33 1.697 1.729
1 34 1.903 1.956
1 35 1.789 1.868
1 36 1.551 1.512
1 37 1.625 1.863
1 38 1.824 1.76
1 39 1.732 1.927
1 40 1.59 1.622
1 41 1.58 1.907
1 42 1.843 1.644
1 43 1.725 1.78
1 44 2.0 1.903
1 45 1.613 1.955
1 46 1.599 1.958
1 47 1.582 1.826
1 48 1.514 1.755
1 49 1.948 1.826
2 3 1.587 1.582
2 4 1.53 1.922
2 5 1.678 1.841
2 6 1.928 1.752
2 7 1.704 1.85
2 8 1.582 1.921
2 9 1.74 1.88
2 10 1.634 1.587
2 11 1.995 1.836
2 12 1.523 1.701
2 13 1.993 1.595
2 14 1.88 1.655
2 15 1.705 1.871
2 16 1.677 1.568
2 17 1.777 1.886
2 18 1.719 1.692
2 19 1.541 1.934
2 20 1.852 1.934
2 21 1.64 1.938
2 22 1.916 1.701
2 23 1.766 1.616
2 24 1.848 1.825
2 25 1.849 1.809
2 26 1.981 1.817
2 27 1.651 1.732
2 28 1.515 1.61
2 29 1.527 1.634
2 30 1.879 1.692
2 31 1.823 1.772
2 32 1.679 1.552
2 33 1.739 1.51
2 34 1.883 1.691
2 35 1.698 1.58
2 36 1.523 1.666
2 37 1.775 1.91
2 38 1.646 1.974
2 39 1.846 1.597
2 40 1.634 1.94
2 41 1.659 1.904
2 42 1.802 1.757
2 43 1.886 1.905
2 44 1.669 1.792
2 45 1.687 1.822
2 46 1.68 1.817
2 47 1.77 1.955
2 48 1.585 1.853
2 49 1.766 1.71
3 4 64.213 1.846
3 5 68.469 1.703
3 6 1.673 1.978
3 7 1.933 1.693
3 8 1.854 1.939
3 9 1.953 1.735
3 10 1.652 1.929
3 11 1.663 1.976
3 12 1.897 1.663
3 13 1.781 1.892
3 14 1.647 1.959
3 15 1.882 1.92
3 16 1.941 1.892
3 17 1.734 1.563
3 18 1.888 1.831
3 19 1.642 1.657
3 20 1.811 1.541
3 21 1.523 1.902
3 22 1.953 1.617
3 23 1.862 1.776
3 24 1.604 1.875
3 25 1.613 1.838
3 26 1.839 1.793
3 27 1.898 1.915
3 28 1.554 1.532
3 29 1.506 1.628
3 30 1.58 1.837
3 31 1.698 1.656
3 32 1.77 1.707
3 33 1.563 1.986
3 34 1.701 1.719
3 35 1.887 1.96
3 36 1.859 1.556
3 37 1.957 1.694
3 38 1.647 1.54
3 39 1.673 1.56
3 40 1.621 1.843
3 41 1.756 1.576
3 42 1.574 1.646
3 43 1.696 1.624
3 44 1.589 1.646
3 45 1.864 1.575
3 46 1.946 1.821
3 47 1.659 1.969
3 48 1.607 1.938
3 49 1.573 1.945
4 5 64.438 1.875
4 6 1.763 1.525
4 7 1.961 1.749
4 8 1.534 1.959
4 9 1.709 1.696
4 10 1.818 1.781
4 11 1.599 1.985
4 12 1.726 1.545
4 13 1.684 1.772
4 14 1.92 1.749
4 15 1.638 1.803
4 16 1.505 1.837
4 17 1.839 1.533
4 18 1.95 1.955
4 19 1.78 1.916
4 20 1.926 1.923
4 21 1.787 1.886
4 22 1.67 1.522
4 23 1.543 1.841
4 24 1.921 1.821
4 25 1.859 1.588
4 26 1.533 1.885
4 27 1.794 1.659
4 28 1.94 1.784
4 29 1.791 1.586
4 30 1.853 1.944
4 31 1.784 1.606
4 32 1.591 1.753
4 33 1.852 1.918
4 34 1.761 1.635
4 35 1.832 1.562
4 36 1.951 1.733
4 37 1.88 1.909
4 38 1.785 1.839
4 39 1.999 1.522
4 40 1.857 1.571
4 41 1.971 1.534
4 42 1.678 1.55
4 43 1.979 1.653
4 44 1.862 1.637
4 45 1.8 1.692
4 46 1.955 1.67
4 47 1.792 1.758
4 48 1.869 1.616
4 49 1.573 1.657
5 6 1.987 1.79
5 7 1.928 1.837
5 8 1.661 1.923
5 9 1.897 1.976
5 10 1.94 1.723
5 11 1.518 1.519
5 12 1.57 1.881
5 13 1.763 1.71
5 14 1.729 1.553
5 15 1.805 1.934
5 16 1.818 1.756
5 17 1.933 1.694
5 18 1.532 1.561
5 19 1.934 1.754
5 20 1.682 1.974
5 21 1.857 1.804
5 22 1.862 1.706
5 23 1.6 1.641
5 24 1.521 1.575
5 25 1.953 1.813
5 26 1.708 1.635
5 27 1.927 1.648
5 28 1.959 1.589
5 29 1.513 1.526
5 30 1.988 1.924
5 31 1.882 1.87
5 32 1.794 1.842
5 33 1.576 1.618
5 34 1.972 1.652
5 35 1.553 1.696
5 36 1.687 1.885
5 37 1.826 1.593
5 38 1.691 1.72
5 39 1.638 1.517
5 40 1.505 1.61
5 41 1.713 1.88
5 42 1.842 1.764
5 43 1.531 1.846
5 44 1.822 1.586
5 45 1.814 1.765
5 46 1.658 1.554
5 47 1.621 1.521
5 48 1.835 1.564
5 49 1.908 1.678
6 7 63.318 1.569
6 8 64.858 1.763
6 9 1.521 1.557
6 10 1.788 1.782
6 11 1.555 1.894
6 12 1.686 1.599
6 13 1.604 1.712
6 14 1.544 1.541
6 15 1.51 1.681
6 16 1.795 1.828
6 17 1.893 1.739
6 18 1.693 1.791
6 19 1.873 1.967
6 20 1.541 1.997
6 21 1.824 1.596
6 22 1.912 1.997
6 23 1.979 1.963
6 24 1.873 1.723
6 25 1.996 1.678
6 26 1.641 1.565
6 27 1.88 1.669
6 28 1.503 1.743
6 29 1.765 1.629
6 30 1.905 1.518
6 31 1.51 1.633
6 32 1.864 1.571
6 33 1.844 1.579
6 34 1.601 1.594
6 35 1.641 1.951
6 36 1.529 1.771
6 37 1.798 1.72
6 38 1.819 1.854
6 39 1.96 1.575
6 40 1.934 1.533
6 41 1.878 1.597
6 42 1.817 1.707
6 43 1.619 1.576
6 44 1.7 1.715
6 45 1.649 1.637
6 46 1.886 1.579
6 47 1.705 1.613
6 48 1.717 1.505
6 49 1.56 1.728
7 8 69.219 1.861
7 9 1.713 1.716
7 10 1.578 1.549
7 11 1.593 1.634
7 12 1.68 1.686
7 13 1.621 1.577
7 14 1.712 1.627
7 15 1.906 1.995
7 16 1.773 1.583
7 17 1.82 1.982
7 18 1.946 1.973
7 19 1.57 1.838
7 20 1.6 1.502
7 21 1.766 1.909
7 22 1.698 1.929
7 23 1.642 1.681
7 24 1.654 1.553
7 25 1.968 1.675
7 26 1.884 1.531
7 27 1.824 1.903
7 28 1.776 1.7
7 29 1.612 1.665
7 30 1.913 1.575
7 31 1.727 1.561
7 32 1.974 1.651
7 33 1.716 1.858
7 34 1.577 1.836
7 35 1.699 1.894
7 36 1.998 1.644
7 37 1.865 1.556
7 38 1.806 1.716
7 39 1.628 1.512
7 40 1.603 1.962
7 41 1.678 1.974
7 42 1.818 1.748
7 43 1.853 1.951
7 44 1.678 1.907
7 45 1.526 1.817
7 46 1.702 1.676
7 47 1.593 1.822
7 48 1.927 1.6
7 49 1.65 1.862
8 9 1.755 1.655
8 10 1.899 1.971
8 11 1.908 1.6
8 12 1.956 1.669
8 13 1.959 1.541
8 14 1.847 1.931
8 15 1.561 1.592
8 16 1.569 1.891
8 17 1.778 1.772
8 18 1.53 1.697
8 19 1.652 1.971
8 20 1.97 1.966
8 21 1.695 1.766
8 22 1.714 1.878
8 23 1.968 1.775
8 24 1.999 1.666
8 25 1.526 1.829
8 26 1.881 1.767
8 27 1.871 1.529
8 28 1.753 1.995
8 29 1.865 1.898
8 30 1.904 1.9
8 31 1.787 1.815
8 32 1.53 1.789
8 33 1.789 1.827
8 34 1.924 1.567
8 35 1.944 1.737
8 36 1.539 1.828
8 37 1.577 1.948
8 38 1.625 1.795
8 39 1.684 1.687
8 40 1.952 1.885
8 41 1.744 1.826
8 42 1.521 1.547
8 43 1.896 1.548
8 44 1.558 1.66
8 45 1.896 1.875
8 46 1.802 1.962
8 47 1.886 1.545
8 48 1.698 1.89
8 49 1.777 1.865
9 10 60.362 1.814
9 11 63.904 1.977
9 12 1.94 1.971
9 13 1.832 1.89
9 14 1.877 1.629
9 15 1.841 1.829
9 16 1.687 1.783
9 17 1.713 1.589
9 18 1.713 1.988
9 19 1.582 1.775
9 20 1.885 1.664
9 21 1.985 1.728
9 22 1.554 1.667
9 23 1.965 1.864
9 24 1.932 1.643
9 25 1.514 1.894
9 26 1.747 1.601
9 27 1.533 1.942
9 28 1.853 1.892
9 29 1.561 1.888
9 30 1.661 1.843
9 31 1.896 1.969
9 32 1.904 1.895
9 33 1.883 1.561
9 34 1.56 1.889
9 35 1.518 1.692
9 36 1.821 1.969
9 37 1.52 1.964
9 38 1.794 1.598
9 39 1.601 1.672
9 40 1.926 1.924
9 41 1.545 1.594
9 42 1.96 1.617
9 43 1.911 1.738
9 44 1.502 1.736
9 45 1.686 1.704
9 46 1.936 1.594
9 47 1.616 1.5
9 48 1.609 1.586
9 49 1.641 1.998
10 11 64.154 1.829
10 12 1.924 1.633
10 13 1.649 1.757
10 14 1.771 1.73
10 15 1.85 1.522
10 16 1.869 1.723
10 17 1.625 1.77
10 18 1.867 1.571
10 19 1.747 1.997
10 20 1.907 1.586
10 21 1.822 1.741
10 22 1.745 1.973
10 23 1.69 1.932
10 24 1.847 1.641
10 25 1.702 1.96
10 26 1.619 1.58
10 27 1.758 1.769
10 28 1.515 1.93
10 29 1.819 1.67
10 30 1.842 1.786
10 31 1.938 1.507
10 32 1.999 1.647
10 33 1.614 1.517
10 34 1.648 1.988
10 35 1.911 1.584
10 36 1.789 1.763
10 37 1.67 1.525
10 38 1.704 1.843
10 39 1.871 1.634
10 40 1.643 1.527
10 41 1.713 1.631
10 42 1.549 1.945
10 43 1.96 1.782
10 44 1.756 1.592
10 45 1.599 1.987
10 46 1.876 1.705
10 47 1.788 1.938
10 48 1.613 1.826
10 49 1.706 1.732
11 12 1.735 1.81
11 13 1.982 1.778
11 14 1.983 1.733
11 15 1.787 1.845
11 16 1.761 1.528
11 17 1.935 1.757
11 18 1.974 1.755
11 19 1.671 1.861
11 20 1.89 1.863
11 21 1.72 1.786
11 22 1.681 1.772
11 23 1.688 1.74
11 24 1.995 1.554
11 25 1.916 1.913
11 26 1.529 1.539
11 27 1.565 1.877
11 28 1.848 1.927
11 29 1.775 1.838
11 30 1.92 1.627
11 31 1.93 1.519
11 32 1.827 1.998
11 33 1.571 1.758
11 34 1.896 1.578
11 35 1.61 1.539
11 36 1.504 1.582
11 37 1.518 1.675
11 38 1.534 1.815
11 39 1.786 1.827
11 40 1.965 1.888
11 41 1.533 1.978
11 42 1.556 1.972
11 43 1.518 1.765
11 44 1.992 1.809
11 45 1.951 1.967
11 46 1.899 1.891
11 47 1.714 1.624
11 48 1.552 1.749
11 49 1.563 1.736
12 13 63.826 1.616
12 14 61.452 1.891
12 15 1.583 1.528
12 16 1.907 1.967
12 17 1.614 1.541
12 18 1.684 1.863
12 19 1.646 1.749
12 20 1.991 1.936
12 21 1.661 1.791
12 22 1.88 1.614
12 23 1.914 1.612
12 24 1.688 1.988
12 25 1.855 1.527
12 26 1.633 1.59
12 27 1.935 1.593
12 28 1.567 1.735
12 29 1.59 1.805
12 30 1.692 1.634
12 31 1.615 1.886
12 32 1.521 1.868
12 33 1.704 1.907
12 34 1.848 1.638
12 35 1.561 1.525
12 36 1.793 1.569
12 37 1.966 1.615
12 38 1.652 1.776
12 39 1.652 1.851
12 40 1.988 1.944
12 41 1.6 1.519
12 42 1.539 1.817
12 43 1.672 1.881
12 44 1.537 1.965
12 45 1.716 1.981
12 46 1.671 1.688
12 47 1.984 1.817
12 48 1.587 1.745
12 49 1.875 1.611
13 14 62.351 1.556
13 15 1.71 1.517
13 16 1.535 1.943
13 17 1.65 1.602
13 18 1.509 1.668
13 19 1.594 1.868
13 20 1.667 1.872
13 21 1.826 1.774
13 22 1.504 1.906
13 23 1.666 1.527
13 24 1.893 1.928
13 25 1.699 1.99
13 26 1.972 1.97
13 27 1.675 1.897
13 28 1.822 1.945
13 29 1.723 1.733
13 30 1.941 1.777
13 31 1.938 1.526
13 32 1.587 1.904
13 33 1.939 1.69
13 34 1.634 1.705
13 35 1.679 1.972
13 36 1.507 1.533
13 37 1.916 1.656
13 38 1.719 1.838
13 39 1.979 1.786
13 40 1.57 1.613
13 41 1.582 1.509
13 42 1.598 1.739
13 43 1.86 1.689
13 44 1.683 1.968
13 45 1.796 1.744
13 46 1.962 1.976
13 47 1.834 1.869
13 48 1.595 1.534
13 49 1.69 1.524
14 15 1.9 1.879
14 16 1.825 1.749
14 17 1.534 1.85
14 18 1.645 1.767
14 19 1.531 1.559
14 20 1.595 1.84
14 21 1.589 1.582
14 22 1.786 1.926
14 23 1.71 1.622
14 24 1.773 1.597
14 25 1.789 1.756
14 26 1.843 1.878
14 27 1.875 1.551
14 28 1.965 1.752
14 29 1.691 1.657
14 30 1.904 1.884
14 31 1.59 1.536
14 32 1.97 1.799
14 33 1.841 1.848
14 34 1.703 1.904
14 35 1.712 1.952
14 36 1.888 1.81
14 37 1.789 1.623
14 38 1.723 1.859
14 39 1.529 1.885
14 40 1.944 1.699
14 41 1.531 1.522
14 42 1.557 1.679
14 43 1.923 1.615
14 44 1.633 1.933
14 45 1.514 1.71
14 46 1.506 1.898
14 47 1.792 1.746
14 48 1.635 1.831
14 49 1.551 1.565
15 16 66.544 1.977
15 17 68.384 1.987
15 18 1.581 1.903
15 19 1.5 1.892
15 20 1.929 1.786
15 21 1.556 1.638
15 22 1.855 1.715
15 23 1.986 1.519
15 24 1.651 1.63
15 25 1.786 1.596
15 26 1.863 1.804
15 27 1.716 1.909
15 28 1.582 1.822
15 29 1.504 1.963
15 30 1.575 1.859
15 31 1.682 1.561
15 32 1.908 1.797
15 33 1.813 1.744
15 34 1.81 1.837
15 35 1.509 1.591
15 36 1.807 1.681
15 37 1.875 1.596
15 38 1.685 1.836
15 39 1.557 1.92
15 40 1.502 1.767
15 41 1.521 1.768
15 42 1.676 1.869
15 43 1.803 1.899
15 44 1.745 1.797
15 45 1.88 1.832
15 46 1.587 1.553
15 47 1.626 1.745
15 48 1.872 1.724
15 49 1.883 1.578
16 17 60.286 1.579
16 18 1.781 1.858
16 19 1.991 1.62
16 20 1.983 1.886
16 21 1.617 1.613
16 22 1.576 1.555
16 23 1.648 1.781
16 24 1.938 1.96
16 25 1.771 1.599
16 26 1.896 1.743
16 27 1.79 1.559
16 28 1.673 1.981
16 29 1.573 1.883
16 30 1.501 1.797
16 31 1.993 1.569
16 32 1.939 1.533
16 33 1.93 1.856
16 34 1.695 1.594
16 35 1.602 1.959
16 36 1.546 1.673
16 37 1.722 1.853
16 38 1.947 1.551
16 39 1.532 1.803
16 40 1.57 1.974
16 41 1.664 1.848
16 42 1.509 1.69
16 43 1.704 1.752
16 44 1.619 1.987
16 45 1.542 1.911
16 46 1.671 1.734
16 47 1.767 1.622
16 48 1.513 1.826
16 49 1.792 1.646
17 18 1.961 1.672
17 19 1.731 1.623
17 20 1.766 1.823
17 21 1.732 1.781
17 22 1.844 1.869
17 23 1.792 1.736
17 24 1.88 1.927
17 25 1.721 1.849
17 26 1.579 1.716
17 27 1.837 1.95
17 28 1.544 1.671
17 29 1.879 1.885
17 30 1.585 1.744
17 31 1.97 1.886
17 32 1.502 1.711
17 33 1.861 1.993
17 34 1.771 1.874
17 35 1.769 1.869
17 36 1.992 1.63
17 37 1.794 1.577
17 38 1.744 1.542
17 39 1.925 1.601
17 40 1.607 1.979
17 41 1.672 1.892
17 42 1.568 1.826
17 43 1.667 1.936
17 44 1.543 1.967
17 45 1.902 1.977
17 46 1.634 1.966
17 47 1.877 1.974
17 48 1.623 1.703
17 49 1.88 1.989
18 19 67.153 1.574
18 20 63.165 1.513
18 21 1.871 1.783
18 22 1.575 1.632
18 23 1.986 1.932
18 24 1.794 1.529
18 25 1.908 1.98
18 26 1.755 1.794
18 27 1.865 1.588
18 28 1.73 1.582
18 29 1.984 1.923
18 30 1.509 1.974
18 31 1.801 1.911
18 32 1.563 1.505
18 33 1.677 1.619
18 34 1.655 1.861
18 35 1.921 1.975
18 36 1.928 1.519
18 37 1.818 1.929
18 38 1.906 1.986
18 39 1.761 1.526
18 40 1.713 1.741
18 41 1.694 1.775
18 42 1.721 1.581
18 43 1.502 1.833
18 44 1.977 1.899
18 45 1.821 1.669
18 46 1.694 1.562
18 47 1.52 1.695
18 48 1.525 1.913
18 49 1.733 1.907
19 20 62.155 1.605
19 21 1.713 1.521
19 22 1.505 1.609
19 23 1.983 1.755
19 24 1.744 1.768
19 25 1.908 1.565
19 26 1.765 1.712
19 27 1.77 1.843
19 28 1.978 1.652
19 29 1.956 1.729
19 30 1.59 1.744
19 31 1.602 1.974
19 32 1.573 1.805
19 33 1.685 1.633
19 34 1.603 1.723
19 35 1.995 1.679
19 36 1.637 1.658
19 37 1.969 1.738
19 38 1.878 1.765
19 39 1.62 1.68
19 40 1.556 1.872
19 41 1.773 1.557
19 42 1.813 1.731
19 43 1.915 1.79
19 44 1.719 1.76
19 45 1.558 1.853
19 46 1.67 1.763
19 47 1.898 1.64
19 48 1.955 1.559
19 49 1.951 1.724
20 21 1.617 1.57
20 22 1.716 1.808
20 23 1.856 1.718
20 24 1.703 1.81
20 25 1.688 1.797
20 26 1.974 1.855
20 27 1.709 1.783
20 28 1.874 1.569
20 29 1.928 1.756
20 30 1.665 1.56
20 31 1.601 1.692
20 32 1.83 1.843
20 33 1.596 1.778
20 34 1.98 1.754
20 35 1.508 1.875
20 36 1.811 1.678
20 37 1.557 1.83
20 38 1.812 1.99
20 39 1.512 1.905
20 40 1.713 1.618
20 41 1.909 1.717
20 42 1.763 1.548
20 43 1.711 1.946
20 44 1.621 1.906
20 45 1.696 1.994
20 46 1.875 1.808
20 47 1.649 1.613
20 48 1.922 1.52
20 49 1.957 1.835
21 22 61.968 1.979
21 23 62.353 1.7
21 24 1.86 1.55
21 25 1.685 1.8
21 26 1.506 1.591
21 27 1.89 1.794
21 28 1.92 1.585
21 29 1.806 1.942
21 30 1.547 1.722
21 31 1.679 1.615
21 32 1.889 1.51
21 33 1.58 1.993
21 34 1.574 1.912
21 35 1.533 1.547
21 36 1.739 1.977
21 37 1.557 1.579
21 38 1.601 1.878
21 39 1.585 1.99
21 40 1.581 1.674
21 41 1.852 1.925
21 42 1.754 1.785
21 43 1.824 1.838
21 44 1.957 1.973
21 45 1.753 1.726
21 46 1.975 1.651
21 47 1.548 1.652
21 48 1.721 1.854
21 49 1.523 1.575
22 23 63.408 1.654
22 24 1.932 1.7
22 25 1.996 1.586
22 26 1.788 1.816
22 27 1.692 1.589
22 28 1.503 1.865
22 29 1.686 1.557
22 30 1.859 1.764
22 31 1.553 1.608
22 32 1.776 1.856
22 33 1.551 1.782
22 34 1.643 1.591
22 35 1.758 1.857
22 36 1.554 1.743
22 37 1.796 1.696
22 38 1.69 1.82
22 39 1.954 1.544
22 40 1.944 1.729
22 41 1.954 1.599
22 42 1.952 1.949
22 43 1.83 1.762
22 44 1.756 1.505
22 45 1.847 1.513
22 46 1.856 1.922
22 47 1.618 1.556
22 48 1.943 1.943
22 49 1.734 1.931
23 24 1.65 1.675
23 25 1.597 1.673
23 26 1.509 1.837
23 27 1.529 1.692
23 28 1.734 1.9
23 29 1.729 1.682
23 30 1.542 1.938
23 31 1.56 1.731
23 32 1.539 1.55
23 33 1.634 1.643
23 34 1.803 1.723
23 35 1.58 1.716
23 36 1.532 1.93
23 37 1.688 1.562
23 38 1.996 1.756
23 39 1.635 1.925
23 40 1.759 1.974
23 41 1.709 1.839
23 42 1.749 1.721
23 43 1.753 1.945
23 44 1.64 1.643
23 45 1.663 1.642
23 46 1.733 1.744
23 47 1.619 1.683
23 48 1.705 1.665
23 49 1.543 1.644
24 25 64.305 1.9
24 26 65.108 1.637
24 27 1.984 1.635
24 28 1.69 1.85
24 29 1.922 1.982
24 30 1.586 1.736
24 31 1.725 1.761
24 32 1.943 1.767
24 33 1.605 1.775
24 34 1.627 1.792
24 35 1.656 1.606
24 36 1.544 1.876
24 37 1.902 1.709
24 38 1.807 1.858
24 39 1.817 1.926
24 40 1.894 1.899
24 41 1.876 1.679
24 42 1.966 1.922
24 43 1.908 1.568
24 44 1.707 1.717
24 45 1.906 1.971
24 46 1.889 1.533
24 47 1.723 1.998
24 48 1.648 1.622
24 49 1.667 1.539
25 26 64.871 1.695
25 27 1.873 1.842
25 28 1.896 1.955
25 29 1.798 1.878
25 30 1.759 1.719
25 31 1.515 1.969
25 32 1.779 1.88
25 33 1.654 1.554
25 34 1.813 1.591
25 35 1.947 1.742
25 36 1.609 1.639
25 37 1.51 1.516
25 38 1.959 1.501
25 39 1.865 1.782
25 40 1.523 1.699
25 41 1.933 1.804
25 42 1.546 1.624
25 43 1.785 1.981
25 44 1.606 1.963
25 45 1.526 1.54
25 46 1.92 1.816
25 47 1.536 1.551
25 48 1.79 1.76
25 49 1.81 1.639
26 27 1.629 1.898
26 28 1.627 1.93
26 29 1.6 1.945
26 30 1.861 1.843
26 31 1.745 1.732
26 32 1.565 1.931
26 33 1.892 1.798
26 34 1.547 1.685
26 35 1.791 1.585
26 36 1.532 1.943
26 37 1.968 1.83
26 38 1.779 1.718
26 39 1.896 1.84
26 40 1.663 1.811
26 41 1.921 1.912
26 42 1.665 1.824
26 43 1.521 1.7
26 44 1.954 1.714
26 45 1.72 1.978
26 46 1.59 1.615
26 47 1.772 1.676
26 48 1.529 1.671
26 49 1.665 1.597
27 28 67.166 1.545
27 29 64.972 1.976
27 30 1.622 1.898
27 31 1.563 1.89
27 32 1.593 1.834
27 33 1.993 1.749
27 34 1.667 1.543
27 35 1.682 1.652
27 36 1.841 1.945
27 37 1.78 1.869
27 38 1.501 1.835
27 39 1.886 1.818
27 40 1.982 1.683
27 41 1.585 1.885
27 42 1.927 1.785
27 43 1.785 1.833
27 44 1.905 1.57
27 45 1.69 1.535
27 46 1.822 1.608
27 47 1.879 1.707
27 48 1.57 1.549
27 49 1.916 1.551
28 29 63.466 1.906
28 30 1.923 1.723
28 31 1.504 1.935
28 32 1.509 1.556
28 33 1.776 1.72
28 34 1.93 1.833
28 35 1.808 1.694
28 36 1.831 1.741
28 37 1.583 1.556
28 38 1.542 1.935
28 39 1.928 1.785
28 40 1.724 1.552
28 41 1.542 1.777
28 42 1.773 1.954
28 43 1.707 1.781
28 44 1.782 1.883
28 45 1.975 1.999
28 46 1.986 1.558
28 47 1.823 1.577
28 48 1.553 1.77
28 49 1.77 1.996
29 30 1.52 1.597
29 31 1.859 1.623
29 32 1.55 1.73
29 33 1.589 1.593
29 34 1.752 1.571
29 35 1.771 1.583
29 36 1.696 1.821
29 37 1.975 1.961
29 38 1.829 1.909
29 39 1.992 1.625
29 40 1.782 1.8
29 41 1.517 1.913
29 42 1.765 1.811
29 43 1.576 1.634
29 44 1.961 1.951
29 45 1.731 1.934
29 46 1.595 1.762
29 47 1.965 1.609
29 48 1.763 1.747
29 49 1.697 1.563
30 31 66.647 1.578
30 32 68.07 1.698
30 33 1.658 1.763
30 34 1.905 1.789
30 35 1.858 1.842
30 36 1.851 1.739
30 37 1.574 1.832
30 38 1.674 1.622
30 39 1.617 1.892
30 40 1.533 1.846
30 41 1.82 1.527
30 42 1.991 1.527
30 43 1.76 1.974
30 44 1.799 1.91
30 45 1.843 1.537
30 46 1.621 1.945
30 47 1.841 1.956
30 48 1.593 1.866
30 49 1.871 1.619
31 32 68.292 1.724
31 33 1.765 1.568
31 34 1.901 1.955
31 35 1.528 1.969
31 36 1.708 1.897
31 37 1.651 1.701
31 38 1.732 1.923
31 39 1.863 1.799
31 40 1.804 1.757
31 41 1.858 1.707
31 42 1.531 1.996
31 43 1.554 1.786
31 44 1.879 1.956
31 45 1.791 1.661
31 46 1.889 1.629
31 47 1.707 1.95
31 48 1.652 1.561
31 49 1.863 1.905
32 33 1.915 1.815
32 34 1.724 1.974
32 35 1.88 1.55
32 36 1.947 1.536
32 37 1.56 1.621
32 38 1.969 1.679
32 39 1.975 1.838
32 40 2.0 1.987
32 41 1.629 1.617
32 42 1.971 1.64
32 43 1.604 1.895
32 44 1.609 1.701
32 45 1.809 1.685
32 46 1.812 1.767
32 47 1.758 1.605
32 48 1.585 1.929
32 49 1.507 1.935
33 34 60.795 1.68
33 35 61.351 1.855
33 36 1.502 1.946
33 37 1.541 1.774
33 38 1.503 1.934
33 39 1.543 1.885
33 40 1.681 1.614
33 41 1.963 1.808
33 42 1.66 1.578
33 43 1.774 1.607
33 44 1.509 1.783
33 45 1.506 1.827
33 46 1.922 1.728
33 47 1.634 1.621
33 48 1.507 1.504
33 49 1.917 1.825
34 35 64.31 1.723
34 36 1.872 1.978
34 37 1.845 1.81
34 38 1.757 1.534
34 39 1.835 1.525
34 40 1.91 1.647
34 41 1.602 1.72
34 42 1.551 1.519
34 43 1.735 1.969
34 44 1.675 1.952
34 45 1.504 1.868
34 46 1.985 1.512
34 47 1.655 1.784
34 48 1.525 1.863
34 49 1.828 1.944
35 36 1.965 1.521
35 37 1.954 1.726
35 38 1.786 1.804
35 39 1.548 1.975
35 40 1.617 1.997
35 41 1.648 1.793
35 42 1.57 1.52
35 43 1.639 1.918
35 44 1.668 1.763
35 45 1.893 1.82
35 46 1.685 1.67
35 47 1.894 1.615
35 48 1.849 1.56
35 49 1.85 1.78
36 37 64.153 1.954
36 38 64.606 1.628
36 39 1.988 1.986
36 40 1.569 1.565
36 41 1.953 1.802
36 42 1.967 1.693
36 43 1.533 1.792
36 44 1.811 1.74
36 45 1.886 1.58
36 46 1.947 1.859
36 47 1.551 1.705
36 48 1.908 1.727
36 49 1.636 1.654
37 38 67.6 1.822
37 39 1.644 1.89
37 40 1.831 1.816
37 41 1.532 1.745
37 42 1.698 1.939
37 43 1.972 1.742
37 44 1.673 1.922
37 45 1.977 1.918
37 46 1.605 1.888
37 47 1.823 1.665
37 48 1.598 1.811
37 49 1.567 1.598
38 39 1.967 1.66
38 40 1.529 1.996
38 41 1.909 1.907
38 42 1.804 1.656
38 43 1.827 1.591
38 44 1.987 1.698
38 45 1.645 1.549
38 46 1.727 1.65
38 47 1.817 1.609
38 48 1.529 1.605
38 49 1.605 1.989
39 40 68.771 1.85
39 41 67.343 1.792
39 42 1.766 1.769
39 43 1.659 1.84
39 44 1.806 1.739
39 45 1.624 1.661
39 46 1.797 1.576
39 47 1.7 1.58
39 48 1.511 1.949
39 49 1.734 1.804
40 41 63.765 1.799
40 42 1.905 1.97
40 43 1.697 1.731
40 44 1.55 1.888
40 45 1.74 1.699
40 46 1.843 1.92
40 47 1.906 1.651
40 48 1.806 1.795
40 49 1.749 1.695
41 42 1.535 1.972
41 43 1.529 1.711
41 44 1.821 1.566
41 45 1.717 1.547
41 46 1.781 1.564
41 47 1.774 1.592
41 48 1.804 1.952
41 49 1.837 1.697
42 43 61.871 1.878
42 44 62.454 1.903
42 45 1.587 1.628
42 46 1.927 1.938
42 47 1.941 1.828
42 48 1.945 1.878
42 49 1.893 1.71
43 44 64.031 1.783
43 45 1.614 1.829
43 46 1.842 1.629
43 47 1.566 1.528
43 48 1.91 1.883
43 49 1.779 1.995
44 45 1.76 1.836
44 46 1.706 1.599
44 47 1.916 1.962
44 48 1.675 1.936
44 49 1.622 1.804
45 46 61.548 1.986
45 47 68.245 1.805
45 48 1.724 1.534
45 49 1.786 1.505
46 47 60.853 1.934
46 48 1.641 1.525
46 49 1.782 1.963
47 48 1.762 1.965
47 49 1.846 1.614
48 49 66.465 1.537
