50
80
0 1 6.151 0.419
0 2 3.739 0.416
0 3 4.697 0.402
0 4 4.214 0.412
0 5 3.452 0.395
0 6 5.878 0.395
0 7 6.129 0.413
0 8 6.820 0.495
0 9 4.854 0.477
0 10 4.397 0.459
0 11 8.624 0.447
0 12 8.549 0.397
0 13 3.571 0.397
0 14 6.627 0.406
0 15 3.110 0.387
0 16 5.262 0.429
0 17 4.462 0.355
0 18 6.785 0.446
0 19 6.115 0.388
0 20 10.180 0.485
0 21 6.084 0.393
0 22 5.903 0.429
0 23 4.974 0.355
0 24 5.831 0.491
0 25 3.569 0.454
0 26 3.174 0.440
0 27 3.026 0.370
0 28 6.764 0.556
0 29 7.875 0.477
0 30 9.545 0.470
0 31 7.758 0.417
0 32 6.663 0.377
0 33 5.388 0.382
0 34 8.481 0.339
0 35 5.569 0.366
0 36 6.312 0.499
0 37 6.196 0.399
0 38 7.664 0.385
0 39 10.090 0.505
0 40 5.366 0.487
0 41 3.374 0.450
0 42 2.491 0.372
0 43 6.204 0.453
0 44 3.277 0.361
0 45 6.964 0.383
0 46 5.583 0.428
0 47 5.816 0.357
0 48 7.405 0.392
0 49 6.207 0.391
1 2 10.076 0.412
1 3 5.031 0.419
1 4 6.414 0.401
1 5 9.288 0.430
1 6 5.024 0.401
1 7 5.964 0.399
1 8 6.938 0.379
1 9 6.560 0.415
1 10 4.707 0.399
1 11 4.912 0.420
1 12 5.680 0.393
1 13 6.076 0.438
1 14 8.068 0.410
1 15 3.538 0.404
1 16 3.507 0.467
1 17 6.591 0.434
1 18 10.282 0.448
1 19 4.160 0.389
1 20 5.880 0.331
1 21 6.560 0.404
1 22 2.937 0.399
1 23 5.394 0.415
1 24 5.708 0.435
1 25 6.555 0.410
1 26 5.721 0.421
1 27 7.390 0.443
1 28 5.773 0.447
1 29 3.533 0.457
1 30 4.408 0.392
1 31 5.065 0.403
1 32 7.318 0.491
1 33 5.179 0.390
1 34 6.347 0.408
1 35 6.579 0.382
1 36 8.069 0.418
1 37 8.453 0.368
1 38 9.440 0.378
1 39 6.816 0.456
1 40 6.645 0.411
1 41 8.094 0.405
1 42 2.361 0.371
1 43 5.148 0.399
1 44 6.249 0.361
1 45 10.625 0.454
1 46 4.069 0.509
1 47 5.307 0.394
1 48 7.933 0.440
1 49 4.149 0.397
2 3 5.662 0.461
2 4 7.084 0.382
2 5 5.564 0.386
2 6 5.449 0.419
2 7 6.256 0.410
2 8 1.013 0.457
2 9 5.762 0.382
2 10 9.320 0.414
2 11 6.883 0.439
2 12 4.998 0.391
2 13 6.171 0.376
2 14 7.158 0.433
2 15 3.877 0.443
2 16 3.963 0.346
2 17 8.319 0.418
2 18 7.313 0.436
2 19 5.018 0.330
2 20 6.319 0.438
2 21 5.482 0.405
2 22 5.159 0.484
2 23 9.500 0.406
2 24 6.258 0.380
2 25 5.325 0.326
2 26 8.477 0.367
2 27 6.442 0.448
2 28 3.774 0.430
2 29 4.787 0.335
2 30 6.541 0.409
2 31 6.013 0.411
2 32 11.042 0.377
2 33 5.951 0.389
2 34 5.480 0.438
2 35 4.105 0.438
2 36 4.196 0.444
2 37 10.607 0.459
2 38 5.232 0.363
2 39 5.487 0.433
2 40 3.794 0.400
2 41 6.673 0.514
2 42 3.535 0.449
2 43 7.996 0.426
2 44 5.481 0.469
2 45 4.855 0.459
2 46 5.217 0.388
2 47 2.991 0.434
2 48 4.473 0.473
2 49 4.934 0.492
3 4 7.865 0.383
3 5 8.034 0.450
3 6 6.976 0.450
3 7 4.405 0.340
3 8 5.119 0.416
3 9 10.225 0.420
3 10 4.569 0.452
3 11 9.401 0.424
3 12 4.624 0.411
3 13 4.275 0.397
3 14 10.398 0.436
3 15 4.555 0.462
3 16 6.502 0.435
3 17 6.600 0.372
3 18 6.363 0.413
3 19 8.143 0.460
3 20 2.284 0.388
3 21 6.907 0.449
3 22 5.689 0.425
3 23 2.942 0.476
3 24 5.499 0.444
3 25 6.457 0.429
3 26 10.935 0.416
3 27 7.268 0.475
3 28 5.162 0.426
3 29 8.030 0.435
3 30 2.348 0.401
3 31 5.279 0.378
3 32 3.829 0.422
3 33 6.071 0.376
3 34 6.636 0.450
3 35 3.335 0.478
3 36 5.614 0.392
3 37 5.121 0.443
3 38 7.057 0.404
3 39 6.610 0.442
3 40 7.113 0.378
3 41 8.037 0.444
3 42 10.192 0.453
3 43 8.079 0.464
3 44 5.067 0.514
3 45 6.531 0.405
3 46 3.917 0.442
3 47 1.885 0.443
3 48 3.719 0.480
3 49 6.992 0.425
4 5 5.364 0.449
4 6 4.762 0.496
4 7 6.594 0.384
4 8 4.990 0.450
4 9 6.564 0.408
4 10 3.965 0.413
4 11 1.392 0.449
4 12 5.944 0.488
4 13 7.666 0.458
4 14 6.571 0.508
4 15 3.882 0.434
4 16 6.136 0.450
4 17 5.358 0.412
4 18 4.128 0.453
4 19 8.095 0.427
4 20 3.594 0.424
4 21 2.859 0.432
4 22 1.232 0.451
4 23 6.477 0.477
4 24 1.429 0.412
4 25 7.482 0.369
4 26 5.301 0.430
4 27 3.264 0.433
4 28 7.846 0.413
4 29 5.247 0.333
4 30 4.562 0.383
4 31 6.304 0.437
4 32 0.977 0.440
4 33 7.045 0.421
4 34 4.264 0.385
4 35 8.118 0.359
4 36 4.568 0.437
4 37 4.358 0.412
4 38 5.831 0.438
4 39 5.250 0.414
4 40 4.017 0.529
4 41 6.548 0.377
4 42 3.481 0.408
4 43 5.222 0.378
4 44 8.369 0.391
4 45 5.851 0.406
4 46 8.099 0.474
4 47 8.716 0.397
4 48 5.393 0.390
4 49 4.640 0.440
5 6 6.485 0.378
5 7 6.809 0.449
5 8 2.623 0.477
5 9 2.838 0.400
5 10 5.520 0.537
5 11 0.594 0.422
5 12 6.914 0.486
5 13 4.770 0.363
5 14 8.521 0.475
5 15 5.246 0.305
5 16 4.422 0.467
5 17 4.573 0.468
5 18 5.245 0.421
5 19 6.448 0.417
5 20 6.629 0.398
5 21 6.541 0.375
5 22 4.770 0.396
5 23 7.149 0.437
5 24 4.260 0.406
5 25 8.518 0.437
5 26 6.066 0.383
5 27 6.237 0.493
5 28 5.144 0.398
5 29 6.760 0.375
5 30 11 0.364
5 31 9.020 0.406
5 32 3.998 0.387
5 33 6.147 0.402
5 34 6.086 0.433
5 35 4.316 0.359
5 36 4.011 0.449
5 37 2.701 0.405
5 38 9.048 0.422
5 39 6.216 0.406
5 40 8.145 0.405
5 41 6.944 0.406
5 42 10.149 0.446
5 43 3.691 0.488
5 44 6.493 0.376
5 45 5.756 0.430
5 46 3.025 0.401
5 47 9.179 0.424
5 48 9.559 0.510
5 49 4.551 0.453
6 7 4.021 0.400
6 8 7.846 0.435
6 9 9.550 0.422
6 10 4.716 0.427
6 11 5.168 0.439
6 12 3.255 0.517
6 13 9.145 0.311
6 14 5.507 0.463
6 15 5.587 0.446
6 16 7.799 0.444
6 17 6.635 0.436
6 18 5.261 0.366
6 19 6.890 0.409
6 20 4.894 0.420
6 21 6.933 0.399
6 22 6.115 0.434
6 23 7.460 0.455
6 24 5.621 0.365
6 25 6.700 0.393
6 26 4.847 0.476
6 27 5.651 0.401
6 28 5.634 0.394
6 29 6.758 0.448
6 30 5.047 0.480
6 31 2.498 0.361
6 32 8.527 0.387
6 33 0.259 0.442
6 34 7.881 0.403
6 35 6.038 0.455
6 36 2.703 0.347
6 37 5.244 0.447
6 38 2.605 0.395
6 39 4.275 0.418
6 40 8.804 0.442
6 41 4.915 0.466
6 42 3.740 0.432
6 43 7.444 0.368
6 44 5.070 0.419
6 45 7.967 0.429
6 46 6.863 0.421
6 47 4.051 0.429
6 48 8.301 0.454
6 49 6.034 0.441
7 8 5.224 0.441
7 9 6.752 0.376
7 10 8.017 0.496
7 11 3.693 0.437
7 12 7.886 0.440
7 13 3.461 0.416
7 14 4.137 0.418
7 15 7.604 0.504
7 16 4.598 0.439
7 17 5.701 0.469
7 18 3.858 0.459
7 19 7.992 0.484
7 20 5.316 0.536
7 21 7.431 0.469
7 22 4.380 0.466
7 23 9.382 0.413
7 24 8.551 0.424
7 25 5.577 0.398
7 26 3.249 0.436
7 27 4.300 0.439
7 28 6.869 0.322
7 29 4.951 0.420
7 30 8.680 0.373
7 31 6.427 0.399
7 32 4.880 0.371
7 33 7.942 0.411
7 34 5.460 0.481
7 35 7.162 0.418
7 36 8.281 0.407
7 37 4.475 0.434
7 38 6.321 0.483
7 39 2.105 0.405
7 40 6.250 0.445
7 41 4.732 0.406
7 42 6.680 0.405
7 43 5.513 0.406
7 44 3.564 0.448
7 45 6.296 0.405
7 46 5.450 0.430
7 47 9.686 0.392
7 48 4.155 0.329
7 49 7.052 0.402
8 9 6.345 0.396
8 10 3.829 0.442
8 11 6.500 0.456
8 12 7.711 0.435
8 13 5.627 0.360
8 14 7.335 0.379
8 15 6.122 0.357
8 16 6.671 0.447
8 17 7.376 0.358
8 18 8.703 0.398
8 19 7.839 0.434
8 20 1.938 0.415
8 21 6.873 0.418
8 22 6.687 0.389
8 23 6.759 0.492
8 24 4.629 0.383
8 25 5.066 0.405
8 26 3.259 0.452
8 27 3.083 0.385
8 28 8.728 0.434
8 29 3.973 0.419
8 30 10.605 0.396
8 31 3.494 0.381
8 32 5.233 0.355
8 33 9.619 0.412
8 34 5.528 0.440
8 35 5.753 0.436
8 36 5.216 0.436
8 37 9.113 0.397
8 38 7.775 0.396
8 39 7.091 0.478
8 40 9.210 0.395
8 41 9.189 0.412
8 42 4.636 0.354
8 43 8.171 0.471
8 44 10.576 0.378
8 45 5.184 0.428
8 46 5.173 0.380
8 47 4.899 0.430
8 48 2.773 0.491
8 49 6.966 0.469
9 10 5.809 0.491
9 11 4.635 0.453
9 12 5.529 0.429
9 13 8.355 0.400
9 14 7.753 0.357
9 15 5.254 0.447
9 16 7.479 0.450
9 17 4.791 0.487
9 18 8.764 0.460
9 19 5.131 0.415
9 20 6.919 0.448
9 21 9.275 0.500
9 22 7.957 0.434
9 23 7.900 0.480
9 24 5.448 0.399
9 25 3.413 0.387
9 26 6.274 0.445
9 27 6.885 0.494
9 28 8.170 0.348
9 29 4.866 0.423
9 30 9.251 0.438
9 31 5.954 0.367
9 32 6.868 0.354
9 33 3.543 0.401
9 34 3.024 0.479
9 35 6.799 0.530
9 36 5.372 0.465
9 37 1.614 0.435
9 38 7.040 0.449
9 39 5.295 0.405
9 40 3.933 0.444
9 41 5.565 0.433
9 42 9.723 0.395
9 43 5.834 0.401
9 44 1.959 0.439
9 45 7.920 0.427
9 46 5.679 0.441
9 47 4.982 0.375
9 48 6.806 0.478
9 49 1.385 0.451
10 11 6.237 0.447
10 12 4.518 0.433
10 13 6.233 0.530
10 14 7.568 0.381
10 15 6.012 0.455
10 16 7.087 0.429
10 17 3.630 0.443
10 18 5.258 0.451
10 19 6.302 0.386
10 20 8.643 0.459
10 21 5.159 0.421
10 22 3.865 0.379
10 23 5.174 0.384
10 24 7.908 0.392
10 25 7.521 0.429
10 26 9.950 0.411
10 27 6.962 0.471
10 28 6.871 0.430
10 29 5.417 0.466
10 30 4.618 0.413
10 31 5.596 0.325
10 32 5.336 0.406
10 33 5.225 0.515
10 34 1.474 0.447
10 35 4.684 0.447
10 36 8.466 0.426
10 37 6.558 0.447
10 38 6.851 0.420
10 39 5.443 0.443
10 40 7.860 0.440
10 41 2.977 0.389
10 42 4.629 0.397
10 43 5.447 0.401
10 44 8.379 0.383
10 45 8.697 0.508
10 46 7.729 0.426
10 47 5.382 0.340
10 48 1.963 0.439
10 49 5.312 0.458
11 12 7.131 0.458
11 13 3.734 0.455
11 14 3.623 0.343
11 15 6.880 0.450
11 16 9.225 0.409
11 17 3.342 0.342
11 18 5.930 0.386
11 19 5.954 0.444
11 20 4.345 0.444
11 21 8.879 0.422
11 22 5.666 0.368
11 23 4.525 0.433
11 24 5.912 0.363
11 25 8.890 0.440
11 26 3.771 0.407
11 27 6.755 0.423
11 28 4.072 0.434
11 29 2.999 0.493
11 30 6.521 0.445
11 31 6.835 0.433
11 32 4.285 0.393
11 33 5.811 0.480
11 34 2.780 0.455
11 35 3.253 0.429
11 36 6.635 0.438
11 37 7.328 0.476
11 38 3.848 0.399
11 39 5.680 0.443
11 40 7.120 0.481
11 41 7.990 0.475
11 42 4.409 0.427
11 43 5.496 0.411
11 44 2.226 0.510
11 45 8.072 0.481
11 46 3.883 0.399
11 47 4.133 0.456
11 48 6.770 0.380
11 49 4.058 0.403
12 13 8.259 0.412
12 14 7.989 0.398
12 15 5.513 0.425
12 16 7.477 0.406
12 17 8.711 0.376
12 18 3.664 0.470
12 19 8.887 0.428
12 20 4.802 0.379
12 21 6.941 0.365
12 22 7.558 0.469
12 23 6.086 0.492
12 24 9.736 0.381
12 25 5.031 0.444
12 26 7.410 0.447
12 27 6.375 0.395
12 28 6.372 0.453
12 29 6.665 0.377
12 30 7.069 0.453
12 31 7.425 0.378
12 32 3.822 0.384
12 33 6.061 0.439
12 34 6.500 0.447
12 35 5.382 0.388
12 36 8.112 0.443
12 37 8.387 0.443
12 38 7.474 0.481
12 39 6.491 0.352
12 40 6.366 0.413
12 41 3.871 0.333
12 42 5.278 0.452
12 43 5.284 0.420
12 44 3.894 0.464
12 45 4.058 0.394
12 46 9.219 0.386
12 47 6.499 0.410
12 48 4.651 0.410
12 49 4.943 0.423
13 14 5.938 0.403
13 15 8.235 0.496
13 16 5 0.351
13 17 5.108 0.449
13 18 6.786 0.478
13 19 4.798 0.491
13 20 6.927 0.468
13 21 7.710 0.486
13 22 7.776 0.435
13 23 5.384 0.416
13 24 5.071 0.384
13 25 4.702 0.431
13 26 1.947 0.352
13 27 3.680 0.425
13 28 3.368 0.373
13 29 6.407 0.413
13 30 3.724 0.408
13 31 6.348 0.521
13 32 7.281 0.407
13 33 9.427 0.484
13 34 9.227 0.393
13 35 6.391 0.421
13 36 5.762 0.372
13 37 7.381 0.419
13 38 8.456 0.342
13 39 8.044 0.392
13 40 7.968 0.495
13 41 5.371 0.514
13 42 6.865 0.459
13 43 5.494 0.420
13 44 1.949 0.434
13 45 6.075 0.430
13 46 8.519 0.376
13 47 3.924 0.460
13 48 3.721 0.394
13 49 6.558 0.439
14 15 4.299 0.448
14 16 5.669 0.482
14 17 6.075 0.454
14 18 7.694 0.408
14 19 4.378 0.371
14 20 6 0.407
14 21 9.883 0.432
14 22 5.004 0.481
14 23 6.524 0.358
14 24 5.604 0.493
14 25 6.033 0.443
14 26 4.942 0.421
14 27 7.746 0.452
14 28 6.665 0.379
14 29 8.241 0.401
14 30 3.937 0.425
14 31 5.370 0.429
14 32 7.713 0.445
14 33 5.808 0.425
14 34 5.027 0.409
14 35 2.661 0.426
14 36 7.204 0.458
14 37 6.619 0.368
14 38 7.163 0.425
14 39 4.487 0.477
14 40 7.187 0.429
14 41 6.180 0.417
14 42 5.331 0.438
14 43 4.768 0.448
14 44 3.747 0.418
14 45 3.946 0.414
14 46 5.601 0.444
14 47 6.023 0.466
14 48 9.290 0.438
14 49 6.057 0.410
15 16 3.243 0.433
15 17 3.626 0.474
15 18 7.716 0.378
15 19 3.343 0.458
15 20 6.197 0.379
15 21 5.368 0.448
15 22 7.041 0.483
15 23 3.580 0.413
15 24 9.424 0.393
15 25 5.070 0.448
15 26 8.522 0.393
15 27 8.325 0.452
15 28 5.722 0.410
15 29 5.155 0.427
15 30 6.177 0.435
15 31 8.268 0.415
15 32 6.023 0.432
15 33 4.901 0.461
15 34 6.224 0.344
15 35 6.279 0.425
15 36 8.881 0.410
15 37 5.589 0.405
15 38 7.737 0.411
15 39 4.523 0.482
15 40 3.097 0.454
15 41 4.593 0.435
15 42 7.659 0.404
15 43 6.823 0.437
15 44 5.368 0.463
15 45 5.737 0.386
15 46 8.777 0.453
15 47 7.424 0.455
15 48 3.734 0.449
15 49 5.881 0.401
16 17 4.145 0.463
16 18 7.671 0.458
16 19 4.525 0.377
16 20 6.737 0.431
16 21 5.175 0.349
16 22 5.052 0.428
16 23 5.348 0.366
16 24 6.633 0.414
16 25 6.336 0.357
16 26 4.041 0.390
16 27 5.514 0.390
16 28 2.878 0.434
16 29 5.321 0.398
16 30 6.182 0.503
16 31 7.080 0.384
16 32 6.810 0.441
16 33 2.007 0.456
16 34 7.345 0.425
16 35 7.256 0.399
16 36 5.198 0.367
16 37 2.870 0.369
16 38 7.297 0.441
16 39 6.280 0.446
16 40 6.831 0.429
16 41 5.627 0.377
16 42 1.133 0.423
16 43 3.749 0.475
16 44 12.200 0.386
16 45 5.517 0.448
16 46 6.929 0.408
16 47 8.350 0.396
16 48 7.134 0.480
16 49 6 0.462
17 18 6.307 0.463
17 19 8.171 0.424
17 20 2.727 0.354
17 21 6.257 0.435
17 22 7.578 0.421
17 23 5.799 0.446
17 24 5.871 0.406
17 25 4.936 0.466
17 26 4.389 0.344
17 27 5.399 0.418
17 28 4.036 0.430
17 29 7.835 0.363
17 30 9.055 0.423
17 31 7.751 0.381
17 32 3.778 0.429
17 33 5.326 0.430
17 34 6.130 0.345
17 35 4.029 0.399
17 36 4.303 0.386
17 37 5.028 0.501
17 38 3.294 0.423
17 39 7.298 0.481
17 40 9.530 0.468
17 41 6.609 0.467
17 42 6.219 0.428
17 43 6.782 0.431
17 44 5.097 0.432
17 45 4.657 0.456
17 46 4.592 0.436
17 47 5.526 0.423
17 48 7.434 0.503
17 49 9.013 0.419
18 19 10.091 0.433
18 20 9.037 0.440
18 21 4.039 0.389
18 22 6.572 0.451
18 23 2.722 0.426
18 24 3.120 0.357
18 25 6.566 0.448
18 26 7.290 0.449
18 27 3.705 0.426
18 28 6.109 0.371
18 29 7.867 0.448
18 30 3.668 0.382
18 31 8.064 0.307
18 32 6.724 0.343
18 33 7.908 0.444
18 34 4.076 0.439
18 35 6.294 0.395
18 36 7.994 0.475
18 37 5.043 0.366
18 38 4.403 0.454
18 39 5.622 0.390
18 40 3.723 0.354
18 41 5.267 0.441
18 42 6.553 0.446
18 43 5.058 0.413
18 44 7.741 0.371
18 45 4.618 0.369
18 46 6.342 0.477
18 47 1.797 0.479
18 48 5.327 0.405
18 49 10.042 0.425
19 20 3.739 0.389
19 21 4.327 0.383
19 22 8.753 0.452
19 23 5.878 0.383
19 24 7.671 0.424
19 25 3.942 0.456
19 26 2.763 0.467
19 27 2.671 0.435
19 28 6.121 0.407
19 29 4.624 0.364
19 30 4.096 0.468
19 31 5.881 0.473
19 32 5.370 0.388
19 33 1.886 0.486
19 34 5.497 0.385
19 35 5.307 0.368
19 36 7.158 0.348
19 37 3.703 0.493
19 38 7.689 0.491
19 39 5.943 0.439
19 40 5.897 0.341
19 41 0.344 0.390
19 42 7.103 0.431
19 43 8.515 0.469
19 44 8.592 0.416
19 45 6.594 0.430
19 46 6.030 0.434
19 47 5.159 0.415
19 48 6.322 0.410
19 49 6.295 0.439
20 21 8.477 0.476
20 22 5.083 0.407
20 23 4.889 0.443
20 24 8.307 0.412
20 25 5.435 0.360
20 26 5.332 0.401
20 27 6.488 0.439
20 28 4.030 0.367
20 29 8.738 0.444
20 30 6.149 0.354
20 31 4.246 0.346
20 32 4.978 0.422
20 33 8.190 0.386
20 34 7.197 0.463
20 35 5.277 0.438
20 36 5.561 0.422
20 37 5.202 0.428
20 38 7.667 0.407
20 39 3.459 0.414
20 40 6.357 0.401
20 41 8.110 0.475
20 42 7.623 0.397
20 43 7.978 0.345
20 44 5.546 0.422
20 45 6.406 0.448
20 46 6.278 0.449
20 47 11.007 0.370
20 48 5.609 0.442
20 49 4.933 0.377
21 22 8.411 0.416
21 23 9.147 0.352
21 24 4.016 0.395
21 25 5.858 0.408
21 26 7.922 0.440
21 27 7.237 0.387
21 28 10.605 0.386
21 29 6.660 0.347
21 30 4.950 0.453
21 31 8.824 0.419
21 32 6.015 0.406
21 33 8.573 0.428
21 34 3.809 0.356
21 35 5.282 0.438
21 36 1.885 0.381
21 37 2.520 0.403
21 38 5.776 0.409
21 39 4.981 0.421
21 40 5.112 0.497
21 41 4.537 0.437
21 42 8.536 0.473
21 43 4.630 0.390
21 44 5.156 0.389
21 45 8.745 0.350
21 46 7.913 0.370
21 47 5.228 0.462
21 48 5.555 0.399
21 49 6.970 0.445
22 23 6.781 0.508
22 24 4.376 0.342
22 25 4.168 0.482
22 26 5.084 0.424
22 27 7.899 0.436
22 28 3.250 0.401
22 29 3.927 0.386
22 30 5.855 0.427
22 31 6.918 0.470
22 32 4.464 0.428
22 33 8.628 0.487
22 34 6.118 0.425
22 35 3.421 0.403
22 36 9.789 0.410
22 37 3.788 0.453
22 38 5.487 0.473
22 39 9.996 0.359
22 40 5.887 0.436
22 41 7.430 0.388
22 42 3.984 0.464
22 43 5.555 0.454
22 44 4.848 0.468
22 45 5.786 0.434
22 46 6.122 0.427
22 47 5.420 0.462
22 48 5.223 0.366
22 49 9.504 0.436
23 24 4.924 0.496
23 25 8.218 0.319
23 26 6.530 0.428
23 27 8.068 0.408
23 28 6.315 0.415
23 29 7.471 0.434
23 30 4.796 0.463
23 31 3.311 0.402
23 32 8.101 0.472
23 33 0.152 0.429
23 34 3.807 0.362
23 35 3.582 0.447
23 36 5.750 0.454
23 37 6.722 0.437
23 38 3.270 0.409
23 39 4 0.450
23 40 3.590 0.452
23 41 7.032 0.356
23 42 7.472 0.484
23 43 6.613 0.420
23 44 5.144 0.449
23 45 4.389 0.421
23 46 10.752 0.425
23 47 3.098 0.464
23 48 5.548 0.413
23 49 3.945 0.432
24 25 6.200 0.427
24 26 1.942 0.385
24 27 5.669 0.437
24 28 6.647 0.440
24 29 4.062 0.447
24 30 6.868 0.409
24 31 7.520 0.425
24 32 4.801 0.413
24 33 4.104 0.430
24 34 7.921 0.378
24 35 5.851 0.532
24 36 4.881 0.452
24 37 6.698 0.400
24 38 7.885 0.404
24 39 8.035 0.432
24 40 8.917 0.437
24 41 7.046 0.408
24 42 7.031 0.420
24 43 4.090 0.443
24 44 6.347 0.491
24 45 5.902 0.375
24 46 8.009 0.384
24 47 5.483 0.360
24 48 4.872 0.329
24 49 7.533 0.387
25 26 4.080 0.430
25 27 8.187 0.399
25 28 5.588 0.466
25 29 5.710 0.405
25 30 6.567 0.421
25 31 5.560 0.463
25 32 5.543 0.432
25 33 6.435 0.385
25 34 3.373 0.417
25 35 6.867 0.426
25 36 4.579 0.437
25 37 6.715 0.397
25 38 8.358 0.401
25 39 6.569 0.431
25 40 6.028 0.431
25 41 8.208 0.415
25 42 7.696 0.399
25 43 8.228 0.461
25 44 6.546 0.412
25 45 6.179 0.392
25 46 4.848 0.399
25 47 5.114 0.484
25 48 6.375 0.430
25 49 9.218 0.485
26 27 3.077 0.466
26 28 9.060 0.391
26 29 3.095 0.490
26 30 3.578 0.480
26 31 6.065 0.355
26 32 4.774 0.440
26 33 9.361 0.454
26 34 4.776 0.457
26 35 3.387 0.411
26 36 8.259 0.353
26 37 5.026 0.443
26 38 7.359 0.412
26 39 2.798 0.343
26 40 7.116 0.372
26 41 6.092 0.490
26 42 0.243 0.458
26 43 6.381 0.388
26 44 8.058 0.475
26 45 4.686 0.418
26 46 4.472 0.431
26 47 3.847 0.380
26 48 5.050 0.400
26 49 5.798 0.424
27 28 5.357 0.404
27 29 9.655 0.466
27 30 6.807 0.411
27 31 7.098 0.499
27 32 5.249 0.351
27 33 7.516 0.403
27 34 5.528 0.405
27 35 5.224 0.468
27 36 8.324 0.420
27 37 5.390 0.450
27 38 6.443 0.470
27 39 5.985 0.445
27 40 7.101 0.376
27 41 6.046 0.491
27 42 4.333 0.404
27 43 5.630 0.407
27 44 6.785 0.400
27 45 7.435 0.440
27 46 6.501 0.407
27 47 8.701 0.362
27 48 9.080 0.444
27 49 5.423 0.434
28 29 5.969 0.439
28 30 8.931 0.481
28 31 6.233 0.354
28 32 7.623 0.396
28 33 7.314 0.393
28 34 7.841 0.421
28 35 6.012 0.453
28 36 5.029 0.459
28 37 7.201 0.461
28 38 9.653 0.399
28 39 4.873 0.379
28 40 3.562 0.460
28 41 7.112 0.334
28 42 4.559 0.425
28 43 8.208 0.386
28 44 7.883 0.347
28 45 6.826 0.399
28 46 7.487 0.442
28 47 8.591 0.470
28 48 6.987 0.418
28 49 7.577 0.378
29 30 7.499 0.477
29 31 1.550 0.425
29 32 9.242 0.429
29 33 7.329 0.451
29 34 7.323 0.400
29 35 7.594 0.415
29 36 8.485 0.415
29 37 3.355 0.381
29 38 5.153 0.434
29 39 4.929 0.441
29 40 3.603 0.405
29 41 4.024 0.421
29 42 3.831 0.391
29 43 7.867 0.422
29 44 6.074 0.477
29 45 3.762 0.406
29 46 9.673 0.445
29 47 4.821 0.442
29 48 8.853 0.416
29 49 7.062 0.417
30 31 7.401 0.427
30 32 3.170 0.417
30 33 4.967 0.434
30 34 6.174 0.446
30 35 6.541 0.401
30 36 9.125 0.359
30 37 4.111 0.444
30 38 4.720 0.439
30 39 2.983 0.438
30 40 6.272 0.478
30 41 5.365 0.364
30 42 10.187 0.375
30 43 8.253 0.463
30 44 5.575 0.415
30 45 9.760 0.390
30 46 7.606 0.434
30 47 7.847 0.407
30 48 3.876 0.384
30 49 7.378 0.451
31 32 3.943 0.335
31 33 5.965 0.426
31 34 6.807 0.422
31 35 8.187 0.454
31 36 3.844 0.364
31 37 7.312 0.430
31 38 5.727 0.443
31 39 2.337 0.362
31 40 5.311 0.340
31 41 5.700 0.481
31 42 4.825 0.467
31 43 4.835 0.439
31 44 5.345 0.475
31 45 1.689 0.387
31 46 5.606 0.426
31 47 7.832 0.476
31 48 2.668 0.419
31 49 5.711 0.394
32 33 4.923 0.402
32 34 4.762 0.365
32 35 4.302 0.379
32 36 5.449 0.341
32 37 1.875 0.390
32 38 7.471 0.469
32 39 6.694 0.435
32 40 2.360 0.389
32 41 7.007 0.428
32 42 4.855 0.370
32 43 5.980 0.418
32 44 9.106 0.380
32 45 7.093 0.441
32 46 4.136 0.377
32 47 10.514 0.413
32 48 4.195 0.433
32 49 4.826 0.478
33 34 8.531 0.506
33 35 7.849 0.409
33 36 1.326 0.463
33 37 5.825 0.498
33 38 7.103 0.421
33 39 2.880 0.431
33 40 7.105 0.378
33 41 7.811 0.423
33 42 6.663 0.429
33 43 7.819 0.342
33 44 5.495 0.380
33 45 4.106 0.447
33 46 6.299 0.390
33 47 3.788 0.425
33 48 6.815 0.457
33 49 6.623 0.450
34 35 3.076 0.395
34 36 7.824 0.428
34 37 5.713 0.463
34 38 6.581 0.465
34 39 3.873 0.352
34 40 6.554 0.449
34 41 5.200 0.475
34 42 4.367 0.464
34 43 6.727 0.447
34 44 8.036 0.447
34 45 7.442 0.443
34 46 3.260 0.458
34 47 3.777 0.455
34 48 3.430 0.490
34 49 6.636 0.455
35 36 7.231 0.422
35 37 2.453 0.455
35 38 4.133 0.401
35 39 4.691 0.407
35 40 5.057 0.372
35 41 6.606 0.435
35 42 9.449 0.375
35 43 4.197 0.444
35 44 3.544 0.477
35 45 6.678 0.367
35 46 3.615 0.435
35 47 1.866 0.350
35 48 4.244 0.375
35 49 4.348 0.414
36 37 5.818 0.393
36 38 6.933 0.385
36 39 7.988 0.453
36 40 8.937 0.405
36 41 6.095 0.407
36 42 4.843 0.419
36 43 8.052 0.412
36 44 5.933 0.440
36 45 3.185 0.479
36 46 6.582 0.416
36 47 5.967 0.408
36 48 5.556 0.462
36 49 9.444 0.400
37 38 9.157 0.402
37 39 11.006 0.414
37 40 7.619 0.484
37 41 6.938 0.431
37 42 1.703 0.464
37 43 5.382 0.373
37 44 3.769 0.400
37 45 5.885 0.417
37 46 9.773 0.377
37 47 7.544 0.435
37 48 5.777 0.441
37 49 8.384 0.424
38 39 5.029 0.399
38 40 4.445 0.432
38 41 6.602 0.366
38 42 2.609 0.445
38 43 8.586 0.433
38 44 5.719 0.410
38 45 3.045 0.459
38 46 3.616 0.471
38 47 3.518 0.469
38 48 0.010 0.393
38 49 1.804 0.411
39 40 6.942 0.428
39 41 8.566 0.452
39 42 5.318 0.394
39 43 8.312 0.449
39 44 6.186 0.358
39 45 6.581 0.488
39 46 7.853 0.421
39 47 5.232 0.378
39 48 4.342 0.428
39 49 10.713 0.375
40 41 4.890 0.403
40 42 6.912 0.371
40 43 7.557 0.294
40 44 6.529 0.479
40 45 6.672 0.413
40 46 7.660 0.398
40 47 8.295 0.441
40 48 5.183 0.467
40 49 2.229 0.431
41 42 6.404 0.397
41 43 6.182 0.379
41 44 10.027 0.402
41 45 8.825 0.471
41 46 5.386 0.425
41 47 8.243 0.470
41 48 5.346 0.447
41 49 5.794 0.414
42 43 6.913 0.437
42 44 5.092 0.418
42 45 6.678 0.434
42 46 4.922 0.384
42 47 8.124 0.471
42 48 4.552 0.448
42 49 8.866 0.403
43 44 5.223 0.411
43 45 5.747 0.425
43 46 5.751 0.498
43 47 3.693 0.289
43 48 3.096 0.423
43 49 7.642 0.466
44 45 3.262 0.414
44 46 2.807 0.429
44 47 7.096 0.420
44 48 10.393 0.446
44 49 6.948 0.422
45 46 5.300 0.476
45 47 6.301 0.462
45 48 2.313 0.349
45 49 6.241 0.360
46 47 7.358 0.404
46 48 5.606 0.466
46 49 7.437 0.453
47 48 3.250 0.328
47 49 5.684 0.418
48 49 6.386 0.431
