50
80
0 1 74.218 1.891
0 10 5.432 19.002
0 11 29.842 66.21
0 12 65.254 59.917
0 13 66.028 0.383
0 14 29.075 51.012
0 15 56.054 44.845
0 16 2.442 21.933
0 17 62.133 63.548
0 18 24.016 30.024
0 19 32.879 29.366
0 2 59.81 39.328
0 20 17.556 29.456
0 21 58.123 36.737
0 22 3.33 24.185
0 23 33.328 3.846
0 24 67.138 64.883
0 25 22.99 66.547
0 26 4.173 42.153
0 27 56.936 1.628
0 28 57.967 1.38
0 29 10.92 59.932
0 3 56.599 55.848
0 30 65.27 49.563
0 31 42.906 13.653
0 32 27.357 67.543
0 33 8.547 15.738
0 34 53.258 57.805
0 35 67.149 42.174
0 36 3.698 24.655
0 37 11.161 54.044
0 38 15.73 64.662
0 39 16.606 55.91
0 4 69.63 58.085
0 40 3.207 0.629
0 41 55.803 21.481
0 42 58.405 23.627
0 43 45.953 32.855
0 44 42.283 58.844
0 45 12.691 16.123
0 46 97.112 0.681
0 47 60.877 60.149
0 48 3.291 44.612
0 49 69.234 57.41
0 5 69.545 36.174
0 6 12.869 33.43
0 7 38.083 12.194
0 8 83.727 1.455
0 9 46.197 60.888
1 10 69.665 32.438
1 11 58.663 41.854
1 12 47.908 53.07
1 13 99.804 0.755
1 14 31.701 1.376
1 15 35.477 17.189
1 16 1.364 3.06
1 17 25.169 38.814
1 18 45.372 10.863
1 19 12.381 2.155
1 2 34.366 25.91
1 20 37.936 16.448
1 21 48.438 41.433
1 22 38.578 22.409
1 23 4.64 26.501
1 24 67.438 44.198
1 25 34.421 63.5
1 26 47.839 28.737
1 27 77.14 0.78
1 28 71.02 0.463
1 29 40.966 43.425
1 3 61.866 5.739
1 30 52.633 3.398
1 31 49.068 15.286
1 32 20.9 31.641
1 33 4.527 62.943
1 34 46.206 60.757
1 35 24.321 43.329
1 36 0.819 43.417
1 37 65.941 32.704
1 38 68.746 21.032
1 39 56.576 23.407
1 4 45.912 54.575
1 40 6.643 59.009
1 41 35.81 13.267
1 42 69.708 60.14
1 43 25.653 23.254
1 44 4.818 32.183
1 45 13.083 60.003
1 46 76.357 0.337
1 47 64.13 15.382
1 48 37.908 43.938
1 49 51.836 31.272
1 5 47.4 67.885
1 6 20.209 15.011
1 7 30.647 17.889
1 8 69.877 0.017
1 9 31.396 26.378
10 11 48.827 27.336
10 12 50.946 58.468
10 13 5.428 59.263
10 14 14.461 52.934
10 15 11.312 48.889
10 16 0.901 22.803
10 17 19.708 62.485
10 18 59.485 25.851
10 19 91.297 0.031
10 20 56.57 67.742
10 21 30.692 60.925
10 22 18.577 20.212
10 23 56.961 0.065
10 24 78.995 0.525
10 25 27.734 3.606
10 26 11.851 34.065
10 27 56.463 24.104
10 28 26.979 40.194
10 29 22.132 66.316
10 30 57.271 45.792
10 31 59.169 14.872
10 32 14.078 29.888
10 33 50.233 34.871
10 34 29.786 37.189
10 35 24.652 10.539
10 36 67.999 11.737
10 37 79.878 0.491
10 38 60.869 45.366
10 39 9.724 50.1
10 40 17.833 69.303
10 41 82.181 0.062
10 42 3.004 30.407
10 43 9.308 8.288
10 44 15.29 37.485
10 45 24.069 34.328
10 46 6.658 46.836
10 47 26.435 53.457
10 48 29.718 8.876
10 49 94.599 0.524
11 12 2.526 43.153
11 13 6.623 9.785
11 14 63.318 0.137
11 15 31.425 36.222
11 16 78.521 0.035
11 17 41.835 37.334
11 18 65.426 21.117
11 19 9.997 47.635
11 20 24.943 33.379
11 21 48.67 28.974
11 22 2.467 62.431
11 23 9.37 41.193
11 24 50.092 67.181
11 25 66.646 46.032
11 26 1.546 47.047
11 27 34.233 61.035
11 28 7.887 3.584
11 29 54.944 0.39
11 30 34.679 2.296
11 31 21.764 38.441
11 32 75.162 0.065
11 33 28.215 24.237
11 34 53.513 58.167
11 35 23.075 16.243
11 36 32.269 26.838
11 37 2.679 3.276
11 38 8.235 19.885
11 39 5.419 13.896
11 40 93.74 0.004
11 41 0.219 4.282
11 42 6.963 7.395
11 43 56.243 44.661
11 44 34.382 57.139
11 45 65.036 64.174
11 46 62.315 59.037
11 47 74.282 0.162
11 48 37.366 28.123
11 49 48.577 58.127
12 13 17.994 50.774
12 14 42.213 16.839
12 15 17.917 30.491
12 16 45.168 31.152
12 17 18.769 61.542
12 18 87.96 0.416
12 19 19.36 11.496
12 20 7.422 60.02
12 21 62.147 0.732
12 22 18.745 1.916
12 23 66.303 44.551
12 24 68.079 36.459
12 25 11.001 53.817
12 26 16.24 48.991
12 27 3.27 18.88
12 28 66.278 55.055
12 29 12.779 40.355
12 30 21.042 21.536
12 31 71.309 0.075
12 32 51.865 38.549
12 33 43.796 59.032
12 34 35.983 46.215
12 35 41.291 7.42
12 36 75.577 0.358
12 37 18.55 31.406
12 38 98.178 0.014
12 39 36.417 45.245
12 40 5.772 23.381
12 41 28.372 48.779
12 42 46.874 1.362
12 43 17.56 30.046
12 44 95.831 0.159
12 45 21.233 32.505
12 46 23.499 46.521
12 47 11.586 35.299
12 48 41.458 51.213
12 49 9.166 3.89
13 14 36.38 38.805
13 15 17.341 39.002
13 16 26.543 44.664
13 17 47.556 10.447
13 18 33.563 69.437
13 19 69.956 27.681
13 20 45.774 57.915
13 21 56.467 14.457
13 22 7.381 15.002
13 23 13.093 8.601
13 24 16.581 3.718
13 25 36.955 0.985
13 26 31.131 17.252
13 27 64.005 0.026
13 28 58.743 0.219
13 29 55.525 57.682
13 30 19.37 50.178
13 31 55.909 50.159
13 32 7.067 52.23
13 33 21.831 68.678
13 34 24.956 13.611
13 35 43.8 19.553
13 36 45.448 32.47
13 37 43.066 28.297
13 38 50.957 4.193
13 39 58.215 29.463
13 40 66.841 15.162
13 41 55.142 54.732
13 42 10.223 35.195
13 43 1.219 66.456
13 44 42.994 52.861
13 45 10.805 30.533
13 46 78.507 0.157
13 47 11.493 0.345
13 48 23.429 30.385
13 49 47.956 27.544
14 15 21.856 33.721
14 16 74.437 0.341
14 17 55.975 61.888
14 18 0.369 61.465
14 19 20.375 41.259
14 20 27.75 2.543
14 21 46.68 56.62
14 22 45.782 30.018
14 23 68.199 24.154
14 24 18.85 37.415
14 25 4.38 15.74
14 26 42.631 39.655
14 27 32.874 21.049
14 28 17.92 16.192
14 29 89.657 0.044
14 30 13.659 30.139
14 31 8.322 32.49
14 32 71.659 0.029
14 33 55.367 37.761
14 34 12.712 64.085
14 35 55.1 49.395
14 36 53.755 53.648
14 37 49.084 59.537
14 38 28.279 48.349
14 39 34.954 62.904
14 40 72.756 0.151
14 41 25.017 10.362
14 42 21.251 5.388
14 43 34.724 33.934
14 44 21.94 21.242
14 45 32.849 30.962
14 46 30.4 2.799
14 47 65.301 0.308
14 48 13.889 49.374
14 49 32.708 31.2
15 16 45.688 33.189
15 17 57.741 55.176
15 18 9.815 53.583
15 19 1.959 49.717
15 20 74.725 0.329
15 21 9.089 42.988
15 22 99.11 0.287
15 23 80.589 0.11
15 24 63.624 22.733
15 25 1.376 20.111
15 26 14.677 20.37
15 27 23.624 38.612
15 28 39.203 11.053
15 29 30.453 43.926
15 30 31.523 35.808
15 31 15.752 39.183
15 32 59.713 35.015
15 33 42.992 10.177
15 34 59.665 9.455
15 35 23.391 57.846
15 36 57.72 5.745
15 37 65.533 37.354
15 38 19.518 17.659
15 39 64.952 48.444
15 40 9.407 47.388
15 41 61.246 32.208
15 42 38.741 15.882
15 43 55.712 0.193
15 44 51.186 65.499
15 45 0.264 26.68
15 46 24.424 2.391
15 47 10.094 30.923
15 48 95.939 0.623
15 49 59.969 61.966
16 17 58.503 29.068
16 18 65.691 29.39
16 19 62.381 1.474
16 20 32.92 13.233
16 21 59.313 16.225
16 22 22.392 61.377
16 23 35.267 60.896
16 24 38.771 46.111
16 25 31.404 23.289
16 26 52.263 18.059
16 27 41.528 10.841
16 28 13.751 53.043
16 29 69.822 0.57
16 30 49.302 54.952
16 31 53.005 39.895
16 32 64.465 0.142
16 33 56.494 21.725
16 34 36.424 45.352
16 35 66.835 29.756
16 36 21.91 50.772
16 37 11.406 22.223
16 38 5.884 16.12
16 39 7.603 64.502
16 40 61.937 0.55
16 41 52.206 14.835
16 42 48.904 34.312
16 43 37.628 44.345
16 44 53.966 24.469
16 45 38.028 35.803
16 46 68.906 27.057
16 47 54.148 0.078
16 48 21.182 0.183
16 49 6.945 63.794
17 18 16.865 8.418
17 19 3.159 18.243
17 20 69.945 28.755
17 21 56.235 69.909
17 22 34.151 38.837
17 23 60.178 27.431
17 24 42.855 20.607
17 25 45.747 58.021
17 26 35.422 26.103
17 27 65.685 59.383
17 28 23.537 61.084
17 29 28.46 65.167
17 30 92.558 1.456
17 31 56.693 20.354
17 32 32.226 21.305
17 33 41.256 35.484
17 34 95.777 1.186
17 35 0.027 7.316
17 36 61.328 3.275
17 37 49.498 16.361
17 38 25.686 53.2
17 39 52.137 1.72
17 40 22.251 47.232
17 41 40.033 2.865
17 42 4.585 49.225
17 43 10.254 58.816
17 44 6.627 47.363
17 45 30.559 0.993
17 46 10.712 59.218
17 47 52.717 1.147
17 48 9.559 60.557
17 49 20.112 39.25
18 19 51.184 30.147
18 20 42.416 53.768
18 21 92.299 0.702
18 22 34.739 64.624
18 23 63.091 62.217
18 24 5.466 56.968
18 25 2.455 1.447
18 26 45.475 0.41
18 27 9.018 15.207
18 28 11.42 21.516
18 29 27.994 25.797
18 30 6.656 40.046
18 31 94.15 0.233
18 32 53.961 0.562
18 33 48.031 58.055
18 34 6.488 28.971
18 35 43.214 23.103
18 36 52.424 0.451
18 37 60.708 35.663
18 38 99.993 1.204
18 39 51.016 67.834
18 40 57.543 61.786
18 41 17.854 30.25
18 42 18.439 46.641
18 43 1.238 0.162
18 44 95.828 0.095
18 45 55.356 65.76
18 46 49.792 21.231
18 47 0.186 20.934
18 48 12.495 10.185
18 49 66.453 43.514
19 20 62.965 18.022
19 21 29.635 61.281
19 22 27.353 34.722
19 23 61.152 66.6
19 24 57.2 0.403
19 25 69.62 12.736
19 26 33.354 67.008
19 27 50.144 59.323
19 28 26.591 25.185
19 29 35.842 41.98
19 30 10.065 28.932
19 31 23.826 55.002
19 32 68.466 47.689
19 33 44.856 65.349
19 34 16.077 14.858
19 35 54.781 68.874
19 36 47.88 67.525
19 37 98.332 0.025
19 38 12.55 56.306
19 39 60.996 20.205
19 40 16.756 15.247
19 41 59.683 0.207
19 42 97.99 4.016
19 43 2.497 46.332
19 44 11.145 34.358
19 45 68.006 68.139
19 46 60.302 54.877
19 47 33.436 33.214
19 48 11.904 9.913
19 49 56.397 1.076
2 10 58.103 23.925
2 11 27.898 44.157
2 12 49.629 39.832
2 13 32.135 30.718
2 14 21.148 60.603
2 15 52.308 0.272
2 16 66.791 42.743
2 17 26.977 62.963
2 18 14.344 19.676
2 19 36.718 42.976
2 20 73.135 0.25
2 21 6.437 60.972
2 22 53.325 0.348
2 23 92.478 0.076
2 24 60.027 51.053
2 25 32.741 53.301
2 26 23.645 3.829
2 27 12.26 22.74
2 28 57.973 60.191
2 29 45.663 59.892
2 3 26.742 23.81
2 30 13.2 14.053
2 31 49.473 48.1
2 32 35.79 8.287
2 33 23.962 13.964
2 34 9.434 1.688
2 35 35.28 57.318
2 36 10.926 11.962
2 37 1.659 43.53
2 38 65.776 64.411
2 39 61.749 44.995
2 4 68.837 41.379
2 40 23.204 33.066
2 41 57.048 32.514
2 42 28.958 53.262
2 43 82.521 0.036
2 44 19.086 59.495
2 45 29.473 31.874
2 46 53.005 32.397
2 47 3.359 12.809
2 48 90.423 0.176
2 49 14.265 18.615
2 5 62.837 36.811
2 6 26.245 55.183
2 7 17.503 68.724
2 8 10.731 21.848
2 9 11.942 29.369
20 21 43.984 7.28
20 22 96.263 1.784
20 23 96.499 0.438
20 24 47.311 9.665
20 25 66.797 6.855
20 26 49.887 32.741
20 27 15.645 39.703
20 28 49.568 11.199
20 29 3.587 68.374
20 30 34.103 38.93
20 31 51.233 37.951
20 32 68.291 5.817
20 33 18.839 31.22
20 34 5.78 66.356
20 35 38.202 39.326
20 36 18.734 6.615
20 37 27.281 55.341
20 38 33.077 50.949
20 39 38.917 13.506
20 40 44.708 16.104
20 41 43.575 38.743
20 42 47.323 59.028
20 43 89.957 1.237
20 44 0.726 12.196
20 45 9.96 44.85
20 46 69.594 60.058
20 47 37.436 13.414
20 48 68.933 0.694
20 49 18.501 25.352
21 22 45.846 11.953
21 23 66.028 60.432
21 24 18.355 42.699
21 25 34.427 37.126
21 26 61.307 3.405
21 27 60.747 61.118
21 28 1.183 17.433
21 29 47.547 63.412
21 30 20.814 29.56
21 31 91.398 0.537
21 32 10.062 68.094
21 33 52.947 10.061
21 34 42.834 69.905
21 35 5.006 12.928
21 36 96.869 1.648
21 37 38.847 4.809
21 38 79.508 2.762
21 39 24.668 45.483
21 40 40.628 19.836
21 41 61.518 53.916
21 42 8.145 5.575
21 43 68.269 46.117
21 44 75.474 1.145
21 45 30.289 18.868
21 46 76.218 3.891
21 47 12.367 4.89
21 48 7.724 18.912
21 49 49.826 60.369
22 23 96.513 2.19
22 24 5.235 30.689
22 25 67.486 48.906
22 26 5.01 42.355
22 27 67.154 3.807
22 28 2.559 46.39
22 29 25.918 23.274
22 30 67.517 35.292
22 31 53.837 3.557
22 32 42.064 15.458
22 33 64.089 55.309
22 34 57.798 22.189
22 35 36.352 2.395
22 36 56.611 68.59
22 37 7.843 20.853
22 38 19.32 51.511
22 39 40.841 64.108
22 40 16.886 43.905
22 41 35.275 6.849
22 42 34.6 63.99
22 43 55.798 1.352
22 44 52.593 34.258
22 45 22.787 2.24
22 46 40.388 64.34
22 47 38.987 19.018
22 48 95.04 0.544
22 49 18.358 10.266
23 24 7.499 49.472
23 25 53.171 7.655
23 26 41.69 51.419
23 27 53.147 10.342
23 28 42.839 37.191
23 29 64.161 53.905
23 30 53.157 17.345
23 31 16.761 17.294
23 32 13.779 31.236
23 33 52.881 16.816
23 34 65.087 27.137
23 35 55.583 54.974
23 36 67.928 59.034
23 37 10.088 59.565
23 38 36.118 39.98
23 39 7.647 37.724
23 40 9.861 23.339
23 41 17.793 2.669
23 42 7.471 25.152
23 43 58.948 0.03
23 44 19.476 4.02
23 45 18.12 20.773
23 46 44.623 58.861
23 47 45.974 44.448
23 48 89.779 0.39
23 49 17.121 46.969
24 25 58.208 62.135
24 26 16.627 57.619
24 27 53.756 62.382
24 28 5.462 34.322
24 29 42.16 34.114
24 30 17.802 29.698
24 31 50.039 15.768
24 32 61.833 5.197
24 33 69.679 3.374
24 34 54.214 41.825
24 35 37.426 12.459
24 36 49.183 50.012
24 37 60.489 0.358
24 38 64.631 15.188
24 39 60.419 48.623
24 40 7.676 17.066
24 41 52.333 0.039
24 42 64.873 36.673
24 43 57.86 22.134
24 44 81.508 4.762
24 45 6.323 56.277
24 46 8.406 60.915
24 47 46.73 45.329
24 48 14.746 58.34
24 49 62.036 0.149
25 26 60.361 0.299
25 27 43.005 4.224
25 28 69.246 67.434
25 29 16.502 39.37
25 30 65.518 20.07
25 31 50.6 10.16
25 32 66.721 64.37
25 33 71.363 0.13
25 34 51.736 0.386
25 35 90.287 0.245
25 36 61.071 52.406
25 37 38.425 29.962
25 38 1.397 53.204
25 39 37.303 13.659
25 40 51.152 42.033
25 41 25.217 48.914
25 42 56.404 0.711
25 43 38.528 45.508
25 44 37.226 59.806
25 45 53.603 0.222
25 46 19.371 8.938
25 47 34.061 62.832
25 48 66.014 12.638
25 49 61.696 61.811
26 27 7.288 34.168
26 28 46.22 58.667
26 29 47.147 66.07
26 30 34.742 18.218
26 31 48.066 63.507
26 32 8.39 42.99
26 33 92.875 0.45
26 34 26.07 13.955
26 35 66.937 0.032
26 36 37.978 17.399
26 37 36.293 54.648
26 38 41.266 59.042
26 39 31.626 29.969
26 40 60.922 24.01
26 41 58.979 18.489
26 42 61.512 0.289
26 43 26.661 15.35
26 44 15.373 30.798
26 45 71.658 0.206
26 46 58.491 33.253
26 47 48.374 10.829
26 48 37.014 10.215
26 49 45.65 51.825
27 28 67.226 0.093
27 29 52.449 66.107
27 30 56.302 48.014
27 31 50.059 49.976
27 32 1.867 51.098
27 33 9.802 50.841
27 34 48.465 31.711
27 35 2.588 43.566
27 36 29.375 60.313
27 37 46.618 39.401
27 38 36.844 34.133
27 39 14.406 4.877
27 40 1.519 4.788
27 41 53.058 15.258
27 42 68.457 48.1
27 43 60.492 51.58
27 44 24.491 55.524
27 45 8.495 40.892
27 46 61.299 0.079
27 47 25.359 17.974
27 48 57.739 1.75
27 49 4.497 26.423
28 29 30.213 13.378
28 30 0.713 19.503
28 31 23.323 18.771
28 32 44.804 16.26
28 33 12.948 33.5
28 34 13.872 9.258
28 35 33.344 36.711
28 36 10.021 5.259
28 37 12.523 11.42
28 38 1.629 65.199
28 39 53.124 1.229
28 40 47.95 18.367
28 41 11.883 64.612
28 42 2.976 60.702
28 43 40.361 14.131
28 44 38.665 4.244
28 45 49.387 7.255
28 46 53.302 0.331
28 47 38.762 1.386
28 48 14.852 40.743
28 49 67.814 58.261
29 30 7.592 20.281
29 31 20.66 25.363
29 32 55.526 0.098
29 33 5.68 39.272
29 34 43.587 68.806
29 35 62.557 13.654
29 36 14.982 35.404
29 37 3.679 4.313
29 38 95.423 3.731
29 39 58.287 59.227
29 40 88.597 0.084
29 41 52.369 66.536
29 42 59.064 69.361
29 43 42.094 41.482
29 44 45.282 60.424
29 45 40.907 66.312
29 46 31.004 66.855
29 47 77.457 0.014
29 48 46.947 61.329
29 49 31.794 63.49
3 10 25.526 61.479
3 11 63.715 49.084
3 12 32.012 10.299
3 13 0.373 4.626
3 14 61.154 69.07
3 15 58.046 67.754
3 16 23.905 46.74
3 17 82.978 0.354
3 18 32.176 55.238
3 19 27.356 17.007
3 20 4.787 29.012
3 21 53.245 58.068
3 22 17.836 55.41
3 23 44.307 68.002
3 24 7.696 22.53
3 25 61.867 35.993
3 26 54.167 18.604
3 27 9.054 33.908
3 28 22.498 48.54
3 29 55.8 43.607
3 30 55.13 0.2
3 31 33.499 22.79
3 32 60.189 55.575
3 33 6.095 3.046
3 34 94.851 1.031
3 35 32.634 49.47
3 36 23.486 9.508
3 37 38.747 57.629
3 38 0.562 14.26
3 39 92.177 1.445
3 4 38.529 16.524
3 40 22.462 37.447
3 41 19.335 6.799
3 42 30.195 44.196
3 43 1.815 63.457
3 44 15.215 50.711
3 45 1.705 7.671
3 46 13.592 50.936
3 47 28.491 0.421
3 48 24.437 26.879
3 49 14.007 29.283
3 5 37.146 25.201
3 6 85.739 0.424
3 7 61.816 0.011
3 8 62.799 53.745
3 9 50.672 45.916
30 31 17.517 57.195
30 32 48.818 28.467
30 33 63.523 68.178
30 34 63.818 0.014
30 35 60.271 30.225
30 36 19.62 53.792
30 37 11.97 29.743
30 38 27.708 57.995
30 39 96.789 0.017
30 40 15.666 25.005
30 41 58.621 5.568
30 42 1.659 43.109
30 43 45.931 31.442
30 44 44.405 59.496
30 45 1.185 16.9
30 46 45.988 27.347
30 47 33.321 42.577
30 48 47.072 9.817
30 49 55.939 47.394
31 32 4.006 16.143
31 33 14.628 50.35
31 34 31.591 54.921
31 35 32.507 35.135
31 36 75.534 0.026
31 37 50.388 63.774
31 38 54.966 0.083
31 39 13.299 37.464
31 40 44.29 55.234
31 41 56.747 25.79
31 42 44.468 4.934
31 43 39.879 48.522
31 44 64.991 0.452
31 45 53.679 7.135
31 46 4.666 27.421
31 47 65.896 39.289
31 48 36.671 14.396
31 49 54.922 39.288
32 33 4.61 38.473
32 34 34.919 2.028
32 35 42.683 57.362
32 36 4.784 35.141
32 37 2.506 36.139
32 38 12.462 30.149
32 39 20.818 20.633
32 40 70.047 0.003
32 41 61.492 8.798
32 42 35.536 54.925
32 43 58.82 10.921
32 44 34.505 6.536
32 45 53.171 50.715
32 46 12.389 5.803
32 47 93.66 0.065
32 48 39.024 56.301
32 49 21.146 62.172
33 34 56.513 7.063
33 35 72.284 0.139
33 36 64.169 33.834
33 37 3.697 47.368
33 38 28.369 18.678
33 39 17.092 36.212
33 40 8.989 28.741
33 41 51.832 38.789
33 42 84.52 0.95
33 43 32.418 54.841
33 44 63.671 0.372
33 45 96.316 0.286
33 46 22.963 21.721
33 47 13.054 7.633
33 48 67.126 42.851
33 49 3.216 3.52
34 35 23.603 13.75
34 36 4.753 27.62
34 37 2.937 8.7
34 38 64.787 34.209
34 39 61.34 0.131
34 40 55.723 36.883
34 41 51.935 49.086
34 42 34.427 47.083
34 43 32.334 30.466
34 44 31.699 52.151
34 45 29.606 16.598
34 46 22.79 14.965
34 47 47.801 49.383
34 48 38.671 0.705
34 49 9.017 15.117
35 36 52.295 64.655
35 37 27.659 63.951
35 38 1.635 64.256
35 39 65.195 38.95
35 40 67.811 52.822
35 41 48.381 31.612
35 42 50.521 0.181
35 43 13.98 42.664
35 44 18.758 49.921
35 45 89.785 1.245
35 46 62.369 65.712
35 47 61.528 50.414
35 48 46.567 52.71
35 49 36.181 27.143
36 37 9.669 29.09
36 38 53.604 0.124
36 39 53.089 69.521
36 40 67.007 7.923
36 41 30.795 53.597
36 42 55.658 49.703
36 43 40.306 54.819
36 44 61.866 0.085
36 45 18.412 59.191
36 46 48.122 64.511
36 47 15.369 44.24
36 48 58.038 52.78
36 49 16.931 20.266
37 38 17.295 50.351
37 39 52.075 47.867
37 40 48.551 30.422
37 41 90.12 2.058
37 42 35.992 40.307
37 43 59.403 43.865
37 44 48.476 26.338
37 45 32.88 1.924
37 46 40.836 57.277
37 47 49.901 63.361
37 48 48.733 10.243
37 49 54.261 0.577
38 39 42.668 1.104
38 40 23.9 18.084
38 41 23.925 62.315
38 42 9.56 57.827
38 43 29.141 32.027
38 44 61.143 0.099
38 45 33.678 34.166
38 46 53.671 61.876
38 47 41.407 13.004
38 48 35.449 56.676
38 49 13.186 55.51
39 40 29.868 67.787
39 41 5.829 51.924
39 42 0.928 44.621
39 43 9.993 21.917
39 44 39.052 36.799
39 45 33.17 63.729
39 46 36.246 37.704
39 47 5.276 63.347
39 48 9.341 54.171
39 49 52.732 4.112
4 10 58.42 48.151
4 11 42.359 26.892
4 12 53.579 4.415
4 13 20.36 43.238
4 14 13.001 53.544
4 15 35.322 50.787
4 16 12.089 0.897
4 17 54.227 30.556
4 18 34.439 2.831
4 19 8.864 0.459
4 20 29.556 67.227
4 21 14.494 28.39
4 22 29.62 10.999
4 23 22.02 17.345
4 24 10.797 68.247
4 25 52.037 0.066
4 26 82.223 0.601
4 27 40.431 47.627
4 28 41.2 67.03
4 29 31.703 59.627
4 30 29.849 61.24
4 31 17.358 19.524
4 32 12.189 51.768
4 33 86.44 1.336
4 34 35.19 3.385
4 35 95.99 2.016
4 36 21.869 67.832
4 37 15.787 18.502
4 38 58.127 48.491
4 39 65.137 5.306
4 40 13.522 47.636
4 41 57.728 43.405
4 42 64.863 0.056
4 43 20.707 37.361
4 44 19.076 51.756
4 45 82.299 1.914
4 46 18.813 23.046
4 47 52.025 16.269
4 48 60.365 27.662
4 49 49.093 16.166
4 5 46.536 25.165
4 6 48.988 68.695
4 7 68.98 52.366
4 8 15.068 57.942
4 9 7.057 18.223
40 41 61.678 66.39
40 42 33.372 46.096
40 43 45.277 66.159
40 44 37.424 34.24
40 45 15.0 34.311
40 46 45.14 30.567
40 47 64.189 0.113
40 48 46.646 60.662
40 49 11.211 4.482
41 42 44.227 55.253
41 43 57.691 38.699
41 44 1.326 49.855
41 45 17.597 40.282
41 46 46.858 10.615
41 47 26.441 0.023
41 48 65.033 52.531
41 49 51.79 0.15
42 43 47.897 57.12
42 44 11.443 69.205
42 45 99.819 0.026
42 46 59.203 16.084
42 47 12.378 32.312
42 48 47.214 55.302
42 49 59.398 60.686
43 44 66.093 28.458
43 45 61.938 66.357
43 46 37.782 33.855
43 47 59.438 68.212
43 48 72.41 0.041
43 49 5.959 50.793
44 45 42.955 16.884
44 46 56.293 14.077
44 47 54.699 43.079
44 48 30.461 45.19
44 49 9.399 16.349
45 46 1.903 66.652
45 47 2.145 59.964
45 48 43.846 64.078
45 49 32.807 8.2
46 47 4.884 30.578
46 48 40.872 23.29
46 49 30.654 2.774
47 48 50.981 59.399
47 49 37.113 57.891
48 49 19.64 54.649
5 10 56.78 42.91
5 11 78.136 1.11
5 12 8.014 32.772
5 13 40.144 47.803
5 14 51.262 0.618
5 15 42.792 56.749
5 16 93.423 1.731
5 17 25.747 59.423
5 18 13.455 3.103
5 19 19.338 59.781
5 20 9.144 2.387
5 21 25.054 17.727
5 22 15.155 55.184
5 23 6.783 38.472
5 24 56.362 4.289
5 25 69.937 0.143
5 26 14.957 64.365
5 27 62.092 14.829
5 28 45.548 53.797
5 29 85.236 0.039
5 30 44.546 51.981
5 31 27.639 45.833
5 32 58.511 1.397
5 33 29.798 54.701
5 34 1.725 13.401
5 35 30.274 42.635
5 36 25.027 50.977
5 37 17.638 8.26
5 38 22.436 21.726
5 39 51.982 7.598
5 40 70.7 1.626
5 41 6.582 8.686
5 42 16.574 19.782
5 43 44.381 33.99
5 44 50.937 12.095
5 45 40.534 9.791
5 46 46.881 65.727
5 47 85.763 1.488
5 48 32.26 12.29
5 49 16.988 63.32
5 6 51.21 44.196
5 7 21.699 26.402
5 8 58.829 1.116
5 9 14.332 60.897
6 10 19.001 56.685
6 11 32.07 47.008
6 12 41.208 5.521
6 13 45.751 35.168
6 14 49.342 8.284
6 15 29.778 5.406
6 16 46.443 47.624
6 17 91.47 0.067
6 18 10.588 53.748
6 19 55.39 58.384
6 20 0.028 29.774
6 21 32.162 57.942
6 22 68.415 50.356
6 23 19.4 62.202
6 24 26.045 56.862
6 25 65.142 38.277
6 26 40.505 61.612
6 27 23.066 3.446
6 28 15.66 37.074
6 29 57.964 59.003
6 30 67.361 0.043
6 31 55.225 51.278
6 32 66.16 42.695
6 33 68.528 69.668
6 34 62.708 0.134
6 35 52.767 65.233
6 36 3.883 36.782
6 37 67.426 14.856
6 38 47.81 7.816
6 39 71.451 0.647
6 40 53.98 53.435
6 41 14.382 23.067
6 42 47.872 58.627
6 43 35.756 60.57
6 44 37.047 20.87
6 45 23.319 8.291
6 46 43.419 41.563
6 47 6.378 42.863
6 48 48.781 31.45
6 49 16.286 1.119
6 7 88.165 0.164
6 8 59.143 51.971
6 9 66.409 48.785
7 10 6.958 69.856
7 11 49.24 21.871
7 12 62.173 68.47
7 13 10.008 55.628
7 14 29.074 56.89
7 15 40.231 25.96
7 16 25.611 38.717
7 17 53.733 1.003
7 18 39.628 24.018
7 19 26.667 15.135
7 20 22.191 11.819
7 21 62.668 36.393
7 22 30.767 20.698
7 23 65.967 33.704
7 24 46.149 19.839
7 25 29.512 67.064
7 26 42.732 68.231
7 27 19.088 67.198
7 28 2.202 50.041
7 29 59.904 14.337
7 30 92.784 0.366
7 31 16.645 22.849
7 32 31.353 63.533
7 33 0.384 39.544
7 34 57.519 0.688
7 35 56.312 50.842
7 36 27.56 17.755
7 37 15.842 53.097
7 38 24.169 10.731
7 39 67.291 0.299
7 40 56.162 23.25
7 41 51.947 25.176
7 42 32.909 38.439
7 43 68.806 17.713
7 44 21.055 32.379
7 45 23.141 11.417
7 46 34.669 46.065
7 47 10.023 47.389
7 48 15.771 68.969
7 49 15.683 61.351
7 8 43.667 50.562
7 9 9.24 23.759
8 10 2.11 9.227
8 11 69.72 16.64
8 12 57.585 2.535
8 13 96.562 0.168
8 14 2.681 3.111
8 15 67.217 15.252
8 16 39.674 6.448
8 17 19.964 67.702
8 18 23.828 20.005
8 19 0.505 9.613
8 20 65.863 52.413
8 21 7.045 62.589
8 22 58.665 64.334
8 23 26.142 37.119
8 24 66.084 66.094
8 25 24.264 38.87
8 26 11.764 46.276
8 27 82.461 0.271
8 28 80.096 0.283
8 29 28.033 59.944
8 30 63.39 5.142
8 31 34.728 45.218
8 32 46.967 5.935
8 33 64.184 30.664
8 34 19.711 26.194
8 35 35.493 51.736
8 36 2.62 21.175
8 37 46.769 34.415
8 38 9.548 27.237
8 39 48.444 60.805
8 40 67.296 16.795
8 41 23.878 42.31
8 42 28.221 61.138
8 43 29.983 67.626
8 44 42.075 28.125
8 45 67.33 25.956
8 46 56.237 0.003
8 47 32.918 68.779
8 48 17.594 31.314
8 49 35.16 23.404
8 9 51.394 22.494
9 10 97.505 0.081
9 11 53.92 28.614
9 12 1.462 14.826
9 13 30.824 53.68
9 14 14.541 27.284
9 15 10.576 2.646
9 16 51.992 61.827
9 17 13.833 47.12
9 18 41.334 7.345
9 19 94.168 0.471
9 20 63.883 40.184
9 21 52.586 1.441
9 22 3.938 38.083
9 23 61.287 24.144
9 24 50.732 2.112
9 25 62.173 39.554
9 26 69.223 7.123
9 27 3.571 38.657
9 28 12.827 43.696
9 29 18.361 0.528
9 30 52.322 63.427
9 31 41.474 26.339
9 32 22.817 42.14
9 33 64.672 65.481
9 34 31.015 60.856
9 35 55.136 55.248
9 36 13.325 47.492
9 37 61.414 1.211
9 38 50.684 29.736
9 39 28.005 56.947
9 40 11.755 49.513
9 41 52.347 0.397
9 42 40.777 42.087
9 43 20.622 63.63
9 44 18.495 8.482
9 45 29.997 3.68
9 46 60.466 4.656
9 47 13.307 39.726
9 48 98.513 4.19
9 49 98.473 0.453