50
51.017
0 1 20.639 0.316
0 2 40.178 0.359
0 3 4.536 0.386
0 4 21.195 0.422
0 5 55.072 0.307
0 6 11.104 0.326
0 7 33.277 0.363
0 8 5.806 0.32
0 9 35.252 0.394
0 10 46.83 0.426
0 11 24.001 0.324
0 12 37.549 0.35
0 13 60.537 0.417
0 14 45.644 0.305
0 15 31.162 0.348
0 16 71.64 0.427
0 17 9.244 0.33
0 18 89.236 0.285
0 19 45.052 0.42
0 20 56.749 0.349
0 21 53.043 0.34
0 22 71.907 0.359
0 23 25.125 0.356
0 24 99.238 0.297
0 25 52.387 0.449
0 26 50.761 0.342
0 27 27.43 0.421
0 28 55.99 0.316
0 29 27.783 0.393
0 30 25.183 0.333
0 31 65.681 0.305
0 32 24.6 0.374
0 33 4.947 0.39
0 34 23.841 0.348
0 35 65.838 0.364
0 36 41.411 0.416
0 37 27.025 0.377
0 38 2.578 0.326
0 39 99.162 0.295
0 40 25.468 0.393
0 41 89.368 0.295
0 42 50.277 0.358
0 43 58.266 0.317
0 44 57.482 0.42
0 45 49.508 0.442
0 46 22.836 0.307
0 47 44.713 0.345
0 48 65.44 0.39
0 49 56.762 0.414
1 2 60.049 0.397
1 3 48.033 0.399
1 4 4.8 0.418
1 5 44.445 0.415
1 6 25.341 0.325
1 7 31.769 0.38
1 8 71.676 0.318
1 9 47.235 0.306
1 10 59.691 0.325
1 11 15.425 0.4
1 12 31.463 0.326
1 13 56.815 0.338
1 14 4.612 0.432
1 15 52.146 0.407
1 16 37.815 0.369
1 17 20.941 0.375
1 18 49.318 0.414
1 19 44.451 0.378
1 20 70.063 0.353
1 21 67.651 0.288
1 22 8.973 0.317
1 23 79.71 0.288
1 24 16.228 0.402
1 25 27.635 0.383
1 26 27.508 0.403
1 27 18.228 0.337
1 28 53.639 0.342
1 29 32.182 0.431
1 30 61.362 0.313
1 31 2.98 0.392
1 32 67.308 0.415
1 33 52.416 0.366
1 34 29.596 0.382
1 35 7.767 0.38
1 36 16.559 0.401
1 37 45.657 0.427
1 38 74.981 0.285
1 39 36.604 0.38
1 40 52.342 0.428
1 41 56.602 0.336
1 42 96.486 0.272
1 43 56.704 0.438
1 44 36.636 0.303
1 45 13.304 0.3
1 46 47.986 0.302
1 47 46.858 0.302
1 48 7.75 0.365
1 49 52.612 0.356
2 3 38.04 3.35
2 4 35.941 3.723
2 5 32.545 3.892
2 6 42.133 4.177
2 7 3.91 4.16
2 8 68.008 4.431
2 9 68.596 3.355
2 10 59.318 4.008
2 11 54.029 3.103
2 12 21.463 3.981
2 13 47.934 3.519
2 14 56.444 3.254
2 15 62.099 3.87
2 16 32.355 3.734
2 17 65.411 3.924
2 18 61.506 3.664
2 19 60.106 3.644
2 20 69.243 3.173
2 21 46.343 3.987
2 22 23.051 4.417
2 23 30.074 3.3
2 24 70.03 4.165
2 25 26.965 4.407
2 26 22.088 4.406
2 27 20.835 3.356
2 28 19.516 3.134
2 29 9.895 3.919
2 30 13.085 3.239
2 31 9.314 3.16
2 32 45.038 3.522
2 33 10.343 4.394
2 34 35.424 3.687
2 35 70.348 2.932
2 36 34.232 3.292
2 37 23.396 3.581
2 38 41.557 3.343
2 39 45.188 3.969
2 40 3.684 3.691
2 41 43.258 3.328
2 42 68.593 3.723
2 43 6.477 3.319
2 44 12.846 3.215
2 45 38.884 4.215
2 46 69.145 3.4
2 47 65.017 3.572
2 48 17.781 3.701
2 49 45.736 3.276
3 4 31.257 0.0
3 5 38.149 0.0
3 6 63.436 0.0
3 7 0.763 0.0
3 8 30.793 0.0
3 9 65.972 0.0
3 10 10.353 0.0
3 11 48.829 0.0
3 12 45.153 0.0
3 13 44.776 0.0
3 14 33.94 0.0
3 15 71.617 0.0
3 16 36.988 0.0
3 17 62.108 0.0
3 18 31.984 0.0
3 19 61.973 0.0
3 20 67.939 0.0
3 21 61.174 0.0
3 22 56.204 0.0
3 23 56.757 0.0
3 24 28.402 0.0
3 25 12.171 0.0
3 26 6.357 0.0
3 27 35.422 0.0
3 28 54.332 0.0
3 29 55.981 0.0
3 30 40.481 0.0
3 31 55.359 0.0
3 32 16.246 0.0
3 33 30.551 0.0
3 34 59.436 0.0
3 35 53.346 0.0
3 36 43.563 0.0
3 37 36.756 0.0
3 38 9.365 0.0
3 39 7.934 0.0
3 40 67.747 0.0
3 41 9.565 0.0
3 42 23.906 0.0
3 43 45.25 0.0
3 44 47.086 0.0
3 45 36.413 0.0
3 46 21.32 0.0
3 47 45.085 0.0
3 48 12.089 0.0
3 49 55.993 0.0
4 5 16.025 3.136
4 6 45.547 3.778
4 7 21.687 4.262
4 8 26.217 4.342
4 9 41.474 4.211
4 10 68.163 3.658
4 11 1.551 3.882
4 12 47.808 3.102
4 13 43.717 4.057
4 14 45.454 3.143
4 15 45.154 4.265
4 16 28.22 4.348
4 17 25.0 4.151
4 18 22.121 3.696
4 19 4.106 3.87
4 20 7.441 3.548
4 21 36.484 3.308
4 22 61.813 4.152
4 23 65.409 3.504
4 24 61.205 3.954
4 25 58.333 4.116
4 26 17.659 4.17
4 27 44.079 3.922
4 28 5.28 4.137
4 29 64.021 3.147
4 30 64.087 4.228
4 31 42.948 3.482
4 32 45.92 4.339
4 33 5.664 4.007
4 34 60.432 4.046
4 35 3.655 4.268
4 36 11.308 4.108
4 37 54.626 3.791
4 38 56.716 4.003
4 39 30.491 3.175
4 40 50.464 3.141
4 41 29.352 4.363
4 42 42.999 3.805
4 43 76.279 2.958
4 44 34.323 4.216
4 45 14.144 3.104
4 46 8.348 3.577
4 47 27.041 3.007
4 48 47.144 3.43
4 49 13.423 4.469
5 6 65.669 3.09
5 7 38.003 3.833
5 8 67.005 3.314
5 9 54.894 3.608
5 10 69.213 4.033
5 11 54.823 4.478
5 12 17.036 3.818
5 13 33.167 3.065
5 14 69.491 3.352
5 15 38.902 4.413
5 16 5.029 3.964
5 17 38.726 3.477
5 18 56.389 4.112
5 19 21.609 3.196
5 20 6.119 4.25
5 21 38.937 3.595
5 22 13.522 3.244
5 23 38.88 3.918
5 24 13.083 3.398
5 25 11.07 3.248
5 26 51.04 4.489
5 27 63.533 3.32
5 28 13.279 3.465
5 29 71.38 3.048
5 30 11.912 4.292
5 31 67.928 4.43
5 32 68.078 4.142
5 33 72.356 3.451
5 34 17.191 3.351
5 35 68.709 4.102
5 36 11.714 3.208
5 37 69.254 2.986
5 38 31.561 3.952
5 39 24.734 3.15
5 40 63.59 4.054
5 41 46.447 4.453
5 42 38.439 4.422
5 43 70.022 3.649
5 44 67.093 3.493
5 45 46.129 4.45
5 46 47.276 4.462
5 47 3.124 3.414
5 48 68.865 3.567
5 49 49.509 3.024
6 7 35.37 0.511
6 8 71.539 0.584
6 9 49.578 0.674
6 10 30.514 0.594
6 11 48.128 0.748
6 12 8.158 0.647
6 13 18.073 0.711
6 14 26.559 0.558
6 15 4.803 0.5
6 16 26.456 0.693
6 17 10.226 0.517
6 18 43.127 0.584
6 19 49.549 0.63
6 20 42.489 0.673
6 21 55.162 0.545
6 22 2.688 0.588
6 23 64.425 0.659
6 24 13.483 0.519
6 25 10.691 0.532
6 26 16.074 0.506
6 27 95.864 0.488
6 28 6.783 0.662
6 29 0.265 0.505
6 30 81.699 0.499
6 31 3.104 0.566
6 32 40.774 0.573
6 33 8.122 0.547
6 34 29.799 0.556
6 35 51.4 0.544
6 36 47.441 0.667
6 37 44.13 0.736
6 38 27.861 0.579
6 39 3.913 0.506
6 40 67.291 0.737
6 41 28.469 0.616
6 42 48.376 0.741
6 43 60.49 0.56
6 44 43.821 0.541
6 45 95.114 0.471
6 46 60.088 0.522
6 47 66.22 0.669
6 48 37.986 0.565
6 49 39.147 0.7
7 8 23.654 1.105
7 9 44.507 1.09
7 10 50.634 1.448
7 11 71.425 1.095
7 12 27.335 1.053
7 13 35.645 1.062
7 14 45.159 1.153
7 15 70.033 1.362
7 16 4.553 1.203
7 17 9.164 1.267
7 18 17.587 1.468
7 19 38.278 1.474
7 20 32.669 1.002
7 21 29.943 1.258
7 22 59.845 1.441
7 23 45.641 1.229
7 24 61.758 1.443
7 25 19.694 1.088
7 26 38.707 1.22
7 27 53.027 1.308
7 28 79.901 0.902
7 29 46.452 1.387
7 30 72.223 1.133
7 31 0.966 1.236
7 32 27.188 1.424
7 33 64.936 1.288
7 34 59.403 1.108
7 35 70.341 1.095
7 36 17.016 1.028
7 37 54.299 1.267
7 38 35.01 1.431
7 39 26.705 1.24
7 40 9.752 1.207
7 41 32.376 1.409
7 42 36.581 1.432
7 43 62.196 1.381
7 44 58.292 1.489
7 45 14.0 1.32
7 46 14.203 1.492
7 47 43.951 1.491
7 48 32.895 1.109
7 49 92.164 0.989
8 9 72.164 3.18
8 10 12.143 3.286
8 11 20.811 3.168
8 12 8.833 4.265
8 13 2.995 3.121
8 14 53.419 3.807
8 15 69.451 3.062
8 16 1.739 3.992
8 17 16.678 3.718
8 18 60.797 3.709
8 19 21.131 3.926
8 20 17.593 3.567
8 21 51.001 3.554
8 22 19.013 3.156
8 23 48.674 4.384
8 24 32.476 4.074
8 25 2.205 3.926
8 26 4.817 3.73
8 27 8.361 3.531
8 28 29.242 3.878
8 29 86.104 2.883
8 30 37.282 3.908
8 31 11.17 4.382
8 32 11.989 3.445
8 33 7.471 4.271
8 34 43.196 3.767
8 35 24.951 3.476
8 36 43.721 4.326
8 37 28.891 3.817
8 38 58.441 4.368
8 39 16.307 4.11
8 40 3.121 3.272
8 41 66.658 3.083
8 42 49.276 3.836
8 43 59.809 3.814
8 44 7.0 3.768
8 45 37.736 3.332
8 46 33.983 3.837
8 47 7.585 3.791
8 48 7.142 3.974
8 49 10.715 3.121
9 10 18.563 0.681
9 11 71.914 0.708
9 12 39.534 0.596
9 13 19.211 0.592
9 14 12.995 0.682
9 15 67.149 0.533
9 16 6.14 0.702
9 17 28.337 0.629
9 18 13.947 0.676
9 19 60.917 0.743
9 20 15.996 0.678
9 21 60.161 0.655
9 22 70.19 0.648
9 23 59.701 0.666
9 24 24.108 0.613
9 25 57.15 0.741
9 26 53.462 0.587
9 27 10.576 0.517
9 28 69.757 0.655
9 29 22.745 0.715
9 30 58.969 0.539
9 31 3.258 0.515
9 32 21.433 0.573
9 33 87.059 0.463
9 34 51.316 0.531
9 35 45.474 0.72
9 36 1.37 0.675
9 37 48.073 0.555
9 38 24.169 0.556
9 39 14.769 0.628
9 40 47.139 0.554
9 41 30.23 0.633
9 42 21.292 0.629
9 43 33.467 0.673
9 44 80.254 0.478
9 45 3.816 0.587
9 46 69.448 0.741
9 47 83.474 0.461
9 48 31.144 0.706
9 49 32.531 0.654
10 11 36.901 4.26
10 12 49.1 4.133
10 13 23.04 3.9
10 14 9.159 4.184
10 15 12.344 4.11
10 16 20.702 4.075
10 17 15.275 4.055
10 18 46.719 3.633
10 19 10.008 3.83
10 20 68.613 3.12
10 21 27.669 4.375
10 22 19.203 3.563
10 23 16.067 4.11
10 24 60.603 3.35
10 25 10.771 3.447
10 26 87.683 2.968
10 27 59.624 4.252
10 28 26.273 4.429
10 29 59.931 3.394
10 30 11.36 4.279
10 31 20.604 4.072
10 32 20.023 3.984
10 33 38.94 3.037
10 34 33.443 3.383
10 35 27.834 3.438
10 36 67.591 3.959
10 37 13.656 3.547
10 38 28.228 3.073
10 39 63.399 3.44
10 40 38.526 4.005
10 41 72.148 3.382
10 42 19.332 3.915
10 43 48.754 3.174
10 44 50.322 3.145
10 45 44.265 3.855
10 46 36.005 3.028
10 47 21.977 3.506
10 48 13.301 3.888
10 49 41.338 4.297
11 12 10.817 1.324
11 13 72.438 1.275
11 14 57.058 1.363
11 15 65.042 1.169
11 16 12.616 1.383
11 17 7.929 1.335
11 18 24.686 1.494
11 19 28.378 1.103
11 20 98.391 0.968
11 21 24.991 1.12
11 22 54.964 1.007
11 23 55.822 1.449
11 24 8.564 1.083
11 25 37.261 1.122
11 26 9.787 1.481
11 27 52.063 1.177
11 28 19.949 1.362
11 29 66.064 1.487
11 30 56.839 1.484
11 31 41.599 1.05
11 32 78.91 0.976
11 33 60.293 1.208
11 34 27.542 1.4
11 35 7.385 1.019
11 36 54.691 1.022
11 37 55.844 1.356
11 38 64.393 1.387
11 39 14.551 1.278
11 40 41.595 1.36
11 41 32.356 1.193
11 42 14.866 1.326
11 43 27.099 1.393
11 44 43.716 1.431
11 45 50.1 1.108
11 46 6.232 1.047
11 47 70.036 1.211
11 48 42.736 1.156
11 49 40.306 1.05
12 13 1.125 1.235
12 14 4.791 1.193
12 15 34.113 1.416
12 16 32.005 1.405
12 17 3.602 1.322
12 18 9.567 1.048
12 19 18.643 1.039
12 20 60.328 1.149
12 21 60.252 1.047
12 22 31.436 1.244
12 23 66.591 1.482
12 24 72.294 1.187
12 25 76.601 0.965
12 26 62.893 1.431
12 27 61.719 1.295
12 28 31.972 1.034
12 29 61.415 1.06
12 30 4.997 1.455
12 31 30.488 1.255
12 32 59.699 1.456
12 33 4.097 1.268
12 34 78.913 0.942
12 35 61.86 1.047
12 36 52.787 1.401
12 37 61.012 1.258
12 38 34.425 1.444
12 39 67.047 1.484
12 40 0.054 1.463
12 41 15.491 1.318
12 42 16.819 1.273
12 43 10.916 1.47
12 44 61.439 1.217
12 45 16.313 1.275
12 46 57.514 1.133
12 47 56.365 1.361
12 48 14.693 1.239
12 49 28.312 1.339
13 14 59.976 3.474
13 15 70.975 3.12
13 16 37.154 4.386
13 17 20.469 3.271
13 18 13.416 3.978
13 19 23.145 4.233
13 20 17.098 3.85
13 21 59.002 3.463
13 22 67.574 3.203
13 23 15.426 3.832
13 24 47.44 3.135
13 25 68.044 3.532
13 26 46.509 4.034
13 27 63.262 3.458
13 28 9.664 3.752
13 29 72.116 3.061
13 30 6.951 3.743
13 31 32.353 4.244
13 32 26.1 4.257
13 33 25.048 3.635
13 34 14.011 3.384
13 35 25.157 4.081
13 36 71.057 4.423
13 37 13.817 4.066
13 38 59.339 4.282
13 39 41.356 3.175
13 40 5.33 3.969
13 41 66.704 3.75
13 42 69.25 3.025
13 43 28.228 4.135
13 44 14.146 3.148
13 45 70.002 4.029
13 46 87.506 2.956
13 47 36.805 4.3
13 48 46.477 4.438
13 49 52.863 4.289
14 15 29.73 0.598
14 16 68.762 0.656
14 17 6.33 0.72
14 18 37.972 0.559
14 19 80.07 0.477
14 20 68.14 0.716
14 21 24.866 0.567
14 22 32.177 0.51
14 23 58.327 0.691
14 24 15.482 0.592
14 25 30.84 0.557
14 26 52.068 0.635
14 27 0.303 0.508
14 28 12.167 0.633
14 29 53.115 0.52
14 30 13.02 0.713
14 31 83.235 0.497
14 32 47.101 0.64
14 33 25.358 0.673
14 34 66.73 0.661
14 35 34.665 0.734
14 36 18.542 0.53
14 37 12.399 0.688
14 38 1.765 0.551
14 39 22.482 0.662
14 40 1.518 0.607
14 41 48.44 0.695
14 42 35.054 0.523
14 43 6.318 0.573
14 44 31.481 0.672
14 45 40.109 0.691
14 46 21.422 0.681
14 47 51.168 0.693
14 48 77.448 0.466
14 49 50.845 0.531
15 16 31.991 0.303
15 17 86.826 0.275
15 18 42.334 0.398
15 19 0.775 0.417
15 20 26.655 0.328
15 21 3.338 0.327
15 22 97.565 0.281
15 23 59.472 0.318
15 24 12.318 0.346
15 25 25.259 0.381
15 26 27.372 0.354
15 27 67.61 0.328
15 28 15.932 0.314
15 29 71.499 0.324
15 30 42.037 0.376
15 31 44.627 0.341
15 32 54.686 0.316
15 33 61.109 0.427
15 34 24.493 0.34
15 35 61.049 0.316
15 36 73.16 0.297
15 37 8.033 0.418
15 38 46.071 0.377
15 39 45.155 0.439
15 40 68.033 0.297
15 41 44.165 0.426
15 42 31.892 0.44
15 43 49.786 0.384
15 44 51.843 0.301
15 45 21.167 0.444
15 46 8.975 0.335
15 47 49.035 0.38
15 48 63.381 0.408
15 49 8.595 0.321
16 17 27.761 0.0
16 18 69.863 0.0
16 19 25.308 0.0
16 20 50.894 0.0
16 21 24.085 0.0
16 22 57.699 0.0
16 23 46.395 0.0
16 24 30.267 0.0
16 25 57.817 0.0
16 26 4.797 0.0
16 27 61.133 0.0
16 28 43.934 0.0
16 29 0.024 0.0
16 30 27.629 0.0
16 31 67.912 0.0
16 32 57.308 0.0
16 33 3.168 0.0
16 34 18.906 0.0
16 35 66.378 0.0
16 36 66.622 0.0
16 37 13.528 0.0
16 38 71.903 0.0
16 39 14.525 0.0
16 40 20.196 0.0
16 41 27.767 0.0
16 42 35.173 0.0
16 43 46.236 0.0
16 44 62.04 0.0
16 45 70.887 0.0
16 46 27.59 0.0
16 47 35.555 0.0
16 48 65.114 0.0
16 49 5.678 0.0
17 18 21.411 0.32
17 19 18.9 0.351
17 20 24.77 0.439
17 21 23.654 0.379
17 22 90.054 0.28
17 23 29.363 0.368
17 24 69.742 0.303
17 25 20.929 0.3
17 26 17.447 0.395
17 27 43.273 0.343
17 28 49.691 0.435
17 29 63.21 0.433
17 30 61.697 0.303
17 31 8.519 0.327
17 32 7.222 0.304
17 33 66.897 0.358
17 34 7.802 0.37
17 35 36.592 0.405
17 36 96.5 0.296
17 37 40.391 0.374
17 38 18.295 0.409
17 39 28.691 0.354
17 40 86.546 0.283
17 41 24.036 0.331
17 42 27.829 0.445
17 43 31.535 0.341
17 44 37.931 0.368
17 45 49.538 0.355
17 46 12.839 0.387
17 47 14.303 0.449
17 48 54.241 0.385
17 49 30.492 0.333
18 19 41.145 0.372
18 20 36.138 0.405
18 21 31.741 0.391
18 22 14.826 0.382
18 23 16.302 0.393
18 24 84.03 0.282
18 25 38.845 0.305
18 26 3.153 0.353
18 27 7.519 0.411
18 28 53.717 0.344
18 29 22.203 0.411
18 30 21.449 0.388
18 31 70.719 0.419
18 32 23.394 0.438
18 33 38.99 0.31
18 34 48.032 0.412
18 35 56.265 0.374
18 36 9.359 0.418
18 37 26.077 0.363
18 38 10.54 0.332
18 39 96.606 0.292
18 40 6.999 0.339
18 41 93.801 0.296
18 42 41.723 0.336
18 43 7.574 0.389
18 44 33.583 0.416
18 45 67.871 0.431
18 46 63.219 0.343
18 47 52.258 0.427
18 48 70.386 0.389
18 49 5.095 0.424
19 20 18.631 0.729
19 21 62.918 0.666
19 22 24.207 0.524
19 23 24.889 0.62
19 24 16.575 0.686
19 25 30.576 0.71
19 26 17.343 0.689
19 27 20.927 0.706
19 28 25.312 0.615
19 29 33.341 0.548
19 30 55.137 0.575
19 31 84.443 0.486
19 32 6.069 0.551
19 33 3.648 0.631
19 34 33.639 0.517
19 35 33.792 0.569
19 36 15.682 0.548
19 37 34.684 0.53
19 38 41.788 0.568
19 39 66.505 0.691
19 40 21.227 0.618
19 41 55.139 0.511
19 42 62.02 0.718
19 43 17.042 0.666
19 44 60.168 0.562
19 45 61.778 0.645
19 46 33.663 0.695
19 47 42.629 0.565
19 48 94.557 0.478
19 49 70.479 0.511
20 21 58.983 1.188
20 22 17.544 1.27
20 23 17.629 1.071
20 24 38.124 1.238
20 25 30.303 1.272
20 26 49.575 1.475
20 27 34.54 1.126
20 28 30.995 1.308
20 29 37.508 1.028
20 30 46.906 1.377
20 31 29.968 1.48
20 32 71.767 0.991
20 33 31.112 1.002
20 34 24.617 1.2
20 35 23.459 1.006
20 36 66.952 1.105
20 37 39.293 1.343
20 38 27.207 1.208
20 39 1.521 1.025
20 40 16.191 1.105
20 41 8.318 1.349
20 42 66.052 1.103
20 43 40.786 1.069
20 44 32.293 1.468
20 45 23.642 1.044
20 46 62.935 1.021
20 47 55.632 1.34
20 48 67.258 1.337
20 49 30.056 1.282
21 22 39.879 0.381
21 23 81.858 0.292
21 24 63.943 0.445
21 25 72.298 0.444
21 26 69.851 0.313
21 27 19.495 0.35
21 28 0.339 0.4
21 29 20.883 0.373
21 30 63.275 0.302
21 31 49.567 0.433
21 32 59.949 0.393
21 33 62.821 0.328
21 34 54.959 0.357
21 35 25.256 0.437
21 36 35.424 0.385
21 37 7.682 0.368
21 38 69.465 0.279
21 39 60.878 0.324
21 40 4.521 0.304
21 41 45.545 0.363
21 42 86.725 0.283
21 43 33.111 0.444
21 44 33.672 0.305
21 45 70.758 0.412
21 46 17.136 0.374
21 47 5.939 0.381
21 48 67.504 0.411
21 49 48.779 0.375
22 23 55.024 0.367
22 24 45.197 0.36
22 25 10.014 0.349
22 26 55.713 0.315
22 27 67.726 0.335
22 28 13.805 0.429
22 29 44.791 0.36
22 30 48.219 0.38
22 31 34.468 0.35
22 32 31.681 0.386
22 33 7.436 0.406
22 34 67.77 0.312
22 35 34.468 0.42
22 36 78.272 0.287
22 37 33.174 0.34
22 38 36.213 0.312
22 39 17.111 0.331
22 40 80.98 0.294
22 41 72.261 0.384
22 42 10.337 0.381
22 43 15.995 0.304
22 44 54.746 0.32
22 45 15.455 0.316
22 46 65.963 0.374
22 47 3.934 0.346
22 48 57.832 0.344
22 49 53.101 0.383
23 24 53.615 0.302
23 25 10.68 0.323
23 26 9.59 0.387
23 27 27.997 0.439
23 28 5.808 0.362
23 29 1.42 0.365
23 30 63.03 0.366
23 31 60.199 0.328
23 32 47.265 0.396
23 33 61.23 0.333
23 34 59.937 0.444
23 35 34.039 0.301
23 36 16.001 0.312
23 37 35.319 0.381
23 38 77.477 0.291
23 39 20.291 0.325
23 40 36.429 0.444
23 41 31.392 0.433
23 42 66.445 0.271
23 43 29.731 0.378
23 44 48.293 0.411
23 45 35.573 0.36
23 46 71.242 0.307
23 47 4.27 0.342
23 48 51.31 0.335
23 49 34.468 0.41
24 25 33.942 0.325
24 26 51.325 0.435
24 27 53.555 0.443
24 28 3.879 0.339
24 29 29.536 0.327
24 30 6.024 0.44
24 31 16.157 0.418
24 32 36.725 0.389
24 33 2.507 0.401
24 34 6.91 0.308
24 35 70.875 0.449
24 36 56.025 0.44
24 37 54.616 0.326
24 38 17.745 0.429
24 39 67.506 0.282
24 40 45.0 0.445
24 41 94.71 0.292
24 42 0.921 0.386
24 43 44.396 0.439
24 44 59.44 0.414
24 45 18.778 0.364
24 46 21.334 0.427
24 47 42.47 0.332
24 48 34.083 0.3
24 49 65.557 0.399
25 26 42.118 1.179
25 27 66.53 1.149
25 28 57.823 1.244
25 29 6.643 1.036
25 30 32.156 1.262
25 31 35.411 1.467
25 32 39.749 1.1
25 33 0.956 1.489
25 34 88.515 0.973
25 35 9.634 1.217
25 36 35.879 1.314
25 37 40.088 1.24
25 38 51.594 1.036
25 39 71.886 1.123
25 40 23.715 1.403
25 41 31.546 1.297
25 42 39.97 1.312
25 43 3.425 1.065
25 44 18.956 1.407
25 45 19.996 1.232
25 46 2.813 1.21
25 47 18.305 1.058
25 48 57.212 1.262
25 49 61.875 1.076
26 27 58.015 4.168
26 28 21.275 4.002
26 29 2.226 3.451
26 30 18.426 4.278
26 31 38.157 4.045
26 32 4.014 4.436
26 33 7.759 3.194
26 34 48.646 3.421
26 35 2.948 4.427
26 36 6.388 3.335
26 37 57.259 3.065
26 38 34.737 3.576
26 39 65.53 4.374
26 40 37.099 3.512
26 41 69.321 4.147
26 42 67.704 3.24
26 43 0.701 3.816
26 44 68.612 3.362
26 45 23.687 3.808
26 46 61.203 3.963
26 47 12.414 4.084
26 48 47.856 3.803
26 49 60.135 3.538
27 28 71.543 0.542
27 29 4.791 0.539
27 30 87.558 0.474
27 31 0.443 0.653
27 32 68.763 0.654
27 33 10.511 0.543
27 34 20.577 0.572
27 35 5.298 0.743
27 36 43.032 0.668
27 37 51.931 0.524
27 38 55.938 0.697
27 39 19.878 0.502
27 40 51.88 0.632
27 41 48.81 0.546
27 42 24.564 0.577
27 43 4.922 0.603
27 44 37.516 0.734
27 45 96.018 0.463
27 46 68.24 0.624
27 47 2.73 0.562
27 48 46.913 0.684
27 49 58.693 0.741
28 29 70.968 1.013
28 30 11.073 1.44
28 31 53.933 1.075
28 32 49.603 1.093
28 33 9.583 1.226
28 34 52.678 1.117
28 35 61.698 1.408
28 36 59.727 1.205
28 37 12.659 1.223
28 38 66.111 1.279
28 39 70.653 1.172
28 40 40.841 1.083
28 41 65.122 1.416
28 42 25.836 1.415
28 43 66.928 1.252
28 44 22.315 1.124
28 45 57.022 1.112
28 46 21.34 1.4
28 47 27.095 1.284
28 48 2.317 1.019
28 49 79.942 0.957
29 30 0.095 4.253
29 31 23.245 3.979
29 32 54.747 3.108
29 33 57.925 3.111
29 34 65.162 3.439
29 35 66.512 4.091
29 36 59.521 4.163
29 37 37.685 3.628
29 38 8.218 3.787
29 39 15.624 3.638
29 40 31.51 3.248
29 41 57.587 4.358
29 42 39.414 3.946
29 43 63.81 4.421
29 44 21.132 3.543
29 45 65.852 3.789
29 46 63.893 3.608
29 47 11.902 4.453
29 48 51.697 4.186
29 49 20.334 4.031
30 31 51.524 0.726
30 32 45.279 0.687
30 33 4.827 0.718
30 34 45.565 0.645
30 35 53.867 0.633
30 36 23.237 0.567
30 37 24.618 0.536
30 38 12.922 0.722
30 39 37.845 0.504
30 40 24.075 0.518
30 41 40.426 0.573
30 42 55.927 0.691
30 43 44.034 0.572
30 44 2.079 0.654
30 45 93.917 0.464
30 46 24.115 0.512
30 47 40.521 0.682
30 48 29.198 0.562
30 49 33.454 0.534
31 32 9.736 0.61
31 33 43.214 0.679
31 34 24.227 0.523
31 35 33.38 0.656
31 36 26.815 0.5
31 37 51.988 0.597
31 38 43.221 0.557
31 39 45.22 0.545
31 40 31.011 0.559
31 41 33.237 0.737
31 42 6.754 0.521
31 43 10.21 0.706
31 44 47.364 0.668
31 45 66.345 0.58
31 46 65.567 0.71
31 47 14.877 0.505
31 48 86.904 0.451
31 49 34.718 0.514
32 33 71.026 1.027
32 34 51.67 1.255
32 35 50.561 1.193
32 36 45.758 1.322
32 37 4.108 1.249
32 38 57.972 1.311
32 39 41.28 1.027
32 40 4.679 1.212
32 41 2.064 1.367
32 42 49.902 1.276
32 43 44.496 1.273
32 44 25.63 1.404
32 45 36.003 1.479
32 46 0.47 1.398
32 47 50.776 1.25
32 48 5.619 1.004
32 49 0.786 1.369
33 34 60.265 0.552
33 35 31.246 0.625
33 36 59.761 0.515
33 37 64.251 0.527
33 38 28.449 0.593
33 39 66.268 0.539
33 40 49.173 0.608
33 41 71.854 0.544
33 42 8.233 0.749
33 43 58.725 0.719
33 44 81.328 0.485
33 45 50.644 0.581
33 46 20.719 0.72
33 47 86.059 0.48
33 48 52.331 0.725
33 49 32.856 0.734
34 35 32.819 1.397
34 36 71.914 1.176
34 37 67.107 1.09
34 38 34.841 1.168
34 39 4.731 1.031
34 40 23.309 1.33
34 41 8.667 1.259
34 42 53.978 1.181
34 43 33.429 1.13
34 44 2.638 1.052
34 45 47.36 1.242
34 46 31.893 1.382
34 47 46.476 1.256
34 48 51.88 1.331
34 49 51.794 1.22
35 36 68.848 3.887
35 37 40.177 3.729
35 38 1.651 4.457
35 39 23.771 3.76
35 40 44.055 3.392
35 41 22.703 3.016
35 42 14.19 3.508
35 43 5.865 3.352
35 44 23.236 4.485
35 45 67.897 3.865
35 46 53.282 4.27
35 47 65.387 3.023
35 48 57.863 3.467
35 49 36.281 3.626
36 37 9.36 0.444
36 38 44.535 0.431
36 39 4.799 0.409
36 40 75.684 0.283
36 41 4.636 0.329
36 42 62.545 0.325
36 43 17.152 0.365
36 44 1.053 0.424
36 45 26.167 0.325
36 46 59.444 0.328
36 47 61.31 0.323
36 48 6.022 0.423
36 49 46.57 0.442
37 38 32.516 3.937
37 39 42.668 3.399
37 40 44.325 3.724
37 41 35.775 3.283
37 42 55.938 4.401
37 43 26.674 3.691
37 44 13.163 3.497
37 45 45.952 3.079
37 46 30.038 3.547
37 47 61.974 4.375
37 48 41.424 4.327
37 49 41.601 4.448
38 39 4.804 0.305
38 40 27.843 0.323
38 41 24.203 0.318
38 42 98.99 0.27
38 43 39.728 0.313
38 44 52.631 0.304
38 45 5.062 0.353
38 46 61.663 0.381
38 47 70.572 0.386
38 48 29.01 0.407
38 49 30.591 0.321
39 40 65.95 0.438
39 41 70.891 0.287
39 42 13.392 0.442
39 43 38.441 0.307
39 44 35.646 0.359
39 45 63.536 0.416
39 46 36.419 0.315
39 47 48.623 0.416
39 48 9.611 0.336
39 49 23.996 0.387
40 41 16.461 0.335
40 42 34.565 0.324
40 43 34.821 0.301
40 44 69.246 0.416
40 45 17.309 0.446
40 46 39.621 0.385
40 47 60.427 0.319
40 48 36.712 0.448
40 49 44.273 0.34
41 42 12.538 0.433
41 43 54.749 0.371
41 44 60.855 0.32
41 45 65.891 0.443
41 46 19.892 0.435
41 47 15.695 0.434
41 48 30.584 0.425
41 49 3.364 0.338
42 43 62.572 0.389
42 44 6.012 0.342
42 45 14.234 0.372
42 46 60.215 0.424
42 47 3.064 0.325
42 48 18.571 0.396
42 49 5.13 0.36
43 44 47.807 4.497
43 45 68.075 3.003
43 46 20.968 3.515
43 47 23.636 3.332
43 48 18.108 4.047
43 49 49.311 3.685
44 45 37.333 0.744
44 46 22.437 0.69
44 47 82.522 0.498
44 48 43.378 0.509
44 49 0.962 0.666
45 46 13.139 0.643
45 47 11.414 0.587
45 48 47.846 0.682
45 49 1.233 0.562
46 47 54.922 4.498
46 48 17.907 3.738
46 49 41.613 3.773
47 48 29.953 0.532
47 49 24.722 0.627
48 49 14.213 0.683