50
50
0 1 30.559 0.222
0 2 39.367 0.222
0 3 35.146 0.222
0 4 35.915 0.222
0 5 34.278 0.222
0 6 34.337 0.222
0 7 39.897 0.222
0 8 31.708 0.222
0 9 32.486 0.222
0 10 1 0.199
0 11 1 0.141
0 12 1 0.192
0 13 1 0.169
0 14 1 0.145
0 15 1 0.133
0 16 1 0.194
0 17 1 0.124
0 18 1 0.112
0 19 1 0.124
0 20 1 0.203
0 21 1 0.145
0 22 1 0.112
0 23 1 0.112
0 24 1 0.18
0 25 1 0.192
0 26 1 0.215
0 27 1 0.13
0 28 1 0.175
0 29 1 0.139
0 30 1 0.141
0 31 1 0.211
0 32 1 0.158
0 33 1 0.155
0 34 1 0.145
0 35 1 0.201
0 36 1 0.165
0 37 1 0.133
0 38 1 0.159
0 39 1 0.185
0 40 1 0.175
0 41 1 0.15
0 42 1 0.137
0 43 1 0.112
0 44 1 0.125
0 45 1 0.194
0 46 1 0.164
0 47 1 0.142
0 48 1 0.162
0 49 1 0.12
1 2 33.514 0.222
1 3 37.164 0.222
1 4 38.209 0.222
1 5 33.501 0.222
1 6 31.86 0.222
1 7 37.763 0.222
1 8 30.635 0.222
1 9 30.741 0.222
1 10 1 0.171
1 11 1 0.167
1 12 1 0.137
1 13 1 0.21
1 14 1 0.199
1 15 1 0.125
1 16 1 0.152
1 17 1 0.14
1 18 1 0.199
1 19 1 0.209
1 20 1 0.144
1 21 1 0.21
1 22 1 0.126
1 23 1 0.157
1 24 1 0.158
1 25 1 0.116
1 26 1 0.134
1 27 1 0.198
1 28 1 0.132
1 29 1 0.14
1 30 1 0.133
1 31 1 0.158
1 32 1 0.193
1 33 1 0.16
1 34 1 0.221
1 35 1 0.148
1 36 1 0.115
1 37 1 0.167
1 38 1 0.115
1 39 1 0.159
1 40 1 0.186
1 41 1 0.182
1 42 1 0.159
1 43 1 0.134
1 44 1 0.132
1 45 1 0.118
1 46 1 0.138
1 47 1 0.202
1 48 1 0.212
1 49 1 0.22
2 3 39.959 0.222
2 4 32.139 0.222
2 5 33.736 0.222
2 6 37.726 0.222
2 7 36.822 0.222
2 8 32.779 0.222
2 9 37.578 0.222
2 10 1 0.157
2 11 1 0.177
2 12 1 0.126
2 13 1 0.156
2 14 1 0.148
2 15 1 0.164
2 16 1 0.173
2 17 1 0.198
2 18 1 0.216
2 19 1 0.159
2 20 1 0.139
2 21 1 0.192
2 22 1 0.2
2 23 1 0.152
2 24 1 0.112
2 25 1 0.113
2 26 1 0.182
2 27 1 0.166
2 28 1 0.126
2 29 1 0.173
2 30 1 0.144
2 31 1 0.182
2 32 1 0.136
2 33 1 0.202
2 34 1 0.164
2 35 1 0.131
2 36 1 0.204
2 37 1 0.175
2 38 1 0.208
2 39 1 0.157
2 40 1 0.136
2 41 1 0.176
2 42 1 0.181
2 43 1 0.17
2 44 1 0.14
2 45 1 0.213
2 46 1 0.128
2 47 1 0.19
2 48 1 0.124
2 49 1 0.2
3 4 31.575 0.222
3 5 35.217 0.222
3 6 36.707 0.222
3 7 37.308 0.222
3 8 35.96 0.222
3 9 30.057 0.222
3 10 1 0.194
3 11 1 0.129
3 12 1 0.202
3 13 1 0.204
3 14 1 0.181
3 15 1 0.213
3 16 1 0.131
3 17 1 0.132
3 18 1 0.138
3 19 1 0.217
3 20 1 0.147
3 21 1 0.146
3 22 1 0.201
3 23 1 0.113
3 24 1 0.204
3 25 1 0.184
3 26 1 0.22
3 27 1 0.194
3 28 1 0.21
3 29 1 0.172
3 30 1 0.152
3 31 1 0.15
3 32 1 0.134
3 33 1 0.17
3 34 1 0.128
3 35 1 0.181
3 36 1 0.22
3 37 1 0.204
3 38 1 0.175
3 39 1 0.15
3 40 1 0.182
3 41 1 0.113
3 42 1 0.163
3 43 1 0.178
3 44 1 0.134
3 45 1 0.134
3 46 1 0.214
3 47 1 0.123
3 48 1 0.186
3 49 1 0.218
4 5 31.165 0.222
4 6 38.342 0.222
4 7 31.683 0.222
4 8 39.058 0.222
4 9 30.159 0.222
4 10 1 0.198
4 11 1 0.144
4 12 1 0.115
4 13 1 0.213
4 14 1 0.112
4 15 1 0.204
4 16 1 0.188
4 17 1 0.112
4 18 1 0.178
4 19 1 0.218
4 20 1 0.118
4 21 1 0.128
4 22 1 0.205
4 23 1 0.188
4 24 1 0.141
4 25 1 0.196
4 26 1 0.169
4 27 1 0.146
4 28 1 0.197
4 29 1 0.122
4 30 1 0.178
4 31 1 0.131
4 32 1 0.125
4 33 1 0.147
4 34 1 0.175
4 35 1 0.133
4 36 1 0.219
4 37 1 0.178
4 38 1 0.169
4 39 1 0.207
4 40 1 0.163
4 41 1 0.145
4 42 1 0.208
4 43 1 0.135
4 44 1 0.114
4 45 1 0.112
4 46 1 0.194
4 47 1 0.148
4 48 1 0.155
4 49 1 0.209
5 6 36.182 0.222
5 7 37.999 0.222
5 8 33.555 0.222
5 9 39.676 0.222
5 10 1 0.212
5 11 1 0.145
5 12 1 0.14
5 13 1 0.188
5 14 1 0.135
5 15 1 0.168
5 16 1 0.133
5 17 1 0.21
5 18 1 0.197
5 19 1 0.158
5 20 1 0.187
5 21 1 0.211
5 22 1 0.203
5 23 1 0.209
5 24 1 0.151
5 25 1 0.148
5 26 1 0.118
5 27 1 0.156
5 28 1 0.16
5 29 1 0.144
5 30 1 0.196
5 31 1 0.17
5 32 1 0.16
5 33 1 0.202
5 34 1 0.188
5 35 1 0.18
5 36 1 0.173
5 37 1 0.198
5 38 1 0.185
5 39 1 0.188
5 40 1 0.155
5 41 1 0.175
5 42 1 0.188
5 43 1 0.185
5 44 1 0.175
5 45 1 0.117
5 46 1 0.158
5 47 1 0.204
5 48 1 0.136
5 49 1 0.217
6 7 38.469 0.222
6 8 39.114 0.222
6 9 37.623 0.222
6 10 1 0.159
6 11 1 0.159
6 12 1 0.157
6 13 1 0.169
6 14 1 0.21
6 15 1 0.192
6 16 1 0.218
6 17 1 0.169
6 18 1 0.128
6 19 1 0.219
6 20 1 0.192
6 21 1 0.115
6 22 1 0.169
6 23 1 0.202
6 24 1 0.162
6 25 1 0.15
6 26 1 0.157
6 27 1 0.12
6 28 1 0.129
6 29 1 0.2
6 30 1 0.187
6 31 1 0.125
6 32 1 0.156
6 33 1 0.152
6 34 1 0.155
6 35 1 0.191
6 36 1 0.146
6 37 1 0.183
6 38 1 0.125
6 39 1 0.14
6 40 1 0.213
6 41 1 0.166
6 42 1 0.145
6 43 1 0.204
6 44 1 0.179
6 45 1 0.137
6 46 1 0.14
6 47 1 0.204
6 48 1 0.19
6 49 1 0.182
7 8 36.752 0.222
7 9 30.537 0.222
7 10 1 0.14
7 11 1 0.169
7 12 1 0.14
7 13 1 0.176
7 14 1 0.197
7 15 1 0.128
7 16 1 0.131
7 17 1 0.112
7 18 1 0.165
7 19 1 0.188
7 20 1 0.2
7 21 1 0.112
7 22 1 0.192
7 23 1 0.114
7 24 1 0.203
7 25 1 0.221
7 26 1 0.163
7 27 1 0.133
7 28 1 0.145
7 29 1 0.169
7 30 1 0.15
7 31 1 0.121
7 32 1 0.188
7 33 1 0.199
7 34 1 0.139
7 35 1 0.153
7 36 1 0.134
7 37 1 0.162
7 38 1 0.164
7 39 1 0.165
7 40 1 0.179
7 41 1 0.208
7 42 1 0.121
7 43 1 0.164
7 44 1 0.118
7 45 1 0.111
7 46 1 0.209
7 47 1 0.188
7 48 1 0.121
7 49 1 0.191
8 9 35.606 0.222
8 10 1 0.19
8 11 1 0.14
8 12 1 0.122
8 13 1 0.136
8 14 1 0.183
8 15 1 0.212
8 16 1 0.176
8 17 1 0.206
8 18 1 0.189
8 19 1 0.192
8 20 1 0.131
8 21 1 0.192
8 22 1 0.204
8 23 1 0.154
8 24 1 0.143
8 25 1 0.205
8 26 1 0.132
8 27 1 0.22
8 28 1 0.222
8 29 1 0.204
8 30 1 0.205
8 31 1 0.141
8 32 1 0.138
8 33 1 0.147
8 34 1 0.185
8 35 1 0.182
8 36 1 0.126
8 37 1 0.122
8 38 1 0.202
8 39 1 0.188
8 40 1 0.187
8 41 1 0.123
8 42 1 0.171
8 43 1 0.153
8 44 1 0.174
8 45 1 0.117
8 46 1 0.132
8 47 1 0.194
8 48 1 0.179
8 49 1 0.187
9 10 1 0.16
9 11 1 0.209
9 12 1 0.183
9 13 1 0.198
9 14 1 0.212
9 15 1 0.128
9 16 1 0.143
9 17 1 0.221
9 18 1 0.118
9 19 1 0.18
9 20 1 0.187
9 21 1 0.126
9 22 1 0.202
9 23 1 0.208
9 24 1 0.149
9 25 1 0.155
9 26 1 0.14
9 27 1 0.143
9 28 1 0.178
9 29 1 0.152
9 30 1 0.154
9 31 1 0.212
9 32 1 0.213
9 33 1 0.222
9 34 1 0.178
9 35 1 0.186
9 36 1 0.196
9 37 1 0.157
9 38 1 0.164
9 39 1 0.146
9 40 1 0.147
9 41 1 0.135
9 42 1 0.166
9 43 1 0.186
9 44 1 0.14
9 45 1 0.215
9 46 1 0.194
9 47 1 0.192
9 48 1 0.123
9 49 1 0.156
10 11 31.587 0.222
10 12 36.064 0.222
10 13 38.411 0.222
10 14 37.457 0.222
10 15 39.547 0.222
10 16 31.212 0.222
10 17 34.54 0.222
10 18 31.402 0.222
10 19 35.958 0.222
10 20 1 0.165
10 21 1 0.127
10 22 1 0.154
10 23 1 0.22
10 24 1 0.189
10 25 1 0.114
10 26 1 0.205
10 27 1 0.18
10 28 1 0.131
10 29 1 0.205
10 30 1 0.188
10 31 1 0.198
10 32 1 0.142
10 33 1 0.123
10 34 1 0.154
10 35 1 0.159
10 36 1 0.126
10 37 1 0.206
10 38 1 0.129
10 39 1 0.206
10 40 1 0.14
10 41 1 0.192
10 42 1 0.112
10 43 1 0.16
10 44 1 0.197
10 45 1 0.198
10 46 1 0.161
10 47 1 0.191
10 48 1 0.147
10 49 1 0.165
11 12 35.9 0.222
11 13 36.854 0.222
11 14 39.065 0.222
11 15 39.901 0.222
11 16 36.524 0.222
11 17 31.172 0.222
11 18 32.966 0.222
11 19 36.685 0.222
11 20 1 0.125
11 21 1 0.151
11 22 1 0.124
11 23 1 0.209
11 24 1 0.134
11 25 1 0.131
11 26 1 0.173
11 27 1 0.115
11 28 1 0.175
11 29 1 0.221
11 30 1 0.191
11 31 1 0.202
11 32 1 0.195
11 33 1 0.186
11 34 1 0.195
11 35 1 0.131
11 36 1 0.177
11 37 1 0.198
11 38 1 0.149
11 39 1 0.129
11 40 1 0.213
11 41 1 0.183
11 42 1 0.151
11 43 1 0.183
11 44 1 0.172
11 45 1 0.161
11 46 1 0.192
11 47 1 0.169
11 48 1 0.207
11 49 1 0.176
12 13 30.089 0.222
12 14 33.128 0.222
12 15 39.798 0.222
12 16 35.786 0.222
12 17 30.873 0.222
12 18 35.228 0.222
12 19 37.407 0.222
12 20 1 0.171
12 21 1 0.208
12 22 1 0.142
12 23 1 0.193
12 24 1 0.209
12 25 1 0.154
12 26 1 0.197
12 27 1 0.139
12 28 1 0.138
12 29 1 0.188
12 30 1 0.117
12 31 1 0.185
12 32 1 0.164
12 33 1 0.12
12 34 1 0.198
12 35 1 0.188
12 36 1 0.135
12 37 1 0.136
12 38 1 0.154
12 39 1 0.13
12 40 1 0.195
12 41 1 0.168
12 42 1 0.161
12 43 1 0.154
12 44 1 0.131
12 45 1 0.143
12 46 1 0.148
12 47 1 0.166
12 48 1 0.19
12 49 1 0.178
13 14 33.849 0.222
13 15 34.591 0.222
13 16 30.883 0.222
13 17 30.855 0.222
13 18 36.265 0.222
13 19 35.211 0.222
13 20 1 0.138
13 21 1 0.207
13 22 1 0.178
13 23 1 0.142
13 24 1 0.144
13 25 1 0.151
13 26 1 0.209
13 27 1 0.131
13 28 1 0.189
13 29 1 0.215
13 30 1 0.219
13 31 1 0.221
13 32 1 0.209
13 33 1 0.137
13 34 1 0.119
13 35 1 0.123
13 36 1 0.178
13 37 1 0.116
13 38 1 0.148
13 39 1 0.17
13 40 1 0.157
13 41 1 0.118
13 42 1 0.157
13 43 1 0.141
13 44 1 0.176
13 45 1 0.181
13 46 1 0.136
13 47 1 0.159
13 48 1 0.208
13 49 1 0.15
14 15 33.285 0.222
14 16 35.808 0.222
14 17 35.366 0.222
14 18 38.368 0.222
14 19 36.074 0.222
14 20 1 0.155
14 21 1 0.167
14 22 1 0.155
14 23 1 0.137
14 24 1 0.166
14 25 1 0.13
14 26 1 0.201
14 27 1 0.176
14 28 1 0.198
14 29 1 0.121
14 30 1 0.122
14 31 1 0.221
14 32 1 0.114
14 33 1 0.221
14 34 1 0.175
14 35 1 0.134
14 36 1 0.205
14 37 1 0.128
14 38 1 0.209
14 39 1 0.201
14 40 1 0.18
14 41 1 0.119
14 42 1 0.142
14 43 1 0.154
14 44 1 0.199
14 45 1 0.205
14 46 1 0.162
14 47 1 0.152
14 48 1 0.162
14 49 1 0.217
15 16 36.695 0.222
15 17 34.443 0.222
15 18 35.992 0.222
15 19 33.054 0.222
15 20 1 0.215
15 21 1 0.171
15 22 1 0.126
15 23 1 0.126
15 24 1 0.143
15 25 1 0.168
15 26 1 0.215
15 27 1 0.139
15 28 1 0.191
15 29 1 0.13
15 30 1 0.145
15 31 1 0.219
15 32 1 0.137
15 33 1 0.12
15 34 1 0.16
15 35 1 0.156
15 36 1 0.162
15 37 1 0.173
15 38 1 0.126
15 39 1 0.13
15 40 1 0.214
15 41 1 0.132
15 42 1 0.22
15 43 1 0.112
15 44 1 0.176
15 45 1 0.21
15 46 1 0.155
15 47 1 0.194
15 48 1 0.139
15 49 1 0.21
16 17 39.382 0.222
16 18 33.716 0.222
16 19 39.68 0.222
16 20 1 0.155
16 21 1 0.204
16 22 1 0.188
16 23 1 0.123
16 24 1 0.193
16 25 1 0.117
16 26 1 0.121
16 27 1 0.125
16 28 1 0.116
16 29 1 0.205
16 30 1 0.217
16 31 1 0.18
16 32 1 0.16
16 33 1 0.185
16 34 1 0.157
16 35 1 0.207
16 36 1 0.14
16 37 1 0.131
16 38 1 0.129
16 39 1 0.219
16 40 1 0.176
16 41 1 0.127
16 42 1 0.138
16 43 1 0.174
16 44 1 0.212
16 45 1 0.127
16 46 1 0.205
16 47 1 0.133
16 48 1 0.128
16 49 1 0.177
17 18 32.427 0.222
17 19 37.575 0.222
17 20 1 0.197
17 21 1 0.207
17 22 1 0.197
17 23 1 0.204
17 24 1 0.214
17 25 1 0.189
17 26 1 0.194
17 27 1 0.15
17 28 1 0.193
17 29 1 0.202
17 30 1 0.207
17 31 1 0.127
17 32 1 0.205
17 33 1 0.219
17 34 1 0.179
17 35 1 0.201
17 36 1 0.22
17 37 1 0.152
17 38 1 0.132
17 39 1 0.219
17 40 1 0.131
17 41 1 0.175
17 42 1 0.216
17 43 1 0.144
17 44 1 0.116
17 45 1 0.112
17 46 1 0.206
17 47 1 0.184
17 48 1 0.216
17 49 1 0.116
18 19 39.275 0.222
18 20 1 0.112
18 21 1 0.132
18 22 1 0.187
18 23 1 0.193
18 24 1 0.125
18 25 1 0.216
18 26 1 0.219
18 27 1 0.118
18 28 1 0.211
18 29 1 0.144
18 30 1 0.174
18 31 1 0.16
18 32 1 0.159
18 33 1 0.212
18 34 1 0.166
18 35 1 0.197
18 36 1 0.192
18 37 1 0.19
18 38 1 0.2
18 39 1 0.18
18 40 1 0.159
18 41 1 0.177
18 42 1 0.188
18 43 1 0.212
18 44 1 0.19
18 45 1 0.22
18 46 1 0.127
18 47 1 0.194
18 48 1 0.138
18 49 1 0.158
19 20 1 0.151
19 21 1 0.128
19 22 1 0.144
19 23 1 0.206
19 24 1 0.17
19 25 1 0.113
19 26 1 0.127
19 27 1 0.185
19 28 1 0.171
19 29 1 0.112
19 30 1 0.113
19 31 1 0.216
19 32 1 0.222
19 33 1 0.183
19 34 1 0.178
19 35 1 0.16
19 36 1 0.122
19 37 1 0.131
19 38 1 0.175
19 39 1 0.214
19 40 1 0.206
19 41 1 0.134
19 42 1 0.165
19 43 1 0.185
19 44 1 0.201
19 45 1 0.156
19 46 1 0.136
19 47 1 0.177
19 48 1 0.13
19 49 1 0.155
20 21 38.433 0.222
20 22 38.01 0.222
20 23 36.267 0.222
20 24 31.158 0.222
20 25 30.386 0.222
20 26 35.551 0.222
20 27 30.367 0.222
20 28 36.638 0.222
20 29 38.308 0.222
20 30 1 0.204
20 31 1 0.191
20 32 1 0.178
20 33 1 0.13
20 34 1 0.133
20 35 1 0.115
20 36 1 0.136
20 37 1 0.113
20 38 1 0.123
20 39 1 0.186
20 40 1 0.21
20 41 1 0.168
20 42 1 0.124
20 43 1 0.201
20 44 1 0.19
20 45 1 0.174
20 46 1 0.172
20 47 1 0.16
20 48 1 0.209
20 49 1 0.187
21 22 39.752 0.222
21 23 31.602 0.222
21 24 39.321 0.222
21 25 31.179 0.222
21 26 32.755 0.222
21 27 33.425 0.222
21 28 36.189 0.222
21 29 35.025 0.222
21 30 1 0.14
21 31 1 0.153
21 32 1 0.173
21 33 1 0.167
21 34 1 0.135
21 35 1 0.153
21 36 1 0.157
21 37 1 0.22
21 38 1 0.146
21 39 1 0.128
21 40 1 0.129
21 41 1 0.156
21 42 1 0.209
21 43 1 0.134
21 44 1 0.186
21 45 1 0.165
21 46 1 0.118
21 47 1 0.115
21 48 1 0.147
21 49 1 0.131
22 23 36.187 0.222
22 24 35.621 0.222
22 25 31.276 0.222
22 26 35.242 0.222
22 27 36.941 0.222
22 28 34.402 0.222
22 29 32.311 0.222
22 30 1 0.221
22 31 1 0.149
22 32 1 0.123
22 33 1 0.217
22 34 1 0.215
22 35 1 0.152
22 36 1 0.127
22 37 1 0.167
22 38 1 0.211
22 39 1 0.139
22 40 1 0.192
22 41 1 0.201
22 42 1 0.165
22 43 1 0.158
22 44 1 0.193
22 45 1 0.112
22 46 1 0.185
22 47 1 0.199
22 48 1 0.147
22 49 1 0.134
23 24 35.311 0.222
23 25 33.212 0.222
23 26 33.539 0.222
23 27 36.296 0.222
23 28 37.696 0.222
23 29 33.734 0.222
23 30 1 0.199
23 31 1 0.187
23 32 1 0.125
23 33 1 0.15
23 34 1 0.18
23 35 1 0.194
23 36 1 0.216
23 37 1 0.141
23 38 1 0.206
23 39 1 0.208
23 40 1 0.136
23 41 1 0.113
23 42 1 0.128
23 43 1 0.18
23 44 1 0.208
23 45 1 0.145
23 46 1 0.151
23 47 1 0.207
23 48 1 0.155
23 49 1 0.151
24 25 33.369 0.222
24 26 30.246 0.222
24 27 34.209 0.222
24 28 38.214 0.222
24 29 37.3 0.222
24 30 1 0.119
24 31 1 0.149
24 32 1 0.145
24 33 1 0.139
24 34 1 0.178
24 35 1 0.114
24 36 1 0.218
24 37 1 0.189
24 38 1 0.185
24 39 1 0.205
24 40 1 0.22
24 41 1 0.162
24 42 1 0.124
24 43 1 0.215
24 44 1 0.134
24 45 1 0.174
24 46 1 0.21
24 47 1 0.202
24 48 1 0.217
24 49 1 0.181
25 26 39.968 0.222
25 27 37.707 0.222
25 28 32.063 0.222
25 29 37.802 0.222
25 30 1 0.163
25 31 1 0.189
25 32 1 0.14
25 33 1 0.146
25 34 1 0.131
25 35 1 0.192
25 36 1 0.183
25 37 1 0.13
25 38 1 0.212
25 39 1 0.114
25 40 1 0.219
25 41 1 0.131
25 42 1 0.148
25 43 1 0.197
25 44 1 0.191
25 45 1 0.201
25 46 1 0.171
25 47 1 0.144
25 48 1 0.165
25 49 1 0.163
26 27 30.369 0.222
26 28 33.882 0.222
26 29 33.864 0.222
26 30 1 0.21
26 31 1 0.162
26 32 1 0.203
26 33 1 0.158
26 34 1 0.18
26 35 1 0.175
26 36 1 0.15
26 37 1 0.218
26 38 1 0.204
26 39 1 0.136
26 40 1 0.205
26 41 1 0.194
26 42 1 0.143
26 43 1 0.195
26 44 1 0.189
26 45 1 0.111
26 46 1 0.215
26 47 1 0.168
26 48 1 0.121
26 49 1 0.178
27 28 37.434 0.222
27 29 36.681 0.222
27 30 1 0.196
27 31 1 0.132
27 32 1 0.216
27 33 1 0.119
27 34 1 0.136
27 35 1 0.147
27 36 1 0.18
27 37 1 0.218
27 38 1 0.134
27 39 1 0.164
27 40 1 0.113
27 41 1 0.164
27 42 1 0.206
27 43 1 0.138
27 44 1 0.154
27 45 1 0.211
27 46 1 0.147
27 47 1 0.153
27 48 1 0.195
27 49 1 0.211
28 29 35.926 0.222
28 30 1 0.155
28 31 1 0.191
28 32 1 0.16
28 33 1 0.16
28 34 1 0.134
28 35 1 0.158
28 36 1 0.18
28 37 1 0.219
28 38 1 0.211
28 39 1 0.203
28 40 1 0.222
28 41 1 0.213
28 42 1 0.161
28 43 1 0.14
28 44 1 0.222
28 45 1 0.216
28 46 1 0.217
28 47 1 0.205
28 48 1 0.126
28 49 1 0.205
29 30 1 0.162
29 31 1 0.214
29 32 1 0.17
29 33 1 0.173
29 34 1 0.186
29 35 1 0.128
29 36 1 0.15
29 37 1 0.147
29 38 1 0.206
29 39 1 0.125
29 40 1 0.182
29 41 1 0.158
29 42 1 0.143
29 43 1 0.187
29 44 1 0.191
29 45 1 0.218
29 46 1 0.135
29 47 1 0.14
29 48 1 0.176
29 49 1 0.15
30 31 38.043 0.222
30 32 39.62 0.222
30 33 38.604 0.222
30 34 31.015 0.222
30 35 38.365 0.222
30 36 37.341 0.222
30 37 31.811 0.222
30 38 35.965 0.222
30 39 38.341 0.222
30 40 1 0.203
30 41 1 0.121
30 42 1 0.204
30 43 1 0.22
30 44 1 0.21
30 45 1 0.219
30 46 1 0.122
30 47 1 0.115
30 48 1 0.163
30 49 1 0.16
31 32 33.41 0.222
31 33 37.01 0.222
31 34 35.225 0.222
31 35 35.688 0.222
31 36 34.948 0.222
31 37 36.692 0.222
31 38 33.462 0.222
31 39 35.134 0.222
31 40 1 0.122
31 41 1 0.176
31 42 1 0.116
31 43 1 0.187
31 44 1 0.218
31 45 1 0.138
31 46 1 0.162
31 47 1 0.198
31 48 1 0.18
31 49 1 0.143
32 33 34.579 0.222
32 34 33.101 0.222
32 35 35.737 0.222
32 36 37.184 0.222
32 37 35.359 0.222
32 38 39.521 0.222
32 39 35.288 0.222
32 40 1 0.216
32 41 1 0.128
32 42 1 0.14
32 43 1 0.136
32 44 1 0.122
32 45 1 0.142
32 46 1 0.152
32 47 1 0.218
32 48 1 0.209
32 49 1 0.191
33 34 37.805 0.222
33 35 36.114 0.222
33 36 34.312 0.222
33 37 38.921 0.222
33 38 37.366 0.222
33 39 39.941 0.222
33 40 1 0.132
33 41 1 0.142
33 42 1 0.205
33 43 1 0.198
33 44 1 0.165
33 45 1 0.161
33 46 1 0.145
33 47 1 0.195
33 48 1 0.172
33 49 1 0.154
34 35 35.36 0.222
34 36 35.917 0.222
34 37 39.446 0.222
34 38 39.032 0.222
34 39 33.174 0.222
34 40 1 0.197
34 41 1 0.115
34 42 1 0.19
34 43 1 0.148
34 44 1 0.166
34 45 1 0.124
34 46 1 0.194
34 47 1 0.204
34 48 1 0.154
34 49 1 0.144
35 36 32.965 0.222
35 37 36.815 0.222
35 38 34.802 0.222
35 39 31.354 0.222
35 40 1 0.21
35 41 1 0.194
35 42 1 0.185
35 43 1 0.148
35 44 1 0.144
35 45 1 0.154
35 46 1 0.122
35 47 1 0.127
35 48 1 0.169
35 49 1 0.171
36 37 30.621 0.222
36 38 38.625 0.222
36 39 36.687 0.222
36 40 1 0.147
36 41 1 0.135
36 42 1 0.195
36 43 1 0.152
36 44 1 0.16
36 45 1 0.166
36 46 1 0.201
36 47 1 0.216
36 48 1 0.121
36 49 1 0.179
37 38 32.257 0.222
37 39 31.332 0.222
37 40 1 0.218
37 41 1 0.186
37 42 1 0.165
37 43 1 0.179
37 44 1 0.194
37 45 1 0.162
37 46 1 0.14
37 47 1 0.143
37 48 1 0.204
37 49 1 0.142
38 39 38.889 0.222
38 40 1 0.199
38 41 1 0.213
38 42 1 0.196
38 43 1 0.187
38 44 1 0.176
38 45 1 0.162
38 46 1 0.182
38 47 1 0.138
38 48 1 0.138
38 49 1 0.184
39 40 1 0.157
39 41 1 0.166
39 42 1 0.183
39 43 1 0.22
39 44 1 0.152
39 45 1 0.157
39 46 1 0.195
39 47 1 0.181
39 48 1 0.156
39 49 1 0.161
40 41 36.519 0.222
40 42 37.732 0.222
40 43 37.152 0.222
40 44 30.458 0.222
40 45 31.584 0.222
40 46 34.699 0.222
40 47 31.589 0.222
40 48 36.012 0.222
40 49 32.462 0.222
41 42 37.61 0.222
41 43 30.633 0.222
41 44 37.989 0.222
41 45 36.99 0.222
41 46 39.331 0.222
41 47 38.292 0.222
41 48 39.761 0.222
41 49 34.135 0.222
42 43 34.167 0.222
42 44 33.498 0.222
42 45 30.663 0.222
42 46 30.901 0.222
42 47 32.213 0.222
42 48 34.857 0.222
42 49 33.602 0.222
43 44 32.679 0.222
43 45 31.788 0.222
43 46 30.509 0.222
43 47 33.086 0.222
43 48 36.325 0.222
43 49 34.253 0.222
44 45 34.042 0.222
44 46 34.979 0.222
44 47 33.982 0.222
44 48 35.779 0.222
44 49 37.419 0.222
45 46 36.595 0.222
45 47 37.211 0.222
45 48 37.955 0.222
45 49 37.158 0.222
46 47 35.096 0.222
46 48 35.214 0.222
46 49 30.94 0.222
47 48 35.891 0.222
47 49 37.023 0.222
48 49 34.468 0.222