50
0.8
0 1 51.879 0.001
0 2 0.001 55.799
0 3 53.121 0.001
0 4 56.462 0.001
0 5 52.638 0.001
0 6 56.119 0.001
0 7 0.001 54.647
0 8 0.001 58.27
0 9 54.626 0.001
0 10 50.831 0.001
0 11 57.754 0.001
0 12 52.198 0.001
0 13 0.001 58.11
0 14 50.931 0.001
0 15 0.001 51.109
0 16 0.001 55.963
0 17 50.481 0.001
0 18 0.001 59.626
0 19 0.001 55.837
0 20 0.001 55.15
0 21 0.001 56.164
0 22 53.991 0.001
0 23 0.001 56.96
0 24 0.001 54.779
0 25 0.001 58.318
0 26 0.001 59.245
0 27 56.933 0.001
0 28 56.833 0.001
0 29 51.02 0.001
0 30 51.474 0.001
0 31 54.471 0.001
0 32 0.001 58.692
0 33 52.637 0.001
0 34 0.001 53.467
0 35 0.001 55.255
0 36 0.001 54.367
0 37 59.666 0.001
0 38 0.001 51.602
0 39 0.001 54.043
0 40 51.783 0.001
0 41 0.001 50.337
0 42 58.452 0.001
0 43 0.001 55.101
0 44 0.001 51.265
0 45 0.001 56.912
0 46 0.001 58.47
0 47 0.001 50.645
0 48 52.96 0.001
0 49 0.001 57.632
1 2 0.001 51.699
1 3 56.238 0.001
1 4 58.522 0.001
1 5 51.226 0.001
1 6 59.53 0.001
1 7 0.001 57.037
1 8 0.001 54.411
1 9 58.957 0.001
1 10 56.393 0.001
1 11 50.11 0.001
1 12 58.837 0.001
1 13 0.001 52.947
1 14 55.125 0.001
1 15 0.001 51.595
1 16 0.001 59.083
1 17 53.693 0.001
1 18 0.001 50.247
1 19 0.001 58.457
1 20 0.001 52.813
1 21 0.001 59.577
1 22 53.541 0.001
1 23 0.001 56.832
1 24 0.001 58.141
1 25 0.001 55.436
1 26 0.001 55.414
1 27 55.14 0.001
1 28 57.315 0.001
1 29 57.368 0.001
1 30 58.573 0.001
1 31 57.094 0.001
1 32 0.001 57.624
1 33 58.325 0.001
1 34 0.001 58.454
1 35 0.001 52.264
1 36 0.001 52.249
1 37 54.586 0.001
1 38 0.001 57.716
1 39 0.001 52.226
1 40 54.776 0.001
1 41 0.001 59.773
1 42 55.741 0.001
1 43 0.001 59.056
1 44 0.001 56.929
1 45 0.001 51.714
1 46 0.001 56.723
1 47 0.001 58.517
1 48 52.763 0.001
1 49 0.001 53.825
2 3 0.001 59.228
2 4 0.001 52.02
2 5 0.001 54.274
2 6 0.001 51.004
2 7 51.61 0.001
2 8 53.859 0.001
2 9 0.001 58.156
2 10 0.001 51.148
2 11 0.001 53.954
2 12 0.001 54.257
2 13 56.413 0.001
2 14 0.001 56.257
2 15 51.54 0.001
2 16 57.966 0.001
2 17 0.001 53.874
2 18 58.276 0.001
2 19 52.803 0.001
2 20 55.759 0.001
2 21 53.629 0.001
2 22 0.001 51.76
2 23 56.263 0.001
2 24 54.093 0.001
2 25 54.32 0.001
2 26 51.354 0.001
2 27 0.001 59.112
2 28 0.001 56.296
2 29 0.001 59.298
2 30 0.001 50.255
2 31 0.001 57.76
2 32 54.781 0.001
2 33 0.001 53.115
2 34 50.341 0.001
2 35 56.886 0.001
2 36 58.116 0.001
2 37 0.001 54.804
2 38 54.572 0.001
2 39 53.994 0.001
2 40 0.001 53.244
2 41 52.796 0.001
2 42 0.001 58.998
2 43 50.178 0.001
2 44 57.216 0.001
2 45 52.326 0.001
2 46 57.785 0.001
2 47 56.691 0.001
2 48 0.001 54.383
2 49 51.516 0.001
3 4 56.444 0.001
3 5 51.505 0.001
3 6 51.31 0.001
3 7 0.001 53.291
3 8 0.001 54.784
3 9 56.941 0.001
3 10 55.325 0.001
3 11 56.72 0.001
3 12 50.876 0.001
3 13 0.001 53.51
3 14 56.634 0.001
3 15 0.001 58.102
3 16 0.001 50.894
3 17 57.933 0.001
3 18 0.001 57.543
3 19 0.001 58.0
3 20 0.001 52.086
3 21 0.001 53.519
3 22 59.885 0.001
3 23 0.001 55.611
3 24 0.001 52.46
3 25 0.001 52.957
3 26 0.001 55.752
3 27 55.13 0.001
3 28 56.767 0.001
3 29 50.549 0.001
3 30 58.505 0.001
3 31 56.607 0.001
3 32 0.001 59.194
3 33 59.714 0.001
3 34 0.001 52.822
3 35 0.001 56.325
3 36 0.001 52.845
3 37 53.642 0.001
3 38 0.001 54.356
3 39 0.001 58.313
3 40 58.285 0.001
3 41 0.001 54.14
3 42 51.798 0.001
3 43 0.001 52.502
3 44 0.001 57.083
3 45 0.001 50.662
3 46 0.001 52.222
3 47 0.001 55.602
3 48 54.766 0.001
3 49 0.001 56.79
4 5 54.423 0.001
4 6 50.27 0.001
4 7 0.001 59.558
4 8 0.001 59.818
4 9 55.83 0.001
4 10 50.861 0.001
4 11 52.75 0.001
4 12 59.745 0.001
4 13 0.001 55.811
4 14 55.529 0.001
4 15 0.001 53.587
4 16 0.001 55.819
4 17 51.371 0.001
4 18 0.001 55.874
4 19 0.001 58.554
4 20 0.001 56.713
4 21 0.001 55.041
4 22 51.872 0.001
4 23 0.001 52.351
4 24 0.001 52.144
4 25 0.001 57.758
4 26 0.001 51.44
4 27 54.195 0.001
4 28 58.909 0.001
4 29 54.567 0.001
4 30 54.321 0.001
4 31 56.598 0.001
4 32 0.001 55.551
4 33 59.729 0.001
4 34 0.001 58.357
4 35 0.001 55.108
4 36 0.001 57.11
4 37 58.129 0.001
4 38 0.001 59.517
4 39 0.001 50.218
4 40 50.335 0.001
4 41 0.001 54.928
4 42 55.232 0.001
4 43 0.001 51.617
4 44 0.001 58.678
4 45 0.001 57.693
4 46 0.001 59.384
4 47 0.001 57.391
4 48 55.921 0.001
4 49 0.001 52.606
5 6 55.929 0.001
5 7 0.001 51.145
5 8 0.001 52.354
5 9 50.449 0.001
5 10 57.289 0.001
5 11 53.723 0.001
5 12 54.493 0.001
5 13 0.001 55.436
5 14 53.94 0.001
5 15 0.001 55.182
5 16 0.001 55.569
5 17 51.182 0.001
5 18 0.001 56.285
5 19 0.001 57.276
5 20 0.001 55.348
5 21 0.001 59.221
5 22 58.36 0.001
5 23 0.001 55.343
5 24 0.001 53.643
5 25 0.001 53.755
5 26 0.001 52.19
5 27 57.804 0.001
5 28 50.033 0.001
5 29 52.749 0.001
5 30 55.008 0.001
5 31 51.569 0.001
5 32 0.001 55.287
5 33 59.779 0.001
5 34 0.001 58.593
5 35 0.001 51.628
5 36 0.001 53.502
5 37 50.738 0.001
5 38 0.001 58.695
5 39 0.001 54.663
5 40 56.606 0.001
5 41 0.001 59.491
5 42 55.139 0.001
5 43 0.001 57.381
5 44 0.001 58.314
5 45 0.001 57.718
5 46 0.001 50.762
5 47 0.001 55.194
5 48 57.068 0.001
5 49 0.001 50.324
6 7 0.001 59.221
6 8 0.001 59.768
6 9 52.37 0.001
6 10 58.176 0.001
6 11 54.653 0.001
6 12 57.306 0.001
6 13 0.001 51.733
6 14 57.532 0.001
6 15 0.001 57.877
6 16 0.001 59.498
6 17 53.413 0.001
6 18 0.001 50.806
6 19 0.001 55.206
6 20 0.001 55.967
6 21 0.001 53.708
6 22 53.458 0.001
6 23 0.001 56.138
6 24 0.001 57.732
6 25 0.001 55.734
6 26 0.001 52.584
6 27 53.856 0.001
6 28 58.776 0.001
6 29 58.781 0.001
6 30 56.567 0.001
6 31 51.871 0.001
6 32 0.001 56.459
6 33 52.775 0.001
6 34 0.001 55.993
6 35 0.001 52.92
6 36 0.001 51.835
6 37 51.758 0.001
6 38 0.001 54.246
6 39 0.001 54.88
6 40 57.135 0.001
6 41 0.001 51.149
6 42 56.872 0.001
6 43 0.001 58.546
6 44 0.001 50.944
6 45 0.001 52.186
6 46 0.001 52.672
6 47 0.001 58.29
6 48 53.228 0.001
6 49 0.001 58.392
7 8 54.495 0.001
7 9 0.001 53.297
7 10 0.001 52.016
7 11 0.001 53.783
7 12 0.001 51.659
7 13 55.834 0.001
7 14 0.001 59.129
7 15 57.67 0.001
7 16 57.435 0.001
7 17 0.001 58.54
7 18 51.052 0.001
7 19 58.054 0.001
7 20 57.71 0.001
7 21 59.832 0.001
7 22 0.001 53.125
7 23 57.722 0.001
7 24 59.885 0.001
7 25 59.398 0.001
7 26 56.486 0.001
7 27 0.001 52.317
7 28 0.001 55.488
7 29 0.001 52.484
7 30 0.001 59.331
7 31 0.001 53.213
7 32 50.329 0.001
7 33 0.001 56.494
7 34 55.262 0.001
7 35 56.633 0.001
7 36 58.985 0.001
7 37 0.001 56.134
7 38 59.773 0.001
7 39 52.966 0.001
7 40 0.001 51.585
7 41 52.373 0.001
7 42 0.001 59.871
7 43 53.086 0.001
7 44 58.888 0.001
7 45 54.891 0.001
7 46 56.661 0.001
7 47 59.609 0.001
7 48 0.001 53.853
7 49 58.822 0.001
8 9 0.001 54.154
8 10 0.001 52.06
8 11 0.001 58.161
8 12 0.001 51.214
8 13 58.26 0.001
8 14 0.001 53.703
8 15 55.344 0.001
8 16 51.311 0.001
8 17 0.001 53.473
8 18 54.72 0.001
8 19 56.181 0.001
8 20 57.681 0.001
8 21 52.593 0.001
8 22 0.001 51.98
8 23 54.709 0.001
8 24 58.946 0.001
8 25 56.717 0.001
8 26 55.73 0.001
8 27 0.001 58.384
8 28 0.001 58.467
8 29 0.001 55.733
8 30 0.001 57.945
8 31 0.001 58.12
8 32 52.599 0.001
8 33 0.001 50.404
8 34 54.159 0.001
8 35 53.36 0.001
8 36 56.442 0.001
8 37 0.001 57.894
8 38 53.937 0.001
8 39 56.142 0.001
8 40 0.001 57.683
8 41 51.116 0.001
8 42 0.001 55.185
8 43 57.685 0.001
8 44 57.476 0.001
8 45 56.204 0.001
8 46 52.162 0.001
8 47 52.054 0.001
8 48 0.001 58.272
8 49 51.021 0.001
9 10 56.465 0.001
9 11 52.825 0.001
9 12 52.779 0.001
9 13 0.001 51.693
9 14 51.606 0.001
9 15 0.001 53.442
9 16 0.001 55.821
9 17 56.587 0.001
9 18 0.001 50.9
9 19 0.001 59.702
9 20 0.001 53.29
9 21 0.001 57.607
9 22 52.249 0.001
9 23 0.001 50.679
9 24 0.001 57.719
9 25 0.001 55.383
9 26 0.001 52.722
9 27 58.546 0.001
9 28 50.785 0.001
9 29 52.836 0.001
9 30 52.797 0.001
9 31 56.443 0.001
9 32 0.001 57.848
9 33 50.409 0.001
9 34 0.001 58.719
9 35 0.001 58.828
9 36 0.001 58.657
9 37 57.59 0.001
9 38 0.001 58.483
9 39 0.001 52.344
9 40 55.785 0.001
9 41 0.001 52.656
9 42 52.262 0.001
9 43 0.001 52.997
9 44 0.001 54.456
9 45 0.001 50.749
9 46 0.001 53.376
9 47 0.001 55.134
9 48 53.935 0.001
9 49 0.001 58.968
10 11 53.343 0.001
10 12 56.516 0.001
10 13 0.001 52.843
10 14 50.56 0.001
10 15 0.001 57.003
10 16 0.001 55.864
10 17 59.033 0.001
10 18 0.001 57.906
10 19 0.001 54.102
10 20 0.001 59.718
10 21 0.001 58.425
10 22 58.447 0.001
10 23 0.001 57.409
10 24 0.001 55.894
10 25 0.001 57.727
10 26 0.001 55.048
10 27 57.821 0.001
10 28 52.579 0.001
10 29 59.726 0.001
10 30 51.797 0.001
10 31 52.236 0.001
10 32 0.001 57.418
10 33 50.575 0.001
10 34 0.001 53.517
10 35 0.001 57.51
10 36 0.001 51.049
10 37 54.478 0.001
10 38 0.001 55.81
10 39 0.001 57.644
10 40 54.457 0.001
10 41 0.001 55.906
10 42 59.482 0.001
10 43 0.001 58.918
10 44 0.001 59.377
10 45 0.001 50.985
10 46 0.001 53.271
10 47 0.001 58.183
10 48 54.978 0.001
10 49 0.001 59.314
11 12 51.867 0.001
11 13 0.001 53.733
11 14 54.272 0.001
11 15 0.001 56.831
11 16 0.001 52.649
11 17 56.841 0.001
11 18 0.001 57.082
11 19 0.001 52.114
11 20 0.001 57.34
11 21 0.001 56.529
11 22 59.082 0.001
11 23 0.001 54.618
11 24 0.001 59.693
11 25 0.001 50.124
11 26 0.001 58.07
11 27 59.482 0.001
11 28 53.226 0.001
11 29 53.052 0.001
11 30 50.146 0.001
11 31 53.152 0.001
11 32 0.001 56.911
11 33 56.759 0.001
11 34 0.001 54.23
11 35 0.001 57.256
11 36 0.001 51.442
11 37 55.228 0.001
11 38 0.001 54.261
11 39 0.001 59.398
11 40 54.473 0.001
11 41 0.001 50.229
11 42 55.666 0.001
11 43 0.001 51.394
11 44 0.001 52.752
11 45 0.001 55.534
11 46 0.001 54.619
11 47 0.001 52.536
11 48 55.458 0.001
11 49 0.001 59.576
12 13 0.001 57.701
12 14 57.725 0.001
12 15 0.001 50.57
12 16 0.001 59.996
12 17 51.543 0.001
12 18 0.001 50.678
12 19 0.001 54.639
12 20 0.001 50.414
12 21 0.001 58.259
12 22 59.52 0.001
12 23 0.001 56.967
12 24 0.001 53.431
12 25 0.001 57.492
12 26 0.001 54.045
12 27 59.967 0.001
12 28 55.088 0.001
12 29 54.564 0.001
12 30 52.684 0.001
12 31 55.436 0.001
12 32 0.001 59.191
12 33 51.153 0.001
12 34 0.001 56.198
12 35 0.001 58.34
12 36 0.001 59.366
12 37 51.388 0.001
12 38 0.001 57.143
12 39 0.001 59.341
12 40 55.753 0.001
12 41 0.001 52.522
12 42 53.28 0.001
12 43 0.001 52.088
12 44 0.001 56.291
12 45 0.001 59.828
12 46 0.001 53.35
12 47 0.001 51.795
12 48 55.04 0.001
12 49 0.001 52.184
13 14 0.001 59.522
13 15 54.751 0.001
13 16 52.305 0.001
13 17 0.001 52.23
13 18 56.25 0.001
13 19 50.974 0.001
13 20 56.136 0.001
13 21 51.533 0.001
13 22 0.001 57.034
13 23 53.623 0.001
13 24 56.852 0.001
13 25 56.79 0.001
13 26 56.242 0.001
13 27 0.001 52.004
13 28 0.001 57.577
13 29 0.001 59.45
13 30 0.001 56.583
13 31 0.001 56.038
13 32 52.536 0.001
13 33 0.001 57.858
13 34 55.88 0.001
13 35 53.507 0.001
13 36 56.978 0.001
13 37 0.001 59.658
13 38 56.866 0.001
13 39 50.447 0.001
13 40 0.001 50.258
13 41 51.734 0.001
13 42 0.001 50.404
13 43 58.019 0.001
13 44 50.906 0.001
13 45 54.356 0.001
13 46 57.022 0.001
13 47 51.041 0.001
13 48 0.001 52.995
13 49 55.137 0.001
14 15 0.001 54.289
14 16 0.001 59.16
14 17 54.35 0.001
14 18 0.001 53.596
14 19 0.001 51.845
14 20 0.001 50.138
14 21 0.001 55.642
14 22 53.466 0.001
14 23 0.001 54.372
14 24 0.001 52.485
14 25 0.001 57.994
14 26 0.001 56.994
14 27 52.369 0.001
14 28 57.931 0.001
14 29 51.297 0.001
14 30 56.285 0.001
14 31 57.523 0.001
14 32 0.001 52.415
14 33 55.587 0.001
14 34 0.001 53.085
14 35 0.001 53.346
14 36 0.001 54.682
14 37 58.433 0.001
14 38 0.001 58.815
14 39 0.001 53.39
14 40 58.532 0.001
14 41 0.001 54.171
14 42 51.97 0.001
14 43 0.001 55.608
14 44 0.001 52.986
14 45 0.001 50.422
14 46 0.001 54.413
14 47 0.001 57.743
14 48 56.543 0.001
14 49 0.001 50.98
15 16 51.848 0.001
15 17 0.001 57.573
15 18 52.511 0.001
15 19 50.434 0.001
15 20 52.74 0.001
15 21 53.496 0.001
15 22 0.001 54.097
15 23 52.412 0.001
15 24 51.188 0.001
15 25 57.864 0.001
15 26 54.128 0.001
15 27 0.001 57.073
15 28 0.001 54.321
15 29 0.001 56.006
15 30 0.001 50.714
15 31 0.001 54.771
15 32 59.317 0.001
15 33 0.001 52.848
15 34 53.117 0.001
15 35 53.239 0.001
15 36 52.098 0.001
15 37 0.001 53.925
15 38 59.474 0.001
15 39 59.36 0.001
15 40 0.001 52.257
15 41 54.388 0.001
15 42 0.001 55.015
15 43 57.619 0.001
15 44 50.699 0.001
15 45 57.598 0.001
15 46 58.954 0.001
15 47 53.777 0.001
15 48 0.001 58.761
15 49 54.032 0.001
16 17 0.001 56.938
16 18 57.745 0.001
16 19 51.434 0.001
16 20 50.479 0.001
16 21 56.694 0.001
16 22 0.001 53.515
16 23 51.814 0.001
16 24 51.606 0.001
16 25 53.781 0.001
16 26 54.738 0.001
16 27 0.001 58.434
16 28 0.001 56.455
16 29 0.001 51.88
16 30 0.001 53.977
16 31 0.001 53.283
16 32 53.15 0.001
16 33 0.001 53.403
16 34 51.168 0.001
16 35 59.873 0.001
16 36 56.819 0.001
16 37 0.001 56.826
16 38 50.323 0.001
16 39 54.469 0.001
16 40 0.001 55.325
16 41 53.179 0.001
16 42 0.001 56.668
16 43 52.913 0.001
16 44 50.255 0.001
16 45 52.63 0.001
16 46 53.054 0.001
16 47 55.358 0.001
16 48 0.001 58.535
16 49 53.678 0.001
17 18 0.001 58.331
17 19 0.001 54.761
17 20 0.001 56.313
17 21 0.001 51.461
17 22 58.439 0.001
17 23 0.001 53.27
17 24 0.001 53.215
17 25 0.001 50.999
17 26 0.001 55.222
17 27 54.051 0.001
17 28 53.77 0.001
17 29 51.42 0.001
17 30 53.242 0.001
17 31 53.623 0.001
17 32 0.001 52.868
17 33 57.627 0.001
17 34 0.001 59.792
17 35 0.001 57.494
17 36 0.001 50.899
17 37 56.773 0.001
17 38 0.001 54.248
17 39 0.001 59.927
17 40 53.769 0.001
17 41 0.001 51.812
17 42 59.516 0.001
17 43 0.001 50.349
17 44 0.001 53.687
17 45 0.001 53.546
17 46 0.001 58.485
17 47 0.001 57.215
17 48 51.491 0.001
17 49 0.001 53.851
18 19 54.003 0.001
18 20 55.918 0.001
18 21 56.272 0.001
18 22 0.001 54.785
18 23 55.298 0.001
18 24 55.295 0.001
18 25 59.105 0.001
18 26 58.98 0.001
18 27 0.001 58.478
18 28 0.001 50.454
18 29 0.001 53.326
18 30 0.001 54.027
18 31 0.001 58.677
18 32 58.345 0.001
18 33 0.001 57.364
18 34 54.192 0.001
18 35 55.761 0.001
18 36 50.263 0.001
18 37 0.001 59.387
18 38 57.2 0.001
18 39 52.704 0.001
18 40 0.001 57.779
18 41 50.258 0.001
18 42 0.001 51.571
18 43 56.134 0.001
18 44 52.276 0.001
18 45 58.323 0.001
18 46 53.984 0.001
18 47 52.979 0.001
18 48 0.001 59.301
18 49 55.385 0.001
19 20 51.882 0.001
19 21 55.205 0.001
19 22 0.001 52.478
19 23 59.424 0.001
19 24 56.422 0.001
19 25 53.285 0.001
19 26 58.196 0.001
19 27 0.001 55.671
19 28 0.001 51.839
19 29 0.001 57.941
19 30 0.001 54.812
19 31 0.001 51.874
19 32 53.909 0.001
19 33 0.001 50.855
19 34 50.179 0.001
19 35 51.703 0.001
19 36 51.742 0.001
19 37 0.001 59.155
19 38 53.28 0.001
19 39 56.813 0.001
19 40 0.001 59.704
19 41 56.528 0.001
19 42 0.001 58.647
19 43 53.675 0.001
19 44 57.587 0.001
19 45 59.173 0.001
19 46 59.009 0.001
19 47 56.48 0.001
19 48 0.001 54.208
19 49 51.543 0.001
20 21 55.311 0.001
20 22 0.001 53.314
20 23 50.236 0.001
20 24 57.693 0.001
20 25 59.023 0.001
20 26 54.137 0.001
20 27 0.001 50.302
20 28 0.001 56.747
20 29 0.001 57.167
20 30 0.001 57.367
20 31 0.001 57.515
20 32 55.042 0.001
20 33 0.001 50.679
20 34 50.374 0.001
20 35 52.314 0.001
20 36 54.11 0.001
20 37 0.001 52.431
20 38 59.638 0.001
20 39 59.24 0.001
20 40 0.001 51.989
20 41 58.007 0.001
20 42 0.001 52.271
20 43 54.793 0.001
20 44 51.477 0.001
20 45 59.431 0.001
20 46 51.304 0.001
20 47 58.786 0.001
20 48 0.001 58.939
20 49 53.18 0.001
21 22 0.001 55.671
21 23 56.033 0.001
21 24 57.487 0.001
21 25 52.217 0.001
21 26 56.073 0.001
21 27 0.001 59.48
21 28 0.001 50.203
21 29 0.001 55.472
21 30 0.001 53.02
21 31 0.001 52.18
21 32 59.802 0.001
21 33 0.001 51.59
21 34 51.646 0.001
21 35 56.998 0.001
21 36 59.825 0.001
21 37 0.001 56.152
21 38 57.601 0.001
21 39 50.705 0.001
21 40 0.001 54.602
21 41 58.456 0.001
21 42 0.001 53.28
21 43 57.193 0.001
21 44 54.051 0.001
21 45 54.703 0.001
21 46 53.641 0.001
21 47 56.264 0.001
21 48 0.001 56.863
21 49 56.203 0.001
22 23 0.001 54.809
22 24 0.001 59.162
22 25 0.001 58.505
22 26 0.001 52.69
22 27 56.96 0.001
22 28 59.447 0.001
22 29 50.059 0.001
22 30 53.894 0.001
22 31 50.286 0.001
22 32 0.001 55.519
22 33 50.19 0.001
22 34 0.001 50.166
22 35 0.001 56.022
22 36 0.001 54.565
22 37 55.7 0.001
22 38 0.001 50.896
22 39 0.001 58.206
22 40 57.779 0.001
22 41 0.001 55.42
22 42 56.948 0.001
22 43 0.001 55.418
22 44 0.001 52.219
22 45 0.001 57.059
22 46 0.001 56.514
22 47 0.001 53.25
22 48 51.213 0.001
22 49 0.001 58.174
23 24 55.624 0.001
23 25 50.977 0.001
23 26 54.896 0.001
23 27 0.001 52.169
23 28 0.001 54.371
23 29 0.001 52.644
23 30 0.001 52.508
23 31 0.001 53.933
23 32 56.47 0.001
23 33 0.001 58.252
23 34 51.152 0.001
23 35 54.086 0.001
23 36 53.546 0.001
23 37 0.001 54.095
23 38 53.029 0.001
23 39 59.241 0.001
23 40 0.001 58.994
23 41 52.101 0.001
23 42 0.001 50.982
23 43 59.764 0.001
23 44 58.629 0.001
23 45 55.414 0.001
23 46 59.781 0.001
23 47 58.73 0.001
23 48 0.001 52.75
23 49 59.153 0.001
24 25 57.406 0.001
24 26 54.931 0.001
24 27 0.001 58.356
24 28 0.001 53.379
24 29 0.001 59.889
24 30 0.001 59.754
24 31 0.001 54.847
24 32 59.875 0.001
24 33 0.001 50.274
24 34 54.971 0.001
24 35 51.592 0.001
24 36 51.536 0.001
24 37 0.001 57.426
24 38 52.408 0.001
24 39 50.493 0.001
24 40 0.001 56.649
24 41 54.741 0.001
24 42 0.001 54.786
24 43 52.587 0.001
24 44 58.645 0.001
24 45 59.073 0.001
24 46 51.181 0.001
24 47 55.421 0.001
24 48 0.001 58.895
24 49 52.421 0.001
25 26 51.043 0.001
25 27 0.001 53.092
25 28 0.001 57.68
25 29 0.001 50.744
25 30 0.001 52.559
25 31 0.001 55.445
25 32 57.9 0.001
25 33 0.001 56.629
25 34 56.99 0.001
25 35 53.761 0.001
25 36 50.205 0.001
25 37 0.001 53.109
25 38 56.81 0.001
25 39 50.588 0.001
25 40 0.001 53.537
25 41 54.689 0.001
25 42 0.001 55.842
25 43 57.132 0.001
25 44 54.278 0.001
25 45 55.816 0.001
25 46 53.299 0.001
25 47 56.506 0.001
25 48 0.001 53.467
25 49 51.616 0.001
26 27 0.001 50.448
26 28 0.001 59.435
26 29 0.001 52.676
26 30 0.001 52.341
26 31 0.001 56.009
26 32 52.658 0.001
26 33 0.001 51.417
26 34 50.237 0.001
26 35 57.803 0.001
26 36 56.607 0.001
26 37 0.001 54.199
26 38 56.723 0.001
26 39 53.232 0.001
26 40 0.001 50.168
26 41 52.01 0.001
26 42 0.001 51.407
26 43 53.418 0.001
26 44 55.553 0.001
26 45 55.266 0.001
26 46 51.825 0.001
26 47 57.293 0.001
26 48 0.001 54.163
26 49 55.504 0.001
27 28 50.14 0.001
27 29 58.51 0.001
27 30 53.151 0.001
27 31 50.934 0.001
27 32 0.001 56.724
27 33 54.288 0.001
27 34 0.001 54.737
27 35 0.001 51.822
27 36 0.001 50.166
27 37 58.643 0.001
27 38 0.001 55.901
27 39 0.001 55.959
27 40 55.3 0.001
27 41 0.001 57.682
27 42 55.904 0.001
27 43 0.001 52.548
27 44 0.001 55.346
27 45 0.001 51.951
27 46 0.001 56.749
27 47 0.001 53.645
27 48 51.716 0.001
27 49 0.001 56.262
28 29 50.148 0.001
28 30 59.392 0.001
28 31 51.557 0.001
28 32 0.001 56.894
28 33 51.182 0.001
28 34 0.001 56.286
28 35 0.001 56.124
28 36 0.001 55.547
28 37 52.256 0.001
28 38 0.001 56.039
28 39 0.001 53.149
28 40 51.705 0.001
28 41 0.001 57.345
28 42 57.172 0.001
28 43 0.001 57.881
28 44 0.001 58.668
28 45 0.001 53.424
28 46 0.001 58.617
28 47 0.001 53.336
28 48 58.72 0.001
28 49 0.001 58.764
29 30 56.746 0.001
29 31 56.118 0.001
29 32 0.001 50.497
29 33 53.823 0.001
29 34 0.001 59.993
29 35 0.001 55.217
29 36 0.001 50.682
29 37 50.929 0.001
29 38 0.001 52.009
29 39 0.001 57.732
29 40 50.921 0.001
29 41 0.001 53.081
29 42 55.603 0.001
29 43 0.001 54.694
29 44 0.001 51.065
29 45 0.001 55.571
29 46 0.001 57.677
29 47 0.001 58.421
29 48 55.288 0.001
29 49 0.001 54.915
30 31 52.298 0.001
30 32 0.001 50.599
30 33 54.117 0.001
30 34 0.001 50.611
30 35 0.001 55.823
30 36 0.001 54.245
30 37 56.486 0.001
30 38 0.001 58.341
30 39 0.001 56.867
30 40 58.156 0.001
30 41 0.001 59.616
30 42 50.757 0.001
30 43 0.001 59.587
30 44 0.001 56.284
30 45 0.001 50.685
30 46 0.001 56.221
30 47 0.001 59.875
30 48 54.929 0.001
30 49 0.001 51.672
31 32 0.001 52.621
31 33 57.544 0.001
31 34 0.001 50.994
31 35 0.001 53.479
31 36 0.001 59.169
31 37 58.203 0.001
31 38 0.001 51.551
31 39 0.001 53.427
31 40 58.963 0.001
31 41 0.001 59.512
31 42 59.416 0.001
31 43 0.001 57.757
31 44 0.001 58.266
31 45 0.001 55.068
31 46 0.001 58.895
31 47 0.001 59.189
31 48 57.322 0.001
31 49 0.001 56.64
32 33 0.001 51.26
32 34 56.053 0.001
32 35 50.472 0.001
32 36 59.967 0.001
32 37 0.001 50.52
32 38 52.422 0.001
32 39 57.813 0.001
32 40 0.001 59.571
32 41 58.108 0.001
32 42 0.001 59.293
32 43 59.034 0.001
32 44 59.347 0.001
32 45 53.659 0.001
32 46 59.395 0.001
32 47 57.881 0.001
32 48 0.001 55.388
32 49 57.017 0.001
33 34 0.001 51.712
33 35 0.001 54.616
33 36 0.001 59.213
33 37 57.013 0.001
33 38 0.001 57.33
33 39 0.001 51.943
33 40 50.276 0.001
33 41 0.001 51.121
33 42 56.353 0.001
33 43 0.001 52.611
33 44 0.001 53.812
33 45 0.001 52.77
33 46 0.001 59.557
33 47 0.001 55.196
33 48 55.786 0.001
33 49 0.001 53.613
34 35 58.96 0.001
34 36 50.717 0.001
34 37 0.001 56.726
34 38 55.74 0.001
34 39 56.733 0.001
34 40 0.001 50.576
34 41 59.273 0.001
34 42 0.001 54.176
34 43 57.99 0.001
34 44 57.209 0.001
34 45 57.334 0.001
34 46 51.452 0.001
34 47 58.52 0.001
34 48 0.001 55.636
34 49 50.293 0.001
35 36 52.506 0.001
35 37 0.001 55.588
35 38 50.271 0.001
35 39 54.566 0.001
35 40 0.001 50.835
35 41 56.654 0.001
35 42 0.001 55.744
35 43 56.582 0.001
35 44 56.833 0.001
35 45 56.963 0.001
35 46 55.438 0.001
35 47 55.799 0.001
35 48 0.001 53.66
35 49 57.142 0.001
36 37 0.001 54.99
36 38 52.872 0.001
36 39 50.338 0.001
36 40 0.001 55.609
36 41 57.211 0.001
36 42 0.001 56.212
36 43 57.643 0.001
36 44 59.91 0.001
36 45 56.046 0.001
36 46 54.231 0.001
36 47 54.752 0.001
36 48 0.001 57.252
36 49 58.68 0.001
37 38 0.001 51.371
37 39 0.001 52.479
37 40 54.593 0.001
37 41 0.001 52.704
37 42 57.107 0.001
37 43 0.001 55.185
37 44 0.001 56.714
37 45 0.001 59.681
37 46 0.001 51.35
37 47 0.001 54.957
37 48 58.949 0.001
37 49 0.001 59.827
38 39 59.941 0.001
38 40 0.001 52.209
38 41 52.577 0.001
38 42 0.001 52.626
38 43 52.983 0.001
38 44 55.771 0.001
38 45 59.075 0.001
38 46 54.483 0.001
38 47 57.625 0.001
38 48 0.001 52.182
38 49 58.2 0.001
39 40 0.001 59.878
39 41 57.345 0.001
39 42 0.001 54.165
39 43 56.04 0.001
39 44 50.957 0.001
39 45 58.049 0.001
39 46 58.97 0.001
39 47 58.785 0.001
39 48 0.001 57.563
39 49 55.881 0.001
40 41 0.001 50.039
40 42 53.311 0.001
40 43 0.001 54.699
40 44 0.001 52.484
40 45 0.001 57.89
40 46 0.001 59.09
40 47 0.001 51.035
40 48 57.027 0.001
40 49 0.001 59.569
41 42 0.001 50.092
41 43 51.183 0.001
41 44 58.51 0.001
41 45 51.793 0.001
41 46 50.696 0.001
41 47 50.789 0.001
41 48 0.001 59.558
41 49 51.418 0.001
42 43 0.001 59.547
42 44 0.001 56.203
42 45 0.001 53.916
42 46 0.001 56.567
42 47 0.001 52.087
42 48 58.497 0.001
42 49 0.001 58.242
43 44 54.295 0.001
43 45 50.848 0.001
43 46 55.387 0.001
43 47 59.307 0.001
43 48 0.001 50.907
43 49 53.961 0.001
44 45 56.511 0.001
44 46 59.776 0.001
44 47 59.072 0.001
44 48 0.001 53.618
44 49 56.028 0.001
45 46 59.55 0.001
45 47 54.906 0.001
45 48 0.001 54.8
45 49 59.113 0.001
46 47 50.991 0.001
46 48 0.001 53.941
46 49 56.869 0.001
47 48 0.001 51.782
47 49 53.634 0.001
48 49 0.001 58.018
