50
70
0 1 9 0.653
0 2 7 0.104
0 3 7 0.656
0 4 9 1.063
0 5 9 0.816
0 6 4 0.316
0 7 3 0.606
0 8 8 0.116
0 9 8 0.923
0 10 8 0.889
0 11 8 0.101
0 12 9 0.144
0 13 3 0.870
0 14 6 1.030
0 15 7 0.572
0 16 9 1.031
0 17 4 1.031
0 18 1 0.136
0 19 6 0.619
0 20 10 0.972
0 21 6 0.922
0 22 7 0.744
0 23 2 0.843
0 24 5 0.652
0 25 5 0.695
0 26 1 0.476
0 27 5 0.942
0 28 7 0.609
0 29 6 1.056
0 30 5 0.439
0 31 9 0.732
0 32 7 0.352
0 33 6 0.554
0 34 6 0.294
0 35 4 0.597
0 36 8 1.057
0 37 1 0.863
0 38 2 0.164
0 39 9 0.570
0 40 1 0.373
0 41 6 0.821
0 42 3 0.123
0 43 2 0.170
0 44 5 0.248
0 45 7 0.479
0 46 6 0.283
0 47 4 0.645
0 48 8 0.242
0 49 2 0.543
1 2 4 0.915
1 3 4 0.454
1 4 6 0.663
1 5 4 0.127
1 6 5 0.250
1 7 3 0.982
1 8 1 0.488
1 9 6 0.155
1 10 5 0.720
1 11 1 0.620
1 12 2 0.504
1 13 8 0.543
1 14 9 1.080
1 15 7 0.571
1 16 8 0.650
1 17 9 0.929
1 18 5 0.149
1 19 9 0.952
1 20 6 0.624
1 21 7 0.597
1 22 7 0.311
1 23 4 0.441
1 24 1 0.128
1 25 5 0.210
1 26 2 0.653
1 27 5 1.030
1 28 3 0.186
1 29 5 0.905
1 30 3 0.739
1 31 3 0.365
1 32 7 0.965
1 33 8 0.855
1 34 9 0.930
1 35 8 0.453
1 36 6 0.725
1 37 5 0.384
1 38 8 0.141
1 39 5 0.291
1 40 4 0.629
1 41 4 0.811
1 42 6 0.788
1 43 3 0.939
1 44 8 0.846
1 45 3 1.069
1 46 9 0.195
1 47 2 0.821
1 48 7 0.498
1 49 10 0.592
2 3 2 0.456
2 4 1 0.995
2 5 10 0.388
2 6 10 0.693
2 7 9 0.579
2 8 5 0.659
2 9 9 0.565
2 10 6 0.915
2 11 5 0.632
2 12 10 0.961
2 13 1 0.525
2 14 5 0.718
2 15 10 0.113
2 16 6 0.818
2 17 6 0.597
2 18 8 0.175
2 19 4 0.930
2 20 9 0.714
2 21 5 0.636
2 22 9 0.582
2 23 3 0.138
2 24 5 1.038
2 25 3 0.909
2 26 4 0.371
2 27 6 0.795
2 28 9 0.818
2 29 6 0.624
2 30 7 0.845
2 31 2 0.544
2 32 6 0.674
2 33 2 0.350
2 34 5 0.592
2 35 4 0.534
2 36 8 0.340
2 37 1 0.263
2 38 10 0.745
2 39 6 0.160
2 40 4 1.027
2 41 7 0.708
2 42 2 0.938
2 43 10 0.636
2 44 5 0.296
2 45 5 0.681
2 46 3 0.243
2 47 10 0.111
2 48 2 1.082
2 49 7 0.485
3 4 10 0.374
3 5 1 0.171
3 6 9 0.314
3 7 7 0.321
3 8 5 1.601
3 9 8 1.067
3 10 6 0.496
3 11 10 0.682
3 12 5 0.684
3 13 7 0.240
3 14 2 0.558
3 15 2 0.962
3 16 6 0.373
3 17 5 0.919
3 18 9 0.559
3 19 2 0.199
3 20 1 0.472
3 21 2 0.247
3 22 9 0.827
3 23 8 0.431
3 24 10 0.157
3 25 1 0.452
3 26 3 0.977
3 27 2 0.770
3 28 5 0.746
3 29 2 1.084
3 30 9 1.044
3 31 4 0.270
3 32 6 0.113
3 33 4 0.323
3 34 5 0.299
3 35 3 0.873
3 36 5 0.623
3 37 2 0.979
3 38 9 0.415
3 39 10 0.417
3 40 8 0.889
3 41 6 0.421
3 42 1 1.054
3 43 1 0.628
3 44 6 0.250
3 45 9 0.306
3 46 1 0.842
3 47 4 1.050
3 48 4 0.728
3 49 10 1.004
4 5 8 0.511
4 6 1 0.492
4 7 3 0.502
4 8 1 0.605
4 9 5 0.326
4 10 5 1.001
4 11 8 0.682
4 12 8 0.489
4 13 1 1.092
4 14 6 0.101
4 15 5 0.144
4 16 7 0.855
4 17 5 1.061
4 18 10 0.425
4 19 1 0.337
4 20 7 0.326
4 21 2 0.481
4 22 2 0.339
4 23 10 0.531
4 24 2 0.863
4 25 9 0.149
4 26 5 1.003
4 27 6 0.514
4 28 2 0.713
4 29 4 0.495
4 30 2 0.354
4 31 1 0.673
4 32 4 0.778
4 33 5 0.966
4 34 4 0.849
4 35 7 0.167
4 36 6 0.695
4 37 8 0.763
4 38 5 0.128
4 39 2 0.722
4 40 8 0.775
4 41 7 0.285
4 42 3 0.231
4 43 9 0.298
4 44 6 0.222
4 45 3 0.667
4 46 8 0.133
4 47 4 0.362
4 48 6 0.550
4 49 1 0.254
5 6 6 0.583
5 7 10 0.802
5 8 9 0.487
5 9 2 0.879
5 10 6 0.499
5 11 5 0.246
5 12 9 0.468
5 13 10 0.384
5 14 9 0.518
5 15 5 0.366
5 16 4 0.181
5 17 5 0.487
5 18 8 0.825
5 19 4 0.117
5 20 1 0.381
5 21 9 0.487
5 22 2 0.726
5 23 3 0.192
5 24 6 0.307
5 25 7 0.467
5 26 5 1.032
5 27 6 0.751
5 28 7 0.215
5 29 6 0.521
5 30 3 0.564
5 31 7 0.616
5 32 8 0.787
5 33 6 0.907
5 34 4 0.554
5 35 2 0.837
5 36 9 0.938
5 37 6 0.581
5 38 10 0.534
5 39 5 0.751
5 40 7 0.795
5 41 6 0.945
5 42 6 0.923
5 43 3 0.815
5 44 3 1.039
5 45 5 1.040
5 46 10 0.632
5 47 9 0.264
5 48 3 0.512
5 49 4 0.500
6 7 4 0.418
6 8 1 0.486
6 9 1 0.344
6 10 6 0.677
6 11 5 0.443
6 12 6 0.232
6 13 4 0.507
6 14 6 0.833
6 15 8 0.445
6 16 3 0.713
6 17 3 0.705
6 18 5 0.926
6 19 4 0.771
6 20 10 0.408
6 21 10 0.930
6 22 4 0.890
6 23 10 0.189
6 24 5 0.558
6 25 4 0.244
6 26 9 0.179
6 27 1 0.104
6 28 10 0.410
6 29 9 0.698
6 30 8 0.934
6 31 8 0.483
6 32 1 0.596
6 33 9 0.124
6 34 7 0.719
6 35 7 0.316
6 36 7 0.905
6 37 8 0.448
6 38 10 0.379
6 39 3 0.389
6 40 2 0.954
6 41 8 0.132
6 42 3 1.020
6 43 9 0.211
6 44 4 0.662
6 45 7 0.252
6 46 3 0.748
6 47 2 1.011
6 48 1 0.256
6 49 3 0.425
7 8 3 1.063
7 9 1 0.499
7 10 2 0.434
7 11 3 1.045
7 12 3 0.375
7 13 5 0.608
7 14 1 0.669
7 15 7 1.726
7 16 4 0.896
7 17 6 0.312
7 18 1 0.631
7 19 4 0.896
7 20 7 0.508
7 21 2 0.870
7 22 5 0.210
7 23 4 0.279
7 24 7 0.212
7 25 5 0.316
7 26 2 1.027
7 27 7 1.097
7 28 9 0.808
7 29 4 0.347
7 30 6 0.449
7 31 1 0.289
7 32 5 0.306
7 33 5 0.983
7 34 9 0.386
7 35 9 0.737
7 36 4 1.028
7 37 5 0.408
7 38 5 0.935
7 39 8 0.800
7 40 7 0.683
7 41 7 0.792
7 42 9 0.280
7 43 4 0.896
7 44 3 0.941
7 45 10 0.897
7 46 3 0.786
7 47 6 0.452
7 48 8 0.991
7 49 3 0.205
8 9 1 0.759
8 10 7 0.478
8 11 2 0.512
8 12 10 0.466
8 13 5 0.296
8 14 8 0.320
8 15 8 0.807
8 16 1 0.540
8 17 8 0.777
8 18 8 0.351
8 19 2 0.139
8 20 5 0.184
8 21 9 0.559
8 22 8 0.926
8 23 2 0.843
8 24 9 0.731
8 25 4 0.804
8 26 1 0.127
8 27 1 0.571
8 28 8 0.403
8 29 7 0.823
8 30 4 0.194
8 31 7 0.770
8 32 5 0.986
8 33 8 0.296
8 34 3 0.814
8 35 6 0.824
8 36 3 0.155
8 37 9 0.633
8 38 4 0.668
8 39 5 0.806
8 40 7 0.752
8 41 1 0.107
8 42 3 0.775
8 43 8 0.682
8 44 4 0.294
8 45 4 1.058
8 46 8 1.039
8 47 7 0.844
8 48 2 0.186
8 49 10 0.130
9 10 2 0.683
9 11 5 0.701
9 12 5 0.229
9 13 6 0.612
9 14 10 0.864
9 15 5 0.432
9 16 2 0.159
9 17 6 1.071
9 18 2 0.763
9 19 8 1.032
9 20 9 0.830
9 21 7 0.167
9 22 10 0.274
9 23 4 0.602
9 24 7 0.545
9 25 7 0.992
9 26 6 0.327
9 27 9 1.087
9 28 2 0.736
9 29 3 0.259
9 30 8 0.582
9 31 9 0.993
9 32 7 0.890
9 33 9 0.596
9 34 3 0.555
9 35 5 0.814
9 36 6 1.087
9 37 6 0.713
9 38 5 0.115
9 39 7 0.876
9 40 10 0.207
9 41 5 0.859
9 42 3 1.090
9 43 5 1.051
9 44 10 0.338
9 45 5 0.944
9 46 7 0.375
9 47 2 0.462
9 48 9 0.417
9 49 6 0.115
10 11 5 0.202
10 12 4 0.469
10 13 1 1.097
10 14 9 1.045
10 15 3 0.423
10 16 2 0.850
10 17 4 0.895
10 18 3 0.343
10 19 9 0.206
10 20 1 0.549
10 21 9 0.795
10 22 10 0.411
10 23 3 0.220
10 24 1 0.916
10 25 1 0.847
10 26 9 0.210
10 27 6 0.185
10 28 7 0.921
10 29 3 0.853
10 30 1 0.392
10 31 3 0.695
10 32 9 0.423
10 33 3 1.018
10 34 2 0.481
10 35 4 0.766
10 36 8 0.383
10 37 1 0.906
10 38 5 0.135
10 39 1 0.939
10 40 10 0.975
10 41 7 0.353
10 42 1 0.248
10 43 3 0.751
10 44 6 0.831
10 45 6 0.520
10 46 8 0.345
10 47 6 0.496
10 48 5 0.528
10 49 10 0.783
11 12 3 0.953
11 13 7 0.154
11 14 1 0.167
11 15 3 1.042
11 16 3 0.414
11 17 10 0.634
11 18 10 0.492
11 19 8 0.842
11 20 7 0.219
11 21 4 0.742
11 22 5 0.317
11 23 6 0.977
11 24 5 0.257
11 25 7 0.206
11 26 1 1.047
11 27 9 0.554
11 28 1 0.215
11 29 6 0.609
11 30 9 0.129
11 31 3 0.354
11 32 2 0.181
11 33 5 0.127
11 34 10 1.015
11 35 7 0.473
11 36 7 1.016
11 37 9 0.931
11 38 6 0.782
11 39 1 0.291
11 40 10 0.378
11 41 7 0.582
11 42 9 0.344
11 43 10 1.022
11 44 4 0.206
11 45 3 0.635
11 46 9 0.821
11 47 10 0.226
11 48 8 0.941
11 49 1 0.155
12 13 7 0.149
12 14 2 0.597
12 15 8 0.461
12 16 10 1.155
12 17 4 0.594
12 18 10 0.404
12 19 9 0.789
12 20 6 0.784
12 21 3 0.356
12 22 5 0.238
12 23 3 1.097
12 24 7 0.803
12 25 10 0.155
12 26 7 0.541
12 27 3 1.038
12 28 5 0.164
12 29 8 0.483
12 30 4 0.641
12 31 2 0.880
12 32 1 0.156
12 33 10 0.331
12 34 2 0.373
12 35 6 0.895
12 36 8 0.266
12 37 10 1.049
12 38 6 0.418
12 39 7 0.570
12 40 1 0.856
12 41 3 0.875
12 42 4 0.785
12 43 4 0.559
12 44 8 1.053
12 45 9 0.515
12 46 3 0.342
12 47 10 0.819
12 48 7 0.242
12 49 3 0.962
13 14 10 0.117
13 15 1 0.991
13 16 8 0.400
13 17 10 0.780
13 18 10 0.578
13 19 9 0.277
13 20 2 0.578
13 21 6 0.814
13 22 10 0.650
13 23 10 0.364
13 24 5 0.914
13 25 9 0.888
13 26 9 0.194
13 27 3 0.134
13 28 10 0.282
13 29 5 0.834
13 30 8 0.682
13 31 9 0.238
13 32 7 0.192
13 33 3 0.238
13 34 5 0.378
13 35 9 0.142
13 36 7 1.038
13 37 8 0.364
13 38 9 0.820
13 39 9 0.657
13 40 10 0.996
13 41 8 1.080
13 42 9 0.963
13 43 5 1.025
13 44 3 0.841
13 45 9 0.325
13 46 6 0.656
13 47 4 0.693
13 48 3 0.936
13 49 6 1.071
14 15 6 0.567
14 16 10 0.481
14 17 4 0.737
14 18 9 0.971
14 19 5 0.274
14 20 7 0.748
14 21 10 0.918
14 22 1 0.516
14 23 8 0.923
14 24 4 0.818
14 25 4 0.455
14 26 10 1.099
14 27 8 0.982
14 28 8 0.947
14 29 9 0.785
14 30 2 0.435
14 31 6 0.408
14 32 7 0.650
14 33 3 0.421
14 34 3 0.914
14 35 6 0.419
14 36 3 0.771
14 37 8 0.894
14 38 8 1.040
14 39 1 0.520
14 40 4 0.399
14 41 3 0.947
14 42 8 0.223
14 43 8 1.095
14 44 10 0.463
14 45 8 0.785
14 46 5 0.615
14 47 6 0.643
14 48 7 0.870
14 49 1 0.641
15 16 5 0.692
15 17 9 0.470
15 18 10 0.759
15 19 2 0.367
15 20 7 0.314
15 21 4 0.565
15 22 6 0.464
15 23 7 0.258
15 24 4 0.167
15 25 10 0.975
15 26 8 0.240
15 27 9 0.208
15 28 10 0.732
15 29 4 0.109
15 30 8 0.845
15 31 2 0.832
15 32 4 0.640
15 33 7 0.833
15 34 9 0.346
15 35 8 0.308
15 36 9 0.528
15 37 2 0.980
15 38 4 0.651
15 39 2 0.513
15 40 2 0.538
15 41 10 0.872
15 42 8 0.682
15 43 6 1.028
15 44 5 0.580
15 45 6 0.868
15 46 7 0.862
15 47 4 0.501
15 48 6 0.462
15 49 3 0.652
16 17 6 0.934
16 18 10 0.799
16 19 9 1.053
16 20 3 1.099
16 21 8 0.724
16 22 1 0.488
16 23 5 0.480
16 24 7 0.491
16 25 6 0.917
16 26 9 0.988
16 27 1 0.116
16 28 3 1.051
16 29 3 0.543
16 30 3 0.891
16 31 4 0.838
16 32 7 0.665
16 33 8 0.714
16 34 8 0.162
16 35 3 0.143
16 36 3 0.669
16 37 5 1.041
16 38 1 1.028
16 39 10 0.698
16 40 4 0.228
16 41 3 0.824
16 42 9 0.175
16 43 2 0.497
16 44 10 0.534
16 45 5 0.332
16 46 1 0.275
16 47 5 0.744
16 48 6 0.160
16 49 8 0.720
17 18 3 0.999
17 19 9 1.024
17 20 1 0.875
17 21 7 0.969
17 22 8 0.247
17 23 5 0.410
17 24 1 0.588
17 25 5 0.566
17 26 1 1.055
17 27 5 0.706
17 28 2 0.415
17 29 6 0.240
17 30 8 0.163
17 31 2 0.660
17 32 8 0.396
17 33 6 0.237
17 34 5 0.842
17 35 6 0.734
17 36 4 0.700
17 37 6 0.996
17 38 6 0.346
17 39 3 1.055
17 40 10 0.141
17 41 3 0.127
17 42 7 0.420
17 43 6 0.722
17 44 2 0.727
17 45 1 0.242
17 46 2 0.341
17 47 6 0.849
17 48 3 0.888
17 49 5 0.902
18 19 3 0.459
18 20 4 0.327
18 21 5 0.499
18 22 8 0.497
18 23 1 0.421
18 24 2 0.303
18 25 10 0.697
18 26 9 1.009
18 27 2 0.790
18 28 6 0.419
18 29 7 0.233
18 30 7 1.052
18 31 7 0.432
18 32 6 0.682
18 33 2 0.455
18 34 8 0.499
18 35 2 0.767
18 36 5 0.921
18 37 3 0.303
18 38 5 0.965
18 39 10 0.873
18 40 10 0.963
18 41 5 0.436
18 42 4 0.536
18 43 3 0.754
18 44 2 0.688
18 45 6 0.958
18 46 1 0.650
18 47 5 0.798
18 48 2 0.653
18 49 7 0.433
19 20 10 0.527
19 21 7 0.539
19 22 5 0.253
19 23 1 0.443
19 24 2 0.151
19 25 5 1.052
19 26 6 0.567
19 27 4 1.024
19 28 10 0.648
19 29 10 0.685
19 30 6 0.782
19 31 8 0.709
19 32 10 0.117
19 33 10 1.018
19 34 2 0.246
19 35 2 0.886
19 36 5 0.714
19 37 6 0.398
19 38 6 1.027
19 39 5 0.581
19 40 5 0.953
19 41 4 0.846
19 42 10 0.534
19 43 3 0.537
19 44 10 0.813
19 45 2 0.320
19 46 8 0.767
19 47 2 0.527
19 48 8 1.059
19 49 5 0.814
20 21 8 0.811
20 22 7 1.094
20 23 1 0.449
20 24 1 1.072
20 25 8 0.945
20 26 2 0.214
20 27 9 0.554
20 28 9 0.674
20 29 8 1.020
20 30 8 0.246
20 31 5 0.352
20 32 10 0.455
20 33 4 0.231
20 34 7 0.839
20 35 5 1.033
20 36 3 0.964
20 37 9 0.319
20 38 3 0.533
20 39 10 0.753
20 40 4 0.834
20 41 3 0.384
20 42 5 0.265
20 43 7 0.335
20 44 5 0.525
20 45 1 0.135
20 46 6 1.023
20 47 4 0.384
20 48 7 0.514
20 49 1 0.228
21 22 2 0.927
21 23 2 0.356
21 24 1 0.390
21 25 3 0.225
21 26 10 0.843
21 27 5 0.137
21 28 8 0.733
21 29 9 0.362
21 30 3 0.836
21 31 10 1.008
21 32 10 0.293
21 33 9 0.824
21 34 8 1.025
21 35 9 0.596
21 36 5 0.418
21 37 1 0.367
21 38 5 0.914
21 39 2 1.086
21 40 2 0.327
21 41 8 0.400
21 42 7 0.661
21 43 6 0.546
21 44 5 0.616
21 45 6 0.714
21 46 10 0.256
21 47 8 1.076
21 48 1 0.951
21 49 3 0.424
22 23 1 0.738
22 24 9 0.504
22 25 10 0.541
22 26 2 0.982
22 27 8 0.182
22 28 3 0.695
22 29 3 0.249
22 30 9 0.423
22 31 8 1.096
22 32 4 0.508
22 33 2 0.185
22 34 6 1.043
22 35 7 0.948
22 36 4 0.644
22 37 5 0.369
22 38 4 0.726
22 39 4 0.655
22 40 2 0.364
22 41 5 0.341
22 42 7 1.055
22 43 8 0.466
22 44 8 0.381
22 45 3 0.529
22 46 4 0.798
22 47 9 0.399
22 48 4 0.443
22 49 10 0.545
23 24 7 1.085
23 25 8 0.376
23 26 2 0.138
23 27 8 0.581
23 28 3 0.262
23 29 5 0.363
23 30 4 0.467
23 31 6 0.524
23 32 1 0.788
23 33 7 0.572
23 34 4 0.112
23 35 3 0.802
23 36 4 0.162
23 37 4 0.622
23 38 9 0.558
23 39 6 0.478
23 40 4 0.699
23 41 7 0.704
23 42 10 1.023
23 43 1 0.397
23 44 8 0.442
23 45 7 0.228
23 46 6 0.879
23 47 4 0.495
23 48 1 0.970
23 49 4 1.068
24 25 9 0.963
24 26 6 0.846
24 27 10 0.324
24 28 10 0.727
24 29 7 0.858
24 30 3 0.368
24 31 3 0.226
24 32 5 0.687
24 33 8 0.926
24 34 8 0.422
24 35 7 1.097
24 36 5 0.413
24 37 3 0.694
24 38 10 1.012
24 39 4 0.488
24 40 7 0.160
24 41 2 0.631
24 42 2 0.693
24 43 4 0.907
24 44 2 1.064
24 45 9 0.737
24 46 8 0.602
24 47 2 0.359
24 48 9 0.855
24 49 6 0.814
25 26 7 0.939
25 27 2 1.021
25 28 8 0.134
25 29 4 0.516
25 30 1 1.004
25 31 9 0.828
25 32 1 0.828
25 33 2 0.593
25 34 3 0.191
25 35 8 0.250
25 36 9 0.835
25 37 8 0.882
25 38 8 0.142
25 39 5 0.930
25 40 5 0.854
25 41 2 0.773
25 42 9 0.848
25 43 3 0.671
25 44 2 1.052
25 45 9 0.201
25 46 9 0.920
25 47 10 0.966
25 48 2 0.777
25 49 10 0.363
26 27 6 0.750
26 28 3 0.925
26 29 5 0.603
26 30 6 0.781
26 31 1 0.174
26 32 9 0.887
26 33 1 0.607
26 34 4 0.829
26 35 7 0.638
26 36 1 0.307
26 37 5 0.344
26 38 5 0.676
26 39 2 0.657
26 40 6 0.813
26 41 1 0.585
26 42 9 0.480
26 43 6 0.347
26 44 8 0.256
26 45 2 0.540
26 46 10 0.918
26 47 9 0.742
26 48 7 0.442
26 49 5 0.680
27 28 10 1.019
27 29 6 0.725
27 30 8 0.257
27 31 3 0.463
27 32 9 0.939
27 33 1 0.880
27 34 8 0.382
27 35 9 1.060
27 36 5 1.097
27 37 2 0.195
27 38 7 0.773
27 39 9 0.885
27 40 1 0.503
27 41 3 0.722
27 42 2 0.298
27 43 9 0.691
27 44 2 0.348
27 45 1 0.780
27 46 5 0.673
27 47 6 0.426
27 48 8 0.912
27 49 9 0.912
28 29 1 1.073
28 30 8 0.396
28 31 10 0.944
28 32 5 0.682
28 33 6 0.720
28 34 9 0.841
28 35 4 0.427
28 36 9 0.481
28 37 9 0.516
28 38 2 0.995
28 39 1 0.134
28 40 10 0.157
28 41 1 0.841
28 42 4 0.362
28 43 2 0.635
28 44 3 0.807
28 45 7 0.990
28 46 1 0.281
28 47 10 0.770
28 48 6 0.524
28 49 4 0.907
29 30 1 0.868
29 31 3 0.321
29 32 1 0.873
29 33 1 0.474
29 34 8 0.913
29 35 1 1.042
29 36 10 0.153
29 37 4 0.896
29 38 3 0.139
29 39 3 0.723
29 40 1 0.177
29 41 6 0.469
29 42 3 0.361
29 43 1 0.991
29 44 5 0.780
29 45 5 0.972
29 46 4 0.874
29 47 3 0.229
29 48 2 0.360
29 49 2 0.326
30 31 2 0.841
30 32 3 0.688
30 33 7 0.428
30 34 9 0.943
30 35 10 0.795
30 36 8 0.829
30 37 5 1.035
30 38 9 0.519
30 39 5 1.036
30 40 1 0.273
30 41 6 0.629
30 42 10 0.838
30 43 2 0.649
30 44 3 0.295
30 45 2 0.329
30 46 9 0.850
30 47 5 1.011
30 48 4 0.408
30 49 6 0.473
31 32 1 0.292
31 33 8 0.203
31 34 9 0.927
31 35 6 0.174
31 36 6 0.793
31 37 4 0.924
31 38 4 0.605
31 39 8 0.758
31 40 8 0.418
31 41 1 0.484
31 42 7 0.437
31 43 5 0.861
31 44 10 0.448
31 45 7 0.937
31 46 2 0.161
31 47 9 0.487
31 48 1 0.677
31 49 6 0.133
32 33 5 0.316
32 34 8 0.563
32 35 2 0.432
32 36 8 0.764
32 37 4 0.289
32 38 7 0.581
32 39 2 1.079
32 40 7 0.475
32 41 8 0.326
32 42 4 0.210
32 43 1 0.659
32 44 1 0.903
32 45 10 0.355
32 46 5 0.611
32 47 10 0.964
32 48 2 0.639
32 49 10 0.916
33 34 2 0.124
33 35 9 0.319
33 36 7 0.412
33 37 5 0.806
33 38 8 0.959
33 39 6 0.562
33 40 4 0.834
33 41 8 0.963
33 42 3 0.994
33 43 2 0.951
33 44 8 0.230
33 45 7 0.966
33 46 10 0.611
33 47 8 1.081
33 48 7 0.994
33 49 9 0.290
34 35 2 0.730
34 36 9 0.901
34 37 8 0.890
34 38 6 1.026
34 39 9 0.967
34 40 4 0.294
34 41 1 0.406
34 42 9 0.390
34 43 9 0.582
34 44 6 0.444
34 45 7 0.712
34 46 9 0.761
34 47 8 0.216
34 48 9 0.524
34 49 3 1.019
35 36 9 0.213
35 37 7 0.734
35 38 8 0.621
35 39 3 0.933
35 40 8 0.237
35 41 3 1.042
35 42 9 0.661
35 43 6 0.411
35 44 4 0.896
35 45 8 0.466
35 46 5 1.011
35 47 10 0.572
35 48 8 0.388
35 49 8 0.121
36 37 6 0.771
36 38 3 0.710
36 39 5 0.184
36 40 3 1.000
36 41 9 0.512
36 42 3 0.261
36 43 7 0.167
36 44 3 0.951
36 45 7 0.778
36 46 9 0.778
36 47 2 0.658
36 48 4 0.521
36 49 4 0.663
37 38 3 0.692
37 39 9 0.885
37 40 2 0.672
37 41 6 0.271
37 42 4 1.099
37 43 10 0.926
37 44 10 0.827
37 45 10 1.052
37 46 4 0.872
37 47 8 0.637
37 48 8 0.293
37 49 4 0.610
38 39 10 0.107
38 40 4 0.390
38 41 8 0.889
38 42 10 0.708
38 43 1 0.219
38 44 5 0.753
38 45 9 0.781
38 46 1 0.147
38 47 7 0.551
38 48 6 1.065
38 49 9 0.475
39 40 9 0.408
39 41 5 0.912
39 42 2 0.709
39 43 5 0.399
39 44 6 0.400
39 45 7 1.078
39 46 9 1.085
39 47 8 1.048
39 48 7 0.584
39 49 4 0.698
40 41 10 0.301
40 42 5 0.364
40 43 9 0.935
40 44 5 0.955
40 45 5 0.689
40 46 1 0.139
40 47 10 0.729
40 48 6 1.051
40 49 3 0.155
41 42 5 0.776
41 43 8 0.207
41 44 5 0.518
41 45 5 0.666
41 46 9 0.116
41 47 9 0.366
41 48 2 1.086
41 49 2 0.532
42 43 4 1.018
42 44 2 0.709
42 45 9 0.952
42 46 1 0.809
42 47 8 0.752
42 48 9 0.122
42 49 2 0.864
43 44 5 0.743
43 45 10 1.008
43 46 7 0.810
43 47 7 0.736
43 48 4 1.056
43 49 2 0.921
44 45 2 0.679
44 46 2 0.181
44 47 2 0.829
44 48 10 0.928
44 49 7 1.088
45 46 10 0.791
45 47 10 0.225
45 48 1 0.589
45 49 6 0.439
46 47 2 0.382
46 48 4 0.672
46 49 3 0.340
47 48 4 0.731
47 49 10 0.104
48 49 9 1.571