50
64.0
0 1 7.104 4.071
0 2 8.135 1.667
0 3 7.596 3.404
0 4 8.0 9.666
0 5 7.482 2.348
0 6 7.413 4.147
0 7 7.688 4.011
0 8 8.026 8.766
0 9 7.319 1.909
0 10 8.777 0.35
0 11 7.578 3.13
0 12 8.328 3.947
0 13 7.252 11.613
0 14 7.658 2.195
0 15 9.41 0.34
0 16 7.326 1.536
0 17 8.116 2.607
0 18 7.557 10.512
0 19 7.7 3.147
0 20 7.9 2.321
0 21 8.015 3.17
0 22 7.17 11.554
0 23 7.002 2.455
0 24 7.312 2.193
0 25 8.436 1.567
0 26 7.99 9.766
0 27 8.328 1.96
0 28 7.745 4.038
0 29 7.762 3.782
0 30 8.18 10.542
0 31 7.476 3.142
0 32 7.998 3.28
0 33 7.99 2.233
0 34 8.367 11.231
0 35 7.89 4.495
0 36 7.583 3.91
0 37 7.277 3.978
0 38 7.964 11.417
0 39 8.335 1.563
0 40 7.902 4.16
0 41 8.395 3.629
0 42 8.585 1.11
0 43 7.562 9.485
0 44 8.04 4.384
0 45 7.229 3.823
0 46 7.057 3.817
0 47 7.11 11.197
0 48 7.98 1.809
0 49 7.058 3.363
1 2 7.398 2.797
1 3 7.526 8.969
1 4 7.347 1.798
1 5 7.692 2.873
1 6 7.742 3.221
1 7 7.999 8.872
1 8 8.242 3.973
1 9 7.453 3.143
1 10 8.386 3.793
1 11 8.105 9.533
1 12 7.112 4.313
1 13 8.37 2.6
1 14 7.743 2.406
1 15 7.925 8.776
1 16 7.835 3.515
1 17 8.304 3.65
1 18 8.028 1.788
1 19 7.821 10.504
1 20 7.593 1.98
1 21 7.949 4.177
1 22 7.393 1.906
1 23 7.526 10.367
1 24 7.47 4.14
1 25 7.413 3.505
1 26 7.09 2.925
1 27 7.501 8.204
1 28 7.6 2.888
1 29 8.23 1.8
1 30 7.596 2.944
1 31 9.028 0.32
1 32 7.949 10.541
1 33 8.277 3.713
1 34 7.583 3.096
1 35 7.32 2.854
1 36 7.016 8.196
1 37 7.636 4.426
1 38 8.283 2.764
1 39 7.121 4.185
1 40 8.049 10.073
1 41 8.23 4.313
1 42 8.354 1.914
1 43 7.196 3.541
1 44 7.911 10.211
1 45 8.509 2.03
1 46 7.445 4.344
1 47 7.484 2.824
1 48 7.872 2.915
1 49 7.059 8.569
2 3 7.899 4.403
2 4 7.704 2.174
2 5 7.416 3.172
2 6 8.078 10.598
2 7 7.694 3.917
2 8 7.219 2.093
2 9 7.635 4.384
2 10 7.146 8.837
2 11 8.139 3.355
2 12 7.223 1.734
2 13 7.287 2.861
2 14 7.646 9.17
2 15 8.115 2.077
2 16 7.921 4.45
2 17 7.374 4.335
2 18 8.611 2.09
2 19 7.286 9.417
2 20 7.824 4.085
2 21 8.236 1.745
2 22 8.16 2.005
2 23 7.877 11.915
2 24 7.234 4.376
2 25 8.265 3.437
2 26 7.732 2.76
2 27 7.037 9.248
2 28 8.273 4.373
2 29 8.268 1.871
2 30 8.161 1.932
2 31 7.891 11.75
2 32 7.515 1.86
2 33 8.324 2.049
2 34 9.149 0.43
2 35 7.18 2.638
2 36 8.109 8.548
2 37 8.413 2.84
2 38 8.115 4.008
2 39 8.427 4.076
2 40 7.543 11.9
2 41 8.348 1.861
2 42 8.047 4.151
2 43 8.103 3.366
2 44 8.089 11.901
2 45 8.386 4.311
2 46 8.172 2.54
2 47 8.249 4.416
2 48 7.263 11.725
2 49 7.695 1.914
3 4 8.192 4.018
3 5 8.316 2.331
3 6 8.115 9.521
3 7 7.732 3.579
3 8 7.495 2.857
3 9 7.701 1.681
3 10 7.392 11.968
3 11 7.869 3.674
3 12 8.216 2.172
3 13 8.448 2.233
3 14 7.177 9.788
3 15 7.254 2.345
3 16 8.226 2.293
3 17 7.511 1.646
3 18 7.991 8.401
3 19 7.519 3.56
3 20 7.206 4.303
3 21 8.197 3.704
3 22 7.555 8.921
3 23 7.104 2.766
3 24 7.291 4.141
3 25 8.138 2.74
3 26 7.592 8.504
3 27 8.703 0.59
3 28 8.534 0.54
3 29 8.446 4.406
3 30 7.042 2.763
3 31 7.124 1.739
3 32 8.228 8.925
3 33 7.182 2.81
3 34 7.459 1.82
3 35 7.762 2.203
3 36 8.248 10.642
3 37 8.009 1.735
3 38 7.507 2.606
3 39 7.702 1.824
3 40 7.072 10.985
3 41 8.332 2.202
3 42 7.662 3.294
3 43 7.91 2.589
3 44 8.487 8.086
3 45 7.967 3.73
3 46 8.375 3.417
3 47 7.245 2.663
3 48 7.753 11.055
3 49 8.393 3.738
4 5 7.297 2.548
4 6 8.078 1.935
4 7 7.91 11.053
4 8 7.434 3.752
4 9 8.277 2.438
4 10 7.503 3.09
4 11 8.343 11.923
4 12 7.347 2.752
4 13 7.377 3.819
4 14 7.743 1.959
4 15 8.376 9.57
4 16 7.452 1.713
4 17 7.85 3.239
4 18 7.181 2.353
4 19 8.356 11.473
4 20 8.322 2.03
4 21 7.129 3.302
4 22 7.832 1.862
4 23 8.164 10.424
4 24 7.567 3.366
4 25 9.942 0.83
4 26 7.16 4.127
4 27 8.107 1.673
4 28 8.139 8.671
4 29 8.264 3.078
4 30 8.286 2.137
4 31 7.758 3.981
4 32 7.669 11.821
4 33 7.13 3.997
4 34 8.233 3.711
4 35 7.043 3.319
4 36 7.68 10.734
4 37 8.024 4.446
4 38 7.349 2.433
4 39 7.171 2.672
4 40 9.45 1.85
4 41 8.433 9.264
4 42 8.127 1.917
4 43 7.064 2.391
4 44 7.497 3.592
4 45 7.889 9.635
4 46 8.184 4.314
4 47 7.177 3.355
4 48 7.857 3.251
4 49 7.762 11.226
5 6 7.509 2.455
5 7 7.35 1.518
5 8 7.985 1.766
5 9 8.42 8.394
5 10 7.046 1.526
5 11 8.366 2.139
5 12 9.887 0.89
5 13 7.884 2.373
5 14 7.763 10.631
5 15 8.264 3.15
5 16 7.098 3.684
5 17 7.598 4.168
5 18 7.543 9.584
5 19 8.499 1.509
5 20 7.117 2.218
5 21 8.216 4.472
5 22 8.194 8.479
5 23 7.808 3.136
5 24 8.211 2.571
5 25 8.442 2.359
5 26 8.226 8.56
5 27 7.832 4.348
5 28 7.727 1.813
5 29 8.027 3.563
5 30 7.221 8.224
5 31 7.725 2.871
5 32 8.364 4.123
5 33 7.229 3.245
5 34 7.998 10.059
5 35 7.157 4.45
5 36 8.489 2.194
5 37 7.601 3.507
5 38 7.105 9.368
5 39 7.343 3.332
5 40 7.357 3.498
5 41 8.04 4.064
5 42 7.569 9.117
5 43 7.807 3.454
5 44 8.271 3.732
5 45 7.778 1.756
5 46 8.468 0.9
5 47 7.841 9.845
5 48 7.946 4.468
5 49 7.232 3.95
6 7 7.621 2.379
6 8 8.152 10.636
6 9 8.086 3.615
6 10 7.099 2.846
6 11 7.467 3.199
6 12 8.313 9.852
6 13 7.01 4.378
6 14 7.509 3.027
6 15 7.393 3.395
6 16 7.306 11.103
6 17 8.226 4.209
6 18 8.111 2.04
6 19 7.303 1.561
6 20 7.917 8.731
6 21 7.156 4.149
6 22 8.455 2.127
6 23 9.703 1.22
6 24 8.086 2.809
6 25 8.115 8.503
6 26 7.787 2.295
6 27 7.849 3.399
6 28 7.918 3.826
6 29 7.975 9.748
6 30 7.358 4.393
6 31 7.652 3.976
6 32 8.161 3.199
6 33 7.832 10.662
6 34 7.964 3.966
6 35 8.211 2.328
6 36 7.257 2.002
6 37 7.401 9.542
6 38 7.466 4.104
6 39 8.384 2.381
6 40 8.183 2.612
6 41 7.483 11.201
6 42 7.792 1.76
6 43 9.58 0.56
6 44 7.568 1.766
6 45 7.861 4.106
6 46 7.656 11.36
6 47 7.655 3.094
6 48 7.59 4.356
6 49 8.492 2.409
7 8 7.657 11.786
7 9 8.024 2.889
7 10 8.273 1.648
7 11 8.38 3.782
7 12 7.216 9.882
7 13 8.499 4.08
7 14 7.969 4.218
7 15 7.285 2.715
7 16 8.428 10.08
7 17 8.204 1.943
7 18 7.453 3.751
7 19 8.057 2.876
7 20 7.117 9.318
7 21 7.339 3.892
7 22 7.283 2.321
7 23 8.134 4.258
7 24 9.32 0.43
7 25 7.221 9.127
7 26 9.583 0.3
7 27 7.121 2.764
7 28 8.172 3.324
7 29 7.687 2.655
7 30 7.687 10.112
7 31 7.995 4.155
7 32 7.673 4.08
7 33 7.99 1.768
7 34 8.256 9.952
7 35 7.839 3.663
7 36 8.256 3.827
7 37 7.073 2.43
7 38 7.963 8.588
7 39 8.234 4.128
7 40 8.429 3.163
7 41 7.074 2.073
7 42 8.399 10.974
7 43 8.078 3.989
7 44 7.357 2.099
7 45 7.315 3.304
7 46 7.213 10.513
7 47 9.411 0.32
7 48 7.839 3.172
7 49 8.094 2.943
8 9 7.172 2.619
8 10 7.713 10.653
8 11 8.439 4.214
8 12 7.623 3.881
8 13 7.161 2.761
8 14 8.124 9.119
8 15 8.123 2.984
8 16 7.275 3.297
8 17 7.773 2.7
8 18 8.145 9.057
8 19 8.1 3.777
8 20 9.963 0.79
8 21 7.03 2.895
8 22 7.419 4.394
8 23 7.153 10.776
8 24 7.019 2.541
8 25 8.279 4.491
8 26 7.477 3.557
8 27 7.114 8.722
8 28 8.269 2.678
8 29 7.619 2.854
8 30 7.214 3.175
8 31 7.714 11.697
8 32 7.67 4.455
8 33 7.637 2.248
8 34 7.355 1.509
8 35 8.065 10.762
8 36 8.016 2.207
8 37 8.299 2.256
8 38 8.308 2.742
8 39 7.284 9.639
8 40 8.126 3.805
8 41 8.727 1.45
8 42 7.281 2.961
8 43 8.267 1.583
8 44 8.4 9.783
8 45 7.204 4.125
8 46 7.224 2.275
8 47 7.232 3.259
8 48 8.424 8.419
8 49 7.209 3.15
9 10 7.906 1.762
9 11 7.42 1.939
9 12 8.486 11.208
9 13 7.245 3.516
9 14 8.294 2.22
9 15 7.573 2.728
9 16 8.347 1.612
9 17 8.203 11.172
9 18 8.158 3.766
9 19 7.327 4.203
9 20 7.09 3.826
9 21 8.422 11.469
9 22 7.617 2.403
9 23 8.428 3.014
9 24 8.459 2.878
9 25 7.907 9.584
9 26 7.133 1.651
9 27 7.102 2.474
9 28 8.147 1.975
9 29 8.073 10.717
9 30 7.583 3.608
9 31 8.256 4.195
9 32 8.443 2.957
9 33 7.488 9.513
9 34 8.375 3.125
9 35 8.315 1.612
9 36 8.018 2.512
9 37 8.276 11.183
9 38 8.422 4.418
9 39 7.562 4.484
9 40 7.711 3.262
9 41 7.782 9.789
9 42 8.107 2.063
9 43 7.751 3.492
9 44 9.721 0.59
9 45 8.495 3.56
9 46 7.532 8.722
9 47 8.145 4.43
9 48 7.567 3.683
9 49 7.585 4.166
10 11 7.244 9.629
10 12 7.107 4.268
10 13 8.414 2.646
10 14 8.185 4.335
10 15 9.653 0.47
10 16 8.374 10.809
10 17 8.449 2.236
10 18 7.847 2.718
10 19 8.237 1.546
10 20 7.391 11.106
10 21 7.682 2.927
10 22 8.167 1.665
10 23 7.682 2.11
10 24 7.156 10.555
10 25 8.141 3.221
10 26 8.081 4.401
10 27 8.361 3.575
10 28 7.904 8.322
10 29 7.448 3.797
10 30 7.424 2.361
10 31 7.765 3.459
10 32 7.494 8.419
10 33 7.736 3.918
10 34 8.351 3.611
10 35 7.448 2.543
10 36 7.304 11.573
10 37 7.445 3.531
10 38 8.495 2.826
10 39 7.066 3.291
10 40 8.034 10.679
10 41 7.36 3.178
10 42 9.997 0.31
10 43 8.329 2.886
10 44 7.437 3.112
10 45 7.15 11.468
10 46 7.027 4.245
10 47 7.331 2.338
10 48 8.312 3.479
10 49 8.261 10.276
11 12 7.799 1.833
11 13 7.176 3.972
11 14 7.184 3.229
11 15 7.165 9.064
11 16 8.335 3.685
11 17 7.246 3.496
11 18 7.598 2.126
11 19 7.265 11.217
11 20 8.095 2.469
11 21 9.55 0.39
11 22 7.395 2.926
11 23 7.442 1.644
11 24 8.483 8.274
11 25 7.26 1.741
11 26 7.909 2.601
11 27 7.711 2.745
11 28 7.097 11.609
11 29 7.602 3.044
11 30 8.41 2.017
11 31 8.137 2.322
11 32 7.86 10.706
11 33 8.058 3.273
11 34 8.146 2.356
11 35 8.021 1.999
11 36 7.182 10.339
11 37 8.225 4.08
11 38 8.366 3.41
11 39 8.057 2.681
11 40 8.034 8.425
11 41 7.122 3.577
11 42 8.206 4.363
11 43 7.502 4.421
11 44 8.48 11.719
11 45 7.908 4.095
11 46 7.1 3.835
11 47 8.334 2.71
11 48 9.334 0.62
11 49 7.479 10.855
12 13 7.657 1.874
12 14 8.404 3.284
12 15 8.199 3.106
12 16 7.177 11.926
12 17 7.527 1.614
12 18 8.12 3.009
12 19 8.349 4.024
12 20 8.332 8.79
12 21 7.676 2.61
12 22 7.846 3.279
12 23 7.27 3.294
12 24 7.08 10.392
12 25 7.415 4.358
12 26 8.358 3.647
12 27 7.493 1.863
12 28 8.006 10.792
12 29 8.418 3.113
12 30 7.35 2.797
12 31 7.503 3.825
12 32 7.011 10.962
12 33 7.201 2.201
12 34 7.037 4.3
12 35 7.601 2.675
12 36 7.456 9.303
12 37 8.4 3.66
12 38 7.397 3.844
12 39 7.221 2.22
12 40 8.207 9.407
12 41 8.391 2.572
12 42 7.077 3.107
12 43 7.44 3.555
12 44 8.083 11.685
12 45 8.267 3.425
12 46 9.39 1.92
12 47 7.804 2.282
12 48 7.636 3.018
12 49 7.945 9.699
13 14 7.4 3.861
13 15 7.296 2.318
13 16 7.807 4.065
13 17 7.023 10.48
13 18 7.015 2.274
13 19 8.35 4.116
13 20 7.574 4.264
13 21 7.321 9.809
13 22 8.477 3.825
13 23 7.518 3.988
13 24 8.257 1.704
13 25 7.448 10.344
13 26 7.862 4.477
13 27 8.327 3.541
13 28 8.215 3.094
13 29 8.204 11.868
13 30 8.143 1.879
13 31 8.058 4.457
13 32 8.397 2.344
13 33 8.259 0.41
13 34 7.043 10.85
13 35 7.433 2.858
13 36 8.31 4.239
13 37 7.369 2.87
13 38 7.211 8.741
13 39 8.418 1.509
13 40 8.355 2.814
13 41 7.674 2.511
13 42 8.317 8.269
13 43 8.093 1.662
13 44 7.214 3.98
13 45 8.331 4.168
13 46 8.382 10.007
13 47 8.1 3.191
13 48 7.168 1.648
13 49 9.281 2.59
14 15 8.235 4.416
14 16 7.668 8.406
14 17 7.287 2.768
14 18 8.388 2.424
14 19 7.985 4.231
14 20 8.273 9.372
14 21 7.202 4.372
14 22 7.299 2.187
14 23 7.929 2.127
14 24 7.242 10.751
14 25 7.325 3.952
14 26 7.766 3.556
14 27 7.567 2.08
14 28 8.316 8.991
14 29 7.88 4.065
14 30 7.062 2.968
14 31 7.699 1.864
14 32 7.481 11.536
14 33 7.171 3.501
14 34 8.136 3.131
14 35 8.155 1.764
14 36 7.919 11.344
14 37 8.12 3.477
14 38 7.399 2.01
14 39 8.45 2.751
14 40 8.462 11.601
14 41 7.535 1.681
14 42 7.341 1.875
14 43 7.276 4.455
14 44 8.208 0.97
14 45 7.168 11.207
14 46 8.441 3.152
14 47 7.015 2.353
14 48 8.098 2.295
14 49 7.728 10.449
15 16 7.215 1.732
15 17 7.428 1.812
15 18 7.158 2.443
15 19 7.954 8.378
15 20 8.295 3.112
15 21 8.481 4.4
15 22 8.184 1.891
15 23 7.355 10.524
15 24 7.905 2.905
15 25 7.525 4.276
15 26 7.603 1.618
15 27 7.538 9.397
15 28 7.809 2.119
15 29 8.488 2.595
15 30 7.984 3.413
15 31 7.62 10.911
15 32 7.842 1.914
15 33 7.309 3.079
15 34 7.146 2.844
15 35 7.044 9.685
15 36 7.846 2.52
15 37 7.387 2.069
15 38 8.122 2.227
15 39 8.443 10.244
15 40 7.824 4.342
15 41 8.326 4.476
15 42 9.258 0.3
15 43 7.448 3.062
15 44 8.447 9.106
15 45 7.717 1.596
15 46 7.548 4.021
15 47 7.976 4.158
15 48 7.961 9.198
15 49 7.235 4.297
16 17 7.895 3.87
16 18 7.163 3.94
16 19 8.366 10.352
16 20 7.477 2.298
16 21 7.37 2.199
16 22 7.631 2.426
16 23 8.184 8.672
16 24 7.51 1.784
16 25 7.633 2.08
16 26 8.463 1.921
16 27 8.128 9.739
16 28 7.72 1.509
16 29 7.091 3.921
16 30 8.176 2.756
16 31 7.303 9.806
16 32 9.33 2.17
16 33 7.867 3.72
16 34 7.599 3.465
16 35 7.372 4.013
16 36 7.094 10.012
16 37 8.283 1.05
16 38 8.366 3.36
16 39 8.486 3.012
16 40 7.103 3.776
16 41 7.65 9.089
16 42 8.271 4.49
16 43 8.324 3.433
16 44 8.473 4.292
16 45 7.883 11.302
16 46 7.329 1.75
16 47 8.21 2.068
16 48 7.113 2.583
16 49 7.6 11.102
17 18 7.851 3.606
17 19 8.105 2.887
17 20 7.69 4.329
17 21 8.248 11.728
17 22 9.861 0.7
17 23 7.955 4.365
17 24 7.734 3.085
17 25 7.28 3.126
17 26 8.016 9.283
17 27 7.324 3.578
17 28 8.474 2.794
17 29 8.471 3.008
17 30 7.26 10.733
17 31 8.44 4.07
17 32 7.072 4.002
17 33 8.437 2.667
17 34 8.294 8.694
17 35 8.158 3.725
17 36 7.62 3.784
17 37 8.295 2.303
17 38 9.938 1.13
17 39 8.093 9.485
17 40 8.2 4.277
17 41 7.535 2.336
17 42 8.08 2.192
17 43 8.244 10.882
17 44 7.78 3.493
17 45 7.963 1.72
17 46 8.099 2.584
17 47 7.732 8.481
17 48 7.83 4.344
17 49 7.308 2.509
18 19 8.08 1.953
18 20 8.319 9.684
18 21 7.115 3.842
18 22 8.08 1.593
18 23 7.97 2.258
18 24 7.155 11.072
18 25 8.221 3.257
18 26 8.237 1.518
18 27 7.401 2.017
18 28 7.579 10.942
18 29 7.814 3.617
18 30 7.054 4.468
18 31 7.559 3.099
18 32 8.483 10.55
18 33 7.867 2.074
18 34 8.835 0.81
18 35 8.344 2.364
18 36 8.429 4.264
18 37 7.753 8.812
18 38 8.228 3.768
18 39 8.422 1.783
18 40 7.799 3.499
18 41 7.324 8.491
18 42 8.053 2.183
18 43 8.03 4.421
18 44 8.008 2.865
18 45 8.066 11.722
18 46 8.024 3.854
18 47 7.696 3.042
18 48 7.519 4.374
18 49 8.465 11.597
19 20 7.311 4.419
19 21 8.465 3.807
19 22 8.366 2.679
19 23 7.03 8.116
19 24 8.398 3.078
19 25 8.187 3.759
19 26 7.719 3.646
19 27 8.249 11.359
19 28 7.727 2.49
19 29 8.152 0.57
19 30 7.346 1.628
19 31 8.084 2.138
19 32 7.301 8.918
19 33 8.316 4.207
19 34 7.611 2.831
19 35 8.299 3.909
19 36 9.231 0.31
19 37 7.169 10.047
19 38 8.429 2.543
19 39 7.676 3.886
19 40 7.241 3.59
19 41 7.113 9.441
19 42 7.785 3.027
19 43 7.253 1.523
19 44 8.375 3.245
19 45 7.084 8.67
19 46 8.015 3.173
19 47 7.274 3.203
19 48 7.127 4.441
19 49 8.183 9.123
20 21 7.244 2.34
20 22 7.251 3.341
20 23 7.158 3.407
20 24 8.489 11.55
20 25 7.026 3.871
20 26 7.408 1.951
20 27 8.098 1.735
20 28 7.822 9.162
20 29 8.354 4.093
20 30 7.6 4.029
20 31 8.188 3.19
20 32 7.315 8.173
20 33 7.074 3.281
20 34 7.67 4.28
20 35 7.244 4.037
20 36 7.247 11.527
20 37 7.735 2.615
20 38 8.25 3.993
20 39 7.555 1.726
20 40 7.076 10.655
20 41 9.145 1.11
20 42 7.865 4.062
20 43 8.18 3.449
20 44 7.121 3.026
20 45 7.44 10.329
20 46 7.343 1.626
20 47 7.988 2.8
20 48 7.471 1.632
20 49 7.722 9.743
21 22 8.469 2.637
21 23 7.56 1.702
21 24 8.065 1.63
21 25 7.488 11.895
21 26 8.435 2.59
21 27 8.374 3.031
21 28 7.786 3.04
21 29 7.813 11.042
21 30 7.122 2.29
21 31 8.188 2.134
21 32 7.305 2.282
21 33 7.134 10.366
21 34 7.38 2.011
21 35 8.29 1.633
21 36 8.119 2.314
21 37 7.998 9.853
21 38 7.713 3.466
21 39 7.602 2.931
21 40 8.475 3.943
21 41 7.11 10.548
21 42 7.329 2.36
21 43 7.365 2.541
21 44 7.849 4.008
21 45 8.102 11.268
21 46 8.395 3.76
21 47 8.034 3.77
21 48 9.369 2.51
21 49 8.496 3.191
22 23 8.259 9.889
22 24 7.967 3.066
22 25 7.471 2.751
22 26 7.65 2.232
22 27 8.466 9.388
22 28 8.066 3.4
22 29 8.341 2.474
22 30 8.339 1.783
22 31 7.668 9.847
22 32 7.876 3.549
22 33 7.397 2.862
22 34 7.758 2.288
22 35 7.689 9.335
22 36 7.559 3.919
22 37 7.049 2.904
22 38 9.665 1.7
22 39 8.199 2.423
22 40 7.248 10.685
22 41 7.792 2.785
22 42 7.548 4.452
22 43 8.382 2.645
22 44 7.751 10.76
22 45 8.155 4.494
22 46 8.186 4.384
22 47 7.158 3.743
22 48 7.099 8.549
22 49 8.169 2.344
23 24 7.545 2.717
23 25 7.453 3.682
23 26 7.104 10.065
23 27 7.06 1.863
23 28 8.348 2.361
23 29 7.001 4.135
23 30 7.627 8.957
23 31 7.738 4.291
23 32 7.08 2.245
23 33 7.876 1.815
23 34 7.751 9.09
23 35 8.464 1.907
23 36 7.767 2.314
23 37 7.607 3.436
23 38 7.952 9.595
23 39 7.764 3.532
23 40 7.338 3.076
23 41 7.292 1.51
23 42 7.299 10.296
23 43 8.302 1.99
23 44 8.117 3.044
23 45 7.42 3.163
23 46 8.373 1.867
23 47 7.824 8.421
23 48 8.024 2.911
23 49 7.88 4.027
24 25 7.028 3.113
24 26 9.786 0.31
24 27 7.593 11.763
24 28 7.022 2.752
24 29 8.421 3.915
24 30 8.064 1.651
24 31 8.1 11.838
24 32 8.478 4.32
24 33 8.131 2.813
24 34 7.23 2.843
24 35 8.111 9.113
24 36 7.531 4.279
24 37 8.444 2.457
24 38 7.773 3.166
24 39 8.392 11.332
24 40 7.348 3.591
24 41 7.389 4.037
24 42 7.585 3.026
24 43 8.168 11.679
24 44 8.004 3.072
24 45 7.352 1.952
24 46 7.094 3.065
24 47 8.348 0.49
24 48 7.765 8.187
24 49 7.916 2.852
25 26 8.323 3.105
25 27 8.174 3.157
25 28 7.679 9.439
25 29 8.226 4.346
25 30 7.368 3.127
25 31 7.889 2.496
25 32 8.224 10.211
25 33 7.587 2.366
25 34 8.152 2.344
25 35 8.459 2.586
25 36 7.85 8.425
25 37 7.997 2.238
25 38 7.509 3.415
25 39 7.259 1.672
25 40 8.552 0.81
25 41 8.352 8.497
25 42 7.631 4.037
25 43 7.426 2.695
25 44 8.17 2.232
25 45 7.141 11.656
25 46 7.414 1.685
25 47 8.387 2.616
25 48 7.069 3.102
25 49 7.66 9.602
26 27 7.757 1.922
26 28 7.946 3.564
26 29 7.28 2.783
26 30 7.57 9.159
26 31 8.235 1.627
26 32 8.274 3.63
26 33 7.723 1.555
26 34 8.487 8.641
26 35 7.155 2.143
26 36 7.413 3.725
26 37 7.024 1.506
26 38 7.307 8.112
26 39 7.597 1.951
26 40 7.948 3.47
26 41 8.449 1.712
26 42 7.073 10.608
26 43 7.144 2.067
26 44 7.453 3.771
26 45 7.457 3.593
26 46 7.026 8.752
26 47 8.768 1.18
26 48 7.382 3.76
26 49 7.284 2.401
27 28 9.698 2.08
27 29 8.179 4.241
27 30 8.367 8.817
27 31 7.926 2.693
27 32 8.38 2.197
27 33 8.223 3.346
27 34 7.192 8.513
27 35 8.207 4.433
27 36 7.953 2.839
27 37 8.096 1.726
27 38 8.345 8.366
27 39 7.433 2.35
27 40 8.449 4.488
27 41 7.663 1.667
27 42 7.394 9.407
27 43 7.959 4.142
27 44 8.382 4.146
27 45 7.205 2.355
27 46 8.294 9.332
27 47 8.125 1.516
27 48 7.826 2.305
27 49 8.367 1.761
28 29 7.478 9.096
28 30 7.826 2.599
28 31 8.419 2.306
28 32 7.759 3.191
28 33 8.091 8.773
28 34 7.778 3.484
28 35 7.717 4.068
28 36 7.3 3.355
28 37 8.095 10.486
28 38 7.719 1.802
28 39 7.508 4.385
28 40 7.985 2.598
28 41 7.939 8.641
28 42 7.216 1.67
28 43 7.37 3.571
28 44 7.728 2.247
28 45 7.66 8.355
28 46 7.014 3.362
28 47 8.268 3.825
28 48 7.635 2.084
28 49 8.297 8.84
29 30 8.172 2.763
29 31 8.236 2.279
29 32 8.046 3.885
29 33 8.31 9.735
29 34 7.134 4.21
29 35 7.471 2.472
29 36 9.134 1.81
29 37 7.198 2.459
29 38 8.364 8.616
29 39 7.103 2.612
29 40 7.431 3.024
29 41 8.003 4.171
29 42 7.625 9.947
29 43 8.216 4.161
29 44 7.879 3.65
29 45 8.115 2.691
29 46 8.056 8.633
29 47 8.431 1.604
29 48 7.544 1.772
29 49 8.242 3.611
30 31 8.378 8.054
30 32 8.053 4.469
30 33 7.917 1.77
30 34 7.225 1.773
30 35 9.586 0.41
30 36 8.33 8.63
30 37 8.073 3.058
30 38 7.156 2.771
30 39 8.109 1.09
30 40 8.067 3.787
30 41 7.15 8.083
30 42 7.544 4.209
30 43 8.375 3.35
30 44 7.92 2.929
30 45 7.039 11.262
30 46 8.303 2.442
30 47 8.111 2.847
30 48 8.003 4.174
30 49 7.269 8.328
31 32 7.277 3.392
31 33 7.731 2.967
31 34 8.147 1.601
31 35 7.352 10.175
31 36 7.514 2.112
31 37 7.962 2.085
31 38 7.568 4.353
31 39 8.384 8.932
31 40 8.435 2.738
31 41 7.128 1.618
31 42 8.37 4.396
31 43 7.661 11.725
31 44 8.47 2.496
31 45 9.566 0.47
31 46 8.404 3.504
31 47 7.511 1.649
31 48 7.68 8.237
31 49 8.034 3.955
32 33 8.298 3.613
32 34 7.902 3.071
32 35 7.618 11.628
32 36 7.41 2.658
32 37 8.183 0.38
32 38 8.179 2.839
32 39 8.13 4.083
32 40 8.123 10.325
32 41 7.192 2.252
32 42 7.08 1.917
32 43 7.696 4.117
32 44 7.532 10.097
32 45 7.944 1.969
32 46 8.052 2.266
32 47 7.653 2.449
32 48 7.016 10.624
32 49 8.079 3.061
33 34 7.786 2.358
33 35 7.175 1.734
33 36 8.021 9.315
33 37 7.692 3.301
33 38 8.324 1.697
33 39 7.438 1.575
33 40 8.17 9.464
33 41 8.309 1.722
33 42 7.813 2.978
33 43 8.19 2.672
33 44 7.484 11.564
33 45 8.034 4.219
33 46 7.742 1.77
33 47 7.05 4.35
33 48 8.281 8.936
33 49 8.879 0.4
34 35 7.658 3.184
34 36 7.097 3.999
34 37 7.134 4.439
34 38 7.739 10.607
34 39 7.903 1.529
34 40 7.576 2.88
34 41 7.292 1.627
34 42 8.015 9.78
34 43 7.45 3.557
34 44 7.339 2.156
34 45 7.186 2.112
34 46 7.344 8.847
34 47 8.129 1.964
34 48 7.801 3.981
34 49 7.37 2.915
35 36 8.06 9.485
35 37 7.946 1.518
35 38 7.334 4.167
35 39 8.386 1.93
35 40 7.1 2.366
35 41 8.323 8.652
35 42 8.202 2.459
35 43 7.438 3.065
35 44 7.894 2.31
35 45 7.014 11.791
35 46 7.911 3.635
35 47 7.755 3.37
35 48 8.313 1.924
35 49 8.446 9.689
36 37 7.78 3.399
36 38 8.002 2.686
36 39 7.352 3.277
36 40 7.787 9.435
36 41 8.358 3.955
36 42 8.378 3.665
36 43 8.19 3.721
36 44 7.337 10.273
36 45 7.455 3.97
36 46 7.427 1.813
36 47 7.174 1.656
36 48 7.273 10.161
36 49 7.454 1.973
37 38 7.09 1.847
37 39 7.191 3.716
37 40 7.419 8.719
37 41 8.081 3.252
37 42 8.454 3.578
37 43 8.246 3.844
37 44 8.351 9.955
37 45 7.633 2.51
37 46 7.729 3.465
37 47 7.788 3.147
37 48 7.472 9.58
37 49 8.025 2.693
38 39 7.279 2.042
38 40 8.199 3.157
38 41 8.167 11.908
38 42 7.456 3.071
38 43 7.983 4.17
38 44 7.255 2.286
38 45 7.519 8.142
38 46 8.411 2.632
38 47 7.311 3.738
38 48 8.298 3.665
38 49 7.623 10.331
39 40 7.219 3.903
39 41 7.809 3.527
39 42 8.234 2.286
39 43 7.218 10.334
39 44 7.077 2.958
39 45 7.048 3.772
39 46 7.51 1.601
39 47 7.28 8.847
39 48 8.472 1.974
39 49 7.769 3.708
40 41 7.466 2.985
40 42 7.764 11.235
40 43 8.437 3.41
40 44 8.465 2.392
40 45 7.199 3.737
40 46 8.154 9.557
40 47 7.799 1.838
40 48 7.555 3.583
40 49 8.455 3.96
41 42 7.595 11.016
41 43 7.326 3.595
41 44 7.66 1.679
41 45 8.406 2.338
41 46 7.39 9.993
41 47 8.13 1.75
41 48 7.968 2.383
41 49 8.33 2.59
42 43 7.778 8.642
42 44 7.144 2.124
42 45 7.347 3.609
42 46 8.385 4.499
42 47 8.306 11.247
42 48 7.783 2.476
42 49 8.291 2.225
43 44 7.444 3.338
43 45 8.32 9.878
43 46 8.359 1.708
43 47 7.426 3.279
43 48 7.66 2.583
43 49 8.131 11.905
44 45 8.474 2.331
44 46 7.499 1.662
44 47 7.801 4.327
44 48 8.227 10.271
44 49 8.079 3.304
45 46 7.711 1.685
45 47 7.935 4.082
45 48 8.36 11.479
45 49 7.503 4.182
46 47 8.412 2.727
46 48 7.203 1.706
46 49 7.56 8.089
47 48 8.342 2.627
47 49 7.112 2.655
48 49 7.977 1.765