50
98
0 1 18.268 3.407
0 2 57.665 4.862
0 3 71.524 4.696
0 4 43.223 1.203
0 5 26.606 3.271
0 6 41.341 3.343
0 7 67.899 4.462
0 8 85.715 2.667
0 9 19.786 1.872
0 10 10.779 2.851
0 11 67.435 1.966
0 12 46.488 0.714
0 13 23.208 4.523
0 14 5.563 3.084
0 15 58.751 4.815
0 16 78.936 3.139
0 17 44.867 1.916
0 18 73.21 0.307
0 19 55.684 3.104
0 20 81.236 1.772
0 21 3.286 4.86
0 22 15.464 0.614
0 23 8.556 1.554
0 24 54.197 4.033
0 25 68.95 0.882
0 26 29.142 0.618
0 27 12.618 1.482
0 28 54.286 4.044
0 29 18.592 2.566
0 30 6.845 1.883
0 31 9.207 4.026
0 32 5.781 3.862
0 33 70.383 2.331
0 34 46.819 2.565
0 35 7.33 3.439
0 36 57.218 3.897
0 37 70.473 1.215
0 38 38.59 0.462
0 39 75.615 3.231
0 40 10.571 3.776
0 41 57.171 4.199
0 42 8.652 3.461
0 43 42.581 1.984
0 44 88.864 2.918
0 45 9.041 1.277
0 46 71.723 4.959
0 47 3.974 3.472
0 48 43.392 3.467
0 49 81.84 1.771
1 2 14.981 0.832
1 3 61.288 2.878
1 4 86.342 3.374
1 5 7.327 4.775
1 6 4.919 3.737
1 7 88.348 2.889
1 8 77.664 2.109
1 9 10.852 3.685
1 10 37.722 2.318
1 11 9.107 1.12
1 12 81.226 2.204
1 13 39.851 4.697
1 14 28.903 1.861
1 15 71.183 1.321
1 16 79.974 2.806
1 17 82.999 1.096
1 18 54.489 0.981
1 19 50.891 4.966
1 20 30.979 0.445
1 21 20.068 3.924
1 22 56.972 0.921
1 23 2.328 2.001
1 24 49.871 0.2
1 25 32.075 4.354
1 26 13.359 0.159
1 27 27.742 1.048
1 28 4.686 4.109
1 29 27.505 2.907
1 30 10.639 1.917
1 31 63.967 4.246
1 32 22.747 0.39
1 33 78.448 4.711
1 34 47.068 0.45
1 35 3.855 2.088
1 36 58.561 4.522
1 37 10.857 0.006
1 38 33.307 2.689
1 39 72.199 2.425
1 40 62.131 2.374
1 41 26.817 3.077
1 42 48.192 4.727
1 43 52.96 0.675
1 44 36.769 3.035
1 45 14.553 0.632
1 46 55.206 1.74
1 47 14.176 2.197
1 48 8.979 3.833
1 49 12.971 4.03
2 3 14.086 4.363
2 4 82.638 3.191
2 5 39.348 2.626
2 6 20.366 0.344
2 7 50.622 4.511
2 8 34.715 4.696
2 9 74.515 0.54
2 10 62.381 4.698
2 11 23.563 2.876
2 12 22.287 0.992
2 13 10.732 0.49
2 14 16.508 0.946
2 15 81.791 4.263
2 16 37.9 0.993
2 17 58.167 2.435
2 18 6.633 4.152
2 19 23.017 3.699
2 20 51.922 4.461
2 21 26.695 1.852
2 22 38.681 4.556
2 23 76.953 2.544
2 24 27.73 0.327
2 25 49.968 0.438
2 26 12.9 1.397
2 27 66.07 3.163
2 28 23.742 1.067
2 29 36.889 3.416
2 30 12.966 4.305
2 31 24.932 3.799
2 32 63.021 1.879
2 33 32.454 0.998
2 34 9.11 1.319
2 35 32.427 4.268
2 36 29.056 1.2
2 37 37.848 1.598
2 38 89.303 0.049
2 39 34.764 2.697
2 40 48.207 4.425
2 41 65.846 0.326
2 42 61.021 2.873
2 43 75.849 3.874
2 44 24.399 2.179
2 45 50.386 3.551
2 46 83.878 3.001
2 47 76.918 1.464
2 48 26.83 2.363
2 49 40.624 0.038
3 4 13.547 3.341
3 5 72.631 1.753
3 6 79.031 1.536
3 7 43.287 4.506
3 8 8.383 0.784
3 9 25.985 4.195
3 10 73.094 0.564
3 11 53.211 1.429
3 12 48.662 4.613
3 13 77.774 4.652
3 14 34.313 3.967
3 15 9.64 4.982
3 16 49.683 2.768
3 17 71.118 2.905
3 18 40.138 2.99
3 19 51.451 2.35
3 20 7.026 3.667
3 21 6.765 1.605
3 22 54.832 0.55
3 23 25.457 1.045
3 24 53.479 2.653
3 25 88.551 2.606
3 26 59.06 4.883
3 27 29.204 1.186
3 28 39.765 0.827
3 29 47.412 3.712
3 30 55.607 3.85
3 31 47.918 3.808
3 32 45.453 4.782
3 33 89.025 0.255
3 34 17.001 2.259
3 35 52.595 2.325
3 36 19.899 4.804
3 37 57.046 3.555
3 38 47.75 2.054
3 39 72.827 3.912
3 40 41.289 4.471
3 41 48.3 1.434
3 42 7.592 2.589
3 43 81.189 3.455
3 44 72.808 0.673
3 45 4.382 0.05
3 46 73.274 2.093
3 47 25.615 4.937
3 48 52.616 1.405
3 49 1.23 0.167
4 5 82.08 3.392
4 6 27.884 1.53
4 7 49.222 2.857
4 8 60.676 1.73
4 9 17.142 0.512
4 10 1.273 1.583
4 11 47.856 1.554
4 12 33.784 2.972
4 13 38.566 0.57
4 14 46.206 1.59
4 15 41.617 3.982
4 16 31.377 4.343
4 17 22.064 2.896
4 18 59.189 3.351
4 19 50.457 3.201
4 20 19.252 3.573
4 21 6.519 3.662
4 22 4.582 3.401
4 23 32.729 1.598
4 24 7.112 4.67
4 25 20.622 1.676
4 26 73.33 3.369
4 27 64.514 0.178
4 28 65.905 0.848
4 29 77.171 0.273
4 30 77.572 0.514
4 31 3.337 4.259
4 32 40.355 3.328
4 33 40.528 2.735
4 34 29.988 1.396
4 35 17.487 0.775
4 36 52.309 1.032
4 37 86.086 2.953
4 38 56.563 4.347
4 39 39.865 4.15
4 40 62.504 1.627
4 41 88.314 2.848
4 42 8.04 3.871
4 43 25.295 1.108
4 44 74.335 0.06
4 45 63.974 0.846
4 46 38.595 3.432
4 47 35.791 1.479
4 48 14.123 0.364
4 49 26.164 1.912
5 6 7.768 1.937
5 7 71.621 1.816
5 8 48.197 0.534
5 9 4.518 3.601
5 10 62.18 2.088
5 11 7.864 4.652
5 12 51.959 4.568
5 13 75.879 4.54
5 14 60.661 2.996
5 15 42.504 3.708
5 16 46.553 2.41
5 17 42.414 1.252
5 18 79.052 0.843
5 19 66.51 2.407
5 20 3.694 3.661
5 21 36.689 0.726
5 22 84.367 4.738
5 23 72.236 1.097
5 24 5.934 0.427
5 25 14.745 3.225
5 26 70.241 0.956
5 27 43.357 4.443
5 28 38.611 1.543
5 29 23.95 4.304
5 30 26.012 0.633
5 31 60.682 4.28
5 32 20.384 3.361
5 33 85.137 4.531
5 34 32.777 0.232
5 35 34.318 2.433
5 36 29.041 4.927
5 37 83.554 0.478
5 38 15.133 3.09
5 39 11.925 4.807
5 40 17.698 1.177
5 41 78.396 1.827
5 42 11.348 1.973
5 43 43.793 0.561
5 44 1.846 3.327
5 45 88.205 3.098
5 46 81.902 0.091
5 47 16.719 1.996
5 48 34.868 4.357
5 49 63.244 1.831
6 7 55.928 0.401
6 8 52.721 4.943
6 9 65.893 2.269
6 10 50.212 4.559
6 11 40.767 4.123
6 12 44.432 2.74
6 13 12.758 1.611
6 14 58.319 0.058
6 15 40.846 0.973
6 16 46.486 3.955
6 17 73.439 2.487
6 18 3.537 4.966
6 19 81.57 3.736
6 20 58.204 1.928
6 21 3.253 4.706
6 22 37.626 4.172
6 23 22.668 1.262
6 24 74.748 4.502
6 25 13.328 3.786
6 26 51.902 2.572
6 27 70.287 0.697
6 28 83.229 1.635
6 29 65.771 3.206
6 30 73.396 4.875
6 31 1.635 1.371
6 32 26.219 1.113
6 33 86.639 3.364
6 34 42.82 0.598
6 35 36.9 3.37
6 36 74.069 1.398
6 37 17.985 2.601
6 38 83.081 4.797
6 39 9.4 3.225
6 40 25.757 4.879
6 41 85.945 2.496
6 42 72.756 4.827
6 43 18.037 1.614
6 44 66.842 2.924
6 45 65.498 0.954
6 46 66.888 3.176
6 47 14.347 0.435
6 48 25.205 2.916
6 49 37.572 2.967
7 8 30.458 2.372
7 9 39.897 3.573
7 10 70.29 0.113
7 11 67.718 4.444
7 12 11.79 1.244
7 13 54.409 2.776
7 14 87.671 1.212
7 15 88.214 1.017
7 16 76.204 0.859
7 17 46.565 3.331
7 18 88.288 0.402
7 19 7.946 1.744
7 20 24.28 0.637
7 21 31.023 0.543
7 22 30.573 0.532
7 23 36.94 4.66
7 24 22.469 4.96
7 25 47.431 1.372
7 26 88.727 4.901
7 27 84.176 3.401
7 28 67.179 2.267
7 29 53.962 2.296
7 30 36.802 0.129
7 31 7.649 1.756
7 32 12.804 4.357
7 33 59.147 1.29
7 34 64.265 2.738
7 35 87.017 1.006
7 36 50.787 2.733
7 37 54.84 3.001
7 38 48.836 4.909
7 39 16.595 3.298
7 40 80.273 0.325
7 41 22.354 4.479
7 42 55.327 0.093
7 43 69.16 2.859
7 44 57.789 0.427
7 45 59.376 3.105
7 46 50.214 0.421
7 47 22.057 3.888
7 48 27.796 4.697
7 49 65.202 3.346
8 9 49.389 1.064
8 10 40.159 0.618
8 11 52.733 4.454
8 12 23.691 0.837
8 13 61.078 2.609
8 14 83.398 0.832
8 15 70.375 3.635
8 16 3.864 0.424
8 17 89.071 3.311
8 18 72.486 1.604
8 19 1.551 1.119
8 20 62.817 4.084
8 21 62.946 4.937
8 22 21.164 4.248
8 23 18.344 3.41
8 24 12.472 1.933
8 25 12.959 2.9
8 26 32.011 0.426
8 27 20.929 4.439
8 28 28.047 0.52
8 29 65.293 4.591
8 30 67.394 1.335
8 31 61.636 0.438
8 32 52.285 4.412
8 33 51.16 3.526
8 34 3.214 4.952
8 35 1.428 4.071
8 36 32.538 4.933
8 37 71.342 0.61
8 38 81.982 1.105
8 39 8.725 4.464
8 40 6.996 3.731
8 41 81.382 4.308
8 42 53.792 3.958
8 43 30.737 3.661
8 44 40.289 2.725
8 45 79.174 0.784
8 46 16.801 2.323
8 47 48.161 3.095
8 48 89.789 0.558
8 49 82.041 1.405
9 10 23.675 0.181
9 11 48.067 1.782
9 12 67.674 0.891
9 13 73.24 1.577
9 14 22.781 3.869
9 15 39.221 1.28
9 16 80.339 3.955
9 17 66.724 4.448
9 18 39.354 3.243
9 19 15.627 0.055
9 20 10.726 4.752
9 21 18.145 2.73
9 22 26.365 4.299
9 23 60.51 1.67
9 24 80.285 4.64
9 25 58.401 4.438
9 26 70.032 4.758
9 27 45.411 2.399
9 28 34.928 4.122
9 29 36.149 3.39
9 30 72.846 3.651
9 31 81.813 2.352
9 32 12.942 3.295
9 33 21.327 0.76
9 34 40.895 0.239
9 35 47.919 2.757
9 36 2.81 2.478
9 37 63.056 0.289
9 38 10.752 0.582
9 39 81.01 2.732
9 40 36.232 3.552
9 41 15.919 3.782
9 42 64.7 0.611
9 43 88.192 1.925
9 44 23.756 1.228
9 45 73.198 2.228
9 46 43.559 1.441
9 47 72.993 3.803
9 48 77.704 1.5
9 49 16.377 2.591
10 11 57.958 4.722
10 12 63.461 0.386
10 13 23.986 4.156
10 14 66.418 0.53
10 15 36.366 2.425
10 16 41.928 2.429
10 17 22.785 2.387
10 18 71.339 2.126
10 19 23.062 2.697
10 20 4.11 3.67
10 21 67.489 3.881
10 22 56.855 1.533
10 23 7.698 2.645
10 24 44.686 3.745
10 25 28.009 2.359
10 26 75.43 4.19
10 27 54.16 4.076
10 28 49.308 2.46
10 29 80.992 2.635
10 30 31.497 1.016
10 31 62.336 0.74
10 32 4.933 4.478
10 33 34.455 4.178
10 34 16.636 2.257
10 35 51.248 2.695
10 36 83.2 4.047
10 37 12.156 4.795
10 38 37.711 0.094
10 39 69.013 3.677
10 40 87.524 1.354
10 41 19.064 2.433
10 42 39.241 0.641
10 43 50.433 4.914
10 44 41.259 4.582
10 45 22.165 1.241
10 46 88.016 2.948
10 47 66.667 0.754
10 48 37.01 0.766
10 49 70.747 3.18
11 12 45.415 1.771
11 13 17.188 4.373
11 14 68.502 1.607
11 15 14.476 4.311
11 16 85.752 0.654
11 17 81.234 1.777
11 18 72.435 1.472
11 19 61.959 1.805
11 20 4.874 1.519
11 21 5.349 0.231
11 22 72.742 0.669
11 23 25.174 1.811
11 24 8.643 4.041
11 25 61.083 3.87
11 26 67.272 1.669
11 27 5.044 1.126
11 28 26.277 3.534
11 29 79.807 3.872
11 30 18.279 0.661
11 31 45.626 3.924
11 32 19.322 0.463
11 33 40.807 3.212
11 34 15.157 2.124
11 35 69.972 0.776
11 36 76.905 1.785
11 37 42.458 2.177
11 38 49.708 4.219
11 39 87.215 2.354
11 40 33.795 0.178
11 41 4.878 1.71
11 42 85.427 4.843
11 43 6.668 0.372
11 44 76.677 1.268
11 45 85.484 0.067
11 46 68.258 4.177
11 47 45.636 0.814
11 48 11.402 1.575
11 49 15.729 4.636
12 13 19.022 1.63
12 14 73.038 3.555
12 15 61.882 4.659
12 16 27.367 0.611
12 17 55.495 3.008
12 18 6.111 2.033
12 19 89.703 2.059
12 20 30.836 4.432
12 21 71.245 1.89
12 22 33.625 3.26
12 23 89.169 0.75
12 24 53.949 0.337
12 25 63.861 1.768
12 26 23.326 3.426
12 27 49.707 2.024
12 28 9.635 0.65
12 29 77.787 2.192
12 30 8.149 2.126
12 31 16.242 4.537
12 32 9.416 1.028
12 33 89.524 3.124
12 34 54.307 0.418
12 35 78.991 2.453
12 36 56.407 4.511
12 37 48.497 4.162
12 38 49.653 2.108
12 39 23.851 4.0
12 40 81.241 2.447
12 41 42.688 0.098
12 42 27.941 1.954
12 43 71.209 1.407
12 44 87.867 4.198
12 45 27.777 2.164
12 46 59.853 4.536
12 47 43.19 2.509
12 48 22.153 0.024
12 49 75.894 4.388
13 14 75.944 2.196
13 15 66.274 0.092
13 16 20.833 4.158
13 17 46.475 1.287
13 18 49.783 0.051
13 19 30.98 0.255
13 20 75.709 1.42
13 21 7.943 2.332
13 22 72.465 0.092
13 23 67.599 0.528
13 24 67.186 1.949
13 25 60.661 4.272
13 26 22.874 0.168
13 27 82.328 1.838
13 28 31.528 0.549
13 29 72.879 1.689
13 30 5.058 0.673
13 31 2.082 3.026
13 32 38.898 2.668
13 33 14.933 3.843
13 34 82.427 2.301
13 35 16.1 4.773
13 36 10.138 2.087
13 37 3.128 1.903
13 38 76.853 1.214
13 39 23.877 2.481
13 40 54.706 1.342
13 41 62.807 1.58
13 42 55.149 0.116
13 43 12.634 2.187
13 44 42.381 1.858
13 45 46.256 1.375
13 46 29.945 3.407
13 47 3.078 2.826
13 48 76.641 1.903
13 49 1.517 0.614
14 15 8.063 1.137
14 16 45.915 4.952
14 17 55.589 2.375
14 18 8.637 4.684
14 19 22.419 3.329
14 20 53.876 3.93
14 21 41.529 2.727
14 22 41.641 4.15
14 23 59.217 0.928
14 24 68.513 3.701
14 25 74.098 2.182
14 26 78.759 0.41
14 27 63.811 2.615
14 28 67.69 4.499
14 29 35.173 2.173
14 30 82.578 0.384
14 31 5.198 1.508
14 32 33.241 1.666
14 33 25.176 1.038
14 34 50.687 0.958
14 35 66.413 0.875
14 36 12.026 1.893
14 37 48.498 4.519
14 38 56.21 4.058
14 39 5.372 1.336
14 40 61.27 2.166
14 41 26.3 4.341
14 42 70.404 0.289
14 43 78.445 4.756
14 44 71.076 1.365
14 45 63.89 1.855
14 46 74.612 4.363
14 47 52.984 3.8
14 48 30.879 4.101
14 49 23.219 1.568
15 16 5.176 1.291
15 17 49.622 0.761
15 18 62.159 3.795
15 19 51.855 2.347
15 20 46.72 2.076
15 21 81.294 1.894
15 22 64.166 2.994
15 23 81.494 1.297
15 24 62.688 2.112
15 25 32.859 3.02
15 26 58.472 4.583
15 27 74.032 3.096
15 28 70.056 1.529
15 29 63.908 0.507
15 30 39.849 4.301
15 31 63.207 4.879
15 32 36.716 0.606
15 33 64.492 4.351
15 34 56.705 3.718
15 35 45.903 1.158
15 36 45.08 4.432
15 37 35.259 1.03
15 38 51.255 2.503
15 39 15.306 3.517
15 40 27.977 4.607
15 41 84.579 4.09
15 42 63.317 0.357
15 43 68.408 0.714
15 44 18.517 3.833
15 45 79.6 0.894
15 46 65.627 0.942
15 47 88.19 4.969
15 48 35.356 4.628
15 49 70.479 3.812
16 17 41.265 4.081
16 18 16.729 0.989
16 19 48.78 1.78
16 20 75.114 2.839
16 21 57.67 0.72
16 22 86.296 3.901
16 23 10.406 1.121
16 24 43.086 4.543
16 25 42.296 2.165
16 26 40.008 0.746
16 27 31.388 0.091
16 28 55.205 0.879
16 29 39.166 3.232
16 30 70.122 0.537
16 31 41.894 1.255
16 32 24.734 4.982
16 33 36.914 2.738
16 34 82.478 2.377
16 35 37.976 2.961
16 36 53.118 4.767
16 37 30.23 2.969
16 38 64.149 2.538
16 39 64.069 3.159
16 40 44.74 1.157
16 41 14.571 0.376
16 42 48.61 4.434
16 43 64.63 2.439
16 44 83.877 3.497
16 45 3.691 4.783
16 46 75.761 2.087
16 47 23.545 3.488
16 48 23.187 4.687
16 49 3.719 3.821
17 18 23.169 2.074
17 19 34.178 3.735
17 20 63.024 3.231
17 21 45.058 2.897
17 22 65.638 1.764
17 23 86.97 1.563
17 24 54.799 2.903
17 25 76.218 3.847
17 26 8.734 4.852
17 27 15.219 0.967
17 28 70.456 2.182
17 29 64.681 0.966
17 30 35.178 1.205
17 31 77.166 2.69
17 32 71.815 3.187
17 33 17.849 4.14
17 34 41.281 1.954
17 35 38.878 4.398
17 36 47.471 3.655
17 37 11.277 4.029
17 38 79.351 3.854
17 39 21.116 3.96
17 40 79.831 1.202
17 41 23.484 3.278
17 42 42.687 2.058
17 43 32.076 2.061
17 44 3.376 4.545
17 45 88.717 2.176
17 46 73.389 4.31
17 47 31.029 1.115
17 48 28.223 1.358
17 49 13.753 2.181
18 19 17.659 0.838
18 20 52.807 2.156
18 21 75.21 4.301
18 22 40.03 1.905
18 23 19.771 4.125
18 24 78.866 3.856
18 25 13.326 0.74
18 26 2.493 4.554
18 27 12.907 1.519
18 28 26.524 3.816
18 29 85.303 0.45
18 30 23.546 0.458
18 31 10.765 1.524
18 32 64.518 2.246
18 33 60.537 4.078
18 34 55.242 0.066
18 35 53.58 4.796
18 36 66.932 1.999
18 37 30.856 0.816
18 38 85.071 2.889
18 39 52.443 3.09
18 40 9.264 1.54
18 41 70.387 4.838
18 42 14.915 3.849
18 43 7.775 2.408
18 44 13.842 3.232
18 45 36.57 3.524
18 46 55.772 4.562
18 47 47.962 1.271
18 48 28.68 1.103
18 49 57.982 2.77
19 20 60.371 3.939
19 21 6.237 1.755
19 22 20.415 4.229
19 23 65.562 0.683
19 24 11.227 1.734
19 25 61.772 1.932
19 26 15.268 4.163
19 27 55.381 1.044
19 28 74.489 2.85
19 29 3.013 2.453
19 30 62.953 1.84
19 31 44.987 3.967
19 32 25.714 2.563
19 33 48.019 4.876
19 34 34.468 2.335
19 35 21.346 2.287
19 36 39.13 0.76
19 37 86.169 1.308
19 38 89.38 0.238
19 39 5.791 1.413
19 40 88.261 1.487
19 41 65.149 4.381
19 42 30.158 4.335
19 43 58.538 1.867
19 44 1.285 2.832
19 45 31.646 4.043
19 46 88.591 4.335
19 47 10.853 0.607
19 48 17.343 1.312
19 49 86.986 1.319
20 21 38.27 3.425
20 22 73.762 3.055
20 23 64.374 0.363
20 24 50.412 2.452
20 25 69.952 4.805
20 26 89.176 0.976
20 27 86.303 4.231
20 28 18.38 2.632
20 29 37.737 0.621
20 30 47.013 3.953
20 31 17.15 4.993
20 32 10.208 1.018
20 33 30.776 1.701
20 34 25.651 1.57
20 35 49.101 0.828
20 36 33.297 3.555
20 37 47.311 0.568
20 38 56.716 3.876
20 39 70.856 0.998
20 40 41.551 2.687
20 41 9.303 2.105
20 42 16.367 1.412
20 43 3.736 4.637
20 44 16.638 2.703
20 45 43.92 0.474
20 46 29.573 2.826
20 47 70.118 0.232
20 48 20.336 0.563
20 49 43.973 4.659
21 22 47.084 3.584
21 23 20.403 2.616
21 24 85.087 3.868
21 25 75.308 2.837
21 26 77.874 1.176
21 27 46.465 1.096
21 28 63.634 0.805
21 29 36.857 2.316
21 30 55.874 0.398
21 31 54.958 3.736
21 32 20.733 1.122
21 33 38.601 3.734
21 34 69.984 3.606
21 35 10.135 1.874
21 36 30.398 0.129
21 37 73.063 1.63
21 38 80.887 3.499
21 39 74.11 4.745
21 40 79.459 4.427
21 41 20.65 1.361
21 42 57.582 2.13
21 43 56.112 2.964
21 44 54.9 1.556
21 45 26.201 3.707
21 46 88.855 4.561
21 47 52.807 2.861
21 48 37.416 2.329
21 49 52.603 4.123
22 23 59.961 1.59
22 24 40.092 2.754
22 25 19.616 1.164
22 26 47.763 3.687
22 27 34.959 3.453
22 28 26.447 3.345
22 29 70.931 2.405
22 30 89.281 2.637
22 31 31.829 4.11
22 32 75.708 3.043
22 33 65.641 2.146
22 34 28.869 1.628
22 35 69.033 4.635
22 36 23.902 3.294
22 37 13.099 3.269
22 38 36.942 2.364
22 39 85.728 1.604
22 40 30.352 2.571
22 41 13.031 1.489
22 42 60.414 4.594
22 43 47.81 2.712
22 44 47.663 2.186
22 45 33.294 2.859
22 46 25.141 2.705
22 47 13.787 0.952
22 48 53.383 4.775
22 49 58.725 0.412
23 24 86.724 1.05
23 25 15.113 0.002
23 26 73.655 0.212
23 27 20.568 3.505
23 28 53.715 2.562
23 29 86.671 4.083
23 30 36.177 3.645
23 31 15.681 3.416
23 32 72.35 4.576
23 33 52.207 3.589
23 34 13.619 2.553
23 35 18.095 2.526
23 36 83.627 3.906
23 37 7.966 2.744
23 38 28.074 3.009
23 39 73.245 2.08
23 40 58.763 0.946
23 41 48.921 4.585
23 42 53.341 0.203
23 43 82.837 2.041
23 44 63.036 0.535
23 45 24.271 0.95
23 46 14.643 1.539
23 47 40.116 2.544
23 48 9.881 2.621
23 49 83.842 4.961
24 25 43.812 1.34
24 26 42.014 3.236
24 27 21.438 2.836
24 28 13.279 2.448
24 29 70.113 2.933
24 30 18.659 0.628
24 31 51.227 3.116
24 32 8.795 3.038
24 33 49.519 0.161
24 34 77.953 2.102
24 35 14.7 4.151
24 36 13.048 3.636
24 37 15.361 3.72
24 38 29.984 3.244
24 39 74.555 2.189
24 40 32.638 2.699
24 41 65.385 3.118
24 42 80.118 4.44
24 43 88.715 1.129
24 44 4.098 2.78
24 45 37.65 0.773
24 46 41.938 1.965
24 47 20.409 3.678
24 48 38.019 4.911
24 49 27.044 4.377
25 26 36.945 2.171
25 27 20.352 4.056
25 28 54.446 1.828
25 29 40.637 0.38
25 30 39.715 1.481
25 31 44.423 0.436
25 32 79.994 3.554
25 33 12.081 0.372
25 34 88.187 0.538
25 35 10.308 1.569
25 36 21.01 2.974
25 37 14.235 4.663
25 38 28.448 1.644
25 39 6.328 2.097
25 40 54.625 4.731
25 41 48.176 1.411
25 42 50.106 1.678
25 43 21.481 4.642
25 44 37.794 0.248
25 45 4.525 3.624
25 46 1.999 4.185
25 47 86.996 4.886
25 48 77.645 1.39
25 49 71.468 0.26
26 27 75.715 0.946
26 28 40.255 3.998
26 29 48.952 4.641
26 30 74.664 1.014
26 31 88.002 3.968
26 32 82.149 1.621
26 33 34.783 2.592
26 34 17.664 2.539
26 35 44.79 2.366
26 36 66.02 2.674
26 37 11.738 2.423
26 38 13.733 3.451
26 39 58.048 3.502
26 40 56.929 1.219
26 41 4.919 0.485
26 42 86.771 4.942
26 43 25.592 2.825
26 44 8.007 4.594
26 45 27.837 4.584
26 46 48.666 3.079
26 47 5.351 0.417
26 48 44.738 0.307
26 49 77.595 0.596
27 28 39.793 3.177
27 29 71.517 3.558
27 30 35.159 0.999
27 31 29.425 4.136
27 32 35.278 0.62
27 33 46.401 3.949
27 34 18.215 0.878
27 35 88.064 3.596
27 36 77.672 4.666
27 37 21.458 4.251
27 38 36.148 0.973
27 39 73.359 0.251
27 40 89.597 4.082
27 41 2.977 3.47
27 42 23.766 3.785
27 43 82.251 4.9
27 44 44.167 4.231
27 45 14.999 0.253
27 46 11.554 4.506
27 47 46.17 3.281
27 48 75.638 4.937
27 49 64.531 4.758
28 29 52.238 2.556
28 30 13.444 4.835
28 31 72.245 3.302
28 32 20.263 2.536
28 33 62.588 4.242
28 34 32.322 0.475
28 35 77.314 1.737
28 36 88.009 4.614
28 37 32.993 0.753
28 38 65.318 0.571
28 39 77.885 3.356
28 40 21.973 1.3
28 41 17.668 1.971
28 42 24.104 1.219
28 43 33.96 1.689
28 44 10.111 4.06
28 45 45.211 0.105
28 46 11.485 3.601
28 47 5.529 0.617
28 48 8.42 4.236
28 49 34.128 2.324
29 30 19.462 1.094
29 31 73.238 2.228
29 32 49.471 1.081
29 33 38.73 2.099
29 34 26.777 0.927
29 35 77.002 2.251
29 36 53.958 3.786
29 37 87.885 3.678
29 38 82.65 2.582
29 39 76.019 1.677
29 40 64.68 2.395
29 41 43.171 1.589
29 42 58.194 4.706
29 43 87.5 1.614
29 44 76.125 2.773
29 45 3.443 3.48
29 46 70.595 1.001
29 47 65.503 4.461
29 48 12.499 3.338
29 49 44.53 0.377
30 31 55.681 3.792
30 32 73.645 2.763
30 33 83.385 1.965
30 34 45.125 2.632
30 35 23.883 4.082
30 36 39.701 4.676
30 37 78.838 1.382
30 38 82.427 3.022
30 39 18.919 2.15
30 40 63.237 0.355
30 41 84.187 1.378
30 42 1.716 3.802
30 43 46.18 4.278
30 44 48.323 4.628
30 45 20.291 4.128
30 46 81.465 4.247
30 47 72.738 4.136
30 48 11.119 1.869
30 49 27.316 4.049
31 32 67.694 0.712
31 33 60.262 4.086
31 34 10.301 0.745
31 35 46.106 4.848
31 36 4.26 3.886
31 37 49.666 0.967
31 38 2.729 3.546
31 39 15.553 0.435
31 40 37.517 0.748
31 41 39.952 3.202
31 42 69.453 2.156
31 43 83.624 1.935
31 44 28.474 3.831
31 45 52.676 2.071
31 46 7.424 4.402
31 47 25.838 2.49
31 48 29.693 1.817
31 49 60.152 4.99
32 33 8.467 1.364
32 34 25.326 4.069
32 35 65.091 1.113
32 36 43.723 3.308
32 37 57.649 2.417
32 38 15.573 3.611
32 39 42.14 2.156
32 40 18.328 1.905
32 41 1.218 4.483
32 42 3.968 0.439
32 43 7.552 4.27
32 44 41.063 4.957
32 45 70.456 1.326
32 46 15.153 0.931
32 47 85.726 1.248
32 48 54.805 2.059
32 49 38.472 2.577
33 34 59.257 4.8
33 35 6.508 1.018
33 36 57.413 0.785
33 37 42.494 2.36
33 38 28.001 4.071
33 39 60.154 0.669
33 40 14.799 3.045
33 41 29.295 4.378
33 42 60.781 4.714
33 43 23.629 4.291
33 44 42.478 1.016
33 45 20.08 1.239
33 46 36.697 2.038
33 47 26.182 0.004
33 48 54.134 2.865
33 49 6.852 3.528
34 35 26.361 3.235
34 36 16.676 2.935
34 37 10.169 4.348
34 38 78.554 4.413
34 39 88.852 4.563
34 40 17.215 4.338
34 41 27.909 0.779
34 42 6.282 4.168
34 43 1.651 4.692
34 44 58.805 0.961
34 45 23.37 1.197
34 46 51.654 3.242
34 47 37.436 0.218
34 48 35.654 1.56
34 49 37.003 2.363
35 36 86.433 2.448
35 37 5.915 3.242
35 38 38.759 3.268
35 39 84.317 2.715
35 40 49.27 0.593
35 41 74.014 0.829
35 42 20.807 3.854
35 43 37.527 3.297
35 44 62.228 4.626
35 45 24.722 0.099
35 46 11.554 2.949
35 47 22.286 3.417
35 48 8.566 2.433
35 49 33.711 2.121
36 37 52.363 2.918
36 38 40.026 1.37
36 39 62.795 3.318
36 40 62.407 0.461
36 41 41.163 2.881
36 42 14.4 4.888
36 43 28.665 0.924
36 44 48.573 0.945
36 45 2.287 2.302
36 46 32.109 3.336
36 47 65.992 1.764
36 48 2.545 1.449
36 49 35.738 2.365
37 38 40.781 0.541
37 39 83.974 4.07
37 40 48.062 2.072
37 41 5.334 2.844
37 42 30.165 4.77
37 43 89.636 3.896
37 44 1.865 0.236
37 45 57.806 2.578
37 46 19.972 4.707
37 47 7.535 3.869
37 48 27.033 4.928
37 49 24.263 1.183
38 39 21.685 2.364
38 40 15.156 2.903
38 41 33.181 4.616
38 42 19.277 3.794
38 43 87.683 0.867
38 44 62.671 3.303
38 45 59.349 3.536
38 46 35.555 2.982
38 47 74.794 0.074
38 48 37.307 1.822
38 49 45.404 1.957
39 40 88.853 4.356
39 41 60.801 0.361
39 42 42.511 1.305
39 43 74.034 4.789
39 44 49.426 1.859
39 45 21.843 0.327
39 46 3.491 1.654
39 47 71.24 3.965
39 48 25.815 0.479
39 49 55.501 1.854
40 41 3.552 0.06
40 42 32.433 1.827
40 43 77.002 0.915
40 44 23.311 2.198
40 45 80.142 3.782
40 46 3.701 0.037
40 47 64.542 2.358
40 48 36.963 1.167
40 49 28.237 4.815
41 42 61.496 4.912
41 43 86.673 2.116
41 44 20.099 3.059
41 45 9.844 0.548
41 46 34.03 4.718
41 47 76.807 1.035
41 48 35.861 1.154
41 49 22.799 0.605
42 43 81.704 4.198
42 44 42.245 0.315
42 45 42.7 4.066
42 46 18.426 0.39
42 47 83.076 1.954
42 48 51.804 0.494
42 49 71.932 3.853
43 44 21.086 1.246
43 45 64.756 1.28
43 46 81.005 3.714
43 47 86.935 2.707
43 48 28.645 2.716
43 49 41.7 3.582
44 45 65.054 0.695
44 46 5.725 4.26
44 47 37.836 3.39
44 48 46.021 0.124
44 49 1.121 2.4
45 46 11.708 3.328
45 47 34.34 0.55
45 48 37.796 0.417
45 49 49.308 2.688
46 47 7.064 3.858
46 48 36.779 1.562
46 49 35.439 2.338
47 48 10.916 2.961
47 49 74.856 1.388
48 49 50.988 0.196
