50
61.152
0 1 1.587 78.957
0 2 6.809 54.919
0 3 37.813 50.877
0 4 11.65 91.776
0 5 64.231 79.062
0 6 30.923 0.27
0 7 71.524 0.215
0 8 65.298 0.233
0 9 8.582 84.288
0 10 10.411 43.975
0 11 12.966 0.062
0 12 32.279 68.76
0 13 34.941 70.421
0 14 20.134 74.6
0 15 9.506 65.452
0 16 56.495 73.95
0 17 70.111 77.421
0 18 51.965 90.295
0 19 83.208 0.269
0 20 13.159 86.031
0 21 74.311 61.985
0 22 20.466 0.12
0 23 67.083 59.156
0 24 25.516 0.278
0 25 44.219 45.192
0 26 46.601 81.471
0 27 3.142 41.917
0 28 13.974 59.502
0 29 68.009 88.054
0 30 24.887 77.876
0 31 25.443 94.644
0 32 11.889 43.089
0 33 88.281 0.153
0 34 5.979 66.94
0 35 25.697 77.649
0 36 74.962 58.973
0 37 38.432 30.559
0 38 48.147 46.72
0 39 20.789 69.967
0 40 32.564 72.099
0 41 63.577 76.495
0 42 32.724 75.896
0 43 54.813 90.537
0 44 78.607 0.024
0 45 26.609 84.029
0 46 23.043 62.008
0 47 44.842 93.979
0 48 65.717 64.036
0 49 61.074 60.579
1 2 50.535 82.515
1 3 32.134 88.951
1 4 95.366 1.205
1 5 72.126 48.896
1 6 23.062 29.819
1 7 17.968 67.212
1 8 34.66 43.479
1 9 21.475 78.879
1 10 33.92 75.801
1 11 62.989 81.457
1 12 7.588 83.226
1 13 15.779 40.54
1 14 67.735 30.716
1 15 22.778 43.162
1 16 51.594 75.092
1 17 63.794 25.567
1 18 1.331 80.814
1 19 28.402 89.257
1 20 70.641 48.382
1 21 13.931 59.575
1 22 25.545 90.15
1 23 23.914 41.776
1 24 20.534 72.675
1 25 64.246 73.9
1 26 64.082 58.671
1 27 13.384 89.662
1 28 55.612 37.575
1 29 5.7 59.376
1 30 52.08 71.919
1 31 42.865 50.956
1 32 25.631 86.477
1 33 51.591 99.905
1 34 62.631 86.581
1 35 50.448 75.515
1 36 34.822 27.128
1 37 6.825 32.203
1 38 39.31 80.522
1 39 43.308 85.297
1 40 13.299 78.997
1 41 80.23 1.073
1 42 65.728 85.149
1 43 39.38 53.488
1 44 36.425 76.091
1 45 44.736 98.121
1 46 92.807 0.59
1 47 10.426 76.455
1 48 19.927 74.001
1 49 89.205 0.421
2 3 42.74 56.687
2 4 32.282 62.12
2 5 50.168 95.964
2 6 72.345 77.732
2 7 56.688 34.859
2 8 13.008 54.535
2 9 31.848 31.332
2 10 21.524 47.032
2 11 45.296 47.869
2 12 28.393 30.426
2 13 68.247 26.217
2 14 54.23 28.785
2 15 68.788 42.294
2 16 94.433 0.326
2 17 34.482 37.593
2 18 33.391 71.162
2 19 54.327 54.903
2 20 5.204 90.5
2 21 21.345 93.582
2 22 43.342 99.894
2 23 41.96 33.657
2 24 36.105 30.616
2 25 97.892 1.16
2 26 50.935 62.355
2 27 41.615 36.305
2 28 57.66 98.025
2 29 59.456 76.268
2 30 51.125 67.344
2 31 73.237 94.363
2 32 11.017 65.102
2 33 34.32 76.208
2 34 43.133 52.71
2 35 35.087 70.639
2 36 61.503 60.108
2 37 74.541 96.676
2 38 40.472 31.059
2 39 65.347 86.142
2 40 62.45 39.023
2 41 49.271 44.764
2 42 2.93 93.746
2 43 50.957 63.792
2 44 16.455 28.926
2 45 23.829 40.652
2 46 53.679 73.61
2 47 35.055 94.17
2 48 97.571 0.104
2 49 16.308 53.755
3 4 27.163 99.02
3 5 27.135 80.02
3 6 12.518 46.878
3 7 72.71 36.225
3 8 19.787 74.816
3 9 49.84 73.411
3 10 92.967 0.408
3 11 65.55 44.675
3 12 52.506 51.716
3 13 58.153 59.646
3 14 58.606 42.538
3 15 19.666 81.551
3 16 40.714 27.416
3 17 15.727 32.223
3 18 70.088 43.087
3 19 25.773 33.174
3 20 41.669 58.725
3 21 0.424 47.558
3 22 53.057 95.914
3 23 34.623 48.695
3 24 48.279 97.799
3 25 42.568 85.604
3 26 89.025 0.052
3 27 69.597 64.554
3 28 53.675 63.661
3 29 29.194 47.338
3 30 25.35 58.973
3 31 99.638 0.693
3 32 19.044 33.926
3 33 10.823 66.974
3 34 32.672 28.54
3 35 6.74 0.766
3 36 14.797 34.93
3 37 11.497 58.859
3 38 45.739 84.082
3 39 71.72 56.807
3 40 19.375 90.739
3 41 58.351 38.629
3 42 57.899 78.678
3 43 74.854 62.066
3 44 17.099 71.88
3 45 26.088 42.463
3 46 32.078 52.27
3 47 65.649 0.559
3 48 60.388 48.395
3 49 73.847 75.208
4 5 33.139 97.311
4 6 39.326 94.381
4 7 25.28 46.641
4 8 38.063 55.806
4 9 4.712 85.414
4 10 27.505 79.412
4 11 36.546 62.501
4 12 70.249 98.939
4 13 46.88 49.241
4 14 64.475 76.604
4 15 0.509 37.732
4 16 53.013 50.44
4 17 24.291 50.956
4 18 0.205 98.939
4 19 33.102 69.736
4 20 71.471 55.398
4 21 10.772 97.59
4 22 42.202 40.026
4 23 72.078 37.249
4 24 59.507 67.0
4 25 67.41 66.467
4 26 32.957 96.185
4 27 10.278 55.688
4 28 41.993 48.193
4 29 31.608 34.843
4 30 3.079 47.857
4 31 35.11 69.163
4 32 1.59 56.939
4 33 55.501 96.218
4 34 72.244 98.275
4 35 34.18 83.328
4 36 23.372 49.435
4 37 26.017 50.474
4 38 17.239 38.768
4 39 60.329 27.196
4 40 16.745 27.221
4 41 98.921 0.813
4 42 60.538 74.08
4 43 41.362 69.88
4 44 5.962 50.37
4 45 61.475 34.166
4 46 98.487 0.326
4 47 47.865 41.172
4 48 17.419 94.256
4 49 88.804 0.089
5 6 59.873 86.951
5 7 72.517 81.839
5 8 67.947 53.31
5 9 1.13 28.95
5 10 30.823 54.842
5 11 46.533 33.982
5 12 99.633 0.799
5 13 59.999 94.865
5 14 50.631 66.86
5 15 48.085 50.996
5 16 32.789 49.856
5 17 12.814 69.529
5 18 31.056 61.428
5 19 74.387 27.103
5 20 4.234 69.384
5 21 17.965 70.629
5 22 27.959 79.809
5 23 70.182 43.219
5 24 11.28 87.143
5 25 40.247 85.94
5 26 60.923 94.743
5 27 89.812 0.459
5 28 26.161 65.854
5 29 31.838 49.84
5 30 12.341 0.753
5 31 28.477 28.063
5 32 66.838 39.21
5 33 31.633 99.402
5 34 63.353 25.717
5 35 55.085 92.956
5 36 12.803 80.041
5 37 63.261 79.685
5 38 39.437 0.39
5 39 73.648 31.875
5 40 42.396 32.462
5 41 59.253 30.123
5 42 25.885 39.486
5 43 87.769 0.762
5 44 37.598 52.658
5 45 44.139 87.494
5 46 27.064 35.664
5 47 52.313 37.176
5 48 3.082 89.075
5 49 55.857 88.993
6 7 92.49 0.219
6 8 76.318 0.214
6 9 40.053 66.908
6 10 47.555 28.545
6 11 63.806 0.108
6 12 74.893 63.922
6 13 40.073 70.534
6 14 31.635 36.312
6 15 40.524 36.138
6 16 24.819 46.783
6 17 59.739 34.029
6 18 4.736 32.879
6 19 86.738 0.062
6 20 39.978 60.419
6 21 33.776 88.507
6 22 64.998 0.006
6 23 33.983 55.453
6 24 79.181 0.203
6 25 63.162 29.33
6 26 11.557 37.653
6 27 47.516 81.734
6 28 27.037 83.355
6 29 31.1 41.807
6 30 59.755 34.697
6 31 4.745 61.97
6 32 37.745 56.191
6 33 86.789 0.183
6 34 22.975 62.225
6 35 11.959 97.545
6 36 47.139 90.468
6 37 18.384 47.313
6 38 47.595 93.621
6 39 19.081 72.355
6 40 44.626 43.19
6 41 33.387 97.74
6 42 33.899 44.839
6 43 63.386 81.96
6 44 85.759 0.148
6 45 57.074 41.567
6 46 53.786 99.059
6 47 44.604 95.155
6 48 0.785 85.328
6 49 30.579 28.497
7 8 57.625 0.226
7 9 68.557 30.725
7 10 71.456 97.936
7 11 74.275 0.121
7 12 24.878 65.44
7 13 34.76 35.429
7 14 48.226 27.06
7 15 24.338 62.054
7 16 23.527 75.107
7 17 74.701 81.969
7 18 27.538 29.533
7 19 79.831 0.231
7 20 45.761 46.484
7 21 67.279 71.597
7 22 3.476 0.086
7 23 50.016 60.552
7 24 57.222 0.061
7 25 72.23 64.242
7 26 69.94 51.349
7 27 4.692 60.154
7 28 2.137 47.871
7 29 58.471 75.19
7 30 53.848 91.176
7 31 30.706 44.01
7 32 23.458 87.388
7 33 75.559 0.019
7 34 67.805 75.947
7 35 56.268 60.537
7 36 69.682 35.084
7 37 10.397 69.891
7 38 54.006 92.45
7 39 19.434 36.569
7 40 14.738 55.123
7 41 52.81 35.258
7 42 6.277 73.61
7 43 60.524 25.693
7 44 95.472 0.119
7 45 24.42 29.692
7 46 14.967 32.698
7 47 58.289 76.955
7 48 18.074 95.625
7 49 46.953 92.833
8 9 24.52 56.393
8 10 0.205 28.867
8 11 60.725 0.23
8 12 1.217 45.061
8 13 58.504 89.608
8 14 17.066 26.94
8 15 48.503 60.949
8 16 36.631 45.819
8 17 51.087 65.708
8 18 21.129 48.487
8 19 75.224 0.006
8 20 23.069 27.671
8 21 56.425 25.142
8 22 73.321 0.026
8 23 61.656 48.424
8 24 85.102 0.055
8 25 65.51 29.189
8 26 45.119 75.38
8 27 43.487 51.985
8 28 22.91 96.674
8 29 57.299 93.503
8 30 59.73 31.597
8 31 70.582 43.14
8 32 20.051 78.928
8 33 87.507 0.275
8 34 0.887 66.185
8 35 8.208 77.443
8 36 48.716 37.56
8 37 57.04 41.229
8 38 44.991 53.423
8 39 4.5 77.273
8 40 66.651 48.491
8 41 16.63 47.663
8 42 66.936 64.777
8 43 58.852 38.411
8 44 89.143 0.065
8 45 58.681 28.853
8 46 13.91 39.463
8 47 65.117 90.298
8 48 17.882 28.703
8 49 53.974 27.602
9 10 9.14 32.179
9 11 46.357 70.062
9 12 52.979 35.722
9 13 39.301 84.672
9 14 48.442 56.733
9 15 16.9 96.216
9 16 67.142 39.611
9 17 90.016 0.799
9 18 47.54 35.237
9 19 11.147 71.31
9 20 4.481 61.112
9 21 32.75 75.773
9 22 46.209 31.674
9 23 75.594 0.531
9 24 39.854 95.791
9 25 17.203 88.578
9 26 37.044 44.362
9 27 65.677 57.899
9 28 63.742 87.115
9 29 15.408 30.479
9 30 52.23 82.948
9 31 64.052 32.053
9 32 40.535 35.669
9 33 40.25 72.105
9 34 89.891 1.396
9 35 68.429 80.661
9 36 32.135 45.255
9 37 9.629 34.424
9 38 20.129 91.926
9 39 24.218 48.882
9 40 71.939 70.772
9 41 41.309 45.761
9 42 41.022 35.369
9 43 71.578 51.931
9 44 36.78 54.315
9 45 70.258 42.559
9 46 45.611 96.533
9 47 16.065 99.726
9 48 44.992 74.828
9 49 18.807 53.019
10 11 38.163 61.835
10 12 50.414 30.438
10 13 4.681 64.414
10 14 47.361 67.744
10 15 33.016 30.673
10 16 33.974 60.168
10 17 51.598 84.118
10 18 8.364 94.087
10 19 70.179 98.081
10 20 48.678 26.905
10 21 44.47 74.811
10 22 5.006 69.296
10 23 29.698 98.272
10 24 47.88 92.776
10 25 70.176 25.581
10 26 13.829 0.245
10 27 10.939 86.524
10 28 12.568 34.757
10 29 60.348 27.705
10 30 1.583 34.333
10 31 53.576 0.176
10 32 23.473 40.859
10 33 30.337 86.198
10 34 29.672 59.102
10 35 7.764 0.651
10 36 45.352 28.328
10 37 65.164 67.279
10 38 56.96 89.791
10 39 66.849 54.145
10 40 10.538 27.015
10 41 33.425 85.662
10 42 19.019 75.621
10 43 21.913 98.753
10 44 65.75 46.566
10 45 55.21 52.539
10 46 14.296 82.075
10 47 10.171 0.103
10 48 13.668 58.119
10 49 30.613 29.242
11 12 45.45 38.541
11 13 12.027 42.132
11 14 60.567 79.6
11 15 8.634 87.745
11 16 51.502 98.32
11 17 44.56 88.322
11 18 50.196 55.666
11 19 76.178 0.176
11 20 13.688 99.682
11 21 50.165 72.288
11 22 18.24 0.164
11 23 3.721 67.566
11 24 89.076 0.165
11 25 41.995 98.945
11 26 61.409 89.3
11 27 60.91 73.244
11 28 37.081 46.873
11 29 24.471 37.563
11 30 54.385 36.453
11 31 73.34 84.931
11 32 47.322 68.591
11 33 90.683 0.143
11 34 30.795 99.66
11 35 12.914 46.978
11 36 0.324 82.81
11 37 73.423 75.937
11 38 3.653 52.109
11 39 38.341 29.648
11 40 39.823 85.038
11 41 71.186 83.299
11 42 44.87 34.111
11 43 40.306 53.393
11 44 76.429 0.113
11 45 54.309 92.878
11 46 47.429 26.972
11 47 37.344 46.025
11 48 45.587 29.682
11 49 62.893 58.986
12 13 5.557 82.704
12 14 45.551 87.664
12 15 15.179 49.495
12 16 66.805 78.136
12 17 54.335 90.119
12 18 71.128 46.06
12 19 18.317 58.563
12 20 25.163 64.713
12 21 10.936 60.048
12 22 15.637 30.112
12 23 58.513 29.42
12 24 15.146 94.197
12 25 21.925 67.67
12 26 53.404 80.21
12 27 40.513 0.117
12 28 57.004 30.508
12 29 62.833 81.245
12 30 74.773 0.741
12 31 52.518 97.506
12 32 58.924 54.892
12 33 66.504 44.38
12 34 27.516 75.006
12 35 30.672 81.318
12 36 63.49 53.104
12 37 34.739 97.127
12 38 65.63 0.16
12 39 48.358 27.199
12 40 19.308 32.977
12 41 17.927 82.297
12 42 41.1 69.825
12 43 52.522 0.258
12 44 51.291 70.272
12 45 21.033 86.267
12 46 2.014 38.665
12 47 48.273 31.437
12 48 56.395 49.022
12 49 2.906 38.006
13 14 64.428 40.589
13 15 78.301 0.2
13 16 68.191 39.552
13 17 53.265 57.688
13 18 81.458 0.034
13 19 6.647 36.67
13 20 13.928 0.416
13 21 38.8 0.434
13 22 54.424 92.055
13 23 36.327 34.357
13 24 13.166 63.303
13 25 42.138 53.803
13 26 30.665 99.981
13 27 44.497 53.584
13 28 61.197 81.628
13 29 45.209 53.576
13 30 29.712 51.86
13 31 37.402 39.436
13 32 83.493 0.063
13 33 28.783 45.681
13 34 26.177 58.068
13 35 9.561 86.869
13 36 51.938 39.524
13 37 95.691 0.168
13 38 41.036 75.641
13 39 40.904 58.401
13 40 29.681 90.152
13 41 22.72 98.585
13 42 95.907 0.291
13 43 45.381 97.995
13 44 50.033 55.858
13 45 4.206 69.16
13 46 18.673 58.971
13 47 49.851 45.189
13 48 25.116 84.868
13 49 0.441 47.867
14 15 16.545 27.61
14 16 8.699 98.064
14 17 23.721 40.152
14 18 52.587 27.625
14 19 37.03 93.188
14 20 3.655 77.3
14 21 20.534 84.022
14 22 42.991 43.833
14 23 60.962 76.746
14 24 64.627 37.456
14 25 1.78 88.642
14 26 11.677 89.156
14 27 66.268 62.337
14 28 80.381 0.234
14 29 84.8 0.094
14 30 24.299 63.321
14 31 39.079 42.402
14 32 3.716 48.881
14 33 43.649 74.693
14 34 36.005 79.279
14 35 59.029 67.639
14 36 27.157 0.152
14 37 55.294 95.308
14 38 7.548 85.625
14 39 99.553 0.138
14 40 85.552 0.423
14 41 44.799 96.195
14 42 3.255 28.659
14 43 49.553 52.658
14 44 62.394 95.688
14 45 99.518 0.17
14 46 49.481 63.714
14 47 48.616 67.063
14 48 34.509 60.407
14 49 39.554 40.943
15 16 0.363 89.981
15 17 41.524 45.584
15 18 37.849 0.004
15 19 35.234 36.889
15 20 43.92 0.211
15 21 41.184 0.012
15 22 5.416 79.326
15 23 52.166 85.057
15 24 29.348 78.391
15 25 37.453 50.669
15 26 19.056 29.241
15 27 56.38 25.007
15 28 51.762 84.077
15 29 6.669 85.157
15 30 31.39 59.597
15 31 39.135 77.817
15 32 68.74 0.08
15 33 16.713 78.597
15 34 55.48 28.305
15 35 11.786 94.452
15 36 27.35 36.852
15 37 70.217 0.438
15 38 21.171 90.169
15 39 55.518 42.489
15 40 56.247 98.423
15 41 30.355 73.518
15 42 61.461 0.056
15 43 14.164 74.311
15 44 43.961 93.418
15 45 54.651 87.884
15 46 34.576 73.826
15 47 32.521 84.395
15 48 46.399 75.499
15 49 53.413 79.849
16 17 71.548 90.135
16 18 68.163 31.719
16 19 62.673 71.838
16 20 50.248 59.609
16 21 9.534 68.647
16 22 4.854 54.303
16 23 68.343 76.002
16 24 64.284 94.079
16 25 60.16 1.927
16 26 64.917 44.907
16 27 59.455 29.385
16 28 59.177 81.736
16 29 46.477 30.581
16 30 3.169 58.328
16 31 12.931 55.081
16 32 26.489 55.287
16 33 60.425 94.655
16 34 39.098 58.882
16 35 31.449 73.242
16 36 25.159 26.794
16 37 12.17 51.457
16 38 19.128 61.53
16 39 57.993 99.537
16 40 18.096 80.228
16 41 28.278 47.345
16 42 60.552 45.609
16 43 30.625 78.038
16 44 19.183 38.323
16 45 33.035 68.711
16 46 42.927 74.931
16 47 2.99 95.945
16 48 94.973 0.691
16 49 35.138 51.403
17 18 29.669 88.361
17 19 17.136 39.671
17 20 20.198 51.54
17 21 5.957 62.153
17 22 29.014 67.133
17 23 53.378 1.098
17 24 73.908 88.742
17 25 66.269 68.874
17 26 71.658 41.296
17 27 34.77 97.322
17 28 57.49 72.324
17 29 52.135 64.463
17 30 12.697 66.762
17 31 50.365 71.722
17 32 19.836 64.209
17 33 69.293 31.365
17 34 8.542 2.004
17 35 55.009 35.929
17 36 45.685 31.239
17 37 42.053 53.292
17 38 61.895 39.801
17 39 0.856 52.741
17 40 61.198 73.252
17 41 60.631 50.726
17 42 8.525 28.533
17 43 14.45 99.765
17 44 63.268 42.468
17 45 70.74 51.49
17 46 39.442 82.354
17 47 31.452 29.572
17 48 20.188 64.391
17 49 32.986 79.426
18 19 34.51 66.67
18 20 1.408 0.356
18 21 1.081 0.385
18 22 25.617 45.828
18 23 5.025 81.502
18 24 16.952 37.634
18 25 60.988 96.632
18 26 13.229 41.416
18 27 70.454 30.203
18 28 63.181 81.633
18 29 1.496 52.202
18 30 22.93 73.218
18 31 66.156 98.849
18 32 52.121 0.327
18 33 49.295 60.949
18 34 61.578 26.775
18 35 40.688 37.025
18 36 21.244 46.885
18 37 60.637 0.072
18 38 21.304 44.242
18 39 63.739 64.011
18 40 40.875 53.516
18 41 59.13 29.268
18 42 79.575 0.107
18 43 47.727 67.133
18 44 62.116 62.397
18 45 68.936 35.213
18 46 14.993 98.468
18 47 45.348 60.312
18 48 65.653 96.063
18 49 59.177 39.602
19 20 31.976 61.945
19 21 6.958 95.27
19 22 49.323 0.041
19 23 35.185 82.262
19 24 26.107 0.142
19 25 11.117 59.864
19 26 50.722 96.321
19 27 19.875 32.231
19 28 57.064 45.017
19 29 70.937 87.463
19 30 70.935 80.842
19 31 23.442 78.244
19 32 0.727 27.522
19 33 34.619 0.173
19 34 73.723 76.771
19 35 42.958 58.209
19 36 57.142 53.875
19 37 49.987 25.057
19 38 46.469 60.974
19 39 41.191 66.989
19 40 31.454 42.296
19 41 70.476 46.527
19 42 33.787 45.629
19 43 50.723 72.965
19 44 66.166 0.273
19 45 53.422 62.557
19 46 22.004 69.448
19 47 41.16 85.254
19 48 32.415 80.605
19 49 49.981 74.958
20 21 96.748 0.019
20 22 13.204 31.648
20 23 74.122 44.662
20 24 15.503 35.917
20 25 61.485 47.144
20 26 58.502 59.079
20 27 63.627 42.434
20 28 18.612 82.38
20 29 57.818 82.62
20 30 67.829 87.659
20 31 0.209 76.278
20 32 76.187 0.215
20 33 21.766 25.832
20 34 66.653 26.446
20 35 0.01 95.32
20 36 30.616 27.503
20 37 90.265 0.26
20 38 56.083 84.701
20 39 27.051 32.47
20 40 35.224 98.859
20 41 4.912 95.556
20 42 89.25 0.248
20 43 12.667 60.681
20 44 65.004 32.21
20 45 38.47 83.683
20 46 60.424 75.484
20 47 10.574 28.422
20 48 41.221 98.443
20 49 3.714 74.99
21 22 72.576 81.72
21 23 37.052 61.84
21 24 41.299 67.966
21 25 33.321 60.422
21 26 8.669 35.776
21 27 2.833 96.17
21 28 7.916 86.108
21 29 17.253 44.042
21 30 42.25 35.985
21 31 34.99 87.426
21 32 78.289 0.21
21 33 72.111 98.805
21 34 61.252 41.185
21 35 12.156 50.053
21 36 59.56 81.654
21 37 77.504 0.3
21 38 26.156 95.684
21 39 23.086 89.0
21 40 48.409 90.987
21 41 19.391 29.173
21 42 89.077 0.41
21 43 44.887 63.802
21 44 27.037 73.265
21 45 65.93 46.8
21 46 24.862 97.501
21 47 60.365 95.49
21 48 46.468 90.957
21 49 10.243 64.084
22 23 31.368 83.623
22 24 88.017 0.219
22 25 61.464 76.457
22 26 16.889 29.046
22 27 10.0 36.47
22 28 31.546 94.099
22 29 43.787 46.052
22 30 38.093 93.601
22 31 70.192 55.042
22 32 4.462 63.828
22 33 78.548 0.227
22 34 8.458 89.511
22 35 69.255 65.227
22 36 64.51 96.607
22 37 29.899 45.226
22 38 30.633 40.415
22 39 67.536 29.002
22 40 26.118 56.862
22 41 23.713 33.076
22 42 74.42 83.994
22 43 22.761 48.543
22 44 79.448 0.207
22 45 23.75 36.166
22 46 4.903 86.988
22 47 33.564 76.089
22 48 4.091 96.934
22 49 19.893 43.237
23 24 30.899 27.873
23 25 37.624 95.893
23 26 46.811 32.814
23 27 36.46 71.959
23 28 29.493 60.411
23 29 33.51 63.493
23 30 2.32 99.837
23 31 31.234 61.012
23 32 50.687 42.073
23 33 24.12 35.569
23 34 96.769 0.794
23 35 40.943 97.922
23 36 59.66 29.079
23 37 73.02 75.223
23 38 43.375 95.259
23 39 58.137 77.123
23 40 17.756 28.696
23 41 46.428 39.079
23 42 49.594 32.374
23 43 28.038 62.047
23 44 1.904 92.567
23 45 73.743 71.133
23 46 69.706 43.323
23 47 3.711 50.884
23 48 65.019 51.664
23 49 50.02 74.164
24 25 44.912 27.39
24 26 43.658 46.674
24 27 11.946 79.444
24 28 28.068 25.137
24 29 1.79 62.239
24 30 24.184 44.738
24 31 25.872 41.489
24 32 21.203 64.338
24 33 82.366 0.07
24 34 16.894 46.48
24 35 37.029 48.744
24 36 47.943 98.98
24 37 63.495 93.338
24 38 1.691 30.576
24 39 15.914 87.137
24 40 40.455 81.565
24 41 45.646 37.864
24 42 19.962 89.849
24 43 12.753 96.757
24 44 89.194 0.265
24 45 1.064 30.407
24 46 44.224 33.918
24 47 60.021 89.695
24 48 21.865 97.369
24 49 5.341 90.964
25 26 6.875 44.303
25 27 14.486 64.817
25 28 34.637 38.096
25 29 56.007 68.637
25 30 57.277 26.149
25 31 44.057 65.255
25 32 32.619 58.279
25 33 73.67 52.93
25 34 50.117 37.418
25 35 74.49 30.027
25 36 54.739 75.266
25 37 52.023 60.756
25 38 52.294 88.201
25 39 53.193 85.932
25 40 7.487 59.614
25 41 48.53 43.404
25 42 6.8 33.537
25 43 17.53 50.231
25 44 22.341 49.576
25 45 49.22 49.984
25 46 53.674 75.889
25 47 71.853 69.628
25 48 75.266 1.6
25 49 46.128 95.113
26 27 54.993 70.488
26 28 42.666 92.479
26 29 33.213 82.864
26 30 54.571 31.072
26 31 1.603 0.784
26 32 50.294 62.63
26 33 10.558 82.708
26 34 68.091 32.252
26 35 45.554 0.799
26 36 40.177 48.091
26 37 12.111 82.759
26 38 48.209 27.347
26 39 55.276 45.284
26 40 9.059 48.503
26 41 32.997 79.102
26 42 29.575 34.117
26 43 8.653 33.46
26 44 53.244 43.084
26 45 61.329 51.311
26 46 3.038 35.17
26 47 9.358 0.525
26 48 6.428 58.286
26 49 66.08 91.79
27 28 53.542 93.957
27 29 51.726 60.533
27 30 28.294 0.595
27 31 45.55 52.503
27 32 33.122 68.44
27 33 44.29 41.778
27 34 27.021 67.455
27 35 3.111 60.34
27 36 47.452 97.379
27 37 47.016 86.451
27 38 2.939 0.63
27 39 50.166 52.747
27 40 27.167 50.247
27 41 70.495 82.147
27 42 53.53 96.575
27 43 81.272 0.212
27 44 0.272 37.217
27 45 8.059 29.792
27 46 22.924 59.107
27 47 62.304 65.952
27 48 39.711 66.854
27 49 37.734 81.607
28 29 44.329 0.106
28 30 71.083 62.924
28 31 64.344 54.638
28 32 72.795 64.87
28 33 68.932 32.503
28 34 39.961 56.946
28 35 33.616 41.286
28 36 41.345 0.19
28 37 20.205 39.68
28 38 19.382 26.923
28 39 25.654 0.088
28 40 29.219 0.306
28 41 57.436 40.195
28 42 67.033 56.72
28 43 64.051 64.199
28 44 23.33 92.226
28 45 78.386 0.425
28 46 49.135 91.27
28 47 65.106 73.457
28 48 26.819 35.735
28 49 61.845 58.474
29 30 59.135 25.735
29 31 62.224 78.187
29 32 42.857 41.054
29 33 58.155 33.213
29 34 30.997 85.564
29 35 58.977 33.693
29 36 74.048 0.369
29 37 11.261 55.095
29 38 66.553 67.869
29 39 97.741 0.244
29 40 92.057 0.074
29 41 6.302 49.457
29 42 42.268 81.508
29 43 45.082 28.278
29 44 15.403 88.12
29 45 78.907 0.115
29 46 59.484 82.073
29 47 43.407 94.144
29 48 63.673 40.09
29 49 38.403 56.642
30 31 59.093 56.67
30 32 56.102 30.886
30 33 4.536 78.329
30 34 48.959 32.57
30 35 34.056 82.636
30 36 7.825 36.871
30 37 49.745 96.946
30 38 80.008 0.076
30 39 31.545 25.856
30 40 51.573 65.592
30 41 50.27 65.448
30 42 45.247 77.1
30 43 81.087 0.082
30 44 32.8 58.759
30 45 42.978 38.869
30 46 23.915 47.025
30 47 62.01 60.983
30 48 11.881 67.702
30 49 62.437 98.531
31 32 55.142 60.428
31 33 17.532 35.927
31 34 41.129 48.042
31 35 5.768 0.644
31 36 65.97 44.548
31 37 42.989 27.256
31 38 71.402 88.053
31 39 42.228 84.87
31 40 51.345 38.594
31 41 20.221 82.51
31 42 56.054 86.798
31 43 3.865 58.411
31 44 31.321 29.591
31 45 70.35 63.593
31 46 28.852 63.748
31 47 54.394 0.219
31 48 72.417 31.082
31 49 61.685 65.695
32 33 53.101 28.94
32 34 71.815 99.798
32 35 18.138 84.262
32 36 50.4 90.841
32 37 94.31 0.295
32 38 39.243 47.535
32 39 43.121 47.24
32 40 2.793 96.714
32 41 64.123 77.986
32 42 80.094 0.393
32 43 11.708 85.984
32 44 56.987 91.708
32 45 43.62 25.126
32 46 59.344 86.819
32 47 39.413 97.244
32 48 72.991 64.031
32 49 7.041 76.792
33 34 40.816 97.864
33 35 56.988 77.51
33 36 53.34 54.789
33 37 72.033 29.707
33 38 70.944 43.182
33 39 3.927 74.148
33 40 5.797 62.261
33 41 15.234 44.437
33 42 39.278 75.931
33 43 13.704 99.058
33 44 93.971 0.258
33 45 33.203 44.952
33 46 32.91 72.33
33 47 56.378 58.47
33 48 41.402 29.489
33 49 42.685 52.317
34 35 13.476 68.093
34 36 32.076 49.725
34 37 5.882 46.425
34 38 38.592 46.946
34 39 70.675 58.859
34 40 10.676 49.78
34 41 63.589 54.647
34 42 52.31 63.007
34 43 6.253 81.609
34 44 9.127 48.223
34 45 67.752 43.043
34 46 18.665 95.458
34 47 32.594 46.291
34 48 16.183 82.996
34 49 43.054 48.715
35 36 21.058 81.301
35 37 23.016 36.234
35 38 67.231 73.285
35 39 31.094 51.266
35 40 52.923 94.209
35 41 36.942 87.242
35 42 11.352 70.841
35 43 44.235 87.888
35 44 9.433 91.636
35 45 71.074 39.682
35 46 19.399 86.602
35 47 91.143 0.11
35 48 33.083 28.401
35 49 42.621 62.619
36 37 68.944 82.771
36 38 39.086 88.689
36 39 96.588 0.529
36 40 99.27 0.073
36 41 13.919 73.125
36 42 53.036 55.168
36 43 25.602 96.01
36 44 6.802 59.486
36 45 86.63 0.228
36 46 14.451 77.793
36 47 74.887 73.764
36 48 28.402 29.475
36 49 65.739 47.703
37 38 16.206 97.905
37 39 35.105 76.833
37 40 16.76 62.074
37 41 67.995 41.815
37 42 80.537 0.166
37 43 47.593 69.96
37 44 7.551 79.711
37 45 43.441 97.711
37 46 29.118 86.535
37 47 38.653 27.193
37 48 24.531 98.062
37 49 53.309 86.304
38 39 67.409 39.101
38 40 70.661 25.92
38 41 72.135 29.976
38 42 0.147 36.536
38 43 86.366 0.289
38 44 22.095 32.589
38 45 48.285 56.686
38 46 42.902 99.092
38 47 19.77 78.746
38 48 36.474 33.301
38 49 60.266 47.842
39 40 83.893 0.02
39 41 10.537 61.848
39 42 43.056 46.143
39 43 11.814 39.408
39 44 71.359 54.047
39 45 91.389 0.535
39 46 47.042 88.008
39 47 8.625 32.434
39 48 1.161 82.465
39 49 59.774 40.653
40 41 6.836 36.674
40 42 26.858 36.607
40 43 23.186 85.376
40 44 57.776 54.024
40 45 81.97 0.306
40 46 65.159 96.986
40 47 54.512 97.233
40 48 51.375 48.698
40 49 72.445 84.707
41 42 0.644 46.024
41 43 49.084 34.263
41 44 58.493 62.822
41 45 58.723 77.313
41 46 98.973 0.773
41 47 18.659 50.972
41 48 12.912 40.577
41 49 77.178 0.452
42 43 34.651 81.226
42 44 35.677 73.167
42 45 50.427 51.748
42 46 38.03 28.244
42 47 74.898 38.435
42 48 71.37 35.631
42 49 64.392 46.57
43 44 55.697 93.09
43 45 37.058 91.13
43 46 48.92 60.078
43 47 42.653 99.23
43 48 25.17 87.317
43 49 73.956 50.759
44 45 69.972 85.422
44 46 12.087 98.604
44 47 21.293 43.163
44 48 8.755 48.993
44 49 34.566 75.033
45 46 66.603 46.423
45 47 67.432 27.918
45 48 10.633 87.34
45 49 15.736 30.669
46 47 70.757 99.028
46 48 59.731 93.987
46 49 68.53 0.488
47 48 62.427 83.949
47 49 25.299 69.852
48 49 73.426 82.591
