50
86.001
0 1 1 0
0 2 1 0
0 3 1 0
0 4 1 0
0 5 1 0
0 6 1 0
0 7 1 0
0 8 1 0
0 9 1 0
0 10 10 2
0 11 10 2
0 12 10 2
0 13 10 2
0 14 10 2
0 15 10 2
0 16 10 2
0 17 10 2
0 18 10 2
0 19 10 2
0 20 10 2
0 21 10 2
0 22 10 2
0 23 10 2
0 24 10 2
0 25 10 2
0 26 10 2
0 27 10 2
0 28 10 2
0 29 10 2
0 30 10 2
0 31 10 2
0 32 10 2
0 33 10 2
0 34 10 2
0 35 10 2
0 36 10 2
0 37 10 2
0 38 10 2
0 39 10 2
0 40 10 2
0 41 10 2
0 42 10 2
0 43 10 2
0 44 10 2
0 45 10 2
0 46 10 2
0 47 10 2
0 48 10 2
0 49 10 2
1 2 1 0
1 3 1 0
1 4 1 0
1 5 1 0
1 6 1 0
1 7 1 0
1 8 1 0
1 9 1 0
1 10 10 2
1 11 10 2
1 12 10 2
1 13 10 2
1 14 10 2
1 15 10 2
1 16 10 2
1 17 10 2
1 18 10 2
1 19 10 2
1 20 10 2
1 21 10 2
1 22 10 2
1 23 10 2
1 24 10 2
1 25 10 2
1 26 10 2
1 27 10 2
1 28 10 2
1 29 10 2
1 30 10 2
1 31 10 2
1 32 10 2
1 33 10 2
1 34 10 2
1 35 10 2
1 36 10 2
1 37 10 2
1 38 10 2
1 39 10 2
1 40 10 2
1 41 10 2
1 42 10 2
1 43 10 2
1 44 10 2
1 45 10 2
1 46 10 2
1 47 10 2
1 48 10 2
1 49 10 2
2 3 1 0
2 4 1 0
2 5 1 0
2 6 1 0
2 7 1 0
2 8 1 0
2 9 1 0
2 10 10 2
2 11 10 2
2 12 10 2
2 13 10 2
2 14 10 2
2 15 10 2
2 16 10 2
2 17 10 2
2 18 10 2
2 19 10 2
2 20 10 2
2 21 10 2
2 22 10 2
2 23 10 2
2 24 10 2
2 25 10 2
2 26 10 2
2 27 10 2
2 28 10 2
2 29 10 2
2 30 10 2
2 31 10 2
2 32 10 2
2 33 10 2
2 34 10 2
2 35 10 2
2 36 10 2
2 37 10 2
2 38 10 2
2 39 10 2
2 40 10 2
2 41 10 2
2 42 10 2
2 43 10 2
2 44 10 2
2 45 10 2
2 46 10 2
2 47 10 2
2 48 10 2
2 49 10 2
3 4 1 0
3 5 1 0
3 6 1 0
3 7 1 0
3 8 1 0
3 9 1 0
3 10 10 2
3 11 10 2
3 12 10 2
3 13 10 2
3 14 10 2
3 15 10 2
3 16 10 2
3 17 10 2
3 18 10 2
3 19 10 2
3 20 10 2
3 21 10 2
3 22 10 2
3 23 10 2
3 24 10 2
3 25 10 2
3 26 10 2
3 27 10 2
3 28 10 2
3 29 10 2
3 30 10 2
3 31 10 2
3 32 10 2
3 33 10 2
3 34 10 2
3 35 10 2
3 36 10 2
3 37 10 2
3 38 10 2
3 39 10 2
3 40 10 2
3 41 10 2
3 42 10 2
3 43 10 2
3 44 10 2
3 45 10 2
3 46 10 2
3 47 10 2
3 48 10 2
3 49 10 2
4 5 1 0
4 6 1 0
4 7 1 0
4 8 1 0
4 9 1 0
4 10 10 2
4 11 10 2
4 12 10 2
4 13 10 2
4 14 10 2
4 15 10 2
4 16 10 2
4 17 10 2
4 18 10 2
4 19 10 2
4 20 10 2
4 21 10 2
4 22 10 2
4 23 10 2
4 24 10 2
4 25 10 2
4 26 10 2
4 27 10 2
4 28 10 2
4 29 10 2
4 30 10 2
4 31 10 2
4 32 10 2
4 33 10 2
4 34 10 2
4 35 10 2
4 36 10 2
4 37 10 2
4 38 10 2
4 39 10 2
4 40 10 2
4 41 10 2
4 42 10 2
4 43 10 2
4 44 10 2
4 45 10 2
4 46 10 2
4 47 10 2
4 48 10 2
4 49 10 2
5 6 1 0
5 7 1 0
5 8 1 0
5 9 1 0
5 10 10 2
5 11 10 2
5 12 10 2
5 13 10 2
5 14 10 2
5 15 10 2
5 16 10 2
5 17 10 2
5 18 10 2
5 19 10 2
5 20 10 2
5 21 10 2
5 22 10 2
5 23 10 2
5 24 10 2
5 25 10 2
5 26 10 2
5 27 10 2
5 28 10 2
5 29 10 2
5 30 10 2
5 31 10 2
5 32 10 2
5 33 10 2
5 34 10 2
5 35 10 2
5 36 10 2
5 37 10 2
5 38 10 2
5 39 10 2
5 40 10 2
5 41 10 2
5 42 10 2
5 43 10 2
5 44 10 2
5 45 10 2
5 46 10 2
5 47 10 2
5 48 10 2
5 49 10 2
6 7 1 0
6 8 1 0
6 9 1 0
6 10 10 2
6 11 10 2
6 12 10 2
6 13 10 2
6 14 10 2
6 15 10 2
6 16 10 2
6 17 10 2
6 18 10 2
6 19 10 2
6 20 10 2
6 21 10 2
6 22 10 2
6 23 10 2
6 24 10 2
6 25 10 2
6 26 10 2
6 27 10 2
6 28 10 2
6 29 10 2
6 30 10 2
6 31 10 2
6 32 10 2
6 33 10 2
6 34 10 2
6 35 10 2
6 36 10 2
6 37 10 2
6 38 10 2
6 39 10 2
6 40 10 2
6 41 10 2
6 42 10 2
6 43 10 2
6 44 10 2
6 45 10 2
6 46 10 2
6 47 10 2
6 48 10 2
6 49 10 2
7 8 1 0
7 9 1 0
7 10 10 2
7 11 10 2
7 12 10 2
7 13 10 2
7 14 10 2
7 15 10 2
7 16 10 2
7 17 10 2
7 18 10 2
7 19 10 2
7 20 10 2
7 21 10 2
7 22 10 2
7 23 10 2
7 24 10 2
7 25 10 2
7 26 10 2
7 27 10 2
7 28 10 2
7 29 10 2
7 30 10 2
7 31 10 2
7 32 10 2
7 33 10 2
7 34 10 2
7 35 10 2
7 36 10 2
7 37 10 2
7 38 10 2
7 39 10 2
7 40 10 2
7 41 10 2
7 42 10 2
7 43 10 2
7 44 10 2
7 45 10 2
7 46 10 2
7 47 10 2
7 48 10 2
7 49 10 2
8 9 1 0
8 10 10 2
8 11 10 2
8 12 10 2
8 13 10 2
8 14 10 2
8 15 10 2
8 16 10 2
8 17 10 2
8 18 10 2
8 19 10 2
8 20 10 2
8 21 10 2
8 22 10 2
8 23 10 2
8 24 10 2
8 25 10 2
8 26 10 2
8 27 10 2
8 28 10 2
8 29 10 2
8 30 10 2
8 31 10 2
8 32 10 2
8 33 10 2
8 34 10 2
8 35 10 2
8 36 10 2
8 37 10 2
8 38 10 2
8 39 10 2
8 40 10 2
8 41 10 2
8 42 10 2
8 43 10 2
8 44 10 2
8 45 10 2
8 46 10 2
8 47 10 2
8 48 10 2
8 49 10 2
9 10 10 2
9 11 10 2
9 12 10 2
9 13 10 2
9 14 10 2
9 15 10 2
9 16 10 2
9 17 10 2
9 18 10 2
9 19 10 2
9 20 10 2
9 21 10 2
9 22 10 2
9 23 10 2
9 24 10 2
9 25 10 2
9 26 10 2
9 27 10 2
9 28 10 2
9 29 10 2
9 30 10 2
9 31 10 2
9 32 10 2
9 33 10 2
9 34 10 2
9 35 10 2
9 36 10 2
9 37 10 2
9 38 10 2
9 39 10 2
9 40 10 2
9 41 10 2
9 42 10 2
9 43 10 2
9 44 10 2
9 45 10 2
9 46 10 2
9 47 10 2
9 48 10 2
9 49 10 2
10 11 1 0.1
10 12 1 0.1
10 13 1 0.1
10 14 0.75 0.1
10 15 0.75 0.1
10 16 0.75 0.1
10 17 0.75 0.1
10 18 0.01 0.01
10 19 0.01 0.01
10 20 0.01 0.01
10 21 0.01 0.01
10 22 0.02 0.05
10 23 0.02 0.05
10 24 0.02 0.05
10 25 0.02 0.05
10 26 2.75 1
10 27 2.75 1
10 28 2.75 1
10 29 2.75 1
10 30 3 1
10 31 3 1
10 32 3 1
10 33 3 1
10 34 2 0.2
10 35 2 0.2
10 36 2 0.2
10 37 2 0.2
10 38 2 0.25
10 39 2 0.25
10 40 2 0.25
10 41 2 0.25
10 42 2.5 0.5
10 43 2.5 0.5
10 44 2.5 0.5
10 45 2.5 0.5
10 46 2.5 0.5
10 47 2.5 0.5
10 48 2.5 0.5
10 49 2.5 0.5
11 12 1 0.1
11 13 1 0.1
11 14 0.75 0.1
11 15 0.75 0.1
11 16 0.75 0.1
11 17 0.75 0.1
11 18 0.01 0.01
11 19 0.01 0.01
11 20 0.01 0.01
11 21 0.01 0.01
11 22 0.02 0.05
11 23 0.02 0.05
11 24 0.02 0.05
11 25 0.02 0.05
11 26 2.75 1
11 27 2.75 1
11 28 2.75 1
11 29 2.75 1
11 30 3 1
11 31 3 1
11 32 3 1
11 33 3 1
11 34 2 0.2
11 35 2 0.2
11 36 2 0.2
11 37 2 0.2
11 38 2 0.25
11 39 2 0.25
11 40 2 0.25
11 41 2 0.25
11 42 2.5 0.5
11 43 2.5 0.5
11 44 2.5 0.5
11 45 2.5 0.5
11 46 2.5 0.5
11 47 2.5 0.5
11 48 2.5 0.5
11 49 2.5 0.5
12 13 1 0.1
12 14 0.75 0.1
12 15 0.75 0.1
12 16 0.75 0.1
12 17 0.75 0.1
12 18 0.01 0.01
12 19 0.01 0.01
12 20 0.01 0.01
12 21 0.01 0.01
12 22 0.02 0.05
12 23 0.02 0.05
12 24 0.02 0.05
12 25 0.02 0.05
12 26 2.75 1
12 27 2.75 1
12 28 2.75 1
12 29 2.75 1
12 30 3 1
12 31 3 1
12 32 3 1
12 33 3 1
12 34 2 0.2
12 35 2 0.2
12 36 2 0.2
12 37 2 0.2
12 38 2 0.25
12 39 2 0.25
12 40 2 0.25
12 41 2 0.25
12 42 2.5 0.5
12 43 2.5 0.5
12 44 2.5 0.5
12 45 2.5 0.5
12 46 2.5 0.5
12 47 2.5 0.5
12 48 2.5 0.5
12 49 2.5 0.5
13 14 0.75 0.1
13 15 0.75 0.1
13 16 0.75 0.1
13 17 0.75 0.1
13 18 0.01 0.01
13 19 0.01 0.01
13 20 0.01 0.01
13 21 0.01 0.01
13 22 0.02 0.05
13 23 0.02 0.05
13 24 0.02 0.05
13 25 0.02 0.05
13 26 2.75 1
13 27 2.75 1
13 28 2.75 1
13 29 2.75 1
13 30 3 1
13 31 3 1
13 32 3 1
13 33 3 1
13 34 2 0.2
13 35 2 0.2
13 36 2 0.2
13 37 2 0.2
13 38 2 0.25
13 39 2 0.25
13 40 2 0.25
13 41 2 0.25
13 42 2.5 0.5
13 43 2.5 0.5
13 44 2.5 0.5
13 45 2.5 0.5
13 46 2.5 0.5
13 47 2.5 0.5
13 48 2.5 0.5
13 49 2.5 0.5
14 15 1 0.1
14 16 1 0.1
14 17 1 0.1
14 18 0.02 0.05
14 19 0.02 0.05
14 20 0.02 0.05
14 21 0.02 0.05
14 22 0.01 0.01
14 23 0.01 0.01
14 24 0.01 0.01
14 25 0.01 0.01
14 26 3 1
14 27 3 1
14 28 3 1
14 29 3 1
14 30 2.75 1
14 31 2.75 1
14 32 2.75 1
14 33 2.75 1
14 34 2 0.25
14 35 2 0.25
14 36 2 0.25
14 37 2 0.25
14 38 2 0.2
14 39 2 0.2
14 40 2 0.2
14 41 2 0.2
14 42 2.5 0.5
14 43 2.5 0.5
14 44 2.5 0.5
14 45 2.5 0.5
14 46 2.5 0.5
14 47 2.5 0.5
14 48 2.5 0.5
14 49 2.5 0.5
15 16 1 0.1
15 17 1 0.1
15 18 0.02 0.05
15 19 0.02 0.05
15 20 0.02 0.05
15 21 0.02 0.05
15 22 0.01 0.01
15 23 0.01 0.01
15 24 0.01 0.01
15 25 0.01 0.01
15 26 3 1
15 27 3 1
15 28 3 1
15 29 3 1
15 30 2.75 1
15 31 2.75 1
15 32 2.75 1
15 33 2.75 1
15 34 2 0.25
15 35 2 0.25
15 36 2 0.25
15 37 2 0.25
15 38 2 0.2
15 39 2 0.2
15 40 2 0.2
15 41 2 0.2
15 42 2.5 0.5
15 43 2.5 0.5
15 44 2.5 0.5
15 45 2.5 0.5
15 46 2.5 0.5
15 47 2.5 0.5
15 48 2.5 0.5
15 49 2.5 0.5
16 17 1 0.1
16 18 0.02 0.05
16 19 0.02 0.05
16 20 0.02 0.05
16 21 0.02 0.05
16 22 0.01 0.01
16 23 0.01 0.01
16 24 0.01 0.01
16 25 0.01 0.01
16 26 3 1
16 27 3 1
16 28 3 1
16 29 3 1
16 30 2.75 1
16 31 2.75 1
16 32 2.75 1
16 33 2.75 1
16 34 2 0.25
16 35 2 0.25
16 36 2 0.25
16 37 2 0.25
16 38 2 0.2
16 39 2 0.2
16 40 2 0.2
16 41 2 0.2
16 42 2.5 0.5
16 43 2.5 0.5
16 44 2.5 0.5
16 45 2.5 0.5
16 46 2.5 0.5
16 47 2.5 0.5
16 48 2.5 0.5
16 49 2.5 0.5
17 18 0.02 0.05
17 19 0.02 0.05
17 20 0.02 0.05
17 21 0.02 0.05
17 22 0.01 0.01
17 23 0.01 0.01
17 24 0.01 0.01
17 25 0.01 0.01
17 26 3 1
17 27 3 1
17 28 3 1
17 29 3 1
17 30 2.75 1
17 31 2.75 1
17 32 2.75 1
17 33 2.75 1
17 34 2 0.25
17 35 2 0.25
17 36 2 0.25
17 37 2 0.25
17 38 2 0.2
17 39 2 0.2
17 40 2 0.2
17 41 2 0.2
17 42 2.5 0.5
17 43 2.5 0.5
17 44 2.5 0.5
17 45 2.5 0.5
17 46 2.5 0.5
17 47 2.5 0.5
17 48 2.5 0.5
17 49 2.5 0.5
18 19 1 0.1
18 20 1 0.1
18 21 1 0.1
18 22 0.75 0.1
18 23 0.75 0.1
18 24 0.75 0.1
18 25 0.75 0.1
18 26 2 0.2
18 27 2 0.2
18 28 2 0.2
18 29 2 0.2
18 30 2 0.25
18 31 2 0.25
18 32 2 0.25
18 33 2 0.25
18 34 2.5 0.5
18 35 2.5 0.5
18 36 2.5 0.5
18 37 2.5 0.5
18 38 2.5 0.5
18 39 2.5 0.5
18 40 2.5 0.5
18 41 2.5 0.5
18 42 2.75 1
18 43 2.75 1
18 44 2.75 1
18 45 2.75 1
18 46 3 1
18 47 3 1
18 48 3 1
18 49 3 1
19 20 1 0.1
19 21 1 0.1
19 22 0.75 0.1
19 23 0.75 0.1
19 24 0.75 0.1
19 25 0.75 0.1
19 26 2 0.2
19 27 2 0.2
19 28 2 0.2
19 29 2 0.2
19 30 2 0.25
19 31 2 0.25
19 32 2 0.25
19 33 2 0.25
19 34 2.5 0.5
19 35 2.5 0.5
19 36 2.5 0.5
19 37 2.5 0.5
19 38 2.5 0.5
19 39 2.5 0.5
19 40 2.5 0.5
19 41 2.5 0.5
19 42 2.75 1
19 43 2.75 1
19 44 2.75 1
19 45 2.75 1
19 46 3 1
19 47 3 1
19 48 3 1
19 49 3 1
20 21 1 0.1
20 22 0.75 0.1
20 23 0.75 0.1
20 24 0.75 0.1
20 25 0.75 0.1
20 26 2 0.2
20 27 2 0.2
20 28 2 0.2
20 29 2 0.2
20 30 2 0.25
20 31 2 0.25
20 32 2 0.25
20 33 2 0.25
20 34 2.5 0.5
20 35 2.5 0.5
20 36 2.5 0.5
20 37 2.5 0.5
20 38 2.5 0.5
20 39 2.5 0.5
20 40 2.5 0.5
20 41 2.5 0.5
20 42 2.75 1
20 43 2.75 1
20 44 2.75 1
20 45 2.75 1
20 46 3 1
20 47 3 1
20 48 3 1
20 49 3 1
21 22 0.75 0.1
21 23 0.75 0.1
21 24 0.75 0.1
21 25 0.75 0.1
21 26 2 0.2
21 27 2 0.2
21 28 2 0.2
21 29 2 0.2
21 30 2 0.25
21 31 2 0.25
21 32 2 0.25
21 33 2 0.25
21 34 2.5 0.5
21 35 2.5 0.5
21 36 2.5 0.5
21 37 2.5 0.5
21 38 2.5 0.5
21 39 2.5 0.5
21 40 2.5 0.5
21 41 2.5 0.5
21 42 2.75 1
21 43 2.75 1
21 44 2.75 1
21 45 2.75 1
21 46 3 1
21 47 3 1
21 48 3 1
21 49 3 1
22 23 1 0.1
22 24 1 0.1
22 25 1 0.1
22 26 2 0.25
22 27 2 0.25
22 28 2 0.25
22 29 2 0.25
22 30 2 0.2
22 31 2 0.2
22 32 2 0.2
22 33 2 0.2
22 34 2.5 0.5
22 35 2.5 0.5
22 36 2.5 0.5
22 37 2.5 0.5
22 38 2.5 0.5
22 39 2.5 0.5
22 40 2.5 0.5
22 41 2.5 0.5
22 42 3 1
22 43 3 1
22 44 3 1
22 45 3 1
22 46 2.75 1
22 47 2.75 1
22 48 2.75 1
22 49 2.75 1
23 24 1 0.1
23 25 1 0.1
23 26 2 0.25
23 27 2 0.25
23 28 2 0.25
23 29 2 0.25
23 30 2 0.2
23 31 2 0.2
23 32 2 0.2
23 33 2 0.2
23 34 2.5 0.5
23 35 2.5 0.5
23 36 2.5 0.5
23 37 2.5 0.5
23 38 2.5 0.5
23 39 2.5 0.5
23 40 2.5 0.5
23 41 2.5 0.5
23 42 3 1
23 43 3 1
23 44 3 1
23 45 3 1
23 46 2.75 1
23 47 2.75 1
23 48 2.75 1
23 49 2.75 1
24 25 1 0.1
24 26 2 0.25
24 27 2 0.25
24 28 2 0.25
24 29 2 0.25
24 30 2 0.2
24 31 2 0.2
24 32 2 0.2
24 33 2 0.2
24 34 2.5 0.5
24 35 2.5 0.5
24 36 2.5 0.5
24 37 2.5 0.5
24 38 2.5 0.5
24 39 2.5 0.5
24 40 2.5 0.5
24 41 2.5 0.5
24 42 3 1
24 43 3 1
24 44 3 1
24 45 3 1
24 46 2.75 1
24 47 2.75 1
24 48 2.75 1
24 49 2.75 1
25 26 2 0.25
25 27 2 0.25
25 28 2 0.25
25 29 2 0.25
25 30 2 0.2
25 31 2 0.2
25 32 2 0.2
25 33 2 0.2
25 34 2.5 0.5
25 35 2.5 0.5
25 36 2.5 0.5
25 37 2.5 0.5
25 38 2.5 0.5
25 39 2.5 0.5
25 40 2.5 0.5
25 41 2.5 0.5
25 42 3 1
25 43 3 1
25 44 3 1
25 45 3 1
25 46 2.75 1
25 47 2.75 1
25 48 2.75 1
25 49 2.75 1
26 27 1 0.1
26 28 1 0.1
26 29 1 0.1
26 30 0.75 0.1
26 31 0.75 0.1
26 32 0.75 0.1
26 33 0.75 0.1
26 34 2.75 1
26 35 2.75 1
26 36 2.75 1
26 37 2.75 1
26 38 3 1
26 39 3 1
26 40 3 1
26 41 3 1
26 42 2 0.2
26 43 2 0.2
26 44 2 0.2
26 45 2 0.2
26 46 2 0.25
26 47 2 0.25
26 48 2 0.25
26 49 2 0.25
27 28 1 0.1
27 29 1 0.1
27 30 0.75 0.1
27 31 0.75 0.1
27 32 0.75 0.1
27 33 0.75 0.1
27 34 2.75 1
27 35 2.75 1
27 36 2.75 1
27 37 2.75 1
27 38 3 1
27 39 3 1
27 40 3 1
27 41 3 1
27 42 2 0.2
27 43 2 0.2
27 44 2 0.2
27 45 2 0.2
27 46 2 0.25
27 47 2 0.25
27 48 2 0.25
27 49 2 0.25
28 29 1 0.1
28 30 0.75 0.1
28 31 0.75 0.1
28 32 0.75 0.1
28 33 0.75 0.1
28 34 2.75 1
28 35 2.75 1
28 36 2.75 1
28 37 2.75 1
28 38 3 1
28 39 3 1
28 40 3 1
28 41 3 1
28 42 2 0.2
28 43 2 0.2
28 44 2 0.2
28 45 2 0.2
28 46 2 0.25
28 47 2 0.25
28 48 2 0.25
28 49 2 0.25
29 30 0.75 0.1
29 31 0.75 0.1
29 32 0.75 0.1
29 33 0.75 0.1
29 34 2.75 1
29 35 2.75 1
29 36 2.75 1
29 37 2.75 1
29 38 3 1
29 39 3 1
29 40 3 1
29 41 3 1
29 42 2 0.2
29 43 2 0.2
29 44 2 0.2
29 45 2 0.2
29 46 2 0.25
29 47 2 0.25
29 48 2 0.25
29 49 2 0.25
30 31 1 0.1
30 32 1 0.1
30 33 1 0.1
30 34 3 1
30 35 3 1
30 36 3 1
30 37 3 1
30 38 2.75 1
30 39 2.75 1
30 40 2.75 1
30 41 2.75 1
30 42 2 0.25
30 43 2 0.25
30 44 2 0.25
30 45 2 0.25
30 46 2 0.2
30 47 2 0.2
30 48 2 0.2
30 49 2 0.2
31 32 1 0.1
31 33 1 0.1
31 34 3 1
31 35 3 1
31 36 3 1
31 37 3 1
31 38 2.75 1
31 39 2.75 1
31 40 2.75 1
31 41 2.75 1
31 42 2 0.25
31 43 2 0.25
31 44 2 0.25
31 45 2 0.25
31 46 2 0.2
31 47 2 0.2
31 48 2 0.2
31 49 2 0.2
32 33 1 0.1
32 34 3 1
32 35 3 1
32 36 3 1
32 37 3 1
32 38 2.75 1
32 39 2.75 1
32 40 2.75 1
32 41 2.75 1
32 42 2 0.25
32 43 2 0.25
32 44 2 0.25
32 45 2 0.25
32 46 2 0.2
32 47 2 0.2
32 48 2 0.2
32 49 2 0.2
33 34 3 1
33 35 3 1
33 36 3 1
33 37 3 1
33 38 2.75 1
33 39 2.75 1
33 40 2.75 1
33 41 2.75 1
33 42 2 0.25
33 43 2 0.25
33 44 2 0.25
33 45 2 0.25
33 46 2 0.2
33 47 2 0.2
33 48 2 0.2
33 49 2 0.2
34 35 1 0.1
34 36 1 0.1
34 37 1 0.1
34 38 0.75 1
34 39 0.75 1
34 40 0.75 1
34 41 0.75 1
34 42 0.01 0.01
34 43 0.01 0.01
34 44 0.01 0.01
34 45 0.01 0.01
34 46 0.02 0.05
34 47 0.02 0.05
34 48 0.02 0.05
34 49 0.02 0.05
35 36 1 0.1
35 37 1 0.1
35 38 0.75 1
35 39 0.75 1
35 40 0.75 1
35 41 0.75 1
35 42 0.01 0.01
35 43 0.01 0.01
35 44 0.01 0.01
35 45 0.01 0.01
35 46 0.02 0.05
35 47 0.02 0.05
35 48 0.02 0.05
35 49 0.02 0.05
36 37 1 0.1
36 38 0.75 1
36 39 0.75 1
36 40 0.75 1
36 41 0.75 1
36 42 0.01 0.01
36 43 0.01 0.01
36 44 0.01 0.01
36 45 0.01 0.01
36 46 0.02 0.05
36 47 0.02 0.05
36 48 0.02 0.05
36 49 0.02 0.05
37 38 0.75 1
37 39 0.75 1
37 40 0.75 1
37 41 0.75 1
37 42 0.01 0.01
37 43 0.01 0.01
37 44 0.01 0.01
37 45 0.01 0.01
37 46 0.02 0.05
37 47 0.02 0.05
37 48 0.02 0.05
37 49 0.02 0.05
38 39 1 0.1
38 40 1 0.1
38 41 1 0.1
38 42 0.02 0.05
38 43 0.02 0.05
38 44 0.02 0.05
38 45 0.02 0.05
38 46 0.01 0.01
38 47 0.01 0.01
38 48 0.01 0.01
38 49 0.01 0.01
39 40 1 0.1
39 41 1 0.1
39 42 0.02 0.05
39 43 0.02 0.05
39 44 0.02 0.05
39 45 0.02 0.05
39 46 0.01 0.01
39 47 0.01 0.01
39 48 0.01 0.01
39 49 0.01 0.01
40 41 1 0.1
40 42 0.02 0.05
40 43 0.02 0.05
40 44 0.02 0.05
40 45 0.02 0.05
40 46 0.01 0.01
40 47 0.01 0.01
40 48 0.01 0.01
40 49 0.01 0.01
41 42 0.02 0.05
41 43 0.02 0.05
41 44 0.02 0.05
41 45 0.02 0.05
41 46 0.01 0.01
41 47 0.01 0.01
41 48 0.01 0.01
41 49 0.01 0.01
42 43 1 0.1
42 44 1 0.1
42 45 1 0.1
42 46 0.75 0.1
42 47 0.75 0.1
42 48 0.75 0.1
42 49 0.75 0.1
43 44 1 0.1
43 45 1 0.1
43 46 0.75 0.1
43 47 0.75 0.1
43 48 0.75 0.1
43 49 0.75 0.1
44 45 1 0.1
44 46 0.75 0.1
44 47 0.75 0.1
44 48 0.75 0.1
44 49 0.75 0.1
45 46 0.75 0.1
45 47 0.75 0.1
45 48 0.75 0.1
45 49 0.75 0.1
46 47 1 0.1
46 48 1 0.1
46 49 1 0.1
47 48 1 0.1
47 49 1 0.1
48 49 1 0.1