50
90.34
0 1 8.03 0.35
0 2 14.33 0.50
0 3 5.22 0.23
0 4 10.74 1.94
0 5 3.67 5.25
0 6 1.19 2.68
0 7 3.11 6.95
0 8 3.10 5.08
0 9 3.51 3.92
0 10 4.31 5.72
0 11 3.76 4.42
0 12 1.98 2.23
0 13 1.12 4.99
0 14 4.96 4.41
0 15 3.07 4.85
0 16 3.15 3.76
0 17 4.66 6.33
0 18 2.27 2.78
0 19 4.59 6.70
0 20 2.23 2.34
0 21 3.99 4.95
0 22 2.53 4.44
0 23 4.52 3.76
0 24 2.15 2.40
0 25 2.83 5.15
0 26 4.57 4.79
0 27 1.47 5.54
0 28 1.03 4.44
0 29 3.24 4.48
0 30 2.66 3.48
0 31 4.80 3.64
0 32 4.67 5.56
0 33 3.06 6.76
0 34 1.55 6.65
0 35 2.54 3.83
0 36 3.23 6.01
0 37 3.96 2.18
0 38 3.85 4.50
0 39 3.26 4.80
0 40 4.41 3.23
0 41 4.71 6.45
0 42 2.28 6.08
0 43 2.67 5.69
0 44 4.39 5.80
0 45 3.37 6.46
0 46 3.03 4.56
0 47 3.49 6.05
0 48 3.20 5.99
0 49 4.96 6.84
1 2 15.66 1.77
1 3 14.24 1.28
1 4 11.40 0.81
1 5 4.32 2.51
1 6 4.01 5.92
1 7 3.45 4.95
1 8 2.19 5.05
1 9 2.77 4.01
1 10 3.57 4.85
1 11 1.89 4.04
1 12 1.65 6.50
1 13 2.23 3.24
1 14 3.63 3.83
1 15 3.69 2.55
1 16 3.24 4.63
1 17 1.40 3.84
1 18 4.58 6.42
1 19 4.84 6.20
1 20 2.16 5.14
1 21 3.67 6.54
1 22 1.82 3.58
1 23 3.53 5.27
1 24 2.71 4.23
1 25 3.42 5.93
1 26 2.65 4.74
1 27 3.46 2.54
1 28 2.40 2.60
1 29 2.33 6.61
1 30 1.23 4.35
1 31 3.29 6.21
1 32 3.44 3.26
1 33 4.28 2.80
1 34 2.48 3.54
1 35 1.47 2.46
1 36 3.07 3.26
1 37 2.62 6.60
1 38 2.84 2.19
1 39 2.54 3.64
1 40 2.98 5.50
1 41 2.32 6.71
1 42 4.81 3.61
1 43 4.08 4.39
1 44 3.42 3.24
1 45 4.70 5.21
1 46 3.12 4.81
1 47 4.35 3.93
1 48 4.12 5.99
1 49 3.38 6.67
2 3 3.70 1.59
2 4 8.85 0.11
2 5 3.70 6.86
2 6 1.06 4.75
2 7 3.16 5.60
2 8 3.54 6.63
2 9 1.69 2.67
2 10 1.85 3.10
2 11 2.49 5.70
2 12 4.43 3.68
2 13 4.79 4.21
2 14 2.64 3.08
2 15 3.38 4.38
2 16 4.99 3.98
2 17 3.59 5.55
2 18 4.31 2.72
2 19 3.57 6.05
2 20 1.21 5.30
2 21 3.18 2.36
2 22 4.37 6.99
2 23 2.17 2.36
2 24 1.91 2.62
2 25 4.14 5.56
2 26 1.60 6.08
2 27 4.27 4.94
2 28 1.77 6.37
2 29 3.12 2.67
2 30 4.39 4.53
2 31 4.18 3.93
2 32 4.19 4.71
2 33 3.62 5.90
2 34 3.49 5.24
2 35 2.46 6.72
2 36 3.24 4.38
2 37 4.11 6.70
2 38 2.62 3.72
2 39 4.39 2.53
2 40 2.71 6.21
2 41 4.15 3.22
2 42 1.81 4.18
2 43 4.95 4.61
2 44 3.54 2.51
2 45 1.64 3.22
2 46 4.93 5.24
2 47 2.04 3.45
2 48 3.68 4.62
2 49 3.81 6.08
3 4 7.82 0.43
3 5 1.01 5.14
3 6 3.50 5.62
3 7 3.17 3.93
3 8 2.82 6.50
3 9 2.20 5.70
3 10 3.02 3.84
3 11 2.98 3.40
3 12 3.89 3.03
3 13 4.57 3.18
3 14 1.94 4.59
3 15 1.41 5.15
3 16 2.61 4.64
3 17 3.16 5.72
3 18 2.74 3.54
3 19 1.02 5.22
3 20 1.17 6.42
3 21 3.32 4.94
3 22 1.87 6.36
3 23 2.82 3.20
3 24 2.14 5.99
3 25 3.64 5.31
3 26 3.32 5.63
3 27 1.20 3.27
3 28 3.83 6.09
3 29 4.44 6.42
3 30 1.56 2.34
3 31 1.44 5.93
3 32 4.96 4.44
3 33 3.66 6.26
3 34 2.11 5.20
3 35 1.81 3.97
3 36 3.30 5.05
3 37 3.17 4.89
3 38 4.77 2.66
3 39 3.93 2.79
3 40 2.11 6.19
3 41 1.24 4.24
3 42 3.79 3.58
3 43 3.66 6.31
3 44 2.75 6.73
3 45 4.16 5.80
3 46 3.93 3.60
3 47 3.90 6.04
3 48 3.34 3.53
3 49 2.87 4.46
4 5 4.78 5.93
4 6 3.77 7.00
4 7 3.91 4.12
4 8 1.52 2.79
4 9 2.28 5.94
4 10 3.49 5.59
4 11 3.87 4.91
4 12 1.73 6.52
4 13 1.70 5.88
4 14 1.35 5.59
4 15 2.30 6.52
4 16 3.69 3.05
4 17 1.16 6.54
4 18 4.24 4.94
4 19 4.71 4.07
4 20 1.66 6.05
4 21 1.86 4.71
4 22 2.02 6.89
4 23 1.04 6.55
4 24 1.06 5.77
4 25 2.19 5.75
4 26 1.20 5.72
4 27 4.39 5.50
4 28 4.90 5.49
4 29 1.74 2.59
4 30 2.33 3.22
4 31 1.17 4.74
4 32 2.36 6.05
4 33 2.53 3.10
4 34 2.35 3.38
4 35 4.34 3.84
4 36 1.65 6.75
4 37 3.45 4.40
4 38 4.54 4.17
4 39 2.41 4.43
4 40 1.78 6.78
4 41 1.14 3.83
4 42 3.20 6.43
4 43 1.67 4.79
4 44 3.32 3.01
4 45 3.34 2.51
4 46 3.63 6.02
4 47 4.56 4.18
4 48 2.92 5.99
4 49 2.06 3.67
5 6 12.74 1.02
5 7 10.80 1.00
5 8 11.83 0.92
5 9 1.20 0.98
5 10 4.65 3.70
5 11 3.31 5.50
5 12 1.45 2.28
5 13 4.71 4.46
5 14 2.66 4.22
5 15 4.98 2.37
5 16 3.18 5.06
5 17 1.09 6.28
5 18 4.20 2.50
5 19 2.64 3.17
5 20 4.56 5.64
5 21 3.16 3.05
5 22 3.72 5.54
5 23 4.33 3.03
5 24 2.52 4.26
5 25 3.42 3.65
5 26 2.37 2.20
5 27 1.67 5.77
5 28 1.19 6.29
5 29 4.50 6.01
5 30 1.53 4.27
5 31 2.08 6.02
5 32 2.03 3.55
5 33 2.01 5.80
5 34 2.75 6.06
5 35 2.06 3.87
5 36 4.96 4.04
5 37 4.16 2.63
5 38 3.49 5.02
5 39 1.27 4.71
5 40 2.22 3.11
5 41 4.44 2.16
5 42 2.86 2.13
5 43 1.95 3.44
5 44 3.98 5.58
5 45 4.26 3.76
5 46 1.08 2.06
5 47 3.44 3.46
5 48 3.60 4.33
5 49 3.93 4.83
6 7 5.71 1.05
6 8 13.85 0.56
6 9 9.34 0.25
6 10 4.97 3.86
6 11 3.36 3.86
6 12 2.07 3.55
6 13 2.33 6.29
6 14 3.94 5.73
6 15 3.82 6.74
6 16 4.15 4.07
6 17 2.24 6.20
6 18 2.93 3.97
6 19 1.70 6.30
6 20 3.48 5.30
6 21 1.57 6.53
6 22 2.85 5.89
6 23 2.19 5.58
6 24 1.49 6.72
6 25 4.36 5.90
6 26 2.63 2.88
6 27 3.89 6.95
6 28 1.37 4.37
6 29 4.73 3.45
6 30 4.57 4.22
6 31 3.89 6.43
6 32 1.79 6.97
6 33 2.31 6.19
6 34 2.82 4.18
6 35 3.43 3.01
6 36 2.75 4.28
6 37 4.35 3.09
6 38 1.27 3.37
6 39 2.71 4.21
6 40 2.26 4.41
6 41 3.43 2.69
6 42 3.95 6.53
6 43 2.07 5.33
6 44 3.47 2.96
6 45 4.82 2.52
6 46 2.03 5.15
6 47 4.07 6.30
6 48 4.86 2.91
6 49 2.03 4.58
7 8 7.24 1.04
7 9 13.51 1.16
7 10 3.21 5.73
7 11 4.86 2.57
7 12 1.56 2.95
7 13 3.31 5.45
7 14 3.85 5.26
7 15 4.50 2.87
7 16 3.08 4.51
7 17 1.44 2.21
7 18 2.03 2.14
7 19 1.76 2.21
7 20 2.92 3.74
7 21 2.14 5.01
7 22 3.82 2.95
7 23 1.23 6.62
7 24 3.60 6.95
7 25 3.99 3.47
7 26 4.40 4.31
7 27 3.36 2.21
7 28 4.26 2.16
7 29 1.39 4.07
7 30 2.23 3.62
7 31 3.18 4.66
7 32 4.10 2.81
7 33 3.29 5.22
7 34 4.78 4.14
7 35 1.81 5.60
7 36 3.58 4.09
7 37 4.05 4.87
7 38 2.52 3.68
7 39 1.33 5.29
7 40 4.57 6.44
7 41 1.43 5.86
7 42 4.69 6.98
7 43 3.16 2.21
7 44 3.48 2.33
7 45 2.56 5.22
7 46 3.65 3.64
7 47 2.79 6.47
7 48 4.64 3.45
7 49 2.80 4.96
8 9 13.79 1.03
8 10 2.58 5.14
8 11 1.97 6.77
8 12 4.34 3.13
8 13 4.24 3.59
8 14 1.79 4.02
8 15 2.11 4.18
8 16 1.53 5.10
8 17 3.51 2.22
8 18 3.48 6.31
8 19 3.23 6.69
8 20 1.63 6.42
8 21 3.16 6.33
8 22 3.35 5.26
8 23 4.49 5.37
8 24 2.19 4.76
8 25 3.66 5.40
8 26 2.31 3.81
8 27 2.47 2.52
8 28 3.55 4.61
8 29 2.64 5.74
8 30 1.73 5.69
8 31 3.60 2.70
8 32 3.78 4.91
8 33 4.55 5.48
8 34 1.18 3.55
8 35 2.74 4.73
8 36 4.48 5.74
8 37 3.99 2.78
8 38 3.68 6.13
8 39 3.14 6.64
8 40 4.91 6.67
8 41 2.22 4.78
8 42 2.19 2.51
8 43 1.77 2.25
8 44 2.64 5.51
8 45 1.69 6.67
8 46 2.41 2.86
8 47 1.32 3.99
8 48 4.36 2.52
8 49 4.00 5.97
9 10 1.58 6.37
9 11 2.86 2.88
9 12 3.00 6.28
9 13 2.11 3.76
9 14 4.38 3.22
9 15 2.44 2.91
9 16 2.78 3.77
9 17 2.30 5.67
9 18 1.61 3.77
9 19 3.70 3.35
9 20 2.39 3.49
9 21 4.69 6.57
9 22 2.78 4.26
9 23 3.57 3.55
9 24 3.77 6.50
9 25 3.76 4.54
9 26 2.23 4.88
9 27 1.35 6.34
9 28 2.95 6.86
9 29 3.66 5.48
9 30 3.89 6.81
9 31 2.17 2.11
9 32 4.15 3.70
9 33 3.95 6.28
9 34 2.47 6.67
9 35 3.07 2.13
9 36 3.78 4.02
9 37 4.25 5.67
9 38 4.04 2.56
9 39 2.76 5.69
9 40 3.51 5.96
9 41 1.66 3.00
9 42 1.69 2.43
9 43 1.29 2.23
9 44 4.92 3.98
9 45 3.44 6.63
9 46 3.51 6.67
9 47 4.63 5.38
9 48 3.07 3.37
9 49 2.61 4.60
10 11 15.32 1.55
10 12 2.28 1.45
10 13 10.59 1.16
10 14 13.67 0.41
10 15 3.11 3.30
10 16 4.50 5.17
10 17 3.72 5.90
10 18 2.72 4.53
10 19 1.32 2.40
10 20 4.37 3.99
10 21 2.21 5.04
10 22 4.35 6.64
10 23 1.47 6.69
10 24 4.26 4.24
10 25 1.44 5.03
10 26 4.89 4.45
10 27 1.30 4.79
10 28 2.41 6.56
10 29 2.17 5.34
10 30 4.67 4.92
10 31 3.24 5.18
10 32 1.69 4.93
10 33 1.86 3.89
10 34 3.31 5.40
10 35 4.08 6.24
10 36 1.26 6.97
10 37 3.77 2.80
10 38 1.90 5.28
10 39 3.91 5.75
10 40 2.21 4.08
10 41 4.18 3.55
10 42 1.26 2.81
10 43 4.11 2.76
10 44 3.57 4.65
10 45 4.01 5.55
10 46 4.92 6.01
10 47 1.50 6.53
10 48 1.64 5.20
10 49 4.33 2.95
11 12 11.33 0.95
11 13 10.58 0.71
11 14 11.47 1.44
11 15 2.07 6.05
11 16 1.67 3.36
11 17 4.96 4.81
11 18 1.98 3.83
11 19 3.38 4.89
11 20 3.79 3.50
11 21 1.64 6.48
11 22 3.26 4.06
11 23 1.03 3.59
11 24 3.45 4.77
11 25 1.34 3.04
11 26 2.17 3.82
11 27 3.20 5.69
11 28 1.91 4.99
11 29 2.46 3.91
11 30 1.23 5.21
11 31 2.03 6.64
11 32 1.79 4.86
11 33 3.76 5.30
11 34 1.95 6.87
11 35 3.46 5.91
11 36 4.87 6.95
11 37 3.56 5.43
11 38 3.94 2.17
11 39 4.54 2.65
11 40 3.87 6.61
11 41 2.10 6.78
11 42 4.65 2.81
11 43 1.80 4.73
11 44 1.62 4.87
11 45 2.99 6.04
11 46 1.70 4.00
11 47 2.96 2.60
11 48 4.38 5.14
11 49 2.50 3.72
12 13 9.29 0.32
12 14 11.68 0.26
12 15 4.91 6.34
12 16 4.74 6.45
12 17 3.16 6.61
12 18 1.53 3.00
12 19 3.95 6.73
12 20 1.57 6.40
12 21 4.20 6.16
12 22 1.43 4.31
12 23 3.70 3.59
12 24 1.04 3.53
12 25 2.48 6.10
12 26 1.41 2.68
12 27 4.06 5.50
12 28 1.43 2.51
12 29 1.32 3.27
12 30 3.62 6.27
12 31 1.10 4.92
12 32 4.56 2.41
12 33 4.39 6.49
12 34 2.11 2.02
12 35 4.53 5.25
12 36 3.49 3.65
12 37 4.69 3.93
12 38 4.99 3.22
12 39 3.81 2.60
12 40 4.28 2.80
12 41 1.38 4.70
12 42 3.13 7.00
12 43 1.42 3.99
12 44 2.94 2.16
12 45 3.51 6.81
12 46 2.67 4.21
12 47 1.10 4.65
12 48 3.18 2.15
12 49 4.85 4.90
13 14 3.78 0.75
13 15 3.55 3.64
13 16 2.13 6.10
13 17 2.88 2.54
13 18 1.65 3.93
13 19 3.30 3.07
13 20 3.68 2.91
13 21 4.27 4.99
13 22 3.94 4.03
13 23 1.46 2.42
13 24 4.56 4.58
13 25 3.69 4.66
13 26 1.86 2.34
13 27 1.79 6.00
13 28 2.83 6.65
13 29 4.39 2.67
13 30 1.41 5.56
13 31 2.96 2.38
13 32 3.80 6.15
13 33 1.55 6.35
13 34 4.52 2.97
13 35 4.50 6.31
13 36 3.29 2.36
13 37 2.44 3.47
13 38 3.70 3.81
13 39 1.10 4.64
13 40 1.01 2.69
13 41 2.81 5.50
13 42 3.70 2.26
13 43 4.96 4.08
13 44 2.06 6.47
13 45 3.34 3.39
13 46 4.53 3.75
13 47 4.75 4.84
13 48 1.38 6.24
13 49 3.51 5.49
14 15 1.28 2.60
14 16 2.87 5.56
14 17 3.02 2.15
14 18 2.95 3.61
14 19 1.14 2.38
14 20 1.63 6.12
14 21 3.22 6.34
14 22 1.36 4.41
14 23 2.99 6.36
14 24 2.08 6.00
14 25 3.11 5.37
14 26 1.31 4.65
14 27 1.86 6.88
14 28 3.90 2.48
14 29 1.88 5.36
14 30 2.79 4.91
14 31 1.88 3.70
14 32 4.27 3.93
14 33 2.45 5.10
14 34 3.95 2.73
14 35 1.85 2.52
14 36 2.20 4.67
14 37 2.39 4.36
14 38 2.93 2.53
14 39 2.97 6.31
14 40 3.96 4.41
14 41 4.09 5.34
14 42 1.10 5.55
14 43 1.17 3.01
14 44 2.32 6.27
14 45 2.94 6.80
14 46 4.69 4.69
14 47 3.19 4.91
14 48 3.18 3.62
14 49 1.59 6.36
15 16 9.33 1.17
15 17 5.62 0.93
15 18 11.15 1.28
15 19 7.18 1.62
15 20 2.79 3.05
15 21 4.54 2.80
15 22 3.54 2.44
15 23 4.34 2.67
15 24 1.50 5.44
15 25 2.77 4.04
15 26 3.90 4.29
15 27 2.39 2.11
15 28 2.87 6.64
15 29 2.62 3.02
15 30 1.91 6.41
15 31 2.67 5.24
15 32 2.74 6.54
15 33 3.89 5.19
15 34 1.10 4.64
15 35 4.88 5.35
15 36 1.53 3.33
15 37 4.32 6.64
15 38 3.55 4.69
15 39 2.70 5.44
15 40 3.16 3.95
15 41 1.98 4.60
15 42 2.40 5.70
15 43 4.79 6.35
15 44 1.48 2.07
15 45 4.83 4.64
15 46 2.81 5.36
15 47 4.95 3.26
15 48 4.54 4.53
15 49 3.68 5.75
16 17 18.18 0.21
16 18 12.28 0.99
16 19 15.25 0.31
16 20 1.91 5.95
16 21 1.28 4.69
16 22 4.76 2.19
16 23 3.43 2.23
16 24 4.45 2.12
16 25 2.47 5.89
16 26 4.94 4.59
16 27 2.24 5.91
16 28 1.38 4.06
16 29 1.53 2.82
16 30 4.45 3.45
16 31 4.55 5.67
16 32 2.44 4.09
16 33 2.88 3.29
16 34 3.50 5.67
16 35 1.06 5.70
16 36 3.98 4.74
16 37 2.29 3.40
16 38 3.21 6.83
16 39 4.22 5.46
16 40 2.68 3.15
16 41 1.62 2.85
16 42 4.44 4.63
16 43 4.53 6.99
16 44 3.37 2.42
16 45 1.21 4.60
16 46 2.81 5.89
16 47 1.72 3.45
16 48 1.51 5.99
16 49 4.59 5.27
17 18 5.03 0.84
17 19 13.82 0.21
17 20 1.49 2.64
17 21 3.11 4.12
17 22 3.05 4.81
17 23 4.82 6.59
17 24 1.33 5.96
17 25 1.18 4.89
17 26 1.21 6.03
17 27 2.50 4.63
17 28 3.11 3.11
17 29 3.72 5.52
17 30 5.00 4.53
17 31 3.17 2.79
17 32 1.51 4.40
17 33 4.51 2.68
17 34 3.62 4.76
17 35 3.90 4.99
17 36 3.77 5.94
17 37 2.99 3.59
17 38 3.94 5.59
17 39 3.79 6.39
17 40 3.69 4.34
17 41 2.26 4.51
17 42 4.04 5.29
17 43 3.16 6.42
17 44 4.80 3.40
17 45 1.86 6.06
17 46 2.15 5.23
17 47 2.58 5.60
17 48 1.24 4.00
17 49 3.95 7.00
18 19 2.16 1.45
18 20 1.10 3.24
18 21 1.77 4.86
18 22 4.61 4.29
18 23 3.43 6.26
18 24 1.77 4.62
18 25 3.08 2.74
18 26 2.77 3.59
18 27 4.08 2.39
18 28 1.50 2.34
18 29 4.13 2.32
18 30 4.62 5.37
18 31 3.34 5.07
18 32 3.51 2.67
18 33 1.64 6.82
18 34 1.89 3.34
18 35 2.09 4.18
18 36 3.44 4.27
18 37 4.15 2.05
18 38 3.81 3.09
18 39 1.30 6.50
18 40 1.34 2.64
18 41 3.24 2.55
18 42 3.34 4.78
18 43 3.46 3.49
18 44 4.55 5.04
18 45 1.04 4.85
18 46 3.38 5.47
18 47 4.36 2.88
18 48 3.77 6.81
18 49 2.61 4.26
19 20 1.38 2.55
19 21 4.35 6.14
19 22 1.34 6.34
19 23 2.48 2.41
19 24 4.30 6.06
19 25 4.80 4.78
19 26 3.86 2.08
19 27 3.76 4.70
19 28 2.33 4.15
19 29 4.73 4.95
19 30 4.50 6.42
19 31 1.28 2.30
19 32 3.12 6.78
19 33 1.49 6.07
19 34 4.77 2.25
19 35 1.03 5.25
19 36 1.05 4.43
19 37 4.35 5.26
19 38 3.28 4.44
19 39 1.38 4.05
19 40 1.40 4.61
19 41 2.97 5.71
19 42 3.36 4.88
19 43 2.49 3.51
19 44 3.78 5.15
19 45 1.48 3.56
19 46 4.80 5.45
19 47 3.12 3.91
19 48 2.66 4.77
19 49 2.33 3.68
20 21 5.81 0.53
20 22 10.02 0.40
20 23 12.28 1.47
20 24 9.67 1.23
20 25 2.45 3.79
20 26 1.71 5.60
20 27 2.76 2.78
20 28 1.88 3.80
20 29 1.31 4.56
20 30 2.93 6.75
20 31 2.38 3.71
20 32 1.82 3.01
20 33 3.25 2.23
20 34 1.03 4.82
20 35 3.89 2.97
20 36 1.53 5.66
20 37 3.56 5.85
20 38 4.66 4.45
20 39 1.23 3.90
20 40 1.60 6.75
20 41 4.28 4.45
20 42 4.67 4.72
20 43 2.05 5.91
20 44 4.97 3.35
20 45 2.55 3.68
20 46 2.67 6.99
20 47 1.47 4.70
20 48 4.91 6.68
20 49 4.10 3.30
21 22 14.33 1.09
21 23 12.41 0.69
21 24 9.79 0.54
21 25 4.21 6.36
21 26 3.40 4.67
21 27 2.14 3.12
21 28 4.58 3.09
21 29 3.12 2.34
21 30 1.03 2.86
21 31 1.73 5.42
21 32 2.30 4.60
21 33 4.07 2.64
21 34 2.77 4.16
21 35 3.99 4.56
21 36 2.54 6.56
21 37 3.14 3.23
21 38 4.62 5.45
21 39 4.61 6.08
21 40 2.76 6.68
21 41 1.00 5.34
21 42 1.42 2.67
21 43 2.01 3.63
21 44 3.85 2.49
21 45 3.75 6.39
21 46 1.24 6.31
21 47 4.75 4.97
21 48 4.84 6.22
21 49 4.91 4.66
22 23 9.96 1.36
22 24 5.11 0.79
22 25 1.64 3.54
22 26 1.82 2.43
22 27 3.02 3.29
22 28 4.16 2.61
22 29 1.55 6.46
22 30 4.49 3.44
22 31 3.87 2.02
22 32 4.44 3.21
22 33 2.67 2.63
22 34 4.03 6.99
22 35 2.63 3.42
22 36 3.26 2.76
22 37 3.77 3.94
22 38 4.97 2.05
22 39 1.21 5.19
22 40 1.95 4.30
22 41 3.80 3.88
22 42 2.33 6.21
22 43 1.20 6.22
22 44 2.99 2.31
22 45 2.81 4.41
22 46 1.89 5.25
22 47 1.24 4.35
22 48 2.46 4.62
22 49 1.12 4.04
23 24 10.62 0.89
23 25 1.51 3.18
23 26 4.38 5.14
23 27 2.73 5.46
23 28 4.87 3.69
23 29 1.80 6.55
23 30 2.04 6.44
23 31 1.85 6.96
23 32 3.69 5.09
23 33 4.39 5.84
23 34 3.64 2.37
23 35 4.36 3.37
23 36 1.45 2.40
23 37 2.34 6.30
23 38 4.96 2.58
23 39 1.12 3.45
23 40 2.96 6.14
23 41 2.41 4.95
23 42 4.84 6.50
23 43 3.15 6.70
23 44 2.83 3.82
23 45 1.06 3.76
23 46 3.83 6.02
23 47 1.34 4.25
23 48 2.87 6.38
23 49 4.92 3.27
24 25 4.00 2.11
24 26 2.79 4.16
24 27 1.78 2.96
24 28 4.18 2.74
24 29 4.23 2.11
24 30 4.50 3.38
24 31 4.06 6.27
24 32 4.18 4.49
24 33 2.79 5.31
24 34 2.51 4.16
24 35 4.44 2.01
24 36 1.64 6.13
24 37 3.88 6.07
24 38 3.11 4.57
24 39 4.86 2.01
24 40 4.95 5.74
24 41 1.64 4.74
24 42 4.28 3.64
24 43 2.21 2.08
24 44 2.89 6.18
24 45 4.34 3.03
24 46 4.01 3.07
24 47 1.91 6.76
24 48 3.17 6.23
24 49 2.47 6.49
25 26 10.13 0.94
25 27 4.65 1.68
25 28 15.43 0.50
25 29 16.73 1.00
25 30 2.83 5.57
25 31 1.80 2.57
25 32 4.06 4.51
25 33 2.91 5.32
25 34 4.36 3.98
25 35 2.13 3.85
25 36 1.62 2.55
25 37 2.71 5.76
25 38 3.34 5.52
25 39 1.70 5.69
25 40 1.38 6.81
25 41 3.96 5.02
25 42 4.95 5.05
25 43 4.28 6.39
25 44 2.45 5.55
25 45 3.16 5.06
25 46 3.49 6.47
25 47 1.06 2.63
25 48 3.99 4.02
25 49 1.27 4.96
26 27 6.17 0.70
26 28 3.60 0.82
26 29 4.41 1.07
26 30 4.49 3.36
26 31 2.20 5.90
26 32 2.26 4.53
26 33 3.66 4.81
26 34 1.88 5.78
26 35 1.81 3.83
26 36 1.46 6.00
26 37 3.33 3.41
26 38 4.60 5.93
26 39 5.00 2.05
26 40 2.33 2.34
26 41 2.20 2.28
26 42 4.45 6.33
26 43 2.93 2.29
26 44 1.44 6.43
26 45 1.30 2.66
26 46 2.12 4.81
26 47 2.32 6.17
26 48 1.66 5.30
26 49 3.79 6.82
27 28 20.68 0.16
27 29 8.21 1.74
27 30 2.89 4.29
27 31 2.65 4.48
27 32 3.68 2.71
27 33 2.68 2.88
27 34 3.73 5.21
27 35 2.62 2.50
27 36 2.68 5.37
27 37 3.34 2.52
27 38 4.07 4.58
27 39 4.87 4.02
27 40 3.74 4.52
27 41 2.50 5.90
27 42 3.84 4.02
27 43 3.74 4.66
27 44 1.54 5.89
27 45 4.87 2.65
27 46 1.99 6.37
27 47 1.87 4.52
27 48 2.88 4.01
27 49 2.80 6.83
28 29 9.99 0.37
28 30 3.26 6.01
28 31 1.94 4.24
28 32 4.73 5.53
28 33 2.36 2.54
28 34 4.52 3.71
28 35 2.67 3.18
28 36 2.61 4.42
28 37 2.18 5.40
28 38 1.75 3.94
28 39 3.80 5.63
28 40 3.88 3.42
28 41 3.68 4.01
28 42 3.47 2.57
28 43 3.00 6.83
28 44 3.14 6.79
28 45 3.11 7.00
28 46 4.91 6.38
28 47 2.14 5.58
28 48 1.22 3.45
28 49 1.24 6.10
29 30 4.18 3.95
29 31 3.94 4.75
29 32 4.70 4.19
29 33 4.11 3.80
29 34 1.53 3.81
29 35 3.91 6.87
29 36 3.65 4.11
29 37 1.24 4.35
29 38 4.30 3.55
29 39 2.12 4.15
29 40 2.49 4.67
29 41 2.36 2.68
29 42 4.73 4.85
29 43 4.39 2.99
29 44 3.95 5.83
29 45 2.80 2.49
29 46 3.25 5.80
29 47 3.67 4.73
29 48 2.97 5.37
29 49 4.69 5.41
30 31 16.28 0.58
30 32 6.07 1.76
30 33 2.93 2.31
30 34 11.50 0.18
30 35 2.07 2.07
30 36 3.56 3.91
30 37 3.21 6.64
30 38 3.43 4.41
30 39 3.00 6.93
30 40 3.20 2.69
30 41 3.95 2.66
30 42 4.61 6.07
30 43 3.55 3.70
30 44 1.62 4.75
30 45 2.82 6.75
30 46 1.25 6.67
30 47 2.50 2.03
30 48 2.46 2.53
30 49 3.79 3.71
31 32 4.71 1.03
31 33 14.53 1.33
31 34 12.25 0.44
31 35 2.76 4.59
31 36 3.05 3.59
31 37 2.71 5.35
31 38 3.68 6.56
31 39 3.86 3.68
31 40 3.09 5.18
31 41 1.21 6.12
31 42 2.62 3.31
31 43 4.89 2.80
31 44 4.92 4.01
31 45 2.84 6.85
31 46 4.69 3.01
31 47 1.67 5.98
31 48 4.91 2.38
31 49 4.68 5.48
32 33 15.24 0.85
32 34 7.34 0.08
32 35 1.96 3.14
32 36 2.25 4.16
32 37 3.80 6.34
32 38 2.77 3.92
32 39 1.86 5.29
32 40 3.55 2.54
32 41 3.08 2.85
32 42 2.11 2.07
32 43 1.29 4.74
32 44 4.58 3.49
32 45 4.83 5.55
32 46 4.89 6.01
32 47 3.37 3.84
32 48 4.68 5.12
32 49 1.27 3.01
33 34 9.15 0.44
33 35 1.98 4.09
33 36 1.06 4.13
33 37 1.60 4.09
33 38 1.95 5.53
33 39 1.07 3.33
33 40 3.04 6.64
33 41 2.41 2.99
33 42 1.72 6.80
33 43 3.99 4.30
33 44 3.14 4.13
33 45 3.98 3.57
33 46 1.80 6.82
33 47 4.99 3.28
33 48 3.72 3.24
33 49 1.31 2.13
34 35 1.72 5.92
34 36 4.17 3.37
34 37 2.32 4.44
34 38 3.41 3.95
34 39 3.69 5.82
34 40 3.78 3.39
34 41 4.18 5.79
34 42 3.55 5.13
34 43 4.28 3.79
34 44 1.26 4.64
34 45 3.34 4.37
34 46 4.00 2.65
34 47 1.56 2.33
34 48 2.97 3.98
34 49 2.74 4.21
35 36 4.10 1.32
35 37 4.88 1.38
35 38 3.88 0.15
35 39 4.56 1.45
35 40 1.07 5.07
35 41 3.05 6.53
35 42 3.26 3.55
35 43 3.41 6.72
35 44 2.38 3.18
35 45 3.77 6.48
35 46 3.59 3.96
35 47 3.61 6.78
35 48 1.26 4.07
35 49 2.33 2.26
36 37 4.66 0.52
36 38 12.50 0.73
36 39 12.13 0.47
36 40 2.38 3.28
36 41 2.88 4.89
36 42 2.35 3.19
36 43 2.14 5.85
36 44 4.64 4.44
36 45 3.38 4.03
36 46 2.05 2.52
36 47 2.27 5.62
36 48 4.56 3.37
36 49 4.28 2.63
37 38 9.29 0.38
37 39 15.56 1.38
37 40 4.63 3.36
37 41 1.00 4.27
37 42 3.18 4.59
37 43 3.99 2.29
37 44 4.49 6.60
37 45 2.41 3.41
37 46 3.97 4.15
37 47 1.17 4.45
37 48 4.44 3.12
37 49 3.94 6.57
38 39 17.87 1.21
38 40 1.47 3.79
38 41 3.47 2.58
38 42 1.07 5.40
38 43 1.83 2.81
38 44 2.78 3.22
38 45 1.59 6.81
38 46 3.23 5.00
38 47 2.47 4.12
38 48 4.75 3.58
38 49 1.35 2.72
39 40 1.34 2.24
39 41 2.05 2.51
39 42 3.86 5.43
39 43 4.55 6.00
39 44 3.01 5.04
39 45 3.50 3.21
39 46 1.66 6.42
39 47 4.83 2.74
39 48 2.71 4.82
39 49 3.95 5.41
40 41 11.73 1.22
40 42 16.54 1.09
40 43 0.24 0.64
40 44 17.86 1.32
40 45 4.51 4.39
40 46 2.47 3.12
40 47 3.21 3.88
40 48 1.23 2.76
40 49 4.34 2.83
41 42 8.99 0.53
41 43 10.26 0.68
41 44 10.59 1.07
41 45 1.35 5.41
41 46 4.47 5.11
41 47 4.57 5.94
41 48 1.80 3.91
41 49 1.94 6.64
42 43 6.02 1.37
42 44 9.55 0.86
42 45 4.06 6.63
42 46 1.61 2.03
42 47 4.43 4.68
42 48 4.37 4.92
42 49 2.83 3.87
43 44 8.22 0.21
43 45 4.51 4.51
43 46 1.46 3.57
43 47 1.69 2.39
43 48 2.41 2.87
43 49 2.79 6.95
44 45 1.25 2.25
44 46 3.09 2.09
44 47 4.95 4.53
44 48 4.88 5.35
44 49 3.24 5.26
45 46 5.44 1.00
45 47 12.95 1.40
45 48 15.19 1.32
45 49 17.26 0.17
46 47 16.92 0.15
46 48 4.05 1.08
46 49 1.56 0.82
47 48 7.00 0.94
47 49 12.50 1.07
48 49 7.14 1.06
