50
95.3
0 1 18.471 0.747
0 2 9.29 0.865
0 3 6.538 0.604
0 4 5.652 0.774
0 5 14.702 0.561
0 6 13.236 1.058
0 7 5.888 0.918
0 8 18.506 0.835
0 9 16.315 0.957
0 10 12.489 0.628
0 11 10.808 0.534
0 12 11.233 0.566
0 13 5.633 0.611
0 14 12.906 1.015
0 15 13.26 0.988
0 16 9.919 0.893
0 17 10.438 0.578
0 18 11.586 0.913
0 19 12.525 0.96
0 20 18.733 0.765
0 21 11.408 0.62
0 22 5.914 0.87
0 23 11.834 0.902
0 24 8.491 0.927
0 25 12.865 0.119
0 26 14.052 0.607
0 27 10.356 0.807
0 28 13.817 0.742
0 29 7.127 0.733
0 30 19.653 0.426
0 31 8.766 0.573
0 32 14.232 0.908
0 33 14.937 0.4
0 34 11.443 0.553
0 35 7.06 0.763
0 36 9.223 0.649
0 37 11.743 0.8
0 38 10.485 0.995
0 39 10.07 0.674
0 40 12.791 0.854
0 41 9.248 0.822
0 42 12.631 0.758
0 43 8.629 0.814
0 44 10.651 0.668
0 45 14.305 0.773
0 46 18.982 0.374
0 47 19.822 0.399
0 48 13.797 0.575
0 49 10.093 0.977
1 2 11.557 0.588
1 3 5.756 0.656
1 4 14.681 0.185
1 5 11.527 0.721
1 6 15.456 0.372
1 7 8.106 0.883
1 8 5.833 0.8
1 9 8.715 0.193
1 10 18.495 0.335
1 11 12.413 0.537
1 12 11.614 0.526
1 13 6.506 0.62
1 14 9.291 0.767
1 15 11.836 0.749
1 16 6.307 0.71
1 17 8.517 0.635
1 18 10.367 0.628
1 19 14.938 0.152
1 20 14.427 0.225
1 21 11.879 0.94
1 22 10.122 0.703
1 23 10.307 0.57
1 24 12.749 0.835
1 25 9.375 1.073
1 26 12.944 0.661
1 27 17.9 0.855
1 28 7.211 0.995
1 29 9.532 0.882
1 30 18.215 0.961
1 31 7.784 0.975
1 32 13.858 1.005
1 33 7.88 0.631
1 34 17.26 0.589
1 35 14.462 0.537
1 36 10.352 0.124
1 37 11.893 0.615
1 38 14.124 1.0
1 39 10.467 0.506
1 40 8.816 1.08
1 41 8.325 0.75
1 42 8.779 0.34
1 43 12.831 0.616
1 44 11.566 1.05
1 45 6.966 0.824
1 46 8.884 0.557
1 47 12.596 0.27
1 48 13.412 0.971
1 49 10.275 0.739
2 3 6.361 0.657
2 4 6.13 1.093
2 5 9.714 0.146
2 6 9.873 0.503
2 7 10.247 0.936
2 8 10.382 0.543
2 9 10.43 0.723
2 10 9.073 0.758
2 11 10.076 0.963
2 12 13.825 0.336
2 13 6.892 0.612
2 14 6.958 0.504
2 15 9.008 0.127
2 16 12.931 0.568
2 17 10.912 0.546
2 18 11.079 0.671
2 19 8.742 0.644
2 20 11.524 0.62
2 21 9.807 0.792
2 22 5.538 0.639
2 23 11.528 0.481
2 24 13.565 0.657
2 25 18.419 0.588
2 26 9.3 0.541
2 27 8.089 0.836
2 28 12.642 0.781
2 29 6.329 0.709
2 30 12.967 0.848
2 31 13.657 0.889
2 32 5.797 0.586
2 33 13.079 0.685
2 34 14.211 0.602
2 35 13.086 0.326
2 36 11.238 0.508
2 37 18.751 0.235
2 38 10.214 0.734
2 39 8.912 0.87
2 40 11.807 0.538
2 41 6.454 0.739
2 42 13.684 0.767
2 43 7.382 0.482
2 44 10.749 1.025
2 45 12.015 0.921
2 46 10.212 0.958
2 47 12.677 1.019
2 48 8.734 0.757
2 49 7.981 0.91
3 4 14.546 0.756
3 5 17.67 1.036
3 6 13.619 0.745
3 7 12.259 0.577
3 8 5.586 1.072
3 9 11.1 0.559
3 10 10.388 1.098
3 11 10.754 0.855
3 12 11.415 0.847
3 13 6.444 0.585
3 14 13.777 0.429
3 15 10.113 0.584
3 16 18.904 0.554
3 17 5.688 1.094
3 18 13.397 0.944
3 19 8.992 0.957
3 20 12.391 0.854
3 21 8.106 0.769
3 22 12.961 0.661
3 23 12.4 0.37
3 24 10.744 0.213
3 25 5.633 0.965
3 26 7.444 0.777
3 27 6.284 0.743
3 28 12.914 0.631
3 29 8.216 1.089
3 30 12.802 1.092
3 31 10.652 0.906
3 32 9.231 0.938
3 33 8.68 1.046
3 34 7.771 0.595
3 35 11.687 0.783
3 36 17.958 0.793
3 37 10.709 0.691
3 38 9.111 0.689
3 39 13.522 0.722
3 40 6.653 1.086
3 41 10.184 0.891
3 42 14.335 0.71
3 43 8.696 0.905
3 44 12.819 0.548
3 45 13.845 0.957
3 46 7.206 1.049
3 47 8.211 0.343
3 48 7.775 0.652
3 49 6.16 0.641
4 5 8.625 1.075
4 6 17.039 0.143
4 7 10.377 0.73
4 8 12.542 0.423
4 9 19.949 0.839
4 10 14.95 0.527
4 11 12.309 0.922
4 12 19.56 0.795
4 13 5.56 0.817
4 14 8.211 0.35
4 15 10.518 0.605
4 16 10.789 0.686
4 17 8.264 0.723
4 18 8.896 1.004
4 19 18.821 0.5
4 20 16.527 0.458
4 21 5.545 0.605
4 22 12.495 0.934
4 23 9.013 1.019
4 24 18.997 0.726
4 25 7.044 0.684
4 26 9.173 0.565
4 27 10.296 1.055
4 28 12.891 0.903
4 29 7.397 0.883
4 30 10.594 0.599
4 31 12.739 0.621
4 32 11.666 0.768
4 33 14.093 0.957
4 34 11.423 0.345
4 35 13.06 0.822
4 36 11.108 0.45
4 37 11.15 0.784
4 38 7.368 1.045
4 39 13.375 1.084
4 40 13.695 0.936
4 41 6.491 0.586
4 42 13.815 0.757
4 43 11.967 0.753
4 44 12.511 0.544
4 45 10.867 0.509
4 46 6.004 0.813
4 47 7.258 0.678
4 48 12.49 1.058
4 49 6.223 0.958
5 6 13.465 1.072
5 7 9.494 0.533
5 8 13.047 0.918
5 9 6.571 1.044
5 10 10.785 0.856
5 11 9.894 0.615
5 12 8.129 0.759
5 13 7.861 0.683
5 14 7.179 0.641
5 15 6.472 0.823
5 16 11.505 0.825
5 17 6.031 0.904
5 18 10.947 0.862
5 19 9.572 0.959
5 20 9.316 0.936
5 21 13.05 0.41
5 22 7.464 0.963
5 23 13.697 0.744
5 24 9.644 1.016
5 25 8.269 0.54
5 26 11.898 1.004
5 27 19.259 1.035
5 28 8.388 0.875
5 29 9.337 1.089
5 30 15.502 0.617
5 31 13.164 0.924
5 32 12.584 0.616
5 33 10.716 0.169
5 34 8.185 0.678
5 35 12.067 1.08
5 36 14.615 0.847
5 37 12.54 0.578
5 38 10.964 0.879
5 39 7.846 0.613
5 40 13.964 0.767
5 41 11.797 1.034
5 42 8.15 0.577
5 43 6.549 0.767
5 44 7.18 0.816
5 45 10.766 0.803
5 46 15.763 0.249
5 47 13.598 0.39
5 48 19.126 0.282
5 49 17.15 0.91
6 7 12.772 0.883
6 8 12.534 0.102
6 9 9.114 0.57
6 10 19.686 0.369
6 11 13.302 0.839
6 12 5.527 1.011
6 13 7.435 1.045
6 14 11.295 0.867
6 15 12.59 0.453
6 16 13.051 0.97
6 17 6.805 0.94
6 18 8.538 1.079
6 19 19.432 0.493
6 20 11.111 0.344
6 21 7.461 0.624
6 22 5.583 0.644
6 23 12.473 0.888
6 24 8.321 0.76
6 25 5.843 0.966
6 26 13.074 0.559
6 27 9.079 0.475
6 28 12.669 0.541
6 29 13.159 0.852
6 30 7.339 0.571
6 31 12.193 0.709
6 32 14.35 1.069
6 33 11.678 1.038
6 34 12.634 0.426
6 35 13.882 0.721
6 36 18.368 0.456
6 37 14.062 0.859
6 38 12.624 0.703
6 39 12.196 1.006
6 40 7.654 1.045
6 41 12.24 0.176
6 42 6.552 0.937
6 43 6.584 0.734
6 44 16.284 0.701
6 45 7.967 0.704
6 46 6.475 1.059
6 47 8.693 0.149
6 48 11.572 0.933
6 49 13.84 0.629
7 8 7.209 0.882
7 9 19.793 0.729
7 10 11.462 0.517
7 11 7.973 0.601
7 12 14.326 0.559
7 13 13.702 0.678
7 14 10.172 0.574
7 15 10.431 0.771
7 16 6.944 1.057
7 17 12.036 0.951
7 18 6.425 0.885
7 19 14.223 0.521
7 20 11.758 1.083
7 21 10.809 1.001
7 22 10.112 0.785
7 23 6.18 0.648
7 24 13.677 0.672
7 25 8.503 0.753
7 26 6.131 0.762
7 27 14.241 1.083
7 28 18.356 0.826
7 29 8.637 0.662
7 30 11.447 0.789
7 31 10.159 0.818
7 32 13.718 0.547
7 33 9.334 0.927
7 34 7.929 0.642
7 35 6.763 0.62
7 36 9.213 0.603
7 37 6.53 1.049
7 38 9.743 1.008
7 39 13.489 0.562
7 40 12.287 0.738
7 41 12.74 0.125
7 42 7.878 1.06
7 43 12.849 0.924
7 44 18.702 0.24
7 45 12.107 0.538
7 46 6.187 1.039
7 47 9.066 0.632
7 48 7.29 0.621
7 49 8.943 0.937
8 9 13.603 0.828
8 10 14.092 1.025
8 11 14.485 0.523
8 12 18.405 0.52
8 13 14.072 0.582
8 14 12.388 0.543
8 15 9.272 1.059
8 16 12.233 0.765
8 17 18.199 0.942
8 18 13.572 1.004
8 19 7.428 0.694
8 20 10.926 1.028
8 21 5.61 0.944
8 22 6.652 0.768
8 23 11.03 0.549
8 24 6.912 1.061
8 25 16.222 0.575
8 26 7.346 0.837
8 27 9.104 0.6
8 28 11.275 0.529
8 29 11.325 0.598
8 30 9.436 0.95
8 31 9.686 1.018
8 32 9.13 0.58
8 33 18.029 0.945
8 34 13.779 0.55
8 35 18.96 0.521
8 36 12.205 0.606
8 37 13.479 0.25
8 38 14.342 0.694
8 39 10.269 0.714
8 40 13.662 0.518
8 41 12.104 0.213
8 42 12.173 0.981
8 43 10.633 0.891
8 44 11.712 0.862
8 45 13.314 0.884
8 46 14.344 0.74
8 47 8.342 1.098
8 48 12.351 0.57
8 49 11.088 0.207
9 10 6.555 0.442
9 11 11.721 0.831
9 12 11.819 0.525
9 13 13.099 1.006
9 14 14.271 0.906
9 15 7.748 0.669
9 16 10.701 0.892
9 17 16.903 0.409
9 18 14.549 0.193
9 19 17.66 0.853
9 20 12.382 0.354
9 21 11.569 0.84
9 22 9.703 0.662
9 23 8.298 0.978
9 24 6.706 0.613
9 25 17.002 0.911
9 26 14.48 1.067
9 27 13.45 0.746
9 28 16.554 0.548
9 29 9.36 0.735
9 30 9.991 0.338
9 31 14.839 0.996
9 32 6.953 0.671
9 33 7.282 0.778
9 34 10.224 0.781
9 35 13.056 0.828
9 36 12.128 0.886
9 37 13.911 1.081
9 38 14.339 0.517
9 39 5.561 0.721
9 40 10.403 0.491
9 41 12.63 0.687
9 42 11.303 0.996
9 43 13.508 1.091
9 44 12.853 0.317
9 45 12.213 0.712
9 46 9.652 0.426
9 47 11.451 0.897
9 48 6.785 0.726
9 49 6.785 1.092
10 11 13.062 0.921
10 12 13.767 1.024
10 13 10.121 0.841
10 14 9.31 1.025
10 15 12.871 0.738
10 16 12.25 0.806
10 17 7.769 0.543
10 18 7.288 0.664
10 19 14.925 0.335
10 20 17.857 0.57
10 21 11.502 1.057
10 22 14.356 0.54
10 23 13.462 1.03
10 24 10.018 0.685
10 25 9.325 0.719
10 26 7.325 0.616
10 27 13.879 1.01
10 28 11.253 0.552
10 29 10.482 0.4
10 30 17.412 1.091
10 31 18.2 0.951
10 32 9.913 1.041
10 33 8.938 1.062
10 34 11.549 0.394
10 35 11.844 0.631
10 36 19.286 0.422
10 37 8.358 0.871
10 38 10.879 0.537
10 39 13.969 0.859
10 40 11.747 0.535
10 41 13.991 0.794
10 42 13.991 0.607
10 43 7.392 0.956
10 44 14.025 0.734
10 45 9.351 0.97
10 46 11.086 0.966
10 47 7.337 0.994
10 48 12.462 0.913
10 49 9.227 0.849
11 12 10.769 0.752
11 13 13.975 0.221
11 14 8.46 0.656
11 15 19.472 0.594
11 16 8.821 0.782
11 17 14.461 0.827
11 18 13.658 0.905
11 19 11.425 0.66
11 20 14.228 0.651
11 21 11.494 0.19
11 22 12.347 0.12
11 23 6.823 0.899
11 24 8.735 0.306
11 25 11.458 0.737
11 26 17.454 0.482
11 27 10.498 0.57
11 28 9.338 0.739
11 29 19.647 0.36
11 30 11.607 0.678
11 31 7.848 0.598
11 32 17.748 0.318
11 33 9.096 0.584
11 34 10.712 0.884
11 35 13.885 0.999
11 36 9.935 0.926
11 37 11.631 0.538
11 38 5.549 1.062
11 39 9.707 0.908
11 40 8.861 0.969
11 41 9.351 1.047
11 42 9.62 0.848
11 43 9.928 0.936
11 44 6.511 0.699
11 45 13.404 0.833
11 46 9.728 1.02
11 47 10.827 0.597
11 48 7.675 1.021
11 49 13.626 0.576
12 13 10.968 0.979
12 14 14.338 0.845
12 15 12.493 1.099
12 16 9.543 0.752
12 17 11.042 0.696
12 18 13.629 0.686
12 19 6.592 0.523
12 20 13.697 0.58
12 21 10.989 0.758
12 22 10.302 0.748
12 23 5.568 0.975
12 24 7.538 0.803
12 25 13.872 0.143
12 26 6.756 0.816
12 27 7.488 0.668
12 28 10.777 1.077
12 29 6.383 0.507
12 30 12.421 1.096
12 31 6.517 1.036
12 32 9.268 0.878
12 33 12.096 0.257
12 34 11.45 0.313
12 35 11.954 0.256
12 36 10.264 0.606
12 37 11.644 0.463
12 38 7.203 0.992
12 39 11.44 0.124
12 40 13.026 0.567
12 41 9.422 0.523
12 42 8.622 0.743
12 43 11.417 0.57
12 44 9.372 0.89
12 45 9.831 0.609
12 46 12.578 0.708
12 47 14.471 0.696
12 48 11.254 0.617
12 49 7.73 0.822
13 14 10.847 1.034
13 15 15.37 0.292
13 16 9.032 0.946
13 17 8.849 0.732
13 18 9.818 0.595
13 19 11.576 1.017
13 20 9.096 0.577
13 21 10.414 1.06
13 22 12.385 0.13
13 23 12.254 0.903
13 24 10.33 0.556
13 25 11.921 0.94
13 26 14.512 0.367
13 27 17.16 0.537
13 28 6.266 0.744
13 29 16.622 0.365
13 30 6.094 0.907
13 31 6.81 0.716
13 32 12.787 0.541
13 33 13.26 1.096
13 34 11.824 0.764
13 35 12.107 0.644
13 36 10.618 0.826
13 37 9.751 0.593
13 38 7.946 0.68
13 39 14.148 1.062
13 40 5.688 1.091
13 41 6.868 0.584
13 42 11.366 0.897
13 43 8.156 0.585
13 44 6.331 1.053
13 45 11.006 1.051
13 46 10.325 0.698
13 47 6.556 0.653
13 48 9.086 0.748
13 49 15.97 0.73
14 15 12.029 1.083
14 16 12.226 0.252
14 17 11.619 0.957
14 18 5.845 0.821
14 19 10.563 0.704
14 20 6.064 0.714
14 21 9.581 0.503
14 22 10.624 0.973
14 23 18.391 0.168
14 24 15.862 0.215
14 25 6.618 0.624
14 26 7.564 0.775
14 27 9.965 0.144
14 28 9.386 0.909
14 29 10.751 1.012
14 30 12.922 0.739
14 31 7.128 0.594
14 32 8.723 0.663
14 33 8.824 0.76
14 34 7.875 0.869
14 35 12.567 0.688
14 36 13.271 0.738
14 37 11.274 0.67
14 38 5.704 0.836
14 39 13.747 1.091
14 40 9.153 0.576
14 41 12.849 0.629
14 42 9.174 1.052
14 43 6.732 0.685
14 44 7.883 0.733
14 45 10.553 1.052
14 46 16.232 0.721
14 47 5.83 1.021
14 48 11.427 0.849
14 49 10.356 1.012
15 16 7.159 0.77
15 17 6.096 0.928
15 18 15.082 0.818
15 19 8.329 0.928
15 20 8.939 1.013
15 21 7.573 0.759
15 22 19.047 0.192
15 23 7.222 1.062
15 24 7.882 0.866
15 25 12.524 0.817
15 26 14.256 0.383
15 27 15.296 0.648
15 28 6.452 0.512
15 29 15.297 0.59
15 30 5.575 0.956
15 31 7.777 0.616
15 32 16.057 0.395
15 33 10.236 0.613
15 34 12.05 0.653
15 35 10.812 0.686
15 36 17.386 0.91
15 37 11.09 0.947
15 38 12.498 0.859
15 39 11.537 0.741
15 40 5.797 0.538
15 41 6.17 0.748
15 42 17.638 1.081
15 43 13.884 0.59
15 44 7.445 0.67
15 45 14.142 1.098
15 46 18.649 0.798
15 47 11.363 0.958
15 48 8.803 0.552
15 49 12.458 0.563
16 17 14.15 0.774
16 18 8.885 0.671
16 19 12.607 1.057
16 20 11.008 0.429
16 21 6.248 1.018
16 22 14.241 0.579
16 23 18.198 0.218
16 24 14.12 0.183
16 25 11.854 0.59
16 26 5.539 0.606
16 27 9.746 1.078
16 28 10.244 0.671
16 29 8.584 0.937
16 30 11.81 0.586
16 31 12.446 0.852
16 32 5.509 1.025
16 33 9.739 0.839
16 34 6.854 0.95
16 35 7.307 1.048
16 36 6.406 0.855
16 37 12.498 0.93
16 38 6.476 0.6
16 39 7.92 0.835
16 40 6.6 0.854
16 41 9.334 1.071
16 42 6.192 0.976
16 43 11.78 0.603
16 44 17.05 0.735
16 45 8.837 0.592
16 46 6.648 1.098
16 47 13.212 0.7
16 48 13.645 0.571
16 49 7.858 0.84
17 18 10.062 0.479
17 19 7.242 0.904
17 20 13.293 1.063
17 21 13.014 0.62
17 22 13.417 1.037
17 23 9.069 0.356
17 24 8.904 0.634
17 25 13.163 0.74
17 26 9.244 1.023
17 27 6.387 0.892
17 28 12.755 0.148
17 29 13.583 0.881
17 30 6.241 0.767
17 31 11.432 0.228
17 32 11.387 1.088
17 33 7.496 0.991
17 34 10.908 0.752
17 35 10.212 0.654
17 36 6.45 1.054
17 37 12.759 0.773
17 38 14.882 0.135
17 39 14.039 0.819
17 40 17.326 0.308
17 41 13.436 0.802
17 42 13.15 0.513
17 43 11.289 0.717
17 44 8.972 0.731
17 45 8.629 0.636
17 46 7.194 0.596
17 47 5.855 0.516
17 48 6.346 1.041
17 49 6.719 0.765
18 19 8.203 0.762
18 20 16.091 0.727
18 21 14.489 0.542
18 22 12.473 1.096
18 23 12.711 0.562
18 24 11.4 1.069
18 25 7.956 0.63
18 26 10.758 0.928
18 27 12.296 1.048
18 28 11.171 0.521
18 29 10.991 0.505
18 30 12.537 0.657
18 31 18.674 0.896
18 32 6.922 0.61
18 33 12.011 0.976
18 34 12.809 0.823
18 35 5.585 0.815
18 36 14.426 1.093
18 37 13.118 0.775
18 38 13.785 0.174
18 39 15.319 1.026
18 40 16.379 0.289
18 41 13.552 0.648
18 42 9.405 0.769
18 43 9.121 0.682
18 44 6.897 0.887
18 45 15.838 0.89
18 46 11.939 0.691
18 47 7.94 0.913
18 48 9.507 0.838
18 49 9.515 0.835
19 20 13.285 0.633
19 21 9.468 0.642
19 22 12.34 0.977
19 23 7.044 0.557
19 24 7.237 0.556
19 25 10.736 0.287
19 26 11.907 0.787
19 27 7.747 0.936
19 28 10.497 0.818
19 29 7.292 0.588
19 30 11.508 0.994
19 31 8.823 0.456
19 32 14.21 1.067
19 33 11.941 0.542
19 34 14.366 0.467
19 35 11.488 0.815
19 36 12.051 0.366
19 37 14.157 0.828
19 38 12.274 0.766
19 39 9.005 1.055
19 40 11.679 0.721
19 41 8.167 0.539
19 42 11.607 0.886
19 43 11.094 0.15
19 44 6.453 1.072
19 45 7.32 0.895
19 46 5.714 0.762
19 47 13.308 0.827
19 48 10.26 0.624
19 49 11.753 0.781
20 21 6.749 0.959
20 22 13.342 1.061
20 23 8.913 0.528
20 24 7.579 0.882
20 25 11.129 0.737
20 26 5.869 1.078
20 27 11.982 0.82
20 28 10.569 0.617
20 29 12.723 1.045
20 30 13.323 0.837
20 31 6.752 0.524
20 32 10.576 1.072
20 33 11.225 0.69
20 34 10.949 0.151
20 35 12.065 0.877
20 36 11.913 0.577
20 37 13.332 0.717
20 38 12.6 0.177
20 39 13.185 0.751
20 40 7.135 0.809
20 41 13.286 0.705
20 42 12.576 0.985
20 43 8.073 0.787
20 44 12.15 0.874
20 45 8.829 0.756
20 46 6.347 1.034
20 47 6.629 0.309
20 48 15.367 0.83
20 49 9.967 0.518
21 22 11.646 0.898
21 23 11.818 0.538
21 24 12.656 1.076
21 25 7.634 0.7
21 26 9.415 0.393
21 27 9.98 0.665
21 28 12.894 0.726
21 29 7.675 0.795
21 30 13.48 0.516
21 31 10.401 0.778
21 32 10.306 0.877
21 33 13.961 0.548
21 34 8.4 1.061
21 35 12.368 0.719
21 36 15.087 0.798
21 37 12.985 0.768
21 38 10.852 1.04
21 39 6.385 0.665
21 40 14.018 0.713
21 41 12.81 0.805
21 42 11.211 0.938
21 43 18.476 0.735
21 44 7.705 0.942
21 45 10.248 0.95
21 46 11.782 0.138
21 47 18.354 0.437
21 48 11.449 0.37
21 49 13.281 0.897
22 23 11.521 0.6
22 24 13.495 0.795
22 25 14.525 0.954
22 26 18.844 0.32
22 27 12.312 0.47
22 28 9.586 0.969
22 29 13.382 0.583
22 30 5.541 0.654
22 31 19.235 0.799
22 32 19.462 0.643
22 33 11.798 0.763
22 34 8.693 1.087
22 35 12.432 1.022
22 36 13.901 0.727
22 37 9.84 0.865
22 38 18.311 0.94
22 39 6.369 0.751
22 40 10.752 0.677
22 41 8.15 0.893
22 42 14.217 0.673
22 43 18.649 1.033
22 44 12.897 1.083
22 45 12.639 0.613
22 46 11.007 0.607
22 47 13.838 0.711
22 48 12.201 0.723
22 49 14.185 0.575
23 24 19.556 0.425
23 25 10.004 0.533
23 26 17.854 1.047
23 27 12.469 0.692
23 28 6.432 0.93
23 29 10.678 0.676
23 30 7.769 0.919
23 31 11.732 1.075
23 32 5.549 0.685
23 33 16.666 0.97
23 34 8.698 0.525
23 35 7.49 0.921
23 36 12.692 0.781
23 37 8.939 0.873
23 38 6.054 0.82
23 39 11.463 0.97
23 40 10.118 0.993
23 41 6.946 0.794
23 42 5.787 0.668
23 43 8.528 0.55
23 44 11.234 0.756
23 45 8.651 0.506
23 46 19.398 0.81
23 47 13.064 0.658
23 48 9.517 0.923
23 49 17.099 0.941
24 25 12.28 1.044
24 26 8.712 0.48
24 27 7.441 0.449
24 28 6.272 0.777
24 29 12.872 0.891
24 30 10.263 0.615
24 31 7.924 0.861
24 32 11.68 0.543
24 33 18.894 0.945
24 34 8.041 0.523
24 35 13.739 0.843
24 36 6.444 0.706
24 37 15.108 0.755
24 38 6.398 0.963
24 39 10.508 0.885
24 40 13.753 0.551
24 41 5.608 1.009
24 42 8.407 0.874
24 43 12.479 0.641
24 44 18.05 0.834
24 45 7.28 0.613
24 46 6.4 1.054
24 47 13.964 0.735
24 48 7.242 0.811
24 49 6.329 0.889
25 26 5.625 1.033
25 27 12.721 0.747
25 28 10.497 0.93
25 29 10.981 0.602
25 30 10.293 0.924
25 31 11.562 0.718
25 32 6.4 0.503
25 33 9.74 0.635
25 34 6.587 0.706
25 35 12.521 0.354
25 36 9.937 0.948
25 37 14.688 0.143
25 38 5.61 0.889
25 39 12.384 0.634
25 40 11.749 0.868
25 41 12.65 1.045
25 42 13.65 0.5
25 43 7.362 0.61
25 44 14.157 0.665
25 45 10.595 0.646
25 46 10.932 1.057
25 47 14.248 0.974
25 48 9.056 0.798
25 49 9.752 0.859
26 27 12.446 0.195
26 28 10.764 0.684
26 29 11.007 0.166
26 30 16.101 0.976
26 31 6.478 0.924
26 32 15.736 0.225
26 33 6.477 1.013
26 34 8.545 0.951
26 35 7.463 0.671
26 36 12.134 0.504
26 37 11.201 0.796
26 38 13.762 0.936
26 39 18.215 1.059
26 40 10.192 1.093
26 41 13.711 0.554
26 42 10.588 0.957
26 43 6.325 0.808
26 44 8.382 0.848
26 45 7.604 0.897
26 46 15.723 0.932
26 47 13.806 1.069
26 48 9.292 0.777
26 49 12.949 0.569
27 28 11.984 0.891
27 29 16.897 0.371
27 30 6.525 0.956
27 31 13.292 0.825
27 32 13.071 0.308
27 33 14.555 0.948
27 34 8.78 1.009
27 35 6.383 0.673
27 36 12.072 0.631
27 37 6.874 1.077
27 38 11.347 1.018
27 39 14.001 0.517
27 40 9.655 0.815
27 41 13.403 0.852
27 42 8.509 0.619
27 43 9.171 0.587
27 44 14.427 0.526
27 45 7.214 0.843
27 46 11.108 1.097
27 47 12.89 0.912
27 48 8.905 0.689
27 49 10.947 1.005
28 29 7.341 0.732
28 30 10.785 1.056
28 31 14.274 0.54
28 32 11.883 0.986
28 33 14.41 0.991
28 34 6.526 0.313
28 35 12.129 0.815
28 36 10.806 0.937
28 37 7.883 0.656
28 38 13.878 0.615
28 39 13.82 0.789
28 40 16.617 0.308
28 41 14.285 0.708
28 42 12.592 0.847
28 43 10.491 0.554
28 44 11.25 0.698
28 45 6.485 0.957
28 46 10.24 0.563
28 47 12.598 0.75
28 48 8.949 0.84
28 49 13.503 1.007
29 30 14.423 0.873
29 31 13.89 0.904
29 32 18.851 0.359
29 33 8.232 0.663
29 34 9.825 1.004
29 35 8.564 0.619
29 36 6.432 0.612
29 37 19.179 0.877
29 38 10.732 0.719
29 39 6.859 0.857
29 40 5.654 0.944
29 41 14.446 0.537
29 42 18.834 0.729
29 43 7.789 0.66
29 44 13.047 1.024
29 45 8.143 0.841
29 46 8.841 0.849
29 47 7.863 0.878
29 48 6.813 0.474
29 49 5.952 0.699
30 31 12.312 0.698
30 32 14.848 0.87
30 33 14.184 0.501
30 34 6.443 0.855
30 35 6.029 0.696
30 36 12.146 0.853
30 37 14.482 0.945
30 38 8.455 0.834
30 39 11.372 0.585
30 40 7.048 0.829
30 41 13.46 0.756
30 42 10.766 0.893
30 43 9.837 0.513
30 44 16.723 0.781
30 45 10.887 1.012
30 46 11.012 0.24
30 47 16.116 0.529
30 48 10.162 0.6
30 49 11.252 0.893
31 32 7.081 0.718
31 33 11.127 0.592
31 34 14.206 0.536
31 35 7.459 0.504
31 36 9.523 0.909
31 37 9.076 0.574
31 38 9.612 0.893
31 39 10.461 0.546
31 40 10.666 0.579
31 41 14.162 0.606
31 42 17.462 0.309
31 43 14.445 0.396
31 44 5.675 0.674
31 45 8.783 0.507
31 46 10.396 0.927
31 47 5.936 0.862
31 48 7.584 0.871
31 49 19.797 0.56
32 33 12.138 0.801
32 34 14.485 0.909
32 35 8.057 0.898
32 36 11.848 0.689
32 37 8.232 0.934
32 38 15.165 0.7
32 39 8.185 1.025
32 40 13.251 0.53
32 41 10.681 0.877
32 42 8.132 0.707
32 43 10.582 0.733
32 44 10.25 0.9
32 45 10.004 0.81
32 46 13.308 1.072
32 47 9.881 0.954
32 48 8.358 0.325
32 49 13.709 0.688
33 34 13.703 0.557
33 35 14.435 0.872
33 36 12.356 0.576
33 37 6.205 0.683
33 38 13.193 1.012
33 39 12.998 0.906
33 40 12.359 1.097
33 41 13.665 0.93
33 42 10.826 0.402
33 43 8.854 0.722
33 44 13.322 0.54
33 45 8.904 0.564
33 46 13.134 0.427
33 47 19.809 0.112
33 48 16.337 0.281
33 49 8.997 0.627
34 35 13.261 0.997
34 36 17.929 0.365
34 37 10.658 0.615
34 38 7.627 0.901
34 39 10.037 0.578
34 40 13.107 1.075
34 41 9.887 1.038
34 42 14.282 1.049
34 43 18.607 0.976
34 44 10.754 0.839
34 45 10.554 0.673
34 46 11.538 0.549
34 47 11.125 0.756
34 48 7.45 0.762
34 49 8.446 0.625
35 36 6.153 0.709
35 37 16.768 0.438
35 38 11.157 0.653
35 39 6.875 0.571
35 40 10.786 0.568
35 41 9.714 1.058
35 42 14.087 0.814
35 43 7.687 0.641
35 44 6.831 0.66
35 45 19.342 1.095
35 46 9.519 0.83
35 47 13.114 0.84
35 48 7.495 0.6
35 49 11.488 0.705
36 37 5.663 0.994
36 38 13.65 1.067
36 39 6.133 0.62
36 40 19.209 0.802
36 41 11.93 0.851
36 42 6.299 1.089
36 43 9.846 0.216
36 44 7.729 0.669
36 45 8.11 0.327
36 46 8.822 0.543
36 47 8.64 0.989
36 48 8.533 0.969
36 49 9.735 0.771
37 38 10.72 0.723
37 39 10.862 0.621
37 40 9.081 0.849
37 41 11.081 0.598
37 42 6.869 0.987
37 43 11.957 0.501
37 44 12.499 1.09
37 45 12.309 1.031
37 46 11.292 0.647
37 47 16.29 0.907
37 48 11.584 0.563
37 49 13.529 1.049
38 39 9.814 0.597
38 40 13.642 0.453
38 41 6.398 0.938
38 42 12.486 0.521
38 43 9.925 0.681
38 44 12.286 0.95
38 45 7.896 0.707
38 46 6.194 0.59
38 47 6.441 0.237
38 48 12.82 0.73
38 49 14.004 0.778
39 40 8.79 0.975
39 41 11.538 0.52
39 42 17.225 0.182
39 43 18.905 0.192
39 44 7.636 0.749
39 45 7.788 0.347
39 46 5.993 0.733
39 47 14.002 0.971
39 48 9.977 1.012
39 49 14.828 0.201
40 41 14.036 0.64
40 42 9.213 0.867
40 43 8.425 0.553
40 44 11.672 0.868
40 45 10.322 0.764
40 46 19.696 1.04
40 47 8.437 0.821
40 48 6.223 0.887
40 49 14.244 0.855
41 42 12.31 0.647
41 43 5.666 0.976
41 44 13.768 0.325
41 45 19.371 0.461
41 46 8.162 0.87
41 47 6.666 0.842
41 48 8.682 0.359
41 49 9.366 1.09
42 43 10.166 0.505
42 44 7.561 0.714
42 45 7.585 0.704
42 46 8.431 0.905
42 47 11.649 0.684
42 48 10.298 1.053
42 49 11.161 0.549
43 44 13.245 0.72
43 45 9.305 0.972
43 46 10.364 0.916
43 47 11.813 0.822
43 48 11.645 0.958
43 49 14.015 0.547
44 45 11.803 0.116
44 46 13.307 0.829
44 47 12.965 0.615
44 48 14.01 0.685
44 49 10.887 0.671
45 46 8.327 0.593
45 47 9.273 0.887
45 48 8.189 0.587
45 49 5.943 0.522
46 47 17.483 0.131
46 48 12.366 0.464
46 49 14.325 1.002
47 48 17.256 0.472
47 49 12.541 1.014
48 49 7.492 0.792