50
90
0 1 10.0 0.15
0 2 10.0 0.15
0 3 10.0 0.15
0 4 10.0 0.15
0 5 10.0 0.15
0 6 10.0 0.15
0 7 10.0 0.15
0 8 10.0 0.15
0 9 10.0 0.15
0 10 10.0 0.15
0 11 10.0 0.15
0 12 10.0 0.15
0 13 10.0 0.15
0 14 10.0 0.15
0 15 10.0 0.15
0 16 10.0 0.15
0 17 10.0 0.15
0 18 10.0 0.15
0 19 10.0 0.15
0 20 11.0 1.3
0 21 11.0 1.3
0 22 11.0 1.3
0 23 11.0 1.3
0 24 11.0 1.3
0 25 3.0 1.1
0 26 3.0 1.1
0 27 3.0 1.1
0 28 3.0 1.1
0 29 3.0 1.1
0 30 3.0 1.1
0 31 3.0 1.1
0 32 3.0 1.1
0 33 3.0 1.1
0 34 3.0 1.1
0 35 3.0 1.1
0 36 3.0 1.1
0 37 3.0 1.1
0 38 3.0 1.1
0 39 3.0 1.1
0 40 3.0 1.1
0 41 3.0 1.1
0 42 3.0 1.1
0 43 3.0 1.1
0 44 3.0 1.1
0 45 3.0 1.1
0 46 3.0 1.1
0 47 3.0 1.1
0 48 3.0 1.1
0 49 3.0 1.1
1 2 10.0 0.15
1 3 10.0 0.15
1 4 10.0 0.15
1 5 10.0 0.15
1 6 10.0 0.15
1 7 10.0 0.15
1 8 10.0 0.15
1 9 10.0 0.15
1 10 10.0 0.15
1 11 10.0 0.15
1 12 10.0 0.15
1 13 10.0 0.15
1 14 10.0 0.15
1 15 10.0 0.15
1 16 10.0 0.15
1 17 10.0 0.15
1 18 10.0 0.15
1 19 10.0 0.15
1 20 11.0 1.3
1 21 11.0 1.3
1 22 11.0 1.3
1 23 11.0 1.3
1 24 11.0 1.3
1 25 3.0 1.1
1 26 3.0 1.1
1 27 3.0 1.1
1 28 3.0 1.1
1 29 3.0 1.1
1 30 3.0 1.1
1 31 3.0 1.1
1 32 3.0 1.1
1 33 3.0 1.1
1 34 3.0 1.1
1 35 3.0 1.1
1 36 3.0 1.1
1 37 3.0 1.1
1 38 3.0 1.1
1 39 3.0 1.1
1 40 3.0 1.1
1 41 3.0 1.1
1 42 3.0 1.1
1 43 3.0 1.1
1 44 3.0 1.1
1 45 3.0 1.1
1 46 3.0 1.1
1 47 3.0 1.1
1 48 3.0 1.1
1 49 3.0 1.1
2 3 10.0 0.15
2 4 10.0 0.15
2 5 10.0 0.15
2 6 10.0 0.15
2 7 10.0 0.15
2 8 10.0 0.15
2 9 10.0 0.15
2 10 10.0 0.15
2 11 10.0 0.15
2 12 10.0 0.15
2 13 10.0 0.15
2 14 10.0 0.15
2 15 10.0 0.15
2 16 10.0 0.15
2 17 10.0 0.15
2 18 10.0 0.15
2 19 10.0 0.15
2 20 11.0 1.3
2 21 11.0 1.3
2 22 11.0 1.3
2 23 11.0 1.3
2 24 11.0 1.3
2 25 3.0 1.1
2 26 3.0 1.1
2 27 3.0 1.1
2 28 3.0 1.1
2 29 3.0 1.1
2 30 3.0 1.1
2 31 3.0 1.1
2 32 3.0 1.1
2 33 3.0 1.1
2 34 3.0 1.1
2 35 3.0 1.1
2 36 3.0 1.1
2 37 3.0 1.1
2 38 3.0 1.1
2 39 3.0 1.1
2 40 3.0 1.1
2 41 3.0 1.1
2 42 3.0 1.1
2 43 3.0 1.1
2 44 3.0 1.1
2 45 3.0 1.1
2 46 3.0 1.1
2 47 3.0 1.1
2 48 3.0 1.1
2 49 3.0 1.1
3 4 10.0 0.15
3 5 10.0 0.15
3 6 10.0 0.15
3 7 10.0 0.15
3 8 10.0 0.15
3 9 10.0 0.15
3 10 10.0 0.15
3 11 10.0 0.15
3 12 10.0 0.15
3 13 10.0 0.15
3 14 10.0 0.15
3 15 10.0 0.15
3 16 10.0 0.15
3 17 10.0 0.15
3 18 10.0 0.15
3 19 10.0 0.15
3 20 11.0 1.3
3 21 11.0 1.3
3 22 11.0 1.3
3 23 11.0 1.3
3 24 11.0 1.3
3 25 3.0 1.1
3 26 3.0 1.1
3 27 3.0 1.1
3 28 3.0 1.1
3 29 3.0 1.1
3 30 3.0 1.1
3 31 3.0 1.1
3 32 3.0 1.1
3 33 3.0 1.1
3 34 3.0 1.1
3 35 3.0 1.1
3 36 3.0 1.1
3 37 3.0 1.1
3 38 3.0 1.1
3 39 3.0 1.1
3 40 3.0 1.1
3 41 3.0 1.1
3 42 3.0 1.1
3 43 3.0 1.1
3 44 3.0 1.1
3 45 3.0 1.1
3 46 3.0 1.1
3 47 3.0 1.1
3 48 3.0 1.1
3 49 3.0 1.1
4 5 10.0 0.15
4 6 10.0 0.15
4 7 10.0 0.15
4 8 10.0 0.15
4 9 10.0 0.15
4 10 10.0 0.15
4 11 10.0 0.15
4 12 10.0 0.15
4 13 10.0 0.15
4 14 10.0 0.15
4 15 10.0 0.15
4 16 10.0 0.15
4 17 10.0 0.15
4 18 10.0 0.15
4 19 10.0 0.15
4 20 11.0 1.3
4 21 11.0 1.3
4 22 11.0 1.3
4 23 11.0 1.3
4 24 11.0 1.3
4 25 3.0 1.1
4 26 3.0 1.1
4 27 3.0 1.1
4 28 3.0 1.1
4 29 3.0 1.1
4 30 3.0 1.1
4 31 3.0 1.1
4 32 3.0 1.1
4 33 3.0 1.1
4 34 3.0 1.1
4 35 3.0 1.1
4 36 3.0 1.1
4 37 3.0 1.1
4 38 3.0 1.1
4 39 3.0 1.1
4 40 3.0 1.1
4 41 3.0 1.1
4 42 3.0 1.1
4 43 3.0 1.1
4 44 3.0 1.1
4 45 3.0 1.1
4 46 3.0 1.1
4 47 3.0 1.1
4 48 3.0 1.1
4 49 3.0 1.1
5 6 10.0 0.15
5 7 10.0 0.15
5 8 10.0 0.15
5 9 10.0 0.15
5 10 10.0 0.15
5 11 10.0 0.15
5 12 10.0 0.15
5 13 10.0 0.15
5 14 10.0 0.15
5 15 10.0 0.15
5 16 10.0 0.15
5 17 10.0 0.15
5 18 10.0 0.15
5 19 10.0 0.15
5 20 3.0 1.1
5 21 3.0 1.1
5 22 3.0 1.1
5 23 3.0 1.1
5 24 3.0 1.1
5 25 3.0 1.1
5 26 3.0 1.1
5 27 3.0 1.1
5 28 3.0 1.1
5 29 3.0 1.1
5 30 3.0 1.1
5 31 3.0 1.1
5 32 3.0 1.1
5 33 3.0 1.1
5 34 3.0 1.1
5 35 3.0 1.1
5 36 3.0 1.1
5 37 3.0 1.1
5 38 3.0 1.1
5 39 3.0 1.1
5 40 3.0 1.1
5 41 3.0 1.1
5 42 3.0 1.1
5 43 3.0 1.1
5 44 3.0 1.1
5 45 3.0 1.1
5 46 3.0 1.1
5 47 3.0 1.1
5 48 3.0 1.1
5 49 3.0 1.1
6 7 10.0 0.15
6 8 10.0 0.15
6 9 10.0 0.15
6 10 10.0 0.15
6 11 10.0 0.15
6 12 10.0 0.15
6 13 10.0 0.15
6 14 10.0 0.15
6 15 10.0 0.15
6 16 10.0 0.15
6 17 10.0 0.15
6 18 10.0 0.15
6 19 10.0 0.15
6 20 3.0 1.1
6 21 3.0 1.1
6 22 3.0 1.1
6 23 3.0 1.1
6 24 3.0 1.1
6 25 3.0 1.1
6 26 3.0 1.1
6 27 3.0 1.1
6 28 3.0 1.1
6 29 3.0 1.1
6 30 3.0 1.1
6 31 3.0 1.1
6 32 3.0 1.1
6 33 3.0 1.1
6 34 3.0 1.1
6 35 3.0 1.1
6 36 3.0 1.1
6 37 3.0 1.1
6 38 3.0 1.1
6 39 3.0 1.1
6 40 3.0 1.1
6 41 3.0 1.1
6 42 3.0 1.1
6 43 3.0 1.1
6 44 3.0 1.1
6 45 3.0 1.1
6 46 3.0 1.1
6 47 3.0 1.1
6 48 3.0 1.1
6 49 3.0 1.1
7 8 10.0 0.15
7 9 10.0 0.15
7 10 10.0 0.15
7 11 10.0 0.15
7 12 10.0 0.15
7 13 10.0 0.15
7 14 10.0 0.15
7 15 10.0 0.15
7 16 10.0 0.15
7 17 10.0 0.15
7 18 10.0 0.15
7 19 10.0 0.15
7 20 3.0 1.1
7 21 3.0 1.1
7 22 3.0 1.1
7 23 3.0 1.1
7 24 3.0 1.1
7 25 3.0 1.1
7 26 3.0 1.1
7 27 3.0 1.1
7 28 3.0 1.1
7 29 3.0 1.1
7 30 3.0 1.1
7 31 3.0 1.1
7 32 3.0 1.1
7 33 3.0 1.1
7 34 3.0 1.1
7 35 3.0 1.1
7 36 3.0 1.1
7 37 3.0 1.1
7 38 3.0 1.1
7 39 3.0 1.1
7 40 3.0 1.1
7 41 3.0 1.1
7 42 3.0 1.1
7 43 3.0 1.1
7 44 3.0 1.1
7 45 3.0 1.1
7 46 3.0 1.1
7 47 3.0 1.1
7 48 3.0 1.1
7 49 3.0 1.1
8 9 10.0 0.15
8 10 10.0 0.15
8 11 10.0 0.15
8 12 10.0 0.15
8 13 10.0 0.15
8 14 10.0 0.15
8 15 10.0 0.15
8 16 10.0 0.15
8 17 10.0 0.15
8 18 10.0 0.15
8 19 10.0 0.15
8 20 3.0 1.1
8 21 3.0 1.1
8 22 3.0 1.1
8 23 3.0 1.1
8 24 3.0 1.1
8 25 3.0 1.1
8 26 3.0 1.1
8 27 3.0 1.1
8 28 3.0 1.1
8 29 3.0 1.1
8 30 3.0 1.1
8 31 3.0 1.1
8 32 3.0 1.1
8 33 3.0 1.1
8 34 3.0 1.1
8 35 3.0 1.1
8 36 3.0 1.1
8 37 3.0 1.1
8 38 3.0 1.1
8 39 3.0 1.1
8 40 3.0 1.1
8 41 3.0 1.1
8 42 3.0 1.1
8 43 3.0 1.1
8 44 3.0 1.1
8 45 3.0 1.1
8 46 3.0 1.1
8 47 3.0 1.1
8 48 3.0 1.1
8 49 3.0 1.1
9 10 10.0 0.15
9 11 10.0 0.15
9 12 10.0 0.15
9 13 10.0 0.15
9 14 10.0 0.15
9 15 10.0 0.15
9 16 10.0 0.15
9 17 10.0 0.15
9 18 10.0 0.15
9 19 10.0 0.15
9 20 3.0 1.1
9 21 3.0 1.1
9 22 3.0 1.1
9 23 3.0 1.1
9 24 3.0 1.1
9 25 3.0 1.1
9 26 3.0 1.1
9 27 3.0 1.1
9 28 3.0 1.1
9 29 3.0 1.1
9 30 3.0 1.1
9 31 3.0 1.1
9 32 3.0 1.1
9 33 3.0 1.1
9 34 3.0 1.1
9 35 3.0 1.1
9 36 3.0 1.1
9 37 3.0 1.1
9 38 3.0 1.1
9 39 3.0 1.1
9 40 3.0 1.1
9 41 3.0 1.1
9 42 3.0 1.1
9 43 3.0 1.1
9 44 3.0 1.1
9 45 3.0 1.1
9 46 3.0 1.1
9 47 3.0 1.1
9 48 3.0 1.1
9 49 3.0 1.1
10 11 10.0 0.15
10 12 10.0 0.15
10 13 10.0 0.15
10 14 10.0 0.15
10 15 10.0 0.15
10 16 10.0 0.15
10 17 10.0 0.15
10 18 10.0 0.15
10 19 10.0 0.15
10 20 3.0 1.1
10 21 3.0 1.1
10 22 3.0 1.1
10 23 3.0 1.1
10 24 3.0 1.1
10 25 3.0 1.1
10 26 3.0 1.1
10 27 3.0 1.1
10 28 3.0 1.1
10 29 3.0 1.1
10 30 11.0 1.3
10 31 11.0 1.3
10 32 11.0 1.3
10 33 11.0 1.3
10 34 11.0 1.3
10 35 3.0 1.1
10 36 3.0 1.1
10 37 3.0 1.1
10 38 3.0 1.1
10 39 3.0 1.1
10 40 3.0 1.1
10 41 3.0 1.1
10 42 3.0 1.1
10 43 3.0 1.1
10 44 3.0 1.1
10 45 3.0 1.1
10 46 3.0 1.1
10 47 3.0 1.1
10 48 3.0 1.1
10 49 3.0 1.1
11 12 10.0 0.15
11 13 10.0 0.15
11 14 10.0 0.15
11 15 10.0 0.15
11 16 10.0 0.15
11 17 10.0 0.15
11 18 10.0 0.15
11 19 10.0 0.15
11 20 3.0 1.1
11 21 3.0 1.1
11 22 3.0 1.1
11 23 3.0 1.1
11 24 3.0 1.1
11 25 3.0 1.1
11 26 3.0 1.1
11 27 3.0 1.1
11 28 3.0 1.1
11 29 3.0 1.1
11 30 11.0 1.3
11 31 11.0 1.3
11 32 11.0 1.3
11 33 11.0 1.3
11 34 11.0 1.3
11 35 3.0 1.1
11 36 3.0 1.1
11 37 3.0 1.1
11 38 3.0 1.1
11 39 3.0 1.1
11 40 3.0 1.1
11 41 3.0 1.1
11 42 3.0 1.1
11 43 3.0 1.1
11 44 3.0 1.1
11 45 3.0 1.1
11 46 3.0 1.1
11 47 3.0 1.1
11 48 3.0 1.1
11 49 3.0 1.1
12 13 10.0 0.15
12 14 10.0 0.15
12 15 10.0 0.15
12 16 10.0 0.15
12 17 10.0 0.15
12 18 10.0 0.15
12 19 10.0 0.15
12 20 3.0 1.1
12 21 3.0 1.1
12 22 3.0 1.1
12 23 3.0 1.1
12 24 3.0 1.1
12 25 3.0 1.1
12 26 3.0 1.1
12 27 3.0 1.1
12 28 3.0 1.1
12 29 3.0 1.1
12 30 11.0 1.3
12 31 11.0 1.3
12 32 11.0 1.3
12 33 11.0 1.3
12 34 11.0 1.3
12 35 3.0 1.1
12 36 3.0 1.1
12 37 3.0 1.1
12 38 3.0 1.1
12 39 3.0 1.1
12 40 3.0 1.1
12 41 3.0 1.1
12 42 3.0 1.1
12 43 3.0 1.1
12 44 3.0 1.1
12 45 3.0 1.1
12 46 3.0 1.1
12 47 3.0 1.1
12 48 3.0 1.1
12 49 3.0 1.1
13 14 10.0 0.15
13 15 10.0 0.15
13 16 10.0 0.15
13 17 10.0 0.15
13 18 10.0 0.15
13 19 10.0 0.15
13 20 3.0 1.1
13 21 3.0 1.1
13 22 3.0 1.1
13 23 3.0 1.1
13 24 3.0 1.1
13 25 3.0 1.1
13 26 3.0 1.1
13 27 3.0 1.1
13 28 3.0 1.1
13 29 3.0 1.1
13 30 11.0 1.3
13 31 11.0 1.3
13 32 11.0 1.3
13 33 11.0 1.3
13 34 11.0 1.3
13 35 3.0 1.1
13 36 3.0 1.1
13 37 3.0 1.1
13 38 3.0 1.1
13 39 3.0 1.1
13 40 3.0 1.1
13 41 3.0 1.1
13 42 3.0 1.1
13 43 3.0 1.1
13 44 3.0 1.1
13 45 3.0 1.1
13 46 3.0 1.1
13 47 3.0 1.1
13 48 3.0 1.1
13 49 3.0 1.1
14 15 10.0 0.15
14 16 10.0 0.15
14 17 10.0 0.15
14 18 10.0 0.15
14 19 10.0 0.15
14 20 3.0 1.1
14 21 3.0 1.1
14 22 3.0 1.1
14 23 3.0 1.1
14 24 3.0 1.1
14 25 3.0 1.1
14 26 3.0 1.1
14 27 3.0 1.1
14 28 3.0 1.1
14 29 3.0 1.1
14 30 11.0 1.3
14 31 11.0 1.3
14 32 11.0 1.3
14 33 11.0 1.3
14 34 11.0 1.3
14 35 3.0 1.1
14 36 3.0 1.1
14 37 3.0 1.1
14 38 3.0 1.1
14 39 3.0 1.1
14 40 3.0 1.1
14 41 3.0 1.1
14 42 3.0 1.1
14 43 3.0 1.1
14 44 3.0 1.1
14 45 3.0 1.1
14 46 3.0 1.1
14 47 3.0 1.1
14 48 3.0 1.1
14 49 3.0 1.1
15 16 10.0 0.15
15 17 10.0 0.15
15 18 10.0 0.15
15 19 10.0 0.15
15 20 3.0 1.1
15 21 3.0 1.1
15 22 3.0 1.1
15 23 3.0 1.1
15 24 3.0 1.1
15 25 3.0 1.1
15 26 3.0 1.1
15 27 3.0 1.1
15 28 3.0 1.1
15 29 3.0 1.1
15 30 3.0 1.1
15 31 3.0 1.1
15 32 3.0 1.1
15 33 3.0 1.1
15 34 3.0 1.1
15 35 3.0 1.1
15 36 3.0 1.1
15 37 3.0 1.1
15 38 3.0 1.1
15 39 3.0 1.1
15 40 3.0 1.1
15 41 3.0 1.1
15 42 3.0 1.1
15 43 3.0 1.1
15 44 3.0 1.1
15 45 3.0 1.1
15 46 3.0 1.1
15 47 3.0 1.1
15 48 3.0 1.1
15 49 3.0 1.1
16 17 10.0 0.15
16 18 10.0 0.15
16 19 10.0 0.15
16 20 3.0 1.1
16 21 3.0 1.1
16 22 3.0 1.1
16 23 3.0 1.1
16 24 3.0 1.1
16 25 3.0 1.1
16 26 3.0 1.1
16 27 3.0 1.1
16 28 3.0 1.1
16 29 3.0 1.1
16 30 3.0 1.1
16 31 3.0 1.1
16 32 3.0 1.1
16 33 3.0 1.1
16 34 3.0 1.1
16 35 3.0 1.1
16 36 3.0 1.1
16 37 3.0 1.1
16 38 3.0 1.1
16 39 3.0 1.1
16 40 3.0 1.1
16 41 3.0 1.1
16 42 3.0 1.1
16 43 3.0 1.1
16 44 3.0 1.1
16 45 3.0 1.1
16 46 3.0 1.1
16 47 3.0 1.1
16 48 3.0 1.1
16 49 3.0 1.1
17 18 10.0 0.15
17 19 10.0 0.15
17 20 3.0 1.1
17 21 3.0 1.1
17 22 3.0 1.1
17 23 3.0 1.1
17 24 3.0 1.1
17 25 3.0 1.1
17 26 3.0 1.1
17 27 3.0 1.1
17 28 3.0 1.1
17 29 3.0 1.1
17 30 3.0 1.1
17 31 3.0 1.1
17 32 3.0 1.1
17 33 3.0 1.1
17 34 3.0 1.1
17 35 3.0 1.1
17 36 3.0 1.1
17 37 3.0 1.1
17 38 3.0 1.1
17 39 3.0 1.1
17 40 3.0 1.1
17 41 3.0 1.1
17 42 3.0 1.1
17 43 3.0 1.1
17 44 3.0 1.1
17 45 3.0 1.1
17 46 3.0 1.1
17 47 3.0 1.1
17 48 3.0 1.1
17 49 3.0 1.1
18 19 10.0 0.15
18 20 3.0 1.1
18 21 3.0 1.1
18 22 3.0 1.1
18 23 3.0 1.1
18 24 3.0 1.1
18 25 3.0 1.1
18 26 3.0 1.1
18 27 3.0 1.1
18 28 3.0 1.1
18 29 3.0 1.1
18 30 3.0 1.1
18 31 3.0 1.1
18 32 3.0 1.1
18 33 3.0 1.1
18 34 3.0 1.1
18 35 3.0 1.1
18 36 3.0 1.1
18 37 3.0 1.1
18 38 3.0 1.1
18 39 3.0 1.1
18 40 3.0 1.1
18 41 3.0 1.1
18 42 3.0 1.1
18 43 3.0 1.1
18 44 3.0 1.1
18 45 3.0 1.1
18 46 3.0 1.1
18 47 3.0 1.1
18 48 3.0 1.1
18 49 3.0 1.1
19 20 3.0 1.1
19 21 3.0 1.1
19 22 3.0 1.1
19 23 3.0 1.1
19 24 3.0 1.1
19 25 3.0 1.1
19 26 3.0 1.1
19 27 3.0 1.1
19 28 3.0 1.1
19 29 3.0 1.1
19 30 3.0 1.1
19 31 3.0 1.1
19 32 3.0 1.1
19 33 3.0 1.1
19 34 3.0 1.1
19 35 3.0 1.1
19 36 3.0 1.1
19 37 3.0 1.1
19 38 3.0 1.1
19 39 3.0 1.1
19 40 3.0 1.1
19 41 3.0 1.1
19 42 3.0 1.1
19 43 3.0 1.1
19 44 3.0 1.1
19 45 3.0 1.1
19 46 3.0 1.1
19 47 3.0 1.1
19 48 3.0 1.1
19 49 3.0 1.1
20 21 10.0 0.15
20 22 10.0 0.15
20 23 10.0 0.15
20 24 10.0 0.15
20 25 10.0 0.15
20 26 10.0 0.15
20 27 10.0 0.15
20 28 10.0 0.15
20 29 10.0 0.15
20 30 10.0 0.15
20 31 10.0 0.15
20 32 10.0 0.15
20 33 10.0 0.15
20 34 10.0 0.15
20 35 10.0 0.15
20 36 10.0 0.15
20 37 10.0 0.15
20 38 10.0 0.15
20 39 10.0 0.15
20 40 3.0 1.1
20 41 3.0 1.1
20 42 3.0 1.1
20 43 3.0 1.1
20 44 3.0 1.1
20 45 3.0 1.1
20 46 3.0 1.1
20 47 3.0 1.1
20 48 3.0 1.1
20 49 3.0 1.1
21 22 10.0 0.15
21 23 10.0 0.15
21 24 10.0 0.15
21 25 10.0 0.15
21 26 10.0 0.15
21 27 10.0 0.15
21 28 10.0 0.15
21 29 10.0 0.15
21 30 10.0 0.15
21 31 10.0 0.15
21 32 10.0 0.15
21 33 10.0 0.15
21 34 10.0 0.15
21 35 10.0 0.15
21 36 10.0 0.15
21 37 10.0 0.15
21 38 10.0 0.15
21 39 10.0 0.15
21 40 3.0 1.1
21 41 3.0 1.1
21 42 3.0 1.1
21 43 3.0 1.1
21 44 3.0 1.1
21 45 3.0 1.1
21 46 3.0 1.1
21 47 3.0 1.1
21 48 3.0 1.1
21 49 3.0 1.1
22 23 10.0 0.15
22 24 10.0 0.15
22 25 10.0 0.15
22 26 10.0 0.15
22 27 10.0 0.15
22 28 10.0 0.15
22 29 10.0 0.15
22 30 10.0 0.15
22 31 10.0 0.15
22 32 10.0 0.15
22 33 10.0 0.15
22 34 10.0 0.15
22 35 10.0 0.15
22 36 10.0 0.15
22 37 10.0 0.15
22 38 10.0 0.15
22 39 10.0 0.15
22 40 3.0 1.1
22 41 3.0 1.1
22 42 3.0 1.1
22 43 3.0 1.1
22 44 3.0 1.1
22 45 3.0 1.1
22 46 3.0 1.1
22 47 3.0 1.1
22 48 3.0 1.1
22 49 3.0 1.1
23 24 10.0 0.15
23 25 10.0 0.15
23 26 10.0 0.15
23 27 10.0 0.15
23 28 10.0 0.15
23 29 10.0 0.15
23 30 10.0 0.15
23 31 10.0 0.15
23 32 10.0 0.15
23 33 10.0 0.15
23 34 10.0 0.15
23 35 10.0 0.15
23 36 10.0 0.15
23 37 10.0 0.15
23 38 10.0 0.15
23 39 10.0 0.15
23 40 3.0 1.1
23 41 3.0 1.1
23 42 3.0 1.1
23 43 3.0 1.1
23 44 3.0 1.1
23 45 3.0 1.1
23 46 3.0 1.1
23 47 3.0 1.1
23 48 3.0 1.1
23 49 3.0 1.1
24 25 10.0 0.15
24 26 10.0 0.15
24 27 10.0 0.15
24 28 10.0 0.15
24 29 10.0 0.15
24 30 10.0 0.15
24 31 10.0 0.15
24 32 10.0 0.15
24 33 10.0 0.15
24 34 10.0 0.15
24 35 10.0 0.15
24 36 10.0 0.15
24 37 10.0 0.15
24 38 10.0 0.15
24 39 10.0 0.15
24 40 3.0 1.1
24 41 3.0 1.1
24 42 3.0 1.1
24 43 3.0 1.1
24 44 3.0 1.1
24 45 3.0 1.1
24 46 3.0 1.1
24 47 3.0 1.1
24 48 3.0 1.1
24 49 3.0 1.1
25 26 10.0 0.15
25 27 10.0 0.15
25 28 10.0 0.15
25 29 10.0 0.15
25 30 10.0 0.15
25 31 10.0 0.15
25 32 10.0 0.15
25 33 10.0 0.15
25 34 10.0 0.15
25 35 10.0 0.15
25 36 10.0 0.15
25 37 10.0 0.15
25 38 10.0 0.15
25 39 10.0 0.15
25 40 3.0 1.1
25 41 3.0 1.1
25 42 3.0 1.1
25 43 3.0 1.1
25 44 3.0 1.1
25 45 3.0 1.1
25 46 3.0 1.1
25 47 3.0 1.1
25 48 3.0 1.1
25 49 3.0 1.1
26 27 10.0 0.15
26 28 10.0 0.15
26 29 10.0 0.15
26 30 10.0 0.15
26 31 10.0 0.15
26 32 10.0 0.15
26 33 10.0 0.15
26 34 10.0 0.15
26 35 10.0 0.15
26 36 10.0 0.15
26 37 10.0 0.15
26 38 10.0 0.15
26 39 10.0 0.15
26 40 3.0 1.1
26 41 3.0 1.1
26 42 3.0 1.1
26 43 3.0 1.1
26 44 3.0 1.1
26 45 3.0 1.1
26 46 3.0 1.1
26 47 3.0 1.1
26 48 3.0 1.1
26 49 3.0 1.1
27 28 10.0 0.15
27 29 10.0 0.15
27 30 10.0 0.15
27 31 10.0 0.15
27 32 10.0 0.15
27 33 10.0 0.15
27 34 10.0 0.15
27 35 10.0 0.15
27 36 10.0 0.15
27 37 10.0 0.15
27 38 10.0 0.15
27 39 10.0 0.15
27 40 3.0 1.1
27 41 3.0 1.1
27 42 3.0 1.1
27 43 3.0 1.1
27 44 3.0 1.1
27 45 3.0 1.1
27 46 3.0 1.1
27 47 3.0 1.1
27 48 3.0 1.1
27 49 3.0 1.1
28 29 10.0 0.15
28 30 10.0 0.15
28 31 10.0 0.15
28 32 10.0 0.15
28 33 10.0 0.15
28 34 10.0 0.15
28 35 10.0 0.15
28 36 10.0 0.15
28 37 10.0 0.15
28 38 10.0 0.15
28 39 10.0 0.15
28 40 3.0 1.1
28 41 3.0 1.1
28 42 3.0 1.1
28 43 3.0 1.1
28 44 3.0 1.1
28 45 3.0 1.1
28 46 3.0 1.1
28 47 3.0 1.1
28 48 3.0 1.1
28 49 3.0 1.1
29 30 10.0 0.15
29 31 10.0 0.15
29 32 10.0 0.15
29 33 10.0 0.15
29 34 10.0 0.15
29 35 10.0 0.15
29 36 10.0 0.15
29 37 10.0 0.15
29 38 10.0 0.15
29 39 10.0 0.15
29 40 3.0 1.1
29 41 3.0 1.1
29 42 3.0 1.1
29 43 3.0 1.1
29 44 3.0 1.1
29 45 3.0 1.1
29 46 3.0 1.1
29 47 3.0 1.1
29 48 3.0 1.1
29 49 3.0 1.1
30 31 10.0 0.15
30 32 10.0 0.15
30 33 10.0 0.15
30 34 10.0 0.15
30 35 10.0 0.15
30 36 10.0 0.15
30 37 10.0 0.15
30 38 10.0 0.15
30 39 10.0 0.15
30 40 3.0 1.1
30 41 3.0 1.1
30 42 3.0 1.1
30 43 3.0 1.1
30 44 3.0 1.1
30 45 3.0 1.1
30 46 3.0 1.1
30 47 3.0 1.1
30 48 3.0 1.1
30 49 3.0 1.1
31 32 10.0 0.15
31 33 10.0 0.15
31 34 10.0 0.15
31 35 10.0 0.15
31 36 10.0 0.15
31 37 10.0 0.15
31 38 10.0 0.15
31 39 10.0 0.15
31 40 3.0 1.1
31 41 3.0 1.1
31 42 3.0 1.1
31 43 3.0 1.1
31 44 3.0 1.1
31 45 3.0 1.1
31 46 3.0 1.1
31 47 3.0 1.1
31 48 3.0 1.1
31 49 3.0 1.1
32 33 10.0 0.15
32 34 10.0 0.15
32 35 10.0 0.15
32 36 10.0 0.15
32 37 10.0 0.15
32 38 10.0 0.15
32 39 10.0 0.15
32 40 3.0 1.1
32 41 3.0 1.1
32 42 3.0 1.1
32 43 3.0 1.1
32 44 3.0 1.1
32 45 3.0 1.1
32 46 3.0 1.1
32 47 3.0 1.1
32 48 3.0 1.1
32 49 3.0 1.1
33 34 10.0 0.15
33 35 10.0 0.15
33 36 10.0 0.15
33 37 10.0 0.15
33 38 10.0 0.15
33 39 10.0 0.15
33 40 3.0 1.1
33 41 3.0 1.1
33 42 3.0 1.1
33 43 3.0 1.1
33 44 3.0 1.1
33 45 3.0 1.1
33 46 3.0 1.1
33 47 3.0 1.1
33 48 3.0 1.1
33 49 3.0 1.1
34 35 10.0 0.15
34 36 10.0 0.15
34 37 10.0 0.15
34 38 10.0 0.15
34 39 10.0 0.15
34 40 3.0 1.1
34 41 3.0 1.1
34 42 3.0 1.1
34 43 3.0 1.1
34 44 3.0 1.1
34 45 3.0 1.1
34 46 3.0 1.1
34 47 3.0 1.1
34 48 3.0 1.1
34 49 3.0 1.1
35 36 10.0 0.15
35 37 10.0 0.15
35 38 10.0 0.15
35 39 10.0 0.15
35 40 3.0 1.1
35 41 3.0 1.1
35 42 3.0 1.1
35 43 3.0 1.1
35 44 3.0 1.1
35 45 3.0 1.1
35 46 3.0 1.1
35 47 3.0 1.1
35 48 3.0 1.1
35 49 3.0 1.1
36 37 10.0 0.15
36 38 10.0 0.15
36 39 10.0 0.15
36 40 3.0 1.1
36 41 3.0 1.1
36 42 3.0 1.1
36 43 3.0 1.1
36 44 3.0 1.1
36 45 3.0 1.1
36 46 3.0 1.1
36 47 3.0 1.1
36 48 3.0 1.1
36 49 3.0 1.1
37 38 10.0 0.15
37 39 10.0 0.15
37 40 3.0 1.1
37 41 3.0 1.1
37 42 3.0 1.1
37 43 3.0 1.1
37 44 3.0 1.1
37 45 3.0 1.1
37 46 3.0 1.1
37 47 3.0 1.1
37 48 3.0 1.1
37 49 3.0 1.1
38 39 10.0 0.15
38 40 3.0 1.1
38 41 3.0 1.1
38 42 3.0 1.1
38 43 3.0 1.1
38 44 3.0 1.1
38 45 3.0 1.1
38 46 3.0 1.1
38 47 3.0 1.1
38 48 3.0 1.1
38 49 3.0 1.1
39 40 3.0 1.1
39 41 3.0 1.1
39 42 3.0 1.1
39 43 3.0 1.1
39 44 3.0 1.1
39 45 3.0 1.1
39 46 3.0 1.1
39 47 3.0 1.1
39 48 3.0 1.1
39 49 3.0 1.1
40 41 10.0 0.4
40 42 10.0 0.4
40 43 10.0 0.4
40 44 10.0 0.4
40 45 10.0 0.4
40 46 10.0 0.4
40 47 10.0 0.4
40 48 10.0 0.4
40 49 10.0 0.4
41 42 10.0 0.4
41 43 10.0 0.4
41 44 10.0 0.4
41 45 10.0 0.4
41 46 10.0 0.4
41 47 10.0 0.4
41 48 10.0 0.4
41 49 10.0 0.4
42 43 10.0 0.4
42 44 10.0 0.4
42 45 10.0 0.4
42 46 10.0 0.4
42 47 10.0 0.4
42 48 10.0 0.4
42 49 10.0 0.4
43 44 10.0 0.4
43 45 10.0 0.4
43 46 10.0 0.4
43 47 10.0 0.4
43 48 10.0 0.4
43 49 10.0 0.4
44 45 10.0 0.4
44 46 10.0 0.4
44 47 10.0 0.4
44 48 10.0 0.4
44 49 10.0 0.4
45 46 10.0 0.4
45 47 10.0 0.4
45 48 10.0 0.4
45 49 10.0 0.4
46 47 10.0 0.4
46 48 10.0 0.4
46 49 10.0 0.4
47 48 10.0 0.4
47 49 10.0 0.4
48 49 10.0 0.4