50
80
0 1 66.896 63.688
0 2 67.681 82.384
0 3 61.512 65.999
0 4 68.718 26.97
0 5 65.113 94.734
0 6 60.01 97.63
0 7 65.235 50.428
0 8 65.345 35.248
0 9 67.519 33.974
0 10 65.679 94.88
0 11 62.854 88.036
0 12 61.536 54.22
0 13 65.347 61.125
0 14 69.224 71.986
0 15 60.487 5.308
0 16 68.276 25.978
0 17 64.787 77.338
0 18 64.493 9.979
0 19 67.809 69.12
0 20 64.547 43.845
0 21 63.993 51.482
0 22 69.562 61.895
0 23 67.136 11.218
0 24 65.368 78.556
0 25 64.423 81.16
0 26 64.594 9.012
0 27 64.478 42.395
0 28 60.361 57.803
0 29 67.418 32.774
0 30 63.649 96.98
0 31 65.46 71.043
0 32 65.217 4.321
0 33 67.21 27.213
0 34 69.304 72.344
0 35 69.46 38.904
0 36 61.173 75.427
0 37 60.611 54.916
0 38 62.627 32.064
0 39 60.878 39.545
0 40 68.634 88.084
0 41 64.084 96.294
0 42 67.829 15.858
0 43 67.973 32.604
0 44 66.399 83.975
0 45 66.509 96.529
0 46 68.561 25.141
0 47 61.833 98.222
0 48 61.036 57.473
0 49 67.61 92.739
1 2 66.145 92.542
1 3 67.045 84.413
1 4 69.105 5.268
1 5 66.273 61.673
1 6 68.045 17.393
1 7 65.952 21.539
1 8 69.02 3.963
1 9 66.486 2.122
1 10 64.631 66.758
1 11 66.624 98.254
1 12 60.907 45.042
1 13 63.968 49.409
1 14 68.074 78.231
1 15 62.396 23.277
1 16 65.524 55.926
1 17 62.624 18.027
1 18 69.773 79.09
1 19 69.898 17.975
1 20 69.185 6.763
1 21 62.957 14.489
1 22 60.293 26.806
1 23 63.696 80.796
1 24 65.534 88.765
1 25 61.075 51.322
1 26 60.196 55.798
1 27 69.814 32.229
1 28 64.293 53.013
1 29 63.088 53.517
1 30 67.652 17.887
1 31 67.42 23.284
1 32 68.692 12.487
1 33 63.387 16.196
1 34 64.307 32.616
1 35 63.883 40.748
1 36 69.353 86.469
1 37 68.333 51.856
1 38 65.078 81.416
1 39 66.044 59.026
1 40 60.087 44.961
1 41 61.021 58.812
1 42 66.35 4.812
1 43 69.508 6.124
1 44 69.483 5.87
1 45 63.464 45.395
1 46 64.642 96.737
1 47 63.699 60.961
1 48 60.417 8.768
1 49 67.442 79.244
2 3 62.536 71.989
2 4 67.206 84.351
2 5 64.084 34.86
2 6 69.664 89.157
2 7 64.068 94.134
2 8 66.516 5.756
2 9 63.604 20.606
2 10 63.037 46.874
2 11 60.866 59.583
2 12 60.816 73.624
2 13 60.278 11.36
2 14 60.714 79.232
2 15 67.337 22.94
2 16 69.988 43.291
2 17 69.884 41.943
2 18 62.59 45.777
2 19 61.94 80.05
2 20 65.773 95.948
2 21 62.78 73.851
2 22 69.273 87.929
2 23 65.864 70.726
2 24 65.634 63.303
2 25 63.452 90.203
2 26 68.713 28.475
2 27 66.77 95.224
2 28 63.383 84.358
2 29 65.767 57.834
2 30 61.244 9.091
2 31 62.611 88.985
2 32 63.172 50.639
2 33 65.879 94.898
2 34 63.718 51.147
2 35 62.435 10.266
2 36 66.442 57.725
2 37 65.28 73.697
2 38 69.618 83.63
2 39 65.985 32.332
2 40 67.201 28.47
2 41 60.823 45.488
2 42 60.649 73.499
2 43 60.713 26.875
2 44 68.699 74.992
2 45 65.38 22.095
2 46 64.945 64.267
2 47 64.442 62.476
2 48 61.002 18.248
2 49 60.051 37.235
3 4 65.381 88.14
3 5 63.555 36.49
3 6 64.692 13.206
3 7 62.909 83.061
3 8 62.452 26.177
3 9 65.82 39.903
3 10 64.916 1.564
3 11 62.661 58.773
3 12 66.864 42.453
3 13 60.401 63.09
3 14 69.922 64.323
3 15 65.891 66.982
3 16 61.209 95.92
3 17 60.388 19.55
3 18 62.971 42.508
3 19 63.909 25.148
3 20 62.375 67.121
3 21 60.227 4.835
3 22 66.085 9.709
3 23 64.799 36.061
3 24 60.914 29.17
3 25 69.948 91.151
3 26 60.268 61.111
3 27 67.912 94.005
3 28 62.542 97.878
3 29 60.837 66.893
3 30 63.169 42.767
3 31 68.104 30.882
3 32 64.393 44.113
3 33 66.144 45.474
3 34 62.006 65.374
3 35 63.962 97.701
3 36 63.728 70.496
3 37 68.881 83.912
3 38 65.771 46.474
3 39 67.325 30.589
3 40 65.033 5.56
3 41 63.436 46.507
3 42 61.832 64.51
3 43 64.329 46.092
3 44 63.961 5.686
3 45 63.119 42.552
3 46 69.727 22.013
3 47 69.251 21.642
3 48 60.464 91.543
3 49 62.188 62.908
4 5 65.445 8.375
4 6 64.63 10.961
4 7 67.476 41.295
4 8 67.868 7.227
4 9 60.372 66.952
4 10 63.722 53.157
4 11 64.337 47.384
4 12 63.188 36.941
4 13 67.801 66.917
4 14 64.798 49.527
4 15 68.391 29.461
4 16 65.575 45.212
4 17 63.819 44.436
4 18 61.655 87.208
4 19 65.405 55.318
4 20 64.344 76.187
4 21 61.822 39.025
4 22 68.613 6.121
4 23 66.018 56.578
4 24 61.573 41.689
4 25 68.132 82.357
4 26 67.758 50.051
4 27 60.236 55.206
4 28 67.512 25.093
4 29 69.791 53.006
4 30 64.08 79.42
4 31 60.01 51.435
4 32 61.263 7.361
4 33 61.779 87.447
4 34 64.531 82.987
4 35 68.697 18.118
4 36 64.877 93.733
4 37 64.574 28.907
4 38 66.157 37.43
4 39 68.678 98.02
4 40 68.552 30.852
4 41 64.057 58.031
4 42 61.322 93.387
4 43 67.558 28.302
4 44 66.275 77.067
4 45 60.152 48.494
4 46 67.976 46.754
4 47 66.417 46.496
4 48 64.091 46.802
4 49 62.343 46.28
5 6 69.025 3.647
5 7 63.625 89.255
5 8 63.359 25.985
5 9 64.745 96.409
5 10 64.304 88.908
5 11 64.128 59.344
5 12 63.406 74.202
5 13 65.376 38.347
5 14 68.952 26.365
5 15 63.124 3.09
5 16 63.967 6.101
5 17 64.529 73.045
5 18 69.003 11.562
5 19 64.524 48.167
5 20 65.788 83.205
5 21 68.059 96.165
5 22 60.393 93.042
5 23 63.075 17.77
5 24 68.761 9.656
5 25 63.864 69.194
5 26 63.502 40.047
5 27 65.015 19.06
5 28 69.783 79.962
5 29 64.235 12.824
5 30 68.966 37.625
5 31 65.755 82.13
5 32 67.832 87.326
5 33 64.994 86.783
5 34 63.781 25.357
5 35 68.487 21.101
5 36 66.087 31.45
5 37 66.183 92.44
5 38 61.986 47.046
5 39 69.343 96.85
5 40 67.269 88.255
5 41 67.729 43.352
5 42 69.245 83.128
5 43 65.524 38.952
5 44 67.956 62.796
5 45 62.125 38.353
5 46 62.885 1.877
5 47 65.59 17.495
5 48 61.232 94.388
5 49 61.875 87.321
6 7 69.195 30.838
6 8 66.702 83.662
6 9 69.589 91.886
6 10 62.147 28.886
6 11 69.628 46.562
6 12 61.77 81.303
6 13 61.551 8.924
6 14 63.134 4.629
6 15 64.902 71.107
6 16 65.065 83.565
6 17 69.211 11.235
6 18 60.885 21.939
6 19 68.074 70.019
6 20 66.541 50.432
6 21 64.96 93.517
6 22 60.304 97.611
6 23 68.634 89.272
6 24 65.578 35.055
6 25 66.374 50.723
6 26 63.105 6.637
6 27 69.679 19.395
6 28 62.664 93.092
6 29 66.482 25.76
6 30 60.243 98.91
6 31 67.608 21.681
6 32 67.32 82.433
6 33 62.594 87.025
6 34 62.441 52.967
6 35 60.027 98.047
6 36 67.898 92.446
6 37 68.496 54.086
6 38 63.677 59.942
6 39 68.518 69.062
6 40 61.159 30.14
6 41 65.588 69.839
6 42 67.463 56.618
6 43 64.879 29.697
6 44 64.07 40.392
6 45 66.985 35.105
6 46 67.171 33.751
6 47 64.09 55.269
6 48 67.483 50.592
6 49 63.506 14.009
7 8 69.619 41.668
7 9 64.128 38.907
7 10 66.94 7.329
7 11 69.156 44.176
7 12 69.507 40.723
7 13 65.686 79.62
7 14 66.406 89.083
7 15 60.201 64.07
7 16 62.192 26.095
7 17 63.234 76.383
7 18 60.678 24.536
7 19 68.151 65.285
7 20 65.123 82.793
7 21 66.943 84.592
7 22 67.339 84.266
7 23 68.047 91.14
7 24 68.516 60.205
7 25 68.434 38.583
7 26 62.798 2.77
7 27 60.501 11.012
7 28 60.97 6.835
7 29 68.977 90.74
7 30 65.429 19.732
7 31 62.529 65.764
7 32 60.245 80.475
7 33 63.628 28.372
7 34 60.212 30.79
7 35 63.035 49.487
7 36 67.527 34.616
7 37 60.504 45.59
7 38 62.724 29.67
7 39 69.714 71.745
7 40 60.615 63.752
7 41 68.264 55.772
7 42 61.976 82.742
7 43 63.737 63.967
7 44 67.149 19.865
7 45 64.518 27.336
7 46 67.852 5.079
7 47 64.617 97.855
7 48 68.34 18.42
7 49 61.928 23.607
8 9 61.142 88.408
8 10 64.389 52.597
8 11 61.771 84.65
8 12 66.546 38.842
8 13 64.804 57.01
8 14 67.213 71.824
8 15 60.659 54.919
8 16 62.082 64.037
8 17 68.278 5.051
8 18 66.255 76.572
8 19 64.093 59.065
8 20 61.364 86.556
8 21 60.227 41.966
8 22 67.266 42.244
8 23 61.149 1.507
8 24 60.838 94.685
8 25 60.082 15.784
8 26 68.784 42.775
8 27 67.951 16.912
8 28 61.745 25.83
8 29 66.419 37.33
8 30 66.544 11.318
8 31 60.482 96.55
8 32 65.0 52.825
8 33 64.476 95.573
8 34 66.006 19.593
8 35 64.268 40.925
8 36 61.618 24.625
8 37 64.925 77.924
8 38 69.503 29.108
8 39 66.328 17.069
8 40 60.281 14.378
8 41 61.519 69.558
8 42 65.202 20.482
8 43 64.673 14.43
8 44 68.7 10.974
8 45 66.496 91.12
8 46 67.682 48.903
8 47 68.675 91.664
8 48 69.257 66.488
8 49 69.358 89.094
9 10 62.625 89.554
9 11 65.108 87.908
9 12 68.391 95.45
9 13 63.318 55.219
9 14 60.064 93.402
9 15 61.963 82.196
9 16 60.725 82.433
9 17 63.478 11.692
9 18 68.382 92.338
9 19 69.458 16.513
9 20 62.912 79.353
9 21 60.167 3.938
9 22 61.266 75.935
9 23 67.569 16.818
9 24 68.483 39.003
9 25 66.048 27.39
9 26 63.385 10.827
9 27 66.423 15.015
9 28 66.043 54.893
9 29 64.962 39.243
9 30 69.1 83.302
9 31 67.214 16.941
9 32 63.137 66.494
9 33 63.969 12.925
9 34 62.505 41.337
9 35 65.829 81.173
9 36 65.926 75.694
9 37 62.954 65.56
9 38 62.779 80.26
9 39 65.27 61.912
9 40 69.486 58.259
9 41 64.683 37.438
9 42 60.888 19.763
9 43 68.897 54.515
9 44 66.221 48.993
9 45 65.054 71.28
9 46 65.661 89.16
9 47 64.314 79.374
9 48 66.823 81.232
9 49 60.689 62.8
10 11 67.499 76.751
10 12 63.666 81.59
10 13 60.343 70.07
10 14 68.458 66.998
10 15 69.597 5.404
10 16 67.252 78.77
10 17 63.028 25.571
10 18 60.099 87.158
10 19 65.091 60.105
10 20 68.137 35.818
10 21 67.591 20.296
10 22 60.313 84.952
10 23 68.054 38.397
10 24 68.17 93.479
10 25 60.283 71.23
10 26 68.08 43.281
10 27 68.623 79.052
10 28 69.601 83.172
10 29 62.793 60.711
10 30 66.585 26.875
10 31 60.748 19.925
10 32 60.255 20.7
10 33 69.867 1.169
10 34 65.553 80.378
10 35 65.281 93.909
10 36 61.483 65.692
10 37 66.014 13.629
10 38 60.494 3.797
10 39 68.577 58.829
10 40 69.949 17.921
10 41 66.366 55.928
10 42 69.516 50.731
10 43 68.549 6.202
10 44 60.682 39.089
10 45 61.828 15.703
10 46 66.94 71.33
10 47 63.699 74.203
10 48 66.953 7.832
10 49 65.776 55.475
11 12 63.428 83.778
11 13 65.446 28.811
11 14 67.513 65.932
11 15 66.362 98.868
11 16 61.918 49.103
11 17 60.623 56.226
11 18 63.953 15.368
11 19 60.575 31.501
11 20 65.283 56.314
11 21 60.855 93.71
11 22 63.84 26.333
11 23 63.558 91.242
11 24 61.31 64.386
11 25 67.081 49.899
11 26 66.389 81.809
11 27 65.313 58.184
11 28 64.323 96.81
11 29 60.697 26.025
11 30 67.163 64.712
11 31 62.782 56.609
11 32 65.197 76.057
11 33 62.85 97.463
11 34 62.389 71.559
11 35 66.812 64.759
11 36 62.491 95.995
11 37 64.453 3.306
11 38 62.116 95.723
11 39 60.63 87.085
11 40 62.772 82.646
11 41 65.501 45.049
11 42 62.168 17.084
11 43 69.41 83.812
11 44 63.123 36.799
11 45 69.295 80.907
11 46 62.251 66.126
11 47 60.917 55.926
11 48 63.283 90.866
11 49 67.391 85.21
12 13 66.513 89.577
12 14 69.46 70.404
12 15 67.635 51.533
12 16 65.299 11.504
12 17 69.845 42.48
12 18 61.639 41.354
12 19 67.237 13.234
12 20 68.482 42.116
12 21 68.821 68.337
12 22 61.637 96.447
12 23 61.345 3.079
12 24 65.106 26.246
12 25 60.413 71.706
12 26 66.547 23.295
12 27 69.045 40.774
12 28 65.397 86.393
12 29 67.682 68.797
12 30 66.155 12.351
12 31 63.982 74.032
12 32 65.069 74.978
12 33 61.728 67.472
12 34 68.444 12.006
12 35 69.356 94.476
12 36 69.974 96.669
12 37 64.626 63.62
12 38 64.023 74.653
12 39 66.846 96.486
12 40 60.257 40.413
12 41 60.429 98.501
12 42 65.533 3.183
12 43 66.561 77.347
12 44 69.127 15.083
12 45 66.343 51.05
12 46 60.556 10.878
12 47 67.962 59.363
12 48 66.138 18.822
12 49 65.068 85.174
13 14 63.484 18.197
13 15 66.574 8.881
13 16 62.598 95.407
13 17 63.843 61.002
13 18 66.064 97.779
13 19 65.527 7.144
13 20 62.012 35.568
13 21 65.729 31.809
13 22 61.286 15.805
13 23 69.161 75.136
13 24 67.396 24.903
13 25 65.692 89.733
13 26 69.185 98.067
13 27 68.148 60.972
13 28 68.7 24.647
13 29 63.174 33.796
13 30 60.749 91.916
13 31 63.143 55.941
13 32 66.194 38.968
13 33 63.399 6.422
13 34 64.773 6.622
13 35 60.984 22.793
13 36 61.921 89.458
13 37 61.77 21.309
13 38 67.268 74.412
13 39 62.581 94.745
13 40 68.415 15.233
13 41 65.726 73.06
13 42 60.479 45.495
13 43 65.723 35.692
13 44 64.388 3.878
13 45 61.74 77.225
13 46 69.68 94.515
13 47 69.796 32.971
13 48 61.851 74.474
13 49 64.637 3.384
14 15 65.937 27.278
14 16 69.294 83.506
14 17 65.416 6.851
14 18 63.679 55.2
14 19 67.141 30.051
14 20 65.06 36.975
14 21 60.717 43.118
14 22 67.58 96.266
14 23 67.354 47.52
14 24 65.86 45.725
14 25 62.624 13.064
14 26 62.884 60.715
14 27 66.346 83.603
14 28 63.68 96.66
14 29 64.42 57.872
14 30 65.785 83.879
14 31 67.683 80.271
14 32 64.38 86.455
14 33 65.427 77.218
14 34 63.83 21.079
14 35 61.281 67.725
14 36 66.615 62.771
14 37 66.192 42.445
14 38 65.363 96.974
14 39 65.993 26.061
14 40 67.482 30.201
14 41 61.201 19.341
14 42 60.979 81.137
14 43 69.85 62.927
14 44 60.348 52.762
14 45 67.529 81.203
14 46 67.415 13.671
14 47 64.118 82.432
14 48 67.943 26.115
14 49 65.627 38.079
15 16 67.597 58.692
15 17 67.867 30.483
15 18 64.117 32.425
15 19 68.134 20.501
15 20 66.747 51.035
15 21 68.581 48.939
15 22 60.605 16.007
15 23 62.946 94.754
15 24 67.341 59.756
15 25 61.855 46.225
15 26 60.14 2.119
15 27 67.756 32.729
15 28 60.967 4.542
15 29 63.831 5.087
15 30 64.759 77.274
15 31 61.72 85.666
15 32 65.472 68.079
15 33 65.154 37.876
15 34 65.919 64.253
15 35 62.142 71.395
15 36 69.596 10.487
15 37 64.343 14.075
15 38 67.448 76.129
15 39 66.187 21.049
15 40 66.827 1.849
15 41 67.978 13.256
15 42 61.787 62.391
15 43 69.403 46.2
15 44 60.935 67.321
15 45 69.898 85.447
15 46 61.24 9.59
15 47 62.843 48.572
15 48 65.824 12.642
15 49 60.54 15.174
16 17 66.834 16.917
16 18 60.609 10.2
16 19 65.452 17.231
16 20 63.943 27.928
16 21 62.527 95.243
16 22 63.486 77.51
16 23 64.772 94.752
16 24 65.195 54.329
16 25 68.334 33.871
16 26 60.227 50.12
16 27 66.171 4.607
16 28 69.803 87.86
16 29 61.133 87.689
16 30 63.427 33.343
16 31 62.363 95.49
16 32 66.077 49.49
16 33 66.167 87.599
16 34 67.349 36.044
16 35 66.176 39.068
16 36 60.301 47.092
16 37 63.815 93.261
16 38 67.943 58.528
16 39 60.523 79.436
16 40 67.354 81.231
16 41 63.882 94.595
16 42 69.534 94.627
16 43 63.614 8.659
16 44 69.724 19.176
16 45 61.471 90.661
16 46 68.511 54.147
16 47 68.927 39.881
16 48 69.54 46.849
16 49 68.141 86.299
17 18 66.35 74.136
17 19 66.646 54.67
17 20 67.357 58.676
17 21 60.286 50.174
17 22 69.67 36.196
17 23 60.191 84.577
17 24 65.442 34.322
17 25 68.13 88.177
17 26 64.453 74.059
17 27 69.398 8.501
17 28 69.203 3.731
17 29 67.474 60.263
17 30 68.787 78.567
17 31 63.552 24.799
17 32 61.253 58.895
17 33 67.282 63.303
17 34 67.249 37.352
17 35 67.503 53.669
17 36 63.345 28.404
17 37 65.019 3.099
17 38 68.573 81.019
17 39 69.877 41.146
17 40 60.365 28.091
17 41 67.227 29.568
17 42 65.583 92.349
17 43 65.657 37.804
17 44 69.852 93.631
17 45 60.607 87.172
17 46 64.898 41.485
17 47 65.038 52.646
17 48 67.036 95.186
17 49 64.99 38.735
18 19 69.337 27.806
18 20 64.73 85.706
18 21 60.501 54.76
18 22 61.89 39.88
18 23 66.98 35.346
18 24 69.902 9.538
18 25 62.582 88.16
18 26 68.749 17.841
18 27 62.456 50.729
18 28 67.71 44.302
18 29 62.911 51.845
18 30 68.552 59.086
18 31 62.441 89.641
18 32 69.361 88.534
18 33 66.584 5.662
18 34 62.687 60.215
18 35 65.037 45.735
18 36 63.993 2.26
18 37 66.396 4.98
18 38 63.348 6.746
18 39 60.441 3.765
18 40 63.702 71.425
18 41 62.295 70.814
18 42 65.258 72.946
18 43 67.768 60.563
18 44 62.51 42.92
18 45 68.568 64.071
18 46 69.779 53.996
18 47 63.402 69.199
18 48 69.559 52.236
18 49 64.916 70.056
19 20 65.687 9.097
19 21 65.397 32.628
19 22 62.95 49.4
19 23 63.181 57.868
19 24 68.833 1.943
19 25 66.992 57.592
19 26 63.297 2.148
19 27 66.373 91.106
19 28 67.137 74.604
19 29 60.131 61.947
19 30 61.113 60.87
19 31 69.822 98.854
19 32 61.289 4.591
19 33 61.953 13.356
19 34 69.746 36.717
19 35 62.384 8.998
19 36 66.401 4.535
19 37 66.502 91.337
19 38 69.693 59.201
19 39 62.472 61.807
19 40 68.508 35.438
19 41 60.478 82.934
19 42 66.269 87.71
19 43 66.275 33.587
19 44 67.338 22.699
19 45 69.781 29.132
19 46 67.397 15.196
19 47 60.165 6.509
19 48 60.377 22.752
19 49 64.359 47.918
20 21 61.533 1.633
20 22 63.952 10.976
20 23 62.131 7.429
20 24 68.809 96.549
20 25 60.525 49.536
20 26 62.432 83.563
20 27 63.078 43.459
20 28 64.366 83.6
20 29 67.02 59.969
20 30 60.799 21.395
20 31 67.525 20.793
20 32 60.887 73.539
20 33 65.787 17.144
20 34 61.517 15.781
20 35 69.459 96.847
20 36 69.993 38.559
20 37 68.293 20.62
20 38 61.958 98.238
20 39 60.27 54.737
20 40 66.104 78.336
20 41 69.364 48.395
20 42 67.257 10.28
20 43 66.14 34.066
20 44 64.251 15.751
20 45 67.865 45.615
20 46 62.884 44.843
20 47 66.801 49.112
20 48 60.076 58.432
20 49 65.762 59.306
21 22 60.785 61.329
21 23 67.15 85.509
21 24 62.948 69.518
21 25 68.43 50.322
21 26 64.56 59.237
21 27 64.672 3.53
21 28 63.308 93.402
21 29 60.844 57.309
21 30 66.291 10.446
21 31 64.125 17.128
21 32 65.047 5.476
21 33 61.141 73.435
21 34 66.023 97.319
21 35 64.265 33.094
21 36 68.728 23.018
21 37 60.782 82.799
21 38 69.104 43.999
21 39 67.604 89.577
21 40 62.06 81.498
21 41 65.851 51.108
21 42 67.096 12.522
21 43 65.432 53.756
21 44 65.306 77.438
21 45 66.699 51.45
21 46 65.837 54.031
21 47 65.247 3.731
21 48 69.763 64.375
21 49 61.267 51.453
22 23 68.828 53.794
22 24 61.052 24.835
22 25 66.899 45.127
22 26 69.672 36.211
22 27 67.459 81.386
22 28 63.72 28.222
22 29 67.064 38.488
22 30 64.502 67.396
22 31 66.402 82.013
22 32 61.047 1.388
22 33 64.099 76.353
22 34 65.28 57.003
22 35 67.418 67.348
22 36 61.139 26.356
22 37 64.901 6.27
22 38 60.081 32.05
22 39 64.869 83.856
22 40 62.175 85.075
22 41 63.065 68.581
22 42 68.805 78.918
22 43 62.363 84.539
22 44 69.865 42.774
22 45 60.283 38.198
22 46 62.517 5.557
22 47 67.321 47.172
22 48 63.649 87.329
22 49 67.335 17.651
23 24 61.191 48.484
23 25 69.95 70.994
23 26 63.023 16.107
23 27 60.35 24.714
23 28 61.182 92.267
23 29 63.676 34.524
23 30 63.614 97.674
23 31 60.866 41.016
23 32 69.036 13.1
23 33 69.778 13.198
23 34 62.729 70.105
23 35 64.908 72.891
23 36 63.328 64.849
23 37 64.88 59.395
23 38 62.055 72.016
23 39 67.132 60.969
23 40 66.441 91.233
23 41 60.934 58.563
23 42 63.03 50.821
23 43 65.582 42.87
23 44 69.681 25.454
23 45 63.358 71.778
23 46 68.422 43.328
23 47 63.637 5.339
23 48 65.669 94.29
23 49 68.328 26.093
24 25 65.432 98.887
24 26 69.061 65.434
24 27 60.859 22.243
24 28 60.724 89.559
24 29 65.074 83.882
24 30 65.566 42.742
24 31 65.71 39.761
24 32 65.493 30.314
24 33 63.163 94.057
24 34 69.292 23.702
24 35 64.875 93.407
24 36 63.563 41.832
24 37 66.139 65.317
24 38 64.317 80.097
24 39 67.041 80.696
24 40 66.789 61.658
24 41 67.169 13.775
24 42 64.556 27.769
24 43 68.236 7.289
24 44 60.398 3.703
24 45 63.885 26.576
24 46 69.728 57.486
24 47 66.929 2.763
24 48 69.366 3.466
24 49 69.917 41.169
25 26 63.476 64.741
25 27 67.763 67.76
25 28 64.757 45.309
25 29 66.778 71.911
25 30 63.664 84.488
25 31 64.414 96.757
25 32 64.035 48.19
25 33 64.815 52.72
25 34 65.268 79.897
25 35 64.023 2.374
25 36 64.61 57.856
25 37 63.978 66.751
25 38 65.634 19.622
25 39 68.38 84.901
25 40 63.784 26.914
25 41 62.797 35.145
25 42 68.089 42.895
25 43 61.208 80.813
25 44 65.035 21.413
25 45 65.298 45.044
25 46 60.411 79.693
25 47 69.351 32.105
25 48 66.122 68.226
25 49 66.88 61.578
26 27 63.723 73.794
26 28 64.381 94.839
26 29 68.11 13.641
26 30 63.317 71.716
26 31 67.436 51.437
26 32 61.065 38.335
26 33 62.551 45.499
26 34 62.09 54.198
26 35 65.411 2.995
26 36 61.696 67.087
26 37 66.193 70.913
26 38 61.145 1.98
26 39 65.419 84.15
26 40 65.032 89.177
26 41 62.91 31.563
26 42 64.763 41.175
26 43 60.798 13.52
26 44 68.599 41.6
26 45 68.482 95.004
26 46 63.847 5.595
26 47 62.777 24.782
26 48 62.395 33.673
26 49 63.083 5.976
27 28 66.989 93.207
27 29 62.213 8.636
27 30 63.339 14.175
27 31 61.792 15.817
27 32 69.01 31.293
27 33 64.79 4.894
27 34 68.241 45.406
27 35 63.026 22.517
27 36 61.849 43.009
27 37 65.026 57.373
27 38 61.523 66.899
27 39 64.029 36.114
27 40 63.305 17.606
27 41 62.879 37.53
27 42 68.967 83.512
27 43 61.847 40.721
27 44 63.146 95.46
27 45 66.706 88.913
27 46 64.419 14.075
27 47 64.894 70.89
27 48 61.722 7.096
27 49 68.988 19.937
28 29 63.238 88.775
28 30 66.177 20.051
28 31 63.707 2.479
28 32 60.879 53.048
28 33 63.032 4.094
28 34 61.603 18.214
28 35 69.021 33.687
28 36 68.622 16.475
28 37 62.172 98.281
28 38 60.443 14.617
28 39 61.636 45.041
28 40 65.992 89.045
28 41 68.808 80.033
28 42 61.914 89.564
28 43 61.541 90.662
28 44 60.986 78.994
28 45 69.464 92.687
28 46 62.923 27.799
28 47 61.985 87.277
28 48 68.985 94.198
28 49 66.939 38.797
29 30 67.351 26.575
29 31 68.38 48.432
29 32 65.58 76.696
29 33 69.215 66.756
29 34 61.232 4.94
29 35 65.783 78.587
29 36 64.775 85.135
29 37 64.621 65.941
29 38 63.628 90.807
29 39 63.117 63.909
29 40 62.743 44.956
29 41 64.23 2.758
29 42 67.239 4.533
29 43 69.753 90.21
29 44 64.571 12.979
29 45 67.087 12.358
29 46 68.204 60.463
29 47 61.266 86.143
29 48 62.64 67.818
29 49 69.408 78.831
30 31 62.29 92.813
30 32 60.807 40.674
30 33 63.68 81.468
30 34 64.791 41.535
30 35 62.0 72.614
30 36 61.62 57.72
30 37 68.885 14.748
30 38 64.071 83.093
30 39 67.774 96.337
30 40 69.843 4.174
30 41 62.118 25.748
30 42 64.662 28.024
30 43 68.092 35.653
30 44 69.803 35.761
30 45 67.917 80.11
30 46 61.147 44.625
30 47 67.165 98.08
30 48 62.065 47.678
30 49 69.822 64.474
31 32 69.922 58.556
31 33 61.814 39.507
31 34 61.149 8.918
31 35 64.819 80.114
31 36 69.319 91.578
31 37 60.399 78.443
31 38 62.007 34.731
31 39 68.11 82.148
31 40 65.912 14.486
31 41 63.701 18.785
31 42 66.546 40.327
31 43 61.77 91.054
31 44 60.495 70.734
31 45 60.888 22.518
31 46 63.868 37.654
31 47 68.613 79.63
31 48 65.192 54.2
31 49 65.381 83.847
32 33 65.839 17.1
32 34 62.751 43.547
32 35 62.468 38.229
32 36 61.595 15.89
32 37 65.745 7.604
32 38 61.718 20.766
32 39 61.658 85.281
32 40 69.878 15.663
32 41 64.788 45.678
32 42 63.959 98.447
32 43 61.076 70.915
32 44 65.551 58.523
32 45 61.269 68.033
32 46 60.931 46.454
32 47 62.797 63.421
32 48 66.908 36.199
32 49 63.873 26.456
33 34 69.222 94.199
33 35 65.12 62.169
33 36 69.303 62.675
33 37 61.847 59.425
33 38 66.229 15.189
33 39 60.569 3.182
33 40 62.86 33.124
33 41 60.945 80.056
33 42 66.461 39.673
33 43 66.167 14.747
33 44 61.513 70.586
33 45 63.792 18.318
33 46 65.747 89.476
33 47 66.886 87.233
33 48 62.21 23.406
33 49 66.48 41.712
34 35 68.749 49.931
34 36 63.191 84.967
34 37 60.959 83.965
34 38 68.32 84.807
34 39 64.892 87.759
34 40 65.066 35.872
34 41 66.354 31.098
34 42 66.918 11.786
34 43 64.156 41.634
34 44 69.098 28.492
34 45 68.321 61.416
34 46 64.343 65.557
34 47 68.864 43.704
34 48 64.623 75.997
34 49 62.784 76.588
35 36 63.583 82.18
35 37 63.153 67.304
35 38 60.137 72.397
35 39 65.579 32.027
35 40 66.745 89.797
35 41 62.708 56.167
35 42 68.305 35.883
35 43 63.97 15.436
35 44 68.661 3.253
35 45 68.05 10.881
35 46 67.867 20.814
35 47 69.279 66.922
35 48 62.587 36.318
35 49 64.754 30.409
36 37 66.46 56.439
36 38 62.522 72.455
36 39 65.634 85.386
36 40 65.407 98.621
36 41 66.274 30.613
36 42 67.301 12.374
36 43 63.543 83.609
36 44 67.687 94.359
36 45 66.576 95.051
36 46 68.05 9.995
36 47 63.069 54.539
36 48 67.07 83.47
36 49 64.092 49.521
37 38 63.734 90.634
37 39 63.717 90.271
37 40 61.112 85.256
37 41 67.284 1.332
37 42 61.479 29.186
37 43 63.498 2.179
37 44 67.13 26.39
37 45 62.623 1.135
37 46 69.324 4.441
37 47 63.545 62.334
37 48 65.655 58.36
37 49 68.236 86.36
38 39 63.538 31.862
38 40 64.321 29.511
38 41 65.565 38.463
38 42 62.941 50.99
38 43 68.389 57.818
38 44 66.396 79.106
38 45 66.439 91.197
38 46 66.869 76.887
38 47 61.565 38.881
38 48 65.993 62.069
38 49 62.138 75.881
39 40 64.897 76.014
39 41 68.461 67.825
39 42 63.054 23.512
39 43 63.586 83.615
39 44 66.845 86.051
39 45 63.435 95.134
39 46 63.369 32.348
39 47 64.161 5.878
39 48 64.68 29.876
39 49 69.199 77.046
40 41 67.301 95.645
40 42 67.443 11.954
40 43 69.459 97.088
40 44 60.96 39.856
40 45 69.141 76.111
40 46 61.074 16.948
40 47 67.874 32.43
40 48 65.035 18.478
40 49 64.013 86.068
41 42 66.819 79.345
41 43 66.913 17.348
41 44 69.735 79.233
41 45 69.532 10.012
41 46 65.716 71.105
41 47 61.15 54.859
41 48 65.79 45.528
41 49 64.099 75.552
42 43 63.426 90.647
42 44 68.943 74.598
42 45 64.027 2.779
42 46 68.201 80.461
42 47 69.212 55.218
42 48 69.021 32.843
42 49 60.061 81.245
43 44 64.132 24.081
43 45 64.32 43.297
43 46 62.01 62.777
43 47 61.806 21.17
43 48 69.605 97.85
43 49 67.114 65.913
44 45 69.72 53.636
44 46 69.731 4.387
44 47 65.853 67.789
44 48 64.482 91.031
44 49 66.908 45.91
45 46 68.229 56.717
45 47 61.225 86.809
45 48 69.203 7.48
45 49 61.197 48.75
46 47 64.216 50.384
46 48 65.314 27.96
46 49 63.867 27.846
47 48 60.32 70.29
47 49 69.012 79.451
48 49 68.974 30.974