50
80
0 1 4.40 0.16
0 2 0.78 0.43
0 3 7.52 3.11
0 4 3.39 4.92
0 5 2.41 4.53
0 6 4.05 6.62
0 7 9.77 0.76
0 8 0.72 0.20
0 9 3.89 10.1
0 10 0.29 9.96
0 11 3.93 0.52
0 12 7.47 6.64
0 13 3.59 4.82
0 14 7.51 3.32
0 15 0.62 8.10
0 16 4.65 0.37
0 17 9.14 0.57
0 18 0.41 4.69
0 19 10.0 2.56
0 20 4.77 5.77
0 21 5.67 10.3
0 22 7.47 0.11
0 23 9.60 8.85
0 24 1.64 6.51
0 25 6.58 4.19
0 26 4.21 0.76
0 27 1.86 1.82
0 28 8.77 6.59
0 29 6.07 1.59
0 30 9.50 3.61
0 31 7.57 9.99
0 32 8.00 3.10
0 33 4.38 9.09
0 34 6.05 2.58
0 35 8.31 3.07
0 36 0.24 6.36
0 37 4.62 7.37
0 38 7.99 4.52
0 39 5.37 1.74
0 40 0.64 1.77
0 41 10.0 1.88
0 42 7.04 7.05
0 43 3.29 5.49
0 44 0.01 5.53
0 45 1.50 10.6
0 46 9.65 4.55
0 47 2.21 3.65
0 48 5.03 7.99
0 49 10.7 3.48
1 2 6.01 9.37
1 3 6.06 5.20
1 4 0.77 6.40
1 5 3.51 3.53
1 6 6.48 0.11
1 7 0.84 2.52
1 8 5.07 8.85
1 9 6.43 1.60
1 10 10.7 6.55
1 11 9.85 7.69
1 12 9.52 9.28
1 13 6.52 6.82
1 14 2.61 0.66
1 15 8.18 1.83
1 16 3.48 0.76
1 17 3.52 6.52
1 18 5.34 9.01
1 19 3.42 9.84
1 20 3.19 2.63
1 21 0.33 6.87
1 22 10.5 5.03
1 23 0.24 9.72
1 24 1.25 9.51
1 25 8.67 9.02
1 26 7.78 7.71
1 27 1.92 7.92
1 28 7.21 7.24
1 29 2.80 0.98
1 30 4.58 8.47
1 31 6.52 4.49
1 32 9.27 7.55
1 33 2.94 7.53
1 34 4.04 7.19
1 35 7.33 9.44
1 36 9.26 10.3
1 37 7.38 3.78
1 38 3.40 4.54
1 39 5.28 7.08
1 40 8.67 6.18
1 41 6.13 3.08
1 42 1.15 8.36
1 43 5.47 7.82
1 44 2.41 5.33
1 45 0.88 7.64
1 46 4.93 3.99
1 47 8.95 2.36
1 48 8.03 9.54
1 49 4.12 5.93
2 3 5.28 1.75
2 4 3.33 6.19
2 5 3.34 7.21
2 6 0.47 8.39
2 7 1.66 6.83
2 8 2.28 6.04
2 9 9.94 5.62
2 10 6.56 4.30
2 11 3.16 6.35
2 12 1.63 6.99
2 13 10.6 8.05
2 14 7.93 1.57
2 15 3.66 0.60
2 16 9.14 1.12
2 17 6.79 3.25
2 18 10.8 8.70
2 19 3.35 6.50
2 20 0.15 5.19
2 21 5.90 10.0
2 22 4.62 2.06
2 23 6.35 7.94
2 24 8.17 2.23
2 25 9.00 1.83
2 26 9.91 4.59
2 27 10.1 6.48
2 28 5.02 10.2
2 29 1.61 2.40
2 30 9.98 8.17
2 31 6.74 7.59
2 32 2.22 8.08
2 33 1.14 6.25
2 34 1.29 8.43
2 35 10.9 10.1
2 36 10.2 6.48
2 37 2.76 5.66
2 38 4.97 10.6
2 39 2.29 8.16
2 40 6.44 6.39
2 41 8.63 2.40
2 42 0.11 9.74
2 43 5.27 5.36
2 44 5.74 0.45
2 45 0.49 4.23
2 46 7.58 2.52
2 47 10.7 5.11
2 48 3.47 5.43
2 49 5.51 6.33
3 4 10.6 5.86
3 5 3.47 5.61
3 6 8.50 2.64
3 7 1.56 1.25
3 8 5.29 8.96
3 9 9.08 4.82
3 10 10.2 2.06
3 11 5.03 10.6
3 12 5.57 4.51
3 13 0.32 8.79
3 14 9.25 5.57
3 15 6.64 7.05
3 16 4.18 3.34
3 17 7.33 1.85
3 18 5.49 10.4
3 19 2.88 4.57
3 20 2.81 4.87
3 21 3.36 5.02
3 22 0.92 10.6
3 23 9.45 5.06
3 24 4.75 5.14
3 25 2.86 4.32
3 26 4.51 0.87
3 27 6.73 2.44
3 28 1.04 2.99
3 29 7.66 7.76
3 30 3.24 1.95
3 31 1.66 1.68
3 32 6.16 7.04
3 33 3.70 2.15
3 34 9.94 6.20
3 35 7.18 4.19
3 36 9.95 5.34
3 37 1.66 2.56
3 38 3.93 0.69
3 39 6.01 2.43
3 40 2.22 0.96
3 41 8.24 5.33
3 42 8.22 3.24
3 43 6.50 0.77
3 44 7.92 5.27
3 45 2.89 4.90
3 46 8.01 10.9
3 47 10.9 8.19
3 48 2.61 5.66
3 49 9.70 9.65
4 5 6.98 7.92
4 6 9.01 10.5
4 7 10.1 4.46
4 8 0.09 0.96
4 9 8.18 5.20
4 10 0.97 9.28
4 11 5.08 9.70
4 12 5.58 0.68
4 13 1.24 2.34
4 14 8.10 6.40
4 15 4.63 4.34
4 16 9.97 1.35
4 17 7.86 3.21
4 18 1.88 8.21
4 19 9.42 0.49
4 20 8.35 6.87
4 21 3.70 6.49
4 22 7.13 5.06
4 23 4.44 3.59
4 24 4.76 4.73
4 25 0.64 4.15
4 26 4.49 0.29
4 27 5.63 10.4
4 28 5.92 5.77
4 29 6.36 3.85
4 30 7.85 3.70
4 31 9.76 9.32
4 32 8.26 10.2
4 33 3.53 7.81
4 34 3.89 1.78
4 35 4.34 1.01
4 36 8.10 6.34
4 37 4.93 1.43
4 38 3.35 4.65
4 39 4.04 0.75
4 40 10.4 10.7
4 41 1.57 7.44
4 42 0.56 10.8
4 43 3.53 9.58
4 44 0.00 3.72
4 45 1.40 7.88
4 46 3.86 1.00
4 47 9.97 6.47
4 48 3.80 7.75
4 49 2.29 8.44
5 6 4.90 9.74
5 7 3.76 0.04
5 8 8.51 7.83
5 9 7.93 8.28
5 10 3.21 3.35
5 11 1.36 4.02
5 12 6.79 4.82
5 13 9.37 8.12
5 14 8.21 0.50
5 15 7.94 0.37
5 16 3.09 3.19
5 17 3.57 5.58
5 18 0.01 6.52
5 19 3.11 9.39
5 20 7.18 2.98
5 21 3.09 7.14
5 22 0.09 0.30
5 23 2.53 1.85
5 24 3.58 7.59
5 25 3.62 10.4
5 26 6.57 10.0
5 27 7.84 4.08
5 28 3.16 3.85
5 29 3.78 9.17
5 30 4.02 5.66
5 31 6.92 9.75
5 32 3.53 9.90
5 33 2.19 7.57
5 34 0.02 4.12
5 35 7.31 9.65
5 36 7.76 3.34
5 37 9.13 8.04
5 38 3.97 9.15
5 39 10.2 0.69
5 40 8.73 5.74
5 41 1.91 9.99
5 42 6.94 3.16
5 43 4.72 6.87
5 44 9.64 4.02
5 45 9.85 10.4
5 46 5.89 5.01
5 47 7.52 5.62
5 48 1.56 7.42
5 49 2.23 5.72
6 7 8.93 3.65
6 8 5.29 10.6
6 9 3.45 9.27
6 10 3.96 2.56
6 11 4.06 7.00
6 12 2.07 4.48
6 13 7.34 10.9
6 14 2.94 1.86
6 15 5.53 4.63
6 16 5.49 3.26
6 17 4.09 2.06
6 18 4.86 8.91
6 19 9.14 5.32
6 20 1.96 0.38
6 21 2.39 4.12
6 22 8.20 1.60
6 23 0.01 6.80
6 24 4.69 10.6
6 25 6.76 9.88
6 26 8.44 8.87
6 27 4.92 5.56
6 28 0.06 4.25
6 29 7.59 0.76
6 30 3.94 3.35
6 31 1.74 4.20
6 32 10.6 7.59
6 33 7.89 6.41
6 34 7.69 7.63
6 35 10.2 3.96
6 36 2.09 4.35
6 37 8.67 1.53
6 38 7.14 9.80
6 39 4.22 9.78
6 40 2.69 4.65
6 41 4.46 10.4
6 42 3.95 10.4
6 43 8.93 6.51
6 44 1.74 6.52
6 45 5.15 0.14
6 46 0.40 9.19
6 47 8.28 2.05
6 48 6.91 6.82
6 49 9.17 6.54
7 8 6.06 1.99
7 9 10.3 6.73
7 10 6.56 7.32
7 11 7.28 7.42
7 12 5.35 6.70
7 13 2.96 5.86
7 14 4.85 5.03
7 15 4.80 4.89
7 16 2.06 9.99
7 17 3.36 8.19
7 18 8.61 9.46
7 19 10.7 3.11
7 20 9.84 9.74
7 21 2.54 5.94
7 22 10.0 3.57
7 23 3.11 2.64
7 24 9.63 9.56
7 25 8.57 6.94
7 26 3.32 7.48
7 27 6.64 9.96
7 28 3.85 8.41
7 29 3.94 7.00
7 30 9.28 7.51
7 31 10.4 0.36
7 32 8.85 7.19
7 33 5.20 4.01
7 34 5.72 10.1
7 35 6.65 2.56
7 36 10.3 8.16
7 37 5.77 5.10
7 38 4.71 7.82
7 39 6.81 1.88
7 40 7.89 2.74
7 41 3.22 0.19
7 42 4.58 2.10
7 43 4.30 7.28
7 44 7.81 10.8
7 45 2.42 6.93
7 46 6.65 4.77
7 47 8.74 2.38
7 48 1.72 8.38
7 49 7.44 7.39
8 9 8.88 0.12
8 10 6.89 0.31
8 11 3.37 8.03
8 12 7.35 4.65
8 13 4.76 5.90
8 14 7.67 9.01
8 15 7.72 4.98
8 16 1.43 5.58
8 17 8.07 10.5
8 18 5.73 10.6
8 19 1.46 6.40
8 20 10.7 2.81
8 21 9.62 5.31
8 22 2.10 8.82
8 23 8.88 7.69
8 24 6.80 10.6
8 25 5.71 10.6
8 26 4.50 0.55
8 27 5.55 10.2
8 28 9.47 5.00
8 29 1.25 5.01
8 30 6.13 9.97
8 31 10.5 10.5
8 32 5.25 9.89
8 33 0.91 6.38
8 34 9.91 8.50
8 35 8.26 8.55
8 36 2.22 8.48
8 37 4.05 8.37
8 38 3.27 9.83
8 39 5.79 5.92
8 40 4.92 1.65
8 41 2.97 7.24
8 42 3.81 1.75
8 43 10.4 3.85
8 44 5.25 8.77
8 45 6.19 8.77
8 46 3.78 7.32
8 47 10.4 1.45
8 48 4.94 7.58
8 49 8.68 5.72
9 10 7.15 4.42
9 11 2.01 4.37
9 12 2.41 9.59
9 13 0.82 3.06
9 14 0.19 3.81
9 15 6.29 5.13
9 16 2.82 1.48
9 17 1.34 6.86
9 18 1.63 4.12
9 19 7.78 7.84
9 20 9.47 1.92
9 21 3.66 8.86
9 22 8.80 3.40
9 23 9.26 8.10
9 24 4.61 4.66
9 25 9.93 8.31
9 26 7.91 6.80
9 27 2.97 4.13
9 28 3.74 6.92
9 29 2.46 9.50
9 30 7.96 2.46
9 31 2.42 1.39
9 32 5.97 2.19
9 33 8.20 3.87
9 34 5.60 9.92
9 35 1.06 1.58
9 36 4.05 6.84
9 37 1.45 10.4
9 38 0.70 6.27
9 39 2.22 5.52
9 40 8.04 10.8
9 41 7.36 9.37
9 42 0.93 1.64
9 43 6.85 6.58
9 44 4.31 6.08
9 45 5.27 0.76
9 46 5.55 0.98
9 47 7.08 6.59
9 48 4.34 3.91
9 49 0.28 2.82
10 11 3.01 9.82
10 12 1.08 3.03
10 13 6.94 0.10
10 14 9.95 0.77
10 15 9.06 10.5
10 16 9.12 10.8
10 17 1.52 7.09
10 18 8.91 5.49
10 19 7.93 10.0
10 20 2.65 8.19
10 21 3.63 8.93
10 22 6.15 6.78
10 23 0.93 9.90
10 24 0.98 10.3
10 25 9.42 4.86
10 26 3.05 10.8
10 27 0.30 0.25
10 28 6.92 8.61
10 29 2.46 8.93
10 30 4.65 6.92
10 31 3.64 1.77
10 32 7.64 5.46
10 33 5.18 6.63
10 34 4.19 8.73
10 35 3.98 8.44
10 36 7.04 4.72
10 37 3.53 9.58
10 38 8.05 8.15
10 39 10.0 2.45
10 40 9.34 8.18
10 41 5.92 3.70
10 42 3.41 10.5
10 43 9.05 3.97
10 44 9.74 5.89
10 45 4.92 2.06
10 46 6.87 9.47
10 47 4.32 5.40
10 48 6.84 8.54
10 49 0.65 6.95
11 12 4.27 0.91
11 13 10.9 8.77
11 14 4.29 4.52
11 15 8.28 2.99
11 16 3.03 2.09
11 17 6.26 2.79
11 18 6.12 6.51
11 19 4.15 7.05
11 20 5.46 2.61
11 21 0.49 3.53
11 22 8.31 10.4
11 23 1.55 2.17
11 24 1.04 8.13
11 25 3.13 8.04
11 26 10.9 9.64
11 27 7.48 1.77
11 28 8.90 6.65
11 29 3.15 1.31
11 30 9.19 10.3
11 31 1.11 3.52
11 32 2.95 5.01
11 33 9.56 2.26
11 34 8.46 8.49
11 35 1.74 2.91
11 36 6.55 5.05
11 37 3.17 4.48
11 38 6.10 4.59
11 39 1.08 3.19
11 40 0.18 4.72
11 41 0.09 7.23
11 42 8.60 6.89
11 43 5.98 10.6
11 44 9.74 1.98
11 45 1.99 9.42
11 46 3.10 2.68
11 47 1.84 6.84
11 48 9.96 10.0
11 49 3.64 6.63
12 13 8.25 8.90
12 14 8.91 5.50
12 15 4.51 3.61
12 16 8.89 10.1
12 17 1.15 10.0
12 18 4.03 3.73
12 19 3.07 1.02
12 20 6.20 7.19
12 21 1.83 8.40
12 22 4.67 1.42
12 23 5.64 4.50
12 24 9.60 3.53
12 25 4.73 5.26
12 26 4.41 3.00
12 27 0.75 4.78
12 28 2.97 9.46
12 29 8.20 9.91
12 30 6.90 1.65
12 31 3.07 10.6
12 32 8.57 9.73
12 33 2.74 4.93
12 34 1.28 1.35
12 35 5.34 5.66
12 36 3.17 1.79
12 37 9.40 0.41
12 38 3.13 0.14
12 39 2.83 8.32
12 40 2.41 7.07
12 41 3.67 6.61
12 42 3.97 3.88
12 43 1.70 10.0
12 44 0.42 8.65
12 45 7.82 4.71
12 46 8.99 8.23
12 47 7.96 7.36
12 48 10.9 5.78
12 49 9.04 0.82
13 14 10.9 9.38
13 15 2.35 4.57
13 16 0.26 9.47
13 17 2.40 5.49
13 18 0.97 1.95
13 19 6.49 6.31
13 20 1.04 1.91
13 21 10.0 2.33
13 22 7.62 4.87
13 23 3.49 8.32
13 24 1.43 7.69
13 25 5.43 8.97
13 26 8.36 6.78
13 27 2.35 1.33
13 28 2.61 4.48
13 29 5.73 6.45
13 30 5.93 3.36
13 31 7.05 2.23
13 32 0.40 8.47
13 33 8.36 9.35
13 34 2.65 1.32
13 35 3.48 2.46
13 36 3.39 5.89
13 37 4.87 5.72
13 38 8.52 7.78
13 39 3.39 10.8
13 40 4.66 6.93
13 41 1.45 10.0
13 42 0.97 5.06
13 43 5.79 8.81
13 44 5.30 9.74
13 45 0.52 3.80
13 46 10.2 8.68
13 47 1.07 2.09
13 48 8.05 1.72
13 49 4.53 9.60
14 15 8.43 9.43
14 16 5.84 5.48
14 17 0.70 10.2
14 18 8.31 2.05
14 19 5.54 8.82
14 20 10.3 6.99
14 21 1.98 9.43
14 22 3.14 0.50
14 23 3.88 9.07
14 24 1.94 4.07
14 25 4.39 0.17
14 26 5.10 10.0
14 27 7.60 10.2
14 28 0.66 1.19
14 29 6.02 4.42
14 30 9.37 3.29
14 31 5.75 9.56
14 32 1.85 5.22
14 33 0.33 1.00
14 34 9.32 6.59
14 35 10.6 9.13
14 36 7.87 0.05
14 37 5.59 7.26
14 38 7.55 10.1
14 39 6.66 6.62
14 40 6.93 10.6
14 41 0.49 8.56
14 42 8.83 6.55
14 43 4.64 1.55
14 44 2.93 8.52
14 45 2.84 4.18
14 46 8.54 7.24
14 47 7.97 10.6
14 48 7.14 10.2
14 49 8.23 6.89
15 16 5.02 7.63
15 17 5.95 3.53
15 18 6.61 2.45
15 19 8.14 7.11
15 20 10.6 9.52
15 21 4.75 5.45
15 22 3.88 4.94
15 23 5.97 2.73
15 24 9.65 8.99
15 25 7.23 0.90
15 26 7.44 9.66
15 27 6.31 0.74
15 28 2.23 4.97
15 29 10.9 1.64
15 30 6.18 5.51
15 31 7.01 4.38
15 32 3.12 3.71
15 33 5.29 7.92
15 34 8.24 4.94
15 35 9.30 1.67
15 36 6.34 10.5
15 37 5.77 5.10
15 38 1.17 2.91
15 39 2.30 3.25
15 40 0.77 3.65
15 41 8.32 1.15
15 42 4.00 4.30
15 43 0.92 8.39
15 44 0.83 8.07
15 45 2.32 4.87
15 46 8.66 1.81
15 47 9.40 1.77
15 48 8.81 0.88
15 49 9.68 4.83
16 17 0.30 8.24
16 18 9.43 0.34
16 19 4.20 7.75
16 20 8.19 1.85
16 21 3.05 7.62
16 22 1.20 1.37
16 23 8.30 5.98
16 24 6.57 0.24
16 25 3.31 4.17
16 26 1.58 8.05
16 27 3.32 1.15
16 28 2.00 3.62
16 29 9.63 10.1
16 30 3.03 2.54
16 31 6.39 4.79
16 32 5.57 9.50
16 33 7.53 10.8
16 34 5.42 9.13
16 35 2.52 6.87
16 36 8.55 7.85
16 37 1.58 10.8
16 38 2.62 5.27
16 39 10.3 3.18
16 40 6.91 10.7
16 41 9.47 0.47
16 42 4.57 5.80
16 43 9.83 9.98
16 44 6.44 6.57
16 45 5.97 6.66
16 46 8.88 9.98
16 47 4.30 10.6
16 48 9.85 9.41
16 49 10.4 6.44
17 18 8.69 5.43
17 19 3.77 5.48
17 20 0.59 10.9
17 21 10.6 10.8
17 22 7.05 6.43
17 23 8.09 8.12
17 24 7.41 3.35
17 25 10.6 3.62
17 26 0.00 2.87
17 27 1.39 10.8
17 28 3.45 2.47
17 29 6.01 2.98
17 30 6.34 9.08
17 31 8.16 2.64
17 32 9.15 2.36
17 33 8.99 2.48
17 34 8.71 0.63
17 35 3.33 8.41
17 36 8.71 10.0
17 37 1.59 3.71
17 38 9.56 10.9
17 39 6.44 5.42
17 40 9.13 5.24
17 41 7.16 5.24
17 42 7.92 1.73
17 43 2.65 8.22
17 44 4.14 9.15
17 45 2.67 2.48
17 46 2.50 9.99
17 47 1.64 5.55
17 48 3.10 8.94
17 49 3.43 8.63
18 19 2.10 2.91
18 20 3.32 4.67
18 21 6.91 8.71
18 22 10.9 9.00
18 23 10.7 1.41
18 24 6.74 5.78
18 25 3.74 7.35
18 26 3.69 6.94
18 27 9.74 1.01
18 28 6.09 8.58
18 29 10.6 8.38
18 30 2.53 7.45
18 31 0.12 6.45
18 32 4.15 4.83
18 33 9.23 8.26
18 34 3.53 9.37
18 35 5.18 2.73
18 36 5.05 8.11
18 37 0.77 4.45
18 38 8.10 2.30
18 39 0.92 10.7
18 40 10.5 5.33
18 41 6.88 1.78
18 42 8.72 1.63
18 43 5.27 0.45
18 44 1.40 3.76
18 45 9.52 2.63
18 46 3.93 4.29
18 47 2.55 5.07
18 48 3.83 6.60
18 49 6.00 1.77
19 20 5.32 2.81
19 21 2.55 8.60
19 22 0.23 4.62
19 23 10.2 6.86
19 24 10.4 6.85
19 25 9.81 6.65
19 26 0.73 4.93
19 27 7.37 4.34
19 28 2.80 5.91
19 29 9.17 0.14
19 30 0.12 5.02
19 31 3.77 10.7
19 32 2.87 0.06
19 33 2.82 6.58
19 34 0.91 9.74
19 35 4.48 2.55
19 36 7.05 3.66
19 37 10.2 7.07
19 38 0.11 7.54
19 39 7.41 2.93
19 40 6.03 0.62
19 41 9.24 10.5
19 42 7.19 7.49
19 43 0.44 7.60
19 44 2.73 4.28
19 45 1.16 8.61
19 46 7.52 1.21
19 47 10.8 6.79
19 48 0.43 7.96
19 49 0.89 4.84
20 21 8.43 0.78
20 22 10.5 7.39
20 23 5.62 2.71
20 24 3.69 2.47
20 25 1.31 5.45
20 26 1.16 9.87
20 27 5.47 8.12
20 28 2.16 6.31
20 29 4.16 7.54
20 30 0.33 2.60
20 31 1.14 5.74
20 32 9.45 9.08
20 33 4.33 2.86
20 34 1.76 9.18
20 35 7.58 4.89
20 36 10.7 6.41
20 37 3.34 2.74
20 38 4.75 5.86
20 39 2.00 10.6
20 40 9.32 7.89
20 41 6.56 8.71
20 42 7.12 10.6
20 43 6.12 2.73
20 44 4.33 3.92
20 45 3.15 7.57
20 46 0.97 2.92
20 47 7.84 10.4
20 48 0.75 7.16
20 49 3.50 3.29
21 22 8.45 7.11
21 23 10.3 3.24
21 24 6.78 3.36
21 25 1.88 7.09
21 26 6.00 3.31
21 27 6.05 4.03
21 28 8.85 6.32
21 29 5.25 1.80
21 30 2.97 0.64
21 31 4.83 10.0
21 32 3.29 3.69
21 33 6.36 5.37
21 34 5.80 5.95
21 35 2.00 2.99
21 36 3.39 7.63
21 37 5.95 7.79
21 38 6.03 10.7
21 39 7.03 5.08
21 40 6.50 10.7
21 41 10.3 9.74
21 42 1.60 5.44
21 43 10.8 1.97
21 44 4.31 1.53
21 45 0.56 3.17
21 46 0.51 9.10
21 47 3.20 1.99
21 48 6.61 3.42
21 49 10.1 5.95
22 23 7.51 9.48
22 24 7.17 5.62
22 25 7.26 8.70
22 26 1.07 9.91
22 27 8.51 6.64
22 28 4.64 2.92
22 29 4.34 2.16
22 30 4.62 1.78
22 31 5.96 3.64
22 32 1.52 8.34
22 33 0.59 9.79
22 34 9.16 10.1
22 35 2.24 1.50
22 36 4.97 1.77
22 37 0.45 3.91
22 38 1.15 0.57
22 39 10.9 1.41
22 40 2.17 7.59
22 41 1.99 6.24
22 42 2.13 4.93
22 43 0.72 2.61
22 44 1.22 4.84
22 45 10.8 7.17
22 46 7.06 2.48
22 47 7.74 0.49
22 48 2.47 0.28
22 49 8.63 6.29
23 24 6.29 8.30
23 25 6.59 10.9
23 26 8.20 0.45
23 27 4.51 10.1
23 28 2.81 0.04
23 29 10.1 1.14
23 30 0.13 9.60
23 31 3.44 3.21
23 32 4.63 0.51
23 33 0.56 0.52
23 34 9.23 2.43
23 35 3.31 0.84
23 36 9.84 2.34
23 37 6.09 4.53
23 38 2.75 5.62
23 39 5.22 0.79
23 40 10.6 7.64
23 41 10.4 4.64
23 42 1.31 1.75
23 43 3.09 3.32
23 44 3.42 9.47
23 45 3.84 10.0
23 46 5.01 10.4
23 47 5.62 10.6
23 48 7.14 10.2
23 49 7.92 1.18
24 25 5.12 3.16
24 26 4.68 8.68
24 27 5.04 10.2
24 28 3.06 9.75
24 29 8.79 8.78
24 30 7.87 0.40
24 31 0.63 9.74
24 32 9.26 8.12
24 33 1.52 8.26
24 34 4.30 2.82
24 35 2.43 1.46
24 36 10.2 10.6
24 37 7.92 8.20
24 38 6.59 4.95
24 39 1.91 6.30
24 40 5.58 5.88
24 41 7.46 9.07
24 42 4.78 10.9
24 43 2.93 6.30
24 44 8.28 10.7
24 45 9.43 9.17
24 46 4.67 8.96
24 47 2.98 7.20
24 48 6.00 8.06
24 49 2.32 3.57
25 26 10.4 1.50
25 27 10.4 0.59
25 28 1.83 1.42
25 29 5.89 6.99
25 30 8.54 5.95
25 31 0.41 1.87
25 32 2.89 8.29
25 33 1.68 3.83
25 34 8.77 0.26
25 35 7.37 6.78
25 36 7.52 10.7
25 37 9.65 0.11
25 38 8.29 8.75
25 39 4.29 4.01
25 40 8.49 10.1
25 41 6.00 4.81
25 42 0.02 6.67
25 43 8.13 6.73
25 44 1.99 10.1
25 45 2.89 7.03
25 46 4.91 1.43
25 47 10.4 10.1
25 48 2.20 3.29
25 49 10.8 6.47
26 27 10.0 6.40
26 28 2.76 4.07
26 29 0.14 5.80
26 30 0.08 1.06
26 31 7.80 0.74
26 32 7.91 1.48
26 33 7.63 9.97
26 34 10.9 4.73
26 35 8.35 2.45
26 36 1.85 1.86
26 37 0.05 4.45
26 38 2.07 2.81
26 39 0.42 4.01
26 40 10.8 6.38
26 41 1.27 2.49
26 42 10.9 8.29
26 43 1.92 2.67
26 44 4.33 8.62
26 45 7.76 5.00
26 46 2.89 7.19
26 47 5.98 1.43
26 48 9.99 0.78
26 49 0.00 6.76
27 28 9.60 3.21
27 29 10.4 0.35
27 30 0.83 10.1
27 31 9.50 10.0
27 32 6.69 9.89
27 33 6.12 6.08
27 34 4.43 0.37
27 35 0.94 10.0
27 36 3.39 10.4
27 37 10.3 8.02
27 38 4.20 1.46
27 39 1.41 6.28
27 40 1.19 6.49
27 41 9.07 0.51
27 42 1.23 7.59
27 43 6.99 0.51
27 44 9.49 8.88
27 45 5.05 4.77
27 46 3.64 1.00
27 47 1.53 1.13
27 48 1.97 5.34
27 49 2.27 8.04
28 29 9.76 10.8
28 30 7.59 6.97
28 31 7.24 0.54
28 32 10.6 5.52
28 33 9.29 3.49
28 34 3.69 6.46
28 35 5.71 6.71
28 36 1.79 10.8
28 37 0.88 10.0
28 38 0.86 2.44
28 39 2.10 2.47
28 40 7.70 10.2
28 41 4.83 0.16
28 42 6.14 2.48
28 43 7.11 5.93
28 44 3.69 0.90
28 45 10.8 9.44
28 46 8.52 1.43
28 47 1.41 10.2
28 48 10.2 3.60
28 49 5.86 6.55
29 30 3.35 10.0
29 31 10.3 4.98
29 32 10.4 3.00
29 33 6.18 2.56
29 34 6.36 0.41
29 35 5.60 4.07
29 36 9.72 0.01
29 37 1.88 6.02
29 38 7.41 3.38
29 39 2.05 2.31
29 40 1.38 3.40
29 41 3.15 6.84
29 42 3.50 7.32
29 43 4.79 7.12
29 44 3.38 3.63
29 45 1.37 4.45
29 46 3.36 5.64
29 47 8.01 9.00
29 48 8.15 1.41
29 49 0.37 8.46
30 31 8.40 3.07
30 32 4.38 6.01
30 33 3.35 8.81
30 34 4.08 5.88
30 35 9.91 6.15
30 36 10.7 0.29
30 37 5.92 0.47
30 38 8.06 6.83
30 39 7.45 3.98
30 40 0.31 1.75
30 41 5.98 3.73
30 42 10.5 9.89
30 43 1.85 8.94
30 44 2.58 5.21
30 45 2.10 10.3
30 46 0.26 1.21
30 47 6.99 3.83
30 48 0.17 9.63
30 49 9.53 5.94
31 32 3.24 7.54
31 33 4.75 8.73
31 34 3.92 10.8
31 35 0.57 3.46
31 36 3.93 5.57
31 37 0.28 6.44
31 38 5.86 9.51
31 39 4.00 6.62
31 40 3.12 9.36
31 41 8.11 0.33
31 42 3.54 2.46
31 43 8.74 10.0
31 44 0.30 3.15
31 45 9.83 3.09
31 46 9.12 0.32
31 47 9.24 3.04
31 48 4.74 1.84
31 49 10.7 3.25
32 33 4.11 0.91
32 34 9.37 1.65
32 35 4.55 5.28
32 36 8.83 0.48
32 37 2.95 6.92
32 38 1.88 3.05
32 39 3.97 4.19
32 40 8.76 9.74
32 41 2.31 9.67
32 42 8.67 8.92
32 43 8.14 3.14
32 44 10.0 8.37
32 45 5.30 5.65
32 46 4.00 1.24
32 47 2.42 5.32
32 48 7.35 2.47
32 49 0.10 0.02
33 34 4.67 6.59
33 35 2.05 6.04
33 36 0.48 1.88
33 37 4.29 3.72
33 38 1.92 5.31
33 39 2.31 4.97
33 40 8.89 1.49
33 41 3.66 4.96
33 42 10.4 1.26
33 43 4.45 6.05
33 44 7.34 6.45
33 45 1.37 9.74
33 46 3.91 9.48
33 47 9.42 5.18
33 48 8.73 3.34
33 49 2.82 4.22
34 35 8.27 0.60
34 36 1.55 0.97
34 37 2.94 3.41
34 38 5.44 3.64
34 39 5.27 4.03
34 40 2.16 5.44
34 41 1.13 0.38
34 42 3.56 2.69
34 43 4.90 8.37
34 44 10.3 7.14
34 45 7.11 10.6
34 46 9.36 4.26
34 47 2.32 5.66
34 48 1.82 6.77
34 49 1.83 6.83
35 36 1.92 0.72
35 37 2.48 10.7
35 38 5.04 9.83
35 39 5.55 2.76
35 40 6.77 2.56
35 41 3.71 0.56
35 42 5.84 10.5
35 43 1.64 10.5
35 44 0.78 0.17
35 45 9.29 10.0
35 46 5.86 4.13
35 47 9.26 8.26
35 48 10.2 3.15
35 49 5.08 6.20
36 37 1.08 4.96
36 38 5.41 1.00
36 39 7.11 6.08
36 40 2.17 0.83
36 41 4.21 0.75
36 42 7.56 4.86
36 43 3.00 4.95
36 44 1.96 8.52
36 45 4.13 10.8
36 46 6.60 3.15
36 47 10.2 5.38
36 48 7.00 2.01
36 49 7.65 0.51
37 38 3.14 9.24
37 39 10.6 6.90
37 40 5.38 6.81
37 41 5.15 4.41
37 42 1.52 5.57
37 43 8.06 2.88
37 44 2.12 0.52
37 45 5.01 2.59
37 46 5.40 7.52
37 47 2.04 6.30
37 48 1.28 0.21
37 49 4.35 7.45
38 39 5.79 5.64
38 40 6.10 10.6
38 41 3.01 5.60
38 42 10.4 2.07
38 43 5.08 7.24
38 44 10.1 9.50
38 45 2.74 2.44
38 46 7.42 0.79
38 47 9.46 10.2
38 48 10.1 1.93
38 49 4.08 8.02
39 40 7.79 6.74
39 41 7.53 0.20
39 42 2.37 4.69
39 43 10.5 1.74
39 44 1.41 10.5
39 45 2.26 9.98
39 46 9.75 0.27
39 47 10.5 0.09
39 48 9.35 4.55
39 49 4.24 2.06
40 41 8.71 5.36
40 42 3.61 7.22
40 43 9.95 6.62
40 44 5.54 6.81
40 45 2.97 0.35
40 46 8.27 1.55
40 47 2.73 8.01
40 48 0.64 4.70
40 49 9.77 10.3
41 42 1.71 2.48
41 43 1.06 10.7
41 44 6.42 10.1
41 45 9.02 2.89
41 46 8.06 10.6
41 47 8.03 9.23
41 48 3.73 0.99
41 49 9.99 0.90
42 43 10.3 4.93
42 44 2.31 4.51
42 45 6.14 4.87
42 46 5.33 0.07
42 47 9.50 2.86
42 48 7.38 0.95
42 49 6.90 4.59
43 44 2.74 2.95
43 45 4.19 2.42
43 46 10.3 1.52
43 47 3.81 5.50
43 48 4.62 5.98
43 49 10.0 5.55
44 45 4.20 7.48
44 46 10.6 9.42
44 47 8.68 0.66
44 48 7.99 5.11
44 49 10.0 9.99
45 46 0.78 6.14
45 47 9.14 0.64
45 48 0.36 2.99
45 49 8.24 3.43
46 47 5.54 1.76
46 48 1.86 1.71
46 49 1.98 3.45
47 48 1.66 7.64
47 49 1.04 3.36
48 49 3.05 6.47
