50
99
0 1 83 0.162
0 2 84 0.156
0 3 85 0.2
0 4 80 0.069
0 5 90 0.082
0 6 88 0.181
0 7 81 0.038
0 8 87 0.115
0 9 87 0.037
0 10 6 0.184
0 11 5 0.171
0 12 6 0.077
0 13 3 0.181
0 14 11 0.029
0 15 10 0.047
0 16 11 0.046
0 17 1 0.069
0 18 5 0.118
0 19 19 0.161
0 20 17 0.165
0 21 5 0.035
0 22 5 0.112
0 23 12 0.146
0 24 7 0.181
0 25 16 0.108
0 26 9 0.135
0 27 20 0.196
0 28 12 0.058
0 29 16 0.026
0 30 12 0.062
0 31 15 0.11
0 32 10 0.139
0 33 3 0.125
0 34 13 0.143
0 35 1 0.118
0 36 19 0.127
0 37 13 0.199
0 38 5 0.162
0 39 20 0.106
0 40 18 0.169
0 41 1 0.088
0 42 1 0.092
0 43 10 0.175
0 44 4 0.032
0 45 15 0.118
0 46 1 0.093
0 47 14 0.189
0 48 1 0.199
0 49 5 0.023
1 2 90 0.133
1 3 90 0.057
1 4 84 0.159
1 5 81 0.113
1 6 88 0.185
1 7 89 0.131
1 8 82 0.105
1 9 84 0.152
1 10 6 0.127
1 11 9 0.173
1 12 16 0.096
1 13 11 0.15
1 14 18 0.158
1 15 19 0.069
1 16 16 0.064
1 17 13 0.186
1 18 16 0.071
1 19 14 0.178
1 20 19 0.03
1 21 5 0.121
1 22 18 0.13
1 23 1 0.154
1 24 17 0.097
1 25 8 0.064
1 26 2 0.157
1 27 20 0.129
1 28 9 0.121
1 29 13 0.175
1 30 1 0.078
1 31 14 0.129
1 32 12 0.098
1 33 4 0.113
1 34 20 0.174
1 35 16 0.198
1 36 20 0.08
1 37 13 0.17
1 38 19 0.142
1 39 2 0.022
1 40 7 0.159
1 41 3 0.154
1 42 0 0.151
1 43 16 0.069
1 44 12 0.127
1 45 2 0.166
1 46 9 0.041
1 47 15 0.078
1 48 1 0.141
1 49 14 0.111
2 3 81 0.045
2 4 83 0.11
2 5 81 0.187
2 6 90 0.101
2 7 80 0.087
2 8 84 0.076
2 9 81 0.042
2 10 18 0.06
2 11 0 0.124
2 12 11 0.14
2 13 11 0.162
2 14 19 0.057
2 15 2 0.153
2 16 3 0.032
2 17 4 0.199
2 18 2 0.09
2 19 12 0.113
2 20 13 0.124
2 21 11 0.166
2 22 1 0.176
2 23 8 0.054
2 24 8 0.069
2 25 4 0.118
2 26 10 0.04
2 27 10 0.167
2 28 6 0.084
2 29 18 0.156
2 30 7 0.024
2 31 16 0.078
2 32 13 0.025
2 33 16 0.192
2 34 17 0.184
2 35 5 0.194
2 36 19 0.18
2 37 1 0.137
2 38 20 0.178
2 39 1 0.046
2 40 16 0.054
2 41 19 0.05
2 42 11 0.138
2 43 15 0.052
2 44 18 0.024
2 45 2 0.059
2 46 4 0.138
2 47 15 0.06
2 48 2 0.188
2 49 18 0.143
3 4 85 0.022
3 5 80 0.177
3 6 85 0.093
3 7 88 0.111
3 8 83 0.196
3 9 85 0.088
3 10 13 0.172
3 11 14 0.181
3 12 1 0.144
3 13 0 0.149
3 14 12 0.161
3 15 19 0.155
3 16 10 0.108
3 17 3 0.135
3 18 16 0.144
3 19 19 0.085
3 20 4 0.121
3 21 15 0.134
3 22 20 0.053
3 23 18 0.145
3 24 2 0.12
3 25 19 0.041
3 26 8 0.081
3 27 11 0.157
3 28 2 0.035
3 29 11 0.035
3 30 11 0.057
3 31 5 0.085
3 32 2 0.134
3 33 5 0.199
3 34 16 0.11
3 35 11 0.057
3 36 3 0.154
3 37 8 0.127
3 38 0 0.164
3 39 18 0.091
3 40 11 0.072
3 41 19 0.039
3 42 13 0.088
3 43 7 0.126
3 44 8 0.117
3 45 3 0.111
3 46 15 0.167
3 47 6 0.101
3 48 9 0.136
3 49 16 0.194
4 5 87 0.068
4 6 85 0.035
4 7 89 0.186
4 8 83 0.178
4 9 87 0.17
4 10 7 0.178
4 11 2 0.189
4 12 1 0.05
4 13 4 0.108
4 14 14 0.094
4 15 15 0.141
4 16 11 0.056
4 17 1 0.169
4 18 15 0.085
4 19 5 0.124
4 20 15 0.169
4 21 15 0.07
4 22 16 0.054
4 23 11 0.181
4 24 4 0.023
4 25 17 0.094
4 26 19 0.078
4 27 9 0.027
4 28 8 0.121
4 29 2 0.061
4 30 11 0.141
4 31 19 0.086
4 32 12 0.155
4 33 20 0.021
4 34 9 0.025
4 35 19 0.045
4 36 16 0.074
4 37 10 0.04
4 38 1 0.025
4 39 5 0.18
4 40 6 0.117
4 41 19 0.15
4 42 18 0.07
4 43 18 0.137
4 44 11 0.026
4 45 0 0.134
4 46 18 0.029
4 47 14 0.092
4 48 2 0.194
4 49 10 0.163
5 6 90 0.177
5 7 86 0.051
5 8 89 0.146
5 9 90 0.174
5 10 3 0.12
5 11 20 0.131
5 12 11 0.089
5 13 9 0.105
5 14 0 0.175
5 15 16 0.174
5 16 4 0.167
5 17 8 0.157
5 18 13 0.045
5 19 2 0.11
5 20 4 0.153
5 21 2 0.187
5 22 16 0.182
5 23 16 0.042
5 24 1 0.078
5 25 15 0.133
5 26 15 0.065
5 27 20 0.081
5 28 5 0.108
5 29 11 0.143
5 30 18 0.139
5 31 7 0.027
5 32 17 0.069
5 33 16 0.023
5 34 0 0.164
5 35 9 0.031
5 36 13 0.076
5 37 19 0.147
5 38 12 0.075
5 39 9 0.128
5 40 11 0.126
5 41 8 0.054
5 42 8 0.074
5 43 10 0.126
5 44 13 0.085
5 45 0 0.042
5 46 12 0.059
5 47 16 0.096
5 48 17 0.079
5 49 4 0.164
6 7 80 0.113
6 8 84 0.058
6 9 80 0.057
6 10 7 0.107
6 11 9 0.036
6 12 8 0.083
6 13 8 0.089
6 14 5 0.046
6 15 10 0.153
6 16 7 0.05
6 17 1 0.109
6 18 1 0.105
6 19 13 0.106
6 20 3 0.079
6 21 9 0.174
6 22 7 0.162
6 23 11 0.04
6 24 17 0.071
6 25 12 0.173
6 26 19 0.073
6 27 5 0.062
6 28 6 0.142
6 29 12 0.162
6 30 12 0.098
6 31 4 0.036
6 32 4 0.045
6 33 2 0.079
6 34 7 0.157
6 35 16 0.059
6 36 20 0.045
6 37 4 0.134
6 38 16 0.135
6 39 14 0.193
6 40 7 0.022
6 41 4 0.138
6 42 8 0.191
6 43 0 0.143
6 44 18 0.18
6 45 0 0.056
6 46 4 0.042
6 47 3 0.18
6 48 9 0.071
6 49 9 0.123
7 8 82 0.148
7 9 87 0.147
7 10 19 0.121
7 11 19 0.112
7 12 0 0.063
7 13 9 0.18
7 14 20 0.165
7 15 13 0.194
7 16 19 0.033
7 17 12 0.094
7 18 13 0.055
7 19 16 0.163
7 20 6 0.188
7 21 12 0.148
7 22 3 0.077
7 23 6 0.168
7 24 16 0.082
7 25 5 0.045
7 26 6 0.096
7 27 1 0.169
7 28 7 0.107
7 29 16 0.075
7 30 2 0.064
7 31 0 0.124
7 32 2 0.091
7 33 16 0.077
7 34 16 0.149
7 35 0 0.146
7 36 17 0.154
7 37 8 0.065
7 38 20 0.068
7 39 3 0.142
7 40 12 0.076
7 41 10 0.174
7 42 4 0.139
7 43 11 0.127
7 44 13 0.177
7 45 3 0.024
7 46 6 0.118
7 47 1 0.032
7 48 17 0.057
7 49 0 0.039
8 9 83 0.076
8 10 19 0.176
8 11 5 0.046
8 12 17 0.126
8 13 12 0.081
8 14 19 0.126
8 15 1 0.122
8 16 7 0.045
8 17 2 0.077
8 18 12 0.097
8 19 3 0.086
8 20 3 0.094
8 21 2 0.116
8 22 4 0.107
8 23 0 0.081
8 24 16 0.121
8 25 2 0.16
8 26 15 0.177
8 27 1 0.191
8 28 5 0.16
8 29 14 0.026
8 30 3 0.121
8 31 5 0.144
8 32 20 0.066
8 33 17 0.104
8 34 12 0.079
8 35 19 0.101
8 36 16 0.098
8 37 6 0.126
8 38 0 0.083
8 39 12 0.021
8 40 13 0.164
8 41 14 0.169
8 42 3 0.077
8 43 13 0.135
8 44 11 0.184
8 45 15 0.151
8 46 12 0.101
8 47 7 0.124
8 48 19 0.057
8 49 0 0.111
9 10 14 0.079
9 11 0 0.184
9 12 3 0.026
9 13 10 0.062
9 14 2 0.068
9 15 3 0.108
9 16 16 0.147
9 17 4 0.102
9 18 17 0.052
9 19 15 0.12
9 20 2 0.173
9 21 0 0.158
9 22 18 0.159
9 23 2 0.166
9 24 19 0.059
9 25 13 0.153
9 26 2 0.124
9 27 12 0.144
9 28 0 0.147
9 29 6 0.102
9 30 11 0.04
9 31 6 0.182
9 32 16 0.134
9 33 11 0.035
9 34 16 0.076
9 35 3 0.157
9 36 18 0.111
9 37 4 0.023
9 38 3 0.029
9 39 0 0.15
9 40 2 0.048
9 41 6 0.167
9 42 4 0.137
9 43 3 0.173
9 44 2 0.196
9 45 13 0.063
9 46 2 0.117
9 47 16 0.198
9 48 20 0.028
9 49 15 0.183
10 11 80 0.124
10 12 86 0.068
10 13 90 0.153
10 14 90 0.142
10 15 88 0.046
10 16 9 0.093
10 17 20 0.058
10 18 2 0.15
10 19 6 0.041
10 20 17 0.035
10 21 9 0.039
10 22 1 0.102
10 23 20 0.08
10 24 10 0.088
10 25 12 0.151
10 26 1 0.125
10 27 8 0.029
10 28 5 0.134
10 29 6 0.072
10 30 16 0.052
10 31 7 0.153
10 32 7 0.097
10 33 19 0.141
10 34 11 0.189
10 35 15 0.026
10 36 0 0.075
10 37 0 0.117
10 38 8 0.105
10 39 9 0.143
10 40 7 0.112
10 41 15 0.04
10 42 3 0.046
10 43 8 0.152
10 44 18 0.13
10 45 10 0.164
10 46 11 0.059
10 47 2 0.049
10 48 2 0.176
10 49 10 0.08
11 12 81 0.02
11 13 90 0.042
11 14 80 0.117
11 15 84 0.132
11 16 12 0.195
11 17 10 0.051
11 18 16 0.053
11 19 10 0.117
11 20 2 0.054
11 21 19 0.134
11 22 19 0.023
11 23 12 0.168
11 24 3 0.029
11 25 3 0.024
11 26 17 0.061
11 27 12 0.082
11 28 14 0.103
11 29 10 0.088
11 30 8 0.156
11 31 3 0.046
11 32 0 0.047
11 33 2 0.097
11 34 17 0.061
11 35 8 0.105
11 36 15 0.126
11 37 17 0.148
11 38 14 0.137
11 39 12 0.123
11 40 5 0.167
11 41 5 0.186
11 42 16 0.023
11 43 2 0.029
11 44 17 0.096
11 45 19 0.137
11 46 14 0.075
11 47 9 0.088
11 48 15 0.192
11 49 11 0.072
12 13 85 0.18
12 14 84 0.179
12 15 85 0.116
12 16 19 0.077
12 17 13 0.042
12 18 19 0.146
12 19 15 0.171
12 20 13 0.186
12 21 6 0.082
12 22 15 0.063
12 23 8 0.117
12 24 14 0.114
12 25 18 0.125
12 26 10 0.083
12 27 13 0.074
12 28 14 0.078
12 29 2 0.06
12 30 15 0.141
12 31 20 0.149
12 32 10 0.094
12 33 19 0.128
12 34 17 0.156
12 35 20 0.036
12 36 12 0.179
12 37 2 0.063
12 38 11 0.183
12 39 12 0.182
12 40 18 0.031
12 41 6 0.084
12 42 9 0.081
12 43 4 0.184
12 44 16 0.119
12 45 8 0.075
12 46 12 0.195
12 47 16 0.041
12 48 1 0.108
12 49 13 0.193
13 14 80 0.173
13 15 80 0.039
13 16 0 0.03
13 17 12 0.083
13 18 3 0.038
13 19 6 0.134
13 20 6 0.073
13 21 13 0.038
13 22 10 0.172
13 23 19 0.07
13 24 19 0.041
13 25 17 0.069
13 26 2 0.045
13 27 12 0.093
13 28 14 0.128
13 29 9 0.091
13 30 13 0.164
13 31 19 0.184
13 32 3 0.176
13 33 13 0.033
13 34 20 0.091
13 35 13 0.114
13 36 16 0.08
13 37 4 0.157
13 38 18 0.124
13 39 19 0.055
13 40 4 0.153
13 41 0 0.166
13 42 15 0.105
13 43 15 0.075
13 44 2 0.17
13 45 11 0.135
13 46 18 0.057
13 47 17 0.076
13 48 3 0.159
13 49 20 0.182
14 15 88 0.02
14 16 2 0.187
14 17 13 0.038
14 18 16 0.025
14 19 6 0.184
14 20 16 0.076
14 21 7 0.081
14 22 13 0.12
14 23 20 0.081
14 24 14 0.184
14 25 18 0.114
14 26 3 0.169
14 27 8 0.159
14 28 16 0.029
14 29 3 0.172
14 30 20 0.09
14 31 17 0.2
14 32 10 0.153
14 33 17 0.057
14 34 18 0.047
14 35 20 0.061
14 36 16 0.137
14 37 13 0.082
14 38 20 0.093
14 39 5 0.029
14 40 6 0.049
14 41 4 0.175
14 42 15 0.158
14 43 20 0.125
14 44 19 0.175
14 45 2 0.057
14 46 5 0.037
14 47 12 0.119
14 48 8 0.025
14 49 19 0.091
15 16 3 0.093
15 17 16 0.178
15 18 20 0.128
15 19 16 0.05
15 20 7 0.099
15 21 3 0.068
15 22 13 0.134
15 23 14 0.091
15 24 6 0.167
15 25 10 0.065
15 26 2 0.188
15 27 9 0.057
15 28 9 0.189
15 29 9 0.134
15 30 3 0.158
15 31 19 0.036
15 32 6 0.12
15 33 16 0.066
15 34 14 0.184
15 35 14 0.118
15 36 8 0.041
15 37 2 0.173
15 38 5 0.114
15 39 19 0.103
15 40 14 0.141
15 41 19 0.157
15 42 12 0.198
15 43 12 0.123
15 44 19 0.147
15 45 20 0.133
15 46 14 0.19
15 47 20 0.182
15 48 18 0.048
15 49 11 0.181
16 17 83 0.153
16 18 90 0.152
16 19 81 0.179
16 20 86 0.033
16 21 88 0.115
16 22 11 0.03
16 23 9 0.087
16 24 13 0.078
16 25 2 0.128
16 26 2 0.05
16 27 8 0.137
16 28 9 0.096
16 29 14 0.072
16 30 3 0.049
16 31 0 0.072
16 32 8 0.031
16 33 6 0.067
16 34 15 0.026
16 35 9 0.182
16 36 1 0.198
16 37 20 0.067
16 38 18 0.08
16 39 10 0.034
16 40 6 0.107
16 41 12 0.166
16 42 20 0.119
16 43 13 0.135
16 44 11 0.079
16 45 6 0.148
16 46 10 0.042
16 47 9 0.06
16 48 1 0.191
16 49 18 0.114
17 18 90 0.109
17 19 81 0.159
17 20 87 0.06
17 21 90 0.07
17 22 10 0.043
17 23 19 0.15
17 24 5 0.192
17 25 0 0.089
17 26 5 0.186
17 27 12 0.108
17 28 6 0.144
17 29 5 0.121
17 30 8 0.032
17 31 18 0.126
17 32 17 0.029
17 33 12 0.179
17 34 9 0.085
17 35 15 0.107
17 36 7 0.119
17 37 0 0.181
17 38 8 0.065
17 39 15 0.063
17 40 11 0.146
17 41 0 0.194
17 42 1 0.089
17 43 8 0.084
17 44 13 0.038
17 45 0 0.181
17 46 5 0.093
17 47 8 0.122
17 48 6 0.08
17 49 17 0.16
18 19 84 0.067
18 20 82 0.126
18 21 88 0.117
18 22 8 0.153
18 23 4 0.061
18 24 11 0.126
18 25 12 0.174
18 26 2 0.044
18 27 11 0.177
18 28 1 0.136
18 29 11 0.18
18 30 10 0.101
18 31 0 0.127
18 32 12 0.122
18 33 7 0.097
18 34 6 0.039
18 35 3 0.126
18 36 7 0.108
18 37 5 0.08
18 38 7 0.159
18 39 19 0.17
18 40 4 0.091
18 41 10 0.027
18 42 15 0.182
18 43 5 0.165
18 44 18 0.115
18 45 3 0.186
18 46 19 0.181
18 47 1 0.054
18 48 18 0.071
18 49 1 0.166
19 20 80 0.051
19 21 84 0.046
19 22 17 0.054
19 23 0 0.09
19 24 10 0.108
19 25 10 0.118
19 26 6 0.171
19 27 17 0.049
19 28 18 0.035
19 29 14 0.097
19 30 14 0.024
19 31 20 0.046
19 32 2 0.106
19 33 13 0.199
19 34 6 0.165
19 35 11 0.137
19 36 3 0.166
19 37 8 0.111
19 38 10 0.178
19 39 8 0.032
19 40 19 0.085
19 41 11 0.134
19 42 4 0.021
19 43 18 0.199
19 44 7 0.144
19 45 15 0.127
19 46 9 0.034
19 47 12 0.1
19 48 12 0.126
19 49 8 0.102
20 21 87 0.13
20 22 15 0.161
20 23 0 0.045
20 24 13 0.149
20 25 5 0.181
20 26 9 0.129
20 27 5 0.173
20 28 20 0.162
20 29 4 0.176
20 30 12 0.079
20 31 12 0.024
20 32 9 0.127
20 33 4 0.19
20 34 5 0.159
20 35 11 0.142
20 36 14 0.077
20 37 8 0.027
20 38 9 0.124
20 39 16 0.117
20 40 1 0.052
20 41 6 0.107
20 42 1 0.094
20 43 12 0.039
20 44 10 0.021
20 45 4 0.141
20 46 14 0.171
20 47 10 0.089
20 48 2 0.056
20 49 2 0.041
21 22 10 0.098
21 23 18 0.088
21 24 3 0.137
21 25 15 0.095
21 26 14 0.172
21 27 8 0.08
21 28 19 0.167
21 29 10 0.155
21 30 7 0.111
21 31 4 0.158
21 32 10 0.033
21 33 8 0.046
21 34 1 0.124
21 35 0 0.149
21 36 13 0.054
21 37 0 0.1
21 38 13 0.155
21 39 19 0.177
21 40 9 0.083
21 41 3 0.067
21 42 20 0.077
21 43 0 0.084
21 44 1 0.057
21 45 17 0.099
21 46 19 0.133
21 47 7 0.152
21 48 12 0.078
21 49 1 0.079
22 23 86 0.161
22 24 87 0.15
22 25 87 0.182
22 26 88 0.191
22 27 80 0.114
22 28 87 0.145
22 29 9 0.047
22 30 5 0.029
22 31 2 0.164
22 32 17 0.032
22 33 1 0.058
22 34 8 0.107
22 35 19 0.17
22 36 3 0.149
22 37 12 0.053
22 38 4 0.155
22 39 20 0.116
22 40 9 0.075
22 41 9 0.105
22 42 3 0.175
22 43 15 0.048
22 44 5 0.083
22 45 14 0.059
22 46 20 0.086
22 47 15 0.196
22 48 14 0.037
22 49 15 0.11
23 24 84 0.161
23 25 90 0.083
23 26 80 0.093
23 27 87 0.111
23 28 90 0.051
23 29 16 0.029
23 30 9 0.103
23 31 6 0.117
23 32 7 0.108
23 33 8 0.173
23 34 9 0.103
23 35 14 0.089
23 36 1 0.166
23 37 5 0.196
23 38 12 0.058
23 39 15 0.095
23 40 4 0.141
23 41 18 0.096
23 42 8 0.127
23 43 11 0.046
23 44 7 0.048
23 45 1 0.112
23 46 9 0.137
23 47 10 0.188
23 48 14 0.168
23 49 1 0.115
24 25 82 0.154
24 26 88 0.061
24 27 87 0.03
24 28 80 0.034
24 29 8 0.141
24 30 14 0.165
24 31 2 0.195
24 32 2 0.169
24 33 13 0.081
24 34 0 0.173
24 35 19 0.187
24 36 1 0.187
24 37 5 0.167
24 38 12 0.077
24 39 15 0.14
24 40 10 0.115
24 41 14 0.021
24 42 5 0.08
24 43 18 0.185
24 44 10 0.116
24 45 9 0.038
24 46 17 0.167
24 47 16 0.119
24 48 17 0.178
24 49 20 0.042
25 26 83 0.046
25 27 86 0.18
25 28 85 0.18
25 29 9 0.173
25 30 18 0.05
25 31 20 0.197
25 32 0 0.069
25 33 15 0.111
25 34 6 0.186
25 35 12 0.131
25 36 8 0.135
25 37 3 0.149
25 38 16 0.115
25 39 13 0.032
25 40 0 0.038
25 41 16 0.133
25 42 19 0.038
25 43 10 0.184
25 44 12 0.194
25 45 5 0.111
25 46 4 0.064
25 47 6 0.108
25 48 15 0.194
25 49 2 0.151
26 27 84 0.06
26 28 84 0.111
26 29 6 0.056
26 30 10 0.158
26 31 10 0.064
26 32 6 0.046
26 33 3 0.044
26 34 3 0.192
26 35 10 0.193
26 36 0 0.18
26 37 18 0.042
26 38 2 0.072
26 39 11 0.118
26 40 12 0.177
26 41 8 0.04
26 42 6 0.083
26 43 6 0.039
26 44 0 0.177
26 45 5 0.032
26 46 13 0.088
26 47 17 0.131
26 48 15 0.147
26 49 7 0.161
27 28 82 0.043
27 29 10 0.074
27 30 6 0.051
27 31 1 0.196
27 32 4 0.114
27 33 4 0.155
27 34 5 0.132
27 35 13 0.078
27 36 11 0.089
27 37 10 0.046
27 38 15 0.127
27 39 14 0.197
27 40 6 0.159
27 41 5 0.092
27 42 18 0.045
27 43 10 0.122
27 44 9 0.043
27 45 4 0.1
27 46 19 0.035
27 47 12 0.108
27 48 8 0.05
27 49 10 0.118
28 29 2 0.193
28 30 3 0.045
28 31 11 0.04
28 32 10 0.143
28 33 1 0.122
28 34 7 0.16
28 35 14 0.059
28 36 13 0.025
28 37 3 0.095
28 38 15 0.056
28 39 16 0.117
28 40 9 0.146
28 41 5 0.173
28 42 11 0.07
28 43 1 0.032
28 44 6 0.068
28 45 19 0.036
28 46 17 0.031
28 47 1 0.058
28 48 16 0.111
28 49 3 0.108
29 30 88 0.03
29 31 88 0.156
29 32 89 0.097
29 33 85 0.125
29 34 19 0.17
29 35 18 0.091
29 36 5 0.044
29 37 6 0.044
29 38 6 0.025
29 39 19 0.132
29 40 7 0.194
29 41 11 0.074
29 42 3 0.051
29 43 16 0.051
29 44 14 0.127
29 45 12 0.1
29 46 4 0.142
29 47 4 0.189
29 48 18 0.129
29 49 18 0.027
30 31 80 0.181
30 32 81 0.197
30 33 89 0.187
30 34 1 0.02
30 35 16 0.096
30 36 19 0.044
30 37 8 0.146
30 38 9 0.182
30 39 20 0.072
30 40 8 0.097
30 41 3 0.08
30 42 18 0.161
30 43 19 0.132
30 44 2 0.109
30 45 17 0.055
30 46 14 0.168
30 47 9 0.059
30 48 8 0.063
30 49 2 0.057
31 32 88 0.166
31 33 88 0.15
31 34 1 0.055
31 35 0 0.064
31 36 4 0.181
31 37 3 0.058
31 38 14 0.023
31 39 11 0.104
31 40 15 0.061
31 41 10 0.154
31 42 15 0.182
31 43 5 0.124
31 44 12 0.093
31 45 7 0.153
31 46 6 0.096
31 47 4 0.169
31 48 14 0.151
31 49 6 0.081
32 33 87 0.162
32 34 18 0.025
32 35 17 0.13
32 36 10 0.145
32 37 10 0.105
32 38 13 0.142
32 39 15 0.07
32 40 10 0.177
32 41 5 0.131
32 42 4 0.035
32 43 11 0.045
32 44 3 0.173
32 45 10 0.099
32 46 17 0.136
32 47 4 0.191
32 48 20 0.021
32 49 20 0.197
33 34 15 0.172
33 35 13 0.101
33 36 1 0.113
33 37 12 0.098
33 38 3 0.12
33 39 10 0.065
33 40 14 0.11
33 41 2 0.047
33 42 14 0.058
33 43 10 0.063
33 44 5 0.059
33 45 3 0.16
33 46 7 0.107
33 47 16 0.131
33 48 12 0.175
33 49 5 0.039
34 35 90 0.06
34 36 81 0.126
34 37 82 0.03
34 38 90 0.17
34 39 7 0.152
34 40 11 0.114
34 41 10 0.079
34 42 16 0.031
34 43 19 0.101
34 44 4 0.047
34 45 5 0.093
34 46 10 0.126
34 47 15 0.087
34 48 1 0.026
34 49 18 0.095
35 36 90 0.186
35 37 82 0.103
35 38 90 0.144
35 39 13 0.141
35 40 6 0.078
35 41 20 0.046
35 42 2 0.05
35 43 10 0.124
35 44 18 0.172
35 45 11 0.044
35 46 10 0.169
35 47 20 0.025
35 48 5 0.172
35 49 19 0.166
36 37 84 0.092
36 38 84 0.042
36 39 4 0.048
36 40 11 0.098
36 41 4 0.2
36 42 12 0.151
36 43 12 0.169
36 44 13 0.111
36 45 5 0.181
36 46 11 0.03
36 47 13 0.16
36 48 12 0.14
36 49 10 0.074
37 38 87 0.183
37 39 3 0.049
37 40 7 0.144
37 41 1 0.139
37 42 16 0.143
37 43 10 0.024
37 44 6 0.03
37 45 14 0.166
37 46 11 0.093
37 47 13 0.165
37 48 9 0.187
37 49 13 0.021
38 39 10 0.063
38 40 10 0.145
38 41 19 0.169
38 42 9 0.114
38 43 8 0.166
38 44 16 0.077
38 45 15 0.038
38 46 15 0.076
38 47 4 0.041
38 48 6 0.182
38 49 17 0.128
39 40 87 0.07
39 41 82 0.072
39 42 88 0.022
39 43 10 0.129
39 44 4 0.03
39 45 16 0.176
39 46 15 0.078
39 47 15 0.147
39 48 12 0.121
39 49 5 0.119
40 41 88 0.14
40 42 85 0.047
40 43 5 0.062
40 44 20 0.143
40 45 0 0.185
40 46 5 0.084
40 47 8 0.061
40 48 6 0.176
40 49 1 0.1
41 42 85 0.075
41 43 10 0.039
41 44 16 0.196
41 45 15 0.113
41 46 9 0.067
41 47 18 0.08
41 48 9 0.109
41 49 18 0.037
42 43 4 0.179
42 44 13 0.135
42 45 11 0.144
42 46 4 0.128
42 47 16 0.19
42 48 14 0.164
42 49 20 0.087
43 44 81 0.123
43 45 89 0.173
43 46 82 0.069
43 47 81 0.086
43 48 82 0.17
43 49 83 0.069
44 45 83 0.126
44 46 88 0.094
44 47 86 0.117
44 48 89 0.19
44 49 84 0.085
45 46 85 0.054
45 47 85 0.051
45 48 83 0.13
45 49 81 0.112
46 47 84 0.18
46 48 88 0.19
46 49 84 0.116
47 48 83 0.198
47 49 81 0.198
48 49 87 0.179