50
99.9
26 40 47.902 0.131
26 35 57.003 2.674
26 21 31.717 1.617
26 18 71.042 1.085
26 0 17.793 0.775
26 1 14.323 0.421
26 2 40.833 1.016
26 3 9.028 0.304
26 4 15.11 0.578
26 5 19.25 0.287
26 6 47.724 0.045
26 7 15.81 0.484
26 8 3.543 0.911
26 9 10.588 0.019
26 10 24.785 0.263
26 11 60.998 0.242
26 12 9.436 1.851
26 13 20.049 0.347
26 14 41.974 0.595
26 15 39.696 0.433
26 16 13.239 0.66
26 17 20.754 0.11
26 19 7.847 0.59
26 20 49.779 1.312
26 22 43.362 0.415
26 23 18.167 0.409
26 24 48.619 0.789
26 25 32.139 3.577
26 27 40.163 2.327
26 28 40.92 0.094
26 29 31.825 0.099
26 30 30.632 0.032
26 31 19.952 0.152
26 32 34.833 0.193
26 33 10.322 0.312
26 34 22.734 0.127
26 36 24.095 2.529
26 37 20.474 0.475
26 38 14.064 0.009
26 39 22.837 0.699
26 41 16.766 0.459
26 42 7.205 0.957
26 43 22.529 0.13
26 44 15.727 0.006
26 45 27.104 2.3
26 46 16.013 2.598
26 47 12.624 0.925
26 48 50.564 0.244
26 49 4.168 0.079
40 35 20.966 2.67
40 21 14.844 0.265
40 18 57.362 1.269
40 0 14.323 0.015
40 1 8.494 3.653
40 2 27.851 0.162
40 3 14.408 0.432
40 4 15.404 0.435
40 5 21.999 0.084
40 6 14.231 0.297
40 7 35.094 0.382
40 8 41.368 0.134
40 9 20.378 0.139
40 10 26.994 0.272
40 11 20.899 0.335
40 12 10.989 0.212
40 13 27.964 0.512
40 14 11.429 0.199
40 15 26.867 0.915
40 16 48.4 0.326
40 17 44.018 1.329
40 19 43.333 0.265
40 20 7.268 0.61
40 22 20.615 0.867
40 23 25.332 0.587
40 24 11.954 0.171
40 25 59.586 0.265
40 27 19.693 0.53
40 28 8.558 0.104
40 29 4.981 3.269
40 30 25.417 0.286
40 31 24.622 0.129
40 32 11.883 0.395
40 33 51.141 0.084
40 34 10.643 0.196
40 36 26.227 4.37
40 37 19.468 0.488
40 38 10.429 0.791
40 39 38.143 1.457
40 41 5.881 0.723
40 42 7.331 2.139
40 43 4.685 0.897
40 44 35.669 0.307
40 45 24.052 0.236
40 46 9.62 0.872
40 47 26.178 0.302
40 48 9.677 0.899
40 49 21.679 2.939
35 21 11.201 2.206
35 18 18.523 0.408
35 0 35.683 0.401
35 1 21.912 0.044
35 2 23.9 0.077
35 3 16.978 0.165
35 4 12.205 0.02
35 5 3.056 0.241
35 6 5.82 0.995
35 7 44.295 0.981
35 8 47.418 0.425
35 9 28.05 0.049
35 10 49.658 0.382
35 11 19.521 0.018
35 12 9.939 0.467
35 13 12.228 3.652
35 14 51.366 0.352
35 15 17.943 0.407
35 16 28.561 0.068
35 17 10.418 0.084
35 19 12.658 0.518
35 20 11.418 0.353
35 22 13.147 0.989
35 23 5.754 0.18
35 24 26.634 1.058
35 25 9.165 0.071
35 27 4.441 0.818
35 28 39.537 0.374
35 29 10.461 0.376
35 30 29.061 1.043
35 31 12.593 0.672
35 32 17.317 0.067
35 33 16.536 4.09
35 34 34.133 1.128
35 36 13.561 0.565
35 37 36.777 0.665
35 38 12.248 0.45
35 39 27.487 0.921
35 41 5.433 0.276
35 42 11.692 0.161
35 43 7.987 0.474
35 44 38.473 0.229
35 45 16.206 0.167
35 46 15.554 0.302
35 47 17.941 0.955
35 48 33.833 1.64
35 49 5.272 0.019
21 18 13.199 0.157
21 0 10.286 0.629
21 1 34.666 0.425
21 2 17.461 0.146
21 3 7.424 0.283
21 4 39.08 0.335
21 5 25.438 0.137
21 6 34.796 0.461
21 7 11.22 0.336
21 8 27.204 0.086
21 9 10.416 0.029
21 10 20.494 0.166
21 11 6.936 0.5
21 12 18.586 0.749
21 13 34.58 0.163
21 14 8.435 0.574
21 15 29.328 0.44
21 16 45.926 0.45
21 17 45.725 0.631
21 19 17.374 0.616
21 20 20.367 0.279
21 22 27.901 3.377
21 23 46.5 0.041
21 24 10.174 0.102
21 25 11.503 1.686
21 27 7.165 0.291
21 28 4.903 6.956
21 29 18.335 0.512
21 30 23.39 0.299
21 31 62.193 2.077
21 32 13.388 0.362
21 33 19.273 0.301
21 34 22.044 0.328
21 36 12.233 2.44
21 37 18.877 1.872
21 38 35.474 0.002
21 39 8.239 0.125
21 41 47.433 2.711
21 42 13.722 0.739
21 43 17.404 0.472
21 44 57.167 0.232
21 45 7.243 0.161
21 46 25.348 0.333
21 47 11.767 0.637
21 48 18.131 0.22
21 49 12.313 0.999
18 0 21.747 0.375
18 1 32.361 2.439
18 2 38.944 0.468
18 3 15.453 0.433
18 4 4.863 0.276
18 5 19.125 0.13
18 6 50.369 0.153
18 7 13.184 0.096
18 8 25.687 2.071
18 9 9.425 1.696
18 10 36.597 1.367
18 11 41.526 0.695
18 12 24.441 0.051
18 13 20.34 0.495
18 14 29.354 0.29
18 15 45.777 2.517
18 16 7.628 0.073
18 17 32.929 0.803
18 19 6.182 0.442
18 20 11.541 0.118
18 22 39.055 0.578
18 23 5.483 0.09
18 24 16.45 0.056
18 25 30.739 0.01
18 27 9.772 0.176
18 28 26.997 1.538
18 29 24.079 0.236
18 30 41.777 1.797
18 31 18.629 0.196
18 32 14.973 0.062
18 33 33.39 0.258
18 34 18.59 0.366
18 36 7.182 0.477
18 37 33.128 1.272
18 38 24.795 0.011
18 39 47.282 0.073
18 41 41.636 2.252
18 42 18.139 0.739
18 43 12.772 0.058
18 44 5.156 0.294
18 45 13.169 0.631
18 46 30.912 0.26
18 47 13.444 2.252
18 48 14.402 1.111
18 49 20.518 0.279
32 38 57.692 0.599
32 16 41.978 0.242
32 41 65.131 0.046
32 1 16.948 0.538
32 17 24.077 0.157
32 13 62.798 0.571
32 0 20.895 0.095
32 2 61.544 0.962
32 3 13.525 0.537
32 4 25.647 0.016
32 5 20.932 0.115
32 6 28.715 0.115
32 7 52.009 0.06
32 8 10.287 0.313
32 9 27.61 0.434
32 10 42.153 0.548
32 11 30.073 0.407
32 12 9.712 0.507
32 14 35.25 1.392
32 15 9.532 0.6
32 19 37.902 0.213
32 20 14.414 0.388
32 22 30.39 2.12
32 23 10.735 4.028
32 24 17.689 0.266
32 25 24.54 0.363
32 27 5.055 0.068
32 28 45.7 0.067
32 29 48.928 0.21
32 30 24.164 0.189
32 31 10.919 0.308
32 33 16.656 1.094
32 34 27.732 0.013
32 36 17.742 0.734
32 37 20.748 0.125
32 39 10.847 2.5
32 42 31.27 0.197
32 43 8.729 0.095
32 44 32.407 0.066
32 45 8.956 0.158
32 46 10.35 0.119
32 47 7.676 0.138
32 48 11.43 0.372
32 49 49.891 0.161
38 16 30.525 0.228
38 41 69.696 0.265
38 1 66.89 0.395
38 17 33.766 0.572
38 13 56.53 0.141
38 0 67.378 0.135
38 2 11.613 0.404
38 3 46.737 0.21
38 4 16.397 0.148
38 5 18.587 0.077
38 6 26.742 1.817
38 7 25.042 0.304
38 8 12.477 0.323
38 9 9.727 0.651
38 10 39.81 0.159
38 11 4.011 0.579
38 12 43.281 0.772
38 14 21.278 0.131
38 15 55.292 0.295
38 19 20.327 0.14
38 20 7.473 0.122
38 22 18.169 0.617
38 23 10.061 0.148
38 24 18.215 0.479
38 25 14.259 0.104
38 27 11.788 0.95
38 28 31.238 0.382
38 29 13.914 0.142
38 30 43.044 0.555
38 31 41.216 0.231
38 33 14.462 1.498
38 34 7.89 0.147
38 36 17.771 0.238
38 37 7.148 2.218
38 39 18.671 0.013
38 42 24.128 0.711
38 43 4.71 0.262
38 44 4.676 0.442
38 45 10.565 2.786
38 46 10.881 0.02
38 47 42.161 0.066
38 48 47.483 1.254
38 49 25.555 4.118
16 41 43.91 0.057
16 1 46.248 1.297
16 17 37.488 0.342
16 13 50.543 1.136
16 0 52.722 0.07
16 2 13.962 0.169
16 3 31.105 0.02
16 4 19.83 0.919
16 5 17.286 0.366
16 6 50.872 0.069
16 7 47.526 0.388
16 8 15.849 0.791
16 9 36.397 0.428
16 10 17.359 0.407
16 11 16.074 7.472
16 12 22.167 1.827
16 14 22.718 0.007
16 15 21.84 0.177
16 19 42.067 0.378
16 20 7.789 0.321
16 22 25.996 0.558
16 23 11.823 7.223
16 24 46.745 0.264
16 25 2.526 2.32
16 27 44.598 1.336
16 28 29.582 0.753
16 29 9.382 0.14
16 30 27.382 0.846
16 31 29.41 0.01
16 33 11.035 1.505
16 34 11.487 0.073
16 36 10.567 0.235
16 37 19.044 0.012
16 39 17.425 0.226
16 42 19.138 0.013
16 43 25.089 1.771
16 44 31.804 0.229
16 45 7.147 0.392
16 46 9.674 0.247
16 47 4.684 0.017
16 48 34.92 0.812
16 49 10.734 1.698
41 1 13.869 0.256
41 17 66.487 0.329
41 13 39.418 0.369
41 0 44.073 0.37
41 2 26.512 0.121
41 3 37.37 0.006
41 4 28.243 3.621
41 5 10.505 1.593
41 6 17.02 0.136
41 7 3.166 1.022
41 8 16.065 0.778
41 9 17.942 0.367
41 10 14.258 0.223
41 11 35.159 0.368
41 12 10.079 2.287
41 14 12.463 0.019
41 15 4.813 0.988
41 19 17.809 0.165
41 20 23.124 0.539
41 22 8.771 0.113
41 23 31.472 0.001
41 24 39.954 2.474
41 25 11.927 7.122
41 27 41.553 0.397
41 28 40.663 0.067
41 29 35.427 0.388
41 30 36.692 0.783
41 31 49.278 0.449
41 33 28.905 0.08
41 34 15.526 4.021
41 36 21.245 1.393
41 37 12.969 0.654
41 39 29.764 0.634
41 42 33.743 0.086
41 43 41.259 0.455
41 44 39.252 0.053
41 45 5.294 0.021
41 46 46.849 0.037
41 47 11.731 0.389
41 48 25.919 0.331
41 49 13.432 0.521
1 17 18.85 0.256
1 13 48.129 0.06
1 0 66.851 2.069
1 2 33.82 0.065
1 3 9.245 1.09
1 4 3.855 2.754
1 5 8.912 0.16
1 6 5.129 0.525
1 7 17.418 3.369
1 8 6.834 0.521
1 9 35.378 0.796
1 10 37.773 0.285
1 11 11.94 2.285
1 12 19.572 3.677
1 14 29.254 0.073
1 15 50.809 1.519
1 19 12.479 0.28
1 20 4.833 2.888
1 22 25.702 0.226
1 23 34.33 0.415
1 24 27.92 0.24
1 25 21.702 3.082
1 27 9.905 0.698
1 28 49.835 0.517
1 29 45.282 0.038
1 30 5.328 2.008
1 31 5.398 0.821
1 33 8.343 0.514
1 34 13.428 0.118
1 36 14.435 0.108
1 37 22.533 1.469
1 39 27.858 0.263
1 42 7.341 0.559
1 43 32.669 0.106
1 44 45.994 0.372
1 45 18.47 0.912
1 46 53.789 0.059
1 47 23.515 1.187
1 48 8.69 0.854
1 49 12.191 0.394
17 13 13.755 0.605
17 0 32.803 0.483
17 2 18.635 0.278
17 3 57.534 0.167
17 4 21.64 2.42
17 5 16.042 6.232
17 6 18.526 0.737
17 7 46.498 0.584
17 8 50.382 0.416
17 9 48.218 0.042
17 10 4.687 0.484
17 11 34.732 0.022
17 12 14.573 0.425
17 14 9.127 0.244
17 15 18.955 0.993
17 19 18.268 2.201
17 20 20.686 0.728
17 22 29.807 0.682
17 23 12.963 0.023
17 24 42.241 0.498
17 25 22.376 0.249
17 27 16.264 4.429
17 28 27.135 0.012
17 29 9.668 0.627
17 30 43.422 0.964
17 31 34.915 0.687
17 33 21.151 0.629
17 34 19.665 1.486
17 36 8.351 0.854
17 37 7.57 0.439
17 39 18.015 0.027
17 42 35.199 0.253
17 43 16.155 0.059
17 44 11.38 0.385
17 45 12.795 0.154
17 46 9.733 4.897
17 47 13.48 4.394
17 48 31.935 0.251
17 49 43.583 0.092
13 0 36.477 0.787
13 2 17.858 0.395
13 3 36.869 0.787
13 4 15.265 0.006
13 5 11.2 0.12
13 6 27.096 0.069
13 7 42.467 2.266
13 8 36.882 0.52
13 9 15.75 0.809
13 10 60.613 0.379
13 11 8.513 0.456
13 12 5.229 0.36
13 14 41.608 1.87
13 15 54.117 0.598
13 19 6.805 1.54
13 20 8.16 0.3
13 22 31.909 0.554
13 23 34.388 0.407
13 24 33.349 0.226
13 25 27.307 0.002
13 27 21.307 0.184
13 28 29.135 0.622
13 29 11.665 0.118
13 30 24.297 0.293
13 31 19.15 0.115
13 33 15.231 0.093
13 34 28.33 0.355
13 36 12.596 2.84
13 37 15.893 0.34
13 39 44.641 1.05
13 42 29.401 0.329
13 43 16.112 0.133
13 44 16.605 0.632
13 45 5.503 0.352
13 46 10.258 4.054
13 47 6.164 0.072
13 48 10.356 0.221
13 49 26.048 4.693
0 2 11.324 0.338
0 3 9.066 0.115
0 4 47.099 0.152
0 5 32.989 0.239
0 6 34.905 0.338
0 7 12.094 0.693
0 8 49.077 2.187
0 9 37.203 0.339
0 10 21.619 1.869
0 11 54.096 0.058
0 12 22.305 0.697
0 14 20.462 0.138
0 15 56.984 0.06
0 19 13.038 1.028
0 20 5.492 0.871
0 22 31.064 1.611
0 23 5.936 0.019
0 24 18.676 1.493
0 25 6.273 0.687
0 27 36.169 0.397
0 28 6.907 0.756
0 29 6.784 1.452
0 30 39.43 0.161
0 31 42.194 0.162
0 33 19.996 0.024
0 34 20.183 0.238
0 36 8.114 0.009
0 37 24.392 2.471
0 39 21.755 0.272
0 42 9.548 0.365
0 43 10.27 0.278
0 44 9.617 0.061
0 45 21.802 0.031
0 46 10.914 0.331
0 47 18.856 0.612
0 48 2.977 0.993
0 49 23.047 0.702
7 37 23.111 0.174
7 5 46.281 0.149
7 24 32.74 0.209
7 10 60.633 0.138
7 22 46.023 0.025
7 23 15.145 0.314
7 9 74.939 0.763
7 4 22.272 0.064
7 20 73.847 0.314
7 2 41.255 0.06
7 3 20.471 0.069
7 6 16.764 0.006
7 8 13.912 0.399
7 11 19.275 4.216
7 12 13.114 0.769
7 14 47.94 0.156
7 15 6.637 0.318
7 19 23.171 0.699
7 25 28.183 0.062
7 27 14.022 0.132
7 28 20.828 0.465
7 29 20.04 0.53
7 30 52.401 0.375
7 31 29.442 0.585
7 33 40.698 0.097
7 34 22.558 2.737
7 36 10.687 0.622
7 39 7.091 0.076
7 42 21.894 0.019
7 43 49.216 0.1
7 44 8.447 0.469
7 45 37.254 0.251
7 46 9.414 0.901
7 47 19.414 1.152
7 48 14.057 1.754
7 49 27.952 0.622
37 5 13.877 0.148
37 24 33.046 0.432
37 10 13.49 0.111
37 22 62.08 0.347
37 23 55.793 0.038
37 9 34.665 0.317
37 4 72.046 0.219
37 20 28.0 0.147
37 2 28.146 0.463
37 3 21.092 0.99
37 6 33.014 0.013
37 8 17.371 0.369
37 11 10.468 0.265
37 12 27.446 0.113
37 14 8.094 0.611
37 15 11.4 1.982
37 19 14.694 0.4
37 25 44.634 1.351
37 27 30.968 5.071
37 28 25.954 0.465
37 29 21.14 0.199
37 30 10.434 1.628
37 31 35.162 1.92
37 33 19.387 0.512
37 34 6.55 4.148
37 36 10.879 0.446
37 39 20.36 0.026
37 42 17.472 0.548
37 43 13.107 0.436
37 44 40.675 0.335
37 45 21.46 0.295
37 46 29.18 0.169
37 47 43.507 2.728
37 48 25.718 0.411
37 49 38.02 0.142
5 24 34.373 0.38
5 10 43.935 0.641
5 22 12.198 0.832
5 23 32.243 0.114
5 9 32.607 0.006
5 4 52.768 0.263
5 20 50.545 0.056
5 2 19.936 0.193
5 3 11.464 0.068
5 6 31.167 0.33
5 8 27.906 0.06
5 11 26.401 0.323
5 12 13.626 0.512
5 14 59.376 0.006
5 15 8.243 0.217
5 19 15.34 0.222
5 25 9.87 0.013
5 27 26.403 0.422
5 28 35.242 0.446
5 29 24.116 0.879
5 30 21.463 0.29
5 31 17.382 4.886
5 33 52.197 0.14
5 34 25.008 0.406
5 36 42.805 0.055
5 39 34.177 0.711
5 42 40.54 0.928
5 43 13.334 0.162
5 44 10.363 0.926
5 45 15.125 0.36
5 46 11.289 0.28
5 47 55.724 0.399
5 48 53.706 0.423
5 49 44.98 0.757
24 10 29.435 0.708
24 22 39.494 0.01
24 23 26.549 0.015
24 9 55.397 0.204
24 4 51.352 1.047
24 20 19.443 0.018
24 2 18.011 0.001
24 3 31.161 0.259
24 6 17.895 0.005
24 8 25.993 0.083
24 11 32.562 0.337
24 12 16.858 0.123
24 14 10.331 0.356
24 15 9.088 1.159
24 19 10.412 0.705
24 25 5.241 1.004
24 27 33.956 0.837
24 28 25.536 0.067
24 29 10.365 1.824
24 30 45.371 0.234
24 31 34.416 1.327
24 33 10.886 0.018
24 34 15.887 3.018
24 36 8.661 0.575
24 39 8.153 2.862
24 42 19.103 0.377
24 43 25.184 0.231
24 44 42.337 0.035
24 45 11.1 0.3
24 46 8.155 0.282
24 47 15.281 0.446
24 48 14.658 0.669
24 49 19.019 4.953
10 22 18.624 0.016
10 23 74.047 0.247
10 9 57.419 0.309
10 4 39.223 0.056
10 20 57.597 0.034
10 2 9.281 0.682
10 3 6.126 0.391
10 6 3.735 0.182
10 8 16.356 0.77
10 11 18.713 0.336
10 12 18.496 0.11
10 14 47.852 0.718
10 15 18.775 0.376
10 19 14.798 0.039
10 25 9.253 0.651
10 27 12.888 2.634
10 28 19.639 0.125
10 29 9.189 0.451
10 30 28.978 0.113
10 31 37.554 0.023
10 33 34.173 0.277
10 34 24.139 0.758
10 36 3.924 0.149
10 39 24.419 2.172
10 42 19.16 0.237
10 43 33.046 1.755
10 44 4.042 0.546
10 45 14.895 6.788
10 46 29.666 0.254
10 47 37.862 0.097
10 48 43.036 2.469
10 49 14.215 0.06
22 23 57.064 0.211
22 9 27.231 0.39
22 4 48.891 0.279
22 20 41.164 0.293
22 2 14.557 0.256
22 3 19.508 0.058
22 6 19.874 0.277
22 8 19.24 0.354
22 11 44.948 1.571
22 12 34.995 0.163
22 14 44.722 1.475
22 15 16.897 0.426
22 19 30.997 0.914
22 25 12.199 0.756
22 27 5.937 0.113
22 28 37.955 0.029
22 29 35.859 2.24
22 30 19.221 3.292
22 31 27.456 0.135
22 33 22.745 0.216
22 34 14.608 0.273
22 36 38.021 0.402
22 39 10.575 0.666
22 42 28.031 0.01
22 43 10.379 0.296
22 44 37.503 1.293
22 45 52.173 0.764
22 46 28.447 0.344
22 47 26.061 0.562
22 48 21.48 0.404
22 49 9.071 0.5
23 9 62.912 1.137
23 4 55.185 0.417
23 20 59.716 0.079
23 2 21.133 0.385
23 3 24.829 0.342
23 6 52.269 1.261
23 8 44.899 2.203
23 11 29.707 0.052
23 12 10.793 0.099
23 14 19.891 0.421
23 15 8.297 0.523
23 19 18.476 0.591
23 25 6.673 0.524
23 27 32.715 0.539
23 28 8.944 1.798
23 29 30.489 0.6
23 30 12.781 0.653
23 31 60.209 0.161
23 33 13.747 0.007
23 34 15.27 3.805
23 36 29.185 0.365
23 39 17.095 1.091
23 42 24.471 0.713
23 43 23.213 0.007
23 44 43.915 0.448
23 45 17.406 2.0
23 46 8.27 0.091
23 47 40.628 0.651
23 48 13.763 0.547
23 49 59.472 2.585
9 4 36.425 0.231
9 20 41.025 0.332
9 2 30.93 1.379
9 3 10.787 0.112
9 6 13.272 2.0
9 8 57.223 0.452
9 11 10.683 0.115
9 12 3.692 0.331
9 14 11.634 0.169
9 15 62.364 1.162
9 19 13.004 0.103
9 25 26.956 1.158
9 27 41.171 0.092
9 28 50.252 0.06
9 29 32.872 0.308
9 30 8.982 0.11
9 31 11.658 0.334
9 33 26.767 0.276
9 34 6.7 0.293
9 36 31.12 0.221
9 39 56.324 0.834
9 42 53.274 1.91
9 43 31.745 0.462
9 44 11.647 0.073
9 45 48.576 0.007
9 46 23.963 0.089
9 47 45.118 1.873
9 48 48.454 0.158
9 49 30.762 0.171
4 20 43.582 0.229
4 2 35.685 0.086
4 3 25.643 0.063
4 6 21.973 0.139
4 8 25.471 0.079
4 11 57.268 0.42
4 12 11.295 0.313
4 14 13.913 0.126
4 15 9.96 2.797
4 19 30.278 2.738
4 25 30.156 0.47
4 27 13.25 2.311
4 28 21.786 0.454
4 29 22.567 0.225
4 30 15.053 0.916
4 31 7.565 0.428
4 33 34.914 0.057
4 34 36.531 1.004
4 36 14.767 0.144
4 39 9.085 0.102
4 42 18.421 3.922
4 43 34.523 0.44
4 44 40.636 0.347
4 45 15.439 0.164
4 46 10.226 0.423
4 47 13.982 0.609
4 48 7.038 1.895
4 49 8.763 0.073
20 2 20.365 2.282
20 3 44.852 0.23
20 6 13.102 0.09
20 8 17.431 0.059
20 11 16.432 0.233
20 12 34.017 0.36
20 14 19.055 0.309
20 15 15.447 1.801
20 19 17.853 0.647
20 25 25.692 0.058
20 27 38.956 0.147
20 28 18.148 0.031
20 29 15.636 3.353
20 30 49.284 0.52
20 31 34.227 0.324
20 33 25.459 0.397
20 34 42.485 0.038
20 36 12.823 0.403
20 39 34.805 0.477
20 42 64.555 0.232
20 43 54.827 0.96
20 44 15.775 0.475
20 45 8.161 0.194
20 46 26.879 0.041
20 47 24.447 0.024
20 48 58.04 0.297
20 49 8.645 0.016
6 42 15.565 0.817
6 45 74.694 0.005
6 11 62.869 0.112
6 27 26.737 0.276
6 39 54.351 0.616
6 30 32.891 0.013
6 2 21.354 0.666
6 3 37.211 1.191
6 8 23.702 0.306
6 12 9.211 0.106
6 14 43.005 0.385
6 15 17.106 0.41
6 19 17.905 0.254
6 25 9.259 1.757
6 28 19.333 0.012
6 29 7.094 0.151
6 31 54.476 0.277
6 33 8.787 2.706
6 34 45.153 1.109
6 36 35.083 0.198
6 43 12.073 0.117
6 44 5.831 0.336
6 46 9.405 1.075
6 47 21.331 0.063
6 48 9.812 0.079
6 49 39.234 0.06
42 45 20.569 0.661
42 11 21.068 0.495
42 27 16.015 0.332
42 39 52.614 0.931
42 30 30.846 0.375
42 2 5.859 0.956
42 3 40.942 1.866
42 8 31.515 0.061
42 12 20.697 0.274
42 14 57.488 0.335
42 15 24.837 0.412
42 19 36.315 0.005
42 25 18.98 0.305
42 28 30.794 0.128
42 29 22.298 0.513
42 31 27.816 0.415
42 33 36.691 0.191
42 34 9.146 0.14
42 36 43.92 0.044
42 43 24.908 0.069
42 44 24.216 0.266
42 46 28.073 1.62
42 47 56.157 0.104
42 48 45.887 0.333
42 49 40.823 3.37
45 11 33.33 0.819
45 27 49.898 0.781
45 39 56.116 0.398
45 30 28.27 0.41
45 2 16.628 0.797
45 3 17.43 4.697
45 8 15.206 0.078
45 12 31.377 0.489
45 14 18.545 0.498
45 15 6.954 0.149
45 19 16.469 0.007
45 25 31.184 0.215
45 28 6.876 0.39
45 29 33.758 2.825
45 31 8.604 0.406
45 33 21.061 0.049
45 34 27.793 0.042
45 36 20.859 0.381
45 43 25.008 0.133
45 44 6.918 0.771
45 46 7.946 0.401
45 47 31.489 1.441
45 48 10.88 0.311
45 49 34.199 0.078
11 27 23.322 1.793
11 39 54.463 0.231
11 30 27.586 0.557
11 2 14.262 0.309
11 3 5.619 0.622
11 8 19.124 2.119
11 12 37.165 0.336
11 14 25.257 0.464
11 15 25.83 0.073
11 19 14.632 0.076
11 25 42.422 0.619
11 28 51.629 2.263
11 29 22.787 0.191
11 31 10.73 0.35
11 33 34.573 0.042
11 34 39.66 0.214
11 36 25.085 0.137
11 43 15.664 0.018
11 44 10.219 0.303
11 46 18.34 0.471
11 47 45.197 0.036
11 48 9.185 0.12
11 49 4.959 0.348
27 39 69.407 1.951
27 30 70.487 0.383
27 2 17.976 0.467
27 3 28.171 0.103
27 8 16.234 0.748
27 12 8.096 0.51
27 14 10.374 4.774
27 15 42.995 0.482
27 19 12.789 0.224
27 25 5.624 1.893
27 28 15.074 0.007
27 29 31.717 0.039
27 31 24.391 0.457
27 33 16.686 0.957
27 34 8.684 1.715
27 36 18.312 0.142
27 43 19.805 0.434
27 44 10.028 0.53
27 46 28.898 0.006
27 47 13.137 0.56
27 48 15.52 0.053
27 49 13.833 0.639
39 30 16.05 0.521
39 2 16.401 0.443
39 3 11.765 0.524
39 8 22.52 0.397
39 12 10.071 0.402
39 14 16.037 0.061
39 15 12.735 0.6
39 19 19.218 0.232
39 25 36.06 0.024
39 28 43.236 0.14
39 29 31.371 0.368
39 31 39.937 0.267
39 33 28.092 0.112
39 34 33.837 2.265
39 36 26.261 0.051
39 43 22.605 0.542
39 44 18.825 3.81
39 46 19.024 0.035
39 47 13.602 0.612
39 48 15.242 0.462
39 49 41.884 0.407
30 2 31.401 0.067
30 3 28.454 0.159
30 8 6.392 0.317
30 12 6.095 2.372
30 14 11.573 0.915
30 15 44.587 1.193
30 19 5.759 2.831
30 25 49.045 0.589
30 28 14.099 0.359
30 29 9.316 0.446
30 31 43.6 0.677
30 33 13.929 0.084
30 34 33.085 0.421
30 36 19.617 0.038
30 43 11.762 0.474
30 44 13.099 0.952
30 46 31.837 0.86
30 47 23.376 0.31
30 48 20.685 0.366
30 49 28.957 0.007
48 43 56.271 0.404
48 49 19.491 0.539
48 29 65.506 0.582
48 34 15.169 0.334
48 2 27.936 0.721
48 3 31.1 0.128
48 8 35.704 0.397
48 12 25.948 0.462
48 14 10.115 0.476
48 15 17.82 0.908
48 19 9.202 0.135
48 25 50.94 1.878
48 28 15.831 2.435
48 31 17.193 0.363
48 33 22.382 0.924
48 36 28.563 0.101
48 44 16.471 0.456
48 46 28.709 0.233
48 47 18.225 0.522
43 49 51.088 0.496
43 29 51.314 1.901
43 34 40.881 3.957
43 2 28.225 0.006
43 3 12.255 0.441
43 8 26.869 0.237
43 12 17.859 0.121
43 14 35.048 0.022
43 15 16.294 2.369
43 19 31.948 0.043
43 25 39.33 0.131
43 28 28.411 0.17
43 31 22.061 0.021
43 33 40.003 0.228
43 36 34.902 0.396
43 44 27.986 0.017
43 46 27.247 0.153
43 47 19.759 1.391
49 29 59.291 2.293
49 34 31.26 0.483
49 2 54.844 0.117
49 3 38.307 0.007
49 8 12.695 0.565
49 12 8.862 0.98
49 14 14.084 5.592
49 15 11.889 0.191
49 19 21.865 0.705
49 25 63.001 0.505
49 28 10.825 0.489
49 31 16.231 0.359
49 33 47.878 0.006
49 36 52.23 0.006
49 44 43.197 0.919
49 46 22.721 0.272
49 47 23.826 0.125
29 34 13.831 1.492
29 2 8.448 1.284
29 3 13.673 0.007
29 8 20.025 0.27
29 12 15.583 0.381
29 14 12.148 0.066
29 15 20.049 0.152
29 19 34.411 0.273
29 25 4.144 2.729
29 28 57.428 0.835
29 31 18.12 0.142
29 33 7.81 0.215
29 36 18.932 0.054
29 44 14.752 0.015
29 46 37.61 0.332
29 47 10.054 1.011
34 2 20.223 0.334
34 3 4.276 0.934
34 8 37.851 0.101
34 12 56.001 0.129
34 14 13.366 0.359
34 15 11.864 6.247
34 19 18.118 1.672
34 25 32.528 0.159
34 28 21.306 0.477
34 31 10.051 0.013
34 33 4.261 2.704
34 36 22.659 0.329
34 44 7.627 0.076
34 46 7.123 0.139
34 47 28.65 0.253
33 25 66.302 1.52
33 14 29.481 0.406
33 19 44.706 0.02
33 8 36.617 0.576
33 31 21.728 0.066
33 15 47.759 0.118
33 2 71.385 0.799
33 36 18.511 0.123
33 3 58.469 0.277
33 12 59.451 0.173
33 28 19.61 0.242
33 44 6.658 0.453
33 46 31.867 0.468
33 47 4.298 0.142
25 14 72.367 0.427
25 19 17.302 0.104
25 8 55.464 0.11
25 31 47.958 0.166
25 15 73.264 0.412
25 2 56.539 0.056
25 36 58.853 0.081
25 3 15.949 0.061
25 12 38.443 0.243
25 28 5.924 0.833
25 44 28.383 2.448
25 46 3.47 0.081
25 47 52.766 0.453
14 19 63.664 0.359
14 8 29.537 0.864
14 31 29.781 0.622
14 15 52.392 0.038
14 2 66.541 0.24
14 36 26.745 0.1
14 3 4.723 0.503
14 12 14.874 0.46
14 28 23.761 0.089
14 44 8.415 0.008
14 46 11.38 0.382
14 47 15.486 0.634
19 8 33.815 0.121
19 31 38.594 0.567
19 15 34.924 0.267
19 2 64.102 0.048
19 36 20.652 1.161
19 3 3.941 0.118
19 12 14.126 0.006
19 28 5.841 0.101
19 44 23.057 0.694
19 46 16.665 0.189
19 47 7.149 0.098
8 31 53.652 0.391
8 15 14.749 0.076
8 2 23.003 0.89
8 36 44.098 0.15
8 3 47.784 0.286
8 12 5.738 1.993
8 28 25.83 1.787
8 44 2.666 2.063
8 46 44.543 0.465
8 47 43.835 0.436
31 15 49.65 0.099
31 2 28.498 0.416
31 36 44.28 0.001
31 3 12.584 0.402
31 12 9.345 0.223
31 28 30.225 2.685
31 44 10.647 0.247
31 46 35.481 0.687
31 47 25.238 1.468
15 2 62.388 0.611
15 36 57.434 0.2
15 3 13.358 0.143
15 12 41.088 0.618
15 28 23.759 0.242
15 44 31.521 0.209
15 46 12.016 0.091
15 47 8.443 0.249
2 36 26.487 0.262
2 3 19.25 3.846
2 12 49.898 0.044
2 28 8.148 1.325
2 44 28.664 0.397
2 46 8.354 0.02
2 47 3.574 0.095
36 3 20.037 0.019
36 12 19.88 0.064
36 28 11.308 0.487
36 44 16.263 0.707
36 46 16.149 1.67
36 47 28.078 0.051
3 44 40.03 2.608
3 46 30.641 4.039
3 12 12.68 0.236
3 28 10.498 0.682
3 47 16.631 0.251
44 46 23.13 5.839
44 12 35.747 0.113
44 28 24.872 0.288
44 47 41.201 0.306
46 12 8.073 0.367
46 28 7.633 0.348
46 47 18.144 0.039
28 12 23.274 5.951
28 47 28.828 4.276
12 47 29.855 2.259