50
99
0 1 5.897 2.153
0 2 3.084 0.986
0 3 4.088 3.941
0 4 5.529 0.376
0 5 2.531 5.632
0 6 5.198 3.045
0 7 4.201 5.837
0 8 5.688 1.889
0 9 0.124 4.254
0 10 5.769 1.640
0 11 5.754 3.885
0 12 4.713 0.045
0 13 2.286 2.451
0 14 5.991 1.921
0 15 4.394 5.856
0 16 2.777 3.393
0 17 5.512 1.107
0 18 5.847 5.922
0 19 2.835 3.730
0 20 5.998 1.625
0 21 5.450 2.523
0 22 0.201 4.887
0 23 3.415 4.889
0 24 1.004 1.861
0 25 0.771 4.683
0 26 3.555 1.269
0 27 4.069 1.672
0 28 2.906 5.611
0 29 0.204 1.717
0 30 3.470 1.904
0 31 1.664 5.482
0 32 4.699 5.083
0 33 2.476 5.944
0 34 0.006 3.958
0 35 2.407 4.722
0 36 2.765 3.944
0 37 1.780 2.093
0 38 5.958 3.587
0 39 0.535 4.619
0 40 4.974 3.306
0 41 2.971 4.163
0 42 2.399 5.681
0 43 5.649 1.498
0 44 4.908 0.515
0 45 2.925 1.964
0 46 5.879 3.811
0 47 1.878 4.183
0 48 3.943 2.383
0 49 3.472 3.630
1 2 0.320 5.669
1 3 0.907 0.336
1 4 1.811 3.460
1 5 5.068 3.179
1 6 4.905 2.048
1 7 3.437 0.093
1 8 0.717 4.123
1 9 3.603 3.806
1 10 5.141 4.359
1 11 4.898 2.802
1 12 4.563 5.341
1 13 4.902 4.170
1 14 5.627 3.729
1 15 0.793 4.757
1 16 4.409 4.318
1 17 2.165 2.716
1 18 3.905 1.090
1 19 1.067 5.485
1 20 4.876 5.802
1 21 1.018 1.884
1 22 3.398 1.791
1 23 5.109 5.188
1 24 4.915 1.971
1 25 5.235 1.198
1 26 3.926 0.312
1 27 4.229 1.113
1 28 2.723 4.057
1 29 1.067 1.469
1 30 3.971 3.618
1 31 1.297 3.954
1 32 2.372 1.351
1 33 2.984 0.198
1 34 1.726 4.410
1 35 2.369 4.805
1 36 1.486 3.751
1 37 1.327 1.332
1 38 4.076 5.413
1 39 0.928 1.336
1 40 1.204 4.760
1 41 1.827 5.219
1 42 5.909 4.925
1 43 3.898 2.671
1 44 3.784 0.793
1 45 1.994 3.050
1 46 2.626 2.138
1 47 1.754 5.952
1 48 1.539 3.727
1 49 0.213 0.152
2 3 1.835 4.295
2 4 1.273 3.474
2 5 1.512 2.619
2 6 0.739 2.809
2 7 0.703 2.658
2 8 5.216 3.915
2 9 3.632 5.663
2 10 1.839 4.391
2 11 2.440 4.235
2 12 4.472 5.208
2 13 3.602 0.300
2 14 3.580 1.769
2 15 5.313 3.340
2 16 0.406 1.165
2 17 5.351 2.748
2 18 4.523 3.208
2 19 5.763 4.390
2 20 0.680 4.942
2 21 1.730 2.469
2 22 5.101 1.428
2 23 2.561 0.382
2 24 2.308 2.904
2 25 3.416 1.107
2 26 1.177 4.773
2 27 2.173 1.373
2 28 3.866 2.528
2 29 4.088 1.722
2 30 1.645 3.927
2 31 4.201 0.898
2 32 5.280 0.726
2 33 5.875 3.813
2 34 0.890 3.616
2 35 1.727 5.515
2 36 1.954 5.121
2 37 3.174 5.982
2 38 3.115 3.714
2 39 5.083 5.682
2 40 1.546 4.130
2 41 3.665 5.166
2 42 1.908 1.351
2 43 0.867 0.793
2 44 2.364 4.246
2 45 2.820 3.126
2 46 2.971 2.992
2 47 5.121 1.574
2 48 2.306 4.598
2 49 0.309 3.314
3 4 1.994 2.930
3 5 5.815 5.156
3 6 4.475 2.101
3 7 5.035 0.364
3 8 2.664 5.773
3 9 5.016 3.030
3 10 2.890 1.324
3 11 2.711 0.268
3 12 3.328 1.393
3 13 3.290 4.990
3 14 0.954 5.174
3 15 2.631 2.574
3 16 1.426 5.825
3 17 5.894 1.917
3 18 3.963 2.581
3 19 5.855 4.591
3 20 5.837 5.471
3 21 1.324 5.102
3 22 1.815 1.229
3 23 4.885 4.700
3 24 5.387 4.002
3 25 1.882 1.324
3 26 3.378 2.629
3 27 2.320 1.049
3 28 0.296 2.582
3 29 3.311 1.931
3 30 5.319 3.231
3 31 1.938 4.097
3 32 5.905 1.111
3 33 5.689 2.195
3 34 4.791 2.496
3 35 2.725 3.060
3 36 4.441 3.416
3 37 3.627 4.445
3 38 3.156 4.410
3 39 5.391 1.654
3 40 1.211 0.738
3 41 5.457 3.389
3 42 4.867 1.724
3 43 0.595 4.479
3 44 0.388 1.501
3 45 0.364 4.649
3 46 3.798 4.126
3 47 4.501 2.150
3 48 4.571 5.128
3 49 1.385 3.796
4 5 0.301 4.107
4 6 0.418 5.163
4 7 3.455 1.465
4 8 1.060 2.375
4 9 5.016 0.275
4 10 4.993 1.143
4 11 1.172 2.202
4 12 0.984 1.444
4 13 1.977 0.750
4 14 3.741 4.949
4 15 4.003 2.706
4 16 0.727 5.634
4 17 5.382 3.469
4 18 4.945 0.660
4 19 1.396 3.339
4 20 4.768 1.197
4 21 3.347 3.137
4 22 1.491 3.040
4 23 0.318 1.629
4 24 0.347 3.770
4 25 4.130 4.112
4 26 2.175 4.188
4 27 3.734 5.805
4 28 4.772 5.114
4 29 0.766 2.049
4 30 0.298 3.832
4 31 5.998 0.074
4 32 5.185 0.915
4 33 2.077 1.563
4 34 1.077 3.708
4 35 1.819 5.494
4 36 1.860 5.757
4 37 1.300 2.737
4 38 4.244 2.130
4 39 3.261 1.395
4 40 5.282 2.443
4 41 3.490 5.528
4 42 3.288 0.735
4 43 4.839 1.210
4 44 1.672 2.984
4 45 1.513 4.106
4 46 5.996 5.436
4 47 5.935 3.069
4 48 3.213 2.048
4 49 1.757 2.773
5 6 0.523 1.916
5 7 1.990 5.465
5 8 1.440 3.113
5 9 2.349 3.114
5 10 1.334 2.852
5 11 3.767 5.077
5 12 0.346 3.876
5 13 4.678 2.508
5 14 5.469 1.893
5 15 4.620 2.475
5 16 1.442 1.399
5 17 2.345 0.347
5 18 2.480 4.219
5 19 5.081 5.688
5 20 0.119 0.901
5 21 1.456 2.415
5 22 0.242 3.048
5 23 1.600 2.475
5 24 4.792 4.783
5 25 1.254 4.579
5 26 3.286 1.969
5 27 2.780 4.785
5 28 1.090 0.612
5 29 0.117 2.257
5 30 5.303 0.526
5 31 2.269 5.181
5 32 0.228 0.912
5 33 1.715 0.613
5 34 5.752 5.811
5 35 4.229 0.508
5 36 2.943 1.638
5 37 1.625 2.022
5 38 1.979 2.095
5 39 5.498 2.557
5 40 3.684 4.322
5 41 2.505 4.486
5 42 2.880 0.990
5 43 5.459 0.700
5 44 3.261 3.177
5 45 1.406 1.405
5 46 3.982 2.280
5 47 4.168 5.333
5 48 3.794 2.937
5 49 5.946 3.656
6 7 1.620 2.007
6 8 3.450 5.396
6 9 2.465 5.314
6 10 5.827 2.736
6 11 5.733 4.210
6 12 0.868 0.996
6 13 2.996 2.242
6 14 5.525 5.207
6 15 0.875 3.424
6 16 0.952 1.155
6 17 5.625 4.373
6 18 2.947 1.587
6 19 0.821 3.591
6 20 0.952 4.289
6 21 0.492 3.807
6 22 4.005 4.409
6 23 0.057 3.102
6 24 1.685 5.372
6 25 1.462 3.911
6 26 2.927 5.484
6 27 0.606 0.825
6 28 5.557 4.489
6 29 1.905 4.186
6 30 4.037 4.472
6 31 3.948 3.347
6 32 1.354 5.314
6 33 5.878 1.608
6 34 5.061 5.204
6 35 3.147 2.557
6 36 3.359 1.436
6 37 4.755 5.916
6 38 0.918 2.764
6 39 2.367 0.038
6 40 3.205 3.147
6 41 4.510 5.743
6 42 2.685 0.882
6 43 0.668 5.787
6 44 2.984 5.220
6 45 4.664 0.645
6 46 2.362 1.914
6 47 4.382 1.495
6 48 5.380 1.272
6 49 2.421 0.864
7 8 4.612 1.723
7 9 2.033 1.292
7 10 0.483 2.179
7 11 1.720 1.690
7 12 2.465 3.140
7 13 1.603 1.257
7 14 0.858 3.788
7 15 2.177 2.666
7 16 1.901 5.264
7 17 5.285 0.158
7 18 4.613 5.807
7 19 1.454 3.317
7 20 2.097 0.592
7 21 1.603 2.333
7 22 4.200 5.492
7 23 4.414 2.758
7 24 4.602 3.042
7 25 1.148 4.231
7 26 3.810 4.986
7 27 3.137 3.523
7 28 4.100 3.768
7 29 0.952 2.547
7 30 4.356 0.096
7 31 2.791 1.240
7 32 0.258 2.413
7 33 4.165 4.106
7 34 4.675 4.799
7 35 0.560 1.012
7 36 2.870 5.797
7 37 2.287 3.777
7 38 4.754 1.252
7 39 0.027 2.392
7 40 0.498 0.850
7 41 3.173 2.006
7 42 3.131 5.193
7 43 1.450 3.158
7 44 4.997 5.595
7 45 5.673 0.528
7 46 2.133 1.981
7 47 5.177 5.201
7 48 0.663 3.134
7 49 1.141 5.474
8 9 5.407 5.257
8 10 5.393 0.355
8 11 2.164 0.866
8 12 0.786 2.820
8 13 1.703 3.147
8 14 2.010 4.325
8 15 3.943 5.849
8 16 5.453 5.434
8 17 1.671 4.896
8 18 4.254 5.481
8 19 5.333 5.751
8 20 3.469 5.708
8 21 3.633 4.067
8 22 0.719 2.199
8 23 3.140 4.545
8 24 2.092 0.005
8 25 3.616 0.113
8 26 1.893 2.054
8 27 1.514 0.501
8 28 4.621 4.577
8 29 3.030 3.144
8 30 0.838 2.190
8 31 1.330 2.689
8 32 3.897 2.885
8 33 1.853 4.031
8 34 0.575 5.411
8 35 3.646 2.067
8 36 1.214 0.530
8 37 3.898 3.663
8 38 2.887 1.046
8 39 1.759 1.841
8 40 1.417 4.099
8 41 5.085 5.777
8 42 3.666 4.903
8 43 2.299 2.949
8 44 0.728 3.772
8 45 4.599 5.114
8 46 4.580 4.027
8 47 3.423 5.470
8 48 4.812 0.360
8 49 2.572 2.653
9 10 2.766 5.397
9 11 3.763 5.118
9 12 4.903 5.361
9 13 1.078 0.109
9 14 4.657 1.824
9 15 1.993 4.969
9 16 0.446 5.626
9 17 0.214 3.855
9 18 5.319 0.266
9 19 5.988 3.147
9 20 1.516 3.352
9 21 3.888 1.528
9 22 5.855 1.899
9 23 1.390 2.365
9 24 4.087 0.565
9 25 5.669 0.654
9 26 0.464 1.801
9 27 4.572 4.540
9 28 4.125 1.401
9 29 3.265 2.655
9 30 5.578 2.823
9 31 2.155 5.360
9 32 3.231 4.514
9 33 1.827 4.917
9 34 5.891 4.293
9 35 3.098 1.402
9 36 5.198 3.388
9 37 2.024 0.088
9 38 5.677 5.224
9 39 3.713 5.447
9 40 2.394 4.357
9 41 5.918 2.812
9 42 3.828 3.534
9 43 1.204 3.171
9 44 1.732 5.848
9 45 5.487 1.257
9 46 4.263 1.784
9 47 3.287 2.656
9 48 5.024 2.172
9 49 2.211 1.646
10 11 0.207 5.406
10 12 1.262 1.030
10 13 4.516 2.059
10 14 1.699 5.409
10 15 4.120 5.736
10 16 0.311 5.948
10 17 0.920 1.486
10 18 5.827 1.934
10 19 3.372 2.544
10 20 0.739 4.718
10 21 3.781 4.902
10 22 1.768 1.758
10 23 4.924 1.908
10 24 5.208 2.982
10 25 2.412 3.021
10 26 5.505 3.352
10 27 2.311 1.448
10 28 3.760 0.506
10 29 1.977 1.716
10 30 4.608 0.248
10 31 3.541 5.258
10 32 5.516 1.618
10 33 2.446 4.716
10 34 5.284 1.439
10 35 3.301 0.409
10 36 1.863 4.837
10 37 1.252 4.950
10 38 3.115 5.706
10 39 0.033 2.526
10 40 0.462 1.851
10 41 1.941 2.159
10 42 0.243 4.152
10 43 2.585 3.374
10 44 0.819 5.214
10 45 5.322 2.937
10 46 5.081 3.282
10 47 2.901 4.488
10 48 2.859 2.669
10 49 0.467 4.527
11 12 1.776 1.126
11 13 4.046 0.753
11 14 5.069 0.773
11 15 0.342 1.826
11 16 2.196 1.368
11 17 2.608 1.302
11 18 5.869 3.313
11 19 1.203 5.499
11 20 2.550 4.712
11 21 4.824 2.517
11 22 5.013 3.585
11 23 3.375 4.415
11 24 5.096 5.185
11 25 5.355 2.698
11 26 0.898 0.203
11 27 3.677 5.999
11 28 3.853 2.943
11 29 1.993 3.304
11 30 4.826 3.057
11 31 4.582 2.875
11 32 0.001 4.496
11 33 4.208 5.029
11 34 0.852 2.546
11 35 5.535 5.909
11 36 5.417 4.706
11 37 2.002 5.944
11 38 3.607 0.587
11 39 3.575 3.267
11 40 5.125 2.557
11 41 2.593 1.211
11 42 3.018 2.646
11 43 5.713 5.347
11 44 0.992 5.068
11 45 0.459 1.211
11 46 5.710 2.820
11 47 2.626 4.832
11 48 2.734 2.278
11 49 4.016 1.982
12 13 3.753 5.698
12 14 1.139 2.429
12 15 2.595 4.447
12 16 2.673 1.216
12 17 4.960 1.224
12 18 4.593 1.665
12 19 0.853 4.556
12 20 2.975 0.921
12 21 3.645 4.603
12 22 5.085 5.176
12 23 0.752 0.651
12 24 5.800 0.437
12 25 5.787 1.846
12 26 5.701 3.734
12 27 2.872 3.001
12 28 2.922 1.360
12 29 2.156 5.662
12 30 3.854 5.078
12 31 5.785 1.263
12 32 5.764 3.438
12 33 5.429 2.004
12 34 5.194 4.045
12 35 3.384 3.033
12 36 3.050 4.994
12 37 1.783 5.227
12 38 0.487 2.663
12 39 1.623 1.879
12 40 5.746 4.793
12 41 4.326 0.373
12 42 1.059 5.561
12 43 4.303 3.502
12 44 0.486 0.483
12 45 3.156 2.840
12 46 4.369 0.883
12 47 3.467 2.009
12 48 4.984 2.872
12 49 4.862 4.020
13 14 0.222 4.290
13 15 1.990 2.800
13 16 5.510 2.713
13 17 0.665 3.990
13 18 2.501 4.275
13 19 3.998 2.306
13 20 0.699 2.926
13 21 2.325 4.938
13 22 1.606 3.141
13 23 5.799 1.899
13 24 3.074 1.818
13 25 2.190 1.560
13 26 0.394 4.231
13 27 3.218 2.188
13 28 2.791 0.806
13 29 3.228 1.878
13 30 4.817 2.988
13 31 5.899 5.405
13 32 1.189 3.417
13 33 1.618 3.130
13 34 4.517 3.339
13 35 4.963 1.411
13 36 0.395 1.887
13 37 3.717 4.428
13 38 4.211 4.009
13 39 1.461 5.975
13 40 3.397 5.863
13 41 2.076 2.623
13 42 3.435 0.032
13 43 2.591 5.490
13 44 0.669 3.645
13 45 5.412 4.408
13 46 4.799 5.107
13 47 4.947 0.933
13 48 3.855 1.645
13 49 1.351 4.908
14 15 5.657 5.315
14 16 4.957 4.544
14 17 5.753 3.819
14 18 3.835 1.455
14 19 5.453 0.676
14 20 0.776 1.092
14 21 2.407 2.780
14 22 5.086 4.357
14 23 2.947 5.080
14 24 4.226 4.099
14 25 2.831 3.175
14 26 2.142 1.693
14 27 5.192 4.299
14 28 4.698 5.741
14 29 4.041 1.403
14 30 0.436 5.747
14 31 0.043 5.785
14 32 2.085 5.059
14 33 1.748 1.900
14 34 3.378 2.179
14 35 3.636 2.391
14 36 1.946 2.467
14 37 3.916 0.137
14 38 5.068 0.934
14 39 5.267 5.724
14 40 5.006 1.169
14 41 3.056 3.971
14 42 3.572 1.318
14 43 2.905 2.206
14 44 2.775 4.528
14 45 1.995 5.352
14 46 1.031 4.424
14 47 0.720 0.427
14 48 5.085 0.271
14 49 1.080 3.946
15 16 0.330 2.192
15 17 2.248 2.910
15 18 4.109 0.609
15 19 0.219 1.787
15 20 5.444 2.037
15 21 1.638 1.250
15 22 3.468 1.919
15 23 5.887 1.690
15 24 3.713 1.824
15 25 5.692 3.639
15 26 5.458 2.771
15 27 5.073 2.267
15 28 1.606 0.564
15 29 3.246 2.189
15 30 0.855 2.441
15 31 5.238 5.504
15 32 3.589 2.655
15 33 1.728 5.670
15 34 3.834 0.624
15 35 0.519 2.125
15 36 2.615 3.031
15 37 1.658 2.248
15 38 5.779 2.722
15 39 4.162 1.278
15 40 2.782 4.712
15 41 1.790 5.764
15 42 5.917 2.287
15 43 3.690 3.539
15 44 3.187 0.426
15 45 3.878 5.443
15 46 3.454 4.109
15 47 1.495 1.227
15 48 3.113 1.944
15 49 4.102 0.352
16 17 1.925 0.289
16 18 2.244 1.272
16 19 1.594 0.146
16 20 2.688 3.991
16 21 2.137 5.346
16 22 5.022 2.433
16 23 1.588 2.574
16 24 3.932 0.909
16 25 3.291 5.299
16 26 1.247 5.516
16 27 4.753 4.191
16 28 2.907 2.820
16 29 2.937 2.747
16 30 1.609 3.111
16 31 5.885 0.754
16 32 3.155 2.954
16 33 0.115 5.459
16 34 4.994 4.794
16 35 3.608 1.415
16 36 5.171 0.481
16 37 2.098 0.231
16 38 2.379 0.905
16 39 3.380 3.591
16 40 0.826 3.206
16 41 3.990 4.859
16 42 4.875 0.729
16 43 0.048 0.758
16 44 2.978 1.825
16 45 1.553 3.666
16 46 4.068 2.458
16 47 5.826 5.044
16 48 4.536 4.438
16 49 4.069 4.816
17 18 2.192 0.810
17 19 4.431 4.963
17 20 5.689 5.388
17 21 4.652 3.052
17 22 4.682 4.746
17 23 2.983 2.108
17 24 1.921 1.045
17 25 0.055 1.897
17 26 1.528 2.302
17 27 1.406 0.811
17 28 5.897 3.449
17 29 5.584 2.277
17 30 1.661 1.954
17 31 3.013 5.593
17 32 1.906 4.978
17 33 3.179 5.799
17 34 5.918 0.047
17 35 0.949 2.956
17 36 1.598 2.853
17 37 2.719 4.005
17 38 3.152 4.043
17 39 3.363 0.120
17 40 3.799 2.348
17 41 1.057 0.095
17 42 3.307 3.357
17 43 1.456 2.411
17 44 3.174 2.462
17 45 2.579 1.854
17 46 0.855 3.329
17 47 2.177 2.203
17 48 2.715 0.804
17 49 3.279 0.816
18 19 3.224 0.835
18 20 5.467 2.412
18 21 4.300 0.095
18 22 1.241 1.199
18 23 3.965 2.857
18 24 4.709 0.016
18 25 0.622 1.446
18 26 3.898 1.994
18 27 5.015 0.907
18 28 5.668 3.429
18 29 4.898 5.310
18 30 4.523 3.845
18 31 5.093 1.982
18 32 1.327 5.710
18 33 3.214 0.826
18 34 0.742 3.403
18 35 5.436 4.611
18 36 0.562 0.526
18 37 2.981 1.129
18 38 5.486 0.432
18 39 2.136 0.480
18 40 1.800 2.086
18 41 3.327 5.359
18 42 0.277 3.376
18 43 1.435 2.003
18 44 3.036 5.197
18 45 5.578 3.858
18 46 4.736 5.431
18 47 5.057 3.703
18 48 3.164 0.102
18 49 1.162 1.095
19 20 0.815 5.597
19 21 3.318 5.837
19 22 0.917 1.882
19 23 3.050 0.832
19 24 1.788 1.710
19 25 4.297 2.577
19 26 1.176 0.042
19 27 0.203 0.824
19 28 5.621 1.184
19 29 2.524 1.305
19 30 2.305 0.350
19 31 0.537 5.866
19 32 5.251 4.700
19 33 0.179 0.636
19 34 2.245 4.159
19 35 5.875 2.452
19 36 2.849 4.613
19 37 1.067 2.208
19 38 0.056 5.109
19 39 3.847 0.344
19 40 3.126 3.755
19 41 2.935 3.348
19 42 5.857 1.025
19 43 2.238 4.753
19 44 5.880 5.598
19 45 4.686 2.442
19 46 2.552 2.798
19 47 0.241 4.670
19 48 0.732 4.841
19 49 0.069 2.520
20 21 0.429 2.413
20 22 3.877 3.318
20 23 3.774 0.044
20 24 1.010 4.142
20 25 5.939 5.594
20 26 0.099 0.003
20 27 0.730 1.696
20 28 5.157 3.359
20 29 3.654 0.613
20 30 0.919 5.995
20 31 3.640 5.085
20 32 5.928 5.803
20 33 4.055 0.392
20 34 5.660 2.504
20 35 0.658 5.402
20 36 0.721 5.049
20 37 3.612 0.282
20 38 0.659 2.036
20 39 5.074 1.389
20 40 5.307 1.599
20 41 3.195 4.092
20 42 5.981 0.693
20 43 1.157 2.626
20 44 2.512 3.776
20 45 4.733 5.526
20 46 2.428 5.622
20 47 0.998 2.337
20 48 5.038 3.709
20 49 3.650 3.589
21 22 4.990 4.868
21 23 0.989 0.851
21 24 2.908 0.847
21 25 1.520 5.587
21 26 5.159 5.588
21 27 0.543 1.441
21 28 5.255 0.850
21 29 1.160 5.741
21 30 5.423 3.035
21 31 2.588 0.170
21 32 2.914 5.343
21 33 3.557 4.146
21 34 3.563 4.377
21 35 0.195 5.283
21 36 1.930 4.187
21 37 0.388 4.617
21 38 1.760 5.366
21 39 3.668 5.406
21 40 0.316 3.678
21 41 2.129 0.123
21 42 5.908 0.329
21 43 0.769 5.926
21 44 5.189 2.621
21 45 0.274 5.201
21 46 1.370 1.054
21 47 3.353 4.634
21 48 2.073 3.441
21 49 0.333 2.151
22 23 5.551 0.918
22 24 4.911 0.317
22 25 1.796 4.348
22 26 5.996 4.742
22 27 1.928 5.996
22 28 5.693 4.272
22 29 5.634 2.329
22 30 5.092 4.786
22 31 2.404 5.216
22 32 3.823 5.261
22 33 3.924 4.721
22 34 5.691 3.252
22 35 5.118 3.193
22 36 0.172 4.563
22 37 3.635 3.357
22 38 0.069 4.950
22 39 4.175 3.774
22 40 3.878 3.175
22 41 0.261 4.231
22 42 3.992 5.749
22 43 3.586 4.568
22 44 0.926 3.890
22 45 3.790 3.174
22 46 5.174 5.611
22 47 4.767 2.581
22 48 3.393 1.288
22 49 5.966 0.230
23 24 5.770 2.066
23 25 1.757 2.520
23 26 0.444 0.678
23 27 3.450 1.335
23 28 1.326 5.851
23 29 4.311 2.388
23 30 1.841 3.940
23 31 1.367 4.266
23 32 5.617 5.793
23 33 3.463 1.963
23 34 4.304 2.630
23 35 0.866 2.261
23 36 5.180 1.845
23 37 2.867 3.176
23 38 3.211 5.458
23 39 2.543 3.965
23 40 0.514 3.593
23 41 1.638 1.027
23 42 4.095 4.961
23 43 3.229 1.044
23 44 2.388 2.816
23 45 5.161 2.634
23 46 2.109 1.734
23 47 5.860 2.945
23 48 3.548 4.787
23 49 3.470 4.468
24 25 5.349 5.395
24 26 2.458 1.005
24 27 2.688 5.340
24 28 2.953 4.619
24 29 1.528 2.874
24 30 4.182 0.236
24 31 1.920 0.814
24 32 1.960 3.881
24 33 1.421 3.311
24 34 4.598 0.801
24 35 5.695 4.552
24 36 3.501 2.771
24 37 4.234 4.346
24 38 5.319 2.946
24 39 3.711 5.747
24 40 5.829 1.495
24 41 5.529 4.476
24 42 0.025 4.412
24 43 2.883 1.995
24 44 2.144 4.430
24 45 4.937 5.095
24 46 2.092 2.353
24 47 1.258 3.628
24 48 0.061 2.163
24 49 2.043 2.612
25 26 4.665 1.888
25 27 5.759 0.742
25 28 2.181 2.108
25 29 4.708 3.362
25 30 4.260 2.464
25 31 2.605 5.520
25 32 0.934 1.157
25 33 2.820 5.706
25 34 5.074 1.211
25 35 0.303 5.271
25 36 5.205 2.741
25 37 5.813 1.765
25 38 2.798 4.908
25 39 2.382 2.195
25 40 4.474 1.112
25 41 2.101 2.354
25 42 3.451 3.600
25 43 2.681 4.594
25 44 3.842 2.565
25 45 4.306 0.507
25 46 3.369 0.976
25 47 4.067 5.101
25 48 1.714 5.635
25 49 3.187 0.059
26 27 3.280 2.971
26 28 3.927 3.581
26 29 5.389 5.373
26 30 2.509 5.610
26 31 0.668 3.070
26 32 2.682 4.444
26 33 3.348 5.769
26 34 0.687 1.383
26 35 4.409 4.110
26 36 5.055 0.288
26 37 4.514 3.737
26 38 0.692 2.758
26 39 5.728 2.675
26 40 3.251 4.116
26 41 0.126 0.029
26 42 4.347 3.078
26 43 3.434 4.738
26 44 5.089 5.610
26 45 4.290 0.153
26 46 4.548 0.157
26 47 2.377 0.708
26 48 3.571 1.628
26 49 4.452 0.002
27 28 3.799 0.317
27 29 1.354 3.826
27 30 3.981 0.802
27 31 0.091 4.906
27 32 2.635 4.473
27 33 4.743 5.760
27 34 1.230 2.645
27 35 4.852 2.964
27 36 4.595 5.238
27 37 0.689 1.042
27 38 4.506 3.472
27 39 4.756 5.857
27 40 0.662 5.593
27 41 1.285 3.148
27 42 5.650 1.810
27 43 0.250 5.031
27 44 1.391 5.117
27 45 3.104 0.570
27 46 4.837 2.711
27 47 2.651 1.169
27 48 0.040 2.990
27 49 0.618 2.660
28 29 4.072 2.160
28 30 3.065 5.945
28 31 2.743 4.434
28 32 0.246 2.939
28 33 2.647 1.799
28 34 0.348 3.552
28 35 1.539 0.101
28 36 5.672 2.285
28 37 1.121 2.558
28 38 0.711 4.428
28 39 5.710 5.903
28 40 4.520 2.416
28 41 1.692 0.973
28 42 5.465 4.946
28 43 3.931 5.897
28 44 2.331 1.129
28 45 3.220 3.679
28 46 2.893 4.821
28 47 0.301 5.008
28 48 2.527 3.976
28 49 3.105 4.001
29 30 2.558 4.880
29 31 1.560 1.170
29 32 5.544 0.033
29 33 5.403 1.077
29 34 4.718 4.309
29 35 4.155 4.753
29 36 5.278 0.983
29 37 1.225 3.987
29 38 1.575 5.160
29 39 0.194 5.543
29 40 2.411 2.741
29 41 2.802 1.434
29 42 5.102 3.457
29 43 4.142 3.833
29 44 3.666 2.847
29 45 5.240 0.436
29 46 1.125 1.435
29 47 1.733 3.529
29 48 2.510 1.238
29 49 1.227 3.809
30 31 5.263 1.388
30 32 2.426 2.987
30 33 0.212 4.286
30 34 1.663 5.109
30 35 3.563 3.009
30 36 4.494 3.751
30 37 1.245 2.700
30 38 3.064 2.192
30 39 4.924 4.506
30 40 2.259 0.759
30 41 5.009 4.778
30 42 1.174 2.199
30 43 1.400 2.156
30 44 5.057 2.525
30 45 1.800 1.688
30 46 4.438 2.764
30 47 2.112 0.447
30 48 1.033 5.233
30 49 4.687 5.773
31 32 1.976 2.370
31 33 2.312 4.360
31 34 3.169 1.224
31 35 1.792 3.568
31 36 3.629 4.162
31 37 3.480 1.181
31 38 2.799 1.782
31 39 3.432 4.086
31 40 1.954 0.639
31 41 1.010 4.583
31 42 5.883 0.610
31 43 2.585 2.715
31 44 3.566 3.171
31 45 5.348 4.665
31 46 3.586 0.239
31 47 4.800 5.087
31 48 1.990 4.293
31 49 4.185 5.161
32 33 0.241 0.927
32 34 0.255 2.914
32 35 2.181 1.526
32 36 4.196 0.178
32 37 0.650 1.784
32 38 3.026 0.412
32 39 4.009 2.419
32 40 1.164 2.056
32 41 4.669 2.184
32 42 0.761 1.592
32 43 1.294 4.500
32 44 3.571 4.953
32 45 0.552 5.838
32 46 5.850 3.329
32 47 0.611 3.486
32 48 0.755 4.586
32 49 3.551 5.603
33 34 0.781 4.745
33 35 1.362 1.852
33 36 2.807 5.499
33 37 5.082 0.575
33 38 4.305 0.388
33 39 5.189 5.867
33 40 2.732 0.029
33 41 3.081 4.104
33 42 3.322 1.632
33 43 3.864 0.207
33 44 2.876 3.850
33 45 0.394 0.121
33 46 3.666 3.805
33 47 3.461 0.765
33 48 3.645 5.120
33 49 0.297 3.490
34 35 1.265 5.921
34 36 1.918 5.211
34 37 3.046 3.800
34 38 1.346 3.692
34 39 2.696 0.896
34 40 5.208 0.849
34 41 4.991 1.374
34 42 0.182 5.749
34 43 3.710 4.285
34 44 0.811 1.772
34 45 2.748 5.920
34 46 3.295 1.386
34 47 3.782 1.160
34 48 3.738 2.846
34 49 5.575 3.639
35 36 5.829 1.484
35 37 3.376 2.288
35 38 1.053 2.161
35 39 4.680 5.715
35 40 3.586 4.713
35 41 3.449 2.726
35 42 0.691 3.526
35 43 0.977 1.360
35 44 5.444 0.647
35 45 5.652 5.915
35 46 1.097 3.630
35 47 0.043 0.338
35 48 4.273 0.348
35 49 2.185 4.330
36 37 3.039 0.974
36 38 0.032 5.619
36 39 0.974 1.998
36 40 0.637 3.695
36 41 0.961 0.243
36 42 0.698 3.949
36 43 3.989 1.102
36 44 0.394 1.171
36 45 2.769 0.239
36 46 2.536 5.070
36 47 3.232 3.654
36 48 1.304 5.282
36 49 2.408 4.915
37 38 1.370 3.254
37 39 1.891 4.207
37 40 5.389 3.677
37 41 4.241 1.313
37 42 3.694 4.702
37 43 1.904 2.223
37 44 3.431 4.229
37 45 1.233 3.642
37 46 5.706 4.041
37 47 3.210 1.255
37 48 3.763 5.885
37 49 0.193 5.306
38 39 3.740 2.845
38 40 1.620 0.969
38 41 1.694 0.660
38 42 4.794 0.373
38 43 0.265 4.536
38 44 2.399 1.564
38 45 2.470 3.008
38 46 4.751 1.851
38 47 5.963 3.102
38 48 5.253 4.908
38 49 4.673 1.194
39 40 0.290 0.972
39 41 5.945 3.125
39 42 1.416 4.116
39 43 1.220 3.708
39 44 2.978 1.834
39 45 5.388 5.234
39 46 2.762 2.478
39 47 1.192 5.733
39 48 2.845 2.172
39 49 3.466 1.494
40 41 0.908 1.821
40 42 1.305 2.635
40 43 3.107 3.756
40 44 5.512 1.715
40 45 1.148 3.796
40 46 4.060 3.156
40 47 0.068 1.846
40 48 0.176 2.652
40 49 1.014 2.821
41 42 4.053 0.164
41 43 4.630 1.655
41 44 0.092 2.506
41 45 3.328 1.518
41 46 2.592 4.236
41 47 1.752 3.300
41 48 3.987 1.262
41 49 3.823 2.607
42 43 3.090 4.934
42 44 3.212 2.438
42 45 3.482 5.252
42 46 1.695 3.554
42 47 5.336 3.071
42 48 5.956 4.975
42 49 5.375 1.556
43 44 4.764 2.710
43 45 0.920 4.570
43 46 1.772 2.116
43 47 3.795 4.061
43 48 3.665 0.053
43 49 2.380 1.503
44 45 5.887 5.586
44 46 3.354 2.893
44 47 4.373 0.695
44 48 1.487 5.230
44 49 5.586 0.414
45 46 3.346 3.511
45 47 0.467 3.163
45 48 0.281 0.886
45 49 1.425 5.312
46 47 4.610 5.462
46 48 2.313 4.551
46 49 0.242 0.678
47 48 4.738 0.263
47 49 4.771 4.559
48 49 3.875 1.679
