50
44.5
0 35 10 2.1
0 39 35 0.344
0 10 35.261 0.01
0 11 39.83 0
0 42 91 1
0 14 48.38 0.44
0 47 73 0.5
35 39 83 0.0
10 35 26.389 0.0
11 35 11 0.001
35 42 12.8 0.053
14 35 54.46 0
35 47 41.93 0.0
10 39 49.17 0.0
11 39 26.52 0.0
39 42 23.118 0.0
14 39 42.233 0.0
39 47 43.42 0
10 11 42.3 0.0
10 42 81.3 0.0
10 14 36.9 0.0
10 47 30.49 0.0
11 42 76 0
11 14 19 0
11 47 30.8 0
14 42 50.4 0
42 47 62.86 0.001
14 47 81 0
1 3 80.11 3.1
1 38 94.5 0.9
1 41 46.7 0.013
1 44 88.367 0.16
1 46 53.718 0
1 20 52.25 0.02
1 21 98.3 0
3 38 36.998 0.25
3 41 22.31 0.0
3 44 72 0.002
3 46 79.852 0.0
3 20 49.1 0.001
3 21 37.776 0
38 41 30.5 0.002
38 44 71.43 0.0
38 46 14.4 0.0
20 38 36.1 0
21 38 91.22 0.0
41 44 85.7 0.001
41 46 46.715 0.0
20 41 50.5 0.0
21 41 33.5 0.0
44 46 52.414 0.0
20 44 27.1 0.0
21 44 27.4 0.0
20 46 43 0.0
21 46 24.07 0.0
20 21 70.354 0.0
2 17 78.389 3.78
13 17 33.335 0
2 13 65 0.5
4 8 64 1.5
4 26 18.51 0.9
4 28 67.9 0.89
4 29 28.562 0.725
8 26 71 0.25
8 28 83.22 0.0
8 29 90.28 0.17
26 28 88.135 0
26 29 97.231 0.0
28 29 19.662 0.01
5 33 41 4.42
33 37 97.08 0.0
7 33 64.8 0.0
33 45 21.564 0.0
23 33 98 0
27 33 47 0.002
5 37 86 0
5 7 63.32 0.0
5 45 48.24 0.023
5 23 72.58 0.0
5 27 51.5 0.003
7 37 93 0.0
37 45 28.52 0.0
23 37 95.2 0.0
27 37 97.772 0
7 45 51.3 0.0
7 23 36.6 0.0
7 27 36.44 0.0
23 45 93.22 0.0
27 45 97.3 0
23 27 99.43 0.0
6 16 36 0.835
9 12 25.064 0.778
9 49 60.699 2.053
9 22 71 1
9 24 97 0.54
12 49 37.5 0.04
12 22 54.4 0.004
12 24 51.95 0
22 49 36.487 0.02
24 49 16.7 0
22 24 79 0
25 48 21.74 4.17
30 48 37.9 0
15 48 39.45 0.1
25 30 57 0.03
15 25 31 0.1
15 30 92.7 0
18 40 54.08 3
19 40 92.9 0.8
36 40 51.988 0.48
18 19 54.1 0
18 36 77.78 0.16
19 36 88.09 0.0
32 34 21.4 2.3
32 43 31.53 1.799
31 32 92.6 0.32
34 43 98.753 0.0
31 34 67 0.02
31 43 33 0
0 1 4.859 3.34
0 2 8.28 3
0 3 3.2 3.611
0 4 2.257 3.34
0 5 3.08 4
0 6 3.882 4
0 7 4.8 4
0 8 7.4 2.15
0 9 9.77 4.132
0 12 7.529 2.58
0 13 1.58 3.8
0 15 5.1 4
0 16 3.93 4.1
0 17 8.875 4
0 18 7.837 4
0 19 7.142 4
0 20 5.549 3.186
0 21 8.4 3
0 22 5.02 2.71
0 23 8 4.444
0 24 9.5 2.81
0 25 1 4.28
0 26 4.1 3.049
0 27 9.414 4.4
0 28 7.04 2
0 29 1.344 3
0 30 5.792 4.3
0 31 5.4 2
0 32 1 2.64
0 33 5.85 4.4
0 34 5.5 4.13
0 36 4.314 3.4
0 37 7 4.4
0 38 9 3.1
0 40 5.6 3.53
0 41 6.651 3
0 43 7 2.32
0 44 3.1 3.28
0 45 5.329 4.4
0 46 5.7 4.412
0 48 5.053 4
0 49 4.875 4.1
1 2 10.809 4
1 4 2.98 3
1 5 5 4.428
1 6 11.37 3.382
1 7 5.32 4.425
1 8 11.93 4.2
1 9 10.29 3
1 10 9 4
1 11 1 4.31
1 12 4.4 4.41
1 13 8 4.0
1 14 0.1 3.79
1 15 12.348 4.263
1 16 4.795 3.3
1 17 4.705 3.8
1 18 13.7 4.05
1 19 2 4.17
1 22 7.5 3.119
1 23 0.365 4.44
1 24 0.066 3.1
1 25 9.13 4.32
1 26 10.188 3
1 27 8.7 4
1 28 13.9 4.3
1 29 6 4.27
1 30 1.65 4.3
1 31 8.07 3
1 32 6.2 4.236
1 33 10.9 4.43
1 34 0 4
1 35 2.392 4.4
1 36 8.87 4
1 37 1.1 4
1 39 2.3 3.44
1 40 1.392 3
1 42 5 4.062
1 43 1.8 3
1 45 4 4.429
1 47 8.4 3
1 48 7.77 4.2
1 49 7.363 4.314
2 3 8.272 4
2 4 7.0 3
2 5 7.974 4.448
2 6 27.102 4
2 7 21.395 4.42
2 8 10.15 4.0
2 9 1.4 3.963
2 10 2.8 4.394
2 11 4 3.9
2 12 5.6 4.325
2 14 2.67 4.435
2 15 0.43 4.2
2 16 11.4 4.05
2 18 23.266 4.14
2 19 20.365 4.1
2 20 2.7 4
2 21 13 4.42
2 22 8.215 3.9
2 23 7.34 4.44
2 24 1.45 4.376
2 25 2 4
2 26 18.25 4.1
2 27 19.528 4.435
2 28 2 4.412
2 29 6.697 4.071
2 30 13 4
2 31 4.7 4.32
2 32 20 4.2
2 33 17 4.4
2 34 14.1 4.2
2 35 5.01 3.8
2 36 29.37 4.4
2 37 15.907 4.44
2 38 0.513 4.16
2 39 5 3.802
2 40 7 4.3
2 41 1.74 3
2 42 7.2 4.3
2 43 16.2 4.439
2 44 4.1 4.061
2 45 3.05 4.4
2 46 10.29 4.3
2 47 9 4.1
2 48 7 4.443
2 49 14.13 3.98
3 4 2.9 3.1
3 5 7.16 4
3 6 9.13 3.51
3 7 11.09 4.4
3 8 6.265 4.3
3 9 0.9 4.324
3 10 0.331 3.24
3 11 9.4 3.34
3 12 2.32 3.916
3 13 0.43 4
3 14 0.8 4
3 15 11.6 4
3 16 10.31 3
3 17 1 4
3 18 12.185 4
3 19 3 4.224
3 22 2.642 3.57
3 23 12 4.43
3 24 2 3.48
3 25 4.88 4
3 26 0 3.488
3 27 9.377 4.4
3 28 6.1 3
3 29 5 3.999
3 30 8.486 4.304
3 31 8 3.47
3 32 13.95 3.9
3 33 13.05 4
3 34 9 3.6
3 35 2 3.69
3 36 6 3.514
3 37 2 4.4
3 39 5.8 3.4
3 40 8.56 3.49
3 42 0.428 3.8
3 43 6.42 3.3
3 45 13.9 4
3 47 1 3
3 48 0.959 4.18
3 49 10.56 4.41
4 5 12 4.4
4 6 11 3.56
4 7 7.0 4.43
4 9 3.734 3.98
4 10 3.376 4.259
4 11 0.03 3
4 12 11.975 2.86
4 13 4 4.09
4 14 3.245 2.6
4 15 18.27 4.33
4 16 5.9 3.679
4 17 10.9 3.88
4 18 0 3
4 19 12.55 3.051
4 20 7.45 3
4 21 5.1 3.5
4 22 15.08 2.142
4 23 2 4.44
4 24 9 4.1
4 25 15.37 4.365
4 27 12.82 4.4
4 30 10.11 4.3
4 31 13.163 3
4 32 3.68 2
4 33 13.9 4
4 34 15.197 2.89
4 35 0.35 2.736
4 36 4.7 3.966
4 37 14.7 4.4
4 38 8.88 4.433
4 39 4.4 4.4
4 40 2.01 4.4
4 41 12.25 4.13
4 42 7.35 3
4 43 1.61 3.02
4 44 4 3.84
4 45 2.4 4.428
4 46 4.594 3.44
4 47 8 3.986
4 48 17.2 4.25
4 49 0.2 4.0
5 6 18.962 4.42
5 8 1 4
5 9 4.967 4
5 10 5.21 4.44
5 11 4 4.431
5 12 1.7 4.4
5 13 6.06 4.44
5 14 2.062 4.4
5 15 9.67 4.42
5 16 17.028 4.43
5 17 14 4
5 18 18.523 4.4
5 19 4.57 4.4
5 20 6 4.43
5 21 2.4 4.424
5 22 0.373 4.43
5 24 16.6 4
5 25 18.007 4
5 26 14.5 4.43
5 28 17.76 4.442
5 29 5 4.4
5 30 11.4 4.4
5 31 2.3 4.4
5 32 17.3 4
5 34 14.512 4
5 35 3.1 4.4
5 36 12.953 4.443
5 38 1 4.4
5 39 1 4
5 40 2 4.438
5 41 11 4.441
5 42 4.4 4.42
5 43 13 4.436
5 44 2.3 4.44
5 46 1.8 4
5 47 8.8 4.43
5 48 14.119 4.431
5 49 3.1 4.4
6 7 16.37 4
6 8 13 2.3
6 9 12.6 3
6 10 9 2.2
6 11 3.0 4.12
6 12 6.05 3.8
6 13 22.8 4.072
6 14 1.3 2.4
6 15 7 4.1
6 17 7 3.985
6 18 30.1 3
6 19 23 3.64
6 20 2 3.303
6 21 1.5 4.1
6 22 1.5 2
6 23 9 4
6 24 7.825 4.35
6 25 20 4
6 26 18.4 2.787
6 27 5.4 4.425
6 28 3.9 3.941
6 29 5.9 3.75
6 30 17.7 4.24
6 31 5.5 4
6 32 2.8 2
6 33 15.37 4.438
6 34 5.83 4.0
6 35 6 2.4
6 36 24.04 4.14
6 37 2.883 4.4
6 38 2.17 4.24
6 39 6.935 3
6 40 29.809 4.103
6 41 5.3 3
6 42 3.285 3.8
6 43 20.942 2
6 44 3.83 4.01
6 45 13.74 4.44
6 46 3.592 3.11
6 47 4.779 3
6 48 12.01 4.18
6 49 11.1 3.27
7 8 8 4.43
7 9 5 4.43
7 10 8.0 4.42
7 11 7.98 4.435
7 12 2.44 4.4
7 13 6.85 4.42
7 14 2.8 4
7 15 10.28 4
7 16 0.4 4
7 17 0.1 4.426
7 18 6.74 4.42
7 19 20.334 4
7 20 2.647 4.43
7 21 0.25 4.439
7 22 6.161 4
7 24 6.3 4.42
7 25 12 4
7 26 13.38 4.42
7 28 2.8 4.42
7 29 7.38 4.4
7 30 4.4 4.442
7 31 12.697 4.44
7 32 14.3 4.433
7 34 2.83 4
7 35 1 4.425
7 36 15.479 4.42
7 38 2.3 4.4
7 39 5 4.446
7 40 20 4.421
7 41 6 4.44
7 42 0.477 4.43
7 43 1.8 4.43
7 44 11.662 4
7 46 8.76 4.426
7 47 6.9 4.44
7 48 2.637 4.421
7 49 0.5 4.442
8 9 0.3 3.725
8 10 0.1 3.232
8 11 6 4.1
8 12 1.649 4.0
8 13 2.18 4
8 14 3.0 3.1
8 15 3.11 4
8 16 1.66 3.61
8 17 1.98 3.8
8 18 0.09 3
8 19 10.87 3.06
8 20 2.702 4.1
8 21 7.4 4.12
8 22 16.1 2.72
8 23 15.734 4.4
8 24 14.157 3
8 25 12.95 4.363
8 27 16 4.43
8 30 12 4.3
8 31 1 3.45
8 32 1.0 4.32
8 33 1.77 4.427
8 34 11.801 2.9
8 35 9.2 4.176
8 36 11 4
8 37 17 4.439
8 38 14.135 3.989
8 39 4.46 2
8 40 4.1 3.93
8 41 7.3 3
8 42 2.507 2
8 43 12 4
8 44 5.2 3.469
8 45 4 4
8 46 13.825 4.111
8 47 6.34 3.529
8 48 6.8 4.308
8 49 4.27 2.218
9 10 0.16 3.645
9 11 7.933 2.8
9 13 1.767 4
9 14 4.49 3
9 15 13.0 4.341
9 16 4 2.431
9 17 3 4.0
9 18 13.358 4
9 19 2 3.57
9 20 11 4.2
9 21 11.72 4.4
9 23 7.93 4.424
9 25 10.66 4.326
9 26 14 3.37
9 27 6.25 4.426
9 28 11 2.483
9 29 3.99 3
9 30 9.2 4.277
9 31 13.063 2.97
9 32 8.6 3.2
9 33 8.047 4.446
9 34 13.02 3.476
9 35 1 2.2
9 36 3 4.03
9 37 7.8 4.443
9 38 6.9 4.3
9 39 1 4.2
9 40 1.2 3.46
9 41 6 3.634
9 42 1 3
9 43 3.1 3.28
9 44 2.689 3.78
9 45 14.3 4.447
9 46 13.8 3
9 47 8.5 2
9 48 15.154 4.445
10 12 1 2.2
10 13 0.9 3.97
10 15 1.994 4.206
10 16 2 2
10 17 8 4.3
10 18 2.423 4.19
10 19 5 4.0
10 20 5.805 3.2
10 21 0.98 3
10 22 6.0 2
10 23 0 4.4
10 24 9.3 2.75
10 25 7.95 4.268
10 26 1.66 2
10 27 8.4 4
10 28 4 3.5
10 29 0.11 4
10 30 7.2 4
10 31 2.567 3.04
10 32 3.8 2.61
10 33 0.69 4.43
10 34 2.163 3.3
10 36 7 3.051
10 37 5.139 4.427
10 38 7.8 3.3
10 40 9 3.609
10 41 9.2 4.232
10 43 6 2.518
10 44 8.22 3.3
10 45 6 4.44
10 46 4.078 3
10 48 4.85 4.39
10 49 7 2.429
11 12 2.8 3.49
11 13 7.6 3
11 15 1.4 4.2
11 16 8.673 2
11 17 5 3.957
11 18 7.361 3.577
11 19 8 4.06
11 20 3 3
11 21 7 4.037
11 22 7 3
11 23 4.9 4.4
11 24 1.9 2
11 25 8.5 4
11 26 5.9 2.724
11 27 9 4.4
11 28 1.67 4.2
11 29 9.07 3.6
11 30 6 4.1
11 31 2 3.813
11 32 0.73 4.4
11 33 6.0 4.4
11 34 0 4.3
11 36 6.02 4
11 37 2.1 4.423
11 38 9 3.75
11 40 3 3.24
11 41 2.4 3.2
11 43 7.878 3
11 44 5.23 3.8
11 45 7.316 4.4
11 46 9.82 3.43
11 48 8 4.2
11 49 3.83 3.24
12 13 11.6 3.86
12 14 1.55 3.76
12 15 14.81 4.3
12 16 4.154 3.9
12 17 4.46 3.78
12 18 0.65 4
12 19 4.41 3.5
12 20 14 3
12 21 4.473 3.91
12 23 9.3 4.4
12 25 15.15 4.418
12 26 12 2.89
12 27 12.4 4.4
12 28 0.23 2.8
12 29 8.42 2.8
12 30 9.25 4.3
12 31 1.483 3
12 32 3.497 2.44
12 33 16.311 4.44
12 34 9.43 2.8
12 35 8.945 2
12 36 6 3
12 37 2 4
12 38 2 4.146
12 39 3.517 3.395
12 40 8.157 3
12 41 6.55 3
12 42 2.891 3.1
12 43 13 2.712
12 44 8.217 4.1
12 45 13.4 4
12 46 3 3.32
12 47 4.5 4.31
12 48 14 4.3
13 14 1.091 4.084
13 15 9.1 4.291
13 16 32.7 4.3
13 18 20.41 4.31
13 19 17.16 4.137
13 20 4 4.11
13 21 10.86 3.8
13 22 7.869 4.0
13 23 1.67 4.4
13 24 0 4.1
13 25 7.8 4
13 26 9.29 4.262
13 27 1.629 4
13 28 8.951 4.44
13 29 8.07 4.207
13 30 6.6 4.28
13 31 18 4.415
13 32 4.0 4
13 33 15.94 4
13 34 8.6 4.364
13 35 4.274 4.1
13 36 22.4 3.8
13 37 4 4.43
13 38 5.1 4
13 39 4.0 3.81
13 40 22.2 4.2
13 41 6 4
13 42 9 4.1
13 43 6.65 4.442
13 44 5.6 3.8
13 45 0.8 4.43
13 46 3 4.106
13 47 8.199 4.11
13 48 21.3 4.3
13 49 0.3 4.049
14 15 0.4 4.3
14 16 1.16 2
14 17 5 4
14 18 7.66 3.45
14 19 5 4
14 20 6 4
14 21 9 3.2
14 22 2.5 2.1
14 23 0.2 4.4
14 24 5.44 3.5
14 25 3.374 4
14 26 7.713 3.7
14 27 3.15 4.43
14 28 4.4 2
14 29 2.5 2
14 30 2.75 4.242
14 31 1.2 4
14 32 9.157 2
14 33 8.626 4.44
14 34 5.117 2.45
14 36 6.164 3
14 37 8 4.445
14 38 5.3 3
14 40 9 3.0
14 41 7 4.0
14 43 2.6 3
14 44 5 3.372
14 45 0 4.4
14 46 6.8 3.1
14 48 1 4.372
14 49 3.5 2.7
15 16 19.983 4
15 17 9.61 4.17
15 18 1.6 4.182
15 19 9.5 4.2
15 20 11.139 4
15 21 8.4 4
15 22 4.73 4.39
15 23 15 4.4
15 24 1.46 4.184
15 26 14.18 4
15 27 16 4
15 28 11.517 4
15 29 6.6 4.2
15 31 12 4.3
15 32 6.87 4.27
15 33 15.3 4
15 34 8.1 4.184
15 35 0.14 4.231
15 36 8.544 4
15 37 5.37 4.422
15 38 9.619 4.1
15 39 9.0 4
15 40 19.13 4
15 41 7.51 4
15 42 6 4.387
15 43 15.779 4.4
15 44 11.9 4
15 45 1.6 4.43
15 46 0.74 4.3
15 47 7 4
15 49 1.75 4.2
16 17 2.758 4.0
16 18 6 4.1
16 19 32.95 4
16 20 11.5 3.637
16 21 13.52 4
16 22 7 2.613
16 23 17.6 4.4
16 24 10.41 3
16 25 21.0 4
16 26 4 2.67
16 27 3.113 4.42
16 28 1.2 2.368
16 29 6 2.6
16 30 5.99 4.2
16 31 9.837 4.2
16 32 3.094 3.953
16 33 17.99 4.4
16 34 3.7 3.9
16 35 4.8 2.13
16 36 6.163 3.751
16 37 0 4.44
16 38 13.3 3.968
16 39 6.7 3.81
16 40 13.729 3.578
16 41 10.727 4.4
16 42 1 2
16 43 2.29 3
16 44 4.7 3.3
16 45 3.028 4.4
16 46 2.6 3.44
16 47 9.8 2.861
16 48 19.77 4.3
16 49 10.5 3.1
17 18 12 4.0
17 19 19.685 4.21
17 20 11.1 4.4
17 21 8.972 4.4
17 22 0.737 3.953
17 23 21.2 4.4
17 24 8.8 4
17 25 10.0 4.3
17 26 13.7 3.9
17 27 19 4.43
17 28 1.59 4
17 29 6.865 4.0
17 30 16 4.33
17 31 4.064 4.432
17 32 16.381 4.3
17 33 17.7 4
17 34 20.74 4.03
17 35 7.82 3.935
17 36 11 4.0
17 37 21 4.449
17 38 0 3.7
17 39 6.02 3.9
17 40 22.493 3.92
17 41 10.258 4.3
17 42 9 4.19
17 43 4 3.967
17 44 3 3.79
17 45 19.6 4.42
17 46 13.43 4.2
17 47 6 3
17 48 2.21 4.37
17 49 11 4.09
18 20 13.804 3
18 21 2.986 3
18 22 0 3.346
18 23 11 4
18 24 5.84 4.151
18 25 1 4
18 26 2 4.293
18 27 21.2 4.429
18 28 14 3.77
18 29 14.2 3.994
18 30 6 4.3
18 31 10 3.2
18 32 5.19 3
18 33 1 4
18 34 17.31 4.33
18 35 8.28 4.143
18 37 4.687 4
18 38 1 3.85
18 39 9.3 3.0
18 41 6 3.8
18 42 6.441 3.1
18 43 10.94 3
18 44 5.525 4.4
18 45 3.14 4.4
18 46 7.4 4.2
18 47 4.215 3
18 48 19.162 4
18 49 3.75 3.534
19 20 13.56 3.216
19 21 13.23 3
19 22 14.666 3
19 23 11 4.421
19 24 2.5 3.861
19 25 9.87 4
19 26 3 3
19 27 3.21 4.435
19 28 3.464 3.49
19 29 2.847 3.55
19 30 3.526 4.32
19 31 11.2 4
19 32 20.05 3
19 33 13.97 4.4
19 34 19 4
19 35 5.88 4.1
19 37 14.141 4
19 38 2.0 3.6
19 39 3.273 3
19 41 10 3.8
19 42 7.028 3.613
19 43 6 4.2
19 44 11.01 4
19 45 0.003 4
19 46 9.98 3.22
19 47 5.24 4.2
19 48 9 4.41
19 49 6 3.7
20 22 4.8 3
20 23 12 4
20 24 8 4.1
20 25 2.78 4.25
20 26 12.1 3.2
20 27 3.0 4.4
20 28 14.28 3
20 29 0.4 4.0
20 30 14.3 4.3
20 31 3.409 4.268
20 32 5 3
20 33 3.2 4
20 34 14.2 4.378
20 35 4.33 4
20 36 10 3
20 37 7 4
20 39 7 4
20 40 4.486 4
20 42 2.193 3.651
20 43 10.5 4.414
20 45 9 4
20 47 5.6 4
20 48 3 4.23
20 49 5.8 3
21 22 9.29 4.1
21 23 9 4.4
21 24 1.71 4.0
21 25 13.82 4
21 26 1.75 3.26
21 27 6 4
21 28 3 3
21 29 3.835 3.26
21 30 7 4.391
21 31 2 3.5
21 32 9.4 3
21 33 14.3 4.435
21 34 13.2 3.25
21 35 3 3.2
21 36 13.9 3.17
21 37 6.136 4.439
21 39 4 3.4
21 40 8.09 3
21 42 0.34 3.69
21 43 10.2 3.68
21 45 7.296 4
21 47 9.55 4.3
21 48 1 4.381
21 49 1.79 3.24
22 23 7 4
22 25 16 4.244
22 26 8.6 2.49
22 27 13.227 4
22 28 8.04 2
22 29 11.8 2.359
22 30 2.6 4
22 31 9 3.68
22 32 15.705 3
22 33 11 4
22 34 4.31 2.471
22 35 5.8 3.3
22 36 8.3 3.9
22 37 9.7 4.4
22 38 2.072 3.1
22 39 8 4.201
22 40 9.125 3
22 41 5.0 3.9
22 42 9.811 2
22 43 8 2.83
22 44 10.0 3
22 45 4.1 4
22 46 5 3.8
22 47 5.064 4.2
22 48 16.23 4.2
23 24 14.93 4.43
23 25 16.477 4.4
23 26 4.595 4
23 28 13.64 4
23 29 6.09 4.4
23 30 3 4.4
23 31 4.83 4
23 32 0 4.426
23 34 7.41 4
23 35 7.62 4.438
23 36 5.31 4.44
23 38 2 4.4
23 39 0.974 4.433
23 40 10 4.43
23 41 14.091 4
23 42 7.5 4
23 43 13.047 4.43
23 44 10.7 4.42
23 46 7.85 4.427
23 47 4 4.439
23 48 19.66 4
23 49 3 4.44
24 25 7 4
24 26 12.89 4.133
24 27 6.89 4.42
24 28 0.191 3.1
24 29 15.596 3.77
24 30 5.8 4.2
24 31 11.289 3.352
24 32 7.7 2
24 33 7.91 4
24 34 12 4.118
24 35 0 2.53
24 36 1.7 3.884
24 37 15.032 4
24 38 11.07 3
24 39 4.479 3
24 40 2.665 3.937
24 41 11.815 3.343
24 42 5.652 2.452
24 43 15 4
24 44 7 4.27
24 45 2 4.4
24 46 4.1 3.2
24 47 2.4 3.71
24 48 7.8 4.314
25 26 11.338 4.39
25 27 4.2 4.4
25 28 12 4
25 29 2.8 4.298
25 31 13.807 4
25 32 8.9 4.179
25 33 20 4.44
25 34 9 4.2
25 35 4.2 4.306
25 36 8.619 4.2
25 37 1.76 4
25 38 5.25 4.394
25 39 7 4.31
25 40 9.14 4.301
25 41 12.972 4
25 42 3.9 4.32
25 43 9.12 4.29
25 44 5.601 4.268
25 45 0 4.4
25 46 13.9 4.288
25 47 8 4.25
25 49 7.56 4
26 27 15 4
26 30 11 4
26 31 4.66 3.05
26 32 18.1 3.41
26 33 9 4.42
26 34 16.7 3.071
26 35 5.45 2.22
26 36 11.87 3
26 37 14.7 4.4
26 38 13 3.664
26 39 5.963 3.1
26 40 3.682 3.483
26 41 5.004 4.2
26 42 9.8 3.79
26 43 13.98 3.447
26 44 6.23 3.98
26 45 7.1 4
26 46 4 3.429
26 47 4.7 4.19
26 48 14.6 4.264
26 49 1.6 3.9
27 28 4 4.424
27 29 15 4
27 30 1 4.42
27 31 13.216 4.443
27 32 9.31 4.4
27 34 2 4.44
27 35 7 4.44
27 36 10.12 4.4
27 38 8.843 4.4
27 39 9.6 4.432
27 40 1.34 4.4
27 41 8 4.4
27 42 2.31 4.4
27 43 19.1 4.43
27 44 0 4.43
27 46 6 4.421
27 47 4.9 4.44
27 48 10.942 4
27 49 0.18 4.443
28 30 13.8 4.2
28 31 14.001 3.75
28 32 11.265 4.281
28 33 10.4 4.43
28 34 4.1 3
28 35 9 3
28 36 11.93 4
28 37 14.38 4.4
28 38 6.964 4.42
28 39 1.27 3.263
28 40 6 4.2
28 41 5.943 4.355
28 42 8.6 3
28 43 13.021 4.228
28 44 13.03 3.37
28 45 10.54 4.4
28 46 11.11 4.42
28 47 3.832 2.1
28 48 12.23 4.1
28 49 10 2.2
29 30 6.71 4.23
29 31 2.735 3.88
29 32 10.09 4
29 33 1.81 4.4
29 34 14.028 3.04
29 35 3.2 4
29 36 13.33 3.6
29 37 2 4.432
29 38 11 3.85
29 39 8 2.7
29 40 10.95 4.1
29 41 11.442 4.0
29 42 3.8 3.426
29 43 15 4.08
29 44 7.419 3.4
29 45 8.82 4.442
29 46 4.99 3.8
29 47 9.5 3
29 48 12 4.24
29 49 14.1 4.1
30 31 18.68 4.2
30 32 2 4
30 33 11.08 4
30 34 14.0 4
30 35 8.4 4.37
30 36 16.822 4.3
30 37 20.5 4.4
30 38 13.32 4.33
30 39 0.18 4.2
30 40 21.6 4.18
30 41 13.8 4
30 42 8.35 4.38
30 43 1 4.31
30 44 13.357 4.2
30 45 20.65 4.43
30 46 1 4.2
30 47 4.43 4.318
30 49 15.3 4.411
31 33 16.89 4.43
31 35 6.17 3.4
31 36 19.593 4
31 37 11.9 4
31 38 4.638 4.13
31 39 8 2.623
31 40 12.3 3
31 41 8.936 3
31 42 9.7 3
31 44 14.12 3
31 45 11.6 4.436
31 46 5.45 4.0
31 47 7.6 4.3
31 48 7 4
31 49 10 2.652
32 33 10.08 4.4
32 35 2.7 3.498
32 36 10.2 3.69
32 37 11 4.43
32 38 11.4 3.378
32 39 3 4.31
32 40 14.65 3.0
32 41 5.499 3.324
32 42 6.7 3.2
32 44 8 3
32 45 16.41 4.4
32 46 7.8 3.996
32 47 9 4.36
32 48 0.1 4
32 49 5.23 2.67
33 34 11.1 4.445
33 35 4.65 4.444
33 36 11.51 4
33 38 13.4 4
33 39 5.45 4
33 40 21.2 4
33 41 0.36 4.4
33 42 1.6 4.4
33 43 21 4
33 44 9.1 4.4
33 46 12.518 4.43
33 47 3 4.436
33 48 9.6 4.445
33 49 13.0 4.4
34 35 6.55 2
34 36 8.329 4.26
34 37 2.4 4
34 38 8 3.13
34 39 5.61 2.39
34 40 2.174 3.599
34 41 9 4.269
34 42 5.53 2.58
34 44 10.6 3.1
34 45 15.57 4
34 46 1.574 3.6
34 47 4.7 3.716
34 48 3.8 4.176
34 49 6.8 4.26
35 36 1.48 3.77
35 37 5.7 4.43
35 38 9.4 3
35 40 6.0 3
35 41 6.1 4.178
35 43 8 3.05
35 44 0 3.6
35 45 1.9 4
35 46 5.2 3.9
35 48 2.3 4.27
35 49 3.4 2.46
36 37 8.878 4.4
36 38 9.2 3
36 39 4 4.3
36 41 5.47 3
36 42 6 4
36 43 13.5 3.67
36 44 0.7 3
36 45 20.684 4.437
36 46 2 3.71
36 47 5.3 4
36 48 19 4.2
36 49 7.922 3
37 38 0.924 4
37 39 5.54 4.4
37 40 18.1 4.4
37 41 1.07 4.44
37 42 9.1 4
37 43 13 4
37 44 4.42 4.44
37 46 4 4
37 47 7.76 4.42
37 48 16 4.43
37 49 2 4.42
38 39 6.2 3.8
38 40 13.947 4.2
38 42 5.22 3
38 43 3 3
38 45 11.94 4.4
38 47 4.48 3.42
38 48 3.5 4.3
38 49 6.3 3.6
39 40 6.9 3.94
39 41 6.59 3
39 43 9.13 3.6
39 44 6.81 3.726
39 45 0.93 4
39 46 9.768 4.1
39 48 0.58 4
39 49 5 3.78
40 41 8.68 4.223
40 42 2.82 3.55
40 43 0.268 4
40 44 1.659 3
40 45 0.577 4.4
40 46 7 4.077
40 47 2.74 3.73
40 48 3 4
40 49 6.772 3.374
41 42 3.2 3.41
41 43 0.2 4
41 45 13.0 4.448
41 47 9 3.5
41 48 6.799 4.2
41 49 12.691 4
42 43 7 2.3
42 44 1.36 4.0
42 45 0.9 4.4
42 46 0 3.3
42 48 2.505 4.421
42 49 8 2.85
43 44 8 4.205
43 45 1.42 4.4
43 46 5 3.2
43 47 0.3 3
43 48 7.869 4.1
43 49 5.0 3.2
44 45 12.5 4.435
44 47 8.4 3
44 48 12 4.2
44 49 9.5 3.911
45 46 2 4.4
45 47 6.135 4.4
45 48 7.91 4.4
45 49 10.225 4
46 47 0.996 3.9
46 48 9.18 4.198
46 49 6.75 3.925
47 48 4 4
47 49 5 2.393
48 49 8 4.174
