50
27.931
0 1 34.394 0.392
0 2 30.632 0.412
0 3 23.103 0.481
0 4 23.233 0.455
0 5 15.444 0.502
0 6 26.436 0.174
0 7 29.058 0.179
0 8 26.475 0.169
0 9 30.059 0.128
0 10 47.107 0.047
0 11 28.675 0.103
0 12 33.738 0.271
0 13 16.517 0.395
0 14 25.443 0.528
0 15 17.262 0.426
0 16 25.571 0.146
0 17 42.049 0.019
0 18 34.158 0.399
0 19 30.594 0.162
0 20 24.25 0.136
0 21 18.873 0.331
0 22 33.834 0.312
0 23 24.997 0.324
0 24 24.276 0.147
0 25 25.212 0.248
0 26 22.288 0.151
0 27 15.769 0.474
0 28 21.809 0.489
0 29 28.756 0.679
0 30 26.189 0.681
0 31 32.251 0.169
0 32 31.351 0.106
0 33 26.784 0.02
0 34 30.399 0.415
0 35 63.538 0.115
0 36 26.368 0.229
0 37 30.052 0.699
0 38 25.223 0.312
0 39 31.602 0.386
0 40 20.648 0.308
0 41 22.124 0.286
0 42 26.404 0.165
0 43 25.816 0.687
0 44 45.225 0.115
0 45 21.431 0.424
0 46 15.039 0.462
0 47 17.331 0.284
0 48 34.76 0.194
0 49 21.463 0.218
1 2 25.411 0.534
1 3 29.75 0.252
1 4 31.224 0.357
1 5 30.917 0.164
1 6 59.295 0.184
1 7 22.947 0.417
1 8 23.88 0.589
1 9 30.854 0.323
1 10 18.4 0.473
1 11 18.993 0.192
1 12 32.145 0.473
1 13 17.892 0.165
1 14 42.043 0.107
1 15 33.506 0.639
1 16 26.898 0.685
1 17 29.74 0.309
1 18 24.306 0.309
1 19 17.824 0.506
1 20 26.304 0.599
1 21 26.014 0.456
1 22 31.962 0.692
1 23 22.535 0.292
1 24 25.141 0.511
1 25 21.294 0.273
1 26 33.438 0.366
1 27 22.354 0.106
1 28 30.141 0.409
1 29 32.53 0.112
1 30 25.718 0.107
1 31 26.68 0.234
1 32 33.509 0.163
1 33 24.042 0.141
1 34 17.297 0.455
1 35 29.799 0.256
1 36 30.578 0.202
1 37 33.45 0.536
1 38 28.493 0.211
1 39 16.177 0.534
1 40 28.014 0.678
1 41 15.175 0.347
1 42 34.944 0.39
1 43 17.625 0.401
1 44 23.861 0.137
1 45 32.806 0.165
1 46 30.495 0.198
1 47 30.83 0.302
1 48 21.833 0.177
1 49 24.195 0.289
2 3 25.474 0.425
2 4 32.935 0.467
2 5 19.789 0.471
2 6 19.7 0.451
2 7 27.387 0.152
2 8 32.398 0.512
2 9 25.31 0.311
2 10 26.256 0.165
2 11 31.602 0.485
2 12 34.94 0.196
2 13 22.347 0.6
2 14 18.975 0.321
2 15 22.369 0.44
2 16 29.246 0.37
2 17 28.557 0.687
2 18 20.256 0.221
2 19 34.506 0.125
2 20 23.917 0.239
2 21 18.731 0.466
2 22 20.759 0.168
2 23 15.139 0.484
2 24 42.976 0.085
2 25 20.893 0.672
2 26 26.514 0.145
2 27 29.953 0.325
2 28 16.555 0.423
2 29 22.551 0.605
2 30 25.275 0.334
2 31 30.575 0.378
2 32 31.382 0.108
2 33 34.633 0.677
2 34 24.419 0.578
2 35 33.97 0.642
2 36 34.332 0.577
2 37 25.726 0.582
2 38 18.542 0.108
2 39 26.607 0.6
2 40 28.154 0.478
2 41 25.411 0.105
2 42 46.678 0.152
2 43 28.29 0.26
2 44 22.037 0.565
2 45 31.508 0.01
2 46 27.594 0.517
2 47 32.169 0.179
2 48 24.396 0.346
2 49 22.137 0.136
3 4 21.676 0.279
3 5 20.984 0.402
3 6 28.113 0.107
3 7 23.777 0.234
3 8 27.183 0.144
3 9 29.909 0.366
3 10 24.034 0.665
3 11 16.073 0.576
3 12 18.924 0.569
3 13 15.586 0.357
3 14 22.793 0.373
3 15 43.99 0.025
3 16 63.014 0.09
3 17 15.764 0.107
3 18 34.762 0.107
3 19 22.809 0.551
3 20 18.078 0.571
3 21 31.191 0.295
3 22 20.38 0.316
3 23 38.578 0.119
3 24 17.573 0.467
3 25 19.766 0.611
3 26 26.1 0.15
3 27 32.87 0.357
3 28 25.58 0.676
3 29 28.609 0.65
3 30 21.727 0.657
3 31 17.518 0.264
3 32 31.352 0.285
3 33 18.814 0.673
3 34 23.497 0.619
3 35 17.834 0.451
3 36 16.579 0.664
3 37 22.451 0.364
3 38 25.344 0.586
3 39 22.839 0.119
3 40 19.389 0.389
3 41 22.997 0.268
3 42 17.306 0.398
3 43 28.194 0.609
3 44 34.501 0.1
3 45 22.41 0.321
3 46 19.02 0.104
3 47 16.076 0.501
3 48 15.206 0.176
3 49 51.574 0.094
4 5 27.243 0.252
4 6 30.329 0.425
4 7 32.288 0.163
4 8 31.944 0.569
4 9 22.736 0.107
4 10 30.102 0.589
4 11 34.978 0.509
4 12 19.826 0.333
4 13 33.706 0.517
4 14 32.647 0.649
4 15 23.571 0.519
4 16 27.823 0.42
4 17 33.502 0.587
4 18 30.004 0.148
4 19 19.693 0.282
4 20 17.259 0.535
4 21 45.308 0.055
4 22 54.977 0.09
4 23 21.045 0.149
4 24 25.283 0.237
4 25 15.569 0.156
4 26 33.325 0.419
4 27 16.017 0.486
4 28 30.42 0.448
4 29 33.496 0.612
4 30 24.727 0.225
4 31 32.501 0.201
4 32 28.746 0.152
4 33 15.99 0.573
4 34 40.283 0.111
4 35 28.948 0.572
4 36 33.684 0.645
4 37 20.187 0.278
4 38 27.737 0.248
4 39 23.146 0.572
4 40 29.367 0.175
4 41 34.587 0.2
4 42 30.321 0.249
4 43 16.318 0.129
4 44 18.085 0.316
4 45 34.631 0.295
4 46 19.598 0.444
4 47 47.889 0.072
4 48 16.058 0.183
4 49 33.077 0.402
5 6 33.154 0.585
5 7 31.469 0.533
5 8 34.18 0.63
5 9 24.655 0.439
5 10 19.341 0.44
5 11 18.453 0.339
5 12 20.575 0.176
5 13 16.588 0.379
5 14 25.768 0.556
5 15 21.107 0.4
5 16 17.162 0.278
5 17 21.675 0.331
5 18 32.485 0.533
5 19 29.112 0.592
5 20 27.076 0.215
5 21 27.784 0.453
5 22 21.206 0.46
5 23 28.427 0.173
5 24 33.668 0.399
5 25 28.295 0.69
5 26 15.656 0.374
5 27 28.56 0.286
5 28 30.846 0.634
5 29 16.406 0.196
5 30 19.323 0.134
5 31 25.067 0.342
5 32 16.135 0.277
5 33 21.488 0.573
5 34 28.453 0.484
5 35 28.95 0.302
5 36 24.381 0.199
5 37 30.165 0.371
5 38 28.614 0.377
5 39 28.869 0.214
5 40 27.125 0.386
5 41 37.721 0.198
5 42 21.357 0.403
5 43 34.599 0.274
5 44 17.476 0.445
5 45 15.067 0.206
5 46 18.198 0.508
5 47 31.022 0.276
5 48 24.029 0.558
5 49 15.659 0.371
6 7 32.455 0.606
6 8 31.317 0.196
6 9 25.743 0.495
6 10 21.025 0.625
6 11 20.539 0.321
6 12 23.412 0.419
6 13 20.283 0.442
6 14 46.163 0.154
6 15 24.487 0.25
6 16 18.699 0.236
6 17 21.068 0.513
6 18 15.532 0.506
6 19 20.398 0.248
6 20 31.694 0.162
6 21 31.628 0.683
6 22 31.341 0.158
6 23 24.54 0.405
6 24 25.33 0.68
6 25 34.198 0.195
6 26 24.979 0.236
6 27 17.28 0.202
6 28 18.56 0.182
6 29 23.401 0.681
6 30 59.124 0.111
6 31 31.502 0.516
6 32 33.963 0.058
6 33 33.456 0.623
6 34 21.844 0.634
6 35 26.947 0.115
6 36 26.305 0.684
6 37 19.575 0.396
6 38 26.577 0.209
6 39 28.345 0.53
6 40 32.348 0.26
6 41 30.627 0.35
6 42 21.751 0.544
6 43 33.343 0.192
6 44 19.344 0.669
6 45 20.004 0.564
6 46 18.791 0.272
6 47 23.698 0.281
6 48 32.024 0.516
6 49 19.498 0.117
7 8 32.369 0.571
7 9 22.569 0.518
7 10 18.736 0.539
7 11 15.821 0.35
7 12 26.765 0.417
7 13 21.791 0.474
7 14 29.488 0.139
7 15 15.626 0.131
7 16 26.1 0.174
7 17 16.931 0.438
7 18 30.41 0.312
7 19 28.553 0.27
7 20 20.058 0.386
7 21 30.257 0.08
7 22 50.646 0.028
7 23 22.613 0.486
7 24 24.543 0.417
7 25 25.466 0.272
7 26 28.528 0.462
7 27 23.516 0.592
7 28 33.335 0.609
7 29 29.116 0.539
7 30 22.661 0.606
7 31 19.653 0.157
7 32 29.916 0.319
7 33 27.571 0.365
7 34 54.462 0.151
7 35 29.856 0.461
7 36 15.823 0.505
7 37 32.554 0.516
7 38 15.319 0.554
7 39 26.102 0.588
7 40 29.62 0.563
7 41 27.289 0.577
7 42 20.692 0.16
7 43 28.699 0.409
7 44 29.588 0.227
7 45 33.235 0.573
7 46 24.483 0.171
7 47 34.58 0.167
7 48 18.01 0.387
7 49 33.457 0.228
8 9 21.711 0.608
8 10 22.516 0.674
8 11 29.927 0.402
8 12 16.517 0.37
8 13 18.16 0.164
8 14 17.101 0.101
8 15 57.757 0.159
8 16 37.077 0.027
8 17 32.173 0.215
8 18 15.376 0.4
8 19 22.445 0.518
8 20 28.121 0.104
8 21 15.243 0.115
8 22 25.833 0.199
8 23 29.767 0.069
8 24 29.51 0.163
8 25 16.272 0.212
8 26 27.897 0.624
8 27 17.89 0.135
8 28 22.095 0.104
8 29 27.667 0.43
8 30 32.967 0.638
8 31 15.97 0.69
8 32 31.68 0.387
8 33 32.394 0.63
8 34 32.525 0.518
8 35 28.575 0.625
8 36 17.6 0.372
8 37 33.965 0.34
8 38 31.307 0.645
8 39 15.651 0.443
8 40 31.314 0.415
8 41 28.485 0.661
8 42 20.254 0.146
8 43 24.335 0.363
8 44 20.145 0.102
8 45 28.745 0.452
8 46 27.599 0.505
8 47 25.746 0.544
8 48 25.994 0.3
8 49 64.687 0.056
9 10 34.439 0.593
9 11 24.389 0.517
9 12 17.423 0.339
9 13 24.093 0.573
9 14 19.148 0.497
9 15 23.746 0.418
9 16 33.941 0.153
9 17 33.725 0.691
9 18 22.09 0.357
9 19 30.119 0.264
9 20 32.181 0.133
9 21 22.639 0.321
9 22 19.133 0.251
9 23 20.085 0.126
9 24 33.653 0.651
9 25 20.063 0.574
9 26 33.708 0.355
9 27 15.14 0.255
9 28 23.8 0.162
9 29 49.273 0.037
9 30 15.262 0.25
9 31 25.227 0.552
9 32 24.024 0.604
9 33 24.203 0.264
9 34 30.436 0.469
9 35 29.962 0.127
9 36 29.09 0.145
9 37 24.013 0.151
9 38 30.837 0.421
9 39 15.255 0.404
9 40 39.599 0.164
9 41 24.055 0.275
9 42 20.295 0.571
9 43 28.34 0.621
9 44 19.063 0.186
9 45 20.254 0.468
9 46 18.055 0.506
9 47 33.928 0.578
9 48 32.527 0.437
9 49 28.857 0.275
10 11 17.295 0.497
10 12 26.726 0.684
10 13 17.303 0.506
10 14 19.977 0.667
10 15 31.82 0.328
10 16 17.038 0.32
10 17 44.935 0.142
10 18 21.8 0.474
10 19 20.897 0.694
10 20 32.641 0.364
10 21 21.356 0.557
10 22 20.699 0.114
10 23 34.888 0.648
10 24 34.114 0.214
10 25 17.847 0.351
10 26 33.253 0.676
10 27 21.641 0.664
10 28 16.548 0.296
10 29 19.909 0.674
10 30 26.814 0.17
10 31 28.688 0.237
10 32 18.937 0.612
10 33 64.217 0.031
10 34 22.595 0.609
10 35 50.8 0.01
10 36 23.137 0.481
10 37 23.421 0.49
10 38 28.646 0.555
10 39 15.34 0.241
10 40 25.089 0.564
10 41 22.409 0.53
10 42 17.052 0.592
10 43 17.815 0.239
10 44 42.022 0.06
10 45 21.979 0.418
10 46 22.729 0.51
10 47 25.369 0.305
10 48 23.945 0.622
10 49 27.883 0.629
11 12 23.433 0.208
11 13 27.147 0.196
11 14 30.442 0.22
11 15 25.921 0.543
11 16 18.365 0.655
11 17 29.3 0.412
11 18 15.995 0.183
11 19 19.138 0.278
11 20 24.194 0.448
11 21 31.989 0.266
11 22 18.078 0.257
11 23 24.837 0.227
11 24 23.765 0.327
11 25 18.762 0.55
11 26 16.858 0.557
11 27 19.247 0.533
11 28 16.064 0.105
11 29 20.971 0.521
11 30 18.747 0.263
11 31 18.465 0.114
11 32 21.713 0.577
11 33 29.327 0.23
11 34 20.483 0.511
11 35 17.844 0.346
11 36 33.491 0.42
11 37 30.486 0.614
11 38 32.775 0.475
11 39 61.952 0.002
11 40 19.158 0.659
11 41 17.635 0.639
11 42 25.193 0.417
11 43 23.566 0.17
11 44 32.294 0.442
11 45 20.17 0.616
11 46 26.177 0.389
11 47 15.403 0.201
11 48 33.472 0.637
11 49 29.994 0.323
12 13 15.98 0.414
12 14 19.975 0.13
12 15 28.065 0.391
12 16 34.338 0.483
12 17 30.783 0.59
12 18 15.731 0.553
12 19 38.554 0.048
12 20 21.546 0.259
12 21 24.753 0.255
12 22 27.487 0.473
12 23 32.717 0.25
12 24 16.155 0.228
12 25 47.897 0.18
12 26 15.809 0.693
12 27 38.349 0.175
12 28 16.484 0.38
12 29 33.908 0.66
12 30 32.951 0.134
12 31 64.755 0.116
12 32 19.829 0.433
12 33 30.042 0.141
12 34 17.158 0.218
12 35 33.474 0.579
12 36 29.22 0.237
12 37 21.702 0.277
12 38 17.695 0.172
12 39 17.167 0.161
12 40 31.888 0.521
12 41 34.339 0.49
12 42 29.83 0.261
12 43 21.764 0.389
12 44 21.431 0.353
12 45 15.091 0.498
12 46 25.754 0.162
12 47 28.726 0.681
12 48 19.568 0.554
12 49 33.952 0.311
13 14 19.211 0.692
13 15 22.578 0.474
13 16 25.289 0.176
13 17 22.828 0.145
13 18 28.658 0.452
13 19 17.304 0.221
13 20 31.482 0.517
13 21 22.985 0.598
13 22 25.987 0.499
13 23 27.79 0.429
13 24 29.552 0.228
13 25 20.65 0.237
13 26 29.858 0.428
13 27 15.837 0.439
13 28 26.443 0.472
13 29 15.06 0.104
13 30 24.929 0.413
13 31 19.919 0.169
13 32 28.707 0.506
13 33 24.939 0.438
13 34 32.903 0.612
13 35 19.193 0.324
13 36 24.476 0.555
13 37 18.125 0.676
13 38 33.274 0.119
13 39 31.685 0.488
13 40 16.616 0.542
13 41 20.342 0.51
13 42 23.131 0.337
13 43 33.91 0.488
13 44 22.922 0.625
13 45 23.785 0.669
13 46 28.554 0.126
13 47 32.015 0.643
13 48 16.972 0.441
13 49 18.432 0.478
14 15 31.951 0.32
14 16 28.675 0.504
14 17 32.537 0.359
14 18 17.833 0.366
14 19 17.055 0.203
14 20 29.82 0.133
14 21 17.732 0.251
14 22 27.848 0.69
14 23 34.922 0.1
14 24 15.645 0.252
14 25 29.504 0.518
14 26 26.044 0.696
14 27 25.095 0.39
14 28 34.041 0.593
14 29 23.866 0.581
14 30 50.421 0.007
14 31 22.886 0.271
14 32 35.232 0.191
14 33 28.804 0.114
14 34 27.545 0.211
14 35 15.95 0.641
14 36 16.332 0.169
14 37 18.61 0.356
14 38 22.655 0.503
14 39 30.021 0.556
14 40 20.912 0.444
14 41 34.609 0.302
14 42 31.686 0.389
14 43 24.653 0.533
14 44 23.367 0.53
14 45 18.37 0.178
14 46 34.638 0.508
14 47 31.64 0.662
14 48 27.779 0.553
14 49 24.463 0.629
15 16 54.84 0.161
15 17 22.744 0.447
15 18 15.156 0.165
15 19 17.44 0.208
15 20 32.204 0.165
15 21 16.151 0.508
15 22 25.637 0.672
15 23 37.601 0.173
15 24 20.012 0.161
15 25 18.875 0.31
15 26 25.294 0.596
15 27 15.458 0.138
15 28 32.865 0.455
15 29 22.701 0.689
15 30 28.596 0.634
15 31 20.26 0.196
15 32 33.781 0.482
15 33 22.818 0.392
15 34 16.25 0.259
15 35 29.959 0.478
15 36 32.215 0.507
15 37 26.697 0.393
15 38 31.615 0.661
15 39 20.093 0.396
15 40 30.265 0.529
15 41 18.664 0.526
15 42 31.677 0.394
15 43 25.881 0.341
15 44 31.738 0.464
15 45 27.659 0.511
15 46 24.98 0.439
15 47 19.966 0.219
15 48 26.806 0.691
15 49 63.778 0.075
16 17 17.501 0.291
16 18 20.05 0.49
16 19 33.56 0.451
16 20 24.122 0.462
16 21 24.873 0.557
16 22 16.852 0.237
16 23 46.98 0.199
16 24 21.865 0.503
16 25 33.93 0.378
16 26 28.123 0.408
16 27 16.245 0.572
16 28 23.706 0.559
16 29 30.208 0.619
16 30 17.905 0.408
16 31 21.155 0.52
16 32 17.287 0.181
16 33 28.674 0.217
16 34 16.38 0.571
16 35 21.919 0.555
16 36 16.431 0.603
16 37 32.383 0.193
16 38 24.231 0.654
16 39 22.428 0.23
16 40 27.265 0.626
16 41 28.498 0.518
16 42 22.294 0.229
16 43 23.325 0.15
16 44 28.144 0.15
16 45 24.293 0.361
16 46 27.849 0.272
16 47 18.171 0.505
16 48 17.857 0.166
16 49 63.924 0.179
17 18 30.283 0.462
17 19 15.405 0.179
17 20 19.301 0.635
17 21 34.501 0.248
17 22 31.832 0.344
17 23 22.909 0.109
17 24 26.163 0.389
17 25 15.966 0.546
17 26 18.923 0.621
17 27 22.805 0.522
17 28 15.776 0.397
17 29 21.204 0.306
17 30 33.306 0.409
17 31 34.577 0.315
17 32 24.97 0.251
17 33 50.615 0.033
17 34 29.243 0.146
17 35 51.987 0.047
17 36 28.44 0.234
17 37 29.786 0.482
17 38 26.95 0.443
17 39 18.132 0.46
17 40 20.623 0.5
17 41 26.357 0.222
17 42 25.403 0.546
17 43 32.063 0.274
17 44 48.174 0.098
17 45 31.804 0.471
17 46 26.864 0.26
17 47 29.165 0.234
17 48 28.936 0.493
17 49 17.824 0.591
18 19 16.373 0.635
18 20 34.551 0.307
18 21 25.219 0.585
18 22 22.733 0.455
18 23 18.076 0.468
18 24 31.481 0.608
18 25 25.752 0.471
18 26 29.725 0.487
18 27 30.939 0.179
18 28 18.776 0.349
18 29 32.54 0.437
18 30 34.435 0.591
18 31 23.019 0.443
18 32 29.294 0.139
18 33 26.276 0.367
18 34 26.45 0.245
18 35 22.138 0.34
18 36 33.089 0.166
18 37 21.244 0.196
18 38 31.951 0.115
18 39 17.135 0.698
18 40 24.704 0.671
18 41 27.204 0.136
18 42 26.519 0.673
18 43 29.3 0.308
18 44 19.229 0.546
18 45 33.356 0.65
18 46 21.885 0.147
18 47 26.92 0.195
18 48 31.832 0.487
18 49 29.177 0.114
19 20 20.535 0.664
19 21 29.229 0.244
19 22 26.323 0.363
19 23 21.419 0.387
19 24 19.733 0.379
19 25 38.951 0.029
19 26 16.262 0.43
19 27 53.197 0.07
19 28 34.485 0.204
19 29 26.091 0.435
19 30 17.764 0.335
19 31 38.643 0.018
19 32 28.94 0.137
19 33 16.737 0.258
19 34 32.809 0.525
19 35 18.034 0.214
19 36 34.588 0.302
19 37 22.15 0.466
19 38 21.974 0.391
19 39 27.654 0.497
19 40 21.575 0.662
19 41 22.458 0.672
19 42 30.397 0.257
19 43 18.334 0.369
19 44 25.052 0.339
19 45 26.636 0.411
19 46 34.848 0.661
19 47 33.833 0.449
19 48 33.995 0.573
19 49 20.213 0.468
20 21 24.709 0.2
20 22 16.561 0.392
20 23 31.581 0.554
20 24 24.317 0.269
20 25 20.918 0.599
20 26 17.981 0.265
20 27 18.839 0.38
20 28 34.32 0.276
20 29 60.549 0.016
20 30 19.358 0.165
20 31 18.093 0.13
20 32 31.627 0.133
20 33 18.777 0.624
20 34 32.997 0.447
20 35 21.742 0.697
20 36 25.328 0.295
20 37 24.846 0.476
20 38 34.091 0.381
20 39 24.037 0.643
20 40 35.783 0.158
20 41 16.911 0.639
20 42 25.77 0.395
20 43 27.31 0.391
20 44 28.698 0.313
20 45 19.411 0.611
20 46 23.792 0.606
20 47 25.952 0.566
20 48 32.785 0.578
20 49 32.41 0.321
21 22 31.131 0.095
21 23 25.453 0.244
21 24 24.099 0.297
21 25 17.544 0.635
21 26 24.308 0.613
21 27 20.661 0.267
21 28 27.043 0.38
21 29 20.35 0.388
21 30 23.499 0.206
21 31 15.167 0.336
21 32 15.609 0.56
21 33 27.558 0.12
21 34 28.837 0.145
21 35 18.162 0.699
21 36 29.654 0.66
21 37 22.557 0.144
21 38 26.32 0.343
21 39 16.316 0.289
21 40 27.713 0.451
21 41 29.754 0.653
21 42 22.356 0.547
21 43 18.76 0.402
21 44 25.999 0.336
21 45 24.833 0.683
21 46 25.742 0.118
21 47 51.171 0.139
21 48 34.997 0.231
21 49 17.595 0.41
22 23 16.017 0.14
22 24 21.183 0.561
22 25 16.468 0.654
22 26 16.669 0.299
22 27 30.75 0.369
22 28 17.424 0.303
22 29 32.321 0.214
22 30 32.688 0.512
22 31 30.26 0.498
22 32 17.714 0.248
22 33 33.598 0.353
22 34 27.044 0.111
22 35 16.879 0.27
22 36 15.054 0.161
22 37 23.022 0.496
22 38 24.103 0.629
22 39 15.973 0.302
22 40 25.967 0.331
22 41 27.529 0.202
22 42 18.314 0.686
22 43 16.704 0.24
22 44 34.531 0.244
22 45 16.295 0.446
22 46 18.129 0.339
22 47 35.882 0.049
22 48 18.121 0.124
22 49 22.517 0.435
23 24 30.035 0.438
23 25 20.206 0.344
23 26 19.159 0.491
23 27 23.654 0.699
23 28 33.633 0.211
23 29 25.189 0.149
23 30 16.402 0.478
23 31 28.435 0.222
23 32 32.023 0.176
23 33 29.293 0.507
23 34 33.191 0.238
23 35 33.578 0.381
23 36 34.832 0.581
23 37 19.987 0.17
23 38 26.789 0.209
23 39 25.414 0.204
23 40 25.718 0.54
23 41 21.721 0.383
23 42 28.447 0.493
23 43 26.96 0.484
23 44 25.764 0.213
23 45 33.954 0.15
23 46 18.257 0.259
23 47 23.18 0.639
23 48 29.189 0.421
23 49 38.643 0.073
24 25 31.096 0.7
24 26 21.371 0.636
24 27 34.051 0.548
24 28 24.795 0.289
24 29 27.475 0.273
24 30 26.162 0.288
24 31 15.302 0.628
24 32 23.631 0.174
24 33 17.673 0.375
24 34 33.758 0.508
24 35 25.596 0.122
24 36 34.319 0.306
24 37 18.508 0.504
24 38 33.758 0.205
24 39 26.391 0.655
24 40 16.861 0.387
24 41 32.163 0.692
24 42 56.915 0.019
24 43 24.816 0.346
24 44 22.735 0.576
24 45 51.996 0.071
24 46 30.073 0.227
24 47 28.239 0.466
24 48 24.159 0.617
24 49 21.519 0.543
25 26 27.364 0.358
25 27 57.703 0.154
25 28 29.862 0.336
25 29 33.657 0.149
25 30 28.326 0.399
25 31 42.801 0.075
25 32 21.329 0.69
25 33 26.888 0.159
25 34 28.278 0.467
25 35 22.829 0.585
25 36 16.771 0.29
25 37 34.155 0.168
25 38 22.404 0.619
25 39 16.08 0.571
25 40 20.532 0.176
25 41 19.412 0.646
25 42 19.945 0.556
25 43 20.574 0.614
25 44 26.385 0.116
25 45 23.882 0.177
25 46 33.99 0.514
25 47 29.935 0.683
25 48 24.208 0.434
25 49 25.566 0.456
26 27 34.073 0.293
26 28 22.748 0.586
26 29 19.367 0.352
26 30 29.445 0.145
26 31 26.953 0.106
26 32 33.003 0.487
26 33 22.978 0.138
26 34 26.35 0.584
26 35 24.825 0.585
26 36 24.398 0.293
26 37 28.215 0.298
26 38 32.2 0.482
26 39 17.24 0.586
26 40 31.185 0.677
26 41 22.942 0.491
26 42 15.629 0.15
26 43 16.834 0.402
26 44 24.945 0.291
26 45 18.452 0.308
26 46 31.509 0.591
26 47 34.367 0.566
26 48 31.1 0.399
26 49 17.049 0.618
27 28 16.779 0.505
27 29 30.72 0.109
27 30 30.912 0.207
27 31 28.168 0.041
27 32 32.519 0.406
27 33 29.891 0.571
27 34 29.387 0.627
27 35 33.212 0.533
27 36 32.594 0.568
27 37 32.123 0.593
27 38 26.212 0.143
27 39 34.645 0.644
27 40 18.198 0.119
27 41 30.188 0.442
27 42 19.836 0.131
27 43 19.679 0.582
27 44 30.463 0.406
27 45 24.515 0.434
27 46 32.326 0.691
27 47 31.79 0.453
27 48 27.602 0.381
27 49 31.492 0.67
28 29 21.201 0.105
28 30 18.145 0.308
28 31 25.242 0.564
28 32 15.737 0.314
28 33 17.928 0.652
28 34 29.086 0.461
28 35 30.359 0.206
28 36 23.818 0.142
28 37 29.624 0.673
28 38 27.597 0.15
28 39 29.51 0.585
28 40 25.615 0.23
28 41 28.998 0.659
28 42 17.979 0.423
28 43 29.991 0.615
28 44 23.108 0.617
28 45 23.229 0.224
28 46 24.032 0.336
28 47 15.06 0.409
28 48 29.235 0.33
28 49 17.123 0.147
29 30 17.616 0.544
29 31 32.441 0.35
29 32 17.983 0.115
29 33 34.023 0.243
29 34 26.017 0.357
29 35 17.426 0.435
29 36 19.775 0.312
29 37 24.887 0.275
29 38 17.467 0.523
29 39 18.044 0.288
29 40 64.329 0.023
29 41 15.416 0.534
29 42 16.439 0.562
29 43 15.845 0.681
29 44 33.097 0.181
29 45 34.879 0.424
29 46 26.851 0.116
29 47 32.459 0.236
29 48 22.533 0.493
29 49 24.553 0.476
30 31 32.458 0.546
30 32 56.397 0.174
30 33 25.629 0.655
30 34 17.516 0.554
30 35 17.803 0.271
30 36 24.989 0.271
30 37 22.718 0.212
30 38 32.672 0.511
30 39 21.119 0.67
30 40 33.489 0.189
30 41 27.544 0.42
30 42 22.475 0.469
30 43 18.236 0.191
30 44 26.762 0.685
30 45 30.254 0.413
30 46 15.802 0.496
30 47 31.228 0.336
30 48 17.673 0.201
30 49 15.347 0.239
31 32 16.513 0.203
31 33 22.556 0.595
31 34 27.674 0.677
31 35 21.743 0.541
31 36 23.029 0.341
31 37 29.294 0.353
31 38 29.921 0.331
31 39 34.197 0.315
31 40 34.482 0.36
31 41 23.468 0.501
31 42 24.569 0.446
31 43 15.651 0.215
31 44 26.471 0.56
31 45 31.707 0.232
31 46 34.299 0.304
31 47 18.62 0.652
31 48 28.075 0.132
31 49 33.165 0.144
32 33 33.461 0.602
32 34 33.918 0.308
32 35 16.655 0.368
32 36 23.225 0.268
32 37 34.286 0.134
32 38 20.348 0.324
32 39 17.087 0.659
32 40 28.11 0.393
32 41 32.677 0.323
32 42 31.871 0.397
32 43 20.102 0.387
32 44 25.905 0.654
32 45 29.398 0.575
32 46 19.903 0.487
32 47 21.866 0.563
32 48 27.039 0.668
32 49 24.988 0.448
33 34 31.374 0.165
33 35 31.581 0.055
33 36 34.901 0.645
33 37 26.474 0.178
33 38 17.721 0.511
33 39 17.087 0.293
33 40 25.366 0.203
33 41 19.305 0.588
33 42 17.356 0.118
33 43 17.229 0.499
33 44 59.666 0.092
33 45 30.481 0.689
33 46 25.51 0.6
33 47 30.725 0.598
33 48 19.391 0.392
33 49 28.689 0.286
34 35 28.664 0.437
34 36 25.363 0.682
34 37 22.326 0.233
34 38 17.908 0.436
34 39 17.672 0.254
34 40 20.336 0.558
34 41 17.831 0.465
34 42 18.125 0.657
34 43 15.319 0.101
34 44 20.508 0.529
34 45 29.518 0.569
34 46 30.906 0.236
34 47 63.613 0.1
34 48 25.146 0.26
34 49 22.476 0.682
35 36 32.483 0.29
35 37 27.436 0.192
35 38 18.15 0.182
35 39 24.045 0.64
35 40 28.489 0.379
35 41 17.975 0.513
35 42 25.665 0.516
35 43 21.325 0.302
35 44 55.159 0.142
35 45 23.777 0.299
35 46 33.097 0.443
35 47 21.159 0.246
35 48 22.773 0.495
35 49 31.02 0.138
36 37 50.62 0.088
36 38 41.371 0.037
36 39 15.107 0.601
36 40 15.156 0.589
36 41 30.249 0.401
36 42 28.69 0.569
36 43 33.581 0.315
36 44 27.78 0.349
36 45 26.41 0.116
36 46 31.536 0.489
36 47 32.02 0.607
36 48 34.488 0.179
36 49 34.132 0.117
37 38 28.633 0.08
37 39 28.894 0.599
37 40 16.486 0.178
37 41 33.688 0.432
37 42 16.203 0.54
37 43 25.43 0.689
37 44 18.42 0.408
37 45 29.127 0.237
37 46 34.676 0.564
37 47 18.662 0.116
37 48 17.17 0.549
37 49 28.688 0.639
38 39 26.658 0.463
38 40 22.708 0.595
38 41 33.568 0.103
38 42 20.133 0.505
38 43 18.058 0.491
38 44 24.491 0.627
38 45 20.895 0.455
38 46 25.81 0.23
38 47 19.415 0.485
38 48 33.228 0.21
38 49 25.919 0.21
39 40 33.06 0.208
39 41 22.178 0.158
39 42 29.062 0.199
39 43 21.209 0.413
39 44 19.596 0.439
39 45 17.635 0.399
39 46 26.077 0.698
39 47 25.027 0.173
39 48 16.738 0.409
39 49 19.729 0.586
40 41 26.64 0.335
40 42 24.604 0.182
40 43 33.955 0.254
40 44 30.478 0.583
40 45 16.672 0.408
40 46 19.556 0.575
40 47 15.118 0.516
40 48 34.548 0.615
40 49 32.575 0.643
41 42 18.006 0.583
41 43 32.673 0.293
41 44 16.328 0.203
41 45 21.658 0.625
41 46 18.178 0.177
41 47 23.4 0.359
41 48 27.384 0.337
41 49 30.01 0.231
42 43 32.479 0.346
42 44 28.708 0.19
42 45 28.823 0.176
42 46 17.634 0.292
42 47 31.862 0.343
42 48 27.678 0.601
42 49 20.692 0.272
43 44 20.58 0.469
43 45 20.552 0.208
43 46 21.034 0.121
43 47 17.518 0.265
43 48 16.08 0.663
43 49 15.745 0.333
44 45 30.744 0.16
44 46 15.302 0.594
44 47 22.165 0.247
44 48 24.272 0.372
44 49 17.582 0.686
45 46 33.717 0.698
45 47 19.602 0.206
45 48 27.396 0.182
45 49 25.954 0.143
46 47 22.384 0.644
46 48 15.612 0.607
46 49 25.603 0.581
47 48 30.663 0.372
47 49 22.207 0.434
48 49 18.818 0.35
