50
80
0 1 33.853 0.562
0 2 81.465 0.418
0 3 94.068 0.052
0 4 35.081 0.581
0 5 49.287 0.733
0 6 96.153 0.258
0 7 80.246 0.421
0 8 30.607 0.179
0 9 20.213 0.1
0 10 10.566 0.188
0 11 21.822 0.598
0 12 76.542 0.572
0 13 83.813 0.44
0 14 84.299 0.588
0 15 4.243 0.135
0 16 12.911 0.767
0 17 69.183 0.582
0 18 61.248 0.252
0 19 23.7 0.498
0 20 30.862 0.796
0 21 75.053 0.369
0 22 56.191 0.75
0 23 63.038 0.192
0 24 54.876 0.352
0 25 75.864 0.062
0 26 14.095 0.786
0 27 66.616 0.076
0 28 72.998 0.404
0 29 27.565 0.772
0 30 11.963 0.111
0 31 9.425 0.114
0 32 11.388 0.619
0 33 6.989 0.757
0 34 64.006 0.267
0 35 10.159 0.595
0 36 30.727 0.129
0 37 80.846 0.016
0 38 3.455 0.044
0 39 22.007 0.373
0 40 93.714 0.438
0 41 97.859 0.786
0 42 72.044 0.037
0 43 66.646 0.546
0 44 23.845 0.038
0 45 8.312 0.728
0 46 80.596 0.261
0 47 64.128 0.712
0 48 3.876 0.24
0 49 15.106 0.78
1 2 63.044 0.016
1 3 48.069 0.198
1 4 38.562 0.627
1 5 83.98 0.041
1 6 75.669 0.038
1 7 43.741 0.111
1 8 18.476 0.618
1 9 89.741 0.773
1 10 97.451 0.572
1 11 10.224 0.382
1 12 89.491 0.156
1 13 82.748 0.055
1 14 97.18 0.693
1 15 71.663 0.679
1 16 26.599 0.596
1 17 46.759 0.106
1 18 64.866 0.534
1 19 8.646 0.298
1 20 11.405 0.153
1 21 10.725 0.116
1 22 93.511 0.668
1 23 76.742 0.671
1 24 88.974 0.353
1 25 66.623 0.609
1 26 42.922 0.769
1 27 96.253 0.395
1 28 24.305 0.754
1 29 16.926 0.672
1 30 45.68 0.615
1 31 31.83 0.082
1 32 35.48 0.494
1 33 7.823 0.489
1 34 20.353 0.032
1 35 20.365 0.772
1 36 42.448 0.291
1 37 8.778 0.391
1 38 34.605 0.507
1 39 15.504 0.594
1 40 41.7 0.342
1 41 74.351 0.394
1 42 93.863 0.034
1 43 17.362 0.234
1 44 75.269 0.467
1 45 28.814 0.424
1 46 12.001 0.6
1 47 50.248 0.753
1 48 51.201 0.542
1 49 76.19 0.392
2 3 55.777 0.744
2 4 40.548 0.582
2 5 99.133 0.566
2 6 0.877 0.417
2 7 10.035 0.006
2 8 97.932 0.729
2 9 46.884 0.108
2 10 68.08 0.227
2 11 24.815 0.067
2 12 94.36 0.528
2 13 12.15 0.24
2 14 29.701 0.164
2 15 74.628 0.737
2 16 6.349 0.483
2 17 69.824 0.193
2 18 71.869 0.645
2 19 59.979 0.021
2 20 69.504 0.737
2 21 61.623 0.565
2 22 22.854 0.163
2 23 50.778 0.778
2 24 7.773 0.676
2 25 58.634 0.004
2 26 47.257 0.196
2 27 3.524 0.44
2 28 45.796 0.388
2 29 90.147 0.623
2 30 36.015 0.644
2 31 31.897 0.223
2 32 87.022 0.505
2 33 52.23 0.623
2 34 0.482 0.529
2 35 92.379 0.648
2 36 64.276 0.244
2 37 9.686 0.189
2 38 24.648 0.65
2 39 56.688 0.599
2 40 7.533 0.481
2 41 93.524 0.524
2 42 44.35 0.656
2 43 4.48 0.471
2 44 35.199 0.61
2 45 26.394 0.464
2 46 68.229 0.613
2 47 24.037 0.776
2 48 70.274 0.509
2 49 93.041 0.05
3 4 18.648 0.392
3 5 87.614 0.398
3 6 94.521 0.348
3 7 58.982 0.087
3 8 60.745 0.085
3 9 20.151 0.618
3 10 0.675 0.026
3 11 57.658 0.143
3 12 35.2 0.169
3 13 60.638 0.445
3 14 83.049 0.668
3 15 3.931 0.72
3 16 19.881 0.663
3 17 8.991 0.464
3 18 38.563 0.792
3 19 65.681 0.232
3 20 47.745 0.743
3 21 18.736 0.54
3 22 82.21 0.6
3 23 35.271 0.481
3 24 86.178 0.655
3 25 33.465 0.098
3 26 52.254 0.34
3 27 88.264 0.42
3 28 95.791 0.055
3 29 4.64 0.645
3 30 68.1 0.167
3 31 81.058 0.694
3 32 40.937 0.752
3 33 38.4 0.136
3 34 68.923 0.082
3 35 53.416 0.648
3 36 16.357 0.706
3 37 4.374 0.56
3 38 51.102 0.703
3 39 36.396 0.773
3 40 37.452 0.409
3 41 21.492 0.129
3 42 86.106 0.633
3 43 69.15 0.671
3 44 66.244 0.648
3 45 53.217 0.337
3 46 89.126 0.604
3 47 67.314 0.6
3 48 28.453 0.103
3 49 90.673 0.628
4 5 16.754 0.459
4 6 42.863 0.261
4 7 30.823 0.381
4 8 72.072 0.504
4 9 18.161 0.513
4 10 80.366 0.582
4 11 87.969 0.787
4 12 86.806 0.349
4 13 30.771 0.105
4 14 26.098 0.456
4 15 37.901 0.543
4 16 78.987 0.336
4 17 19.817 0.635
4 18 62.394 0.332
4 19 75.723 0.076
4 20 42.501 0.059
4 21 41.449 0.447
4 22 42.354 0.487
4 23 7.034 0.487
4 24 93.015 0.061
4 25 63.454 0.067
4 26 97.829 0.232
4 27 91.748 0.071
4 28 86.084 0.163
4 29 30.857 0.422
4 30 8.777 0.724
4 31 62.063 0.085
4 32 1.883 0.493
4 33 15.212 0.529
4 34 3.293 0.64
4 35 91.298 0.335
4 36 8.684 0.497
4 37 99.261 0.522
4 38 61.871 0.099
4 39 34.912 0.398
4 40 94.747 0.22
4 41 82.543 0.061
4 42 95.771 0.696
4 43 58.177 0.256
4 44 48.354 0.376
4 45 48.212 0.535
4 46 2.121 0.645
4 47 49.622 0.536
4 48 95.444 0.221
4 49 84.316 0.421
5 6 79.237 0.216
5 7 65.746 0.04
5 8 51.536 0.142
5 9 83.6 0.656
5 10 34.197 0.506
5 11 78.719 0.212
5 12 90.764 0.443
5 13 70.446 0.378
5 14 27.875 0.286
5 15 44.139 0.584
5 16 32.676 0.247
5 17 46.495 0.075
5 18 72.87 0.182
5 19 94.809 0.141
5 20 11.713 0.703
5 21 70.885 0.367
5 22 9.723 0.083
5 23 99.111 0.758
5 24 40.081 0.001
5 25 11.48 0.403
5 26 71.985 0.698
5 27 44.092 0.035
5 28 42.19 0.129
5 29 77.391 0.335
5 30 48.692 0.224
5 31 18.764 0.147
5 32 86.808 0.399
5 33 77.62 0.444
5 34 10.839 0.264
5 35 15.688 0.738
5 36 90.119 0.013
5 37 88.326 0.23
5 38 3.789 0.186
5 39 8.237 0.555
5 40 73.712 0.072
5 41 0.689 0.016
5 42 59.611 0.43
5 43 83.106 0.603
5 44 33.306 0.362
5 45 61.652 0.49
5 46 69.381 0.731
5 47 62.969 0.579
5 48 18.729 0.747
5 49 50.225 0.067
6 7 5.9 0.285
6 8 10.984 0.02
6 9 28.847 0.272
6 10 86.336 0.192
6 11 84.77 0.13
6 12 74.411 0.101
6 13 7.596 0.376
6 14 58.652 0.337
6 15 6.621 0.75
6 16 12.636 0.233
6 17 43.554 0.372
6 18 23.979 0.124
6 19 17.53 0.772
6 20 55.346 0.271
6 21 13.293 0.116
6 22 99.815 0.654
6 23 90.779 0.319
6 24 60.123 0.435
6 25 16.17 0.422
6 26 22.822 0.15
6 27 61.912 0.363
6 28 28.717 0.679
6 29 98.476 0.737
6 30 73.175 0.726
6 31 57.988 0.503
6 32 19.135 0.475
6 33 78.001 0.444
6 34 17.212 0.611
6 35 73.319 0.224
6 36 79.884 0.163
6 37 51.111 0.791
6 38 80.792 0.789
6 39 57.489 0.765
6 40 64.033 0.583
6 41 92.895 0.216
6 42 23.86 0.084
6 43 97.085 0.02
6 44 62.274 0.249
6 45 69.486 0.199
6 46 6.002 0.764
6 47 55.746 0.154
6 48 26.462 0.042
6 49 19.615 0.785
7 8 90.166 0.764
7 9 32.519 0.198
7 10 28.101 0.772
7 11 22.425 0.22
7 12 45.975 0.236
7 13 78.444 0.398
7 14 43.131 0.199
7 15 19.115 0.677
7 16 59.738 0.402
7 17 17.464 0.491
7 18 10.963 0.264
7 19 41.536 0.06
7 20 34.27 0.435
7 21 71.774 0.39
7 22 26.07 0.649
7 23 98.976 0.632
7 24 46.573 0.736
7 25 65.334 0.464
7 26 96.361 0.134
7 27 76.221 0.756
7 28 34.313 0.373
7 29 18.929 0.508
7 30 75.262 0.097
7 31 42.702 0.543
7 32 53.123 0.453
7 33 96.873 0.652
7 34 53.413 0.449
7 35 43.752 0.116
7 36 97.284 0.647
7 37 97.807 0.072
7 38 86.99 0.612
7 39 82.151 0.419
7 40 26.053 0.605
7 41 84.589 0.18
7 42 95.929 0.336
7 43 67.668 0.215
7 44 61.288 0.548
7 45 30.448 0.572
7 46 33.392 0.584
7 47 67.585 0.427
7 48 93.734 0.396
7 49 88.835 0.094
8 9 87.749 0.522
8 10 16.98 0.175
8 11 41.409 0.56
8 12 61.216 0.179
8 13 4.017 0.109
8 14 72.544 0.011
8 15 41.876 0.783
8 16 38.157 0.704
8 17 48.844 0.616
8 18 33.685 0.426
8 19 17.331 0.634
8 20 19.357 0.149
8 21 61.315 0.043
8 22 90.573 0.725
8 23 40.232 0.544
8 24 28.926 0.108
8 25 2.177 0.691
8 26 12.063 0.467
8 27 78.769 0.431
8 28 86.776 0.454
8 29 56.032 0.017
8 30 80.303 0.791
8 31 80.648 0.765
8 32 88.468 0.256
8 33 14.337 0.749
8 34 24.415 0.1
8 35 96.416 0.369
8 36 27.426 0.23
8 37 67.586 0.163
8 38 33.458 0.221
8 39 81.877 0.606
8 40 23.719 0.316
8 41 67.94 0.406
8 42 48.165 0.184
8 43 9.938 0.062
8 44 10.719 0.108
8 45 87.19 0.557
8 46 56.337 0.251
8 47 24.853 0.158
8 48 6.458 0.408
8 49 73.702 0.273
9 10 18.711 0.308
9 11 40.854 0.767
9 12 86.769 0.121
9 13 80.654 0.036
9 14 96.528 0.589
9 15 61.139 0.023
9 16 28.599 0.33
9 17 15.682 0.177
9 18 59.589 0.165
9 19 50.133 0.03
9 20 84.503 0.407
9 21 23.506 0.569
9 22 48.793 0.639
9 23 40.25 0.213
9 24 99.705 0.761
9 25 10.383 0.759
9 26 96.462 0.326
9 27 65.295 0.386
9 28 97.701 0.747
9 29 82.964 0.435
9 30 46.452 0.567
9 31 93.277 0.027
9 32 33.653 0.109
9 33 91.865 0.679
9 34 27.118 0.336
9 35 87.16 0.089
9 36 1.096 0.581
9 37 37.839 0.426
9 38 9.993 0.187
9 39 11.148 0.595
9 40 46.561 0.52
9 41 54.764 0.659
9 42 45.37 0.506
9 43 36.704 0.325
9 44 51.961 0.475
9 45 82.948 0.085
9 46 44.524 0.494
9 47 55.207 0.53
9 48 55.368 0.117
9 49 40.306 0.724
10 11 44.607 0.393
10 12 99.683 0.332
10 13 58.241 0.416
10 14 57.316 0.22
10 15 79.08 0.241
10 16 50.065 0.376
10 17 70.671 0.47
10 18 25.545 0.114
10 19 46.675 0.626
10 20 32.974 0.413
10 21 4.467 0.283
10 22 46.202 0.149
10 23 2.411 0.691
10 24 46.558 0.578
10 25 99.073 0.387
10 26 76.803 0.071
10 27 78.876 0.682
10 28 34.274 0.186
10 29 10.645 0.098
10 30 9.638 0.282
10 31 87.12 0.509
10 32 34.343 0.452
10 33 38.097 0.074
10 34 54.704 0.059
10 35 7.916 0.779
10 36 38.36 0.223
10 37 53.772 0.051
10 38 70.29 0.251
10 39 22.301 0.427
10 40 87.509 0.104
10 41 4.619 0.138
10 42 44.167 0.151
10 43 48.283 0.452
10 44 44.954 0.571
10 45 69.185 0.769
10 46 3.446 0.006
10 47 32.549 0.438
10 48 20.563 0.731
10 49 35.53 0.552
11 12 71.946 0.175
11 13 73.733 0.395
11 14 54.131 0.549
11 15 64.911 0.008
11 16 49.763 0.384
11 17 90.893 0.119
11 18 47.459 0.46
11 19 71.281 0.567
11 20 32.443 0.301
11 21 43.61 0.498
11 22 8.199 0.743
11 23 60.757 0.17
11 24 18.096 0.614
11 25 58.385 0.72
11 26 35.969 0.044
11 27 45.125 0.183
11 28 61.691 0.36
11 29 91.226 0.406
11 30 23.877 0.4
11 31 9.335 0.656
11 32 16.081 0.433
11 33 39.373 0.189
11 34 64.361 0.664
11 35 59.001 0.5
11 36 27.85 0.381
11 37 80.738 0.796
11 38 38.462 0.57
11 39 61.696 0.055
11 40 71.223 0.383
11 41 47.169 0.208
11 42 10.749 0.1
11 43 81.987 0.176
11 44 92.754 0.672
11 45 79.077 0.605
11 46 97.998 0.343
11 47 11.139 0.284
11 48 33.023 0.724
11 49 27.078 0.002
12 13 36.97 0.223
12 14 98.233 0.391
12 15 32.358 0.601
12 16 12.159 0.437
12 17 48.308 0.154
12 18 36.761 0.66
12 19 70.357 0.175
12 20 97.0 0.733
12 21 82.182 0.063
12 22 66.803 0.465
12 23 29.53 0.163
12 24 34.932 0.254
12 25 40.936 0.018
12 26 91.291 0.757
12 27 1.768 0.03
12 28 67.248 0.716
12 29 40.491 0.106
12 30 42.683 0.029
12 31 92.858 0.157
12 32 19.486 0.123
12 33 39.047 0.048
12 34 55.258 0.456
12 35 11.131 0.529
12 36 58.919 0.381
12 37 27.836 0.673
12 38 62.292 0.291
12 39 79.204 0.305
12 40 85.366 0.674
12 41 9.044 0.065
12 42 84.689 0.235
12 43 15.082 0.376
12 44 32.587 0.479
12 45 85.857 0.171
12 46 18.791 0.472
12 47 96.78 0.416
12 48 64.559 0.576
12 49 58.385 0.246
13 14 99.177 0.015
13 15 16.006 0.549
13 16 38.863 0.049
13 17 91.572 0.382
13 18 20.758 0.065
13 19 7.324 0.798
13 20 53.045 0.455
13 21 83.474 0.421
13 22 97.673 0.235
13 23 68.202 0.545
13 24 99.861 0.27
13 25 42.848 0.062
13 26 82.396 0.572
13 27 33.682 0.78
13 28 81.482 0.27
13 29 79.435 0.748
13 30 42.399 0.128
13 31 54.97 0.718
13 32 43.411 0.527
13 33 7.374 0.115
13 34 76.25 0.147
13 35 60.33 0.004
13 36 39.804 0.241
13 37 33.003 0.745
13 38 12.39 0.012
13 39 85.432 0.666
13 40 8.108 0.259
13 41 16.991 0.516
13 42 99.497 0.549
13 43 72.995 0.707
13 44 86.474 0.605
13 45 90.806 0.553
13 46 50.111 0.435
13 47 46.936 0.144
13 48 47.513 0.695
13 49 54.412 0.497
14 15 27.294 0.73
14 16 95.445 0.517
14 17 74.883 0.218
14 18 82.773 0.343
14 19 79.98 0.77
14 20 28.736 0.042
14 21 13.142 0.611
14 22 60.228 0.533
14 23 96.955 0.102
14 24 16.3 0.692
14 25 41.177 0.235
14 26 3.966 0.523
14 27 40.376 0.566
14 28 58.061 0.398
14 29 94.508 0.172
14 30 54.469 0.018
14 31 28.963 0.746
14 32 89.314 0.328
14 33 23.305 0.562
14 34 45.338 0.213
14 35 38.342 0.475
14 36 97.453 0.681
14 37 13.754 0.255
14 38 86.404 0.358
14 39 37.031 0.285
14 40 91.62 0.118
14 41 26.705 0.443
14 42 38.032 0.405
14 43 86.7 0.125
14 44 11.087 0.262
14 45 12.369 0.446
14 46 61.652 0.355
14 47 73.843 0.696
14 48 62.393 0.782
14 49 78.441 0.334
15 16 83.497 0.242
15 17 77.451 0.047
15 18 99.579 0.035
15 19 86.431 0.035
15 20 9.425 0.646
15 21 61.553 0.04
15 22 31.656 0.475
15 23 41.45 0.352
15 24 72.767 0.256
15 25 55.124 0.057
15 26 89.286 0.792
15 27 65.793 0.029
15 28 55.162 0.411
15 29 20.274 0.556
15 30 56.972 0.603
15 31 42.785 0.242
15 32 57.009 0.424
15 33 4.311 0.463
15 34 85.894 0.51
15 35 11.035 0.698
15 36 53.78 0.007
15 37 64.975 0.012
15 38 3.542 0.745
15 39 52.204 0.769
15 40 74.007 0.052
15 41 98.045 0.659
15 42 56.83 0.588
15 43 36.063 0.166
15 44 31.016 0.625
15 45 75.663 0.328
15 46 44.511 0.574
15 47 66.249 0.662
15 48 20.448 0.286
15 49 11.751 0.579
16 17 84.334 0.192
16 18 84.85 0.169
16 19 2.843 0.197
16 20 70.836 0.314
16 21 83.242 0.536
16 22 84.338 0.166
16 23 61.399 0.296
16 24 79.137 0.369
16 25 18.004 0.06
16 26 44.1 0.609
16 27 34.315 0.47
16 28 15.456 0.686
16 29 77.684 0.315
16 30 12.433 0.088
16 31 63.883 0.373
16 32 48.264 0.518
16 33 57.147 0.24
16 34 15.583 0.401
16 35 91.618 0.725
16 36 93.444 0.521
16 37 80.726 0.561
16 38 87.185 0.278
16 39 0.361 0.75
16 40 50.237 0.587
16 41 51.188 0.596
16 42 36.881 0.052
16 43 66.615 0.191
16 44 72.833 0.159
16 45 16.511 0.09
16 46 1.907 0.794
16 47 39.528 0.563
16 48 39.157 0.115
16 49 73.292 0.023
17 18 77.895 0.021
17 19 39.626 0.415
17 20 17.479 0.11
17 21 21.55 0.755
17 22 12.524 0.161
17 23 37.061 0.252
17 24 55.758 0.614
17 25 25.793 0.509
17 26 47.576 0.651
17 27 0.253 0.015
17 28 20.37 0.037
17 29 16.637 0.039
17 30 57.744 0.572
17 31 3.058 0.083
17 32 58.84 0.798
17 33 97.827 0.171
17 34 37.72 0.039
17 35 99.779 0.686
17 36 76.277 0.751
17 37 55.004 0.336
17 38 57.808 0.001
17 39 18.37 0.414
17 40 62.456 0.223
17 41 40.728 0.392
17 42 17.888 0.428
17 43 81.012 0.522
17 44 28.163 0.598
17 45 53.166 0.783
17 46 41.5 0.621
17 47 39.53 0.03
17 48 94.57 0.312
17 49 10.65 0.219
18 19 95.646 0.579
18 20 29.023 0.663
18 21 89.105 0.155
18 22 20.363 0.141
18 23 4.852 0.645
18 24 54.396 0.611
18 25 99.104 0.299
18 26 5.539 0.016
18 27 26.977 0.223
18 28 22.591 0.126
18 29 85.675 0.143
18 30 31.568 0.158
18 31 10.667 0.106
18 32 58.805 0.475
18 33 99.511 0.076
18 34 67.089 0.223
18 35 83.499 0.675
18 36 61.968 0.205
18 37 23.022 0.516
18 38 51.323 0.162
18 39 23.954 0.296
18 40 72.566 0.304
18 41 45.471 0.157
18 42 42.925 0.466
18 43 33.78 0.213
18 44 62.812 0.276
18 45 42.375 0.397
18 46 38.059 0.276
18 47 61.591 0.385
18 48 54.099 0.726
18 49 81.547 0.294
19 20 1.87 0.506
19 21 60.05 0.542
19 22 87.209 0.709
19 23 55.272 0.727
19 24 19.838 0.081
19 25 98.163 0.384
19 26 58.961 0.528
19 27 5.632 0.424
19 28 57.421 0.764
19 29 21.582 0.061
19 30 4.099 0.521
19 31 37.57 0.298
19 32 16.88 0.35
19 33 80.879 0.224
19 34 76.658 0.237
19 35 94.104 0.351
19 36 33.522 0.402
19 37 84.753 0.764
19 38 68.218 0.023
19 39 95.943 0.172
19 40 56.582 0.005
19 41 97.881 0.642
19 42 78.05 0.288
19 43 13.884 0.222
19 44 57.151 0.46
19 45 23.909 0.477
19 46 73.502 0.345
19 47 12.154 0.177
19 48 47.344 0.613
19 49 6.765 0.252
20 21 0.652 0.47
20 22 6.464 0.298
20 23 12.564 0.454
20 24 80.463 0.671
20 25 55.297 0.135
20 26 26.026 0.494
20 27 75.03 0.696
20 28 68.642 0.337
20 29 11.857 0.281
20 30 22.52 0.662
20 31 62.208 0.424
20 32 46.638 0.216
20 33 65.174 0.559
20 34 12.524 0.272
20 35 56.636 0.307
20 36 76.215 0.455
20 37 46.008 0.387
20 38 24.939 0.578
20 39 24.952 0.614
20 40 54.218 0.088
20 41 81.62 0.268
20 42 39.346 0.757
20 43 24.819 0.153
20 44 17.742 0.129
20 45 14.303 0.212
20 46 52.526 0.075
20 47 82.163 0.723
20 48 71.623 0.458
20 49 62.211 0.39
21 22 63.189 0.04
21 23 54.357 0.373
21 24 13.021 0.632
21 25 3.998 0.716
21 26 25.0 0.34
21 27 95.483 0.744
21 28 76.03 0.395
21 29 81.39 0.471
21 30 24.373 0.794
21 31 71.85 0.372
21 32 55.541 0.098
21 33 34.918 0.321
21 34 52.843 0.457
21 35 27.077 0.673
21 36 30.052 0.029
21 37 47.924 0.474
21 38 53.397 0.085
21 39 72.385 0.756
21 40 72.607 0.113
21 41 84.929 0.06
21 42 53.623 0.44
21 43 69.357 0.088
21 44 34.759 0.505
21 45 64.692 0.314
21 46 16.246 0.384
21 47 36.795 0.056
21 48 92.771 0.443
21 49 24.519 0.49
22 23 74.695 0.254
22 24 23.643 0.378
22 25 89.893 0.441
22 26 86.382 0.596
22 27 69.181 0.419
22 28 78.942 0.373
22 29 86.921 0.357
22 30 12.821 0.6
22 31 34.072 0.135
22 32 55.46 0.674
22 33 72.336 0.585
22 34 43.594 0.434
22 35 20.035 0.177
22 36 3.081 0.599
22 37 60.464 0.24
22 38 33.722 0.688
22 39 50.825 0.637
22 40 35.68 0.052
22 41 86.125 0.773
22 42 2.829 0.223
22 43 59.321 0.205
22 44 67.751 0.275
22 45 74.28 0.631
22 46 22.866 0.775
22 47 50.129 0.11
22 48 80.188 0.608
22 49 25.644 0.654
23 24 11.98 0.445
23 25 15.598 0.316
23 26 70.862 0.434
23 27 18.133 0.037
23 28 46.596 0.398
23 29 2.913 0.454
23 30 60.77 0.442
23 31 51.881 0.73
23 32 79.058 0.261
23 33 74.525 0.758
23 34 73.785 0.79
23 35 6.739 0.638
23 36 26.097 0.758
23 37 98.33 0.448
23 38 16.068 0.401
23 39 79.871 0.412
23 40 72.861 0.264
23 41 0.989 0.404
23 42 53.295 0.11
23 43 24.875 0.065
23 44 57.606 0.464
23 45 14.319 0.525
23 46 41.386 0.359
23 47 32.411 0.592
23 48 9.151 0.295
23 49 3.84 0.664
24 25 98.963 0.283
24 26 93.085 0.791
24 27 51.286 0.113
24 28 88.329 0.524
24 29 40.691 0.071
24 30 78.904 0.508
24 31 93.158 0.387
24 32 73.758 0.445
24 33 18.739 0.338
24 34 68.032 0.181
24 35 65.594 0.674
24 36 0.965 0.201
24 37 37.823 0.359
24 38 4.577 0.416
24 39 52.481 0.744
24 40 82.955 0.766
24 41 78.315 0.193
24 42 20.37 0.303
24 43 20.075 0.393
24 44 0.503 0.258
24 45 67.642 0.353
24 46 80.367 0.689
24 47 94.446 0.048
24 48 17.949 0.244
24 49 68.85 0.435
25 26 70.444 0.505
25 27 89.586 0.565
25 28 66.897 0.552
25 29 25.656 0.504
25 30 77.861 0.132
25 31 41.479 0.755
25 32 31.507 0.643
25 33 29.495 0.31
25 34 63.05 0.624
25 35 71.281 0.672
25 36 29.555 0.551
25 37 9.447 0.63
25 38 98.449 0.796
25 39 91.458 0.229
25 40 47.651 0.582
25 41 68.233 0.565
25 42 82.58 0.382
25 43 36.215 0.613
25 44 73.436 0.03
25 45 11.283 0.315
25 46 70.485 0.48
25 47 60.566 0.256
25 48 76.637 0.038
25 49 44.092 0.528
26 27 84.877 0.286
26 28 67.419 0.601
26 29 39.085 0.446
26 30 27.108 0.787
26 31 12.563 0.358
26 32 20.157 0.394
26 33 7.406 0.101
26 34 77.834 0.569
26 35 5.042 0.267
26 36 15.875 0.066
26 37 20.316 0.509
26 38 12.14 0.31
26 39 59.626 0.262
26 40 69.464 0.357
26 41 4.982 0.383
26 42 92.134 0.288
26 43 71.668 0.146
26 44 17.688 0.476
26 45 88.361 0.244
26 46 12.1 0.109
26 47 19.587 0.015
26 48 95.392 0.502
26 49 85.022 0.108
27 28 48.625 0.019
27 29 73.743 0.066
27 30 10.333 0.646
27 31 46.524 0.255
27 32 26.701 0.528
27 33 0.926 0.792
27 34 60.31 0.163
27 35 51.678 0.264
27 36 34.816 0.555
27 37 69.265 0.602
27 38 37.302 0.474
27 39 5.458 0.699
27 40 2.994 0.351
27 41 82.073 0.123
27 42 99.479 0.599
27 43 73.32 0.425
27 44 31.161 0.649
27 45 0.95 0.628
27 46 76.69 0.278
27 47 35.877 0.023
27 48 65.71 0.188
27 49 58.097 0.672
28 29 14.484 0.485
28 30 46.379 0.443
28 31 73.858 0.369
28 32 30.678 0.34
28 33 19.708 0.482
28 34 98.7 0.372
28 35 3.66 0.145
28 36 76.232 0.567
28 37 34.403 0.385
28 38 43.627 0.151
28 39 5.437 0.355
28 40 33.695 0.049
28 41 33.966 0.136
28 42 93.123 0.294
28 43 82.232 0.121
28 44 47.502 0.767
28 45 76.659 0.642
28 46 70.96 0.166
28 47 63.836 0.273
28 48 50.313 0.107
28 49 19.002 0.654
29 30 31.838 0.526
29 31 37.917 0.317
29 32 59.124 0.159
29 33 5.278 0.39
29 34 34.938 0.713
29 35 70.337 0.589
29 36 85.044 0.765
29 37 30.116 0.444
29 38 85.886 0.177
29 39 54.487 0.632
29 40 95.904 0.15
29 41 6.472 0.53
29 42 7.621 0.32
29 43 65.794 0.042
29 44 72.303 0.482
29 45 84.982 0.136
29 46 7.525 0.564
29 47 65.39 0.397
29 48 81.621 0.332
29 49 68.2 0.319
30 31 6.352 0.698
30 32 36.428 0.644
30 33 55.368 0.388
30 34 42.451 0.351
30 35 10.734 0.466
30 36 36.04 0.091
30 37 36.666 0.345
30 38 57.313 0.241
30 39 30.496 0.019
30 40 8.248 0.343
30 41 58.899 0.281
30 42 98.675 0.535
30 43 43.06 0.116
30 44 10.748 0.299
30 45 79.204 0.304
30 46 70.067 0.242
30 47 63.076 0.722
30 48 18.948 0.027
30 49 49.674 0.601
31 32 95.789 0.098
31 33 47.102 0.366
31 34 88.75 0.548
31 35 56.509 0.671
31 36 4.452 0.356
31 37 32.188 0.243
31 38 86.82 0.254
31 39 79.784 0.591
31 40 47.882 0.018
31 41 68.288 0.432
31 42 24.213 0.611
31 43 7.817 0.49
31 44 6.219 0.651
31 45 39.183 0.026
31 46 6.55 0.279
31 47 26.273 0.515
31 48 1.557 0.74
31 49 20.263 0.288
32 33 5.042 0.652
32 34 81.14 0.547
32 35 95.165 0.657
32 36 88.364 0.652
32 37 77.656 0.159
32 38 49.343 0.333
32 39 1.022 0.732
32 40 28.736 0.232
32 41 90.718 0.228
32 42 37.299 0.484
32 43 11.831 0.229
32 44 6.126 0.29
32 45 91.182 0.099
32 46 5.826 0.725
32 47 5.41 0.28
32 48 27.664 0.233
32 49 87.795 0.757
33 34 28.667 0.49
33 35 64.704 0.558
33 36 76.182 0.33
33 37 53.571 0.41
33 38 12.329 0.121
33 39 47.18 0.102
33 40 45.32 0.378
33 41 42.796 0.008
33 42 44.372 0.549
33 43 29.125 0.531
33 44 91.221 0.561
33 45 66.812 0.46
33 46 49.291 0.504
33 47 1.193 0.316
33 48 24.269 0.624
33 49 96.844 0.788
34 35 62.836 0.584
34 36 79.91 0.005
34 37 1.986 0.648
34 38 49.906 0.249
34 39 25.97 0.754
34 40 15.886 0.572
34 41 47.435 0.061
34 42 47.538 0.371
34 43 88.066 0.28
34 44 52.163 0.703
34 45 99.777 0.531
34 46 41.129 0.546
34 47 82.811 0.688
34 48 63.176 0.417
34 49 54.534 0.433
35 36 93.058 0.8
35 37 94.115 0.179
35 38 69.328 0.115
35 39 19.443 0.773
35 40 4.012 0.606
35 41 94.523 0.491
35 42 11.397 0.288
35 43 36.928 0.286
35 44 58.488 0.046
35 45 87.364 0.345
35 46 68.152 0.767
35 47 7.913 0.337
35 48 55.861 0.774
35 49 52.007 0.595
36 37 81.589 0.18
36 38 97.769 0.331
36 39 53.946 0.292
36 40 93.462 0.123
36 41 97.818 0.568
36 42 83.818 0.457
36 43 52.453 0.281
36 44 45.217 0.755
36 45 4.552 0.177
36 46 1.397 0.272
36 47 13.822 0.245
36 48 57.226 0.387
36 49 34.439 0.739
37 38 67.752 0.523
37 39 5.285 0.309
37 40 57.489 0.061
37 41 3.003 0.063
37 42 34.121 0.623
37 43 29.989 0.26
37 44 69.017 0.506
37 45 26.652 0.687
37 46 88.385 0.261
37 47 8.407 0.285
37 48 74.556 0.481
37 49 51.383 0.534
38 39 15.195 0.309
38 40 16.122 0.345
38 41 46.846 0.672
38 42 82.155 0.456
38 43 99.187 0.431
38 44 97.493 0.643
38 45 99.806 0.641
38 46 70.503 0.765
38 47 61.985 0.615
38 48 65.751 0.261
38 49 88.998 0.307
39 40 12.879 0.679
39 41 94.004 0.396
39 42 20.313 0.135
39 43 96.627 0.442
39 44 82.279 0.002
39 45 37.4 0.048
39 46 63.811 0.117
39 47 72.029 0.76
39 48 64.017 0.333
39 49 44.849 0.556
40 41 40.222 0.371
40 42 30.095 0.385
40 43 8.75 0.716
40 44 49.05 0.604
40 45 24.905 0.036
40 46 69.869 0.172
40 47 87.875 0.731
40 48 36.317 0.375
40 49 49.329 0.107
41 42 58.871 0.631
41 43 86.666 0.678
41 44 96.246 0.512
41 45 19.699 0.638
41 46 96.076 0.773
41 47 81.326 0.656
41 48 38.017 0.762
41 49 7.505 0.754
42 43 43.372 0.73
42 44 85.255 0.435
42 45 38.738 0.462
42 46 50.937 0.212
42 47 12.1 0.369
42 48 93.181 0.006
42 49 83.288 0.022
43 44 90.951 0.028
43 45 2.178 0.583
43 46 12.665 0.764
43 47 67.037 0.097
43 48 40.738 0.569
43 49 59.858 0.147
44 45 30.481 0.69
44 46 18.176 0.773
44 47 16.343 0.54
44 48 40.38 0.529
44 49 62.574 0.194
45 46 54.692 0.345
45 47 24.517 0.005
45 48 42.3 0.01
45 49 2.41 0.79
46 47 25.567 0.778
46 48 36.078 0.633
46 49 96.896 0.773
47 48 3.249 0.684
47 49 28.128 0.147
48 49 11.748 0.194