50
95
0 1 6.31 2.58
0 2 3.96 3.72
0 3 6.26 3.26
0 4 3.86 2.84
0 5 16.37 0.44
0 6 5.15 2.97
0 7 11.26 0.25
0 8 4.56 3.02
0 9 6.84 3.23
0 10 5.78 2.36
0 11 5.86 2.57
0 12 3.01 3.52
0 13 4.98 3.64
0 14 5.06 2.62
0 15 3.84 3.12
0 16 5.47 2.90
0 17 3.25 3.26
0 18 4.25 3.32
0 19 5.35 3.17
0 20 3.58 2.58
0 21 6.35 2.21
0 22 4.98 2.79
0 23 4.42 2.15
0 24 15.53 0.29
0 25 3.71 3.58
0 26 6.48 4.14
0 27 3.65 2.01
0 28 3.29 3.17
0 29 3.64 2.88
0 30 4.52 2.07
0 31 3.80 3.21
0 32 4.37 3.83
0 33 6.55 3.63
0 34 4.32 3.10
0 35 5.28 2.68
0 36 3.38 2.94
0 37 3.77 3.82
0 38 3.41 2.42
0 39 5.77 3.33
0 40 3.63 2.57
0 41 3.22 4.77
0 42 3.88 2.41
0 43 4.96 3.10
0 44 4.42 2.46
0 45 5.55 2.95
0 46 4.18 3.85
0 47 6.46 3.43
0 48 4.05 2.46
0 49 6.39 2.61
1 2 27.34 0.15
1 3 4.21 3.54
1 4 12.99 0.37
1 5 4.41 3.49
1 6 25.47 0.32
1 7 4.57 2.68
1 8 6.16 3.86
1 9 3.50 3.51
1 10 3.08 1.87
1 11 5.51 3.83
1 12 5.85 2.60
1 13 6.34 3.38
1 14 6.50 3.71
1 15 17.60 0.26
1 16 3.72 3.31
1 17 4.28 3.07
1 18 3.50 2.78
1 19 5.26 3.15
1 20 3.72 3.59
1 21 3.53 3.58
1 22 6.22 2.91
1 23 6.34 2.77
1 24 4.05 2.97
1 25 5.12 2.21
1 26 4.25 2.74
1 27 6.45 3.91
1 28 6.85 2.61
1 29 3.92 3.03
1 30 6.10 3.67
1 31 4.35 2.65
1 32 5.99 3.74
1 33 5.90 4.29
1 34 4.15 1.55
1 35 6.73 2.93
1 36 6.94 2.29
1 37 3.78 3.14
1 38 3.13 1.67
1 39 6.24 3.09
1 40 3.78 2.84
1 41 3.65 3.09
1 42 6.86 2.97
1 43 6.43 3.29
1 44 3.99 3.22
1 45 3.39 2.58
1 46 6.80 2.64
1 47 5.78 3.23
1 48 5.58 3.72
1 49 3.19 2.95
2 3 3.02 2.79
2 4 29.38 0.15
2 5 3.76 2.87
2 6 24.56 0.06
2 7 6.55 2.50
2 8 4.62 3.27
2 9 4.47 3.66
2 10 5.32 3.59
2 11 6.78 2.95
2 12 4.50 2.47
2 13 4.14 3.60
2 14 6.31 3.27
2 15 25.48 0.07
2 16 6.11 3.22
2 17 6.30 2.26
2 18 5.26 2.60
2 19 4.79 1.66
2 20 6.88 2.95
2 21 5.30 3.94
2 22 6.45 2.93
2 23 4.89 3.45
2 24 3.90 3.07
2 25 5.83 2.55
2 26 5.02 2.92
2 27 3.52 1.99
2 28 5.59 3.05
2 29 4.16 3.77
2 30 4.14 3.72
2 31 4.99 3.45
2 32 6.01 2.73
2 33 4.85 2.94
2 34 4.39 3.14
2 35 6.87 2.97
2 36 6.15 3.19
2 37 3.30 2.39
2 38 6.18 4.07
2 39 3.73 2.27
2 40 5.31 2.37
2 41 6.75 1.89
2 42 6.34 1.93
2 43 5.42 2.17
2 44 5.69 3.28
2 45 3.71 3.01
2 46 3.96 3.36
2 47 5.54 3.21
2 48 5.85 3.31
2 49 6.55 2.75
3 4 6.03 1.86
3 5 5.85 3.23
3 6 3.40 2.89
3 7 5.83 2.92
3 8 3.72 4.30
3 9 3.26 3.26
3 10 6.73 3.11
3 11 3.42 3.88
3 12 5.33 2.06
3 13 6.81 2.42
3 14 6.13 3.04
3 15 3.54 4.03
3 16 5.89 2.82
3 17 3.80 3.37
3 18 4.62 4.12
3 19 4.65 3.76
3 20 16.27 0.09
3 21 22.12 0.48
3 22 5.44 2.20
3 23 4.21 3.46
3 24 3.24 3.88
3 25 5.37 2.83
3 26 4.15 2.52
3 27 3.60 3.24
3 28 3.93 3.56
3 29 4.04 3.04
3 30 5.73 2.90
3 31 4.40 3.91
3 32 4.77 3.50
3 33 5.38 2.38
3 34 5.03 3.77
3 35 6.90 2.99
3 36 4.25 2.29
3 37 6.63 2.56
3 38 4.12 3.45
3 39 6.53 3.32
3 40 6.47 2.61
3 41 4.03 2.82
3 42 6.70 3.17
3 43 3.07 2.90
3 44 4.53 3.40
3 45 6.33 2.67
3 46 5.99 3.18
3 47 4.13 2.67
3 48 4.96 2.28
3 49 5.45 4.13
4 5 5.18 2.39
4 6 20.27 0.33
4 7 5.87 3.18
4 8 6.91 4.34
4 9 4.34 2.85
4 10 5.72 2.86
4 11 6.21 2.68
4 12 6.09 2.65
4 13 4.48 3.94
4 14 6.66 3.15
4 15 10.82 0.41
4 16 3.01 2.27
4 17 6.06 3.42
4 18 3.61 3.46
4 19 6.10 3.38
4 20 6.86 3.37
4 21 3.47 2.82
4 22 4.94 3.50
4 23 3.35 2.78
4 24 5.17 2.17
4 25 5.13 3.35
4 26 3.97 3.05
4 27 5.02 3.83
4 28 4.87 1.82
4 29 6.98 2.55
4 30 6.41 2.72
4 31 3.11 3.39
4 32 3.08 2.44
4 33 5.82 2.29
4 34 4.08 3.60
4 35 5.30 1.76
4 36 4.60 2.33
4 37 3.34 3.25
4 38 5.68 2.81
4 39 4.15 1.67
4 40 4.91 2.89
4 41 5.65 3.27
4 42 5.51 3.16
4 43 5.30 2.11
4 44 3.41 3.16
4 45 3.08 2.69
4 46 3.66 4.11
4 47 6.78 3.05
4 48 6.97 2.67
4 49 4.85 2.48
5 6 5.16 1.68
5 7 18.42 0.36
5 8 6.05 2.85
5 9 4.07 2.77
5 10 6.96 2.45
5 11 4.42 2.57
5 12 3.55 3.65
5 13 3.23 2.80
5 14 4.08 3.53
5 15 3.37 3.06
5 16 3.20 3.69
5 17 6.92 4.28
5 18 5.51 2.73
5 19 5.85 1.93
5 20 5.83 3.64
5 21 3.22 3.88
5 22 4.61 3.49
5 23 3.51 2.26
5 24 23.07 0.41
5 25 3.34 3.43
5 26 6.85 3.79
5 27 6.50 3.26
5 28 6.30 2.29
5 29 5.51 3.19
5 30 3.14 1.06
5 31 3.37 4.46
5 32 6.67 2.48
5 33 6.85 2.17
5 34 6.61 2.49
5 35 4.11 3.03
5 36 4.25 2.82
5 37 5.83 2.24
5 38 3.37 2.92
5 39 5.28 2.13
5 40 6.55 3.63
5 41 6.17 3.10
5 42 5.74 3.36
5 43 4.45 2.89
5 44 6.89 2.47
5 45 5.31 2.94
5 46 6.79 2.36
5 47 6.42 2.30
5 48 4.82 2.58
5 49 5.05 1.26
6 7 5.40 3.92
6 8 4.94 3.36
6 9 3.81 3.60
6 10 5.95 2.87
6 11 3.17 2.86
6 12 3.90 2.27
6 13 3.85 2.99
6 14 5.82 3.96
6 15 21.77 0.33
6 16 4.11 3.14
6 17 4.58 3.16
6 18 5.26 2.08
6 19 4.27 1.33
6 20 4.72 2.77
6 21 4.31 3.81
6 22 5.44 3.75
6 23 6.18 3.35
6 24 3.43 3.39
6 25 3.20 3.00
6 26 5.57 3.87
6 27 5.90 2.40
6 28 5.81 3.21
6 29 4.58 2.81
6 30 4.43 1.34
6 31 4.59 2.85
6 32 5.78 2.34
6 33 3.07 2.64
6 34 4.04 3.05
6 35 6.39 2.44
6 36 6.80 2.05
6 37 3.13 2.44
6 38 4.80 2.61
6 39 6.88 3.72
6 40 3.78 3.68
6 41 5.22 3.02
6 42 3.30 3.33
6 43 3.47 3.38
6 44 5.26 3.04
6 45 6.56 2.98
6 46 3.01 3.94
6 47 6.57 2.60
6 48 3.98 2.64
6 49 6.51 2.63
7 8 3.26 3.85
7 9 3.59 3.53
7 10 6.78 3.60
7 11 4.59 3.58
7 12 6.91 2.08
7 13 5.34 2.63
7 14 6.69 3.51
7 15 3.63 2.91
7 16 4.05 3.35
7 17 3.57 2.75
7 18 3.75 4.14
7 19 5.54 3.44
7 20 3.85 2.75
7 21 4.47 2.15
7 22 4.20 2.68
7 23 5.79 3.69
7 24 26.63 0.43
7 25 4.04 1.48
7 26 5.80 2.33
7 27 4.75 2.70
7 28 3.38 4.03
7 29 3.04 3.84
7 30 3.11 3.11
7 31 4.82 2.61
7 32 3.38 3.13
7 33 3.75 2.74
7 34 4.79 4.02
7 35 3.16 2.59
7 36 4.26 3.48
7 37 3.04 2.58
7 38 3.99 2.34
7 39 4.08 3.32
7 40 3.17 2.24
7 41 6.80 2.49
7 42 6.40 2.97
7 43 5.75 2.69
7 44 5.65 1.92
7 45 6.10 2.69
7 46 5.40 4.46
7 47 3.16 1.73
7 48 3.54 3.88
7 49 3.37 3.42
8 9 4.42 2.96
8 10 5.43 1.27
8 11 4.23 2.59
8 12 12.92 0.04
8 13 4.09 2.74
8 14 5.70 2.38
8 15 3.23 2.48
8 16 4.40 2.56
8 17 5.71 4.19
8 18 4.78 3.46
8 19 5.77 3.36
8 20 4.30 2.27
8 21 5.80 2.70
8 22 6.62 3.17
8 23 5.80 1.76
8 24 5.07 3.85
8 25 4.79 2.92
8 26 4.27 3.52
8 27 3.28 3.51
8 28 5.75 3.12
8 29 6.31 2.83
8 30 4.45 3.35
8 31 5.52 3.65
8 32 4.40 2.95
8 33 3.36 2.52
8 34 6.29 3.52
8 35 5.28 2.29
8 36 5.51 2.60
8 37 5.21 2.47
8 38 4.63 2.96
8 39 4.78 2.41
8 40 4.00 4.04
8 41 4.28 1.99
8 42 5.98 2.61
8 43 6.29 2.98
8 44 6.40 1.45
8 45 5.13 2.11
8 46 4.47 3.89
8 47 3.55 3.47
8 48 5.06 2.54
8 49 6.29 2.28
9 10 3.52 3.68
9 11 3.35 3.88
9 12 5.69 1.77
9 13 6.04 3.14
9 14 3.68 2.86
9 15 3.92 3.88
9 16 6.43 3.02
9 17 5.21 4.19
9 18 3.82 4.71
9 19 21.09 0.22
9 20 5.43 3.10
9 21 6.39 3.78
9 22 3.36 2.95
9 23 5.99 3.70
9 24 3.35 2.14
9 25 5.14 3.19
9 26 6.10 1.33
9 27 4.90 2.57
9 28 4.49 2.35
9 29 6.94 3.68
9 30 6.18 3.59
9 31 5.82 3.41
9 32 3.88 2.52
9 33 3.86 2.08
9 34 4.78 4.51
9 35 3.65 2.88
9 36 5.57 3.21
9 37 3.34 2.65
9 38 5.79 2.68
9 39 4.58 2.27
9 40 6.47 2.85
9 41 6.51 3.64
9 42 5.70 3.42
9 43 6.61 2.50
9 44 6.69 3.36
9 45 5.77 3.15
9 46 6.12 4.30
9 47 6.27 3.78
9 48 4.74 2.51
9 49 5.60 3.52
10 11 5.20 2.66
10 12 6.73 3.29
10 13 6.53 3.19
10 14 5.77 3.72
10 15 4.55 3.14
10 16 17.56 0.29
10 17 24.77 0.27
10 18 3.58 1.64
10 19 6.24 2.97
10 20 6.62 3.01
10 21 4.67 3.20
10 22 3.01 3.62
10 23 6.20 3.63
10 24 3.86 3.52
10 25 6.59 3.50
10 26 4.15 2.17
10 27 6.31 3.47
10 28 4.11 3.82
10 29 3.03 2.03
10 30 6.57 3.23
10 31 5.95 3.35
10 32 5.17 3.84
10 33 5.43 2.75
10 34 5.05 3.01
10 35 3.20 3.38
10 36 3.44 4.17
10 37 3.42 3.30
10 38 6.40 3.32
10 39 4.39 2.74
10 40 5.63 2.45
10 41 4.91 3.38
10 42 4.56 2.35
10 43 3.38 3.79
10 44 5.17 3.17
10 45 4.90 4.14
10 46 6.34 1.89
10 47 5.31 3.53
10 48 5.73 2.65
10 49 6.94 2.56
11 12 4.81 2.98
11 13 17.80 0.46
11 14 25.31 0.26
11 15 5.37 2.97
11 16 4.25 3.30
11 17 4.92 3.72
11 18 19.52 0.23
11 19 3.22 3.42
11 20 3.04 3.51
11 21 3.27 3.59
11 22 3.14 4.29
11 23 24.65 0.09
11 24 5.90 3.74
11 25 3.23 2.58
11 26 6.40 3.66
11 27 5.04 3.04
11 28 5.22 2.37
11 29 4.89 2.69
11 30 3.35 2.66
11 31 3.56 2.56
11 32 5.53 3.56
11 33 5.82 2.56
11 34 3.03 2.19
11 35 3.48 2.42
11 36 3.66 3.33
11 37 4.84 3.00
11 38 6.04 1.91
11 39 4.16 1.89
11 40 6.21 4.23
11 41 5.52 2.52
11 42 4.12 3.36
11 43 3.10 3.74
11 44 5.73 2.99
11 45 3.98 2.64
11 46 6.66 2.17
11 47 4.55 2.62
11 48 4.79 2.41
11 49 4.17 3.09
12 13 5.18 3.95
12 14 4.38 2.38
12 15 5.48 2.77
12 16 4.79 3.31
12 17 5.62 3.63
12 18 6.68 2.81
12 19 5.90 3.21
12 20 3.67 3.48
12 21 3.52 2.28
12 22 5.13 4.99
12 23 6.68 3.76
12 24 5.58 3.22
12 25 6.73 3.43
12 26 6.61 3.54
12 27 3.55 2.81
12 28 6.19 2.92
12 29 3.16 3.35
12 30 6.56 2.39
12 31 5.75 3.94
12 32 3.77 2.24
12 33 4.95 4.14
12 34 5.08 3.31
12 35 6.31 2.20
12 36 6.96 3.51
12 37 5.97 3.19
12 38 5.41 2.72
12 39 6.65 2.19
12 40 3.87 3.35
12 41 6.75 1.89
12 42 5.82 3.17
12 43 5.17 3.14
12 44 4.54 2.52
12 45 5.70 2.42
12 46 4.40 2.55
12 47 4.78 2.48
12 48 3.40 2.57
12 49 6.22 3.82
13 14 24.18 0.35
13 15 5.07 4.04
13 16 4.45 2.99
13 17 6.64 2.23
13 18 16.48 0.36
13 19 3.47 3.27
13 20 3.57 2.35
13 21 4.48 3.05
13 22 4.94 3.57
13 23 21.45 0.38
13 24 3.54 2.43
13 25 6.92 2.07
13 26 6.59 3.33
13 27 3.45 3.20
13 28 3.20 3.27
13 29 3.41 1.85
13 30 3.72 3.85
13 31 6.06 2.84
13 32 5.95 4.03
13 33 4.41 3.37
13 34 7.00 2.43
13 35 5.53 3.21
13 36 6.24 1.82
13 37 3.66 3.19
13 38 3.11 3.58
13 39 5.33 2.86
13 40 4.97 2.45
13 41 6.77 2.87
13 42 3.90 3.05
13 43 5.18 3.30
13 44 6.33 3.60
13 45 3.82 3.07
13 46 3.46 3.03
13 47 6.85 2.67
13 48 6.79 4.31
13 49 4.47 3.46
14 15 6.82 2.36
14 16 5.41 2.36
14 17 6.48 2.17
14 18 24.43 0.26
14 19 6.38 2.85
14 20 3.29 3.85
14 21 5.39 3.36
14 22 4.48 2.50
14 23 14.83 0.34
14 24 5.25 2.36
14 25 4.77 2.88
14 26 3.77 2.78
14 27 6.70 3.44
14 28 3.24 2.98
14 29 3.63 4.01
14 30 3.35 3.11
14 31 4.27 3.95
14 32 3.23 2.91
14 33 4.02 2.35
14 34 3.53 3.57
14 35 3.47 4.13
14 36 3.66 2.76
14 37 4.04 2.22
14 38 5.56 4.37
14 39 3.52 3.58
14 40 4.11 1.99
14 41 4.41 2.18
14 42 5.50 3.64
14 43 5.40 3.46
14 44 6.94 3.03
14 45 4.98 2.49
14 46 5.00 2.68
14 47 3.98 2.68
14 48 5.56 2.74
14 49 5.22 1.75
15 16 5.25 4.04
15 17 5.51 2.45
15 18 3.05 2.52
15 19 5.83 2.94
15 20 3.95 3.24
15 21 6.52 3.44
15 22 4.15 3.60
15 23 3.52 3.22
15 24 4.95 3.44
15 25 4.99 2.81
15 26 3.46 3.75
15 27 3.20 3.72
15 28 5.55 4.07
15 29 4.65 3.64
15 30 5.99 3.45
15 31 3.46 1.38
15 32 3.06 2.22
15 33 3.29 2.88
15 34 5.15 2.18
15 35 6.51 3.67
15 36 5.65 2.63
15 37 6.99 3.01
15 38 4.75 2.40
15 39 5.27 2.58
15 40 3.92 2.11
15 41 5.61 2.54
15 42 3.81 3.70
15 43 6.91 2.97
15 44 6.01 2.30
15 45 6.65 3.42
15 46 3.46 3.39
15 47 5.59 2.90
15 48 6.98 2.97
15 49 5.58 2.27
16 17 12.60 0.26
16 18 6.73 2.84
16 19 5.13 2.58
16 20 4.12 3.43
16 21 3.05 3.24
16 22 6.93 3.64
16 23 4.23 3.68
16 24 5.34 1.74
16 25 3.15 3.59
16 26 5.00 2.34
16 27 7.00 3.98
16 28 3.15 2.81
16 29 6.40 3.12
16 30 5.46 2.28
16 31 6.06 3.31
16 32 4.52 4.04
16 33 6.08 1.54
16 34 3.74 4.09
16 35 5.39 2.72
16 36 4.99 2.93
16 37 6.52 3.38
16 38 3.00 2.82
16 39 3.36 2.32
16 40 3.10 3.58
16 41 5.89 3.02
16 42 3.53 2.43
16 43 7.00 4.08
16 44 6.27 3.23
16 45 6.08 3.57
16 46 4.46 2.89
16 47 4.47 2.83
16 48 5.75 2.03
16 49 3.14 3.73
17 18 5.53 3.27
17 19 4.67 3.37
17 20 5.55 3.42
17 21 4.94 2.66
17 22 4.83 2.69
17 23 3.72 3.39
17 24 3.44 4.76
17 25 6.06 2.83
17 26 3.40 2.83
17 27 3.80 2.60
17 28 4.62 1.86
17 29 5.15 2.93
17 30 5.72 2.95
17 31 3.96 3.57
17 32 4.31 3.39
17 33 3.45 2.55
17 34 4.13 3.81
17 35 6.55 3.51
17 36 5.62 3.02
17 37 4.78 2.39
17 38 6.40 3.86
17 39 5.58 3.05
17 40 3.03 3.11
17 41 4.63 4.50
17 42 3.55 3.86
17 43 4.76 4.06
17 44 3.17 2.14
17 45 5.38 3.93
17 46 5.82 2.96
17 47 4.18 1.66
17 48 3.33 3.67
17 49 6.67 3.02
18 19 5.46 4.69
18 20 3.46 2.51
18 21 4.23 2.80
18 22 6.67 3.83
18 23 17.71 0.25
18 24 3.61 2.41
18 25 4.28 2.06
18 26 6.85 3.44
18 27 6.59 2.63
18 28 6.23 1.45
18 29 4.60 1.72
18 30 5.58 2.37
18 31 3.59 3.35
18 32 5.13 2.48
18 33 5.88 3.17
18 34 3.00 2.42
18 35 5.46 3.38
18 36 6.05 2.75
18 37 6.72 3.81
18 38 6.98 3.51
18 39 6.84 2.71
18 40 6.96 3.75
18 41 6.93 3.02
18 42 6.85 3.50
18 43 6.67 3.73
18 44 3.26 2.29
18 45 4.67 3.43
18 46 6.31 2.58
18 47 5.12 1.64
18 48 6.41 3.18
18 49 3.79 2.22
19 20 3.86 3.23
19 21 3.10 2.96
19 22 6.03 2.50
19 23 5.59 2.67
19 24 6.53 3.36
19 25 4.96 2.89
19 26 5.77 2.47
19 27 4.32 3.46
19 28 3.51 2.43
19 29 5.40 2.80
19 30 5.15 3.79
19 31 4.47 3.35
19 32 4.22 2.34
19 33 6.11 1.84
19 34 5.79 3.09
19 35 5.69 3.60
19 36 6.51 3.51
19 37 6.36 2.79
19 38 3.17 2.80
19 39 5.67 4.37
19 40 5.19 2.76
19 41 4.24 2.06
19 42 5.79 3.08
19 43 4.68 3.94
19 44 6.69 2.97
19 45 5.32 2.13
19 46 6.27 3.40
19 47 3.45 2.32
19 48 3.61 2.42
19 49 3.89 2.97
20 21 16.57 0.39
20 22 5.34 2.91
20 23 6.04 2.27
20 24 3.39 3.30
20 25 3.98 3.56
20 26 5.97 4.20
20 27 5.06 3.32
20 28 3.00 2.24
20 29 3.07 3.38
20 30 4.60 2.84
20 31 3.29 2.55
20 32 3.40 1.97
20 33 5.72 2.76
20 34 6.98 3.00
20 35 4.32 2.38
20 36 5.78 3.34
20 37 4.25 2.34
20 38 6.78 2.85
20 39 4.85 3.57
20 40 4.83 2.67
20 41 4.41 2.99
20 42 5.03 3.18
20 43 4.87 2.44
20 44 4.67 2.27
20 45 3.12 2.69
20 46 5.71 3.46
20 47 3.88 3.46
20 48 6.32 3.00
20 49 4.80 2.67
21 22 6.21 3.08
21 23 5.35 2.55
21 24 6.11 3.66
21 25 3.46 2.23
21 26 6.69 2.79
21 27 6.70 2.07
21 28 5.85 2.96
21 29 4.77 3.84
21 30 3.34 3.10
21 31 3.41 3.74
21 32 6.57 3.13
21 33 5.12 3.31
21 34 3.69 2.73
21 35 6.83 3.08
21 36 4.29 4.00
21 37 4.13 2.60
21 38 6.09 4.25
21 39 6.96 3.48
21 40 5.94 2.66
21 41 3.51 2.46
21 42 4.12 3.01
21 43 3.48 2.63
21 44 4.74 1.20
21 45 3.21 2.99
21 46 5.68 2.05
21 47 4.71 2.60
21 48 3.60 2.64
21 49 4.00 3.32
22 23 4.98 2.55
22 24 5.68 2.31
22 25 5.48 3.52
22 26 6.73 3.38
22 27 3.37 3.37
22 28 3.93 3.41
22 29 6.45 2.75
22 30 6.14 2.84
22 31 3.71 3.07
22 32 6.01 2.94
22 33 10.03 0.27
22 34 3.54 1.92
22 35 22.28 0.30
22 36 17.95 0.45
22 37 29.39 0.44
22 38 5.00 4.01
22 39 4.57 3.73
22 40 5.57 4.31
22 41 6.46 2.71
22 42 6.79 1.45
22 43 5.20 2.22
22 44 6.02 3.03
22 45 6.14 2.70
22 46 3.05 3.50
22 47 6.81 3.03
22 48 5.87 3.60
22 49 6.01 2.39
23 24 4.45 2.58
23 25 4.56 3.33
23 26 3.80 2.64
23 27 4.80 3.04
23 28 6.46 3.50
23 29 3.93 3.14
23 30 3.71 3.06
23 31 5.31 3.67
23 32 5.30 3.60
23 33 3.82 2.14
23 34 6.61 1.65
23 35 3.68 2.65
23 36 4.77 2.15
23 37 4.53 2.20
23 38 4.81 2.71
23 39 6.80 3.94
23 40 4.36 2.54
23 41 5.02 1.94
23 42 5.82 4.20
23 43 3.75 3.58
23 44 3.89 3.25
23 45 6.31 3.01
23 46 6.56 3.15
23 47 3.64 1.82
23 48 3.22 2.32
23 49 4.92 2.95
24 25 6.47 3.99
24 26 4.95 4.58
24 27 3.95 2.61
24 28 5.04 3.44
24 29 3.09 3.12
24 30 3.35 1.83
24 31 6.32 3.66
24 32 3.42 3.39
24 33 5.91 2.55
24 34 4.52 3.81
24 35 6.17 2.41
24 36 5.39 3.78
24 37 6.66 2.50
24 38 4.27 3.59
24 39 4.15 2.60
24 40 3.27 3.65
24 41 6.20 3.97
24 42 3.06 4.50
24 43 5.51 1.82
24 44 3.16 2.44
24 45 5.15 2.47
24 46 3.06 2.23
24 47 4.03 2.73
24 48 3.64 2.42
24 49 4.81 2.95
25 26 4.64 3.07
25 27 3.12 3.01
25 28 6.98 2.47
25 29 23.12 0.48
25 30 4.57 3.26
25 31 29.18 0.42
25 32 4.09 2.49
25 33 4.96 2.55
25 34 5.84 2.54
25 35 3.61 2.72
25 36 5.22 2.32
25 37 4.10 2.14
25 38 3.13 2.24
25 39 15.16 0.03
25 40 6.67 3.43
25 41 4.03 3.34
25 42 27.57 0.13
25 43 24.53 0.25
25 44 24.86 0.33
25 45 14.98 0.20
25 46 4.25 1.08
25 47 6.33 2.28
25 48 5.03 2.58
25 49 28.26 0.33
26 27 5.00 3.13
26 28 5.23 3.03
26 29 6.80 2.14
26 30 4.41 2.39
26 31 3.65 2.58
26 32 15.16 0.25
26 33 4.34 2.81
26 34 5.70 3.64
26 35 6.41 1.74
26 36 4.02 2.52
26 37 3.22 2.54
26 38 18.59 0.34
26 39 5.32 2.98
26 40 4.83 3.70
26 41 4.80 3.13
26 42 4.50 2.37
26 43 3.66 2.24
26 44 4.58 3.50
26 45 6.34 3.97
26 46 15.07 0.22
26 47 29.46 0.02
26 48 12.12 0.38
26 49 6.87 2.39
27 28 26.40 0.35
27 29 5.79 2.16
27 30 22.29 0.19
27 31 5.79 3.27
27 32 6.83 3.73
27 33 3.13 3.18
27 34 11.76 0.44
27 35 6.92 2.28
27 36 6.28 2.31
27 37 6.39 2.70
27 38 4.67 2.86
27 39 3.42 3.94
27 40 28.52 0.03
27 41 13.62 0.06
27 42 3.96 2.65
27 43 3.29 4.47
27 44 6.61 2.74
27 45 4.83 2.59
27 46 4.11 3.53
27 47 5.46 2.19
27 48 4.97 3.91
27 49 3.74 2.55
28 29 6.04 2.24
28 30 12.04 0.20
28 31 3.06 2.19
28 32 6.13 1.67
28 33 5.28 3.64
28 34 27.49 0.40
28 35 4.96 3.05
28 36 4.15 3.07
28 37 6.85 2.76
28 38 6.88 2.39
28 39 6.63 2.18
28 40 12.42 0.25
28 41 26.24 0.08
28 42 6.14 2.49
28 43 3.71 3.88
28 44 4.71 2.45
28 45 3.43 3.73
28 46 4.35 2.95
28 47 3.89 2.25
28 48 5.63 2.96
28 49 3.23 2.92
29 30 5.00 3.27
29 31 23.97 0.09
29 32 3.12 3.78
29 33 6.19 2.70
29 34 6.13 3.50
29 35 4.92 3.88
29 36 3.11 2.15
29 37 3.79 3.05
29 38 4.75 2.23
29 39 14.64 0.10
29 40 3.58 1.82
29 41 6.12 3.13
29 42 10.99 0.05
29 43 13.33 0.01
29 44 28.67 0.38
29 45 11.78 0.05
29 46 3.55 2.87
29 47 4.06 4.08
29 48 3.48 3.03
29 49 28.02 0.09
30 31 3.59 2.16
30 32 5.39 2.53
30 33 4.73 2.98
30 34 20.79 0.25
30 35 4.86 3.90
30 36 4.53 3.73
30 37 3.88 3.25
30 38 3.26 3.34
30 39 6.54 2.22
30 40 21.40 0.05
30 41 17.14 0.26
30 42 5.74 2.80
30 43 5.78 2.78
30 44 3.86 2.17
30 45 5.54 2.67
30 46 4.92 1.79
30 47 6.54 2.85
30 48 6.63 3.34
30 49 3.53 3.94
31 32 3.92 2.23
31 33 3.49 2.41
31 34 5.66 4.08
31 35 3.84 2.54
31 36 3.95 1.95
31 37 4.02 3.61
31 38 4.91 2.17
31 39 27.12 0.45
31 40 6.40 3.23
31 41 4.19 3.74
31 42 17.45 0.20
31 43 17.14 0.35
31 44 29.86 0.28
31 45 28.86 0.31
31 46 5.99 2.24
31 47 5.07 3.43
31 48 6.39 2.74
31 49 17.52 0.27
32 33 4.56 1.74
32 34 3.71 3.00
32 35 3.02 3.49
32 36 6.58 2.76
32 37 5.03 1.90
32 38 21.89 0.14
32 39 6.10 1.75
32 40 4.78 2.03
32 41 6.34 2.29
32 42 4.33 3.19
32 43 5.76 3.22
32 44 5.00 2.49
32 45 4.33 3.80
32 46 18.78 0.08
32 47 17.90 0.44
32 48 16.32 0.05
32 49 5.30 3.74
33 34 5.31 3.43
33 35 10.93 0.22
33 36 18.61 0.31
33 37 18.26 0.43
33 38 3.52 3.15
33 39 3.15 2.14
33 40 4.87 2.54
33 41 3.99 3.55
33 42 3.22 3.02
33 43 6.36 2.39
33 44 6.24 4.20
33 45 4.69 3.10
33 46 6.32 3.57
33 47 4.58 3.18
33 48 6.39 4.51
33 49 6.53 3.23
34 35 5.75 3.62
34 36 5.72 2.53
34 37 5.49 2.90
34 38 3.42 3.84
34 39 5.71 3.52
34 40 23.58 0.21
34 41 24.58 0.45
34 42 5.73 2.46
34 43 6.84 3.31
34 44 6.79 3.09
34 45 4.61 1.20
34 46 4.15 2.72
34 47 6.19 2.86
34 48 6.86 3.48
34 49 3.12 3.90
35 36 24.76 0.32
35 37 25.91 0.38
35 38 6.92 3.25
35 39 4.73 0.45
35 40 6.90 3.68
35 41 6.31 1.88
35 42 6.51 3.18
35 43 6.51 3.30
35 44 3.20 2.30
35 45 3.93 3.78
35 46 4.07 3.11
35 47 3.49 2.94
35 48 4.72 2.92
35 49 3.62 3.41
36 37 25.10 0.23
36 38 6.54 4.14
36 39 3.26 3.85
36 40 3.23 4.39
36 41 3.58 1.99
36 42 5.76 2.22
36 43 6.83 2.97
36 44 3.48 2.74
36 45 4.51 2.48
36 46 5.60 3.00
36 47 3.14 2.13
36 48 3.17 4.07
36 49 4.86 3.92
37 38 3.14 3.10
37 39 5.83 2.92
37 40 4.65 2.80
37 41 4.25 3.11
37 42 5.19 3.75
37 43 4.33 3.19
37 44 4.82 2.11
37 45 3.55 2.95
37 46 5.00 3.58
37 47 5.55 3.10
37 48 4.11 2.91
37 49 3.38 2.30
38 39 3.32 3.15
38 40 6.75 2.59
38 41 4.18 1.37
38 42 4.11 2.31
38 43 5.64 2.07
38 44 5.54 2.07
38 45 3.80 3.09
38 46 11.59 0.28
38 47 20.87 0.03
38 48 12.64 0.43
38 49 4.17 2.87
39 40 5.81 2.21
39 41 5.12 2.50
39 42 28.20 0.13
39 43 10.36 0.41
39 44 23.71 0.09
39 45 21.60 0.42
39 46 3.63 3.51
39 47 6.87 3.01
39 48 4.25 3.09
39 49 10.06 0.14
40 41 20.65 0.48
40 42 6.06 2.96
40 43 4.40 3.38
40 44 4.75 2.46
40 45 4.33 2.78
40 46 3.67 3.70
40 47 6.14 2.65
40 48 4.10 3.08
40 49 4.50 2.35
41 42 3.14 2.28
41 43 6.30 3.23
41 44 4.58 3.08
41 45 5.07 1.65
41 46 3.92 3.37
41 47 6.69 1.77
41 48 5.91 2.96
41 49 5.00 1.60
42 43 11.12 0.33
42 44 21.25 0.37
42 45 12.87 0.45
42 46 3.76 2.84
42 47 5.28 2.32
42 48 3.62 3.52
42 49 27.64 0.29
43 44 19.16 0.31
43 45 27.67 0.12
43 46 4.38 2.93
43 47 4.87 3.16
43 48 3.25 3.39
43 49 29.54 0.07
44 45 23.84 0.17
44 46 5.26 3.00
44 47 5.87 3.03
44 48 4.40 2.28
44 49 17.93 0.01
45 46 6.17 3.13
45 47 6.28 3.56
45 48 3.79 3.59
45 49 29.07 0.48
46 47 20.75 0.20
46 48 18.04 0.04
46 49 5.02 2.91
47 48 22.72 0.48
47 49 5.05 1.97
48 49 5.16 2.71
