50
99
0 1 22.299 0.533
0 2 20.103 0.457
0 3 17.956 0.634
0 4 17.243 0.629
0 5 17.174 0.644
0 6 15.643 0.607
0 7 19.47 0.643
0 8 20.123 0.524
0 9 19.125 0.542
0 10 19.632 0.647
0 11 20.573 0.64
0 12 21.989 0.426
0 13 17.216 0.54
0 14 19.74 0.438
0 15 16.187 0.5
0 16 24.36 0.365
0 17 22.957 0.38
0 18 20.063 0.376
0 19 17.223 0.542
0 20 23.935 0.335
0 21 23.428 0.301
0 22 21.324 0.372
0 23 19.906 0.527
0 24 18.084 0.45
0 25 20.603 0.352
0 26 20.222 0.407
0 27 16.903 0.467
0 28 19.342 0.637
0 29 21.062 0.627
0 30 24.664 0.362
0 31 16.347 0.465
0 32 15.89 0.605
0 33 15.523 0.665
0 34 20.175 0.516
0 35 15.629 0.564
0 36 20.637 0.62
0 37 23.604 0.301
0 38 19.891 0.469
0 39 18.582 0.483
0 40 20.607 0.65
0 41 18.092 0.438
0 42 18.89 0.656
0 43 15.937 0.672
0 44 20.091 0.424
0 45 16.596 0.427
0 46 19.88 0.407
0 47 20.503 0.679
0 48 21.984 0.571
0 49 18.597 0.538
1 2 15.14 0.4
1 3 24.963 0.38
1 4 16.452 0.535
1 5 21.955 0.429
1 6 21.093 0.526
1 7 24.044 0.36
1 8 17.71 0.609
1 9 21.849 0.613
1 10 18.905 0.581
1 11 23.39 0.39
1 12 16.678 0.597
1 13 18.014 0.601
1 14 20.968 0.4
1 15 17.234 0.689
1 16 17.901 0.557
1 17 20.09 0.615
1 18 18.93 0.672
1 19 17.424 0.516
1 20 19.234 0.698
1 21 19.024 0.522
1 22 16.159 0.665
1 23 17.978 0.596
1 24 24.367 0.36
1 25 22.426 0.534
1 26 18.853 0.657
1 27 17.008 0.689
1 28 21.462 0.505
1 29 19.959 0.592
1 30 21.589 0.589
1 31 19.193 0.539
1 32 15.514 0.633
1 33 20.328 0.35
1 34 18.51 0.504
1 35 15.292 0.526
1 36 20.62 0.476
1 37 19.726 0.534
1 38 21.007 0.311
1 39 23.195 0.366
1 40 20.009 0.395
1 41 23.531 0.306
1 42 18.991 0.547
1 43 18.384 0.533
1 44 16.249 0.506
1 45 17.367 0.535
1 46 18.022 0.495
1 47 17.364 0.637
1 48 20.406 0.523
1 49 15.123 0.62
2 3 16.598 0.667
2 4 17.742 0.522
2 5 20.263 0.324
2 6 20.328 0.321
2 7 15.088 0.613
2 8 22.55 0.324
2 9 22.313 0.62
2 10 17.359 0.59
2 11 18.019 0.634
2 12 15.198 0.561
2 13 23.373 0.32
2 14 16.46 0.575
2 15 16.552 0.657
2 16 21.253 0.493
2 17 18.142 0.501
2 18 20.398 0.686
2 19 15.026 0.592
2 20 16.397 0.605
2 21 18.105 0.438
2 22 16.899 0.581
2 23 21.458 0.641
2 24 17.774 0.523
2 25 22.44 0.435
2 26 24.704 0.326
2 27 18.089 0.608
2 28 21.641 0.693
2 29 16.475 0.533
2 30 15.901 0.562
2 31 20.115 0.444
2 32 22.273 0.629
2 33 18.006 0.589
2 34 20.487 0.335
2 35 20.391 0.34
2 36 19.332 0.644
2 37 18.147 0.684
2 38 16.383 0.437
2 39 20.268 0.638
2 40 21.93 0.41
2 41 18.065 0.423
2 42 23.078 0.322
2 43 18.198 0.634
2 44 22.058 0.333
2 45 21.037 0.653
2 46 20.526 0.637
2 47 21.184 0.338
2 48 18.594 0.432
2 49 22.397 0.7
3 4 22.162 0.613
3 5 17.907 0.472
3 6 21.208 0.671
3 7 24.285 0.312
3 8 19.291 0.686
3 9 20.814 0.669
3 10 21.388 0.658
3 11 20.552 0.331
3 12 16.258 0.497
3 13 15.784 0.473
3 14 16.591 0.669
3 15 16.887 0.648
3 16 20.152 0.528
3 17 15.434 0.502
3 18 17.758 0.493
3 19 20.831 0.486
3 20 21.59 0.584
3 21 15.515 0.485
3 22 21.684 0.46
3 23 17.809 0.695
3 24 22.085 0.328
3 25 18.958 0.525
3 26 21.894 0.408
3 27 18.994 0.475
3 28 18.262 0.648
3 29 17.36 0.668
3 30 15.631 0.627
3 31 16.179 0.571
3 32 18.967 0.685
3 33 21.165 0.351
3 34 20.248 0.428
3 35 16.059 0.621
3 36 22.029 0.454
3 37 17.437 0.598
3 38 23.522 0.387
3 39 23.866 0.343
3 40 21.265 0.354
3 41 20.1 0.338
3 42 21.953 0.535
3 43 17.235 0.494
3 44 16.912 0.668
3 45 21.064 0.508
3 46 18.715 0.404
3 47 21.869 0.699
3 48 16.535 0.522
3 49 16.27 0.578
4 5 17.259 0.543
4 6 15.966 0.443
4 7 17.05 0.57
4 8 20.995 0.519
4 9 21.628 0.326
4 10 24.006 0.314
4 11 17.998 0.588
4 12 17.585 0.55
4 13 22.255 0.507
4 14 20.988 0.456
4 15 20.42 0.514
4 16 20.474 0.576
4 17 18.236 0.473
4 18 16.432 0.488
4 19 23.563 0.363
4 20 20.114 0.635
4 21 19.226 0.612
4 22 15.743 0.506
4 23 20.848 0.381
4 24 18.092 0.662
4 25 16.523 0.693
4 26 18.193 0.421
4 27 16.499 0.645
4 28 24.677 0.366
4 29 22.182 0.573
4 30 20.403 0.67
4 31 15.393 0.69
4 32 15.164 0.445
4 33 21.959 0.666
4 34 17.677 0.612
4 35 18.029 0.414
4 36 21.003 0.476
4 37 18.244 0.612
4 38 19.155 0.573
4 39 17.681 0.58
4 40 21.41 0.691
4 41 17.645 0.586
4 42 21.014 0.621
4 43 23.025 0.382
4 44 22.003 0.63
4 45 21.687 0.357
4 46 23.388 0.377
4 47 17.85 0.483
4 48 21.628 0.623
4 49 24.916 0.319
5 6 23.536 0.325
5 7 18.427 0.573
5 8 22.61 0.337
5 9 18.883 0.671
5 10 19.712 0.535
5 11 17.133 0.49
5 12 20.841 0.405
5 13 22.962 0.321
5 14 16.738 0.695
5 15 20.394 0.622
5 16 21.94 0.616
5 17 15.228 0.538
5 18 17.013 0.673
5 19 15.19 0.632
5 20 16.732 0.539
5 21 16.702 0.63
5 22 19.635 0.492
5 23 15.647 0.494
5 24 22.287 0.488
5 25 22.446 0.517
5 26 20.569 0.327
5 27 20.896 0.641
5 28 15.386 0.597
5 29 19.064 0.557
5 30 21.001 0.519
5 31 21.765 0.456
5 32 19.027 0.492
5 33 15.67 0.542
5 34 21.459 0.326
5 35 23.614 0.339
5 36 20.956 0.432
5 37 20.201 0.649
5 38 16.993 0.552
5 39 22.395 0.7
5 40 16.493 0.519
5 41 19.102 0.449
5 42 20.902 0.33
5 43 15.648 0.555
5 44 22.439 0.32
5 45 15.858 0.413
5 46 19.908 0.485
5 47 23.928 0.33
5 48 22.417 0.498
5 49 17.846 0.591
6 7 17.097 0.685
6 8 24.413 0.332
6 9 15.662 0.521
6 10 19.869 0.447
6 11 16.026 0.679
6 12 16.689 0.471
6 13 22.614 0.32
6 14 16.259 0.62
6 15 22.203 0.453
6 16 17.612 0.613
6 17 18.083 0.604
6 18 21.947 0.566
6 19 17.408 0.662
6 20 16.803 0.624
6 21 20.812 0.635
6 22 20.666 0.625
6 23 18.809 0.526
6 24 22.402 0.554
6 25 15.151 0.584
6 26 23.757 0.332
6 27 15.317 0.578
6 28 17.755 0.56
6 29 19.668 0.486
6 30 21.362 0.637
6 31 20.215 0.602
6 32 18.53 0.605
6 33 19.047 0.497
6 34 21.153 0.33
6 35 22.227 0.323
6 36 17.362 0.579
6 37 17.459 0.593
6 38 20.905 0.59
6 39 15.085 0.497
6 40 20.854 0.538
6 41 20.897 0.65
6 42 20.757 0.336
6 43 18.638 0.421
6 44 24.624 0.336
6 45 20.931 0.478
6 46 21.845 0.473
6 47 22.012 0.336
6 48 20.858 0.413
6 49 17.659 0.626
7 8 19.225 0.464
7 9 19.276 0.698
7 10 18.394 0.505
7 11 24.889 0.307
7 12 19.418 0.575
7 13 18.185 0.52
7 14 16.742 0.498
7 15 16.867 0.677
7 16 22.244 0.648
7 17 17.983 0.58
7 18 16.325 0.486
7 19 19.232 0.534
7 20 21.715 0.403
7 21 17.012 0.558
7 22 16.675 0.508
7 23 21.392 0.661
7 24 22.638 0.306
7 25 21.461 0.509
7 26 21.372 0.663
7 27 20.161 0.551
7 28 20.053 0.689
7 29 15.921 0.479
7 30 22.058 0.467
7 31 20.184 0.633
7 32 21.272 0.646
7 33 22.084 0.344
7 34 16.946 0.568
7 35 17.03 0.677
7 36 17.56 0.678
7 37 19.492 0.614
7 38 22.557 0.38
7 39 22.578 0.385
7 40 20.006 0.338
7 41 23.64 0.381
7 42 21.024 0.471
7 43 20.31 0.596
7 44 21.471 0.509
7 45 16.816 0.541
7 46 19.908 0.503
7 47 18.756 0.416
7 48 19.117 0.554
7 49 22.352 0.48
8 9 15.521 0.678
8 10 18.744 0.656
8 11 17.773 0.665
8 12 17.501 0.609
8 13 20.367 0.33
8 14 18.165 0.571
8 15 20.776 0.476
8 16 21.586 0.497
8 17 20.127 0.446
8 18 20.401 0.688
8 19 17.713 0.681
8 20 18.394 0.573
8 21 16.21 0.505
8 22 15.908 0.524
8 23 19.927 0.67
8 24 16.752 0.644
8 25 17.98 0.46
8 26 21.24 0.326
8 27 19.235 0.595
8 28 21.822 0.514
8 29 15.248 0.609
8 30 15.302 0.47
8 31 16.527 0.576
8 32 16.65 0.676
8 33 15.614 0.561
8 34 24.74 0.329
8 35 21.451 0.32
8 36 18.6 0.614
8 37 20.464 0.584
8 38 15.04 0.695
8 39 21.616 0.55
8 40 18.072 0.409
8 41 20.898 0.473
8 42 21.967 0.339
8 43 19.257 0.652
8 44 20.277 0.338
8 45 19.131 0.644
8 46 17.228 0.595
8 47 24.689 0.321
8 48 15.711 0.653
8 49 20.623 0.555
9 10 24.465 0.397
9 11 21.332 0.658
9 12 16.661 0.411
9 13 20.695 0.586
9 14 15.108 0.625
9 15 17.485 0.649
9 16 19.323 0.496
9 17 16.295 0.469
9 18 22.177 0.664
9 19 24.119 0.383
9 20 16.3 0.403
9 21 16.1 0.434
9 22 17.606 0.667
9 23 21.925 0.4
9 24 18.542 0.433
9 25 18.029 0.462
9 26 19.365 0.637
9 27 17.251 0.683
9 28 20.43 0.315
9 29 21.945 0.67
9 30 22.431 0.422
9 31 15.263 0.447
9 32 22.483 0.635
9 33 19.651 0.527
9 34 21.697 0.632
9 35 17.154 0.445
9 36 19.73 0.661
9 37 16.991 0.665
9 38 20.597 0.543
9 39 20.358 0.47
9 40 15.035 0.483
9 41 21.855 0.521
9 42 18.135 0.478
9 43 20.449 0.331
9 44 19.52 0.635
9 45 24.467 0.355
9 46 23.451 0.318
9 47 17.409 0.403
9 48 18.159 0.499
9 49 20.19 0.382
10 11 20.529 0.561
10 12 18.021 0.514
10 13 17.609 0.677
10 14 17.517 0.622
10 15 18.425 0.534
10 16 18.579 0.654
10 17 18.871 0.637
10 18 16.092 0.655
10 19 20.345 0.366
10 20 22.359 0.449
10 21 21.276 0.499
10 22 20.141 0.644
10 23 21.393 0.348
10 24 18.501 0.544
10 25 17.796 0.41
10 26 22.149 0.474
10 27 21.346 0.57
10 28 20.242 0.335
10 29 16.665 0.497
10 30 15.492 0.523
10 31 19.64 0.4
10 32 18.451 0.659
10 33 18.019 0.434
10 34 18.622 0.557
10 35 19.88 0.657
10 36 18.215 0.593
10 37 20.063 0.589
10 38 18.381 0.644
10 39 22.216 0.681
10 40 16.975 0.698
10 41 20.103 0.584
10 42 15.791 0.698
10 43 21.163 0.306
10 44 15.223 0.633
10 45 21.131 0.383
10 46 22.134 0.359
10 47 22.417 0.582
10 48 17.538 0.44
10 49 21.442 0.313
11 12 18.099 0.569
11 13 16.61 0.401
11 14 21.436 0.58
11 15 17.778 0.636
11 16 18.985 0.488
11 17 16.833 0.587
11 18 16.302 0.572
11 19 20.457 0.585
11 20 15.133 0.624
11 21 16.739 0.627
11 22 20.98 0.482
11 23 20.749 0.403
11 24 21.849 0.31
11 25 17.382 0.648
11 26 15.424 0.685
11 27 15.677 0.458
11 28 17.356 0.492
11 29 21.701 0.662
11 30 20.987 0.607
11 31 18.735 0.663
11 32 18.977 0.507
11 33 20.049 0.377
11 34 22.337 0.49
11 35 18.625 0.425
11 36 19.957 0.483
11 37 21.05 0.533
11 38 23.923 0.382
11 39 24.163 0.368
11 40 23.874 0.369
11 41 23.001 0.318
11 42 21.125 0.65
11 43 15.015 0.646
11 44 19.061 0.615
11 45 18.2 0.597
11 46 21.842 0.441
11 47 16.261 0.58
11 48 19.414 0.693
11 49 15.236 0.595
12 13 15.879 0.459
12 14 20.259 0.442
12 15 20.432 0.432
12 16 16.081 0.435
12 17 15.006 0.528
12 18 16.943 0.593
12 19 18.986 0.487
12 20 21.161 0.589
12 21 16.169 0.653
12 22 17.586 0.454
12 23 17.838 0.453
12 24 15.229 0.479
12 25 21.818 0.491
12 26 19.211 0.64
12 27 20.419 0.497
12 28 18.188 0.41
12 29 22.127 0.439
12 30 16.224 0.49
12 31 21.189 0.429
12 32 23.5 0.479
12 33 15.934 0.483
12 34 16.315 0.416
12 35 20.865 0.526
12 36 21.437 0.409
12 37 16.675 0.509
12 38 19.665 0.41
12 39 17.158 0.629
12 40 20.341 0.602
12 41 16.002 0.626
12 42 17.785 0.493
12 43 19.094 0.656
12 44 19.101 0.676
12 45 20.865 0.403
12 46 16.304 0.562
12 47 20.613 0.452
12 48 20.332 0.466
12 49 20.107 0.464
13 14 21.581 0.668
13 15 20.836 0.551
13 16 17.971 0.544
13 17 16.651 0.66
13 18 15.782 0.53
13 19 17.587 0.543
13 20 19.859 0.68
13 21 20.186 0.545
13 22 19.736 0.451
13 23 22.19 0.469
13 24 15.439 0.462
13 25 16.333 0.431
13 26 23.308 0.325
13 27 17.579 0.443
13 28 19.202 0.413
13 29 17.728 0.433
13 30 21.405 0.419
13 31 22.36 0.641
13 32 21.899 0.414
13 33 16.146 0.544
13 34 24.069 0.324
13 35 22.325 0.336
13 36 18.504 0.608
13 37 19.285 0.574
13 38 19.181 0.549
13 39 19.397 0.602
13 40 15.933 0.698
13 41 15.65 0.692
13 42 22.927 0.338
13 43 19.366 0.63
13 44 20.374 0.328
13 45 16.242 0.629
13 46 16.828 0.672
13 47 22.245 0.321
13 48 21.343 0.67
13 49 15.563 0.526
14 15 22.575 0.413
14 16 20.653 0.665
14 17 19.679 0.673
14 18 17.089 0.484
14 19 21.067 0.414
14 20 17.34 0.427
14 21 15.996 0.65
14 22 16.683 0.643
14 23 15.108 0.456
14 24 15.469 0.651
14 25 20.015 0.577
14 26 20.879 0.538
14 27 22.673 0.475
14 28 20.268 0.523
14 29 22.339 0.371
14 30 17.473 0.624
14 31 24.288 0.495
14 32 24.048 0.35
14 33 15.715 0.678
14 34 15.046 0.449
14 35 16.097 0.604
14 36 22.622 0.481
14 37 15.347 0.606
14 38 22.497 0.442
14 39 16.844 0.406
14 40 20.132 0.563
14 41 15.376 0.419
14 42 17.592 0.625
14 43 18.387 0.686
14 44 20.155 0.665
14 45 22.445 0.414
14 46 18.254 0.526
14 47 17.424 0.617
14 48 20.404 0.415
14 49 20.79 0.471
15 16 21.209 0.534
15 17 15.201 0.402
15 18 16.632 0.671
15 19 17.12 0.526
15 20 20.424 0.627
15 21 20.701 0.593
15 22 21.087 0.443
15 23 19.221 0.513
15 24 20.98 0.673
15 25 17.508 0.468
15 26 22.034 0.463
15 27 22.268 0.479
15 28 19.264 0.492
15 29 23.346 0.445
15 30 20.859 0.624
15 31 23.256 0.368
15 32 24.934 0.497
15 33 16.933 0.62
15 34 18.028 0.685
15 35 15.129 0.537
15 36 22.555 0.43
15 37 19.435 0.648
15 38 19.372 0.481
15 39 17.321 0.672
15 40 21.183 0.475
15 41 16.896 0.421
15 42 22.205 0.502
15 43 17.458 0.484
15 44 19.345 0.525
15 45 18.242 0.412
15 46 17.291 0.461
15 47 21.239 0.482
15 48 24.24 0.363
15 49 21.617 0.684
16 17 20.809 0.368
16 18 24.366 0.348
16 19 21.361 0.49
16 20 24.488 0.34
16 21 21.439 0.378
16 22 20.969 0.336
16 23 18.798 0.576
16 24 21.972 0.532
16 25 22.341 0.394
16 26 16.716 0.546
16 27 22.277 0.643
16 28 20.399 0.681
16 29 18.299 0.641
16 30 23.452 0.398
16 31 20.578 0.506
16 32 16.808 0.6
16 33 16.901 0.425
16 34 21.245 0.481
16 35 20.762 0.409
16 36 22.078 0.443
16 37 22.442 0.337
16 38 20.716 0.433
16 39 19.848 0.579
16 40 21.081 0.592
16 41 21.868 0.467
16 42 15.72 0.599
16 43 20.413 0.697
16 44 17.095 0.617
16 45 16.339 0.584
16 46 22.058 0.587
16 47 19.273 0.688
16 48 21.353 0.448
16 49 17.435 0.506
17 18 22.469 0.388
17 19 19.73 0.663
17 20 24.318 0.312
17 21 23.728 0.343
17 22 22.242 0.372
17 23 21.816 0.442
17 24 21.755 0.455
17 25 20.431 0.335
17 26 20.12 0.489
17 27 19.99 0.627
17 28 21.662 0.678
17 29 22.09 0.67
17 30 20.192 0.348
17 31 19.05 0.419
17 32 20.615 0.562
17 33 17.931 0.466
17 34 21.442 0.503
17 35 19.597 0.654
17 36 15.512 0.546
17 37 22.134 0.31
17 38 17.58 0.567
17 39 16.878 0.663
17 40 16.834 0.544
17 41 21.36 0.528
17 42 17.867 0.561
17 43 21.787 0.602
17 44 18.961 0.454
17 45 15.742 0.64
17 46 16.743 0.425
17 47 19.866 0.581
17 48 16.307 0.504
17 49 18.289 0.44
18 19 21.278 0.567
18 20 22.89 0.344
18 21 24.331 0.34
18 22 24.367 0.381
18 23 18.76 0.47
18 24 18.194 0.401
18 25 24.283 0.323
18 26 18.473 0.422
18 27 18.467 0.694
18 28 18.38 0.541
18 29 21.101 0.577
18 30 24.742 0.301
18 31 18.575 0.607
18 32 15.106 0.512
18 33 16.589 0.63
18 34 20.532 0.652
18 35 19.695 0.502
18 36 17.485 0.411
18 37 22.502 0.399
18 38 15.878 0.514
18 39 18.848 0.665
18 40 19.096 0.449
18 41 19.034 0.607
18 42 16.264 0.502
18 43 17.336 0.425
18 44 16.556 0.624
18 45 20.923 0.514
18 46 16.994 0.512
18 47 20.886 0.59
18 48 20.916 0.408
18 49 20.357 0.696
19 20 17.645 0.549
19 21 21.856 0.428
19 22 18.753 0.505
19 23 22.076 0.392
19 24 21.801 0.556
19 25 21.323 0.538
19 26 15.111 0.651
19 27 16.143 0.453
19 28 22.977 0.349
19 29 18.971 0.586
19 30 19.29 0.468
19 31 17.267 0.6
19 32 16.518 0.629
19 33 20.066 0.629
19 34 15.272 0.534
19 35 19.729 0.405
19 36 20.156 0.407
19 37 18.305 0.518
19 38 21.509 0.435
19 39 16.844 0.408
19 40 16.512 0.643
19 41 16.56 0.587
19 42 20.78 0.455
19 43 21.706 0.363
19 44 22.131 0.429
19 45 21.325 0.346
19 46 22.43 0.359
19 47 22.409 0.648
19 48 19.779 0.556
19 49 22.683 0.309
20 21 20.87 0.339
20 22 23.093 0.35
20 23 17.071 0.626
20 24 21.863 0.419
20 25 20.18 0.359
20 26 18.401 0.693
20 27 18.357 0.5
20 28 22.256 0.478
20 29 19.009 0.473
20 30 24.736 0.347
20 31 19.605 0.603
20 32 19.322 0.464
20 33 21.36 0.675
20 34 15.122 0.695
20 35 16.2 0.494
20 36 20.577 0.549
20 37 20.514 0.395
20 38 15.812 0.619
20 39 16.437 0.4
20 40 19.324 0.697
20 41 19.138 0.434
20 42 16.871 0.633
20 43 19.937 0.413
20 44 21.1 0.633
20 45 17.141 0.553
20 46 21.313 0.584
20 47 17.547 0.44
20 48 16.674 0.66
20 49 19.051 0.475
21 22 23.134 0.378
21 23 20.276 0.44
21 24 19.612 0.655
21 25 20.204 0.363
21 26 17.223 0.588
21 27 19.08 0.556
21 28 17.534 0.449
21 29 21.352 0.593
21 30 20.183 0.362
21 31 18.131 0.611
21 32 17.63 0.553
21 33 18.639 0.507
21 34 18.75 0.569
21 35 16.865 0.562
21 36 17.367 0.594
21 37 20.904 0.395
21 38 15.93 0.698
21 39 22.272 0.454
21 40 15.062 0.489
21 41 15.958 0.663
21 42 22.089 0.612
21 43 16.893 0.41
21 44 18.839 0.421
21 45 18.421 0.585
21 46 15.63 0.585
21 47 19.904 0.615
21 48 19.048 0.7
21 49 20.541 0.459
22 23 16.497 0.454
22 24 20.268 0.481
22 25 21.782 0.33
22 26 17.843 0.624
22 27 19.065 0.538
22 28 18.63 0.407
22 29 15.283 0.634
22 30 22.265 0.388
22 31 20.566 0.42
22 32 19.563 0.531
22 33 15.66 0.539
22 34 20.546 0.597
22 35 15.484 0.7
22 36 19.644 0.517
22 37 23.059 0.321
22 38 16.661 0.526
22 39 17.523 0.551
22 40 21.626 0.633
22 41 17.666 0.563
22 42 18.473 0.598
22 43 16.007 0.643
22 44 19.113 0.498
22 45 17.356 0.581
22 46 17.773 0.593
22 47 16.944 0.462
22 48 21.282 0.591
22 49 15.226 0.527
23 24 19.473 0.449
23 25 18.334 0.537
23 26 20.447 0.651
23 27 22.428 0.683
23 28 24.9 0.348
23 29 20.333 0.67
23 30 20.181 0.582
23 31 17.369 0.427
23 32 16.649 0.551
23 33 19.158 0.566
23 34 20.235 0.467
23 35 15.71 0.423
23 36 15.439 0.452
23 37 16.092 0.61
23 38 16.294 0.542
23 39 16.634 0.434
23 40 21.622 0.513
23 41 15.722 0.473
23 42 19.455 0.576
23 43 23.574 0.387
23 44 16.714 0.667
23 45 22.015 0.366
23 46 24.689 0.364
23 47 20.228 0.643
23 48 20.832 0.593
23 49 20.33 0.353
24 25 15.855 0.447
24 26 15.641 0.641
24 27 16.148 0.58
24 28 15.784 0.541
24 29 16.101 0.652
24 30 17.906 0.594
24 31 15.167 0.676
24 32 21.07 0.479
24 33 21.495 0.329
24 34 19.994 0.533
24 35 21.158 0.696
24 36 21.164 0.593
24 37 17.46 0.487
24 38 22.87 0.306
24 39 20.495 0.361
24 40 23.471 0.357
24 41 22.025 0.395
24 42 21.383 0.684
24 43 21.172 0.618
24 44 21.826 0.58
24 45 18.881 0.437
24 46 17.14 0.542
24 47 21.055 0.68
24 48 19.915 0.503
24 49 20.936 0.456
25 26 15.413 0.674
25 27 20.949 0.592
25 28 22.257 0.45
25 29 19.506 0.678
25 30 24.924 0.388
25 31 16.831 0.511
25 32 20.57 0.599
25 33 20.004 0.664
25 34 15.335 0.493
25 35 16.999 0.558
25 36 21.109 0.497
25 37 20.683 0.359
25 38 20.805 0.636
25 39 15.655 0.688
25 40 16.335 0.451
25 41 19.388 0.429
25 42 15.387 0.45
25 43 19.991 0.493
25 44 18.112 0.669
25 45 22.104 0.436
25 46 19.548 0.515
25 47 19.411 0.487
25 48 18.743 0.41
25 49 15.467 0.472
26 27 18.546 0.569
26 28 19.104 0.516
26 29 16.852 0.695
26 30 18.18 0.417
26 31 18.085 0.435
26 32 18.827 0.542
26 33 21.339 0.504
26 34 23.809 0.335
26 35 21.8 0.339
26 36 20.312 0.424
26 37 17.469 0.52
26 38 18.374 0.431
26 39 19.651 0.589
26 40 19.526 0.566
26 41 18.07 0.529
26 42 20.246 0.333
26 43 21.453 0.468
26 44 21.211 0.336
26 45 19.63 0.613
26 46 15.803 0.594
26 47 22.557 0.337
26 48 20.335 0.43
26 49 20.442 0.583
27 28 19.302 0.524
27 29 24.426 0.453
27 30 21.174 0.55
27 31 23.33 0.436
27 32 20.297 0.454
27 33 16.621 0.567
27 34 15.813 0.607
27 35 20.681 0.537
27 36 22.536 0.404
27 37 18.442 0.617
27 38 21.979 0.582
27 39 17.416 0.686
27 40 19.198 0.585
27 41 15.601 0.69
27 42 21.515 0.642
27 43 17.509 0.492
27 44 15.028 0.404
27 45 21.84 0.459
27 46 20.816 0.488
27 47 22.443 0.614
27 48 21.853 0.383
27 49 19.621 0.599
28 29 17.597 0.615
28 30 21.027 0.482
28 31 20.027 0.416
28 32 15.791 0.507
28 33 20.558 0.596
28 34 21.709 0.7
28 35 18.441 0.594
28 36 21.202 0.528
28 37 16.499 0.45
28 38 18.925 0.6
28 39 18.121 0.657
28 40 22.034 0.629
28 41 21.556 0.5
28 42 22.247 0.668
28 43 24.073 0.358
28 44 16.363 0.535
28 45 24.104 0.381
28 46 21.565 0.345
28 47 17.901 0.599
28 48 21.968 0.687
28 49 22.124 0.337
29 30 18.021 0.573
29 31 21.94 0.435
29 32 22.106 0.422
29 33 17.728 0.574
29 34 21.387 0.41
29 35 18.412 0.692
29 36 20.684 0.365
29 37 21.565 0.523
29 38 16.408 0.688
29 39 19.435 0.445
29 40 19.788 0.56
29 41 19.677 0.453
29 42 16.919 0.52
29 43 16.416 0.59
29 44 18.18 0.453
29 45 16.542 0.436
29 46 20.576 0.476
29 47 17.29 0.445
29 48 24.593 0.486
29 49 15.669 0.665
30 31 20.805 0.448
30 32 19.931 0.649
30 33 19.29 0.571
30 34 16.957 0.422
30 35 18.767 0.668
30 36 17.659 0.499
30 37 22.047 0.309
30 38 15.214 0.562
30 39 16.941 0.667
30 40 16.975 0.629
30 41 16.949 0.525
30 42 18.137 0.513
30 43 21.846 0.688
30 44 20.922 0.658
30 45 22.101 0.666
30 46 21.802 0.444
30 47 20.01 0.561
30 48 16.692 0.678
30 49 19.126 0.673
31 32 23.233 0.388
31 33 19.061 0.667
31 34 16.791 0.573
31 35 18.198 0.502
31 36 24.984 0.376
31 37 19.549 0.663
31 38 20.227 0.639
31 39 18.179 0.405
31 40 19.099 0.569
31 41 20.543 0.633
31 42 22.004 0.676
31 43 15.738 0.558
31 44 16.036 0.693
31 45 18.008 0.569
31 46 16.765 0.457
31 47 22.178 0.598
31 48 21.804 0.406
31 49 22.083 0.579
32 33 17.485 0.463
32 34 17.579 0.686
32 35 22.251 0.497
32 36 24.388 0.376
32 37 15.277 0.685
32 38 21.581 0.403
32 39 16.516 0.554
32 40 15.013 0.474
32 41 15.131 0.405
32 42 15.037 0.425
32 43 18.257 0.466
32 44 17.901 0.485
32 45 19.176 0.563
32 46 22.184 0.535
32 47 16.402 0.477
32 48 24.694 0.476
32 49 20.438 0.667
33 34 20.342 0.439
33 35 17.313 0.674
33 36 19.68 0.465
33 37 18.371 0.641
33 38 21.358 0.358
33 39 23.989 0.369
33 40 23.828 0.307
33 41 20.59 0.368
33 42 16.575 0.573
33 43 19.632 0.432
33 44 19.556 0.422
33 45 20.963 0.697
33 46 19.16 0.489
33 47 15.785 0.571
33 48 18.748 0.575
33 49 18.234 0.569
34 35 22.877 0.334
34 36 17.852 0.607
34 37 18.807 0.673
34 38 18.335 0.415
34 39 17.352 0.402
34 40 17.851 0.502
34 41 20.535 0.659
34 42 22.881 0.335
34 43 22.419 0.593
34 44 22.695 0.332
34 45 17.376 0.546
34 46 17.381 0.453
34 47 24.333 0.33
34 48 21.395 0.661
34 49 17.103 0.624
35 36 21.22 0.437
35 37 17.733 0.681
35 38 17.447 0.436
35 39 17.79 0.459
35 40 18.971 0.622
35 41 17.296 0.49
35 42 24.569 0.338
35 43 21.785 0.625
35 44 20.135 0.329
35 45 20.292 0.45
35 46 17.37 0.412
35 47 22.315 0.323
35 48 21.914 0.562
35 49 21.472 0.669
36 37 21.218 0.699
36 38 18.941 0.634
36 39 16.123 0.671
36 40 16.71 0.617
36 41 17.612 0.52
36 42 16.346 0.6
36 43 20.226 0.461
36 44 15.204 0.52
36 45 20.916 0.585
36 46 16.219 0.403
36 47 17.159 0.476
36 48 23.138 0.495
36 49 15.498 0.413
37 38 19.581 0.54
37 39 19.601 0.65
37 40 22.109 0.667
37 41 16.67 0.427
37 42 18.804 0.59
37 43 21.515 0.467
37 44 19.06 0.677
37 45 16.753 0.576
37 46 17.059 0.586
37 47 21.163 0.461
37 48 15.389 0.637
37 49 21.123 0.631
38 39 23.023 0.302
38 40 23.149 0.303
38 41 24.364 0.361
38 42 19.647 0.543
38 43 17.715 0.693
38 44 15.403 0.654
38 45 16.707 0.505
38 46 17.312 0.474
38 47 19.039 0.499
38 48 17.701 0.559
38 49 21.516 0.522
39 40 22.706 0.303
39 41 21.883 0.349
39 42 18.572 0.54
39 43 16.124 0.636
39 44 20.831 0.44
39 45 15.552 0.575
39 46 19.85 0.548
39 47 21.393 0.613
39 48 21.411 0.535
39 49 16.794 0.674
40 41 24.432 0.355
40 42 21.916 0.475
40 43 22.5 0.459
40 44 21.814 0.665
40 45 21.39 0.597
40 46 21.362 0.652
40 47 18.351 0.625
40 48 18.219 0.65
40 49 15.957 0.553
41 42 21.718 0.443
41 43 21.989 0.546
41 44 19.826 0.401
41 45 16.692 0.597
41 46 20.059 0.406
41 47 21.349 0.503
41 48 20.252 0.4
41 49 17.398 0.671
42 43 19.879 0.444
42 44 20.808 0.333
42 45 22.382 0.556
42 46 15.138 0.491
42 47 21.494 0.33
42 48 21.441 0.507
42 49 19.438 0.548
43 44 16.893 0.607
43 45 20.971 0.357
43 46 23.039 0.369
43 47 17.272 0.575
43 48 19.262 0.555
43 49 21.2 0.367
44 45 19.939 0.521
44 46 17.378 0.571
44 47 21.598 0.33
44 48 21.273 0.487
44 49 21.56 0.681
45 46 21.575 0.353
45 47 22.377 0.578
45 48 20.146 0.601
45 49 23.173 0.376
46 47 18.414 0.488
46 48 17.866 0.572
46 49 24.092 0.385
47 48 16.672 0.471
47 49 19.848 0.493
48 49 19.947 0.572