50
99
0 1 19.662 0.245
0 2 33.071 0.305
0 3 19.986 13.692
0 4 48.861 13.144
0 5 49.373 33.848
0 6 37.367 10.897
0 7 14.775 25.703
0 8 41.898 41.488
0 9 28.656 22.825
0 10 25.439 16.346
0 11 21.664 16.439
0 12 29.941 47.445
0 13 46.477 29.52
0 14 22.097 16.481
0 15 26.533 12.707
0 16 34.739 39.244
0 17 34.871 32.667
0 18 48.739 7.188
0 19 16.989 4.988
0 20 34.693 20.694
0 21 5.565 0.543
0 22 28.538 8.847
0 23 43.545 39.182
0 24 42.67 49.672
0 25 16.214 29.948
0 26 25.325 19.316
0 27 34.607 3.352
0 28 19.896 25.513
0 29 46.974 45.547
0 30 18.523 11.785
0 31 48.687 12.006
0 32 33.759 43.721
0 33 10.166 33.382
0 34 34.237 22.597
0 35 30.748 14.754
0 36 31.806 43.331
0 37 13.891 13.872
0 38 32.344 43.648
0 39 48.736 45.351
0 40 28.635 22.962
0 41 41.949 21.105
0 42 26.457 27.099
0 43 29.054 49.777
0 44 27.779 43.031
0 45 11.644 38.053
0 46 45.379 47.505
0 47 23.936 8.259
0 48 45.515 19.167
0 49 2.677 1.213
1 2 14.699 0.97
1 3 39.75 23.184
1 4 14.243 32.787
1 5 23.338 22.979
1 6 39.141 36.499
1 7 39.53 10.961
1 8 47.424 28.623
1 9 17.396 44.682
1 10 39.411 3.775
1 11 46.805 24.761
1 12 38.816 25.146
1 13 35.245 6.975
1 14 40.662 49.085
1 15 38.231 8.365
1 16 24.777 44.593
1 17 47.187 45.043
1 18 15.6 29.458
1 19 38.044 6.494
1 20 22.967 6.458
1 21 29.392 33.297
1 22 43.513 14.912
1 23 25.82 6.517
1 24 46.565 25.914
1 25 28.512 44.826
1 26 28.411 42.136
1 27 24.786 25.229
1 28 39.965 22.333
1 29 33.441 25.756
1 30 33.344 49.006
1 31 18.868 3.456
1 32 36.356 29.783
1 33 29.187 17.488
1 34 18.279 25.955
1 35 34.359 39.982
1 36 26.087 12.339
1 37 39.273 3.97
1 38 19.562 16.523
1 39 48.461 34.592
1 40 44.284 40.216
1 41 26.983 4.399
1 42 36.917 4.407
1 43 43.505 39.971
1 44 27.43 45.028
1 45 12.547 46.6
1 46 38.721 39.794
1 47 38.01 43.209
1 48 35.531 9.346
1 49 5.91 2.391
2 3 35.964 26.873
2 4 38.151 38.901
2 5 19.198 13.319
2 6 27.616 29.637
2 7 26.855 8.31
2 8 19.202 22.251
2 9 46.046 5.854
2 10 36.106 11.875
2 11 25.23 29.638
2 12 38.109 26.191
2 13 20.647 9.795
2 14 48.237 27.456
2 15 10.931 46.977
2 16 33.488 11.995
2 17 11.56 10.995
2 18 13.245 19.568
2 19 30.875 23.442
2 20 6.021 2.598
2 21 28.925 29.072
2 22 22.692 4.658
2 23 30.993 11.204
2 24 42.3 20.674
2 25 13.558 49.817
2 26 25.842 22.253
2 27 44.377 46.214
2 28 14.332 31.396
2 29 19.712 22.369
2 30 30.905 30.404
2 31 36.117 9.423
2 32 33.784 9.136
2 33 30.667 33.844
2 34 46.133 42.604
2 35 18.325 7.647
2 36 49.416 23.71
2 37 17.957 3.191
2 38 28.529 7.819
2 39 35.746 12.26
2 40 12.19 3.287
2 41 22.476 46.547
2 42 7.619 2.164
2 43 43.615 26.623
2 44 31.234 6.147
2 45 11.989 19.347
2 46 11.533 23.747
2 47 15.978 47.906
2 48 23.385 24.174
2 49 5.191 0.912
3 4 24.139 1.113
3 5 14.167 32.625
3 6 20.677 14.962
3 7 12.205 31.526
3 8 26.653 34.508
3 9 10.332 36.247
3 10 18.611 16.899
3 11 27.824 18.644
3 12 11.179 33.765
3 13 20.717 36.282
3 14 31.538 48.805
3 15 30.452 44.421
3 16 41.858 28.94
3 17 30.033 24.642
3 18 48.95 29.797
3 19 24.373 17.758
3 20 42.394 16.576
3 21 30.694 17.77
3 22 42.683 23.835
3 23 42.687 42.642
3 24 17.481 21.384
3 25 48.242 35.909
3 26 16.532 17.665
3 27 39.124 30.334
3 28 26.039 33.16
3 29 16.407 3.826
3 30 26.038 11.771
3 31 47.615 44.188
3 32 22.415 9.742
3 33 16.688 23.9
3 34 46.432 23.89
3 35 17.426 38.484
3 36 6.737 1.083
3 37 49.465 35.845
3 38 12.649 47.062
3 39 44.705 43.752
3 40 45.747 22.961
3 41 41.496 27.325
3 42 47.95 4.468
3 43 24.679 44.761
3 44 29.393 7.992
3 45 34.817 13.812
3 46 32.164 23.069
3 47 40.263 45.737
3 48 47.671 16.884
3 49 36.753 28.564
4 5 37.671 35.934
4 6 30.059 10.189
4 7 12.532 37.353
4 8 41.402 15.55
4 9 26.806 15.482
4 10 21.505 43.143
4 11 21.366 40.929
4 12 25.736 3.964
4 13 25.245 9.0
4 14 30.191 45.976
4 15 21.696 11.114
4 16 12.548 34.74
4 17 29.243 49.754
4 18 36.115 8.69
4 19 1.727 0.924
4 20 18.406 31.368
4 21 2.634 0.987
4 22 33.147 12.086
4 23 39.12 46.604
4 24 32.977 48.776
4 25 27.251 42.758
4 26 19.945 20.367
4 27 18.381 14.9
4 28 48.07 18.946
4 29 33.894 7.877
4 30 19.633 41.841
4 31 13.947 16.443
4 32 45.928 30.168
4 33 47.78 37.07
4 34 16.819 14.778
4 35 37.456 46.831
4 36 36.478 45.369
4 37 14.277 33.528
4 38 37.351 42.304
4 39 5.735 1.99
4 40 0.568 1.957
4 41 11.918 5.524
4 42 46.733 26.459
4 43 7.121 0.15
4 44 37.029 16.734
4 45 43.893 34.705
4 46 44.007 35.213
4 47 39.485 38.121
4 48 27.177 42.937
4 49 14.361 18.547
5 6 42.703 0.577
5 7 47.427 0.583
5 8 21.982 20.43
5 9 15.425 20.027
5 10 49.103 10.019
5 11 27.073 4.333
5 12 19.104 8.705
5 13 41.588 31.555
5 14 39.23 23.249
5 15 31.65 46.938
5 16 36.121 39.594
5 17 14.514 13.202
5 18 35.312 29.676
5 19 35.61 8.489
5 20 43.872 17.167
5 21 17.682 41.001
5 22 24.104 25.672
5 23 21.716 28.332
5 24 43.689 24.482
5 25 25.029 17.807
5 26 29.815 38.28
5 27 33.622 23.774
5 28 40.664 48.839
5 29 39.192 49.774
5 30 23.956 18.155
5 31 18.967 46.175
5 32 35.599 7.826
5 33 18.163 27.777
5 34 28.851 32.611
5 35 20.276 34.971
5 36 18.546 29.955
5 37 45.224 28.279
5 38 37.007 16.975
5 39 39.447 28.979
5 40 36.242 29.522
5 41 22.617 11.92
5 42 30.902 5.222
5 43 40.558 37.234
5 44 30.473 45.547
5 45 46.418 6.062
5 46 2.203 2.419
5 47 16.51 9.637
5 48 22.757 22.231
5 49 24.092 12.755
6 7 25.14 0.891
6 8 49.979 24.454
6 9 35.321 9.091
6 10 16.73 38.558
6 11 22.517 34.356
6 12 43.089 6.624
6 13 15.623 8.793
6 14 40.083 40.058
6 15 34.961 49.11
6 16 36.524 29.994
6 17 22.171 39.622
6 18 5.084 2.459
6 19 48.705 27.533
6 20 10.182 18.574
6 21 35.415 3.817
6 22 38.781 40.631
6 23 27.408 18.463
6 24 39.403 26.432
6 25 30.897 26.366
6 26 22.897 11.516
6 27 30.447 44.652
6 28 43.342 28.324
6 29 22.989 27.676
6 30 10.783 26.79
6 31 36.602 41.626
6 32 41.64 11.377
6 33 13.666 16.731
6 34 14.481 28.482
6 35 20.718 37.043
6 36 36.152 13.162
6 37 43.876 20.779
6 38 22.668 44.412
6 39 41.095 36.574
6 40 19.482 25.629
6 41 14.596 24.535
6 42 30.646 6.825
6 43 26.397 12.349
6 44 2.474 0.63
6 45 0.659 0.421
6 46 6.862 0.593
6 47 12.492 18.296
6 48 45.193 17.931
6 49 4.714 1.377
7 8 6.45 0.623
7 9 37.522 24.367
7 10 12.818 30.743
7 11 46.199 36.698
7 12 48.401 32.174
7 13 36.912 9.334
7 14 45.878 36.957
7 15 19.382 37.421
7 16 23.493 16.801
7 17 44.962 20.593
7 18 4.702 0.395
7 19 21.585 35.83
7 20 48.496 20.575
7 21 18.315 43.98
7 22 13.434 10.01
7 23 11.908 25.007
7 24 9.635 1.156
7 25 47.753 27.58
7 26 39.993 37.029
7 27 36.155 12.813
7 28 37.793 41.659
7 29 48.258 27.754
7 30 40.489 34.07
7 31 44.106 5.949
7 32 40.423 13.58
7 33 48.07 31.116
7 34 33.639 46.945
7 35 10.233 29.878
7 36 12.793 3.426
7 37 37.644 22.313
7 38 49.698 32.875
7 39 13.969 47.736
7 40 25.997 45.341
7 41 31.708 44.488
7 42 29.923 21.145
7 43 26.335 10.927
7 44 13.547 46.292
7 45 24.668 19.693
7 46 33.128 28.962
7 47 32.844 35.898
7 48 39.76 20.055
7 49 17.728 6.486
8 9 36.862 1.934
8 10 12.018 26.861
8 11 41.237 46.271
8 12 39.801 28.822
8 13 47.57 29.59
8 14 38.672 3.107
8 15 25.98 3.629
8 16 48.277 29.097
8 17 28.817 27.232
8 18 15.31 37.97
8 19 16.865 29.562
8 20 30.574 40.227
8 21 49.136 44.148
8 22 37.076 41.396
8 23 30.947 20.93
8 24 17.137 45.757
8 25 21.789 37.321
8 26 45.681 16.965
8 27 29.896 35.856
8 28 27.007 43.273
8 29 16.554 19.446
8 30 34.701 22.627
8 31 39.654 24.343
8 32 20.808 24.092
8 33 42.159 19.771
8 34 37.959 18.126
8 35 35.071 20.696
8 36 45.34 35.107
8 37 30.562 46.188
8 38 6.028 2.581
8 39 13.084 27.395
8 40 31.207 19.52
8 41 32.572 5.885
8 42 29.481 45.968
8 43 40.614 32.812
8 44 4.808 2.991
8 45 16.317 13.129
8 46 15.052 15.509
8 47 6.092 2.293
8 48 2.693 0.423
8 49 47.246 22.288
9 10 15.926 46.693
9 11 14.087 17.553
9 12 42.054 18.83
9 13 33.524 3.9
9 14 3.169 1.307
9 15 34.8 44.543
9 16 47.328 3.418
9 17 16.926 12.162
9 18 37.247 27.913
9 19 10.621 30.121
9 20 29.671 15.412
9 21 41.604 17.664
9 22 37.45 48.075
9 23 32.313 37.143
9 24 10.521 21.376
9 25 13.907 31.869
9 26 13.684 45.567
9 27 19.572 39.892
9 28 13.992 28.275
9 29 13.608 18.531
9 30 28.949 44.995
9 31 28.691 39.164
9 32 27.123 33.216
9 33 28.134 28.854
9 34 49.265 4.127
9 35 21.394 33.6
9 36 40.911 39.06
9 37 47.752 3.016
9 38 24.088 35.839
9 39 13.076 36.462
9 40 11.805 19.493
9 41 12.143 34.814
9 42 19.221 9.592
9 43 16.505 41.367
9 44 9.903 2.071
9 45 38.893 9.444
9 46 41.232 42.262
9 47 35.473 41.82
9 48 21.035 44.849
9 49 48.891 42.817
10 11 28.531 0.751
10 12 18.892 0.583
10 13 12.04 17.925
10 14 33.831 17.486
10 15 38.215 21.739
10 16 3.425 0.237
10 17 8.644 1.944
10 18 6.792 2.576
10 19 30.172 28.442
10 20 25.018 46.575
10 21 28.825 10.727
10 22 26.668 26.796
10 23 33.904 19.962
10 24 34.258 16.173
10 25 43.767 23.743
10 26 36.766 28.228
10 27 20.218 19.127
10 28 36.897 14.569
10 29 4.934 0.041
10 30 38.402 26.656
10 31 49.862 6.886
10 32 29.469 4.338
10 33 36.626 41.447
10 34 11.818 36.041
10 35 15.91 30.236
10 36 11.986 17.903
10 37 41.735 31.347
10 38 8.503 1.325
10 39 48.053 16.112
10 40 45.046 28.27
10 41 42.249 21.794
10 42 12.992 15.344
10 43 25.499 26.515
10 44 19.467 15.95
10 45 12.529 11.328
10 46 38.87 25.33
10 47 34.469 43.58
10 48 4.902 1.143
10 49 13.948 20.998
11 12 27.617 0.896
11 13 15.399 27.275
11 14 26.922 15.134
11 15 35.849 12.544
11 16 27.117 4.982
11 17 45.463 47.059
11 18 8.044 2.883
11 19 20.013 23.874
11 20 2.615 1.001
11 21 29.422 26.744
11 22 35.724 32.529
11 23 27.1 27.551
11 24 34.22 12.455
11 25 35.64 47.189
11 26 12.598 5.537
11 27 27.781 33.985
11 28 29.307 33.981
11 29 46.853 15.863
11 30 48.734 4.104
11 31 41.193 44.576
11 32 34.591 38.454
11 33 31.729 9.82
11 34 16.058 34.722
11 35 22.111 28.075
11 36 19.733 34.745
11 37 31.572 40.673
11 38 37.868 22.266
11 39 29.493 9.688
11 40 44.367 19.983
11 41 5.598 2.507
11 42 41.926 34.345
11 43 45.681 29.19
11 44 1.695 1.845
11 45 13.386 33.165
11 46 35.158 45.862
11 47 46.3 30.721
11 48 14.929 9.492
11 49 43.893 37.745
12 13 28.263 42.756
12 14 28.093 6.129
12 15 15.062 19.695
12 16 13.291 14.551
12 17 22.025 7.985
12 18 18.288 46.178
12 19 6.485 2.011
12 20 1.853 1.209
12 21 41.07 36.762
12 22 8.061 1.702
12 23 35.133 27.603
12 24 15.014 42.58
12 25 27.192 48.948
12 26 10.299 35.915
12 27 42.461 27.858
12 28 17.048 48.929
12 29 31.048 16.852
12 30 39.134 34.559
12 31 20.19 14.898
12 32 43.347 26.546
12 33 42.55 30.671
12 34 22.982 5.0
12 35 10.678 43.947
12 36 30.337 24.904
12 37 47.541 40.158
12 38 27.128 23.514
12 39 35.853 8.158
12 40 36.945 13.398
12 41 29.896 4.212
12 42 34.653 15.332
12 43 46.155 13.12
12 44 14.96 31.669
12 45 39.162 32.759
12 46 35.967 17.958
12 47 40.626 42.206
12 48 18.631 5.426
12 49 27.863 42.806
13 14 45.25 1.624
13 15 21.015 34.159
13 16 25.944 24.74
13 17 3.74 0.51
13 18 10.048 31.033
13 19 23.571 7.93
13 20 26.397 32.88
13 21 10.876 22.607
13 22 37.472 11.445
13 23 36.471 37.947
13 24 31.833 14.887
13 25 23.191 28.773
13 26 23.157 28.047
13 27 26.858 3.854
13 28 34.255 12.163
13 29 20.029 36.847
13 30 47.372 41.897
13 31 30.218 16.394
13 32 16.965 9.256
13 33 39.297 4.019
13 34 41.526 31.219
13 35 40.361 44.649
13 36 49.623 37.267
13 37 19.668 36.696
13 38 13.373 8.501
13 39 20.154 4.662
13 40 40.435 40.517
13 41 10.289 8.711
13 42 36.226 13.383
13 43 10.573 4.755
13 44 48.896 41.204
13 45 31.486 27.118
13 46 30.338 4.502
13 47 34.479 8.97
13 48 0.227 2.831
13 49 12.834 11.356
14 15 21.228 9.367
14 16 49.176 37.56
14 17 16.826 7.369
14 18 9.575 2.912
14 19 25.207 3.792
14 20 40.596 17.609
14 21 23.65 33.863
14 22 41.674 7.559
14 23 18.404 5.766
14 24 37.932 5.078
14 25 23.073 28.65
14 26 26.842 30.966
14 27 46.02 28.993
14 28 12.817 10.439
14 29 28.744 39.385
14 30 43.062 45.228
14 31 26.154 14.497
14 32 15.076 46.03
14 33 41.968 9.397
14 34 21.384 19.501
14 35 2.511 2.611
14 36 15.197 28.6
14 37 37.344 47.463
14 38 41.792 8.093
14 39 9.424 2.738
14 40 16.681 16.208
14 41 18.765 13.508
14 42 37.389 23.649
14 43 36.068 48.688
14 44 13.365 28.713
14 45 38.833 15.389
14 46 21.122 47.786
14 47 12.21 3.819
14 48 25.234 26.238
14 49 10.393 49.967
15 16 33.207 0.63
15 17 16.37 0.252
15 18 15.703 16.548
15 19 27.899 19.896
15 20 49.34 22.347
15 21 48.414 24.241
15 22 40.538 44.022
15 23 48.001 34.579
15 24 15.009 17.613
15 25 43.781 8.446
15 26 12.408 5.033
15 27 47.299 12.128
15 28 41.18 41.126
15 29 18.297 33.72
15 30 35.83 24.272
15 31 26.374 24.446
15 32 16.854 38.136
15 33 22.595 21.819
15 34 10.015 7.751
15 35 46.921 27.638
15 36 11.38 47.74
15 37 44.728 14.527
15 38 48.743 11.199
15 39 32.817 34.992
15 40 48.176 25.577
15 41 33.522 47.634
15 42 44.142 49.15
15 43 45.633 38.134
15 44 31.156 20.166
15 45 18.626 18.113
15 46 11.082 31.897
15 47 25.549 23.646
15 48 26.149 20.458
15 49 26.942 30.708
16 17 36.897 0.228
16 18 27.145 38.231
16 19 2.961 2.518
16 20 33.804 27.939
16 21 31.617 46.546
16 22 34.257 27.374
16 23 25.994 5.166
16 24 38.011 17.176
16 25 31.854 20.946
16 26 43.602 43.822
16 27 40.212 17.404
16 28 49.26 46.342
16 29 43.692 41.295
16 30 18.332 9.48
16 31 10.298 22.596
16 32 25.305 42.651
16 33 30.144 42.163
16 34 31.707 21.956
16 35 40.908 16.763
16 36 30.117 22.565
16 37 32.491 7.059
16 38 27.905 5.329
16 39 48.582 48.418
16 40 47.541 17.785
16 41 48.84 21.097
16 42 27.114 42.409
16 43 14.518 20.274
16 44 39.332 3.018
16 45 38.955 5.903
16 46 30.458 9.745
16 47 41.635 15.007
16 48 28.914 36.612
16 49 16.486 21.312
17 18 15.208 11.857
17 19 46.302 10.741
17 20 22.525 9.415
17 21 29.523 18.531
17 22 46.293 43.025
17 23 40.013 28.444
17 24 41.518 46.688
17 25 34.638 20.544
17 26 46.133 46.368
17 27 15.061 40.926
17 28 31.777 18.74
17 29 10.036 35.279
17 30 12.007 20.831
17 31 28.148 7.368
17 32 25.093 31.406
17 33 47.027 9.368
17 34 42.067 17.469
17 35 38.919 7.97
17 36 44.529 6.383
17 37 12.378 10.701
17 38 30.592 38.175
17 39 22.464 43.666
17 40 11.207 35.249
17 41 35.128 47.666
17 42 49.642 11.211
17 43 24.365 44.866
17 44 18.136 6.768
17 45 29.883 32.047
17 46 20.625 35.407
17 47 37.088 37.951
17 48 44.737 39.458
17 49 19.799 36.605
18 19 10.304 1.266
18 20 26.43 9.665
18 21 18.138 4.923
18 22 27.533 5.251
18 23 49.293 16.132
18 24 1.886 2.065
18 25 35.352 6.742
18 26 31.626 24.128
18 27 45.014 49.776
18 28 19.659 21.648
18 29 13.584 26.435
18 30 37.176 33.807
18 31 34.391 49.85
18 32 6.623 0.164
18 33 19.086 17.857
18 34 32.108 18.92
18 35 21.645 16.236
18 36 46.177 46.242
18 37 18.776 23.007
18 38 1.195 1.821
18 39 31.416 5.774
18 40 22.36 10.675
18 41 35.946 19.225
18 42 28.66 19.723
18 43 19.013 35.244
18 44 47.272 13.453
18 45 27.537 20.162
18 46 44.574 43.663
18 47 46.945 26.648
18 48 32.854 22.39
18 49 47.561 16.605
19 20 15.907 24.587
19 21 44.766 41.512
19 22 36.7 26.573
19 23 24.327 38.664
19 24 40.374 36.709
19 25 36.251 9.407
19 26 13.393 30.151
19 27 13.613 15.911
19 28 20.343 40.856
19 29 41.635 9.339
19 30 36.733 22.218
19 31 42.455 9.705
19 32 35.122 26.398
19 33 14.872 37.456
19 34 36.134 27.79
19 35 41.95 34.34
19 36 44.879 24.699
19 37 36.587 10.106
19 38 25.627 33.95
19 39 18.404 49.862
19 40 35.804 36.921
19 41 45.647 20.994
19 42 46.503 5.653
19 43 8.809 1.09
19 44 23.656 14.797
19 45 30.178 17.145
19 46 23.784 12.009
19 47 32.898 40.314
19 48 13.417 37.29
19 49 35.517 41.374
20 21 30.475 0.649
20 22 14.361 0.064
20 23 25.948 20.858
20 24 20.828 16.413
20 25 35.685 25.707
20 26 22.781 32.883
20 27 36.704 23.582
20 28 30.417 15.11
20 29 27.105 47.023
20 30 25.978 13.086
20 31 38.617 44.573
20 32 48.095 12.808
20 33 39.055 28.798
20 34 46.168 8.512
20 35 34.962 31.684
20 36 20.193 15.022
20 37 17.222 25.714
20 38 29.017 29.936
20 39 34.035 23.739
20 40 16.308 26.373
20 41 27.925 39.554
20 42 7.294 2.655
20 43 25.355 21.64
20 44 36.719 39.13
20 45 48.997 8.702
20 46 11.266 19.081
20 47 42.605 17.091
20 48 27.434 32.045
20 49 16.589 17.579
21 22 42.885 0.512
21 23 7.971 1.507
21 24 18.19 36.129
21 25 28.477 8.951
21 26 38.996 21.645
21 27 10.811 15.909
21 28 21.346 48.05
21 29 36.116 32.148
21 30 13.741 17.156
21 31 41.277 4.542
21 32 24.47 26.585
21 33 13.176 47.616
21 34 30.969 45.868
21 35 40.421 41.975
21 36 15.436 29.328
21 37 21.744 3.97
21 38 15.738 17.743
21 39 47.432 30.81
21 40 9.151 0.027
21 41 27.076 34.177
21 42 37.789 36.18
21 43 23.083 4.814
21 44 18.598 26.819
21 45 31.621 5.408
21 46 28.605 11.27
21 47 16.691 40.237
21 48 46.139 3.69
21 49 25.323 14.57
22 23 12.814 9.132
22 24 38.355 21.13
22 25 47.372 17.965
22 26 45.086 7.526
22 27 10.087 25.34
22 28 40.94 47.761
22 29 21.06 40.729
22 30 14.8 7.902
22 31 18.877 40.35
22 32 32.455 30.393
22 33 42.968 26.574
22 34 36.347 46.799
22 35 15.019 35.045
22 36 25.893 10.584
22 37 41.207 42.409
22 38 24.666 16.232
22 39 47.006 20.978
22 40 46.364 16.133
22 41 38.083 21.521
22 42 13.615 28.952
22 43 45.457 37.307
22 44 28.669 31.522
22 45 17.711 33.487
22 46 43.582 9.793
22 47 48.46 21.228
22 48 24.511 17.251
22 49 27.758 9.392
23 24 33.499 1.662
23 25 21.794 40.739
23 26 28.72 4.745
23 27 3.369 2.299
23 28 37.149 35.054
23 29 19.934 40.584
23 30 11.997 29.037
23 31 22.014 4.97
23 32 28.398 33.706
23 33 45.667 29.433
23 34 39.0 41.139
23 35 27.208 9.652
23 36 33.345 21.682
23 37 23.334 40.324
23 38 19.584 41.363
23 39 24.437 31.964
23 40 17.919 23.765
23 41 13.218 49.65
23 42 35.981 48.968
23 43 39.012 23.873
23 44 40.306 20.377
23 45 33.946 36.165
23 46 12.936 40.516
23 47 43.976 17.535
23 48 10.624 47.835
23 49 42.263 10.5
24 25 33.433 40.885
24 26 46.782 7.425
24 27 38.158 33.477
24 28 13.701 22.483
24 29 15.043 4.645
24 30 2.884 2.774
24 31 44.063 23.306
24 32 20.537 46.373
24 33 48.338 43.042
24 34 12.807 48.929
24 35 45.458 45.946
24 36 17.336 40.647
24 37 41.471 36.792
24 38 40.466 14.274
24 39 40.425 5.209
24 40 49.48 35.055
24 41 44.147 45.286
24 42 2.701 2.289
24 43 13.111 35.421
24 44 34.483 12.646
24 45 30.359 46.915
24 46 5.706 1.724
24 47 33.946 7.087
24 48 37.858 25.772
24 49 38.461 35.493
25 26 19.434 0.582
25 27 18.702 0.551
25 28 37.395 36.214
25 29 42.854 20.444
25 30 10.609 46.609
25 31 30.99 3.796
25 32 10.974 8.823
25 33 43.149 49.192
25 34 22.756 38.189
25 35 40.12 12.224
25 36 44.52 22.873
25 37 36.466 33.135
25 38 44.522 29.627
25 39 11.867 6.671
25 40 19.612 12.707
25 41 14.039 28.08
25 42 42.529 26.813
25 43 25.145 5.867
25 44 44.642 42.079
25 45 9.425 2.045
25 46 33.46 3.482
25 47 29.078 29.495
25 48 37.729 34.913
25 49 29.186 44.757
26 27 35.555 0.903
26 28 47.216 3.741
26 29 25.547 28.598
26 30 17.219 44.951
26 31 21.959 3.25
26 32 17.814 26.794
26 33 34.363 36.031
26 34 10.468 40.347
26 35 39.331 22.698
26 36 37.423 21.105
26 37 44.465 26.196
26 38 2.826 0.543
26 39 9.614 0.336
26 40 36.526 26.646
26 41 46.025 45.308
26 42 29.536 31.124
26 43 3.145 1.835
26 44 12.371 12.492
26 45 20.204 4.384
26 46 32.704 46.055
26 47 15.402 11.465
26 48 4.84 0.371
26 49 13.94 17.832
27 28 39.772 26.776
27 29 30.272 47.439
27 30 49.943 38.901
27 31 44.014 13.752
27 32 49.295 45.177
27 33 19.103 20.514
27 34 21.17 30.088
27 35 39.206 33.137
27 36 23.063 47.55
27 37 39.43 21.614
27 38 23.313 38.189
27 39 24.779 15.555
27 40 25.984 21.016
27 41 39.065 19.524
27 42 11.929 6.162
27 43 41.927 30.221
27 44 20.859 13.376
27 45 37.496 30.063
27 46 32.415 34.999
27 47 42.172 25.36
27 48 29.75 25.766
27 49 49.117 31.559
28 29 37.4 1.515
28 30 31.504 30.645
28 31 29.345 46.093
28 32 44.734 42.324
28 33 29.576 10.427
28 34 27.909 4.434
28 35 39.411 21.563
28 36 26.896 16.472
28 37 47.648 35.465
28 38 6.858 1.868
28 39 14.594 33.555
28 40 30.463 11.84
28 41 12.847 4.402
28 42 21.494 29.089
28 43 22.259 23.583
28 44 40.919 13.699
28 45 43.961 14.155
28 46 47.273 14.283
28 47 39.397 49.793
28 48 42.142 49.93
28 49 36.069 30.25
29 30 21.175 14.119
29 31 34.876 48.332
29 32 42.081 17.269
29 33 11.123 7.527
29 34 29.362 42.008
29 35 21.183 31.153
29 36 46.105 45.718
29 37 22.61 23.045
29 38 32.289 9.683
29 39 43.401 38.226
29 40 24.46 32.343
29 41 31.974 8.443
29 42 22.679 28.763
29 43 42.962 43.152
29 44 18.394 44.235
29 45 48.362 9.393
29 46 21.075 23.231
29 47 41.752 17.389
29 48 22.556 43.985
29 49 10.247 3.856
30 31 18.07 0.143
30 32 47.496 0.874
30 33 2.631 1.393
30 34 38.631 22.562
30 35 14.164 23.566
30 36 24.479 11.428
30 37 38.683 44.377
30 38 44.543 26.951
30 39 45.561 15.434
30 40 23.811 18.911
30 41 37.455 37.618
30 42 1.83 1.729
30 43 13.074 13.853
30 44 18.553 36.014
30 45 24.902 43.938
30 46 17.87 16.527
30 47 34.243 45.637
30 48 29.822 24.211
30 49 30.199 48.17
31 32 29.957 0.978
31 33 18.249 35.983
31 34 18.204 41.515
31 35 30.754 14.897
31 36 49.21 40.91
31 37 18.07 7.484
31 38 49.19 13.743
31 39 47.369 29.05
31 40 28.249 13.86
31 41 27.111 18.349
31 42 28.401 26.818
31 43 23.152 36.649
31 44 11.246 14.826
31 45 27.361 19.257
31 46 18.659 7.737
31 47 44.59 11.225
31 48 40.291 9.719
31 49 43.041 8.815
32 33 23.59 19.923
32 34 42.138 22.234
32 35 49.13 8.99
32 36 23.264 47.187
32 37 30.354 34.721
32 38 15.647 18.419
32 39 41.989 20.729
32 40 46.977 49.685
32 41 44.264 10.745
32 42 27.743 47.007
32 43 34.34 40.348
32 44 37.33 32.104
32 45 33.378 22.592
32 46 17.079 15.518
32 47 12.484 27.173
32 48 32.888 19.453
32 49 41.846 12.225
33 34 38.646 1.11
33 35 1.73 0.141
33 36 38.15 3.028
33 37 15.945 20.032
33 38 36.443 46.008
33 39 19.158 22.556
33 40 20.014 44.889
33 41 7.227 2.538
33 42 32.507 42.936
33 43 14.418 47.228
33 44 15.894 47.808
33 45 32.559 41.01
33 46 17.248 22.735
33 47 38.168 16.616
33 48 47.87 46.788
33 49 10.84 37.934
34 35 28.721 17.664
34 36 22.802 7.027
34 37 47.2 27.459
34 38 45.747 35.231
34 39 33.336 28.522
34 40 47.475 19.295
34 41 30.969 4.337
34 42 2.719 0.716
34 43 0.815 2.268
34 44 38.006 18.032
34 45 27.47 13.719
34 46 22.355 31.822
34 47 6.576 1.731
34 48 36.613 27.969
34 49 12.106 5.663
35 36 33.967 0.218
35 37 29.188 0.495
35 38 37.944 35.591
35 39 24.828 16.262
35 40 22.571 40.385
35 41 41.571 6.636
35 42 21.353 49.853
35 43 14.269 6.86
35 44 42.904 12.166
35 45 29.042 43.238
35 46 10.508 47.649
35 47 42.813 15.595
35 48 40.77 13.438
35 49 27.789 42.629
36 37 24.093 0.45
36 38 24.272 28.461
36 39 15.224 5.728
36 40 30.2 17.405
36 41 16.548 19.515
36 42 48.775 14.744
36 43 42.522 47.011
36 44 31.095 42.098
36 45 42.66 14.351
36 46 37.473 26.602
36 47 13.499 14.471
36 48 34.803 24.873
36 49 48.335 27.557
37 38 31.772 43.43
37 39 32.494 47.375
37 40 0.913 0.097
37 41 30.31 13.971
37 42 32.0 8.541
37 43 41.872 36.592
37 44 16.371 11.952
37 45 16.939 32.376
37 46 36.025 9.604
37 47 1.741 2.31
37 48 44.441 37.824
37 49 14.785 45.557
38 39 34.185 1.826
38 40 9.9 2.582
38 41 47.651 21.922
38 42 14.02 19.041
38 43 18.259 29.861
38 44 23.165 11.871
38 45 49.4 38.77
38 46 40.123 22.175
38 47 30.669 12.632
38 48 21.021 9.248
38 49 33.773 42.727
39 40 44.383 47.812
39 41 37.509 42.318
39 42 15.223 23.65
39 43 28.573 48.319
39 44 20.827 11.214
39 45 20.512 3.791
39 46 30.738 29.571
39 47 45.953 10.693
39 48 11.277 16.895
39 49 31.392 46.137
40 41 45.508 0.508
40 42 23.039 0.716
40 43 35.821 38.091
40 44 49.945 8.831
40 45 19.187 20.274
40 46 36.044 27.378
40 47 6.508 0.393
40 48 38.905 5.29
40 49 42.062 21.239
41 42 23.613 0.347
41 43 33.362 7.379
41 44 22.956 10.018
41 45 43.191 18.792
41 46 41.516 35.803
41 47 34.261 20.501
41 48 35.763 30.613
41 49 14.49 47.498
42 43 44.517 25.69
42 44 33.511 25.482
42 45 20.039 12.036
42 46 18.569 23.234
42 47 29.51 16.327
42 48 31.503 31.958
42 49 34.432 47.11
43 44 43.613 1.027
43 45 6.848 2.581
43 46 16.011 27.897
43 47 1.733 0.513
43 48 11.853 31.498
43 49 44.253 36.534
44 45 30.325 26.775
44 46 31.915 9.983
44 47 24.764 21.617
44 48 12.125 35.838
44 49 27.476 43.876
45 46 37.722 0.276
45 47 13.483 0.31
45 48 44.904 38.949
45 49 11.332 22.145
46 47 47.589 0.119
46 48 11.329 24.693
46 49 25.381 26.155
47 48 25.559 10.293
47 49 20.936 4.261
48 49 41.438 1.737