50
80
0 1 4 0.5
0 2 5 0.5
0 3 4 0.5
0 4 4 0.5
0 5 4 0.5
0 6 4 0.5
0 7 4 0.5
0 8 4 0.5
0 9 4 0.5
0 10 4 0.5
0 11 4 0.5
0 12 4 0.5
0 13 4 0.5
0 14 25 21
0 15 4 0.5
0 16 4 0.5
0 17 4 0.5
0 18 4 0.5
0 19 4 0.5
0 20 4 0.5
0 21 4 0.5
0 22 4 0.5
0 23 4 0.5
0 24 4 0.5
0 25 4 0.5
0 26 4 0.5
0 27 4 0.5
0 28 4 0.5
0 29 4 0.5
0 30 4 0.5
0 31 4 0.5
0 32 4 0.5
0 33 4 0.5
0 34 4 0.5
0 35 4 0.5
0 36 4 0.5
0 37 4 0.5
0 38 4 0.5
0 39 4 0.5
0 40 4 0.5
0 41 4 0.5
0 42 4 0.5
0 43 4 0.5
0 44 4 0.5
0 45 4 0.5
0 46 4 0.5
0 47 4 0.5
0 48 4 0.5
0 49 4 0.5
1 2 4 0.5
1 3 4 0.5
1 4 4 0.5
1 5 4 0.5
1 6 4 0.5
1 7 4 0.5
1 8 4 0.5
1 9 4 0.5
1 10 4 0.5
1 11 4 0.5
1 12 4 0.5
1 13 4 0.5
1 14 20 1
1 15 4 0.5
1 16 4 0.5
1 17 4 0.5
1 18 4 0.5
1 19 4 0.5
1 20 4 0.5
1 21 4 0.5
1 22 4 0.5
1 23 4 0.5
1 24 4 0.5
1 25 4 0.5
1 26 4 0.5
1 27 4 0.5
1 28 4 0.5
1 29 4 0.5
1 30 4 0.5
1 31 4 0.5
1 32 4 0.5
1 33 4 0.5
1 34 4 0.5
1 35 4 0.5
1 36 4 0.5
1 37 4 0.5
1 38 4 0.5
1 39 4 0.5
1 40 4 0.5
1 41 4 0.5
1 42 4 0.5
1 43 4 0.5
1 44 4 0.5
1 45 4 0.5
1 46 4 0.5
1 47 4 0.5
1 48 4 0.5
1 49 4 0.5
2 3 4 0.5
2 4 4 0.5
2 5 4 0.5
2 6 4 0.5
2 7 4 0.5
2 8 4 0.5
2 9 4 0.5
2 10 4 0.5
2 11 4 0.5
2 12 4 0.5
2 13 4 0.5
2 14 25 21
2 15 4 0.5
2 16 4 0.5
2 17 4 0.5
2 18 4 0.5
2 19 4 0.5
2 20 4 0.5
2 21 4 0.5
2 22 4 0.5
2 23 4 0.5
2 24 4 0.5
2 25 4 0.5
2 26 4 0.5
2 27 4 0.5
2 28 4 0.5
2 29 4 0.5
2 30 4 0.5
2 31 4 0.5
2 32 4 0.5
2 33 4 0.5
2 34 4 0.5
2 35 4 0.5
2 36 4 0.5
2 37 4 0.5
2 38 4 0.5
2 39 4 0.5
2 40 4 0.5
2 41 4 0.5
2 42 4 0.5
2 43 4 0.5
2 44 4 0.5
2 45 4 0.5
2 46 4 0.5
2 47 4 0.5
2 48 4 0.5
2 49 4 0.5
3 4 4 0.5
3 5 4 0.5
3 6 4 0.5
3 7 4 0.5
3 8 4 0.5
3 9 4 0.5
3 10 4 0.5
3 11 4 0.5
3 12 4 0.5
3 13 4 0.5
3 14 25 21
3 15 4 0.5
3 16 4 0.5
3 17 4 0.5
3 18 4 0.5
3 19 4 0.5
3 20 4 0.5
3 21 4 0.5
3 22 4 0.5
3 23 4 0.5
3 24 4 0.5
3 25 4 0.5
3 26 4 0.5
3 27 4 0.5
3 28 4 0.5
3 29 4 0.5
3 30 4 0.5
3 31 4 0.5
3 32 4 0.5
3 33 4 0.5
3 34 4 0.5
3 35 4 0.5
3 36 4 0.5
3 37 4 0.5
3 38 4 0.5
3 39 4 0.5
3 40 4 0.5
3 41 4 0.5
3 42 4 0.5
3 43 4 0.5
3 44 4 0.5
3 45 4 0.5
3 46 4 0.5
3 47 4 0.5
3 48 4 0.5
3 49 4 0.5
4 5 4 0.5
4 6 4 0.5
4 7 4 0.5
4 8 4 0.5
4 9 4 0.5
4 10 4 0.5
4 11 4 0.5
4 12 4 0.5
4 13 4 0.5
4 14 25 21
4 15 4 0.5
4 16 4 0.5
4 17 4 0.5
4 18 4 0.5
4 19 4 0.5
4 20 4 0.5
4 21 4 0.5
4 22 4 0.5
4 23 4 0.5
4 24 4 0.5
4 25 4 0.5
4 26 4 0.5
4 27 4 0.5
4 28 4 0.5
4 29 4 0.5
4 30 4 0.5
4 31 4 0.5
4 32 4 0.5
4 33 4 0.5
4 34 4 0.5
4 35 4 0.5
4 36 4 0.5
4 37 4 0.5
4 38 4 0.5
4 39 4 0.5
4 40 4 0.5
4 41 4 0.5
4 42 4 0.5
4 43 4 0.5
4 44 4 0.5
4 45 4 0.5
4 46 4 0.5
4 47 4 0.5
4 48 4 0.5
4 49 4 0.5
5 6 4 0.5
5 7 4 0.5
5 8 4 0.5
5 9 4 0.5
5 10 4 0.5
5 11 4 0.5
5 12 4 0.5
5 13 4 0.5
5 14 25 21
5 15 4 0.5
5 16 4 0.5
5 17 4 0.5
5 18 4 0.5
5 19 4 0.5
5 20 4 0.5
5 21 4 0.5
5 22 4 0.5
5 23 4 0.5
5 24 4 0.5
5 25 4 0.5
5 26 4 0.5
5 27 4 0.5
5 28 4 0.5
5 29 4 0.5
5 30 4 0.5
5 31 4 0.5
5 32 4 0.5
5 33 4 0.5
5 34 4 0.5
5 35 4 0.5
5 36 4 0.5
5 37 4 0.5
5 38 4 0.5
5 39 4 0.5
5 40 4 0.5
5 41 4 0.5
5 42 4 0.5
5 43 4 0.5
5 44 4 0.5
5 45 4 0.5
5 46 4 0.5
5 47 4 0.5
5 48 4 0.5
5 49 4 0.5
6 7 5 0.5
6 8 4 0.5
6 9 4 0.5
6 10 4 0.5
6 11 4 0.5
6 12 4 0.5
6 13 4 0.5
6 14 25 21
6 15 4 0.5
6 16 4 0.5
6 17 4 0.5
6 18 4 0.5
6 19 4 0.5
6 20 4 0.5
6 21 4 0.5
6 22 4 0.5
6 23 4 0.5
6 24 4 0.5
6 25 4 0.5
6 26 4 0.5
6 27 4 0.5
6 28 4 0.5
6 29 4 0.5
6 30 4 0.5
6 31 4 0.5
6 32 4 0.5
6 33 4 0.5
6 34 4 0.5
6 35 4 0.5
6 36 4 0.5
6 37 4 0.5
6 38 4 0.5
6 39 4 0.5
6 40 4 0.5
6 41 4 0.5
6 42 4 0.5
6 43 4 0.5
6 44 4 0.5
6 45 4 0.5
6 46 4 0.5
6 47 4 0.5
6 48 4 0.5
6 49 4 0.5
7 8 4 0.5
7 9 4 0.5
7 10 4 0.5
7 11 4 0.5
7 12 4 0.5
7 13 4 0.5
7 14 25 21
7 15 4 0.5
7 16 4 0.5
7 17 4 0.5
7 18 4 0.5
7 19 4 0.5
7 20 4 0.5
7 21 4 0.5
7 22 4 0.5
7 23 4 0.5
7 24 4 0.5
7 25 4 0.5
7 26 4 0.5
7 27 4 0.5
7 28 4 0.5
7 29 4 0.5
7 30 4 0.5
7 31 4 0.5
7 32 4 0.5
7 33 4 0.5
7 34 4 0.5
7 35 4 0.5
7 36 4 0.5
7 37 4 0.5
7 38 4 0.5
7 39 4 0.5
7 40 4 0.5
7 41 4 0.5
7 42 4 0.5
7 43 4 0.5
7 44 4 0.5
7 45 4 0.5
7 46 4 0.5
7 47 4 0.5
7 48 4 0.5
7 49 4 0.5
8 9 4 0.5
8 10 4 0.5
8 11 4 0.5
8 12 4 0.5
8 13 4 0.5
8 14 25 21
8 15 4 0.5
8 16 4 0.5
8 17 4 0.5
8 18 4 0.5
8 19 4 0.5
8 20 4 0.5
8 21 4 0.5
8 22 4 0.5
8 23 4 0.5
8 24 4 0.5
8 25 4 0.5
8 26 4 0.5
8 27 4 0.5
8 28 4 0.5
8 29 4 0.5
8 30 4 0.5
8 31 4 0.5
8 32 4 0.5
8 33 4 0.5
8 34 4 0.5
8 35 4 0.5
8 36 4 0.5
8 37 4 0.5
8 38 4 0.5
8 39 4 0.5
8 40 4 0.5
8 41 4 0.5
8 42 4 0.5
8 43 4 0.5
8 44 4 0.5
8 45 4 0.5
8 46 4 0.5
8 47 4 0.5
8 48 4 0.5
8 49 4 0.5
9 10 4 0.5
9 11 4 0.5
9 12 4 0.5
9 13 4 0.5
9 14 25 21
9 15 4 0.5
9 16 4 0.5
9 17 4 0.5
9 18 4 0.5
9 19 4 0.5
9 20 4 0.5
9 21 4 0.5
9 22 4 0.5
9 23 4 0.5
9 24 4 0.5
9 25 4 0.5
9 26 4 0.5
9 27 4 0.5
9 28 4 0.5
9 29 4 0.5
9 30 4 0.5
9 31 4 0.5
9 32 4 0.5
9 33 4 0.5
9 34 4 0.5
9 35 4 0.5
9 36 4 0.5
9 37 4 0.5
9 38 4 0.5
9 39 4 0.5
9 40 4 0.5
9 41 4 0.5
9 42 4 0.5
9 43 4 0.5
9 44 4 0.5
9 45 4 0.5
9 46 4 0.5
9 47 4 0.5
9 48 4 0.5
9 49 4 0.5
10 11 4 0.5
10 12 4 0.5
10 13 4 0.5
10 14 25 21
10 15 4 0.5
10 16 4 0.5
10 17 4 0.5
10 18 4 0.5
10 19 4 0.5
10 20 4 0.5
10 21 4 0.5
10 22 4 0.5
10 23 4 0.5
10 24 4 0.5
10 25 4 0.5
10 26 4 0.5
10 27 4 0.5
10 28 4 0.5
10 29 4 0.5
10 30 4 0.5
10 31 4 0.5
10 32 4 0.5
10 33 4 0.5
10 34 4 0.5
10 35 4 0.5
10 36 4 0.5
10 37 4 0.5
10 38 4 0.5
10 39 4 0.5
10 40 4 0.5
10 41 4 0.5
10 42 4 0.5
10 43 4 0.5
10 44 4 0.5
10 45 4 0.5
10 46 4 0.5
10 47 4 0.5
10 48 4 0.5
10 49 4 0.5
11 12 4 0.5
11 13 4 0.5
11 14 25 21
11 15 4 0.5
11 16 4 0.5
11 17 4 0.5
11 18 4 0.5
11 19 4 0.5
11 20 4 0.5
11 21 4 0.5
11 22 4 0.5
11 23 4 0.5
11 24 4 0.5
11 25 4 0.5
11 26 4 0.5
11 27 4 0.5
11 28 4 0.5
11 29 4 0.5
11 30 4 0.5
11 31 4 0.5
11 32 4 0.5
11 33 4 0.5
11 34 4 0.5
11 35 4 0.5
11 36 4 0.5
11 37 4 0.5
11 38 4 0.5
11 39 4 0.5
11 40 4 0.5
11 41 4 0.5
11 42 4 0.5
11 43 4 0.5
11 44 4 0.5
11 45 4 0.5
11 46 4 0.5
11 47 4 0.5
11 48 4 0.5
11 49 4 0.5
12 13 4 0.5
12 14 25 21
12 15 4 0.5
12 16 4 0.5
12 17 4 0.5
12 18 4 0.5
12 19 4 0.5
12 20 4 0.5
12 21 4 0.5
12 22 4 0.5
12 23 4 0.5
12 24 4 0.5
12 25 4 0.5
12 26 4 0.5
12 27 4 0.5
12 28 4 0.5
12 29 4 0.5
12 30 4 0.5
12 31 4 0.5
12 32 4 0.5
12 33 4 0.5
12 34 4 0.5
12 35 4 0.5
12 36 4 0.5
12 37 4 0.5
12 38 4 0.5
12 39 4 0.5
12 40 4 0.5
12 41 4 0.5
12 42 4 0.5
12 43 4 0.5
12 44 4 0.5
12 45 4 0.5
12 46 4 0.5
12 47 4 0.5
12 48 4 0.5
12 49 4 0.5
13 14 25 21
13 15 4 0.5
13 16 4 0.5
13 17 4 0.5
13 18 4 0.5
13 19 4 0.5
13 20 4 0.5
13 21 4 0.5
13 22 4 0.5
13 23 4 0.5
13 24 4 0.5
13 25 4 0.5
13 26 4 0.5
13 27 4 0.5
13 28 4 0.5
13 29 4 0.5
13 30 4 0.5
13 31 4 0.5
13 32 4 0.5
13 33 4 0.5
13 34 4 0.5
13 35 4 0.5
13 36 4 0.5
13 37 4 0.5
13 38 4 0.5
13 39 4 0.5
13 40 4 0.5
13 41 4 0.5
13 42 4 0.5
13 43 4 0.5
13 44 4 0.5
13 45 4 0.5
13 46 4 0.5
13 47 4 0.5
13 48 4 0.5
13 49 4 0.5
14 15 25 21
14 16 25 21
14 17 25 21
14 18 25 21
14 19 25 21
14 20 25 21
14 21 25 21
14 22 25 21
14 23 25 21
14 24 25 21
14 25 25 21
14 26 25 21
14 27 25 21
14 28 25 21
14 29 25 21
14 30 25 21
14 31 20 1
14 32 25 21
14 33 25 21
14 34 25 21
14 35 25 21
14 36 25 21
14 37 4 0.5
14 38 25 21
14 39 25 21
14 40 25 21
14 41 25 21
14 42 25 21
14 43 25 21
14 44 4 0.5
14 45 25 21
14 46 25 21
14 47 25 21
14 48 25 21
14 49 25 21
15 16 5 0.5
15 17 4 0.5
15 18 4 0.5
15 19 4 0.5
15 20 4 0.5
15 21 4 0.5
15 22 4 0.5
15 23 4 0.5
15 24 4 0.5
15 25 4 0.5
15 26 4 0.5
15 27 4 0.5
15 28 4 0.5
15 29 4 0.5
15 30 4 0.5
15 31 4 0.5
15 32 4 0.5
15 33 4 0.5
15 34 4 0.5
15 35 4 0.5
15 36 4 0.5
15 37 4 0.5
15 38 4 0.5
15 39 4 0.5
15 40 4 0.5
15 41 4 0.5
15 42 4 0.5
15 43 4 0.5
15 44 4 0.5
15 45 4 0.5
15 46 4 0.5
15 47 4 0.5
15 48 4 0.5
15 49 4 0.5
16 17 4 0.5
16 18 4 0.5
16 19 4 0.5
16 20 4 0.5
16 21 4 0.5
16 22 4 0.5
16 23 4 0.5
16 24 4 0.5
16 25 4 0.5
16 26 4 0.5
16 27 4 0.5
16 28 4 0.5
16 29 4 0.5
16 30 4 0.5
16 31 4 0.5
16 32 4 0.5
16 33 4 0.5
16 34 4 0.5
16 35 4 0.5
16 36 4 0.5
16 37 4 0.5
16 38 4 0.5
16 39 4 0.5
16 40 4 0.5
16 41 4 0.5
16 42 4 0.5
16 43 4 0.5
16 44 4 0.5
16 45 4 0.5
16 46 4 0.5
16 47 4 0.5
16 48 4 0.5
16 49 4 0.5
17 18 4 0.5
17 19 4 0.5
17 20 4 0.5
17 21 4 0.5
17 22 4 0.5
17 23 4 0.5
17 24 4 0.5
17 25 4 0.5
17 26 4 0.5
17 27 4 0.5
17 28 4 0.5
17 29 4 0.5
17 30 4 0.5
17 31 4 0.5
17 32 4 0.5
17 33 4 0.5
17 34 4 0.5
17 35 4 0.5
17 36 4 0.5
17 37 4 0.5
17 38 4 0.5
17 39 4 0.5
17 40 4 0.5
17 41 4 0.5
17 42 4 0.5
17 43 4 0.5
17 44 4 0.5
17 45 4 0.5
17 46 4 0.5
17 47 4 0.5
17 48 4 0.5
17 49 4 0.5
18 19 4 0.5
18 20 4 0.5
18 21 4 0.5
18 22 4 0.5
18 23 4 0.5
18 24 4 0.5
18 25 4 0.5
18 26 4 0.5
18 27 4 0.5
18 28 4 0.5
18 29 4 0.5
18 30 4 0.5
18 31 4 0.5
18 32 4 0.5
18 33 4 0.5
18 34 4 0.5
18 35 4 0.5
18 36 4 0.5
18 37 4 0.5
18 38 4 0.5
18 39 4 0.5
18 40 4 0.5
18 41 4 0.5
18 42 4 0.5
18 43 4 0.5
18 44 4 0.5
18 45 4 0.5
18 46 4 0.5
18 47 4 0.5
18 48 4 0.5
18 49 4 0.5
19 20 4 0.5
19 21 4 0.5
19 22 4 0.5
19 23 4 0.5
19 24 4 0.5
19 25 4 0.5
19 26 4 0.5
19 27 4 0.5
19 28 4 0.5
19 29 4 0.5
19 30 4 0.5
19 31 4 0.5
19 32 4 0.5
19 33 4 0.5
19 34 4 0.5
19 35 4 0.5
19 36 4 0.5
19 37 4 0.5
19 38 4 0.5
19 39 4 0.5
19 40 4 0.5
19 41 4 0.5
19 42 4 0.5
19 43 4 0.5
19 44 4 0.5
19 45 4 0.5
19 46 4 0.5
19 47 4 0.5
19 48 4 0.5
19 49 4 0.5
20 21 4 0.5
20 22 4 0.5
20 23 4 0.5
20 24 4 0.5
20 25 4 0.5
20 26 4 0.5
20 27 4 0.5
20 28 4 0.5
20 29 4 0.5
20 30 4 0.5
20 31 4 0.5
20 32 4 0.5
20 33 4 0.5
20 34 4 0.5
20 35 4 0.5
20 36 4 0.5
20 37 4 0.5
20 38 4 0.5
20 39 4 0.5
20 40 4 0.5
20 41 4 0.5
20 42 4 0.5
20 43 4 0.5
20 44 4 0.5
20 45 4 0.5
20 46 4 0.5
20 47 4 0.5
20 48 4 0.5
20 49 4 0.5
21 22 4 0.5
21 23 4 0.5
21 24 4 0.5
21 25 4 0.5
21 26 4 0.5
21 27 4 0.5
21 28 4 0.5
21 29 4 0.5
21 30 4 0.5
21 31 4 0.5
21 32 4 0.5
21 33 4 0.5
21 34 4 0.5
21 35 4 0.5
21 36 4 0.5
21 37 4 0.5
21 38 4 0.5
21 39 4 0.5
21 40 4 0.5
21 41 4 0.5
21 42 4 0.5
21 43 4 0.5
21 44 4 0.5
21 45 4 0.5
21 46 4 0.5
21 47 4 0.5
21 48 4 0.5
21 49 4 0.5
22 23 4 0.5
22 24 4 0.5
22 25 4 0.5
22 26 4 0.5
22 27 4 0.5
22 28 4 0.5
22 29 4 0.5
22 30 4 0.5
22 31 4 0.5
22 32 4 0.5
22 33 4 0.5
22 34 4 0.5
22 35 4 0.5
22 36 4 0.5
22 37 4 0.5
22 38 4 0.5
22 39 4 0.5
22 40 4 0.5
22 41 4 0.5
22 42 4 0.5
22 43 4 0.5
22 44 4 0.5
22 45 4 0.5
22 46 4 0.5
22 47 4 0.5
22 48 4 0.5
22 49 4 0.5
23 24 4 0.5
23 25 4 0.5
23 26 4 0.5
23 27 4 0.5
23 28 4 0.5
23 29 4 0.5
23 30 4 0.5
23 31 4 0.5
23 32 4 0.5
23 33 4 0.5
23 34 4 0.5
23 35 4 0.5
23 36 4 0.5
23 37 4 0.5
23 38 4 0.5
23 39 4 0.5
23 40 4 0.5
23 41 4 0.5
23 42 4 0.5
23 43 4 0.5
23 44 4 0.5
23 45 4 0.5
23 46 4 0.5
23 47 4 0.5
23 48 4 0.5
23 49 4 0.5
24 25 4 0.5
24 26 4 0.5
24 27 4 0.5
24 28 4 0.5
24 29 4 0.5
24 30 4 0.5
24 31 4 0.5
24 32 4 0.5
24 33 4 0.5
24 34 4 0.5
24 35 4 0.5
24 36 4 0.5
24 37 4 0.5
24 38 4 0.5
24 39 4 0.5
24 40 4 0.5
24 41 4 0.5
24 42 4 0.5
24 43 4 0.5
24 44 4 0.5
24 45 4 0.5
24 46 4 0.5
24 47 4 0.5
24 48 4 0.5
24 49 4 0.5
25 26 4 0.5
25 27 4 0.5
25 28 4 0.5
25 29 4 0.5
25 30 4 0.5
25 31 4 0.5
25 32 4 0.5
25 33 4 0.5
25 34 4 0.5
25 35 4 0.5
25 36 4 0.5
25 37 4 0.5
25 38 4 0.5
25 39 4 0.5
25 40 4 0.5
25 41 4 0.5
25 42 4 0.5
25 43 4 0.5
25 44 4 0.5
25 45 4 0.5
25 46 4 0.5
25 47 4 0.5
25 48 4 0.5
25 49 4 0.5
26 27 4 0.5
26 28 4 0.5
26 29 4 0.5
26 30 4 0.5
26 31 4 0.5
26 32 4 0.5
26 33 4 0.5
26 34 4 0.5
26 35 4 0.5
26 36 4 0.5
26 37 4 0.5
26 38 4 0.5
26 39 4 0.5
26 40 4 0.5
26 41 4 0.5
26 42 4 0.5
26 43 4 0.5
26 44 4 0.5
26 45 4 0.5
26 46 4 0.5
26 47 4 0.5
26 48 4 0.5
26 49 4 0.5
27 28 4 0.5
27 29 4 0.5
27 30 4 0.5
27 31 4 0.5
27 32 4 0.5
27 33 4 0.5
27 34 4 0.5
27 35 4 0.5
27 36 4 0.5
27 37 4 0.5
27 38 4 0.5
27 39 4 0.5
27 40 4 0.5
27 41 4 0.5
27 42 4 0.5
27 43 4 0.5
27 44 4 0.5
27 45 4 0.5
27 46 4 0.5
27 47 4 0.5
27 48 4 0.5
27 49 4 0.5
28 29 4 0.5
28 30 4 0.5
28 31 4 0.5
28 32 4 0.5
28 33 4 0.5
28 34 4 0.5
28 35 4 0.5
28 36 4 0.5
28 37 4 0.5
28 38 4 0.5
28 39 4 0.5
28 40 4 0.5
28 41 4 0.5
28 42 4 0.5
28 43 4 0.5
28 44 4 0.5
28 45 4 0.5
28 46 4 0.5
28 47 4 0.5
28 48 4 0.5
28 49 4 0.5
29 30 4 0.5
29 31 4 0.5
29 32 4 0.5
29 33 4 0.5
29 34 4 0.5
29 35 4 0.5
29 36 4 0.5
29 37 4 0.5
29 38 4 0.5
29 39 4 0.5
29 40 4 0.5
29 41 4 0.5
29 42 4 0.5
29 43 4 0.5
29 44 4 0.5
29 45 4 0.5
29 46 4 0.5
29 47 4 0.5
29 48 4 0.5
29 49 4 0.5
30 31 4 0.5
30 32 4 0.5
30 33 4 0.5
30 34 4 0.5
30 35 4 0.5
30 36 4 0.5
30 37 4 0.5
30 38 4 0.5
30 39 4 0.5
30 40 4 0.5
30 41 4 0.5
30 42 4 0.5
30 43 4 0.5
30 44 4 0.5
30 45 4 0.5
30 46 4 0.5
30 47 4 0.5
30 48 4 0.5
30 49 4 0.5
31 32 4 0.5
31 33 4 0.5
31 34 4 0.5
31 35 4 0.5
31 36 4 0.5
31 37 20 1
31 38 4 0.5
31 39 4 0.5
31 40 4 0.5
31 41 4 0.5
31 42 4 0.5
31 43 4 0.5
31 44 4 0.5
31 45 4 0.5
31 46 4 0.5
31 47 4 0.5
31 48 4 0.5
31 49 4 0.5
32 33 4 0.5
32 34 4 0.5
32 35 4 0.5
32 36 4 0.5
32 37 4 0.5
32 38 4 0.5
32 39 4 0.5
32 40 4 0.5
32 41 4 0.5
32 42 4 0.5
32 43 4 0.5
32 44 4 0.5
32 45 4 0.5
32 46 4 0.5
32 47 4 0.5
32 48 4 0.5
32 49 4 0.5
33 34 4 0.5
33 35 4 0.5
33 36 4 0.5
33 37 4 0.5
33 38 4 0.5
33 39 4 0.5
33 40 4 0.5
33 41 4 0.5
33 42 4 0.5
33 43 4 0.5
33 44 4 0.5
33 45 4 0.5
33 46 4 0.5
33 47 4 0.5
33 48 4 0.5
33 49 4 0.5
34 35 4 0.5
34 36 4 0.5
34 37 4 0.5
34 38 4 0.5
34 39 4 0.5
34 40 4 0.5
34 41 4 0.5
34 42 4 0.5
34 43 4 0.5
34 44 4 0.5
34 45 4 0.5
34 46 4 0.5
34 47 4 0.5
34 48 4 0.5
34 49 4 0.5
35 36 4 0.5
35 37 4 0.5
35 38 4 0.5
35 39 4 0.5
35 40 4 0.5
35 41 4 0.5
35 42 4 0.5
35 43 4 0.5
35 44 4 0.5
35 45 4 0.5
35 46 4 0.5
35 47 4 0.5
35 48 4 0.5
35 49 4 0.5
36 37 4 0.5
36 38 4 0.5
36 39 4 0.5
36 40 4 0.5
36 41 4 0.5
36 42 4 0.5
36 43 4 0.5
36 44 4 0.5
36 45 4 0.5
36 46 4 0.5
36 47 4 0.5
36 48 4 0.5
36 49 4 0.5
37 38 4 0.5
37 39 4 0.5
37 40 4 0.5
37 41 4 0.5
37 42 4 0.5
37 43 4 0.5
37 44 20 1
37 45 4 0.5
37 46 4 0.5
37 47 4 0.5
37 48 4 0.5
37 49 4 0.5
38 39 4 0.5
38 40 4 0.5
38 41 4 0.5
38 42 4 0.5
38 43 4 0.5
38 44 4 0.5
38 45 4 0.5
38 46 4 0.5
38 47 4 0.5
38 48 4 0.5
38 49 4 0.5
39 40 4 0.5
39 41 4 0.5
39 42 4 0.5
39 43 4 0.5
39 44 4 0.5
39 45 4 0.5
39 46 4 0.5
39 47 4 0.5
39 48 4 0.5
39 49 4 0.5
40 41 4 0.5
40 42 4 0.5
40 43 4 0.5
40 44 4 0.5
40 45 4 0.5
40 46 4 0.5
40 47 4 0.5
40 48 4 0.5
40 49 4 0.5
41 42 4 0.5
41 43 4 0.5
41 44 4 0.5
41 45 4 0.5
41 46 4 0.5
41 47 4 0.5
41 48 4 0.5
41 49 4 0.5
42 43 4 0.5
42 44 4 0.5
42 45 4 0.5
42 46 4 0.5
42 47 4 0.5
42 48 4 0.5
42 49 4 0.5
43 44 4 0.5
43 45 4 0.5
43 46 4 0.5
43 47 4 0.5
43 48 4 0.5
43 49 4 0.5
44 45 4 0.5
44 46 4 0.5
44 47 4 0.5
44 48 4 0.5
44 49 4 0.5
45 46 4 0.5
45 47 4 0.5
45 48 4 0.5
45 49 4 0.5
46 47 4 0.5
46 48 4 0.5
46 49 4 0.5
47 48 4 0.5
47 49 4 0.5
48 49 4 0.5
