50
90
0 1 6.713 1.838
0 2 7.435 0.426
0 3 2.447 0.264
0 4 15.235 0.055
0 5 2.929 0.002
0 6 8.161 0.267
0 7 13.44 0.026
0 8 0.824 1.221
0 9 14.984 0.4
0 10 3.492 0.013
0 11 4.39 0.272
0 12 8.834 1.829
0 13 5.647 0.313
0 14 6.401 1.456
0 15 5.089 1.21
0 16 1.765 0.847
0 17 1.907 1.954
0 18 5.85 1.274
0 19 6.001 0.901
0 20 19.252 0.084
0 21 9.281 0.505
0 22 4.035 0.482
0 23 2.772 0.191
0 24 4.406 1.535
0 25 1.212 0.726
0 26 1.914 0.117
0 27 2.863 0.906
0 28 6.274 0.89
0 29 19.739 0.427
0 30 4.562 0.786
0 31 6.173 0.583
0 32 3.833 0.129
0 33 0.522 1.666
0 34 7.149 0.014
0 35 18.668 0.395
0 36 0.761 0.034
0 37 7.686 1.635
0 38 18.559 0.097
0 39 7.702 0.634
0 40 7.562 1.713
0 41 2.99 0.393
0 42 7.156 0.877
0 43 0.974 0.062
0 44 10.468 0.008
0 45 9.111 1.726
0 46 0.483 1.144
0 47 17.574 0.406
0 48 4.196 0.292
0 49 6.296 0.599
1 2 4.591 1.422
1 3 8.088 0.969
1 4 2.091 0.25
1 5 0.806 0.33
1 6 7.371 0.775
1 7 1.051 1.117
1 8 9.113 1.767
1 9 2.591 0.701
1 10 4.008 0.896
1 11 18.989 0.268
1 12 12.408 0.099
1 13 3.616 0.69
1 14 1.99 1.568
1 15 19.913 0.297
1 16 3.845 0.283
1 17 8.244 1.155
1 18 1.931 0.479
1 19 12.086 0.234
1 20 7.535 0.492
1 21 1.909 1.643
1 22 5.398 0.314
1 23 6.208 1.935
1 24 1.98 0.393
1 25 18.65 0.282
1 26 0.391 0.598
1 27 0.376 1.033
1 28 0.408 0.175
1 29 2.421 0.443
1 30 4.283 1.957
1 31 9.383 0.307
1 32 0.742 1.157
1 33 2.69 0.319
1 34 2.879 0.201
1 35 5.609 0.658
1 36 9.754 0.236
1 37 10.093 0.32
1 38 9.987 0.758
1 39 8.767 1.232
1 40 10.071 0.306
1 41 6.478 0.643
1 42 9.136 0.015
1 43 14.035 0.261
1 44 4.097 0.837
1 45 7.917 0.518
1 46 14.563 0.186
1 47 6.994 0.161
1 48 2.772 0.536
1 49 0.527 0.33
2 3 10.111 0.262
2 4 2.918 1.52
2 5 7.717 1.842
2 6 2.349 0.229
2 7 3.799 1.947
2 8 18.879 0.049
2 9 1.72 0.111
2 10 3.63 1.808
2 11 8.141 1.617
2 12 6.363 1.727
2 13 0.314 1.665
2 14 12.583 0.387
2 15 5.953 1.322
2 16 2.601 0.481
2 17 12.483 0.375
2 18 6.487 0.052
2 19 0.665 0.378
2 20 1.812 1.125
2 21 10.061 0.052
2 22 4.747 0.927
2 23 6.492 0.36
2 24 10.739 0.141
2 25 4.625 0.259
2 26 9.364 0.248
2 27 12.133 0.033
2 28 2.176 1.481
2 29 0.085 0.564
2 30 18.347 0.219
2 31 7.657 1.311
2 32 5.573 1.084
2 33 16.317 0.38
2 34 6.488 1.987
2 35 6.625 0.375
2 36 6.021 0.334
2 37 2.896 1.048
2 38 3.232 0.651
2 39 13.246 0.03
2 40 3.385 1.396
2 41 9.456 0.592
2 42 11.391 0.273
2 43 2.535 0.517
2 44 8.131 1.095
2 45 13.804 0.18
2 46 6.488 0.617
2 47 9.896 1.035
2 48 14.603 0.266
2 49 9.173 1.737
3 4 1.124 0.847
3 5 8.604 1.562
3 6 1.513 1.359
3 7 2.138 1.6
3 8 13.735 0.063
3 9 1.851 0.394
3 10 0.426 0.886
3 11 2.081 1.657
3 12 4.09 1.939
3 13 5.16 1.026
3 14 13.896 0.201
3 15 2.038 0.157
3 16 1.817 0.614
3 17 2.691 0.174
3 18 15.577 0.088
3 19 1.683 0.982
3 20 2.438 1.614
3 21 9.197 0.331
3 22 0.16 0.794
3 23 3.11 0.388
3 24 16.285 0.34
3 25 0.054 1.092
3 26 4.205 1.59
3 27 12.04 0.051
3 28 0.118 0.769
3 29 3.317 0.799
3 30 5.029 0.264
3 31 5.222 0.545
3 32 2.356 0.229
3 33 5.433 0.085
3 34 0.927 0.194
3 35 1.66 1.154
3 36 12.516 0.435
3 37 6.269 0.872
3 38 8.42 0.987
3 39 8.487 0.003
3 40 6.566 1.262
3 41 7.702 0.843
3 42 11.834 0.321
3 43 1.701 1.798
3 44 4.497 1.347
3 45 0.042 0.348
3 46 8.63 1.033
3 47 4.428 1.098
3 48 13.082 0.386
3 49 7.899 1.103
4 5 5.254 1.44
4 6 1.243 0.282
4 7 12.581 0.308
4 8 2.415 1.175
4 9 5.527 0.33
4 10 11.678 0.151
4 11 7.038 1.162
4 12 7.603 1.98
4 13 3.22 0.301
4 14 4.98 1.737
4 15 9.919 1.894
4 16 3.227 0.205
4 17 5.098 0.371
4 18 0.053 1.398
4 19 9.205 1.632
4 20 14.645 0.253
4 21 4.247 0.1
4 22 5.95 1.355
4 23 15.897 0.443
4 24 3.85 0.197
4 25 9.927 1.973
4 26 15.382 0.213
4 27 0.56 0.672
4 28 6.182 0.095
4 29 19.523 0.111
4 30 4.72 0.598
4 31 1.261 1.148
4 32 17.665 0.333
4 33 1.03 0.962
4 34 8.175 0.981
4 35 11.937 0.086
4 36 1.969 0.787
4 37 3.832 0.73
4 38 16.499 0.292
4 39 1.855 0.725
4 40 4.505 1.167
4 41 3.452 0.171
4 42 1.313 1.858
4 43 3.03 0.672
4 44 19.889 0.141
4 45 8.557 1.622
4 46 7.189 0.09
4 47 3.504 0.277
4 48 0.014 1.576
4 49 7.487 1.441
5 6 7.931 1.986
5 7 7.703 0.205
5 8 9.694 0.832
5 9 5.245 0.03
5 10 4.891 0.107
5 11 15.561 0.108
5 12 0.432 0.047
5 13 0.744 0.463
5 14 3.099 1.87
5 15 5.857 0.069
5 16 1.242 0.112
5 17 0.35 0.505
5 18 2.524 1.793
5 19 13.197 0.005
5 20 9.576 1.77
5 21 5.736 1.237
5 22 16.534 0.226
5 23 4.116 0.758
5 24 4.596 0.786
5 25 6.855 0.228
5 26 9.301 1.821
5 27 4.659 0.591
5 28 16.065 0.127
5 29 3.385 1.096
5 30 5.561 0.778
5 31 12.663 0.045
5 32 1.375 1.938
5 33 5.83 0.241
5 34 8.383 0.11
5 35 3.621 1.982
5 36 2.57 0.74
5 37 1.854 0.368
5 38 6.705 1.563
5 39 6.819 0.446
5 40 12.298 0.349
5 41 4.738 1.945
5 42 5.347 0.233
5 43 18.679 0.385
5 44 2.739 1.76
5 45 8.19 0.998
5 46 6.933 0.142
5 47 9.824 0.748
5 48 2.748 1.869
5 49 4.839 0.013
6 7 14.071 0.137
6 8 9.958 0.627
6 9 19.32 0.408
6 10 15.441 0.153
6 11 1.98 0.986
6 12 3.653 0.425
6 13 14.002 0.31
6 14 7.872 0.989
6 15 3.954 0.378
6 16 3.645 1.581
6 17 5.059 0.328
6 18 6.632 1.823
6 19 7.463 1.621
6 20 18.655 0.082
6 21 3.126 1.347
6 22 7.465 1.493
6 23 10.179 0.207
6 24 7.682 0.948
6 25 6.756 0.359
6 26 16.982 0.098
6 27 9.707 1.898
6 28 9.997 1.397
6 29 18.199 0.069
6 30 7.516 1.083
6 31 4.013 0.201
6 32 4.334 0.201
6 33 8.706 0.21
6 34 8.984 1.774
6 35 3.009 0.33
6 36 1.947 0.939
6 37 1.148 1.809
6 38 17.807 0.146
6 39 6.104 1.597
6 40 5.179 1.232
6 41 12.674 0.205
6 42 7.513 0.754
6 43 7.235 0.726
6 44 8.31 0.42
6 45 1.405 0.682
6 46 4.329 1.831
6 47 1.523 0.237
6 48 9.655 0.298
6 49 7.91 0.908
7 8 9.387 0.762
7 9 8.415 0.146
7 10 11.518 0.078
7 11 8.823 0.087
7 12 7.762 0.418
7 13 11.787 0.343
7 14 2.688 0.854
7 15 1.038 0.217
7 16 3.277 1.036
7 17 3.793 0.92
7 18 0.674 0.08
7 19 4.99 1.788
7 20 14.638 0.178
7 21 0.561 0.807
7 22 6.449 0.328
7 23 13.637 0.256
7 24 0.995 1.767
7 25 6.48 0.584
7 26 7.483 0.406
7 27 4.838 1.865
7 28 4.647 0.698
7 29 6.996 0.097
7 30 6.637 1.424
7 31 6.559 1.187
7 32 11.614 0.189
7 33 8.887 0.895
7 34 2.408 1.875
7 35 7.488 0.035
7 36 8.175 1.421
7 37 8.357 1.62
7 38 1.794 0.253
7 39 9.006 0.65
7 40 3.884 1.09
7 41 4.541 0.082
7 42 2.863 0.44
7 43 6.42 0.011
7 44 18.788 0.334
7 45 1.735 1.737
7 46 3.104 0.144
7 47 6.677 0.247
7 48 8.879 1.219
7 49 5.349 1.753
8 9 4.44 1.42
8 10 6.334 0.12
8 11 2.806 1.707
8 12 2.883 1.986
8 13 1.09 0.736
8 14 11.211 0.396
8 15 2.336 1.277
8 16 9.674 1.035
8 17 6.694 0.359
8 18 9.706 0.046
8 19 5.117 0.163
8 20 4.704 1.555
8 21 4.373 0.439
8 22 8.627 1.691
8 23 8.564 1.34
8 24 18.937 0.204
8 25 0.542 1.635
8 26 7.503 1.722
8 27 0.125 0.396
8 28 7.022 0.591
8 29 7.666 1.77
8 30 2.693 0.439
8 31 8.762 1.02
8 32 3.888 1.749
8 33 5.582 0.148
8 34 8.362 1.301
8 35 1.619 0.73
8 36 2.298 0.354
8 37 0.011 0.103
8 38 5.288 1.807
8 39 1.475 0.36
8 40 0.299 0.736
8 41 3.86 1.547
8 42 9.013 0.106
8 43 2.707 0.183
8 44 9.118 1.918
8 45 6.267 0.214
8 46 9.615 1.305
8 47 6.087 0.548
8 48 11.206 0.429
8 49 6.108 0.14
9 10 12.604 0.224
9 11 9.018 1.159
9 12 5.444 0.936
9 13 3.819 0.24
9 14 1.124 0.56
9 15 7.123 1.655
9 16 4.041 0.689
9 17 9.844 1.884
9 18 2.689 0.846
9 19 2.374 0.814
9 20 14.615 0.124
9 21 8.608 0.882
9 22 6.696 1.563
9 23 2.16 0.27
9 24 5.643 1.643
9 25 3.601 1.726
9 26 8.179 0.023
9 27 0.316 0.241
9 28 8.138 0.456
9 29 18.004 0.057
9 30 2.47 1.548
9 31 5.915 1.918
9 32 1.351 0.304
9 33 4.805 1.743
9 34 5.973 0.205
9 35 18.085 0.258
9 36 2.14 0.231
9 37 5.436 0.748
9 38 1.167 0.191
9 39 0.595 1.755
9 40 4.604 1.453
9 41 14.981 0.213
9 42 0.913 1.033
9 43 9.875 1.813
9 44 0.934 0.441
9 45 8.925 0.324
9 46 5.466 0.388
9 47 13.169 0.398
9 48 7.78 0.082
9 49 0.637 1.531
10 11 9.151 0.321
10 12 3.21 0.747
10 13 15.879 0.118
10 14 2.707 0.495
10 15 6.828 1.975
10 16 1.987 1.081
10 17 3.412 0.576
10 18 6.504 1.879
10 19 5.876 0.965
10 20 18.253 0.329
10 21 7.078 1.283
10 22 9.643 1.329
10 23 4.43 0.252
10 24 2.211 0.506
10 25 0.467 0.334
10 26 8.373 0.375
10 27 5.434 0.972
10 28 9.918 0.79
10 29 0.478 0.219
10 30 4.758 0.011
10 31 5.5 1.32
10 32 13.152 0.189
10 33 5.887 0.028
10 34 7.118 0.661
10 35 3.726 0.15
10 36 0.257 0.385
10 37 2.267 1.94
10 38 10.782 0.006
10 39 4.626 1.425
10 40 1.047 1.034
10 41 2.83 0.08
10 42 7.601 0.037
10 43 7.523 0.584
10 44 9.924 0.001
10 45 4.686 0.199
10 46 3.678 1.57
10 47 15.776 0.191
10 48 1.837 1.704
10 49 3.636 0.579
11 12 8.326 0.092
11 13 7.476 1.585
11 14 9.034 0.208
11 15 3.825 0.253
11 16 3.106 0.085
11 17 0.475 1.982
11 18 7.443 0.458
11 19 16.621 0.361
11 20 2.748 0.583
11 21 4.275 1.147
11 22 3.705 0.037
11 23 8.107 0.088
11 24 0.955 0.487
11 25 17.717 0.099
11 26 1.602 1.83
11 27 0.831 0.215
11 28 8.571 0.137
11 29 0.184 0.255
11 30 2.564 1.357
11 31 12.862 0.331
11 32 6.984 1.405
11 33 8.365 1.188
11 34 15.349 0.148
11 35 2.961 0.43
11 36 4.816 1.643
11 37 5.089 0.377
11 38 3.35 1.502
11 39 1.397 0.716
11 40 19.304 0.177
11 41 4.157 0.319
11 42 2.179 0.819
11 43 14.146 0.118
11 44 2.698 1.315
11 45 8.727 1.68
11 46 18.503 0.104
11 47 4.012 0.938
11 48 2.171 0.104
11 49 16.823 0.324
12 13 9.954 0.525
12 14 7.535 0.862
12 15 10.804 0.309
12 16 10.058 0.254
12 17 4.401 1.819
12 18 6.022 1.993
12 19 15.582 0.219
12 20 7.199 0.627
12 21 4.719 1.542
12 22 5.177 0.348
12 23 0.203 0.883
12 24 2.743 0.57
12 25 11.395 0.37
12 26 7.938 0.705
12 27 6.483 1.682
12 28 1.101 0.153
12 29 0.013 1.355
12 30 1.484 0.235
12 31 1.865 0.343
12 32 8.127 0.062
12 33 0.728 1.517
12 34 5.068 0.21
12 35 9.963 0.024
12 36 6.616 1.872
12 37 5.937 0.221
12 38 1.266 1.725
12 39 3.769 1.996
12 40 1.666 0.142
12 41 5.591 0.916
12 42 8.154 0.336
12 43 17.852 0.382
12 44 0.076 0.976
12 45 0.626 0.237
12 46 3.83 0.222
12 47 5.773 1.353
12 48 1.428 0.559
12 49 3.308 0.282
13 14 1.622 0.019
13 15 2.699 1.754
13 16 6.003 0.577
13 17 9.264 0.004
13 18 2.115 0.461
13 19 5.116 1.322
13 20 14.799 0.28
13 21 7.704 0.485
13 22 6.683 0.418
13 23 8.351 0.044
13 24 9.801 0.326
13 25 2.628 1.786
13 26 3.785 0.03
13 27 0.204 0.995
13 28 3.247 1.666
13 29 11.804 0.005
13 30 3.46 1.422
13 31 8.855 1.458
13 32 11.885 0.282
13 33 8.108 1.286
13 34 4.305 1.946
13 35 19.193 0.375
13 36 5.091 0.004
13 37 0.658 0.594
13 38 12.304 0.153
13 39 0.795 1.889
13 40 0.821 0.016
13 41 15.967 0.432
13 42 9.556 0.634
13 43 8.796 1.482
13 44 8.846 0.163
13 45 9.397 1.187
13 46 1.531 1.653
13 47 2.912 0.239
13 48 1.284 1.945
13 49 6.892 1.401
14 15 0.914 1.372
14 16 7.329 0.643
14 17 4.057 0.004
14 18 14.159 0.004
14 19 1.586 1.676
14 20 9.023 0.636
14 21 6.482 0.324
14 22 2.891 1.898
14 23 4.445 0.903
14 24 16.331 0.004
14 25 3.136 0.781
14 26 2.252 1.043
14 27 15.525 0.16
14 28 1.951 0.514
14 29 8.277 1.986
14 30 0.035 0.149
14 31 0.391 1.995
14 32 0.753 0.625
14 33 16.436 0.014
14 34 2.95 0.326
14 35 8.767 1.33
14 36 0.283 0.29
14 37 9.161 0.432
14 38 0.438 1.012
14 39 19.71 0.372
14 40 8.327 0.232
14 41 7.416 0.257
14 42 9.154 0.251
14 43 0.987 1.134
14 44 8.887 0.622
14 45 14.483 0.068
14 46 9.816 0.718
14 47 3.483 1.515
14 48 15.622 0.289
14 49 8.226 1.114
15 16 16.668 0.053
15 17 7.896 1.606
15 18 4.319 0.404
15 19 17.846 0.287
15 20 1.69 1.718
15 21 8.05 1.262
15 22 12.989 0.315
15 23 3.082 1.768
15 24 8.914 0.296
15 25 11.448 0.016
15 26 4.274 1.93
15 27 7.504 0.641
15 28 17.006 0.167
15 29 2.941 1.747
15 30 3.582 0.355
15 31 14.412 0.144
15 32 8.738 1.355
15 33 5.569 1.663
15 34 7.829 0.083
15 35 4.785 0.362
15 36 2.499 1.484
15 37 10.797 0.392
15 38 7.414 0.486
15 39 9.382 0.696
15 40 18.923 0.122
15 41 8.359 0.61
15 42 0.369 0.153
15 43 7.824 0.381
15 44 8.105 1.174
15 45 3.285 0.774
15 46 1.873 0.197
15 47 2.864 1.408
15 48 2.189 0.097
15 49 3.521 0.272
16 17 3.365 1.877
16 18 0.765 0.443
16 19 3.001 0.347
16 20 9.985 0.009
16 21 0.701 0.978
16 22 15.416 0.243
16 23 9.652 0.369
16 24 9.254 1.73
16 25 10.817 0.322
16 26 5.43 1.836
16 27 5.787 1.003
16 28 17.42 0.348
16 29 2.888 0.947
16 30 3.12 1.276
16 31 6.536 0.079
16 32 0.867 0.311
16 33 4.083 1.914
16 34 12.173 0.201
16 35 8.561 1.472
16 36 6.656 1.712
16 37 13.702 0.254
16 38 4.201 1.394
16 39 1.021 1.713
16 40 17.997 0.214
16 41 7.902 1.266
16 42 1.617 1.596
16 43 8.993 0.007
16 44 0.846 0.62
16 45 9.185 1.333
16 46 5.56 0.256
16 47 2.415 1.552
16 48 4.58 1.405
16 49 15.699 0.366
17 18 3.413 0.166
17 19 4.908 0.394
17 20 3.06 0.504
17 21 19.669 0.305
17 22 7.599 0.461
17 23 1.468 1.257
17 24 4.165 0.271
17 25 3.573 1.698
17 26 2.772 1.23
17 27 12.754 0.325
17 28 7.818 0.435
17 29 9.134 0.879
17 30 9.94 0.319
17 31 8.657 0.73
17 32 3.334 0.132
17 33 3.159 0.251
17 34 9.238 1.95
17 35 5.05 1.137
17 36 17.667 0.381
17 37 7.865 0.188
17 38 9.014 0.992
17 39 2.584 0.169
17 40 3.498 0.028
17 41 4.156 0.047
17 42 10.767 0.082
17 43 5.481 1.062
17 44 1.124 1.895
17 45 5.546 0.12
17 46 8.985 1.167
17 47 0.687 0.969
17 48 9.645 0.355
17 49 6.618 1.867
18 19 1.846 0.386
18 20 6.057 0.988
18 21 17.436 0.159
18 22 1.664 0.737
18 23 5.713 0.795
18 24 17.763 0.181
18 25 4.313 1.897
18 26 1.815 0.806
18 27 4.244 0.335
18 28 2.74 0.549
18 29 2.454 1.92
18 30 12.353 0.356
18 31 2.687 1.177
18 32 6.156 0.455
18 33 6.633 0.141
18 34 9.879 1.312
18 35 5.296 1.556
18 36 3.825 0.322
18 37 1.959 0.012
18 38 7.02 0.304
18 39 10.394 0.3
18 40 2.647 1.935
18 41 6.196 1.381
18 42 0.324 0.375
18 43 7.129 0.435
18 44 0.49 0.97
18 45 8.266 0.372
18 46 6.95 0.746
18 47 4.229 0.762
18 48 19.039 0.365
18 49 5.02 0.998
19 20 5.794 1.775
19 21 6.565 0.158
19 22 7.87 0.053
19 23 7.234 1.769
19 24 4.343 0.939
19 25 16.39 0.251
19 26 0.231 0.989
19 27 9.141 0.658
19 28 10.206 0.282
19 29 3.132 0.765
19 30 9.644 0.645
19 31 10.619 0.251
19 32 1.163 1.785
19 33 2.61 0.17
19 34 2.771 0.161
19 35 7.337 1.21
19 36 3.619 0.406
19 37 13.794 0.171
19 38 2.264 0.927
19 39 9.83 0.496
19 40 19.232 0.081
19 41 0.472 0.3
19 42 6.785 1.959
19 43 10.389 0.12
19 44 4.618 0.942
19 45 9.98 0.796
19 46 11.412 0.263
19 47 7.477 0.096
19 48 3.077 0.175
19 49 19.044 0.153
20 21 5.797 1.623
20 22 2.829 0.713
20 23 17.17 0.334
20 24 0.998 0.606
20 25 4.556 0.465
20 26 9.83 0.187
20 27 0.013 0.698
20 28 4.868 1.355
20 29 8.503 0.181
20 30 7.697 0.033
20 31 1.396 1.335
20 32 12.113 0.307
20 33 5.868 1.736
20 34 5.017 1.504
20 35 10.038 0.132
20 36 9.798 1.719
20 37 6.414 1.358
20 38 6.377 0.139
20 39 9.265 0.882
20 40 3.998 0.002
20 41 1.425 0.077
20 42 6.225 1.199
20 43 7.727 1.803
20 44 15.144 0.072
20 45 3.815 0.675
20 46 5.921 1.458
20 47 4.33 0.348
20 48 8.508 1.884
20 49 5.573 1.494
21 22 4.038 0.721
21 23 8.956 1.073
21 24 13.552 0.009
21 25 7.917 0.063
21 26 6.263 0.729
21 27 5.158 0.102
21 28 8.063 0.86
21 29 6.524 0.616
21 30 10.768 0.014
21 31 7.077 1.445
21 32 0.409 0.615
21 33 11.614 0.207
21 34 0.021 0.659
21 35 8.595 0.808
21 36 12.254 0.323
21 37 3.044 0.533
21 38 8.057 0.768
21 39 3.56 0.218
21 40 1.309 0.637
21 41 0.349 1.481
21 42 19.475 0.092
21 43 1.459 1.753
21 44 8.793 1.554
21 45 1.588 0.349
21 46 6.68 0.153
21 47 3.592 1.889
21 48 9.09 0.139
21 49 9.078 1.422
22 23 9.18 0.884
22 24 7.487 1.78
22 25 2.405 0.108
22 26 0.919 1.587
22 27 8.79 1.213
22 28 4.51 0.334
22 29 0.078 1.723
22 30 4.242 1.011
22 31 3.387 0.393
22 32 0.943 1.364
22 33 1.16 0.025
22 34 15.981 0.075
22 35 1.489 0.47
22 36 7.34 0.483
22 37 19.691 0.04
22 38 4.419 1.785
22 39 7.722 0.258
22 40 17.702 0.323
22 41 2.584 0.543
22 42 2.061 1.203
22 43 2.958 0.162
22 44 7.152 0.541
22 45 8.561 0.766
22 46 9.897 0.155
22 47 3.747 1.197
22 48 3.401 1.206
22 49 14.056 0.109
23 24 7.141 1.828
23 25 7.805 1.574
23 26 10.124 0.42
23 27 1.628 0.447
23 28 8.9 0.816
23 29 7.446 0.434
23 30 6.997 0.667
23 31 1.247 0.99
23 32 4.275 0.071
23 33 0.253 1.042
23 34 1.687 1.472
23 35 10.935 0.355
23 36 2.283 0.575
23 37 0.979 0.584
23 38 0.867 0.059
23 39 6.866 1.462
23 40 3.712 1.676
23 41 3.325 0.096
23 42 0.214 1.177
23 43 7.695 0.609
23 44 12.059 0.246
23 45 1.886 1.219
23 46 7.39 1.111
23 47 19.884 0.119
23 48 0.682 1.677
23 49 3.177 0.603
24 25 8.646 1.127
24 26 4.505 1.095
24 27 11.896 0.437
24 28 4.042 0.815
24 29 7.897 1.942
24 30 12.935 0.339
24 31 7.229 0.115
24 32 6.687 1.646
24 33 8.372 0.307
24 34 7.272 1.894
24 35 3.071 0.431
24 36 5.723 0.39
24 37 2.955 1.089
24 38 3.084 0.502
24 39 2.533 0.241
24 40 0.344 1.647
24 41 3.816 0.071
24 42 7.719 0.011
24 43 1.176 0.613
24 44 1.98 1.481
24 45 16.105 0.079
24 46 0.719 0.81
24 47 4.86 1.046
24 48 16.549 0.195
24 49 4.345 1.097
25 26 9.003 1.271
25 27 0.494 1.022
25 28 10.051 0.139
25 29 2.609 1.296
25 30 9.475 1.223
25 31 11.791 0.287
25 32 4.825 0.323
25 33 0.067 1.986
25 34 1.316 0.153
25 35 3.103 1.556
25 36 6.354 1.375
25 37 12.094 0.091
25 38 3.995 0.94
25 39 7.007 1.431
25 40 5.179 0.031
25 41 9.262 1.216
25 42 9.452 1.727
25 43 0.45 0.37
25 44 3.702 1.317
25 45 6.722 1.536
25 46 11.381 0.127
25 47 8.19 1.427
25 48 8.147 0.114
25 49 9.065 0.168
26 27 1.536 0.999
26 28 5.751 0.43
26 29 17.452 0.084
26 30 6.602 1.663
26 31 9.91 1.702
26 32 13.184 0.13
26 33 2.393 0.49
26 34 7.598 1.127
26 35 11.937 0.345
26 36 8.163 0.521
26 37 2.219 1.891
26 38 12.155 0.289
26 39 5.127 0.695
26 40 2.958 0.717
26 41 18.463 0.402
26 42 1.595 0.137
26 43 8.882 1.235
26 44 10.5 0.441
26 45 2.602 1.718
26 46 2.951 1.99
26 47 7.697 0.049
26 48 7.326 1.974
26 49 3.346 0.694
27 28 7.915 0.689
27 29 6.568 0.02
27 30 5.934 0.305
27 31 6.938 0.097
27 32 0.494 1.378
27 33 15.912 0.395
27 34 7.432 1.398
27 35 8.815 1.869
27 36 8.892 0.426
27 37 8.252 0.135
27 38 4.841 0.156
27 39 0.041 0.356
27 40 2.439 1.773
27 41 1.989 1.258
27 42 15.541 0.287
27 43 0.138 1.443
27 44 6.57 1.807
27 45 0.269 0.34
27 46 1.834 0.142
27 47 0.823 0.533
27 48 10.644 0.349
27 49 4.132 1.946
28 29 9.47 1.2
28 30 0.498 0.035
28 31 16.417 0.328
28 32 7.72 0.068
28 33 3.557 1.438
28 34 1.527 0.156
28 35 4.489 1.583
28 36 0.342 0.812
28 37 16.202 0.295
28 38 4.259 1.499
28 39 0.653 0.723
28 40 15.247 0.356
28 41 7.701 0.316
28 42 3.681 0.945
28 43 15.465 0.368
28 44 6.524 0.182
28 45 6.723 0.17
28 46 12.604 0.151
28 47 0.728 1.713
28 48 6.016 0.191
28 49 4.058 0.314
29 30 6.967 1.879
29 31 5.349 1.12
29 32 0.806 0.165
29 33 2.447 0.958
29 34 8.306 1.836
29 35 11.371 0.306
29 36 9.207 0.317
29 37 7.195 1.674
29 38 13.973 0.347
29 39 5.411 1.944
29 40 0.537 1.62
29 41 15.588 0.036
29 42 4.575 0.771
29 43 9.228 1.159
29 44 1.673 0.104
29 45 4.866 0.5
29 46 4.749 1.007
29 47 14.596 0.049
29 48 8.627 0.955
29 49 0.492 0.153
30 31 3.616 0.086
30 32 2.182 0.934
30 33 5.432 0.406
30 34 3.453 0.387
30 35 7.115 1.508
30 36 16.103 0.138
30 37 4.979 0.639
30 38 8.128 1.254
30 39 0.004 0.214
30 40 2.149 0.847
30 41 5.053 1.441
30 42 19.668 0.194
30 43 9.064 1.684
30 44 8.403 1.164
30 45 16.805 0.207
30 46 6.637 0.366
30 47 8.978 1.312
30 48 0.378 0.127
30 49 1.903 0.675
31 32 3.408 1.588
31 33 1.514 1.319
31 34 11.641 0.091
31 35 7.575 1.759
31 36 4.442 0.665
31 37 13.08 0.114
31 38 3.96 0.037
31 39 7.944 0.946
31 40 0.989 0.266
31 41 9.475 1.616
31 42 4.089 1.115
31 43 13.999 0.032
31 44 0.461 0.295
31 45 2.748 0.055
31 46 12.718 0.118
31 47 9.87 1.697
31 48 1.847 1.354
31 49 14.153 0.329
32 33 6.19 1.048
32 34 9.916 0.374
32 35 7.878 0.431
32 36 1.132 0.629
32 37 2.356 1.362
32 38 4.601 0.227
32 39 9.541 0.08
32 40 1.671 1.956
32 41 0.197 0.077
32 42 9.699 1.976
32 43 1.455 0.242
32 44 0.257 0.028
32 45 9.678 0.734
32 46 7.673 0.313
32 47 17.49 0.07
32 48 8.445 1.329
32 49 4.448 1.387
33 34 5.335 1.635
33 35 1.378 0.365
33 36 18.328 0.164
33 37 5.706 0.374
33 38 8.419 1.642
33 39 18.966 0.015
33 40 2.262 1.833
33 41 8.695 1.759
33 42 4.447 0.409
33 43 2.526 1.608
33 44 1.856 0.964
33 45 7.979 0.165
33 46 0.874 1.25
33 47 1.268 0.018
33 48 3.438 0.367
33 49 7.206 1.715
34 35 4.392 1.674
34 36 7.845 1.094
34 37 14.541 0.389
34 38 5.08 0.719
34 39 5.786 1.36
34 40 18.898 0.349
34 41 5.546 1.239
34 42 2.391 1.923
34 43 3.768 0.058
34 44 8.301 0.148
34 45 8.336 1.107
34 46 11.111 0.22
34 47 5.017 1.086
34 48 8.015 1.589
34 49 1.598 0.38
35 36 1.186 1.342
35 37 4.142 0.056
35 38 2.154 0.386
35 39 3.986 0.015
35 40 9.245 1.78
35 41 5.435 0.015
35 42 6.668 1.198
35 43 6.089 1.036
35 44 7.927 0.287
35 45 0.722 0.908
35 46 5.747 1.771
35 47 11.24 0.384
35 48 5.015 0.062
35 49 6.561 1.234
36 37 9.242 1.909
36 38 2.211 0.448
36 39 9.561 0.084
36 40 6.769 0.317
36 41 8.22 1.348
36 42 14.806 0.08
36 43 7.082 1.776
36 44 3.437 1.276
36 45 15.32 0.441
36 46 2.339 0.504
36 47 1.994 1.799
36 48 3.953 0.345
36 49 7.345 0.907
37 38 1.76 1.445
37 39 2.391 1.38
37 40 12.835 0.036
37 41 2.519 1.549
37 42 1.964 0.867
37 43 8.651 0.359
37 44 9.453 1.087
37 45 9.287 0.863
37 46 7.117 0.158
37 47 7.647 0.517
37 48 7.604 1.596
37 49 14.624 0.255
38 39 2.012 1.864
38 40 9.953 1.891
38 41 2.042 0.054
38 42 8.432 0.432
38 43 0.447 0.658
38 44 15.024 0.411
38 45 6.176 1.853
38 46 5.946 1.272
38 47 12.605 0.098
38 48 9.924 1.838
38 49 2.657 1.182
39 40 1.65 1.979
39 41 1.464 0.202
39 42 2.001 0.365
39 43 4.828 1.891
39 44 3.173 1.013
39 45 11.242 0.115
39 46 1.898 0.549
39 47 5.872 0.849
39 48 15.149 0.349
39 49 8.814 1.903
40 41 7.944 0.554
40 42 7.588 1.498
40 43 16.448 0.091
40 44 3.523 1.544
40 45 7.553 1.471
40 46 13.3 0.312
40 47 7.441 1.162
40 48 0.448 1.99
40 49 17.167 0.339
41 42 0.952 1.999
41 43 1.046 0.427
41 44 7.168 0.196
41 45 8.749 1.427
41 46 2.052 1.196
41 47 2.117 0.421
41 48 9.594 0.765
41 49 9.605 0.074
42 43 0.102 1.232
42 44 5.084 0.3
42 45 16.21 0.383
42 46 2.054 0.699
42 47 2.893 0.016
42 48 2.875 0.28
42 49 7.929 0.804
43 44 4.531 1.795
43 45 9.924 1.585
43 46 3.316 0.261
43 47 8.266 1.479
43 48 8.543 1.323
43 49 1.694 0.049
44 45 1.367 0.668
44 46 7.28 1.913
44 47 11.986 0.026
44 48 9.413 0.059
44 49 7.858 0.335
45 46 3.772 0.589
45 47 8.386 0.015
45 48 8.922 0.405
45 49 5.509 0.135
46 47 4.328 1.384
46 48 0.999 1.963
46 49 10.361 0.044
47 48 3.502 1.825
47 49 2.448 0.012
48 49 0.202 0.187
