50
99.342
0 1 0.411 0.161
0 2 0.992 0.168
1 2 0.852 0.104
0 3 0.284 0.657
1 3 0.618 0.367
2 3 0.134 0.955
0 4 0.127 0.636
1 4 0.015 0.9
2 4 0.865 0.053
3 4 0.1 0.212
0 5 0.213 0.018
1 5 0.653 0.061
2 5 0.25 0.542
3 5 0.086 0.43
4 5 0.154 0.446
0 6 0.003 0.33
1 6 0.369 0.647
2 6 0.41 0.099
3 6 0.659 0.012
4 6 0.889 0.916
5 6 0.898 0.526
0 7 0.836 0.669
1 7 0.457 0.269
2 7 0.295 0.145
3 7 0.489 0.086
4 7 0.392 0.832
5 7 0.618 0.316
6 7 0.126 0.413
0 8 0.769 0.636
1 8 0.645 0.529
2 8 0.138 0.655
3 8 0.216 0.408
4 8 0.589 0.339
5 8 0.878 0.035
6 8 0.724 0.729
7 8 0.235 0.706
0 9 0.894 0.168
1 9 0.535 0.61
2 9 0.441 0.014
3 9 0.457 0.063
4 9 0.047 0.441
5 9 0.055 0.869
6 9 0.345 0.757
7 9 0.89 0.568
8 9 0.294 0.428
0 10 0.077 0.127
1 10 0.534 0.816
2 10 0.917 0.904
3 10 0.535 0.367
4 10 0.967 0.477
5 10 0.174 0.595
6 10 0.387 0.874
7 10 0.398 0.356
8 10 0.241 0.352
9 10 0.203 0.143
0 11 0.917 0.402
1 11 0.433 0.298
2 11 0.783 0.326
3 11 0.316 0.843
4 11 0.942 0.381
5 11 0.455 0.61
6 11 0.905 0.348
7 11 0.469 0.253
8 11 0.262 0.416
9 11 0.129 0.285
10 11 0.009 0.577
0 12 0.548 0.66
1 12 0.681 0.214
2 12 0.387 0.385
3 12 0.328 0.938
4 12 0.47 0.903
5 12 0.004 0.5
6 12 0.147 0.914
7 12 0.053 0.459
8 12 0.254 0.055
9 12 0.187 0.132
10 12 0.193 0.749
11 12 0.321 0.366
0 13 0.606 0.428
1 13 0.765 0.54
2 13 0.285 0.367
3 13 0.659 0.259
4 13 0.189 0.417
5 13 0.369 0.128
6 13 0.376 0.308
7 13 0.003 0.749
8 13 0.549 0.635
9 13 0.562 0.289
10 13 0.631 0.638
11 13 0.235 0.966
12 13 0.865 0.398
0 14 0.991 0.572
1 14 0.275 0.875
2 14 0.654 0.244
3 14 0.84 0.925
4 14 0.43 0.986
5 14 0.663 0.447
6 14 0.698 0.223
7 14 0.791 0.001
8 14 0.111 0.802
9 14 0.478 0.722
10 14 0.815 0.858
11 14 0.193 0.576
12 14 0.524 0.493
13 14 0.163 0.626
0 15 0.36 0.181
1 15 0.779 0.822
2 15 0.594 0.213
3 15 0.768 0.894
4 15 0.188 0.383
5 15 0.013 0.701
6 15 0.794 0.78
7 15 0.978 0.961
8 15 0.231 0.433
9 15 0.374 0.144
10 15 0.77 0.876
11 15 0.079 0.575
12 15 0.904 0.344
13 15 0.196 0.135
14 15 0.546 0.232
0 16 0.371 0.873
1 16 0.861 0.051
2 16 0.64 0.176
3 16 0.404 0.386
4 16 0.697 0.197
5 16 0.681 0.411
6 16 0.138 0.424
7 16 0.8 0.45
8 16 0.122 0.075
9 16 0.547 0.987
10 16 0.778 0.789
11 16 0.607 0.791
12 16 0.755 0.047
13 16 0.958 0.59
14 16 0.973 0.72
15 16 0.971 0.029
0 17 0.549 0.448
1 17 0.806 0.594
2 17 0.805 0.392
3 17 0.856 0.996
4 17 0.193 0.024
5 17 0.588 0.204
6 17 0.644 0.976
7 17 0.483 0.854
8 17 0.609 0.866
9 17 0.625 0.545
10 17 0.917 0.96
11 17 0.015 0.564
12 17 0.043 0.536
13 17 0.107 0.781
14 17 0.041 0.91
15 17 0.945 0.835
16 17 0.199 0.447
0 18 0.466 0.841
1 18 0.608 0.234
2 18 0.227 0.76
3 18 0.308 0.323
4 18 0.986 0.851
5 18 0.512 0.646
6 18 0.783 0.835
7 18 0.028 0.886
8 18 0.992 0.28
9 18 0.698 0.174
10 18 0.903 0.309
11 18 0.7 0.511
12 18 0.719 0.311
13 18 0.5 0.451
14 18 0.622 0.084
15 18 0.393 0.323
16 18 0.531 0.244
17 18 0.522 0.112
0 19 0.113 0.943
1 19 0.318 0.989
2 19 0.61 0.533
3 19 0.682 0.895
4 19 0.909 0.716
5 19 0.586 0.982
6 19 0.704 0.205
7 19 0.307 0.034
8 19 0.468 0.794
9 19 0.239 0.443
10 19 0.624 0.575
11 19 0.299 0.112
12 19 0.181 0.41
13 19 0.375 0.146
14 19 0.239 0.861
15 19 0.51 0.271
16 19 0.254 0.555
17 19 0.338 0.725
18 19 0.505 0.699
0 20 0.71 0.273
1 20 0.8 0.338
2 20 0.768 0.835
3 20 0.2 0.089
4 20 0.758 0.6
5 20 0.637 0.857
6 20 0.368 0.644
7 20 0.977 0.376
8 20 0.061 0.604
9 20 0.196 0.839
10 20 0.947 0.946
11 20 0.668 0.433
12 20 0.482 0.455
13 20 0.699 0.97
14 20 0.577 0.475
15 20 0.289 0.871
16 20 0.881 0.898
17 20 0.633 0.208
18 20 0.047 0.835
19 20 0.619 0.839
0 21 0.516 0.864
1 21 0.39 0.944
2 21 0.126 0.704
3 21 0.524 0.424
4 21 0.314 0.635
5 21 0.865 0.267
6 21 0.523 0.374
7 21 0.776 0.51
8 21 0.157 0.969
9 21 0.707 0.715
10 21 0.434 0.205
11 21 0.017 0.24
12 21 0.797 0.471
13 21 0.275 0.099
14 21 0.407 0.25
15 21 0.985 0.153
16 21 0.209 0.252
17 21 0.575 0.321
18 21 0.846 0.809
19 21 0.972 0.292
20 21 0.816 0.908
0 22 0.862 0.798
1 22 0.264 0.736
2 22 0.713 0.928
3 22 0.449 0.388
4 22 0.182 0.953
5 22 0.567 0.353
6 22 0.465 0.915
7 22 0.833 0.746
8 22 0.841 0.168
9 22 0.35 0.488
10 22 0.439 0.162
11 22 0.096 0.447
12 22 0.301 0.381
13 22 0.65 0.922
14 22 0.562 0.764
15 22 0.288 0.124
16 22 0.289 0.764
17 22 0.929 0.709
18 22 0.17 0.866
19 22 0.12 0.623
20 22 0.191 0.408
21 22 0.612 0.944
0 23 0.03 0.581
1 23 0.883 0.175
2 23 0.543 0.125
3 23 0.649 0.56
4 23 0.368 0.049
5 23 0.295 0.618
6 23 0.948 0.943
7 23 0.88 0.927
8 23 0.897 0.864
9 23 0.648 0.553
10 23 0.98 0.912
11 23 0.105 0.997
12 23 0.389 0.576
13 23 0.605 0.568
14 23 0.36 0.511
15 23 0.548 0.73
16 23 0.24 0.868
17 23 0.048 0.762
18 23 0.901 0.49
19 23 0.77 0.952
20 23 0.703 0.493
21 23 0.579 0.369
22 23 0.811 0.861
0 24 0.001 0.561
1 24 0.783 0.355
2 24 0.814 0.97
3 24 0.294 0.501
4 24 0.898 0.67
5 24 0.401 0.828
6 24 0.634 0.442
7 24 0.145 0.6
8 24 0.564 0.212
9 24 0.832 0.991
10 24 0.106 0.266
11 24 0.706 0.306
12 24 0.826 0.479
13 24 0.858 0.914
14 24 0.89 0.301
15 24 0.165 0.477
16 24 0.958 0.738
17 24 0.91 0.135
18 24 0.32 0.982
19 24 0.914 0.964
20 24 0.896 0.311
21 24 0.221 0.239
22 24 0.927 0.179
23 24 0.946 0.817
0 25 0.202 0.836
1 25 0.954 0.552
2 25 0.843 0.83
3 25 0.69 0.937
4 25 0.572 0.428
5 25 0.439 0.415
6 25 0.281 0.377
7 25 0.052 0.425
8 25 0.499 0.725
9 25 0.094 0.46
10 25 0.021 0.643
11 25 0.654 0.376
12 25 0.033 0.328
13 25 0.434 0.76
14 25 0.245 0.608
15 25 0.77 0.991
16 25 0.48 0.563
17 25 0.786 0.154
18 25 0.362 0.496
19 25 0.621 0.115
20 25 0.218 0.609
21 25 0.108 0.952
22 25 0.343 0.42
23 25 0.308 0.966
24 25 0.081 0.179
0 26 0.564 0.033
1 26 0.896 0.014
2 26 0.352 0.407
3 26 0.219 0.196
4 26 0.768 0.934
5 26 0.018 0.49
6 26 0.385 0.706
7 26 0.036 0.301
8 26 0.73 0.088
9 26 0.14 0.463
10 26 0.816 0.631
11 26 0.336 0.265
12 26 0.528 0.374
13 26 0.221 0.279
14 26 0.922 0.458
15 26 0.01 0.119
16 26 0.066 0.32
17 26 0.387 0.575
18 26 0.321 0.836
19 26 0.041 0.423
20 26 0.708 0.57
21 26 0.586 0.081
22 26 0.364 0.251
23 26 0.473 0.333
24 26 0.598 0.134
25 26 0.051 0.012
0 27 0.718 0.47
1 27 0.328 0.514
2 27 0.116 0.742
3 27 0.552 0.537
4 27 0.006 0.733
5 27 0.023 0.42
6 27 0.818 0.189
7 27 0.6 0.317
8 27 0.54 0.692
9 27 0.522 0.018
10 27 0.29 0.781
11 27 0.485 0.94
12 27 0.98 0.978
13 27 0.311 0.305
14 27 0.761 0.518
15 27 0.641 0.775
16 27 0.004 0.881
17 27 0.921 0.431
18 27 0.558 0.446
19 27 0.235 0.844
20 27 0.018 0.945
21 27 0.656 0.185
22 27 0.338 0.289
23 27 0.293 0.64
24 27 0.193 0.091
25 27 0.332 0.676
26 27 0.232 0.732
0 28 0.582 0.447
1 28 0.782 0.136
2 28 0.555 0.08
3 28 0.905 0.12
4 28 0.41 0.061
5 28 0.147 0.622
6 28 0.517 0.653
7 28 0.558 0.394
8 28 0.261 0.077
9 28 0.67 0.403
10 28 0.654 0.235
11 28 0.539 0.815
12 28 0.392 0.254
13 28 0.061 0.695
14 28 0.574 0.037
15 28 0.175 0.33
16 28 0.758 0.782
17 28 0.547 0.245
18 28 0.175 0.828
19 28 0.707 0.336
20 28 0.326 0.07
21 28 0.017 0.265
22 28 0.706 0.721
23 28 0.749 0.68
24 28 0.936 0.241
25 28 0.566 0.147
26 28 0.414 0.779
27 28 0.18 0.73
0 29 0.875 0.298
1 29 0.487 0.232
2 29 0.594 0.875
3 29 0.284 0.663
4 29 0.913 0.077
5 29 0.35 0.293
6 29 0.65 0.899
7 29 0.255 0.069
8 29 0.22 0.657
9 29 0.189 0.226
10 29 0.886 0.595
11 29 0.209 0.987
12 29 0.819 0.967
13 29 0.688 0.07
14 29 0.766 0.646
15 29 0.175 0.202
16 29 0.582 0.588
17 29 0.135 0.641
18 29 0.307 0.646
19 29 0.659 0.416
20 29 0.259 0.81
21 29 0.829 0.292
22 29 0.798 0.112
23 29 0.858 0.727
24 29 0.547 0.796
25 29 0.386 0.165
26 29 0.536 0.723
27 29 0.199 0.344
28 29 0.535 0.231
0 30 0.971 0.981
1 30 0.718 0.565
2 30 0.594 0.985
3 30 0.749 0.758
4 30 0.545 0.921
5 30 0.073 0.178
6 30 0.9 0.579
7 30 0.517 0.831
8 30 0.415 0.665
9 30 0.822 0.11
10 30 0.449 0.756
11 30 0.5 0.122
12 30 0.563 0.434
13 30 0.047 0.757
14 30 0.581 0.239
15 30 0.847 0.24
16 30 0.464 0.734
17 30 0.622 0.101
18 30 0.783 0.131
19 30 0.618 0.225
20 30 0.866 0.377
21 30 0.879 0.95
22 30 0.845 0.925
23 30 0.681 0.38
24 30 0.694 0.137
25 30 0.155 0.744
26 30 0.172 0.439
27 30 0.365 0.838
28 30 0.645 0.337
29 30 0.772 0.099
0 31 0.532 0.964
1 31 0.2 0.914
2 31 0.806 0.485
3 31 0.331 0.141
4 31 0.404 0.151
5 31 0.177 0.738
6 31 0.914 0.77
7 31 0.75 0.275
8 31 0.515 0.018
9 31 0.64 0.147
10 31 0.324 0.009
11 31 0.167 0.296
12 31 0.686 0.854
13 31 0.563 0.296
14 31 0.953 0.324
15 31 0.676 0.339
16 31 0.312 0.222
17 31 0.465 0.792
18 31 0.036 0.099
19 31 0.288 0.701
20 31 0.847 0.455
21 31 0.939 0.346
22 31 0.893 0.848
23 31 0.929 0.879
24 31 0.127 0.146
25 31 0.975 0.051
26 31 0.176 0.043
27 31 0.214 0.472
28 31 0.271 0.767
29 31 0.436 0.565
30 31 0.519 0.189
0 32 0.083 0.927
1 32 0.306 0.439
2 32 0.783 0.147
3 32 0.084 0.995
4 32 0.293 0.185
5 32 0.493 0.232
6 32 0.65 0.423
7 32 0.782 0.009
8 32 0.286 0.62
9 32 0.135 0.534
10 32 0.374 0.409
11 32 0.07 0.834
12 32 0.444 0.805
13 32 0.139 0.576
14 32 0.7 0.384
15 32 0.652 0.257
16 32 0.918 0.782
17 32 0.688 0.39
18 32 0.367 0.151
19 32 0.116 0.58
20 32 0.572 0.743
21 32 0.037 0.711
22 32 0.849 0.201
23 32 0.459 0.165
24 32 0.556 0.686
25 32 0.335 0.326
26 32 0.389 0.134
27 32 0.247 0.553
28 32 0.715 0.251
29 32 0.779 0.548
30 32 0.255 0.35
31 32 0.759 0.907
0 33 0.017 0.65
1 33 0.899 0.35
2 33 0.519 0.83
3 33 0.558 0.738
4 33 0.088 0.116
5 33 0.066 0.717
6 33 0.202 0.043
7 33 0.747 0.29
8 33 0.916 0.167
9 33 0.176 0.181
10 33 0.47 0.985
11 33 0.109 0.013
12 33 0.163 0.341
13 33 0.078 0.812
14 33 0.649 0.065
15 33 0.562 0.6
16 33 0.964 0.166
17 33 0.128 0.935
18 33 0.805 0.077
19 33 0.81 0.66
20 33 0.848 0.442
21 33 0.275 0.141
22 33 0.077 0.344
23 33 0.144 0.641
24 33 0.176 0.423
25 33 0.361 0.553
26 33 0.717 0.377
27 33 0.872 0.115
28 33 0.495 0.998
29 33 0.048 0.906
30 33 0.643 0.546
31 33 0.163 0.937
32 33 0.507 0.406
0 34 0.419 0.614
1 34 0.556 0.573
2 34 0.729 0.779
3 34 0.468 0.015
4 34 0.863 0.305
5 34 0.475 0.211
6 34 0.92 0.215
7 34 0.733 0.915
8 34 0.286 0.094
9 34 0.727 0.509
10 34 0.311 0.625
11 34 0.51 0.632
12 34 0.733 0.096
13 34 0.259 0.177
14 34 0.476 0.925
15 34 0.971 0.22
16 34 0.942 0.324
17 34 0.631 0.435
18 34 0.747 0.445
19 34 0.585 0.635
20 34 0.269 0.99
21 34 0.374 0.107
22 34 0.634 0.988
23 34 0.556 0.768
24 34 0.999 0.855
25 34 0.123 0.281
26 34 0.302 0.76
27 34 0.318 0.805
28 34 0.853 0.827
29 34 0.114 0.241
30 34 0.575 0.347
31 34 0.408 0.222
32 34 0.521 0.659
33 34 0.501 0.174
0 35 0.488 0.442
1 35 0.489 0.911
2 35 0.872 0.753
3 35 0.489 0.08
4 35 0.029 0.233
5 35 0.867 0.041
6 35 0.369 0.058
7 35 0.699 0.981
8 35 0.949 0.423
9 35 0.448 0.201
10 35 0.075 0.22
11 35 0.701 0.892
12 35 0.787 0.848
13 35 0.455 0.018
14 35 0.492 0.571
15 35 0.345 0.868
16 35 0.323 0.148
17 35 0.478 0.322
18 35 0.897 0.91
19 35 0.594 0.93
20 35 0.844 0.663
21 35 0.295 0.827
22 35 0.722 0.667
23 35 0.63 0.445
24 35 0.279 0.73
25 35 0.914 0.421
26 35 0.737 0.483
27 35 0.114 0.005
28 35 0.436 0.417
29 35 0.302 0.3
30 35 0.703 0.164
31 35 0.792 0.614
32 35 0.915 0.436
33 35 0.582 0.735
34 35 0.647 0.887
0 36 0.471 0.3
1 36 0.674 0.705
2 36 0.836 0.63
3 36 0.252 0.668
4 36 0.657 0.725
5 36 0.762 0.435
6 36 0.65 0.561
7 36 0.51 0.712
8 36 0.65 0.806
9 36 0.177 0.594
10 36 0.217 0.75
11 36 0.719 0.804
12 36 0.242 0.978
13 36 0.472 0.181
14 36 0.344 0.32
15 36 0.239 0.724
16 36 0.539 0.526
17 36 0.363 0.3
18 36 0.066 0.97
19 36 0.351 0.452
20 36 0.512 0.962
21 36 0.769 0.173
22 36 0.72 0.097
23 36 0.25 0.362
24 36 0.288 0.01
25 36 0.945 0.125
26 36 0.29 0.268
27 36 0.708 0.212
28 36 0.548 0.894
29 36 0.159 0.871
30 36 0.276 0.956
31 36 0.617 0.387
32 36 0.753 0.506
33 36 0.846 0.872
34 36 0.975 0.578
35 36 0.818 0.533
0 37 0.306 0.889
1 37 0.176 0.442
2 37 0.353 0.506
3 37 0.141 0.549
4 37 0.028 0.916
5 37 0.82 0.177
6 37 0.006 0.261
7 37 0.402 0.041
8 37 0.082 0.969
9 37 0.785 0.669
10 37 0.369 0.666
11 37 0.043 0.85
12 37 0.512 0.602
13 37 0.978 0.529
14 37 0.447 0.822
15 37 0.202 0.196
16 37 0.999 0.716
17 37 0.507 0.953
18 37 0.418 0.899
19 37 0.914 0.515
20 37 0.545 0.341
21 37 0.367 0.878
22 37 0.94 0.724
23 37 0.82 0.498
24 37 0.8 0.677
25 37 0.757 0.573
26 37 0.519 0.73
27 37 0.143 0.962
28 37 0.738 0.506
29 37 0.708 0.447
30 37 0.396 0.47
31 37 0.338 0.417
32 37 0.449 0.48
33 37 0.419 0.319
34 37 0.052 0.55
35 37 0.654 0.679
36 37 0.278 0.29
0 38 0.948 0.659
1 38 0.385 0.39
2 38 0.82 0.559
3 38 0.844 0.27
4 38 0.439 0.112
5 38 0.257 0.099
6 38 0.555 0.708
7 38 0.575 0.676
8 38 0.381 0.971
9 38 0.429 0.017
10 38 0.108 0.309
11 38 0.188 0.887
12 38 0.57 0.249
13 38 0.674 0.468
14 38 0.002 0.783
15 38 0.641 0.12
16 38 0.429 0.586
17 38 0.698 0.899
18 38 0.751 0.49
19 38 0.76 0.978
20 38 0.165 0.21
21 38 0.82 0.751
22 38 0.512 0.874
23 38 0.263 0.015
24 38 0.258 0.519
25 38 0.671 0.527
26 38 0.602 0.25
27 38 0.341 0.514
28 38 0.103 0.861
29 38 0.735 0.949
30 38 0.063 0.495
31 38 0.344 0.539
32 38 0.753 0.255
33 38 0.63 0.32
34 38 0.127 0.703
35 38 0.353 0.866
36 38 0.216 0.847
37 38 0.383 0.803
0 39 0.85 0.096
1 39 0.831 0.074
2 39 0.35 0.846
3 39 0.621 0.816
4 39 0.139 0.77
5 39 0.911 0.767
6 39 0.339 0.879
7 39 0.915 0.108
8 39 0.501 0.273
9 39 0.892 0.451
10 39 0.124 0.703
11 39 0.718 0.451
12 39 0.801 0.421
13 39 0.211 0.308
14 39 0.405 0.412
15 39 0.826 0.132
16 39 0.654 0.851
17 39 0.833 0.694
18 39 0.761 0.539
19 39 0.445 0.146
20 39 0.769 0.719
21 39 0.751 0.473
22 39 0.135 0.839
23 39 0.473 0.828
24 39 0.25 0.398
25 39 0.041 0.03
26 39 0.304 0.966
27 39 0.589 0.093
28 39 0.768 0.423
29 39 0.85 0.295
30 39 0.054 0.967
31 39 0.054 0.83
32 39 0.407 0.269
33 39 0.847 0.369
34 39 0.085 0.393
35 39 0.181 0.874
36 39 0.177 0.286
37 39 0.194 0.234
38 39 0.006 0.43
0 40 0.322 0.057
1 40 0.27 0.93
2 40 0.156 0.329
3 40 0.471 0.072
4 40 0.406 0.913
5 40 0.602 0.514
6 40 0.87 0.838
7 40 0.849 0.77
8 40 0.829 0.416
9 40 0.755 0.132
10 40 0.154 0.035
11 40 0.015 0.352
12 40 0.15 0.158
13 40 0.298 0.469
14 40 0.747 0.872
15 40 0.843 0.868
16 40 0.915 0.942
17 40 0.302 0.841
18 40 0.445 0.323
19 40 0.617 0.134
20 40 0.339 0.452
21 40 0.422 0.372
22 40 0.809 0.021
23 40 0.008 0.245
24 40 0.211 0.356
25 40 0.839 0.356
26 40 0.285 0.57
27 40 0.154 0.164
28 40 0.973 0.845
29 40 0.614 0.641
30 40 0.581 0.682
31 40 0.829 0.654
32 40 0.834 0.078
33 40 0.73 0.869
34 40 0.056 0.781
35 40 0.44 0.47
36 40 0.623 0.287
37 40 0.763 0.688
38 40 0.975 0.045
39 40 0.049 0.617
0 41 0.47 0.409
1 41 0.708 0.807
2 41 0.206 0.136
3 41 0.484 0.998
4 41 0.199 0.613
5 41 0.178 0.024
6 41 0.113 0.316
7 41 0.943 0.96
8 41 0.029 0.738
9 41 0.425 0.359
10 41 0.122 0.847
11 41 0.494 0.005
12 41 0.326 0.978
13 41 0.303 0.066
14 41 0.774 0.824
15 41 0.025 1.0
16 41 0.239 0.741
17 41 0.589 0.35
18 41 0.642 0.637
19 41 0.772 0.743
20 41 0.271 0.554
21 41 0.374 0.352
22 41 0.274 0.701
23 41 0.96 0.589
24 41 0.262 0.771
25 41 0.472 0.705
26 41 0.771 0.149
27 41 0.467 0.178
28 41 0.643 0.604
29 41 0.927 0.538
30 41 0.429 0.533
31 41 0.179 0.452
32 41 0.407 0.002
33 41 0.464 0.271
34 41 0.412 0.963
35 41 0.185 0.291
36 41 0.137 0.632
37 41 0.384 0.337
38 41 0.505 0.033
39 41 0.558 0.67
40 41 0.322 0.349
0 42 0.916 0.621
1 42 0.125 0.882
2 42 0.297 0.027
3 42 0.46 0.174
4 42 0.737 0.797
5 42 0.52 0.638
6 42 0.12 0.279
7 42 0.189 0.653
8 42 0.135 0.221
9 42 0.791 0.023
10 42 0.804 0.647
11 42 0.869 0.69
12 42 0.732 0.29
13 42 0.649 0.801
14 42 0.921 0.274
15 42 0.044 0.558
16 42 0.304 0.772
17 42 0.08 0.173
18 42 0.751 0.536
19 42 0.023 0.899
20 42 0.229 0.453
21 42 0.001 0.079
22 42 0.533 0.467
23 42 0.818 0.504
24 42 0.161 0.543
25 42 0.013 0.535
26 42 0.375 0.94
27 42 0.74 0.074
28 42 0.636 0.111
29 42 0.436 0.035
30 42 0.911 0.952
31 42 0.681 0.579
32 42 0.099 0.307
33 42 0.355 0.405
34 42 0.987 0.534
35 42 0.601 0.803
36 42 0.598 0.82
37 42 0.592 0.876
38 42 0.352 0.211
39 42 0.036 0.439
40 42 0.573 0.645
41 42 0.48 0.507
0 43 0.195 0.12
1 43 0.43 0.217
2 43 0.903 0.899
3 43 0.354 0.621
4 43 0.251 0.366
5 43 0.012 0.412
6 43 0.757 0.303
7 43 0.961 0.166
8 43 0.359 0.47
9 43 0.189 0.878
10 43 0.179 0.078
11 43 0.42 0.177
12 43 0.684 0.736
13 43 0.106 0.208
14 43 0.943 0.055
15 43 0.344 0.556
16 43 0.12 0.46
17 43 0.06 0.51
18 43 0.439 0.57
19 43 0.096 0.565
20 43 0.493 0.81
21 43 0.057 0.879
22 43 0.243 0.913
23 43 0.866 0.953
24 43 0.402 0.224
25 43 0.706 0.345
26 43 0.152 0.261
27 43 0.165 0.581
28 43 0.571 0.047
29 43 0.526 0.68
30 43 0.251 0.502
31 43 0.647 0.66
32 43 0.851 0.391
33 43 0.169 0.066
34 43 0.389 0.743
35 43 0.478 0.349
36 43 0.201 0.352
37 43 0.058 0.608
38 43 0.286 0.221
39 43 0.23 0.211
40 43 0.07 0.728
41 43 0.833 0.021
42 43 0.433 0.601
0 44 0.22 0.202
1 44 0.604 0.959
2 44 0.348 0.501
3 44 0.01 0.349
4 44 0.019 0.573
5 44 0.409 0.962
6 44 0.766 0.337
7 44 0.333 0.244
8 44 0.685 0.124
9 44 0.225 0.552
10 44 0.775 0.737
11 44 0.206 0.549
12 44 0.348 0.178
13 44 0.417 0.552
14 44 0.068 0.578
15 44 0.755 0.375
16 44 0.739 0.692
17 44 0.808 0.138
18 44 0.606 0.361
19 44 0.272 0.29
20 44 0.797 0.896
21 44 0.973 0.636
22 44 0.96 0.722
23 44 0.123 0.292
24 44 0.035 0.792
25 44 0.559 0.848
26 44 0.915 0.196
27 44 0.966 0.713
28 44 0.767 0.416
29 44 0.802 0.096
30 44 0.521 0.245
31 44 0.341 0.164
32 44 0.662 0.372
33 44 0.36 0.874
34 44 0.72 0.59
35 44 0.257 0.575
36 44 0.804 0.839
37 44 0.616 0.118
38 44 0.426 0.974
39 44 0.377 0.843
40 44 0.416 0.951
41 44 0.73 0.358
42 44 0.045 0.603
43 44 0.634 0.898
0 45 0.069 0.551
1 45 0.526 0.921
2 45 0.412 0.968
3 45 0.952 0.579
4 45 0.334 0.451
5 45 0.664 0.812
6 45 0.139 0.0
7 45 0.036 0.676
8 45 0.741 0.756
9 45 0.838 0.065
10 45 0.853 0.899
11 45 0.395 0.439
12 45 0.627 0.061
13 45 0.988 0.515
14 45 0.758 0.069
15 45 0.533 0.429
16 45 0.307 0.396
17 45 0.082 0.468
18 45 0.258 0.473
19 45 0.109 0.609
20 45 0.61 0.061
21 45 0.151 0.246
22 45 0.986 0.384
23 45 0.08 0.496
24 45 0.27 0.844
25 45 0.226 0.131
26 45 0.705 0.847
27 45 0.997 0.893
28 45 0.695 0.234
29 45 0.924 0.021
30 45 0.767 0.438
31 45 0.685 0.192
32 45 0.884 0.968
33 45 0.43 0.575
34 45 0.27 0.569
35 45 0.825 0.798
36 45 0.715 0.256
37 45 0.603 0.454
38 45 0.805 0.373
39 45 0.691 0.465
40 45 0.383 0.435
41 45 0.275 0.397
42 45 0.167 0.035
43 45 0.96 0.946
44 45 0.226 0.209
0 46 0.013 0.561
1 46 0.383 0.525
2 46 0.744 0.218
3 46 0.804 0.176
4 46 0.349 0.163
5 46 0.381 0.559
6 46 0.741 0.498
7 46 0.133 0.662
8 46 0.04 0.434
9 46 0.272 0.622
10 46 0.792 0.273
11 46 0.76 0.425
12 46 0.738 0.883
13 46 0.444 0.096
14 46 0.714 0.549
15 46 0.793 0.891
16 46 0.167 0.956
17 46 0.061 0.339
18 46 0.56 0.392
19 46 0.921 0.953
20 46 0.098 0.858
21 46 0.363 0.924
22 46 0.659 0.382
23 46 0.151 0.697
24 46 0.214 0.749
25 46 0.598 0.586
26 46 0.215 0.992
27 46 0.346 0.01
28 46 0.112 0.847
29 46 0.508 0.106
30 46 0.139 0.782
31 46 0.016 0.262
32 46 0.344 0.407
33 46 0.399 0.382
34 46 0.388 0.772
35 46 0.351 0.145
36 46 0.893 0.757
37 46 0.54 0.805
38 46 0.687 0.014
39 46 0.859 0.86
40 46 0.451 0.558
41 46 0.396 0.512
42 46 0.396 0.493
43 46 0.374 0.158
44 46 0.212 0.465
45 46 0.336 0.65
0 47 0.471 0.473
1 47 0.184 0.947
2 47 0.923 0.588
3 47 0.241 0.27
4 47 0.609 0.791
5 47 0.275 0.092
6 47 0.882 0.428
7 47 0.452 0.896
8 47 0.552 0.945
9 47 0.804 0.715
10 47 0.499 0.655
11 47 0.597 0.551
12 47 0.697 0.757
13 47 0.248 0.217
14 47 0.111 0.883
15 47 0.466 0.459
16 47 0.28 0.236
17 47 0.474 0.463
18 47 0.715 0.715
19 47 0.391 0.756
20 47 0.91 0.764
21 47 0.053 0.488
22 47 0.539 0.684
23 47 0.219 0.284
24 47 0.692 0.73
25 47 0.885 0.513
26 47 0.341 0.036
27 47 0.35 0.896
28 47 0.422 0.381
29 47 0.015 0.656
30 47 0.06 0.745
31 47 0.436 0.026
32 47 0.126 0.056
33 47 0.139 0.608
34 47 0.187 0.888
35 47 0.873 0.401
36 47 0.978 0.41
37 47 0.326 0.4
38 47 0.096 0.843
39 47 0.77 0.294
40 47 0.962 0.384
41 47 0.946 0.52
42 47 0.169 0.961
43 47 0.649 0.893
44 47 0.941 0.268
45 47 0.306 0.211
46 47 0.072 0.232
0 48 0.418 0.726
1 48 0.583 0.926
2 48 0.662 0.595
3 48 0.984 0.621
4 48 0.941 0.427
5 48 0.616 0.049
6 48 0.466 0.931
7 48 0.135 0.837
8 48 0.188 0.376
9 48 0.787 0.334
10 48 0.926 0.115
11 48 0.509 0.996
12 48 0.193 0.166
13 48 0.321 0.724
14 48 0.903 0.696
15 48 0.337 0.561
16 48 0.065 0.112
17 48 0.871 0.315
18 48 0.126 0.566
19 48 0.716 0.087
20 48 0.306 0.633
21 48 0.008 0.701
22 48 0.314 0.417
23 48 0.884 0.947
24 48 0.812 0.328
25 48 0.875 0.333
26 48 0.968 0.944
27 48 0.649 0.207
28 48 0.987 0.319
29 48 0.497 0.779
30 48 0.974 0.817
31 48 0.249 0.824
32 48 0.723 0.608
33 48 0.103 0.74
34 48 0.774 0.554
35 48 0.176 0.121
36 48 0.51 0.738
37 48 0.124 0.831
38 48 0.12 0.438
39 48 0.152 0.106
40 48 0.838 0.978
41 48 0.43 0.162
42 48 0.104 0.02
43 48 0.322 0.995
44 48 0.592 0.627
45 48 0.085 0.665
46 48 0.372 0.44
47 48 0.165 0.827
0 49 0.188 0.324
1 49 0.304 0.719
2 49 0.263 0.713
3 49 0.912 0.893
4 49 0.041 0.961
5 49 0.384 0.035
6 49 0.346 0.424
7 49 0.15 0.496
8 49 0.759 0.845
9 49 0.624 0.052
10 49 0.984 0.97
11 49 0.852 0.623
12 49 0.614 0.534
13 49 0.758 0.527
14 49 0.014 0.94
15 49 0.702 0.001
16 49 0.984 0.405
17 49 0.501 0.262
18 49 0.497 0.848
19 49 0.942 0.077
20 49 0.092 0.723
21 49 0.364 0.897
22 49 0.071 0.453
23 49 0.332 0.378
24 49 0.927 0.713
25 49 0.503 0.653
26 49 0.349 0.946
27 49 0.504 0.089
28 49 0.306 0.5
29 49 0.728 0.502
30 49 0.69 0.549
31 49 0.943 0.467
32 49 0.85 0.47
33 49 0.498 0.844
34 49 0.177 0.196
35 49 0.932 0.581
36 49 0.851 0.382
37 49 0.974 0.769
38 49 0.212 0.694
39 49 0.646 0.293
40 49 0.56 0.731
41 49 0.621 0.295
42 49 0.166 0.446
43 49 0.626 0.758
44 49 0.705 0.205
45 49 0.122 0.11
46 49 0.724 0.827
47 49 0.261 0.341
48 49 0.333 0.166
