50
80
0 1 0.3 0.016
0 2 0.1 0.004
0 3 0.3 0.016
0 4 0.3 0.016
0 5 0.1 0.004
0 6 0.1 0.004
0 7 0.1 0.004
0 8 0.1 0.004
0 9 0.3 0.016
0 10 0.1 0.004
0 11 0.3 0.016
0 12 0.1 0.004
0 13 0.3 0.016
0 14 0.1 0.004
0 15 0.9 0.064
0 16 0.1 0.004
0 17 0.1 0.004
0 18 0.1 0.004
0 19 0.1 0.004
0 20 0.3 0.016
0 21 0.3 0.016
0 22 0.9 0.064
0 23 0.1 0.004
0 24 0.9 0.064
0 25 2.7 0.333
0 26 0.1 0.004
0 27 0.1 0.004
0 28 0.1 0.004
0 29 0.9 0.064
0 30 0.1 0.004
0 31 0.1 0.004
0 32 2.7 0.333
0 33 0.9 0.064
0 34 0.3 0.016
0 35 0.1 0.004
0 36 2.7 0.333
0 37 0.9 0.064
0 38 0.1 0.004
0 39 0.1 0.004
0 40 0.3 0.016
0 41 8.1 1.666
0 42 8.1 1.666
0 43 0.1 0.004
0 44 0.3 0.016
0 45 0.9 0.064
0 46 0.1 0.004
0 47 0.1 0.004
0 48 0.1 0.004
0 49 0.3 0.016
1 2 0.1 0.004
1 3 8.1 1.666
1 4 0.9 0.075
1 5 0.1 0.004
1 6 0.1 0.004
1 7 0.1 0.004
1 8 0.1 0.004
1 9 0.9 0.075
1 10 0.1 0.004
1 11 0.9 0.075
1 12 0.1 0.004
1 13 0.9 0.075
1 14 0.1 0.004
1 15 0.3 0.016
1 16 0.1 0.004
1 17 0.1 0.004
1 18 0.1 0.004
1 19 0.1 0.004
1 20 0.9 0.075
1 21 2.7 0.333
1 22 0.3 0.016
1 23 0.1 0.004
1 24 0.3 0.016
1 25 0.3 0.016
1 26 0.1 0.004
1 27 0.1 0.004
1 28 0.1 0.004
1 29 0.3 0.016
1 30 0.1 0.004
1 31 0.1 0.004
1 32 0.3 0.016
1 33 0.3 0.016
1 34 8.1 1.666
1 35 0.1 0.004
1 36 0.3 0.016
1 37 0.3 0.016
1 38 0.1 0.004
1 39 0.1 0.004
1 40 0.9 0.075
1 41 0.3 0.016
1 42 0.3 0.016
1 43 0.1 0.004
1 44 10.8 1.666
1 45 0.3 0.016
1 46 0.1 0.004
1 47 0.1 0.004
1 48 0.1 0.004
1 49 2.7 0.333
2 3 0.1 0.004
2 4 0.1 0.004
2 5 0.3 0.016
2 6 8.1 1.666
2 7 0.9 0.075
2 8 2.7 0.333
2 9 0.1 0.004
2 10 0.3 0.016
2 11 0.1 0.004
2 12 0.9 0.075
2 13 0.1 0.004
2 14 0.9 0.075
2 15 0.1 0.004
2 16 0.3 0.016
2 17 0.3 0.016
2 18 2.7 0.333
2 19 0.9 0.075
2 20 0.1 0.004
2 21 0.1 0.004
2 22 0.1 0.004
2 23 0.3 0.016
2 24 0.1 0.004
2 25 0.1 0.004
2 26 0.3 0.016
2 27 0.3 0.016
2 28 2.7 0.333
2 29 0.1 0.004
2 30 0.9 0.075
2 31 7.2 0.064
2 32 0.1 0.004
2 33 0.1 0.004
2 34 0.1 0.004
2 35 8.1 1.666
2 36 0.1 0.004
2 37 0.1 0.004
2 38 0.9 0.075
2 39 0.3 0.016
2 40 0.1 0.004
2 41 0.1 0.004
2 42 0.1 0.004
2 43 0.3 0.016
2 44 0.1 0.004
2 45 0.1 0.004
2 46 0.3 0.016
2 47 0.3 0.016
2 48 0.3 0.016
2 49 0.1 0.004
3 4 0.9 0.075
3 5 0.1 0.004
3 6 0.1 0.004
3 7 0.1 0.004
3 8 0.1 0.004
3 9 0.9 0.075
3 10 0.1 0.004
3 11 0.9 0.075
3 12 0.1 0.004
3 13 0.9 0.075
3 14 0.1 0.004
3 15 0.3 0.016
3 16 0.1 0.004
3 17 0.1 0.004
3 18 0.1 0.004
3 19 0.1 0.004
3 20 0.9 0.075
3 21 2.7 0.333
3 22 0.3 0.016
3 23 0.1 0.004
3 24 0.3 0.016
3 25 0.3 0.016
3 26 0.1 0.004
3 27 0.1 0.004
3 28 0.1 0.004
3 29 0.3 0.016
3 30 0.1 0.004
3 31 0.1 0.004
3 32 0.3 0.016
3 33 0.3 0.016
3 34 8.1 1.666
3 35 0.1 0.004
3 36 0.3 0.016
3 37 0.3 0.016
3 38 0.1 0.004
3 39 0.1 0.004
3 40 0.9 0.075
3 41 0.3 0.016
3 42 0.3 0.016
3 43 0.1 0.004
3 44 2.7 0.333
3 45 0.3 0.016
3 46 0.1 0.004
3 47 0.1 0.004
3 48 0.1 0.004
3 49 2.7 0.333
4 5 0.1 0.004
4 6 0.1 0.004
4 7 0.1 0.004
4 8 0.1 0.004
4 9 2.7 0.333
4 10 0.1 0.004
4 11 10.8 1.666
4 12 0.1 0.004
4 13 8.1 1.666
4 14 0.1 0.004
4 15 0.3 0.016
4 16 0.1 0.004
4 17 0.1 0.004
4 18 0.1 0.004
4 19 0.1 0.004
4 20 2.7 0.333
4 21 0.9 0.075
4 22 0.3 0.016
4 23 0.1 0.004
4 24 0.3 0.016
4 25 0.3 0.016
4 26 0.1 0.004
4 27 0.1 0.004
4 28 0.1 0.004
4 29 0.3 0.016
4 30 0.1 0.004
4 31 0.1 0.004
4 32 0.3 0.016
4 33 0.3 0.016
4 34 0.9 0.075
4 35 0.1 0.004
4 36 0.3 0.016
4 37 0.3 0.016
4 38 0.1 0.004
4 39 0.1 0.004
4 40 8.1 1.666
4 41 0.3 0.016
4 42 0.3 0.016
4 43 0.1 0.004
4 44 0.9 0.075
4 45 0.3 0.016
4 46 0.1 0.004
4 47 0.1 0.004
4 48 0.1 0.004
4 49 0.9 0.075
5 6 0.3 0.016
5 7 0.3 0.016
5 8 0.3 0.016
5 9 0.1 0.004
5 10 2.7 0.333
5 11 0.1 0.004
5 12 0.3 0.016
5 13 0.1 0.004
5 14 0.3 0.016
5 15 0.1 0.004
5 16 8.1 1.666
5 17 0.9 0.064
5 18 0.3 0.016
5 19 0.3 0.016
5 20 0.1 0.004
5 21 0.1 0.004
5 22 0.1 0.004
5 23 0.9 0.064
5 24 0.1 0.004
5 25 0.1 0.004
5 26 8.1 1.666
5 27 2.7 0.333
5 28 0.3 0.016
5 29 0.1 0.004
5 30 0.3 0.016
5 31 0.9 0.064
5 32 0.1 0.004
5 33 0.1 0.004
5 34 0.1 0.004
5 35 0.3 0.016
5 36 0.1 0.004
5 37 0.1 0.004
5 38 0.3 0.016
5 39 0.9 0.064
5 40 0.1 0.004
5 41 0.1 0.004
5 42 0.1 0.004
5 43 0.9 0.064
5 44 0.1 0.004
5 45 0.1 0.004
5 46 0.9 0.064
5 47 2.7 0.333
5 48 0.9 0.064
5 49 0.1 0.004
6 7 0.9 0.075
6 8 10.8 1.666
6 9 0.1 0.004
6 10 0.3 0.016
6 11 0.1 0.004
6 12 0.9 0.075
6 13 0.1 0.004
6 14 0.9 0.075
6 15 0.1 0.004
6 16 0.3 0.016
6 17 0.3 0.016
6 18 2.7 0.333
6 19 0.9 0.075
6 20 0.1 0.004
6 21 0.1 0.004
6 22 0.1 0.004
6 23 0.3 0.016
6 24 0.1 0.004
6 25 0.1 0.004
6 26 0.3 0.016
6 27 0.3 0.016
6 28 2.7 0.333
6 29 0.1 0.004
6 30 0.9 0.075
6 31 0.3 0.016
6 32 0.1 0.004
6 33 0.1 0.004
6 34 0.1 0.004
6 35 8.1 1.666
6 36 0.1 0.004
6 37 0.1 0.004
6 38 0.9 0.075
6 39 0.3 0.016
6 40 0.1 0.004
6 41 0.1 0.004
6 42 0.1 0.004
6 43 0.3 0.016
6 44 0.1 0.004
6 45 0.1 0.004
6 46 0.3 0.016
6 47 0.3 0.016
6 48 0.3 0.016
6 49 0.1 0.004
7 8 0.9 0.075
7 9 0.1 0.004
7 10 0.3 0.016
7 11 0.1 0.004
7 12 8.1 1.666
7 13 0.1 0.004
7 14 2.7 0.333
7 15 0.1 0.004
7 16 0.3 0.016
7 17 0.3 0.016
7 18 0.9 0.075
7 19 2.7 0.333
7 20 0.1 0.004
7 21 0.1 0.004
7 22 0.1 0.004
7 23 0.3 0.016
7 24 0.1 0.004
7 25 0.1 0.004
7 26 0.3 0.016
7 27 0.3 0.016
7 28 0.9 0.075
7 29 0.1 0.004
7 30 8.1 1.666
7 31 0.3 0.016
7 32 0.1 0.004
7 33 0.1 0.004
7 34 0.1 0.004
7 35 0.9 0.075
7 36 0.1 0.004
7 37 0.1 0.004
7 38 10.8 1.666
7 39 0.3 0.016
7 40 0.1 0.004
7 41 0.1 0.004
7 42 0.1 0.004
7 43 0.3 0.016
7 44 0.1 0.004
7 45 0.1 0.004
7 46 0.3 0.016
7 47 0.3 0.016
7 48 0.3 0.016
7 49 0.1 0.004
8 9 0.1 0.004
8 10 0.3 0.016
8 11 0.1 0.004
8 12 0.9 0.075
8 13 0.1 0.004
8 14 0.9 0.075
8 15 0.1 0.004
8 16 0.3 0.016
8 17 0.3 0.016
8 18 8.1 1.666
8 19 0.9 0.075
8 20 0.1 0.004
8 21 0.1 0.004
8 22 0.1 0.004
8 23 0.3 0.016
8 24 0.1 0.004
8 25 0.1 0.004
8 26 0.3 0.016
8 27 0.3 0.016
8 28 8.1 1.666
8 29 0.1 0.004
8 30 0.9 0.075
8 31 0.3 0.016
8 32 0.1 0.004
8 33 0.1 0.004
8 34 0.1 0.004
8 35 2.7 0.333
8 36 0.1 0.004
8 37 0.1 0.004
8 38 0.9 0.075
8 39 0.3 0.016
8 40 0.1 0.004
8 41 0.1 0.004
8 42 0.1 0.004
8 43 0.3 0.016
8 44 0.1 0.004
8 45 0.1 0.004
8 46 0.3 0.016
8 47 0.3 0.016
8 48 0.3 0.016
8 49 0.1 0.004
9 10 0.1 0.004
9 11 8.1 1.666
9 12 0.1 0.004
9 13 2.7 0.333
9 14 0.1 0.004
9 15 0.3 0.016
9 16 0.1 0.004
9 17 0.1 0.004
9 18 0.1 0.004
9 19 0.1 0.004
9 20 8.1 1.666
9 21 0.9 0.075
9 22 0.3 0.016
9 23 0.1 0.004
9 24 0.3 0.016
9 25 0.3 0.016
9 26 0.1 0.004
9 27 0.1 0.004
9 28 0.1 0.004
9 29 0.3 0.016
9 30 0.1 0.004
9 31 0.1 0.004
9 32 0.3 0.016
9 33 0.3 0.016
9 34 0.9 0.075
9 35 0.1 0.004
9 36 0.3 0.016
9 37 0.3 0.016
9 38 0.1 0.004
9 39 0.1 0.004
9 40 2.7 0.333
9 41 0.3 0.016
9 42 0.3 0.016
9 43 0.1 0.004
9 44 0.9 0.075
9 45 0.3 0.016
9 46 0.1 0.004
9 47 0.1 0.004
9 48 0.1 0.004
9 49 0.9 0.075
10 11 0.1 0.004
10 12 0.3 0.016
10 13 0.1 0.004
10 14 0.3 0.016
10 15 0.1 0.004
10 16 10.8 1.666
10 17 0.9 0.064
10 18 0.3 0.016
10 19 0.3 0.016
10 20 0.1 0.004
10 21 0.1 0.004
10 22 0.1 0.004
10 23 0.9 0.064
10 24 0.1 0.004
10 25 0.1 0.004
10 26 2.7 0.333
10 27 8.1 1.666
10 28 0.3 0.016
10 29 0.1 0.004
10 30 0.3 0.016
10 31 0.9 0.064
10 32 0.1 0.004
10 33 0.1 0.004
10 34 0.1 0.004
10 35 0.3 0.016
10 36 0.1 0.004
10 37 0.1 0.004
10 38 0.3 0.016
10 39 0.9 0.064
10 40 0.1 0.004
10 41 0.1 0.004
10 42 0.1 0.004
10 43 0.9 0.064
10 44 0.1 0.004
10 45 0.1 0.004
10 46 10.8 0.238
10 47 8.1 1.666
10 48 0.9 0.064
10 49 0.1 0.004
11 12 0.1 0.004
11 13 2.7 0.333
11 14 0.1 0.004
11 15 0.3 0.016
11 16 0.1 0.004
11 17 0.1 0.004
11 18 0.1 0.004
11 19 0.1 0.004
11 20 8.1 1.666
11 21 9.0 0.333
11 22 0.3 0.016
11 23 0.1 0.004
11 24 0.3 0.016
11 25 0.3 0.016
11 26 0.1 0.004
11 27 0.1 0.004
11 28 0.1 0.004
11 29 0.3 0.016
11 30 0.1 0.004
11 31 0.1 0.004
11 32 0.3 0.016
11 33 0.3 0.016
11 34 0.9 0.075
11 35 0.1 0.004
11 36 0.3 0.016
11 37 0.3 0.016
11 38 0.1 0.004
11 39 0.1 0.004
11 40 2.7 0.333
11 41 0.3 0.016
11 42 0.3 0.016
11 43 0.1 0.004
11 44 0.9 0.075
11 45 0.3 0.016
11 46 0.1 0.004
11 47 0.1 0.004
11 48 0.1 0.004
11 49 0.9 0.075
12 13 0.1 0.004
12 14 2.7 0.333
12 15 0.1 0.004
12 16 0.3 0.016
12 17 0.3 0.016
12 18 0.9 0.075
12 19 2.7 0.333
12 20 0.1 0.004
12 21 0.1 0.004
12 22 0.1 0.004
12 23 0.3 0.016
12 24 0.1 0.004
12 25 0.1 0.004
12 26 0.3 0.016
12 27 0.3 0.016
12 28 0.9 0.075
12 29 0.1 0.004
12 30 8.1 1.666
12 31 0.3 0.016
12 32 0.1 0.004
12 33 0.1 0.004
12 34 0.1 0.004
12 35 0.9 0.075
12 36 0.1 0.004
12 37 0.1 0.004
12 38 2.7 0.333
12 39 0.3 0.016
12 40 0.1 0.004
12 41 0.1 0.004
12 42 0.1 0.004
12 43 0.3 0.016
12 44 0.1 0.004
12 45 0.1 0.004
12 46 0.3 0.016
12 47 0.3 0.016
12 48 0.3 0.016
12 49 0.1 0.004
13 14 0.1 0.004
13 15 0.3 0.016
13 16 0.1 0.004
13 17 0.1 0.004
13 18 0.1 0.004
13 19 0.1 0.004
13 20 2.7 0.333
13 21 0.9 0.075
13 22 0.3 0.016
13 23 0.1 0.004
13 24 0.3 0.016
13 25 0.3 0.016
13 26 0.1 0.004
13 27 0.1 0.004
13 28 0.1 0.004
13 29 0.3 0.016
13 30 0.1 0.004
13 31 0.1 0.004
13 32 0.3 0.016
13 33 0.3 0.016
13 34 0.9 0.075
13 35 0.1 0.004
13 36 0.3 0.016
13 37 0.3 0.016
13 38 0.1 0.004
13 39 0.1 0.004
13 40 8.1 1.666
13 41 0.3 0.016
13 42 0.3 0.016
13 43 0.1 0.004
13 44 0.9 0.075
13 45 0.3 0.016
13 46 0.1 0.004
13 47 0.1 0.004
13 48 0.1 0.004
13 49 0.9 0.075
14 15 0.1 0.004
14 16 0.3 0.016
14 17 0.3 0.016
14 18 0.9 0.075
14 19 8.1 1.666
14 20 0.1 0.004
14 21 0.1 0.004
14 22 0.1 0.004
14 23 0.3 0.016
14 24 0.1 0.004
14 25 0.1 0.004
14 26 0.3 0.016
14 27 0.3 0.016
14 28 0.9 0.075
14 29 0.1 0.004
14 30 2.7 0.333
14 31 0.3 0.016
14 32 0.1 0.004
14 33 0.1 0.004
14 34 0.1 0.004
14 35 0.9 0.075
14 36 0.1 0.004
14 37 0.1 0.004
14 38 8.1 1.666
14 39 0.3 0.016
14 40 0.1 0.004
14 41 0.1 0.004
14 42 0.1 0.004
14 43 0.3 0.016
14 44 0.1 0.004
14 45 0.1 0.004
14 46 0.3 0.016
14 47 0.3 0.016
14 48 0.3 0.016
14 49 0.1 0.004
15 16 0.1 0.004
15 17 0.1 0.004
15 18 0.1 0.004
15 19 0.1 0.004
15 20 0.3 0.016
15 21 0.3 0.016
15 22 2.7 0.238
15 23 0.1 0.004
15 24 16.2 0.833
15 25 0.9 0.064
15 26 0.1 0.004
15 27 0.1 0.004
15 28 0.1 0.004
15 29 2.7 0.238
15 30 0.1 0.004
15 31 0.1 0.004
15 32 0.9 0.064
15 33 2.7 0.238
15 34 0.3 0.016
15 35 0.1 0.004
15 36 0.9 0.064
15 37 8.1 1.666
15 38 0.1 0.004
15 39 0.1 0.004
15 40 0.3 0.016
15 41 0.9 0.064
15 42 0.9 0.064
15 43 0.1 0.004
15 44 0.3 0.016
15 45 8.1 1.666
15 46 0.1 0.004
15 47 0.1 0.004
15 48 0.1 0.004
15 49 0.3 0.016
16 17 0.9 0.064
16 18 0.3 0.016
16 19 0.3 0.016
16 20 0.1 0.004
16 21 0.1 0.004
16 22 0.1 0.004
16 23 0.9 0.064
16 24 0.1 0.004
16 25 0.1 0.004
16 26 8.1 1.666
16 27 2.7 0.333
16 28 0.3 0.016
16 29 0.1 0.004
16 30 0.3 0.016
16 31 0.9 0.064
16 32 0.1 0.004
16 33 0.1 0.004
16 34 0.1 0.004
16 35 0.3 0.016
16 36 0.1 0.004
16 37 0.1 0.004
16 38 0.3 0.016
16 39 0.9 0.064
16 40 0.1 0.004
16 41 0.1 0.004
16 42 0.1 0.004
16 43 0.9 0.064
16 44 0.1 0.004
16 45 0.1 0.004
16 46 0.9 0.064
16 47 2.7 0.333
16 48 0.9 0.064
16 49 0.1 0.004
17 18 0.3 0.016
17 19 0.3 0.016
17 20 0.1 0.004
17 21 0.1 0.004
17 22 0.1 0.004
17 23 8.1 0.833
17 24 0.1 0.004
17 25 0.1 0.004
17 26 0.9 0.064
17 27 0.9 0.064
17 28 0.3 0.016
17 29 0.1 0.004
17 30 0.3 0.016
17 31 2.7 0.238
17 32 0.1 0.004
17 33 0.1 0.004
17 34 0.1 0.004
17 35 0.3 0.016
17 36 0.1 0.004
17 37 0.1 0.004
17 38 0.3 0.016
17 39 2.7 0.238
17 40 0.1 0.004
17 41 0.1 0.004
17 42 0.1 0.004
17 43 8.1 0.833
17 44 0.1 0.004
17 45 0.1 0.004
17 46 2.7 0.238
17 47 0.9 0.064
17 48 8.1 0.833
17 49 0.1 0.004
18 19 0.9 0.075
18 20 0.1 0.004
18 21 0.1 0.004
18 22 0.1 0.004
18 23 0.3 0.016
18 24 0.1 0.004
18 25 0.1 0.004
18 26 0.3 0.016
18 27 0.3 0.016
18 28 8.1 1.666
18 29 0.1 0.004
18 30 0.9 0.075
18 31 0.3 0.016
18 32 0.1 0.004
18 33 0.1 0.004
18 34 0.1 0.004
18 35 2.7 0.333
18 36 0.1 0.004
18 37 0.1 0.004
18 38 0.9 0.075
18 39 0.3 0.016
18 40 0.1 0.004
18 41 0.1 0.004
18 42 0.1 0.004
18 43 0.3 0.016
18 44 0.1 0.004
18 45 0.1 0.004
18 46 0.3 0.016
18 47 0.3 0.016
18 48 0.3 0.016
18 49 0.1 0.004
19 20 0.1 0.004
19 21 0.1 0.004
19 22 0.1 0.004
19 23 0.3 0.016
19 24 0.1 0.004
19 25 0.1 0.004
19 26 0.3 0.016
19 27 0.3 0.016
19 28 9.0 0.333
19 29 0.1 0.004
19 30 2.7 0.333
19 31 0.3 0.016
19 32 0.1 0.004
19 33 0.1 0.004
19 34 0.1 0.004
19 35 0.9 0.075
19 36 0.1 0.004
19 37 0.1 0.004
19 38 8.1 1.666
19 39 0.3 0.016
19 40 0.1 0.004
19 41 0.1 0.004
19 42 0.1 0.004
19 43 0.3 0.016
19 44 0.1 0.004
19 45 0.1 0.004
19 46 0.3 0.016
19 47 0.3 0.016
19 48 0.3 0.016
19 49 0.1 0.004
20 21 0.9 0.075
20 22 0.3 0.016
20 23 0.1 0.004
20 24 0.3 0.016
20 25 7.2 0.064
20 26 0.1 0.004
20 27 0.1 0.004
20 28 0.1 0.004
20 29 0.3 0.016
20 30 0.1 0.004
20 31 0.1 0.004
20 32 0.3 0.016
20 33 0.3 0.016
20 34 0.9 0.075
20 35 0.1 0.004
20 36 0.3 0.016
20 37 0.3 0.016
20 38 0.1 0.004
20 39 0.1 0.004
20 40 2.7 0.333
20 41 0.3 0.016
20 42 0.3 0.016
20 43 0.1 0.004
20 44 0.9 0.075
20 45 0.3 0.016
20 46 0.1 0.004
20 47 0.1 0.004
20 48 0.1 0.004
20 49 0.9 0.075
21 22 0.3 0.016
21 23 0.1 0.004
21 24 0.3 0.016
21 25 0.3 0.016
21 26 0.1 0.004
21 27 0.1 0.004
21 28 0.1 0.004
21 29 0.3 0.016
21 30 0.1 0.004
21 31 0.1 0.004
21 32 0.3 0.016
21 33 0.3 0.016
21 34 2.7 0.333
21 35 0.1 0.004
21 36 0.3 0.016
21 37 0.3 0.016
21 38 0.1 0.004
21 39 0.1 0.004
21 40 0.9 0.075
21 41 0.3 0.016
21 42 0.3 0.016
21 43 0.1 0.004
21 44 8.1 1.666
21 45 0.3 0.016
21 46 0.1 0.004
21 47 0.1 0.004
21 48 0.1 0.004
21 49 8.1 1.666
22 23 0.1 0.004
22 24 8.1 0.833
22 25 0.9 0.064
22 26 0.1 0.004
22 27 0.1 0.004
22 28 0.1 0.004
22 29 8.1 0.833
22 30 0.1 0.004
22 31 0.1 0.004
22 32 10.8 0.238
22 33 8.1 0.833
22 34 0.3 0.016
22 35 0.1 0.004
22 36 0.9 0.064
22 37 2.7 0.238
22 38 0.1 0.004
22 39 0.1 0.004
22 40 0.3 0.016
22 41 0.9 0.064
22 42 0.9 0.064
22 43 0.1 0.004
22 44 0.3 0.016
22 45 2.7 0.238
22 46 0.1 0.004
22 47 0.1 0.004
22 48 0.1 0.004
22 49 0.3 0.016
23 24 0.1 0.004
23 25 0.1 0.004
23 26 0.9 0.064
23 27 0.9 0.064
23 28 0.3 0.016
23 29 0.1 0.004
23 30 0.3 0.016
23 31 16.2 0.833
23 32 0.1 0.004
23 33 0.1 0.004
23 34 0.1 0.004
23 35 0.3 0.016
23 36 0.1 0.004
23 37 0.1 0.004
23 38 0.3 0.016
23 39 2.7 0.238
23 40 0.1 0.004
23 41 0.1 0.004
23 42 0.1 0.004
23 43 8.1 0.833
23 44 0.1 0.004
23 45 0.1 0.004
23 46 2.7 0.238
23 47 0.9 0.064
23 48 8.1 0.833
23 49 0.1 0.004
24 25 0.9 0.064
24 26 0.1 0.004
24 27 0.1 0.004
24 28 0.1 0.004
24 29 8.1 0.833
24 30 0.1 0.004
24 31 0.1 0.004
24 32 0.9 0.064
24 33 8.1 0.833
24 34 0.3 0.016
24 35 0.1 0.004
24 36 0.9 0.064
24 37 2.7 0.238
24 38 0.1 0.004
24 39 0.1 0.004
24 40 0.3 0.016
24 41 0.9 0.064
24 42 0.9 0.064
24 43 0.1 0.004
24 44 0.3 0.016
24 45 2.7 0.238
24 46 0.1 0.004
24 47 0.1 0.004
24 48 0.1 0.004
24 49 0.3 0.016
25 26 0.1 0.004
25 27 0.1 0.004
25 28 0.1 0.004
25 29 0.9 0.064
25 30 0.1 0.004
25 31 0.1 0.004
25 32 8.1 1.666
25 33 0.9 0.064
25 34 0.3 0.016
25 35 0.1 0.004
25 36 8.1 1.666
25 37 0.9 0.064
25 38 0.1 0.004
25 39 0.1 0.004
25 40 0.3 0.016
25 41 2.7 0.333
25 42 2.7 0.333
25 43 0.1 0.004
25 44 0.3 0.016
25 45 0.9 0.064
25 46 0.1 0.004
25 47 0.1 0.004
25 48 0.1 0.004
25 49 0.3 0.016
26 27 2.7 0.333
26 28 0.3 0.016
26 29 0.1 0.004
26 30 0.3 0.016
26 31 0.9 0.064
26 32 0.1 0.004
26 33 0.1 0.004
26 34 0.1 0.004
26 35 0.3 0.016
26 36 0.1 0.004
26 37 0.1 0.004
26 38 0.3 0.016
26 39 0.9 0.064
26 40 0.1 0.004
26 41 0.1 0.004
26 42 0.1 0.004
26 43 0.9 0.064
26 44 0.1 0.004
26 45 0.1 0.004
26 46 0.9 0.064
26 47 2.7 0.333
26 48 0.9 0.064
26 49 0.1 0.004
27 28 0.3 0.016
27 29 0.1 0.004
27 30 0.3 0.016
27 31 0.9 0.064
27 32 0.1 0.004
27 33 0.1 0.004
27 34 0.1 0.004
27 35 0.3 0.016
27 36 0.1 0.004
27 37 0.1 0.004
27 38 0.3 0.016
27 39 0.9 0.064
27 40 0.1 0.004
27 41 0.1 0.004
27 42 0.1 0.004
27 43 0.9 0.064
27 44 0.1 0.004
27 45 0.1 0.004
27 46 0.9 0.064
27 47 8.1 1.666
27 48 0.9 0.064
27 49 0.1 0.004
28 29 0.1 0.004
28 30 0.9 0.075
28 31 0.3 0.016
28 32 0.1 0.004
28 33 0.1 0.004
28 34 0.1 0.004
28 35 2.7 0.333
28 36 0.1 0.004
28 37 0.1 0.004
28 38 0.9 0.075
28 39 0.3 0.016
28 40 0.1 0.004
28 41 0.1 0.004
28 42 0.1 0.004
28 43 0.3 0.016
28 44 0.1 0.004
28 45 0.1 0.004
28 46 0.3 0.016
28 47 0.3 0.016
28 48 0.3 0.016
28 49 0.1 0.004
29 30 0.1 0.004
29 31 0.1 0.004
29 32 0.9 0.064
29 33 8.1 0.833
29 34 0.3 0.016
29 35 0.1 0.004
29 36 0.9 0.064
29 37 2.7 0.238
29 38 0.1 0.004
29 39 0.1 0.004
29 40 0.3 0.016
29 41 0.9 0.064
29 42 0.9 0.064
29 43 0.1 0.004
29 44 0.3 0.016
29 45 2.7 0.238
29 46 0.1 0.004
29 47 0.1 0.004
29 48 0.1 0.004
29 49 0.3 0.016
30 31 0.3 0.016
30 32 0.1 0.004
30 33 0.1 0.004
30 34 0.1 0.004
30 35 0.9 0.075
30 36 0.1 0.004
30 37 0.1 0.004
30 38 2.7 0.333
30 39 0.3 0.016
30 40 0.1 0.004
30 41 0.1 0.004
30 42 0.1 0.004
30 43 0.3 0.016
30 44 0.1 0.004
30 45 0.1 0.004
30 46 0.3 0.016
30 47 0.3 0.016
30 48 0.3 0.016
30 49 0.1 0.004
31 32 0.1 0.004
31 33 0.1 0.004
31 34 0.1 0.004
31 35 0.3 0.016
31 36 0.1 0.004
31 37 0.1 0.004
31 38 0.3 0.016
31 39 8.1 1.666
31 40 0.1 0.004
31 41 0.1 0.004
31 42 0.1 0.004
31 43 2.7 0.238
31 44 0.1 0.004
31 45 0.1 0.004
31 46 8.1 1.666
31 47 0.9 0.064
31 48 2.7 0.238
31 49 0.1 0.004
32 33 0.9 0.064
32 34 0.3 0.016
32 35 0.1 0.004
32 36 8.1 1.666
32 37 0.9 0.064
32 38 0.1 0.004
32 39 0.1 0.004
32 40 0.3 0.016
32 41 10.8 1.666
32 42 2.7 0.333
32 43 0.1 0.004
32 44 0.3 0.016
32 45 0.9 0.064
32 46 0.1 0.004
32 47 0.1 0.004
32 48 0.1 0.004
32 49 0.3 0.016
33 34 0.3 0.016
33 35 0.1 0.004
33 36 0.9 0.064
33 37 2.7 0.238
33 38 0.1 0.004
33 39 0.1 0.004
33 40 0.3 0.016
33 41 0.9 0.064
33 42 0.9 0.064
33 43 0.1 0.004
33 44 0.3 0.016
33 45 2.7 0.238
33 46 0.1 0.004
33 47 0.1 0.004
33 48 0.1 0.004
33 49 0.3 0.016
34 35 0.1 0.004
34 36 0.3 0.016
34 37 0.3 0.016
34 38 0.1 0.004
34 39 0.1 0.004
34 40 0.9 0.075
34 41 0.3 0.016
34 42 0.3 0.016
34 43 0.1 0.004
34 44 2.7 0.333
34 45 0.3 0.016
34 46 0.1 0.004
34 47 0.1 0.004
34 48 0.1 0.004
34 49 2.7 0.333
35 36 0.1 0.004
35 37 0.1 0.004
35 38 0.9 0.075
35 39 0.3 0.016
35 40 0.1 0.004
35 41 0.1 0.004
35 42 0.1 0.004
35 43 0.3 0.016
35 44 0.1 0.004
35 45 0.1 0.004
35 46 0.3 0.016
35 47 0.3 0.016
35 48 0.3 0.016
35 49 4.8 0.016
36 37 0.9 0.064
36 38 0.1 0.004
36 39 0.1 0.004
36 40 0.3 0.016
36 41 2.7 0.333
36 42 2.7 0.333
36 43 0.1 0.004
36 44 0.3 0.016
36 45 0.9 0.064
36 46 0.1 0.004
36 47 0.1 0.004
36 48 0.1 0.004
36 49 0.3 0.016
37 38 0.1 0.004
37 39 0.1 0.004
37 40 0.3 0.016
37 41 0.9 0.064
37 42 0.9 0.064
37 43 0.1 0.004
37 44 0.3 0.016
37 45 8.1 1.666
37 46 0.1 0.004
37 47 0.1 0.004
37 48 0.1 0.004
37 49 0.3 0.016
38 39 0.3 0.016
38 40 0.1 0.004
38 41 0.1 0.004
38 42 0.1 0.004
38 43 0.3 0.016
38 44 0.1 0.004
38 45 0.1 0.004
38 46 0.3 0.016
38 47 0.3 0.016
38 48 0.3 0.016
38 49 0.1 0.004
39 40 0.1 0.004
39 41 0.1 0.004
39 42 0.1 0.004
39 43 2.7 0.238
39 44 0.1 0.004
39 45 0.1 0.004
39 46 8.1 1.666
39 47 0.9 0.064
39 48 2.7 0.238
39 49 0.1 0.004
40 41 0.3 0.016
40 42 0.3 0.016
40 43 0.1 0.004
40 44 0.9 0.075
40 45 0.3 0.016
40 46 0.1 0.004
40 47 0.1 0.004
40 48 0.1 0.004
40 49 0.9 0.075
41 42 8.1 1.666
41 43 0.1 0.004
41 44 0.3 0.016
41 45 0.9 0.064
41 46 0.1 0.004
41 47 0.1 0.004
41 48 0.1 0.004
41 49 0.3 0.016
42 43 0.1 0.004
42 44 0.3 0.016
42 45 0.9 0.064
42 46 0.1 0.004
42 47 0.1 0.004
42 48 0.1 0.004
42 49 0.3 0.016
43 44 0.1 0.004
43 45 0.1 0.004
43 46 2.7 0.238
43 47 0.9 0.064
43 48 8.1 0.833
43 49 0.1 0.004
44 45 0.3 0.016
44 46 0.1 0.004
44 47 0.1 0.004
44 48 0.1 0.004
44 49 8.1 1.666
45 46 0.1 0.004
45 47 0.1 0.004
45 48 0.1 0.004
45 49 0.3 0.016
46 47 0.9 0.064
46 48 2.7 0.238
46 49 0.1 0.004
47 48 0.9 0.064
47 49 0.1 0.004
48 49 0.1 0.004