50
70.03
0 1 51.135 3.758
0 2 75.753 1.578
0 3 56.094 2.492
0 4 68.571 4.745
0 5 58.377 2.575
0 6 45.51 4.671
0 7 25.283 0.273
0 8 94.766 2.49
0 9 70.105 4.877
0 10 37.14 4.954
0 11 45.667 3.438
0 12 59.399 4.165
0 13 2.4 0.175
0 14 13.287 2.297
0 15 11.024 2.242
0 16 21.326 2.696
0 17 60.044 4.133
0 18 16.358 3.899
0 19 57.745 0.381
0 20 57.323 1.959
0 21 97.624 3.665
0 22 48.533 2.492
0 23 98.365 4.603
0 24 18.106 0.933
0 25 77.001 4.031
0 26 78.936 1.179
0 27 32.625 3.681
0 28 42.401 3.51
0 29 58.644 0.922
0 30 25.351 1.39
0 31 5.194 4.953
0 32 33.294 0.685
0 33 93.647 2.69
0 34 25.54 1.421
0 35 38.894 4.535
0 36 27.462 3.684
0 37 0.428 0.618
0 38 38.633 0.317
0 39 80.703 2.598
0 40 43.834 3.891
0 41 50.387 3.363
0 42 28.175 1.565
0 43 38.134 3.556
0 44 92.396 0.239
0 45 38.631 1.79
0 46 27.574 3.399
0 47 31.323 0.467
0 48 3.077 3.442
0 49 99.234 4.643
1 2 21.158 3.901
1 3 77.305 1.534
1 4 31.62 1.36
1 5 55.07 2.977
1 6 84.001 1.455
1 7 68.001 0.938
1 8 0.864 3.799
1 9 46.699 1.671
1 10 76.934 0.56
1 11 73.286 0.867
1 12 5.487 3.859
1 13 70.46 0.373
1 14 41.034 2.909
1 15 28.392 4.455
1 16 22.178 4.185
1 17 74.953 0.929
1 18 61.791 1.597
1 19 56.2 3.602
1 20 43.343 0.042
1 21 60.624 4.867
1 22 12.537 1.27
1 23 49.399 3.038
1 24 10.875 0.702
1 25 60.554 1.408
1 26 34.602 2.3
1 27 26.907 4.539
1 28 30.69 0.062
1 29 71.148 2.102
1 30 96.303 0.338
1 31 48.134 2.108
1 32 9.255 1.701
1 33 11.73 3.55
1 34 64.658 0.505
1 35 44.322 4.028
1 36 88.505 2.566
1 37 62.839 1.58
1 38 92.773 4.949
1 39 85.191 0.589
1 40 65.206 2.692
1 41 26.097 0.537
1 42 14.818 4.552
1 43 37.623 4.388
1 44 51.854 0.817
1 45 50.446 1.438
1 46 32.533 0.35
1 47 11.218 0.985
1 48 52.046 0.702
1 49 39.668 2.765
2 3 5.53 1.57
2 4 34.269 2.813
2 5 99.704 0.877
2 6 9.115 1.794
2 7 49.571 2.33
2 8 96.275 2.673
2 9 86.282 4.414
2 10 33.293 3.33
2 11 18.921 0.654
2 12 42.466 3.932
2 13 61.256 0.178
2 14 75.48 2.553
2 15 23.878 3.19
2 16 6.329 4.067
2 17 39.148 2.339
2 18 25.637 3.03
2 19 77.989 4.942
2 20 11.425 1.839
2 21 16.668 1.231
2 22 24.766 3.387
2 23 8.571 4.61
2 24 79.454 4.623
2 25 73.921 1.325
2 26 56.543 2.485
2 27 42.329 3.86
2 28 57.737 3.405
2 29 51.414 1.484
2 30 70.992 1.598
2 31 76.066 4.173
2 32 85.217 2.534
2 33 73.262 3.375
2 34 79.333 4.321
2 35 10.187 0.842
2 36 7.669 4.844
2 37 61.523 4.871
2 38 92.954 1.287
2 39 85.432 1.852
2 40 26.911 1.486
2 41 55.661 3.255
2 42 29.568 2.188
2 43 19.97 3.991
2 44 24.966 4.557
2 45 79.408 0.612
2 46 74.132 0.906
2 47 3.418 3.964
2 48 29.717 1.276
2 49 78.77 4.15
3 4 46.503 4.726
3 5 13.135 0.676
3 6 93.207 3.145
3 7 51.811 4.272
3 8 3.728 2.381
3 9 20.199 3.616
3 10 44.586 2.759
3 11 18.561 1.625
3 12 5.407 2.897
3 13 84.081 2.869
3 14 89.074 3.234
3 15 81.513 1.514
3 16 43.923 2.605
3 17 70.708 4.75
3 18 12.738 4.239
3 19 56.458 3.69
3 20 17.814 2.312
3 21 34.199 1.645
3 22 63.961 2.754
3 23 3.834 4.926
3 24 77.99 0.544
3 25 92.61 4.156
3 26 74.162 0.631
3 27 27.139 4.232
3 28 76.968 1.588
3 29 81.264 0.98
3 30 12.434 2.896
3 31 91.817 4.789
3 32 42.83 0.182
3 33 67.671 4.185
3 34 19.663 3.785
3 35 73.978 4.11
3 36 12.344 0.208
3 37 12.392 0.74
3 38 25.219 1.783
3 39 18.2 1.078
3 40 22.857 2.73
3 41 93.827 2.016
3 42 18.301 2.978
3 43 60.28 3.393
3 44 61.961 2.255
3 45 76.781 3.577
3 46 46.838 4.349
3 47 34.794 1.184
3 48 83.526 3.51
3 49 5.692 2.758
4 5 13.644 1.22
4 6 22.335 3.997
4 7 57.932 1.663
4 8 95.782 1.97
4 9 43.501 4.576
4 10 76.686 3.994
4 11 13.39 1.915
4 12 2.882 1.594
4 13 28.315 1.718
4 14 41.054 2.193
4 15 51.864 1.438
4 16 76.996 2.912
4 17 38.201 4.37
4 18 60.162 1.772
4 19 33.306 3.607
4 20 0.893 3.739
4 21 88.839 1.894
4 22 62.476 4.807
4 23 96.913 0.781
4 24 1.435 3.283
4 25 57.968 2.281
4 26 81.695 0.587
4 27 0.636 0.882
4 28 34.284 3.566
4 29 78.905 2.825
4 30 77.86 4.726
4 31 39.638 0.271
4 32 67.437 1.275
4 33 34.279 4.34
4 34 67.101 3.21
4 35 39.54 0.994
4 36 62.385 1.354
4 37 38.797 4.686
4 38 10.938 0.214
4 39 8.691 2.771
4 40 31.771 3.619
4 41 74.604 1.897
4 42 58.705 3.59
4 43 93.891 0.668
4 44 95.924 4.095
4 45 61.393 4.325
4 46 95.694 3.797
4 47 82.97 3.224
4 48 75.668 0.876
4 49 87.536 4.591
5 6 52.465 3.981
5 7 43.307 2.208
5 8 94.26 2.529
5 9 99.272 2.21
5 10 41.624 3.842
5 11 13.902 1.58
5 12 67.418 3.041
5 13 43.633 0.143
5 14 54.639 3.306
5 15 59.257 2.583
5 16 72.07 4.676
5 17 93.394 0.469
5 18 23.878 0.358
5 19 51.97 4.917
5 20 49.495 1.001
5 21 84.505 3.76
5 22 69.582 2.7
5 23 12.866 0.399
5 24 25.125 4.89
5 25 37.705 2.598
5 26 93.647 2.925
5 27 39.761 0.251
5 28 61.017 0.9
5 29 56.508 2.915
5 30 82.967 0.51
5 31 97.397 2.433
5 32 85.067 3.602
5 33 83.194 3.031
5 34 44.695 3.431
5 35 90.502 3.755
5 36 72.198 2.939
5 37 26.255 2.581
5 38 83.262 4.479
5 39 66.645 1.258
5 40 36.355 2.883
5 41 18.637 2.787
5 42 48.243 4.881
5 43 68.908 4.431
5 44 40.545 3.743
5 45 56.607 4.343
5 46 72.451 1.137
5 47 91.662 1.02
5 48 98.407 3.405
5 49 80.663 3.126
6 7 64.214 4.838
6 8 89.172 4.56
6 9 58.238 3.331
6 10 40.322 1.446
6 11 27.291 1.122
6 12 51.21 1.779
6 13 77.007 0.602
6 14 89.486 4.877
6 15 11.93 1.466
6 16 19.014 4.054
6 17 28.725 4.767
6 18 78.498 4.862
6 19 74.134 4.055
6 20 28.629 0.96
6 21 61.173 0.74
6 22 88.324 3.213
6 23 17.465 4.507
6 24 68.873 4.2
6 25 16.264 1.685
6 26 53.384 0.93
6 27 65.946 2.529
6 28 45.852 3.415
6 29 30.889 0.138
6 30 42.525 0.495
6 31 81.324 4.842
6 32 7.119 0.61
6 33 96.07 3.029
6 34 82.806 3.705
6 35 56.743 4.995
6 36 24.58 0.062
6 37 96.404 2.667
6 38 30.411 2.509
6 39 29.092 2.085
6 40 19.083 2.248
6 41 56.16 4.136
6 42 71.202 2.386
6 43 45.582 4.258
6 44 44.016 2.079
6 45 7.14 4.798
6 46 56.567 4.528
6 47 70.14 4.489
6 48 81.091 0.811
6 49 51.605 3.875
7 8 31.806 2.684
7 9 12.986 1.427
7 10 8.655 2.436
7 11 18.025 4.909
7 12 97.943 0.403
7 13 87.62 1.398
7 14 73.775 0.977
7 15 58.48 3.734
7 16 9.476 4.517
7 17 28.046 3.149
7 18 77.418 1.314
7 19 59.645 3.296
7 20 33.491 2.64
7 21 24.482 0.212
7 22 18.496 3.726
7 23 24.59 2.343
7 24 20.966 0.953
7 25 25.108 3.035
7 26 0.231 3.043
7 27 34.751 0.046
7 28 82.009 1.538
7 29 21.708 4.721
7 30 14.856 2.723
7 31 64.531 4.843
7 32 3.47 3.038
7 33 26.767 3.473
7 34 30.945 1.836
7 35 88.832 0.605
7 36 79.667 0.573
7 37 8.866 2.612
7 38 10.857 0.592
7 39 74.565 3.005
7 40 73.675 3.853
7 41 82.171 3.053
7 42 36.245 0.239
7 43 36.073 0.912
7 44 14.909 1.267
7 45 36.536 4.779
7 46 1.181 3.211
7 47 27.932 3.424
7 48 28.053 2.753
7 49 34.103 2.876
8 9 60.879 2.223
8 10 24.407 1.153
8 11 1.312 2.356
8 12 60.644 2.717
8 13 86.38 1.254
8 14 12.516 4.745
8 15 12.484 1.71
8 16 77.254 2.332
8 17 75.21 0.297
8 18 56.057 2.435
8 19 9.83 4.178
8 20 55.086 2.671
8 21 9.5 4.518
8 22 36.169 0.262
8 23 93.379 2.885
8 24 21.253 0.538
8 25 50.755 4.325
8 26 53.75 2.348
8 27 87.386 2.993
8 28 65.641 3.916
8 29 46.667 3.745
8 30 43.661 1.231
8 31 62.438 4.31
8 32 38.526 3.702
8 33 65.384 4.343
8 34 51.181 0.359
8 35 4.177 0.834
8 36 5.909 2.252
8 37 78.245 4.71
8 38 98.025 1.205
8 39 19.576 4.673
8 40 81.821 0.778
8 41 56.045 2.102
8 42 62.031 3.52
8 43 13.263 0.001
8 44 53.376 2.404
8 45 22.08 3.666
8 46 59.115 0.302
8 47 12.158 4.803
8 48 16.303 1.871
8 49 7.474 2.627
9 10 22.698 0.329
9 11 46.917 2.136
9 12 48.369 4.697
9 13 73.128 1.684
9 14 10.421 2.721
9 15 18.654 1.579
9 16 86.302 1.105
9 17 80.54 4.639
9 18 26.71 1.027
9 19 31.586 4.405
9 20 50.15 1.098
9 21 60.679 0.379
9 22 52.005 4.258
9 23 26.919 0.305
9 24 29.088 4.299
9 25 52.684 1.446
9 26 37.252 0.984
9 27 36.004 4.76
9 28 37.566 4.804
9 29 95.298 4.656
9 30 18.584 0.282
9 31 86.594 4.338
9 32 18.116 1.887
9 33 5.556 3.635
9 34 85.768 0.254
9 35 44.242 4.114
9 36 72.847 4.354
9 37 12.172 4.099
9 38 1.736 1.574
9 39 80.801 4.202
9 40 54.039 4.69
9 41 39.957 0.184
9 42 78.586 0.962
9 43 59.993 4.667
9 44 84.409 4.162
9 45 80.344 1.439
9 46 16.92 4.344
9 47 64.006 0.843
9 48 31.606 4.719
9 49 97.768 0.204
10 11 73.648 4.242
10 12 24.148 0.165
10 13 37.53 4.342
10 14 1.44 2.753
10 15 51.267 3.664
10 16 67.477 0.071
10 17 99.679 3.933
10 18 66.566 4.747
10 19 58.834 2.159
10 20 79.952 2.153
10 21 26.848 1.606
10 22 72.127 0.84
10 23 14.679 3.354
10 24 60.908 1.914
10 25 46.773 2.904
10 26 33.671 4.69
10 27 64.138 2.614
10 28 23.328 4.506
10 29 80.047 2.811
10 30 21.718 3.43
10 31 54.469 0.923
10 32 34.986 2.043
10 33 89.345 2.391
10 34 81.13 4.494
10 35 94.72 1.932
10 36 71.693 2.747
10 37 64.044 4.135
10 38 25.891 2.747
10 39 9.237 0.21
10 40 41.206 0.979
10 41 69.942 0.836
10 42 54.425 1.448
10 43 22.878 1.469
10 44 72.447 0.653
10 45 57.271 2.799
10 46 16.151 3.28
10 47 30.554 2.98
10 48 70.833 3.131
10 49 38.381 1.271
11 12 71.398 0.743
11 13 64.651 1.093
11 14 51.259 0.442
11 15 9.225 3.928
11 16 5.577 0.416
11 17 84.128 3.935
11 18 61.144 2.367
11 19 18.286 0.47
11 20 30.023 0.452
11 21 62.965 2.879
11 22 60.31 4.737
11 23 35.428 0.266
11 24 66.353 4.566
11 25 53.92 1.281
11 26 16.303 0.253
11 27 4.099 4.653
11 28 29.703 0.414
11 29 59.244 1.642
11 30 65.883 4.887
11 31 56.201 2.0
11 32 55.215 0.045
11 33 56.466 1.435
11 34 75.884 3.03
11 35 81.36 2.289
11 36 71.985 0.862
11 37 17.923 1.516
11 38 93.064 2.847
11 39 6.299 1.567
11 40 94.054 0.213
11 41 89.547 4.779
11 42 38.168 3.136
11 43 46.611 0.451
11 44 39.891 3.857
11 45 30.158 0.179
11 46 43.81 1.155
11 47 20.438 4.009
11 48 99.281 2.327
11 49 19.922 2.287
12 13 20.279 3.79
12 14 13.064 1.351
12 15 2.739 4.637
12 16 74.292 0.441
12 17 15.652 2.066
12 18 9.564 2.307
12 19 12.269 2.066
12 20 0.01 0.246
12 21 74.058 0.058
12 22 14.427 2.275
12 23 52.964 4.352
12 24 52.023 0.627
12 25 7.802 0.569
12 26 60.777 4.404
12 27 69.33 0.822
12 28 4.466 3.734
12 29 36.479 3.793
12 30 26.302 2.033
12 31 65.513 3.547
12 32 78.048 0.804
12 33 21.054 2.313
12 34 6.817 2.04
12 35 82.172 3.107
12 36 96.106 1.241
12 37 18.411 4.458
12 38 90.304 1.747
12 39 16.415 3.196
12 40 9.369 0.961
12 41 45.087 1.821
12 42 11.19 2.289
12 43 78.228 2.867
12 44 62.86 2.742
12 45 70.188 2.953
12 46 16.556 2.002
12 47 12.102 2.146
12 48 33.397 3.877
12 49 99.326 4.882
13 14 79.713 3.981
13 15 65.478 1.147
13 16 79.419 1.943
13 17 75.889 3.653
13 18 0.844 3.117
13 19 17.373 0.309
13 20 10.626 1.406
13 21 11.551 1.297
13 22 58.439 0.68
13 23 37.499 3.916
13 24 6.798 4.972
13 25 13.061 1.764
13 26 8.142 4.109
13 27 70.139 4.083
13 28 97.125 1.391
13 29 21.07 2.433
13 30 0.358 0.884
13 31 77.087 2.354
13 32 46.353 1.663
13 33 88.13 0.454
13 34 45.724 4.792
13 35 0.179 1.995
13 36 40.278 3.067
13 37 90.307 4.23
13 38 16.388 3.219
13 39 33.75 3.408
13 40 89.339 3.743
13 41 27.198 3.622
13 42 9.906 3.215
13 43 70.412 3.362
13 44 47.336 2.736
13 45 48.793 3.562
13 46 20.261 0.911
13 47 25.848 2.891
13 48 52.715 0.736
13 49 44.213 3.71
14 15 65.572 3.457
14 16 94.994 3.605
14 17 44.036 2.254
14 18 62.084 4.314
14 19 7.842 4.618
14 20 24.267 3.463
14 21 38.494 2.654
14 22 37.282 4.849
14 23 37.252 4.881
14 24 73.56 0.321
14 25 26.823 0.44
14 26 93.844 0.942
14 27 46.785 2.861
14 28 88.041 0.281
14 29 24.866 2.945
14 30 7.034 2.185
14 31 97.362 4.287
14 32 13.212 2.13
14 33 91.306 0.273
14 34 72.445 1.342
14 35 52.067 1.67
14 36 72.556 0.155
14 37 71.794 4.498
14 38 26.495 2.766
14 39 55.394 3.623
14 40 66.809 3.23
14 41 92.699 4.661
14 42 1.139 2.901
14 43 17.048 2.16
14 44 34.084 1.044
14 45 41.248 1.702
14 46 48.581 4.474
14 47 95.824 0.629
14 48 47.878 0.821
14 49 23.026 1.74
15 16 36.576 0.078
15 17 10.705 0.401
15 18 89.602 4.097
15 19 21.817 3.783
15 20 4.161 3.656
15 21 11.92 3.285
15 22 42.468 0.768
15 23 83.054 1.83
15 24 31.999 1.781
15 25 92.904 3.931
15 26 28.314 0.276
15 27 6.654 1.078
15 28 62.393 1.605
15 29 42.907 3.934
15 30 4.764 3.664
15 31 29.282 0.146
15 32 24.158 3.011
15 33 66.177 2.882
15 34 99.129 4.234
15 35 66.502 0.902
15 36 97.556 3.417
15 37 54.505 1.008
15 38 36.749 3.478
15 39 41.241 1.52
15 40 95.406 0.929
15 41 1.702 0.14
15 42 92.766 4.319
15 43 12.439 3.346
15 44 97.263 0.383
15 45 67.249 3.91
15 46 58.017 3.717
15 47 17.172 0.415
15 48 61.358 3.355
15 49 1.526 1.418
16 17 34.137 0.097
16 18 81.49 0.529
16 19 76.533 1.502
16 20 12.409 1.388
16 21 9.496 3.465
16 22 93.655 2.575
16 23 18.135 1.559
16 24 61.148 2.116
16 25 18.804 0.305
16 26 56.04 3.857
16 27 87.95 4.8
16 28 99.081 4.436
16 29 25.248 1.892
16 30 63.505 1.619
16 31 20.846 1.649
16 32 68.73 4.036
16 33 49.339 2.758
16 34 52.714 0.761
16 35 38.84 3.667
16 36 9.314 0.671
16 37 21.492 0.457
16 38 84.473 0.532
16 39 79.555 4.188
16 40 93.078 4.16
16 41 37.226 4.174
16 42 51.955 2.729
16 43 95.106 2.105
16 44 34.565 1.011
16 45 95.957 4.568
16 46 91.806 0.531
16 47 79.025 4.516
16 48 71.91 0.889
16 49 90.642 2.674
17 18 13.78 2.791
17 19 64.582 4.052
17 20 95.269 1.169
17 21 67.438 4.723
17 22 74.146 1.598
17 23 54.006 2.448
17 24 21.863 1.77
17 25 88.709 1.836
17 26 51.803 0.798
17 27 7.732 3.79
17 28 21.004 3.999
17 29 14.435 1.415
17 30 43.186 4.409
17 31 5.933 0.604
17 32 45.238 0.403
17 33 22.417 1.277
17 34 66.578 2.714
17 35 62.295 0.893
17 36 69.09 4.4
17 37 68.906 1.342
17 38 86.748 1.845
17 39 62.287 1.496
17 40 11.57 4.216
17 41 89.362 3.2
17 42 48.784 2.208
17 43 29.319 3.137
17 44 30.18 4.672
17 45 55.468 1.979
17 46 82.504 0.018
17 47 75.489 3.631
17 48 66.871 0.091
17 49 64.559 2.981
18 19 29.879 4.714
18 20 36.881 0.147
18 21 35.957 2.232
18 22 5.107 3.287
18 23 7.187 4.289
18 24 73.231 2.515
18 25 32.359 4.071
18 26 88.473 1.199
18 27 3.727 1.005
18 28 66.207 0.954
18 29 45.121 3.123
18 30 95.792 4.699
18 31 58.516 2.707
18 32 64.508 1.927
18 33 3.09 3.24
18 34 51.251 4.356
18 35 51.675 0.067
18 36 30.542 1.156
18 37 40.19 0.979
18 38 75.765 1.949
18 39 60.316 4.69
18 40 16.535 0.881
18 41 73.685 3.724
18 42 36.831 3.047
18 43 29.959 3.049
18 44 4.993 0.722
18 45 83.339 1.335
18 46 73.159 4.831
18 47 43.913 1.808
18 48 47.708 2.404
18 49 32.34 0.446
19 20 9.946 2.597
19 21 34.826 4.234
19 22 6.241 0.659
19 23 66.621 1.159
19 24 4.772 0.235
19 25 28.289 0.948
19 26 52.451 0.86
19 27 51.042 3.726
19 28 51.35 1.896
19 29 66.896 2.774
19 30 86.252 3.472
19 31 92.232 1.853
19 32 5.39 1.535
19 33 42.561 3.452
19 34 41.017 1.172
19 35 22.317 2.613
19 36 82.913 0.06
19 37 84.31 3.617
19 38 59.117 1.721
19 39 45.231 2.567
19 40 68.839 3.78
19 41 77.638 1.242
19 42 18.714 0.291
19 43 14.113 2.838
19 44 19.477 1.054
19 45 21.561 1.809
19 46 0.827 1.213
19 47 26.333 1.564
19 48 87.254 3.706
19 49 34.749 2.526
20 21 58.069 3.736
20 22 68.565 2.258
20 23 78.658 1.192
20 24 11.299 1.862
20 25 57.991 0.052
20 26 55.906 2.64
20 27 23.929 4.533
20 28 73.039 2.246
20 29 80.864 4.608
20 30 75.255 1.407
20 31 44.286 4.511
20 32 31.445 4.338
20 33 48.805 3.539
20 34 31.419 4.934
20 35 95.653 3.501
20 36 7.236 4.576
20 37 98.218 3.33
20 38 20.779 0.47
20 39 52.502 4.519
20 40 95.156 3.961
20 41 21.652 2.308
20 42 55.055 1.539
20 43 5.01 2.386
20 44 27.564 4.726
20 45 51.0 0.086
20 46 27.393 0.076
20 47 62.92 2.578
20 48 95.273 2.613
20 49 30.087 2.814
21 22 46.385 2.591
21 23 73.943 4.368
21 24 50.942 1.716
21 25 58.257 0.481
21 26 89.832 4.845
21 27 53.968 1.223
21 28 20.526 4.271
21 29 36.289 1.815
21 30 44.457 0.935
21 31 20.241 0.829
21 32 95.479 3.089
21 33 99.166 1.623
21 34 89.57 0.139
21 35 41.46 2.647
21 36 53.07 3.997
21 37 44.177 1.108
21 38 70.448 2.016
21 39 88.929 2.81
21 40 4.655 2.315
21 41 77.805 1.593
21 42 61.523 1.746
21 43 97.017 1.829
21 44 66.888 0.137
21 45 96.905 3.306
21 46 23.331 1.843
21 47 56.782 4.723
21 48 50.779 4.283
21 49 3.906 3.714
22 23 56.93 3.635
22 24 39.851 4.29
22 25 74.456 0.209
22 26 87.203 0.336
22 27 91.748 3.398
22 28 53.567 2.741
22 29 18.117 0.393
22 30 32.604 1.593
22 31 85.876 3.316
22 32 93.739 3.906
22 33 22.076 2.742
22 34 77.118 0.201
22 35 10.097 3.789
22 36 65.371 4.583
22 37 45.463 1.607
22 38 31.758 2.286
22 39 90.726 4.026
22 40 43.507 0.311
22 41 1.834 1.646
22 42 25.225 3.791
22 43 76.299 2.074
22 44 90.882 3.13
22 45 99.988 4.73
22 46 82.061 3.754
22 47 36.682 4.568
22 48 70.034 2.309
22 49 96.215 1.326
23 24 71.211 0.459
23 25 67.703 0.036
23 26 34.63 0.792
23 27 70.934 1.413
23 28 27.947 0.034
23 29 59.59 1.212
23 30 79.192 4.677
23 31 25.299 4.091
23 32 24.686 4.52
23 33 63.708 1.101
23 34 56.912 1.88
23 35 39.915 4.537
23 36 43.952 0.93
23 37 26.295 0.5
23 38 32.75 2.123
23 39 51.918 3.438
23 40 0.72 4.872
23 41 11.469 0.753
23 42 7.166 4.608
23 43 0.039 2.651
23 44 67.967 0.363
23 45 6.462 3.011
23 46 21.891 2.069
23 47 32.969 1.249
23 48 96.297 4.237
23 49 28.187 4.858
24 25 31.865 2.323
24 26 62.618 4.522
24 27 45.068 1.882
24 28 81.918 4.226
24 29 40.882 0.961
24 30 31.362 3.379
24 31 80.759 0.126
24 32 37.267 1.681
24 33 6.316 0.613
24 34 4.642 2.9
24 35 29.997 2.827
24 36 87.384 1.457
24 37 88.466 3.291
24 38 80.468 3.384
24 39 2.509 2.174
24 40 64.426 0.284
24 41 2.613 1.74
24 42 91.265 4.981
24 43 49.266 3.562
24 44 83.731 2.783
24 45 26.997 2.886
24 46 55.761 3.167
24 47 71.315 4.039
24 48 67.301 2.185
24 49 13.004 1.21
25 26 81.782 2.211
25 27 12.374 1.895
25 28 74.131 4.757
25 29 25.768 3.43
25 30 88.222 0.878
25 31 95.574 3.562
25 32 85.922 1.023
25 33 24.161 0.624
25 34 65.782 2.142
25 35 85.802 0.993
25 36 1.964 0.56
25 37 30.222 1.078
25 38 51.537 3.545
25 39 91.009 3.868
25 40 68.812 4.709
25 41 17.531 4.331
25 42 92.063 4.25
25 43 65.555 3.687
25 44 29.936 0.262
25 45 30.748 1.343
25 46 29.491 3.038
25 47 84.138 2.573
25 48 27.381 2.55
25 49 77.16 1.025
26 27 62.694 4.286
26 28 64.265 2.419
26 29 67.39 4.829
26 30 34.744 4.126
26 31 16.823 4.11
26 32 83.927 3.207
26 33 11.555 4.792
26 34 85.502 2.16
26 35 57.637 1.885
26 36 55.901 2.627
26 37 21.492 0.132
26 38 11.224 4.446
26 39 30.233 4.401
26 40 56.8 4.256
26 41 42.896 4.654
26 42 53.879 1.385
26 43 36.446 2.278
26 44 31.969 0.957
26 45 6.529 3.675
26 46 14.366 0.502
26 47 88.899 3.047
26 48 30.321 3.642
26 49 47.725 0.214
27 28 78.914 2.448
27 29 94.697 1.775
27 30 92.973 4.049
27 31 20.726 3.019
27 32 25.078 3.529
27 33 48.526 4.065
27 34 68.547 2.346
27 35 44.689 3.078
27 36 96.293 1.858
27 37 79.322 0.487
27 38 72.282 1.524
27 39 80.786 0.867
27 40 36.402 4.484
27 41 96.226 4.866
27 42 98.797 0.697
27 43 75.83 4.097
27 44 98.526 2.438
27 45 10.027 0.075
27 46 81.154 3.038
27 47 50.384 1.019
27 48 48.932 0.997
27 49 98.253 1.039
28 29 70.458 3.831
28 30 19.06 1.118
28 31 64.502 0.289
28 32 62.908 3.988
28 33 89.456 0.115
28 34 54.079 1.322
28 35 99.327 0.757
28 36 2.079 4.55
28 37 15.889 1.875
28 38 86.848 4.229
28 39 22.655 2.184
28 40 34.732 2.572
28 41 48.253 1.46
28 42 21.296 3.23
28 43 31.279 1.228
28 44 4.34 0.448
28 45 87.285 1.687
28 46 54.034 2.222
28 47 39.512 0.878
28 48 50.589 1.054
28 49 87.903 0.467
29 30 25.401 2.207
29 31 90.728 3.95
29 32 16.282 1.723
29 33 41.374 4.336
29 34 90.969 3.379
29 35 17.449 2.029
29 36 93.501 4.352
29 37 41.418 1.549
29 38 21.402 3.753
29 39 30.523 1.21
29 40 51.79 3.475
29 41 50.709 1.914
29 42 72.164 1.195
29 43 46.273 0.394
29 44 52.255 2.167
29 45 52.195 4.468
29 46 81.567 2.03
29 47 11.468 2.137
29 48 32.483 2.931
29 49 19.569 0.439
30 31 83.698 3.944
30 32 82.699 2.103
30 33 21.842 1.709
30 34 3.98 0.777
30 35 73.762 3.878
30 36 21.689 0.996
30 37 27.935 0.976
30 38 77.21 2.275
30 39 29.494 0.414
30 40 22.834 2.814
30 41 7.573 2.644
30 42 58.519 3.339
30 43 77.651 3.674
30 44 99.338 0.86
30 45 15.947 4.769
30 46 53.878 1.168
30 47 57.135 2.738
30 48 59.938 0.394
30 49 1.347 3.966
31 32 78.316 3.671
31 33 77.602 0.394
31 34 17.668 4.474
31 35 0.589 2.138
31 36 54.613 0.988
31 37 3.03 2.504
31 38 67.773 1.536
31 39 81.798 1.992
31 40 11.887 0.66
31 41 79.538 4.265
31 42 24.283 4.221
31 43 51.03 0.253
31 44 66.725 3.182
31 45 49.72 4.284
31 46 57.629 4.672
31 47 55.612 0.571
31 48 61.956 3.583
31 49 4.751 2.389
32 33 50.973 4.724
32 34 20.69 4.365
32 35 95.735 1.937
32 36 10.222 4.98
32 37 94.026 0.052
32 38 40.694 1.162
32 39 66.636 3.647
32 40 88.844 0.401
32 41 14.272 1.131
32 42 1.791 3.292
32 43 57.781 0.412
32 44 82.144 4.601
32 45 46.375 0.821
32 46 15.638 4.221
32 47 59.457 2.294
32 48 57.115 1.475
32 49 25.474 4.015
33 34 58.169 3.158
33 35 48.443 3.227
33 36 68.776 3.92
33 37 8.635 1.414
33 38 18.861 0.489
33 39 2.609 0.71
33 40 46.922 4.753
33 41 21.231 0.171
33 42 93.639 3.218
33 43 43.921 1.3
33 44 2.014 2.222
33 45 5.089 1.981
33 46 3.091 2.46
33 47 61.112 4.006
33 48 66.285 3.939
33 49 50.947 0.22
34 35 96.811 2.84
34 36 95.414 3.036
34 37 97.642 3.943
34 38 90.221 4.943
34 39 10.089 4.515
34 40 1.465 1.548
34 41 44.422 2.059
34 42 28.495 1.084
34 43 80.157 0.057
34 44 42.769 3.935
34 45 95.012 3.556
34 46 36.917 2.768
34 47 22.798 2.258
34 48 49.168 2.397
34 49 64.595 3.779
35 36 86.853 3.162
35 37 17.818 0.778
35 38 38.987 1.773
35 39 69.872 4.282
35 40 75.893 2.362
35 41 56.584 2.992
35 42 89.111 3.53
35 43 25.502 0.419
35 44 90.514 1.015
35 45 49.354 1.574
35 46 57.834 1.063
35 47 13.787 2.608
35 48 4.261 1.075
35 49 50.883 2.402
36 37 15.577 0.199
36 38 94.58 4.815
36 39 18.455 1.857
36 40 50.117 3.878
36 41 9.033 4.914
36 42 17.923 3.678
36 43 53.115 0.912
36 44 58.551 1.904
36 45 43.384 3.827
36 46 42.477 1.989
36 47 58.06 0.415
36 48 22.883 2.85
36 49 39.304 4.983
37 38 8.869 2.203
37 39 38.694 2.6
37 40 93.525 3.103
37 41 45.785 2.886
37 42 26.866 4.992
37 43 97.417 3.095
37 44 55.457 1.962
37 45 96.776 2.606
37 46 52.367 2.402
37 47 44.864 3.027
37 48 39.763 3.625
37 49 45.898 1.912
38 39 72.471 2.322
38 40 89.257 4.305
38 41 9.367 1.701
38 42 89.929 1.321
38 43 27.979 3.926
38 44 39.561 2.886
38 45 42.882 1.889
38 46 31.796 0.685
38 47 70.724 1.671
38 48 83.597 4.539
38 49 94.922 4.752
39 40 36.508 0.725
39 41 4.876 3.342
39 42 57.74 3.514
39 43 3.927 2.664
39 44 74.312 0.673
39 45 30.6 3.935
39 46 95.464 3.852
39 47 0.894 2.698
39 48 29.343 4.201
39 49 84.378 2.262
40 41 66.842 2.327
40 42 90.722 2.636
40 43 25.439 0.825
40 44 11.211 3.61
40 45 47.085 0.35
40 46 32.439 1.905
40 47 84.162 2.563
40 48 64.641 4.652
40 49 6.142 1.193
41 42 95.839 2.252
41 43 1.859 1.839
41 44 23.796 1.203
41 45 34.262 4.15
41 46 53.224 2.059
41 47 6.597 1.931
41 48 98.71 3.838
41 49 16.054 3.022
42 43 61.694 4.29
42 44 10.745 0.956
42 45 18.753 1.018
42 46 31.4 2.109
42 47 77.412 1.228
42 48 50.919 0.778
42 49 56.225 4.37
43 44 5.59 2.013
43 45 47.134 1.868
43 46 67.73 1.681
43 47 45.938 1.277
43 48 28.682 3.488
43 49 45.005 4.164
44 45 56.427 1.735
44 46 2.173 1.594
44 47 74.809 3.918
44 48 90.413 2.558
44 49 38.153 1.701
45 46 10.753 3.157
45 47 52.93 0.2
45 48 97.907 3.103
45 49 17.528 3.534
46 47 9.86 3.488
46 48 92.511 2.527
46 49 61.185 3.758
47 48 89.396 3.14
47 49 60.335 2.178
48 49 47.521 0.421
