50
99.999
0 1 20 0
0 2 20 0
0 3 20 0
0 4 20 0
0 5 20 0
0 6 0 0
0 7 1 22
0 8 0 4
0 9 0 11
0 10 0 23
0 11 0 3
0 12 0 5
0 13 0 53
0 14 0 2
0 15 1 50
0 16 1 34
0 17 1 34
0 18 1 11
0 19 1 23
0 20 1 1
0 21 1 3
0 22 1 4
0 23 1 3
0 24 1 5
0 25 1.3 6
0 26 1.3 12
0 27 1.3 11
0 28 1.3 2
0 29 1.3 1
0 30 1.3 1
0 31 1.3 1
0 32 1.3 2
0 33 1.3 3
0 34 1.3 2
0 35 1.3 4
0 36 1.3 50.999
0 37 1.3 42
0 38 1.3 21
0 39 1.3 4
0 40 0.011 6
0 41 0.011 8
0 42 0.011 2
0 43 0.011 2
0 44 0.011 2
0 45 0.011 22
0 46 0.011 7
0 47 0.011 7
0 48 0.011 7
0 49 0.011 7
1 2 20 0
1 3 20 0
1 4 20 0
1 5 20 0
1 6 0.121 4
1 7 0.121 4
1 8 0.121 4
1 9 0.121 4
1 10 0.121 4
1 11 0.121 4
1 12 0.121 4
1 13 0.121 4
1 14 0.121 4
1 15 0.121 4
1 16 0.121 4
1 17 0.121 4
1 18 0.121 4
1 19 0.121 4
1 20 0.121 4
1 21 0.121 4
1 22 0.121 4
1 23 0.121 4
1 24 0.121 5.6
1 25 0.121 5.6
1 26 0.121 5.6
1 27 0.121 5.6
1 28 0.121 5.6
1 29 0.121 5.6
1 30 0.121 5.6
1 31 0.121 5.6
1 32 0.121 5.6
1 33 0.121 5.6
1 34 0.121 5.6
1 35 0.121 5.6
1 36 0.121 5.6
1 37 0.121 5.6
1 38 0.121 5.6
1 39 0.121 5.6
1 40 0.121 5.6
1 41 0.121 5.6
1 42 0.121 5.6
1 43 0.121 5.6
1 44 0.121 5.6
1 45 0.121 5.6
1 46 0.121 5.6
1 47 0.121 5.6
1 48 0.121 5.6
1 49 0.121 5.6
2 3 20 2.223
2 4 20 2.223
2 5 20 2.223
2 6 0.02 3.5
2 7 0.02 3.5
2 8 0.02 3.5
2 9 0.02 3.5
2 10 0.02 3.5
2 11 0.02 3.5
2 12 0.02 3.5
2 13 0.02 3.5
2 14 0.02 3.5
2 15 0.02 3.5
2 16 0.02 3.5
2 17 0.02 3.5
2 18 0.02 3.5
2 19 0.02 3.5
2 20 0.02 3.5
2 21 0.02 3.5
2 22 0.02 3.5
2 23 0.02 3.5
2 24 0.02 3.5
2 25 3 3.5
2 26 3 3.5
2 27 3 3.5
2 28 3 3.5
2 29 3 3.5
2 30 3 3.5
2 31 3 3.5
2 32 3 3.5
2 33 3 3.5
2 34 3 3.5
2 35 3 3.5
2 36 3 3.5
2 37 3 3.5
2 38 3 3.5
2 39 3 3.5
2 40 3 3.5
2 41 3 3.5
2 42 3 3.5
2 43 3 3.5
2 44 3 3.5
2 45 3 3.5
2 46 3 3.5
2 47 3 3.5
2 48 3 3.5
2 49 3 3.5
3 4 20 2.22
3 5 20 2.22
3 6 1.2 2.9
3 7 1.2 2.9
3 8 1.2 2.9
3 9 1.2 2.9
3 10 1.2 2.9
3 11 1.2 2.9
3 12 1.2 2.9
3 13 1.2 2.9
3 14 1.2 2.9
3 15 1.2 2.9
3 16 1.2 2.9
3 17 1.2 2.9
3 18 1.2 2.9
3 19 1.2 2.9
3 20 1.2 2.9
3 21 1.2 2.9
3 22 1.2 2.9
3 23 1.2 2.9
3 24 1.2 2.9
3 25 1.2 3.1
3 26 1.2 3.1
3 27 1.2 3.1
3 28 1.2 3.1
3 29 1.2 3.1
3 30 3 3.1
3 31 3 3.1
3 32 3 3.1
3 33 3 3.1
3 34 3 3.1
3 35 3 3.1
3 36 3 3.1
3 37 3 3.1
3 38 3 3.1
3 39 3 3.1
3 40 3 3.1
3 41 3 3.1
3 42 3 3.1
3 43 3 3.1
3 44 3 3.1
3 45 3 3.1
3 46 3 3.1
3 47 3 3.1
3 48 3 3.1
3 49 3 3.1
4 5 20 2.68
4 6 3.5 4.1
4 7 3.5 4.1
4 8 3.5 4.1
4 9 3.5 4.1
4 10 3.5 4.1
4 11 3.5 4.1
4 12 3.5 4.1
4 13 3.5 4.1
4 14 3.5 4.1
4 15 3.5 4.1
4 16 3.5 4.1
4 17 3.5 4.1
4 18 3.5 4.1
4 19 3.5 4.1
4 20 3.5 4.1
4 21 3.5 4.1
4 22 3.5 4.1
4 23 3.5 4.1
4 24 3.5 4.1
4 25 3.5 4.1
4 26 1.2 4.1
4 27 1.2 4.1
4 28 1.2 4.1
4 29 1.2 4.1
4 30 1.2 4.1
4 31 1.2 4.1
4 32 1.2 4.1
4 33 1.2 4.1
4 34 1.2 4.1
4 35 1.2 4.1
4 36 1.2 4.1
4 37 1.2 4.1
4 38 1.2 4.1
4 39 1.2 4.1
4 40 1.2 1
4 41 1.2 1
4 42 1.2 1
4 43 1.2 1
4 44 1.2 1
4 45 1.2 1
4 46 1.2 1
4 47 1.2 1
4 48 1.2 1
4 49 1.2 1
5 6 1.2 1
5 7 1.2 1
5 8 1.2 1
5 9 1.2 1
5 10 1.2 1
5 11 1.2 1
5 12 1.2 1
5 13 1.2 1
5 14 1.2 1
5 15 1.2 1
5 16 1.2 1
5 17 1.2 1
5 18 1.2 1.1
5 19 1.2 1.1
5 20 1.2 1.1
5 21 1.2 1.1
5 22 1.2 0.9
5 23 1.2 0.9
5 24 1.2 0.9
5 25 1.2 0.9
5 26 1.2 0.9
5 27 1.2 0.9
5 28 1.2 0.9
5 29 1.2 0.9
5 30 1.2 0.9
5 31 1.2 0.9
5 32 1.2 0.9
5 33 1.2 0.9
5 34 1.2 0.9
5 35 1.2 0.9
5 36 1.2 0.9
5 37 1.2 0.9
5 38 1.2 0.9
5 39 1.2 0.9
5 40 1.2 0.9
5 41 1.2 0.9
5 42 1.2 0.9
5 43 1.2 0.9
5 44 1.2 0.9
5 45 1.2 0.9
5 46 1.2 0.9
5 47 1.2 1.4
5 48 1.2 1.4
5 49 1.2 1.4
6 7 1.579 0.175
6 8 1.579 0.222
6 9 1.579 1.6
6 10 1.579 0
6 11 1.579 0
6 12 1.579 0
6 13 1.579 0
6 14 1.579 0
6 15 1.579 0
6 16 1.579 0
6 17 1.579 0
6 18 1.579 0.041
6 19 1.579 0.041
6 20 1.579 0.041
6 21 1.579 0.141
6 22 1.579 0.15
6 23 1.579 0
6 24 1.579 0
6 25 1.579 0
6 26 0.21 11
6 27 0.21 11
6 28 0.21 0.85
6 29 0.21 0.85
6 30 0.21 0.85
6 31 0.21 0.85
6 32 0.21 0.85
6 33 0.21 0.85
6 34 0.21 0.85
6 35 0.21 0.85
6 36 4 0.85
6 37 4 0.85
6 38 4 0.85
6 39 4 0.85
6 40 4 1
6 41 4 1
6 42 4 1
6 43 4 1
6 44 4 1
6 45 1.3 10
6 46 1.3 10
6 47 1.3 10
6 48 1.3 10
6 49 1.3 10
7 8 1.579 0.333
7 9 1.579 0.041
7 10 1.579 0.188
7 11 1.579 0.147
7 12 1.579 0.113
7 13 1.579 0.286
7 14 1.579 0.18
7 15 1.579 0.3
7 16 1.579 0.187
7 17 1.579 0.077
7 18 1.579 0.037
7 19 1.579 0.513
7 20 1.579 0.817
7 21 1.579 0.15
7 22 1.579 0.077
7 23 1.579 0.037
7 24 1.579 0.077
7 25 1.579 0.187
7 26 1.6 99.999
7 27 1.6 99.999
7 28 1.6 99.999
7 29 1.6 99.999
7 30 1.6 99.999
7 31 1.6 99.999
7 32 1.6 99.999
7 33 1.6 99.999
7 34 1.6 22
7 35 1.6 22
7 36 1.6 22
7 37 1.6 22
7 38 1.6 22
7 39 1.6 22
7 40 1.6 22
7 41 1.6 22
7 42 1.6 22
7 43 1.6 22
7 44 1.6 22
7 45 1.6 22
7 46 1.6 22
7 47 1.6 22
7 48 1.6 22
7 49 1.6 22
8 9 1.579 0.367
8 10 1.579 0.04
8 11 1.579 0.04
8 12 1.579 0.037
8 13 1.579 0.037
8 14 1.579 0.037
8 15 1.579 0.077
8 16 1.579 0.037
8 17 1.579 0.01
8 18 1.579 0.113
8 19 1.579 0.147
8 20 1.579 0.04
8 21 1.579 0.147
8 22 1.579 0.107
8 23 1.579 0.113
8 24 1.579 0.037
8 25 1.579 0.033
8 26 1.7 0.5
8 27 1.7 0.5
8 28 1.7 0.5
8 29 1.7 0.5
8 30 1.7 0.5
8 31 1.7 0.5
8 32 1.7 0.5
8 33 1.7 0.5
8 34 1.7 0.5
8 35 1.7 0.5
8 36 1.1 0.5
8 37 1.1 0.5
8 38 1.1 0.5
8 39 1.1 0.5
8 40 1.1 0.5
8 41 1.1 0.5
8 42 1.1 0.5
8 43 1.1 0.5
8 44 1.1 0.5
8 45 1.1 0.5
8 46 1.1 0.5
8 47 1.1 0.5
8 48 1.1 0.5
8 49 1.1 0.5
9 10 1.579 0.043
9 11 1.579 0.077
9 12 1.579 0.15
9 13 1.579 0.26
9 14 1.579 0.113
9 15 1.579 0.077
9 16 1.579 0.15
9 17 1.579 0.187
9 18 1.579 0.187
9 19 1.579 0.15
9 20 1.579 0.15
9 21 1.579 0.113
9 22 1.579 0.073
9 23 1.579 0.113
9 24 1.579 0.15
9 25 1.579 0.297
9 26 1.21 5.4
9 27 1.21 5.4
9 28 1.21 5.4
9 29 1.21 5.4
9 30 1.21 5.4
9 31 1.21 5.3
9 32 1.21 5.4
9 33 1.21 5.4
9 34 1.21 5.4
9 35 1.21 5.4
9 36 1.21 5.4
9 37 1.21 5.4
9 38 1.21 5.4
9 39 1.21 5.4
9 40 1.21 5.4
9 41 0.92 5.4
9 42 0.92 5.4
9 43 0.92 5.4
9 44 0.92 5.4
9 45 0.92 6.5
9 46 0.92 6.5
9 47 0.92 6.5
9 48 0.92 6.5
9 49 0.92 6.5
10 11 1.579 0.26
10 12 1.579 0.26
10 13 1.579 0.15
10 14 1.579 0.113
10 15 1.579 0.077
10 16 1.579 0.187
10 17 1.579 0.26
10 18 1.579 0.3
10 19 1.579 0.333
10 20 1.579 0.15
10 21 1.579 0.113
10 22 1.579 0.4
10 23 1.579 0.367
10 24 1.579 0.3
10 25 1.579 0.113
10 26 1.2 4.5
10 27 1.2 4.5
10 28 1.2 4.5
10 29 1.2 4.5
10 30 1.2 4.5
10 31 1.2 4.5
10 32 1.2 4.5
10 33 0.23 4.5
10 34 0.23 4.5
10 35 0.23 4.5
10 36 0.23 4.5
10 37 0.23 4.5
10 38 0.23 4.5
10 39 15 15
10 40 12 12
10 41 0.04 4
10 42 0.04 4
10 43 0.04 4
10 44 0.04 4
10 45 0.04 4
10 46 0.04 4
10 47 0.04 4
10 48 0.04 4
10 49 0.04 4
11 12 1.579 0.4
11 13 1.579 0.173
11 14 1.579 0.173
11 15 1.579 0.173
11 16 1.579 0.173
11 17 1.579 0.173
11 18 1.579 0.173
11 19 1.579 0.173
11 20 1.579 0.173
11 21 1.579 0.173
11 22 1.579 0.173
11 23 1.579 0.173
11 24 1.579 0.173
11 25 1.579 0.173
11 26 1.7 5
11 27 1.7 5
11 28 1.7 5
11 29 1.7 5
11 30 1.7 5
11 31 1.7 5
11 32 1.7 5
11 33 1.7 5
11 34 1.7 5
11 35 1.7 5
11 36 1.7 5
11 37 1.7 5
11 38 1.7 5
11 39 1.7 5
11 40 1.7 5
11 41 1.7 5
11 42 1.7 5
11 43 1.7 5
11 44 1.7 5
11 45 1.7 5
11 46 1.7 5
11 47 1.7 5
11 48 1.7 5
11 49 1.7 5
12 13 1.579 0.187
12 14 1.579 0.187
12 15 1.579 0.187
12 16 1.579 0.187
12 17 1.579 0.187
12 18 1.579 0.187
12 19 1.579 0.187
12 20 1.579 0.187
12 21 1.579 0.187
12 22 1.579 0.187
12 23 1.579 0.187
12 24 1.579 0.187
12 25 1.579 0.187
12 26 1.23 2.4
12 27 1.23 2.4
12 28 1.23 2.4
12 29 1.23 2.4
12 30 1.23 2.4
12 31 1.23 2.4
12 32 1.23 2.4
12 33 1.23 2.4
12 34 0.02 2.4
12 35 0.02 2.4
12 36 0.02 2.4
12 37 0.02 2.4
12 38 0.02 2.4
12 39 0.02 2.4
12 40 0.02 2.4
12 41 0.02 2.4
12 42 0.02 2.4
12 43 0.02 2.4
12 44 0.02 2.4
12 45 22 40
12 46 13 35
12 47 11 34
12 48 23 21
12 49 11 3
13 14 1.579 0
13 15 1.579 0.147
13 16 1.579 0.147
13 17 1.579 0.147
13 18 1.579 0.147
13 19 1.579 0.147
13 20 1.579 0.147
13 21 1.579 0.147
13 22 1.579 0.147
13 23 1.579 0.147
13 24 1.579 0.147
13 25 1.579 0.147
13 26 1.3 3.1
13 27 1.3 3.1
13 28 1.3 3.1
13 29 1.3 3.1
13 30 1.3 3.1
13 31 1.3 3.1
13 32 1.3 3.1
13 33 1.3 3.1
13 34 1.3 3.1
13 35 1.3 3.1
13 36 1.3 3.1
13 37 1.3 3.1
13 38 1.3 3.1
13 39 1.3 3.1
13 40 1.3 3.1
13 41 1.3 3.1
13 42 1.3 3.1
13 43 1.3 3.1
13 44 1.3 3.1
13 45 1.3 3.1
13 46 1.3 3.1
13 47 1.2 3.1
13 48 1.2 3.1
13 49 1.2 3.1
14 15 1.579 0.3
14 16 1.579 0.3
14 17 1.579 0.3
14 18 1.579 0.3
14 19 1.579 0.3
14 20 1.579 0.3
14 21 1.579 0.3
14 22 1.579 0.3
14 23 1.579 0.3
14 24 1.579 0.3
14 25 1.579 0.3
14 26 1.89 1.2
14 27 1.89 1.2
14 28 1.89 1.2
14 29 1.89 1.2
14 30 1.89 1.2
14 31 1.89 1.2
14 32 1.89 1.2
14 33 1.89 1.2
14 34 1.89 1.2
14 35 1.89 1.2
14 36 1.99 1.2
14 37 1.99 1.2
14 38 1.99 1.2
14 39 1.99 1.2
14 40 1.99 1.2
14 41 1.99 1.2
14 42 1.99 1.2
14 43 1.99 1.2
14 44 1.99 1.2
14 45 1.99 1.2
14 46 1.99 1.2
14 47 1.99 1.2
14 48 1.99 1.2
14 49 1.99 1.2
15 16 1.389 0.119
15 17 1.389 0.119
15 18 1.389 0.052
15 19 1.389 0.052
15 20 1.389 0.052
15 21 1.389 0.052
15 22 1.389 0.052
15 23 1.389 0.185
15 24 1.389 0.185
15 25 1.389 0.185
15 26 1.4 2.1
15 27 1.4 2.1
15 28 1.4 2.1
15 29 1.4 2.1
15 30 1.4 2.1
15 31 1.4 2.1
15 32 1.4 2.1
15 33 1.4 2.1
15 34 1.4 2.1
15 35 1.4 2.1
15 36 1.4 2.1
15 37 1.4 2.1
15 38 1 2.1
15 39 1 2.1
15 40 1 2.1
15 41 1 2.1
15 42 1 2.1
15 43 1.22 2.1
15 44 1.22 2.1
15 45 1.22 2.1
15 46 1.22 2.1
15 47 1.22 2.1
15 48 1.22 2.1
15 49 1.22 2.1
16 17 1.111 0.157
16 18 1.111 0.157
16 19 1.111 0.157
16 20 1.111 0.157
16 21 1.111 0.157
16 22 1.111 0.157
16 23 1.111 0.157
16 24 1.111 0.157
16 25 1.111 0.157
16 26 1.5 3.5
16 27 1.5 3.5
16 28 1.5 3.5
16 29 1.5 3.5
16 30 1.5 3.5
16 31 1.5 3.5
16 32 1.5 3.5
16 33 1.5 3.5
16 34 1.1 3.5
16 35 1.1 3.5
16 36 1.1 3.5
16 37 1.1 3.5
16 38 1.1 3.5
16 39 1.1 3.5
16 40 1.1 3.5
16 41 0.9 3.5
16 42 0.9 3.5
16 43 0.9 3.5
16 44 0.9 3.5
16 45 0.9 3.5
16 46 0.9 3.5
16 47 0.9 3.5
16 48 0.9 3.5
16 49 0.9 3.5
17 18 1.492 0.033
17 19 1.492 0.033
17 20 1.492 0.033
17 21 1.492 0.033
17 22 1.492 0.033
17 23 1.492 0.033
17 24 1.492 0.033
17 25 1.492 0.033
17 26 0.11 3.7
17 27 0.11 3.7
17 28 0.11 3.7
17 29 0.11 3.7
17 30 0.11 3.7
17 31 0.11 3.7
17 32 0.11 3.7
17 33 0.11 3.7
17 34 0.11 3.7
17 35 0.11 3.7
17 36 0.11 3.7
17 37 0.11 3.7
17 38 0.11 3.7
17 39 0.11 3.7
17 40 0.12 3.7
17 41 0.12 3.7
17 42 0.12 3.7
17 43 0.12 3.7
17 44 0.12 3.7
17 45 0.12 3.7
17 46 0.12 3.7
17 47 0.12 3.7
17 48 0.12 3.7
17 49 0.12 3.7
18 19 0.12 0.04
18 20 0.12 0.04
18 21 0.12 0.04
18 22 0.12 0.04
18 23 0.123 0.04
18 24 0.123 0.04
18 25 0.123 0.04
18 26 0.123 1.5
18 27 0.123 1.5
18 28 0.123 1.5
18 29 0.123 1.5
18 30 0.123 1.5
18 31 0.123 1.5
18 32 0.123 1.5
18 33 0.123 1.5
18 34 0.123 1.5
18 35 0.123 1.5
18 36 0.22 1.5
18 37 0.22 1.5
18 38 0.22 1.5
18 39 0.22 1.5
18 40 0.22 1.5
18 41 0.22 1.5
18 42 0.22 1.5
18 43 0.22 1.5
18 44 0.22 1.5
18 45 0.22 1.5
18 46 0.22 1.5
18 47 1.1 1.5
18 48 1.1 1.5
18 49 1.1 1.5
19 20 1.1 1.5
19 21 1.222 0.04
19 22 1.222 0.04
19 23 1.222 0.04
19 24 1.222 0.04
19 25 1.222 0.04
19 26 50 99.999
19 27 1.01 99.999
19 28 1.01 99.999
19 29 1.01 99.999
19 30 1.01 99.999
19 31 1.01 99.999
19 32 1.01 99.999
19 33 1.01 99.999
19 34 1.01 99.999
19 35 1.01 99.999
19 36 1.01 99.999
19 37 1.01 99.999
19 38 1.01 99.999
19 39 1.01 99.999
19 40 1.01 99.999
19 41 1.01 99.999
19 42 1.01 1
19 43 1.01 1
19 44 1.01 1
19 45 1.01 1
19 46 1.01 1
19 47 1.01 1
19 48 1.01 1
19 49 1.01 1
20 21 1.232 0.297
20 22 1.232 0.297
20 23 1.232 0.297
20 24 1.232 0.297
20 25 1.232 0.297
20 26 1.01 2
20 27 1.01 2
20 28 1.01 2
20 29 1.01 2
20 30 1.01 2
20 31 1.01 2
20 32 1.01 2
20 33 1.01 2
20 34 1.01 2
20 35 1.01 2
20 36 1.01 2
20 37 1.01 2
20 38 1.01 2
20 39 1.01 2
20 40 1.01 2
20 41 1.01 2
20 42 1.01 2
20 43 1.01 2
20 44 1.01 2
20 45 1.01 2
20 46 1.01 2
20 47 1.01 2
20 48 1.01 2
20 49 1.01 2
21 22 1.332 0.367
21 23 1.332 0.367
21 24 1.332 0.367
21 25 1.332 0.367
21 26 1.21 4.5
21 27 1.21 4.5
21 28 1.21 4.5
21 29 1.21 4.5
21 30 1.21 4.5
21 31 1.21 4.5
21 32 1.21 4.5
21 33 1.21 4.5
21 34 1.21 4.5
21 35 1.21 4.5
21 36 1.21 4.5
21 37 1.21 4.5
21 38 1.21 4.5
21 39 1.21 4.5
21 40 1.21 4.5
21 41 1.21 4.5
21 42 1.21 4.5
21 43 1.21 4.5
21 44 1.21 4.5
21 45 1.21 4.5
21 46 1.21 4.5
21 47 1.21 4.5
21 48 1.21 4.5
21 49 1.21 4.5
22 23 1.121 0.3
22 24 1.121 0.3
22 25 1.121 0.3
22 26 1.023 2.5
22 27 1.023 2.5
22 28 1.023 2.5
22 29 1.023 2.5
22 30 1.023 2.5
22 31 1.023 2.5
22 32 1.023 2.5
22 33 1.023 2.5
22 34 1.023 2.5
22 35 1.023 2.5
22 36 1.023 2.5
22 37 1.023 2.5
22 38 1.023 2.5
22 39 1.023 2.5
22 40 1.023 2.5
22 41 1.023 2.5
22 42 1.023 2.5
22 43 1.023 2.5
22 44 1.023 2.5
22 45 1.023 2.5
22 46 1.023 2.5
22 47 1.023 2.5
22 48 1.023 2.5
22 49 1.023 2.5
23 24 10.016 0.273
23 25 10.016 0.273
23 26 4 2.4
23 27 4 2.4
23 28 4 2.4
23 29 4 2.4
23 30 4 2.4
23 31 4 2.4
23 32 4 2.4
23 33 4 2.4
23 34 4 2.4
23 35 4 2.4
23 36 4 2.4
23 37 4 2.4
23 38 4 2.4
23 39 4 2.4
23 40 4 2.4
23 41 4 2.4
23 42 4 2.4
23 43 4 2.4
23 44 4 2.4
23 45 4 2.4
23 46 1.6 2.4
23 47 1.6 2.4
23 48 1.6 2.4
23 49 1.6 2.4
24 25 10.017 0.963
24 26 1.6 3.5
24 27 1.6 3.5
24 28 1.6 3.5
24 29 1.6 3.5
24 30 1.6 3.5
24 31 1.6 3.5
24 32 1.6 3.5
24 33 1.6 3.5
24 34 1.6 3.5
24 35 1.6 3.5
24 36 1.6 3.5
24 37 1.6 3.5
24 38 1.6 3.5
24 39 1.6 3.5
24 40 0.22 3.5
24 41 0.22 3.5
24 42 0.22 3.5
24 43 0.22 3.5
24 44 0.22 3.5
24 45 0.22 3.5
24 46 0.22 3.5
24 47 0.22 3.5
24 48 0.22 3.5
24 49 0.22 3.5
25 26 0.22 3.5
25 27 0.22 3.5
25 28 0.22 3.5
25 29 0.22 3.5
25 30 0.22 3.5
25 31 0.24 3.5
25 32 0.24 3.5
25 33 0.24 3.5
25 34 0.24 3.5
25 35 0.24 3.5
25 36 0.24 3.5
25 37 0.24 3.5
25 38 0.24 3.5
25 39 0.24 3.5
25 40 0.24 3.5
25 41 0.24 3.5
25 42 0.24 3.5
25 43 0.24 3.5
25 44 0.24 3.5
25 45 0.24 3.5
25 46 0.24 3.5
25 47 0.24 3.5
25 48 0.24 3.5
25 49 0.24 3.5
26 27 1.087 0.119
26 28 1.087 0.119
26 29 1.087 0.119
26 30 1.087 0.119
26 31 1.087 0.119
26 32 1.087 0.119
26 33 1.087 0.119
26 34 1.087 0.119
26 35 1.087 0.119
26 36 1.087 0.119
26 37 1.087 0.119
26 38 1.087 0.119
26 39 1.087 0.119
26 40 1.087 0.119
26 41 1.087 0.119
26 42 1.087 0.119
26 43 1.087 0.119
26 44 1.087 0.119
26 45 1.087 0.119
26 46 1.087 0.119
26 47 1.087 0.119
26 48 1.087 0.119
26 49 1.087 0.119
27 28 1.087 0.119
27 29 1.087 0.119
27 30 1.087 0.119
27 31 1.087 0.119
27 32 1.087 0.119
27 33 1.087 0.119
27 34 1.087 0.119
27 35 1.087 0.119
27 36 1.087 0.119
27 37 1.087 0.119
27 38 1.087 0.121
27 39 1.087 0.121
27 40 1.087 0.121
27 41 1.087 0.121
27 42 1.087 0.121
27 43 1.087 0.121
27 44 1.087 0.121
27 45 1.087 0.121
27 46 1.087 0.121
27 47 1.087 0.121
27 48 1.087 0.121
27 49 1.087 0.121
28 29 1.087 0.121
28 30 1.087 0.121
28 31 1.087 0.121
28 32 1.087 0.121
28 33 1.087 0.121
28 34 1.087 0.121
28 35 1.087 0.121
28 36 1.087 0.121
28 37 1.087 0.121
28 38 1.087 0.121
28 39 1.087 0.121
28 40 1.087 0.121
28 41 1.087 0.121
28 42 1.087 0.121
28 43 1.087 0.121
28 44 1.087 0.121
28 45 1.087 0.121
28 46 1.087 0.121
28 47 1.087 0.121
28 48 1.087 0.121
28 49 1.087 0.121
29 30 1.087 0.121
29 31 1.087 0.121
29 32 1.087 0.121
29 33 1.087 0.121
29 34 1.087 0.121
29 35 1.087 0.121
29 36 1.087 0.121
29 37 1.087 0.121
29 38 1.087 0.121
29 39 1.087 0.121
29 40 1.087 0.121
29 41 1.087 0.121
29 42 1.087 0.121
29 43 1.087 0.121
29 44 1.087 0.121
29 45 1.087 0.121
29 46 1.087 0.121
29 47 1.087 0.121
29 48 2.01 0.121
29 49 2.01 0.121
30 31 2.01 0.121
30 32 2.01 0.121
30 33 2.01 0.121
30 34 2.11 0.121
30 35 1.23 0.121
30 36 1.43 0.121
30 37 0.012 0.121
30 38 0.211 0.121
30 39 0.231 0.121
30 40 0.232 0.135
30 41 0.43 0.135
30 42 0.556 0.135
30 43 1 0.135
30 44 1.087 0.135
30 45 1.343 0.135
30 46 1.111 0.135
30 47 2 0.135
30 48 0.232 0.135
30 49 1.07 0.135
31 32 1.07 0.135
31 33 1.07 0.135
31 34 1.07 0.135
31 35 1.07 0.135
31 36 1.07 0.135
31 37 1.07 0.135
31 38 1.07 0.135
31 39 1.07 0.135
31 40 1.07 0.135
31 41 1.07 0.135
31 42 1.07 0.135
31 43 1.07 0.135
31 44 1.07 0.135
31 45 1.07 0.135
31 46 1.07 0.135
31 47 1.07 0.135
31 48 1.07 0.135
31 49 1.07 0.135
32 33 1.07 0.135
32 34 1.07 0.094
32 35 1.07 0.094
32 36 1.07 0.094
32 37 1.07 0.094
32 38 1.07 0.094
32 39 1.07 0.094
32 40 1.07 0.094
32 41 1.07 0.094
32 42 1.07 0.094
32 43 1.07 0.094
32 44 1.07 0.094
32 45 1.07 0.094
32 46 1.07 0.094
32 47 1.07 0.094
32 48 1.07 0.094
32 49 1.07 0.094
33 34 1.07 0.094
33 35 1.07 0.094
33 36 1.07 0.094
33 37 1.07 0.094
33 38 1.07 0.094
33 39 1.07 0.094
33 40 1.07 0.094
33 41 1.07 0.094
33 42 1.07 0.094
33 43 1.07 0.094
33 44 1.07 0.094
33 45 1.07 0.094
33 46 1.07 0.094
33 47 1.07 0.094
33 48 1.07 0.094
33 49 1.07 0.094
34 35 1.07 0.094
34 36 1.07 0.094
34 37 1.07 0.094
34 38 1.07 0.094
34 39 1.07 0.21
34 40 1.07 0.21
34 41 1.07 0.21
34 42 1.07 0.21
34 43 1.07 0.21
34 44 1.07 0.21
34 45 1.07 0.21
34 46 1.07 0.21
34 47 1.07 0.21
34 48 1.07 0.21
34 49 1.07 0.21
35 36 1.07 0.21
35 37 1.07 0.21
35 38 1.07 0.21
35 39 1.07 0.21
35 40 1.07 0.21
35 41 1.07 0.21
35 42 1.07 0.21
35 43 1.07 0.21
35 44 1.07 0.21
35 45 1.07 0.21
35 46 1.07 0.21
35 47 1.07 0.21
35 48 1.07 0.21
35 49 1.07 0.21
36 37 1.07 0.21
36 38 1.07 0.21
36 39 1.07 0.21
36 40 1.07 0.21
36 41 1.07 0.21
36 42 1.07 0.21
36 43 1.07 0.21
36 44 1.07 0.21
36 45 1.07 0.21
36 46 1.07 0.21
36 47 1.07 0.21
36 48 1.07 0.21
36 49 1.07 0.21
37 38 1.07 0.21
37 39 1.07 0.21
37 40 1.07 0
37 41 1.07 0
37 42 1.07 0
37 43 1.07 0
37 44 1.07 0
37 45 1.07 0
37 46 1.07 0
37 47 1.07 0
37 48 1.07 0
37 49 1.07 0
38 39 1.07 0.065
38 40 1.07 0.065
38 41 1.07 0.065
38 42 1.07 0.065
38 43 1.07 0.065
38 44 1.07 0.065
38 45 1.11 0.065
38 46 1.11 0.065
38 47 1.11 0.065
38 48 1.11 0.065
38 49 1.11 0.065
39 40 1.11 0.065
39 41 1.9 0.065
39 42 1.9 0.065
39 43 1.9 0.065
39 44 1.9 0.065
39 45 1.9 0.065
39 46 1.9 0.065
39 47 1.9 0.065
39 48 1.9 0.065
39 49 1.9 0.065
40 41 1.9 0.065
40 42 1.9 0.065
40 43 1.9 0.065
40 44 1.9 0.065
40 45 1.9 0.065
40 46 1.9 0.065
40 47 1.9 0.065
40 48 1.9 0.065
40 49 1.9 0.065
41 42 1.9 0.065
41 43 1.9 0.065
41 44 1.11 0.01
41 45 1.11 0.01
41 46 1.11 0.14
41 47 1.11 0.14
41 48 1.11 0.14
41 49 1.11 0.14
42 43 1.11 0.14
42 44 1.11 0.14
42 45 1.11 0.14
42 46 1.11 0.14
42 47 0.021 0.021
42 48 0.021 0.063
42 49 0.021 0.14
43 44 0.021 0.065
43 45 0.021 0.065
43 46 0.021 0.065
43 47 0.021 0.065
43 48 0.021 0.065
43 49 0.021 0.065
44 45 0.021 0.065
44 46 0.021 0.065
44 47 0.738 0.065
44 48 0.738 0.065
44 49 0.738 0.065
45 46 0.738 0.065
45 47 0.738 0.065
45 48 0.738 0.009
45 49 0.738 0.232
46 47 0.738 0.12
46 48 0.738 0.11
46 49 0.738 0.44
47 48 0.738 0.31
47 49 0.74 0.266
48 49 0.738 0.266