50
99
23 49 88.297 0.007
2 27 77.65 0.181
16 27 70.096 0.198
29 36 93.834 0.255
6 47 59.226 0.366
30 41 15.396 0.476
10 32 81.781 0.537
17 39 96.223 0.619
12 40 35.127 0.748
2 22 82.35 0.75
31 39 62.965 0.764
12 49 6.601 0.949
9 17 80.667 1.006
33 38 40.008 1.071
20 30 36.597 1.081
1 9 54.843 1.146
7 42 58.556 1.166
9 24 18.504 1.319
21 27 69.818 1.427
35 36 13.696 1.7
9 37 16.874 1.705
11 18 31.327 2.134
6 31 5.972 2.243
36 48 68.466 2.286
7 28 71.07 2.295
3 47 21.76 2.312
27 34 42.569 2.435
19 46 57.547 2.467
16 41 2.479 2.65
1 23 77.227 2.692
12 39 8.484 2.805
20 49 66.24 2.862
17 44 60.163 2.888
12 29 28.298 2.949
5 28 78.166 3.009
10 13 61.246 3.06
0 13 30.127 3.101
25 28 85.298 3.133
0 44 59.976 3.138
16 29 17.083 3.268
7 12 94.009 3.421
9 23 97.924 3.512
31 35 97.849 3.59
3 19 79.875 3.627
6 49 17.033 3.661
22 46 0.688 3.78
5 12 87.254 4.211
23 40 84.501 4.253
30 37 18.78 4.26
6 13 10.912 4.27
15 46 37.251 4.351
0 38 87.277 4.419
3 12 77.43 4.431
22 38 48.883 4.455
0 39 61.453 4.494
46 47 29.062 4.497
2 7 81.019 4.508
15 41 38.808 4.659
10 36 54.613 4.714
10 44 87.482 4.88
7 40 24.069 4.882
6 33 70.344 5.112
6 39 12.395 5.189
11 28 20.236 5.306
20 40 97.971 5.316
10 41 14.221 5.458
14 18 44.234 5.598
19 37 42.704 5.623
35 45 70.016 5.691
13 41 83.301 5.699
25 40 48.781 5.924
13 32 20.358 5.988
1 12 63.218 6.008
1 16 2.218 6.058
28 32 59.232 6.191
23 24 63.447 6.202
16 47 30.842 6.293
0 33 28.496 6.346
0 11 67.141 6.403
22 43 34.317 6.439
0 3 62.572 6.553
15 20 39.731 6.608
2 5 22.747 6.807
2 29 12.463 6.842
26 49 35.422 6.913
31 38 58.097 6.955
19 32 81.977 7.074
22 27 84.877 7.28
21 41 29.596 7.366
31 44 9.536 7.373
0 43 30.967 7.697
8 20 72.801 7.724
35 39 79.814 7.753
8 46 41.108 7.756
5 46 23.341 7.784
20 37 26.052 7.823
36 37 22.157 7.844
7 48 17.761 7.913
10 29 19.999 7.953
34 46 89.83 8.089
17 37 63.054 8.268
16 23 0.71 8.281
17 34 19.155 8.347
8 27 43.083 8.419
20 47 9.106 8.577
4 22 72.897 8.593
26 42 44.475 8.726
7 14 94.654 8.778
6 48 3.03 9.053
11 34 76.604 9.253
14 33 20.312 9.356
6 45 34.474 9.372
22 47 15.789 9.395
6 36 21.891 9.427
8 38 18.459 9.587
29 47 46.436 9.685
4 33 90.876 9.691
12 45 43.621 9.704
7 30 67.733 9.709
0 19 87.887 9.745
41 46 69.665 9.784
3 13 9.18 9.93
21 45 21.654 10.035
15 17 16.718 10.079
32 37 33.288 10.137
16 31 97.12 10.161
1 28 69.807 10.184
7 37 95.569 10.5
3 21 71.516 10.674
14 48 57.638 10.691
20 41 37.904 10.692
10 46 38.239 10.706
30 31 16.236 10.818
34 49 99.722 10.838
32 49 57.227 10.969
6 29 2.748 11.007
7 38 56.889 11.013
27 29 2.591 11.018
8 16 44.56 11.094
13 45 34.021 11.115
24 49 98.274 11.116
7 49 82.551 11.253
5 19 9.965 11.268
4 40 53.617 11.33
11 30 87.268 11.457
25 47 77.105 11.517
19 36 55.783 11.65
15 22 94.154 11.72
4 30 54.436 11.918
13 36 93.764 11.973
42 45 82.579 12.014
20 25 48.267 12.034
12 34 68.243 12.073
1 34 22.503 12.092
27 36 46.091 12.104
18 42 89.94 12.204
4 46 65.537 12.313
11 43 26.975 12.318
23 35 30.555 12.318
19 45 25.098 12.418
45 48 47.245 12.472
25 31 61.923 12.537
17 19 43.865 12.612
2 28 5.483 12.686
10 49 14.525 12.691
41 42 80.767 12.724
21 30 58.686 12.833
39 46 93.801 13.124
10 48 28.077 13.131
10 26 28.195 13.151
22 30 26.244 13.295
5 49 69.466 13.436
5 43 89.205 13.559
9 33 24.737 13.567
16 22 88.435 13.812
12 27 61.468 13.952
4 47 93.184 14.138
23 26 99.734 14.188
29 34 81.224 14.345
6 25 78.318 14.348
3 11 0.49 14.352
12 25 58.442 14.62
5 24 59.192 14.647
34 42 12.885 14.85
34 37 33.919 14.891
23 29 57.94 14.899
3 36 89.74 14.933
16 18 73.848 14.943
0 8 63.907 15.062
0 36 41.046 15.077
26 44 50.008 15.357
7 27 48.711 15.389
37 49 65.2 15.432
9 48 95.926 15.53
1 44 92.061 15.6
33 34 97.895 15.618
0 46 61.047 15.62
3 32 74.741 16.062
16 20 60.378 16.116
9 10 37.258 16.135
0 28 67.127 16.31
6 37 47.459 16.476
8 28 21.789 16.528
9 19 53.584 16.573
17 20 99.953 16.818
6 28 40.375 16.828
26 34 76.588 16.887
1 31 85.554 16.928
26 33 20.061 16.937
7 24 26.946 16.974
6 27 20.929 17.076
32 47 20.174 17.094
7 18 92.852 17.463
10 42 75.947 17.615
5 7 31.244 17.638
32 39 34.217 17.656
30 44 70.017 17.661
30 43 10.495 17.771
22 32 0.052 17.788
2 38 7.99 17.856
18 23 9.805 17.864
14 25 48.313 17.872
3 14 88.047 17.915
11 25 84.834 17.946
3 25 24.213 17.977
10 21 92.071 18.113
18 22 24.148 18.159
4 43 56.639 18.198
9 43 17.079 18.295
38 47 50.221 18.355
12 41 83.243 18.366
15 25 96.254 18.608
13 38 21.195 18.647
7 47 53.522 18.816
5 21 18.485 18.917
12 37 28.676 18.991
41 44 27.729 19.048
44 46 23.716 19.049
1 35 52.963 19.08
22 25 83.135 19.188
11 13 7.696 19.198
38 49 34.933 19.248
5 25 39.842 19.364
18 38 91.502 19.438
33 45 70.698 19.482
10 20 64.355 19.509
40 49 69.532 19.52
29 30 68.255 19.523
6 26 45.999 19.53
26 31 0.17 19.627
16 42 33.9 19.646
26 41 83.28 19.704
2 18 35.184 19.733
33 48 30.527 19.782
6 14 7.794 20.03
11 23 83.298 20.046
7 9 90.03 20.069
43 49 77.694 20.117
13 26 52.838 20.237
22 29 71.156 20.241
15 48 92.107 20.267
38 39 23.965 20.326
19 33 25.035 20.37
9 20 5.026 20.394
8 18 81.48 20.599
6 24 0.27 20.9
0 31 71.382 21.112
36 44 34.709 21.256
28 45 68.865 21.315
21 24 93.75 21.432
12 18 36.662 21.465
13 48 69.962 21.542
18 46 14.519 21.555
36 38 12.657 21.555
19 27 30.324 21.583
34 44 53.751 21.642
39 42 32.259 21.659
21 29 96.986 21.696
0 20 13.597 21.699
19 24 24.387 22.158
14 22 68.567 22.189
1 48 92.738 22.209
26 38 41.493 22.216
1 25 31.002 22.254
15 27 19.951 22.296
6 23 59.647 22.385
15 31 75.052 22.537
18 30 21.95 22.824
23 48 61.45 22.838
23 25 75.126 22.885
19 25 93.766 22.935
7 22 41.472 22.94
4 13 46.74 22.96
10 28 7.926 22.975
13 22 8.528 23.224
3 42 31.485 23.231
21 35 28.143 23.432
0 5 25.935 23.433
27 44 11.388 23.45
1 26 80.381 23.87
18 20 5.849 23.956
4 16 85.388 24.209
9 16 29.74 24.26
32 33 86.214 24.359
2 45 46.084 24.508
13 47 56.484 24.549
11 15 97.992 24.595
5 13 50.471 24.72
17 23 47.966 24.764
23 27 28.584 24.912
27 35 8.963 24.966
5 27 20.208 25.015
13 43 17.763 25.071
28 39 38.438 25.179
25 46 7.106 25.307
18 49 92.819 25.398
18 24 50.141 25.518
35 48 65.821 25.545
34 48 57.213 25.57
42 44 3.13 25.591
28 44 15.531 25.626
15 39 80.428 25.746
25 32 52.55 25.776
36 43 50.51 25.811
4 17 18.962 25.862
28 34 6.814 25.904
46 48 9.054 25.946
29 46 61.018 25.98
9 29 41.822 26.035
15 24 43.405 26.227
16 26 61.115 26.332
44 49 93.005 26.342
16 43 56.897 26.536
19 38 90.464 26.551
6 43 24.997 26.581
11 27 16.792 26.589
23 34 97.506 26.691
3 46 58.465 26.717
3 40 18.611 26.736
27 40 95.805 26.747
10 34 6.938 26.762
10 35 48.284 26.786
5 18 11.213 27.049
10 23 31.62 27.089
1 41 79.386 27.117
2 24 4.993 27.14
38 44 60.276 27.195
18 29 72.549 27.248
35 47 50.581 27.36
6 40 72.768 27.509
24 42 75.867 27.822
1 37 18.359 27.859
9 36 55.186 27.959
10 15 48.759 27.985
37 46 8.44 27.988
20 48 83.033 28.056
28 35 2.731 28.131
19 22 97.587 28.19
13 24 53.905 28.462
35 38 28.234 28.555
24 40 51.678 28.557
2 6 58.868 28.701
8 44 74.679 28.73
16 40 59.745 29.002
20 22 33.422 29.079
14 38 74.805 29.128
1 40 12.969 29.194
37 44 52.854 29.279
8 39 72.236 29.43
45 46 78.065 29.732
22 26 78.546 29.831
30 33 71.082 29.832
8 45 10.336 29.933
5 33 68.663 29.94
2 12 17.182 29.989
6 42 93.292 30.055
0 22 62.665 30.103
1 7 23.764 30.109
31 40 84.931 30.237
24 36 35.65 30.3
26 40 56.104 30.317
29 42 79.022 30.346
40 44 85.6 30.427
17 30 30.045 30.501
25 30 58.424 31.069
9 27 9.382 31.162
13 33 43.283 31.209
1 20 36.396 31.267
15 21 27.636 31.424
25 42 62.427 31.448
2 32 31.59 31.458
16 38 9.589 31.573
28 33 94.132 31.601
19 49 11.381 31.664
11 38 37.351 31.813
22 39 78.995 31.885
1 19 59.267 32.003
12 28 8.155 32.064
34 45 31.046 32.184
31 46 24.707 32.302
3 23 6.114 32.425
16 34 66.742 32.662
36 42 24.02 32.736
16 30 51.824 32.781
19 48 16.959 32.789
2 35 19.108 32.878
0 40 71.844 33.095
33 41 90.15 33.247
19 26 90.113 33.311
1 29 32.197 33.375
4 26 0.688 33.48
8 26 99.574 33.52
21 39 31.808 33.631
18 19 20.276 33.692
9 25 43.236 33.827
14 26 71.688 33.887
2 4 28.904 34.107
2 15 61.216 34.135
6 9 73.972 34.359
19 47 87.146 34.375
19 43 39.863 34.505
39 47 69.626 34.522
1 39 80.626 34.528
16 36 80.021 34.531
6 38 62.245 34.636
22 45 53.659 34.742
25 49 58.996 34.813
37 39 75.664 35.044
8 25 21.417 35.055
14 40 73.512 35.067
39 41 39.88 35.106
35 49 90.479 35.173
4 41 49.388 35.216
1 14 67.928 35.258
40 46 58.971 35.32
5 14 76.89 35.411
13 29 61.996 35.486
23 47 36.99 35.536
25 43 81.435 35.542
4 24 29.176 35.666
17 47 25.672 35.761
5 10 73.964 35.922
5 45 5.061 35.99
3 49 17.225 36.047
2 34 58.661 36.083
12 21 71.136 36.152
20 29 37.533 36.159
7 21 92.35 36.283
22 44 55.288 36.348
18 28 75.109 36.363
34 43 52.253 36.504
33 49 91.219 36.687
6 21 71.969 36.693
23 41 26.543 36.859
7 35 33.371 37.009
12 26 21.991 37.092
2 42 43.159 37.242
12 23 39.901 37.254
32 36 82.211 37.292
24 46 52.322 37.335
4 34 94.129 37.422
2 49 93.648 37.424
37 41 43.974 37.48
30 39 61.254 37.524
35 46 23.987 37.666
1 22 30.04 37.716
0 49 89.666 37.779
12 35 87.998 37.824
18 34 47.827 37.848
2 37 71.604 38.024
2 40 78.262 38.026
20 27 47.929 38.243
3 48 47.949 38.275
5 30 94.932 38.315
5 11 26.585 38.338
19 21 31.692 38.548
14 43 56.251 38.553
0 23 50.724 38.587
47 49 13.361 38.592
7 26 71.063 38.68
16 32 80.218 38.848
12 42 27.417 38.877
13 42 40.132 38.919
21 37 43.803 38.983
7 16 11.467 38.986
16 24 78.521 39.078
4 29 95.534 39.092
13 18 20.193 39.187
24 32 75.964 39.205
10 25 31.739 39.254
3 27 75.354 39.373
14 46 17.254 39.439
18 36 20.009 39.502
6 34 40.33 39.661
3 28 36.747 39.664
38 43 82.65 39.686
13 37 91.358 39.715
32 43 50.236 39.749
29 39 59.176 39.799
7 36 7.206 39.933
4 11 85.665 40.026
25 44 89.706 40.087
6 19 75.71 40.146
31 42 13.657 40.297
5 15 33.286 40.334
21 43 59.422 40.465
20 21 54.322 40.691
8 35 77.346 40.698
26 29 32.236 40.746
6 32 44.802 40.774
0 45 19.738 40.794
9 45 54.707 40.815
14 47 19.622 40.827
11 29 97.837 40.929
1 43 41.977 40.952
30 42 96.059 41.108
3 31 97.306 41.283
17 24 92.462 41.419
16 37 22.99 41.586
36 39 88.268 41.66
1 42 34.635 41.691
3 29 35.028 41.822
8 32 53.572 41.874
13 16 33.157 41.876
17 41 92.616 42.171
13 14 47.994 42.21
18 47 82.983 42.216
8 23 73.532 42.285
4 21 31.342 42.33
2 47 7.158 42.489
12 14 6.928 42.548
16 46 52.161 42.657
15 38 68.724 42.766
41 47 87.53 42.899
9 30 4.401 42.956
37 47 5.268 42.96
21 44 95.882 43.063
18 26 34.017 43.108
12 43 51.171 43.235
8 42 27.598 43.239
18 35 50.308 43.277
18 45 90.632 43.51
1 27 18.739 43.523
0 21 96.548 43.616
6 11 86.146 43.702
37 40 2.451 43.721
1 30 83.354 43.843
22 37 0.145 43.95
11 35 54.038 44.119
12 33 91.305 44.14
12 47 8.354 44.168
13 46 22.042 44.218
32 38 87.347 44.252
18 48 31.567 44.291
22 28 48.499 44.293
34 41 17.899 44.367
5 41 64.596 44.422
41 49 60.631 44.493
16 33 80.542 44.51
21 31 84.683 44.514
36 46 60.337 44.554
37 45 82.606 44.765
24 47 58.895 44.877
7 33 87.226 44.99
1 33 88.49 45.11
20 42 75.517 45.15
20 32 49.579 45.159
16 35 22.459 45.242
9 47 80.295 45.252
35 43 85.131 45.304
33 40 4.759 45.416
9 46 35.19 45.489
26 35 97.738 45.537
1 18 25.112 45.631
5 6 64.749 45.77
21 48 64.982 45.819
5 38 52.364 46.053
36 49 84.336 46.265
9 11 31.194 46.315
9 14 28.519 46.316
41 45 59.976 46.39
3 5 26.218 46.414
8 19 53.918 46.417
6 18 30.465 46.441
8 11 8.577 46.523
6 41 78.784 46.54
17 43 39.09 46.542
9 21 77.0 46.575
42 43 29.274 46.587
1 13 62.734 46.625
9 39 90.616 46.749
0 6 99.564 47.026
17 29 30.473 47.264
0 14 86.553 47.275
2 26 42.298 47.29
17 46 25.812 47.315
17 25 1.159 47.355
31 49 34.062 47.594
0 7 83.646 47.635
15 23 94.797 47.673
17 49 95.682 47.681
7 10 97.385 47.688
14 29 85.084 47.78
11 47 45.29 47.786
20 31 54.484 47.916
7 23 77.947 48.061
14 49 5.48 48.227
5 34 86.001 48.407
8 34 94.96 48.419
8 21 34.615 48.454
16 17 73.946 48.461
6 12 75.685 48.5
24 25 64.87 48.563
4 27 43.622 48.59
38 41 2.223 48.945
6 30 16.823 49.028
22 24 52.303 49.125
5 37 66.194 49.187
14 31 44.665 49.269
22 23 61.76 49.522
30 32 37.936 49.576
22 41 58.48 49.644
6 15 16.082 49.714
13 39 3.771 49.876
17 22 12.21 49.949
16 48 79.443 50.01
3 30 8.326 50.031
5 40 3.706 50.045
2 31 8.613 50.212
15 37 74.486 50.415
15 16 20.154 50.51
12 22 30.06 50.533
11 37 32.316 50.639
1 5 94.062 50.703
19 29 39.834 50.743
23 45 35.648 50.783
45 47 78.724 50.841
17 36 76.893 50.846
15 35 26.944 50.88
21 23 3.766 51.062
15 26 57.134 51.076
3 20 76.742 51.133
17 38 67.385 51.245
38 46 5.229 51.395
10 18 37.13 51.479
15 19 86.854 51.553
3 34 67.386 51.709
3 38 91.661 51.725
9 42 41.443 51.841
22 42 85.93 51.886
2 3 66.299 51.901
30 38 47.835 51.984
1 2 46.041 52.007
32 42 62.471 52.039
1 8 97.78 52.113
39 40 28.462 52.12
9 49 31.491 52.2
25 35 38.48 52.361
2 13 66.29 52.496
11 33 68.547 52.523
2 25 26.859 52.727
35 41 8.817 52.734
14 28 10.765 52.808
11 49 98.653 52.848
6 22 37.097 52.933
5 39 19.344 52.955
42 47 37.378 52.989
9 18 13.148 53.086
17 35 74.481 53.088
13 28 13.29 53.158
29 41 98.521 53.338
11 22 44.229 53.444
10 45 96.077 53.472
40 48 68.681 53.53
21 28 19.182 53.641
6 16 69.928 53.744
11 21 46.407 53.813
14 16 39.423 53.954
14 36 88.46 54.147
9 12 52.594 54.207
5 9 75.448 54.314
0 1 23.796 54.423
16 39 57.284 54.552
40 45 20.784 54.587
9 26 5.126 54.602
28 40 15.603 54.697
20 45 87.521 54.849
10 14 57.451 54.975
31 47 44.619 55.182
14 34 76.119 55.259
8 22 7.153 55.27
7 20 83.566 55.334
14 44 10.96 55.395
32 41 13.064 55.458
4 49 59.743 55.492
2 36 12.376 55.553
4 9 82.162 55.712
27 33 69.758 55.74
19 28 54.23 56.013
17 42 71.094 56.054
24 38 37.823 56.065
29 40 43.862 56.215
7 44 22.008 56.245
3 9 73.374 56.384
32 45 89.684 56.394
18 25 88.37 56.485
25 39 1.203 56.514
22 34 45.501 56.554
33 47 48.28 56.647
14 41 47.876 56.717
5 26 52.76 56.837
11 20 78.194 56.887
0 30 90.47 56.911
24 26 19.501 57.019
0 32 83.161 57.353
13 21 52.373 57.39
27 37 97.047 57.65
22 31 56.145 57.655
37 42 9.776 57.675
2 10 89.967 57.695
33 46 68.701 57.858
14 20 49.016 57.899
3 18 95.241 57.908
28 42 32.049 57.926
25 27 65.701 57.965
1 10 41.521 57.997
22 48 85.14 58.075
29 31 51.791 58.091
5 31 55.261 58.306
14 27 73.233 58.345
30 34 73.728 58.422
0 24 35.091 58.507
4 28 21.01 58.511
3 41 19.918 58.562
15 40 54.415 58.564
24 28 88.463 58.658
31 32 64.911 58.703
3 10 10.313 58.776
39 44 8.908 59.059
0 12 75.823 59.11
30 36 7.368 59.22
19 44 65.437 59.339
8 17 83.538 59.44
1 21 36.915 59.562
1 3 64.389 59.565
12 38 82.359 59.885
4 7 47.959 59.9
39 43 50.455 59.99
11 36 14.634 60.039
21 46 35.105 60.076
11 39 35.844 60.104
6 7 85.829 60.113
16 44 76.192 60.137
35 42 14.475 60.173
21 49 66.03 60.175
27 43 40.831 60.215
43 47 37.628 60.234
9 41 81.401 60.265
8 15 34.605 60.311
0 2 36.996 60.392
2 39 37.327 60.443
29 43 71.173 60.464
7 25 72.063 60.57
18 31 19.668 60.586
8 24 64.841 60.587
7 13 30.472 60.693
13 49 67.081 60.936
18 21 58.454 61.11
36 47 47.167 61.342
1 11 2.005 61.58
3 26 24.997 61.598
23 33 69.859 61.764
12 13 44.156 61.78
1 4 55.926 62.013
2 41 80.116 62.293
25 29 79.268 62.321
5 44 79.238 62.328
35 44 27.332 62.334
17 18 58.2 62.356
16 21 13.679 62.483
22 40 29.336 62.525
43 45 30.989 62.531
41 43 90.349 62.554
30 48 62.822 62.563
17 31 13.274 62.573
27 28 17.216 62.681
26 28 57.937 62.691
29 35 70.315 62.738
28 43 54.645 62.792
14 17 59.777 62.813
6 44 81.467 62.91
4 44 64.567 63.088
10 31 83.828 63.112
38 45 45.437 63.503
38 40 37.277 63.819
8 40 51.946 63.925
30 49 30.957 64.041
15 42 16.996 64.047
13 19 8.846 64.128
8 13 61.542 64.181
1 38 80.723 64.194
3 35 48.372 64.295
24 39 43.553 64.295
26 45 23.655 64.435
7 41 15.267 64.456
11 45 34.101 64.528
2 33 35.129 64.691
10 40 67.46 64.693
7 39 8.089 64.914
6 17 42.211 64.924
1 32 33.671 65.023
24 44 82.235 65.273
24 33 20.638 65.284
30 46 35.23 65.353
7 8 5.394 65.431
22 35 28.964 65.969
12 44 62.866 65.984
29 32 46.364 65.997
38 42 42.561 66.128
13 25 98.208 66.145
24 37 90.443 66.251
35 40 1.736 66.348
19 41 31.115 66.483
4 31 27.476 66.543
15 34 16.528 66.718
3 8 79.247 66.756
16 19 54.405 66.864
10 17 10.246 66.869
21 32 52.197 66.934
23 42 42.933 67.033
22 36 81.298 67.12
4 39 96.133 67.283
9 31 62.748 67.523
17 28 4.793 67.523
4 25 58.03 67.551
34 36 51.079 67.584
4 36 29.553 67.589
40 42 55.566 67.592
17 40 6.83 67.625
20 44 99.898 67.685
30 45 37.308 67.685
4 42 71.809 67.854
14 39 1.082 67.859
7 17 33.418 68.005
23 39 75.963 68.683
12 46 97.911 69.121
2 8 90.361 69.371
2 44 42.051 69.412
13 44 26.335 69.412
2 46 53.584 69.517
23 44 92.87 69.597
14 42 24.983 69.762
21 38 52.046 69.852
16 28 28.153 69.863
28 29 47.019 69.88
45 49 65.247 70.043
23 30 42.866 70.2
2 43 49.615 70.288
26 39 4.605 70.32
11 17 48.508 70.341
15 30 9.855 70.354
4 18 18.719 70.473
3 44 29.586 70.533
29 38 37.246 70.563
17 26 0.471 70.85
22 49 23.851 71.068
31 34 20.447 71.344
28 38 82.229 71.472
18 37 64.607 71.522
20 33 47.247 71.547
21 22 21.079 71.568
5 8 6.86 71.584
6 8 92.698 71.595
4 14 23.478 71.769
42 48 58.748 71.787
3 39 44.305 71.891
1 6 43.119 72.031
24 45 21.35 72.038
4 48 33.153 72.048
4 10 48.13 72.071
14 45 31.968 72.488
8 29 93.093 72.636
5 35 60.136 72.683
5 20 77.898 72.729
15 45 84.783 72.737
18 32 64.211 72.774
21 33 13.653 72.881
21 42 92.807 72.97
24 43 19.424 73.107
11 44 50.081 73.222
7 34 89.689 73.286
18 27 3.999 73.289
7 19 73.979 73.395
1 24 56.926 73.517
16 45 66.233 73.553
12 31 53.436 73.741
13 31 85.754 73.8
1 15 70.695 73.803
17 45 30.562 73.806
41 48 43.98 73.853
28 41 20.417 73.992
23 43 87.919 74.004
0 10 52.318 74.125
8 43 34.479 74.209
10 30 52.625 74.302
5 22 41.666 74.332
17 48 65.054 74.37
46 49 99.663 74.383
21 25 70.478 74.385
23 37 9.523 74.413
27 45 41.887 74.473
8 41 4.056 74.519
2 11 1.314 74.53
15 47 55.664 74.567
3 37 9.586 74.815
11 19 34.537 74.818
5 23 81.575 74.87
43 46 30.366 74.934
36 45 24.118 74.947
47 48 89.599 74.971
14 15 17.576 75.106
31 33 49.072 75.151
24 48 64.878 75.164
28 49 52.623 75.28
19 31 93.387 75.308
4 38 26.559 75.419
25 34 47.284 75.498
33 36 79.216 75.575
3 33 69.084 75.612
24 34 21.071 75.729
4 35 77.242 75.732
31 43 15.25 75.781
15 43 21.135 75.815
7 29 46.693 75.845
25 37 76.405 76.0
37 43 25.472 76.188
15 33 32.677 76.235
8 47 15.321 76.273
36 41 96.661 76.57
18 33 10.377 76.627
21 26 61.998 76.632
20 24 43.772 76.791
0 37 29.389 76.879
42 49 31.867 77.005
5 36 0.237 77.046
5 16 54.15 77.171
4 5 32.204 77.42
44 48 12.977 77.554
18 41 13.788 77.66
21 40 76.622 77.669
12 15 84.748 77.741
20 23 48.65 77.869
33 42 30.294 77.894
7 45 41.962 78.115
2 17 47.72 78.233
30 40 92.95 78.415
9 22 97.929 78.554
26 37 20.717 78.564
39 49 90.832 78.672
30 35 28.866 78.775
7 46 60.435 78.864
9 34 75.831 78.951
15 28 98.542 79.08
3 4 89.785 79.092
2 20 17.13 79.167
26 32 22.527 79.289
30 47 94.836 79.294
29 33 90.911 79.497
20 36 17.506 79.52
20 43 74.407 79.573
23 36 18.039 79.847
27 42 88.977 79.85
27 41 12.548 80.003
18 39 89.1 80.035
0 35 8.852 80.06
0 17 39.496 80.091
9 28 24.723 80.213
25 33 93.164 80.467
2 21 92.177 80.605
4 37 65.408 80.606
9 15 88.681 80.714
9 32 91.255 80.857
3 6 12.315 81.322
23 46 74.853 81.49
2 19 53.464 81.681
31 37 8.246 81.779
23 28 86.219 81.859
27 48 23.695 81.886
25 38 8.327 81.944
26 36 89.858 81.972
32 44 19.163 82.101
26 48 62.194 82.223
10 43 18.96 82.269
13 35 21.607 82.277
14 32 58.281 82.386
38 48 24.876 82.417
26 27 75.802 82.559
24 35 57.434 82.577
13 15 89.441 82.649
24 30 16.517 82.738
3 24 56.398 82.806
10 22 38.33 82.818
8 12 22.275 82.947
9 35 50.883 83.1
32 48 62.586 83.145
43 48 32.074 83.248
28 30 29.204 83.286
34 38 33.244 83.347
4 23 9.264 83.393
4 8 46.805 83.461
11 41 86.219 83.523
14 37 98.843 83.596
3 17 67.353 83.618
32 34 17.398 83.627
1 49 74.552 83.67
27 31 85.612 83.743
0 4 1.317 83.747
19 30 29.81 83.766
12 32 82.841 83.77
29 48 23.112 83.778
1 36 80.678 83.848
20 38 54.068 83.898
11 26 96.345 84.004
3 15 2.349 84.154
7 31 23.717 84.365
3 16 12.128 84.394
20 28 51.565 84.622
5 17 35.288 84.688
43 44 0.059 84.745
20 26 17.024 84.764
42 46 8.598 84.815
40 47 86.068 84.87
7 15 29.343 84.991
10 11 41.188 85.107
13 40 38.433 85.144
48 49 94.995 85.158
33 37 7.576 85.178
9 13 35.971 85.269
3 45 41.32 85.364
28 37 63.136 85.401
34 47 41.626 85.443
2 30 97.469 85.445
12 16 5.935 85.448
18 44 29.302 85.527
13 23 46.878 85.737
25 36 16.15 85.788
33 44 85.599 85.856
35 37 43.915 85.873
31 45 11.61 85.875
25 48 54.414 85.906
40 43 65.27 85.921
21 34 79.989 85.957
14 19 78.67 85.963
2 16 25.247 86.166
2 23 62.861 86.255
14 30 53.932 86.314
4 20 25.501 86.51
29 49 71.114 86.63
20 35 11.466 86.634
12 20 43.109 86.747
0 47 4.244 86.778
0 9 63.486 86.805
26 47 6.057 86.89
11 31 1.392 86.978
15 36 37.238 87.032
5 48 32.312 87.051
13 34 19.391 87.138
8 14 76.14 87.17
32 40 22.591 87.388
11 48 53.143 87.49
12 24 65.172 87.513
27 32 55.504 87.527
39 48 11.123 87.564
8 49 97.965 87.614
20 39 84.549 87.698
23 38 39.627 87.762
27 30 78.229 87.803
7 32 64.238 87.853
0 15 71.882 87.881
29 44 74.344 87.952
2 48 42.586 87.967
24 29 87.139 88.366
28 31 10.886 88.374
12 19 54.87 88.385
13 17 58.286 88.416
26 43 35.04 88.468
24 41 97.967 88.528
27 39 22.624 88.615
25 41 42.173 88.712
26 46 27.773 88.717
4 32 11.253 88.719
3 7 66.229 88.734
19 23 8.574 88.772
4 45 17.91 88.992
12 36 47.535 89.03
20 46 8.068 89.109
5 29 80.316 89.12
32 35 31.595 89.193
14 35 30.275 89.215
27 38 74.039 89.271
8 10 19.926 89.328
2 9 92.385 89.657
9 38 64.309 89.697
34 40 30.441 89.697
31 41 92.395 89.763
19 42 10.67 89.837
14 21 26.847 89.867
21 36 16.496 89.938
6 20 18.059 89.941
4 19 85.86 89.976
13 27 29.856 89.985
15 29 73.344 90.29
8 33 94.805 90.309
0 25 58.425 90.42
10 38 14.422 90.549
17 27 86.904 90.568
13 30 76.871 90.996
10 16 70.94 91.162
34 39 27.39 91.223
32 46 25.167 91.226
19 35 90.526 91.416
11 12 35.242 91.496
7 11 80.359 91.738
8 36 99.73 92.03
23 31 5.791 92.094
0 16 71.413 92.11
12 30 53.879 92.132
19 40 20.051 92.259
15 18 53.752 92.319
16 49 9.972 92.663
27 46 8.879 92.829
9 40 66.549 92.862
0 26 68.198 92.895
5 47 53.888 92.982
33 39 78.91 93.03
10 12 82.76 93.133
8 31 61.214 93.135
23 32 84.136 93.17
6 10 80.668 93.174
11 24 59.431 93.279
8 37 29.204 93.42
3 22 74.896 93.456
13 20 2.656 93.505
0 18 44.462 93.559
11 40 98.05 93.615
2 14 41.375 93.904
37 48 90.874 94.036
44 45 75.636 94.243
1 45 0.466 94.327
10 24 94.991 94.38
28 48 61.427 94.44
25 26 57.109 94.54
19 39 28.814 94.577
18 43 59.467 94.701
21 47 36.453 94.71
31 48 41.319 94.712
19 20 1.829 94.92
1 47 43.435 95.016
11 16 35.437 95.084
15 44 50.49 95.313
3 43 69.113 95.343
27 49 81.805 95.442
22 33 19.963 95.722
10 37 23.594 95.757
37 38 34.198 95.854
0 48 31.383 95.866
4 15 67.535 95.871
5 42 56.6 95.902
36 40 44.303 95.971
4 12 73.359 96.026
10 19 89.57 96.032
10 33 28.22 96.117
28 47 38.913 96.166
24 27 47.415 96.211
44 47 93.107 96.293
1 17 67.602 96.331
17 33 4.382 96.407
17 32 8.857 96.419
0 29 86.064 96.463
28 46 67.149 96.504
6 35 2.666 96.553
8 9 2.399 96.642
11 46 28.239 96.693
29 45 7.981 96.706
7 43 22.992 96.725
19 34 15.483 96.844
6 46 68.24 96.927
27 47 2.982 96.967
25 45 7.76 97.172
26 30 99.186 97.183
15 32 45.706 97.442
29 37 17.243 97.564
8 48 70.042 97.64
34 35 10.581 97.643
11 42 28.679 97.672
5 32 63.364 97.698
40 41 63.663 97.802
39 45 30.764 97.859
18 40 71.297 97.95
10 27 25.022 98.017
15 49 15.845 98.048
0 41 88.091 98.064
12 17 38.402 98.127
20 34 18.614 98.139
31 36 25.209 98.576
14 23 81.746 98.612
8 30 87.472 98.657
1 46 87.998 98.691
10 47 38.987 98.752
33 35 34.364 98.828
28 36 70.993 98.852
0 34 85.394 98.981
24 31 83.335 99.084
0 27 85.64 99.099
4 6 14.361 99.122
11 32 79.401 99.156
12 48 75.357 99.178
9 44 68.379 99.211
10 39 17.791 99.282
16 25 45.578 99.402
14 24 34.596 99.553
11 14 93.931 99.69
33 43 44.121 99.808
0 42 50.542 99.851
17 21 36.625 99.934