50
63.457
0 1 1.235 1.557
0 2 0.151 1.005
0 3 2.371 1.748
0 4 0.979 0.784
0 5 0.277 0.746
0 6 1.485 2.211
0 7 0.696 0.469
0 8 0.822 1.933
0 9 1.641 0.964
0 10 23.018 5.023
0 11 2.177 0.934
0 12 1.439 1.81
0 13 1.781 0.676
0 14 1.016 0.746
0 15 2.875 0.68
0 16 0.97 0.014
0 17 0.127 0.373
0 18 1.673 0.422
0 19 1.875 1.161
0 20 1.935 1.957
0 21 1.864 2.232
0 22 0.564 0.782
0 23 1.191 0.585
0 24 0.277 0.745
0 25 1.464 0.249
0 26 2.409 0.712
0 27 0.708 1.112
0 28 1.806 0.673
0 29 2.297 0.907
0 30 2.079 1.588
0 31 2.088 0.087
0 32 0.589 0.571
0 33 0.888 0.359
0 34 10.318 0.021
0 35 3.372 0.939
0 36 2.443 1.302
0 37 1.615 1.696
0 38 2.758 2.875
0 39 2.832 1.442
0 40 1.809 0.788
0 41 2.08 1.475
0 42 1.768 2.199
0 43 1.984 1.468
0 44 1.573 0.11
0 45 2.844 1.363
0 46 1.939 1.619
0 47 0.921 1.062
0 48 1.942 1.161
0 49 2.421 0.801
1 2 2.517 9.872
1 3 5.501 11.866
1 4 6.86 13.735
1 5 2.59 10.939
1 6 1.486 15.517
1 7 0.402 0.771
1 8 5.79 41.006
1 9 3.52 22.695
1 10 26.283 1.874
1 11 0.651 10.969
1 12 5.974 10.893
1 13 4.923 13.98
1 14 5.958 16.929
1 15 5.83 16.372
1 16 25.938 1.774
1 17 0.277 2.651
1 18 3.862 5.834
1 19 2.863 4.66
1 20 0.182 1.681
1 21 6.006 9.179
1 22 5.504 8.588
1 23 3.988 7.514
1 24 4.975 6.195
1 25 6.912 5.663
1 26 2.707 7.004
1 27 0.116 15.423
1 28 6.533 11.287
1 29 6.313 10.279
1 30 1.801 14.91
1 31 2.947 10.097
1 32 2.663 12.378
1 33 4.449 16.786
1 34 4.648 10.686
1 35 5.211 11.224
1 36 3.176 9.004
1 37 1.696 9.789
1 38 1.979 8.362
1 39 3.92 9.393
1 40 4.878 6.652
1 41 0.736 6.548
1 42 4.513 11.112
1 43 2.426 7.489
1 44 0.151 11.119
1 45 5.822 12.701
1 46 1.884 8.049
1 47 6.495 10.51
1 48 2.65 9.083
1 49 2.427 12.602
2 3 5.252 1.893
2 4 6.116 3.079
2 5 2.354 0.823
2 6 3.374 5.353
2 7 0.762 0.922
2 8 1.855 6.098
2 9 4.268 3.856
2 10 15.447 6.435
2 11 6.378 6.738
2 12 4.466 4.2
2 13 4.23 4.432
2 14 0.209 1.864
2 15 2.829 6.272
2 16 4.773 1.245
2 17 3.675 0.592
2 18 2.916 6.298
2 19 6.32 2.25
2 20 1.086 1.818
2 21 4.177 4.165
2 22 12.948 3.612
2 23 6.857 2.801
2 24 4.698 1.387
2 25 2.254 4.446
2 26 0.858 2.819
2 27 4.578 12.731
2 28 5.198 2.742
2 29 3.004 1.726
2 30 6.853 2.866
2 31 1.909 2.903
2 32 4.822 3.848
2 33 1.047 4.94
2 34 1.196 1.946
2 35 2.948 1.431
2 36 6.443 1.658
2 37 6.034 1.505
2 38 4.562 2.965
2 39 0.563 2.103
2 40 1.778 2.302
2 41 1.171 1.497
2 42 0.608 0.101
2 43 0.043 0.474
2 44 5.837 0.229
2 45 3.467 0.364
2 46 4.834 0.672
2 47 5.807 12.201
2 48 2.178 2.702
2 49 1.362 1.797
3 4 7.042 5.529
3 5 4.196 1.672
3 6 0.476 2.461
3 7 0.994 2.542
3 8 0.882 0.177
3 9 5.473 1.657
3 10 20.152 0.325
3 11 2.442 16.069
3 12 0.133 0.777
3 13 5.596 1.357
3 14 5.511 2.123
3 15 6.321 6.158
3 16 6.081 5.31
3 17 3.884 6.485
3 18 1.779 4.81
3 19 3.903 0.386
3 20 1.075 1.498
3 21 2.924 5.965
3 22 0.895 1.543
3 23 2.767 5.291
3 24 0.683 5.993
3 25 2.732 0.905
3 26 6.493 5.791
3 27 5.348 16.515
3 28 6.472 0.871
3 29 1.628 4.574
3 30 3.88 1.193
3 31 3.79 5.933
3 32 3.038 2.202
3 33 0.203 3.129
3 34 1.327 1.567
3 35 5.308 1.813
3 36 4.791 2.473
3 37 3.249 1.448
3 38 1.946 3.345
3 39 4.954 0.148
3 40 6.53 5.093
3 41 1.191 1.496
3 42 5.938 4.582
3 43 5.182 2.916
3 44 6.551 0.902
3 45 5.991 5.031
3 46 1.141 5.009
3 47 6.548 21.322
3 48 2.075 6.994
3 49 3.373 6.161
4 5 4.886 1.631
4 6 3.542 5.776
4 7 1.901 2.095
4 8 3.775 6.098
4 9 3.672 2.465
4 10 23.195 2.145
4 11 1.502 14.292
4 12 3.065 2.315
4 13 13.341 2.081
4 14 3.491 6.251
4 15 0.55 0.846
4 16 5.678 4.437
4 17 4.933 2.513
4 18 5.447 2.681
4 19 6.385 5.63
4 20 0.173 0.923
4 21 6.213 6.899
4 22 6.519 2.481
4 23 2.979 4.525
4 24 6.583 3.197
4 25 2.576 2.106
4 26 1.892 6.8
4 27 0.65 12.198
4 28 3.084 4.788
4 29 2.008 1.168
4 30 3.192 3.731
4 31 0.796 3.041
4 32 2.575 2.284
4 33 1.878 4.781
4 34 5.772 2.054
4 35 4.403 2.513
4 36 3.385 5.922
4 37 5.11 0.675
4 38 6.239 4.705
4 39 0.413 2.74
4 40 4.572 0.578
4 41 4.875 6.459
4 42 3.964 3.473
4 43 9.801 0.496
4 44 3.761 2.639
4 45 4.204 3.284
4 46 2.966 5.164
4 47 2.51 9.409
4 48 3.15 2.208
4 49 6.009 6.707
5 6 1.455 5.893
5 7 0.57 1.931
5 8 5.477 1.495
5 9 1.651 3.914
5 10 23.371 2.852
5 11 6.419 10.773
5 12 4.096 3.682
5 13 6.477 5.189
5 14 6.187 5.775
5 15 9.281 0.523
5 16 1.643 2.859
5 17 2.229 5.167
5 18 1.841 0.032
5 19 4.946 1.877
5 20 1.101 1.76
5 21 3.175 5.637
5 22 5.449 1.777
5 23 4.908 4.189
5 24 0.847 1.981
5 25 2.49 5.612
5 26 2.907 4.863
5 27 0.945 14.888
5 28 4.567 6.023
5 29 22.381 1.118
5 30 3.671 6.231
5 31 6.436 6.591
5 32 16.324 0.192
5 33 9.081 0.007
5 34 0.798 0.909
5 35 2.801 1.39
5 36 4.516 2.081
5 37 2.231 4.81
5 38 5.006 5.678
5 39 1.869 6.817
5 40 6.064 1.289
5 41 6.992 2.265
5 42 1.114 3.072
5 43 5.153 4.426
5 44 5.217 4.557
5 45 4.463 5.222
5 46 21.471 0.021
5 47 6.487 20.255
5 48 5.93 16.861
5 49 6.461 5.998
6 7 0.804 1.558
6 8 0.966 6.656
6 9 2.957 3.509
6 10 30.499 0.298
6 11 5.001 11.046
6 12 4.677 3.044
6 13 3.612 5.155
6 14 4.359 0.039
6 15 1.784 4.514
6 16 3.766 4.743
6 17 0.178 4.446
6 18 6.344 0.412
6 19 0.186 1.597
6 20 0.912 1.504
6 21 6.945 3.574
6 22 5.09 5.91
6 23 4.269 3.437
6 24 4.865 6.033
6 25 0.893 4.481
6 26 3.406 2.54
6 27 0.529 15.755
6 28 5.767 2.515
6 29 6.795 1.024
6 30 3.375 0.342
6 31 6.484 5.339
6 32 2.345 0.233
6 33 6.284 0.272
6 34 5.169 1.834
6 35 0.201 3.027
6 36 2.427 3.493
6 37 6.497 3.864
6 38 2.722 5.286
6 39 1.401 4.936
6 40 2.737 1.045
6 41 4.565 1.97
6 42 6.081 2.709
6 43 6.028 7.013
6 44 4.265 2.963
6 45 0.046 4.87
6 46 0.813 1.405
6 47 5.79 15.196
6 48 4.694 0.733
6 49 5.618 4.55
7 8 0.606 1.144
7 9 1.185 1.568
7 10 40.884 1.152
7 11 0.589 1.472
7 12 1.893 2.276
7 13 0.635 1.065
7 14 0.928 1.128
7 15 1.161 1.545
7 16 0.484 1.455
7 17 0.861 1.987
7 18 1.207 1.612
7 19 1.163 1.318
7 20 0.154 0.808
7 21 0.418 1.145
7 22 2.284 3.078
7 23 1.428 1.193
7 24 1.536 1.87
7 25 1.752 1.858
7 26 0.394 1.35
7 27 0.912 11.072
7 28 0.482 0.676
7 29 1.316 1.508
7 30 1.228 1.414
7 31 0.763 1.323
7 32 1.292 1.882
7 33 0.514 1.327
7 34 1.386 1.821
7 35 0.344 0.506
7 36 1.359 1.415
7 37 1.899 1.778
7 38 0.214 1.087
7 39 1.116 1.48
7 40 1.008 1.097
7 41 1.045 1.201
7 42 0.235 1.176
7 43 0.75 1.138
7 44 1.095 1.889
7 45 1.232 1.54
7 46 1.062 1.283
7 47 1.692 1.534
7 48 1.227 1.657
7 49 1.266 1.334
8 9 4.033 5.167
8 10 22.322 6.933
8 11 3.373 11.091
8 12 5.767 5.605
8 13 4.91 5.583
8 14 7.034 6.213
8 15 1.378 1.428
8 16 2.973 6.418
8 17 3.067 4.784
8 18 3.489 5.84
8 19 5.094 1.056
8 20 0.877 0.894
8 21 5.983 2.335
8 22 6.766 3.172
8 23 2.625 0.389
8 24 6.833 1.221
8 25 4.688 1.024
8 26 3.179 2.461
8 27 5.189 13.996
8 28 4.627 1.389
8 29 4.248 6.189
8 30 2.213 4.503
8 31 2.18 6.717
8 32 6.7 4.16
8 33 5.924 1.855
8 34 5.854 6.694
8 35 3.141 3.536
8 36 6.857 6.444
8 37 2.187 3.684
8 38 7.920 1.318
8 39 2.731 4.724
8 40 5.408 1.356
8 41 5.389 5.955
8 42 2.674 4.44
8 43 0.299 3.541
8 44 0.97 4.551
8 45 3.324 5.046
8 46 5.0 3.051
8 47 0.019 14.754
8 48 5.96 4.651
8 49 2.719 0.694
9 10 10.81 0.414
9 11 2.909 14.992
9 12 0.969 6.106
9 13 6.029 0.909
9 14 0.441 4.751
9 15 5.586 5.277
9 16 4.17 1.675
9 17 3.546 3.715
9 18 1.917 2.394
9 19 6.75 5.385
9 20 1.492 1.708
9 21 7.047 7.031
9 22 5.777 2.192
9 23 4.589 3.746
9 24 6.831 4.802
9 25 6.223 6.4
9 26 2.261 2.293
9 27 1.107 12.996
9 28 5.907 0.982
9 29 4.96 1.843
9 30 0.931 5.926
9 31 5.482 4.179
9 32 5.09 5.234
9 33 4.017 0.91
9 34 1.415 0.161
9 35 3.972 1.678
9 36 2.112 3.999
9 37 5.084 6.221
9 38 0.426 5.744
9 39 1.407 2.522
9 40 1.061 5.698
9 41 3.024 0.486
9 42 1.275 0.098
9 43 4.979 0.834
9 44 0.675 0.199
9 45 3.403 3.089
9 46 3.275 2.694
9 47 6.522 14.296
9 48 1.815 5.787
9 49 1.368 5.888
10 11 16.02 16.006
10 12 21.834 1.508
10 13 15.632 5.272
10 14 10.129 0.013
10 15 10.774 6.258
10 16 30.746 0.218
10 17 26.663 1.987
10 18 33.982 3.875
10 19 24.633 2.974
10 20 0.888 0.942
10 21 21.478 1.269
10 22 30.711 2.858
10 23 21.793 6.405
10 24 23.589 2.633
10 25 23.357 2.758
10 26 22.534 0.041
10 27 21.496 11.119
10 28 32.224 2.286
10 29 24.292 7.02
10 30 26.413 4.446
10 31 22.211 2.691
10 32 22.656 4.146
10 33 23.434 3.149
10 34 20.364 3.056
10 35 23.29 2.032
10 36 13.917 1.921
10 37 13.936 1.849
10 38 21.473 2.469
10 39 34.791 5.355
10 40 44.136 4.807
10 41 11.217 6.203
10 42 24.0 0.03
10 43 36.599 4.28
10 44 16.664 3.174
10 45 25.536 2.116
10 46 23.398 4.54
10 47 35.921 10.17
10 48 11.489 3.592
10 49 30.911 5.187
11 12 3.06 12.971
11 13 6.869 14.63
11 14 1.245 13.523
11 15 4.519 10.363
11 16 0.153 10.249
11 17 4.007 10.991
11 18 2.202 10.486
11 19 5.361 14.483
11 20 0.062 0.241
11 21 5.732 16.401
11 22 4.222 14.028
11 23 5.673 16.869
11 24 0.855 14.028
11 25 4.35 14.417
11 26 4.213 13.751
11 27 0.222 3.901
11 28 3.398 16.241
11 29 6.701 13.986
11 30 0.429 13.47
11 31 3.935 16.885
11 32 5.744 15.047
11 33 3.788 11.294
11 34 1.076 14.646
11 35 3.588 11.072
11 36 1.546 10.474
11 37 3.558 13.748
11 38 0.548 12.902
11 39 6.026 12.602
11 40 6.201 16.804
11 41 2.83 14.347
11 42 2.373 15.254
11 43 0.982 13.698
11 44 4.799 14.869
11 45 3.765 14.91
11 46 6.491 14.889
11 47 0.872 18.93
11 48 6.74 12.358
11 49 3.317 13.504
12 13 5.282 3.792
12 14 6.837 1.371
12 15 3.348 1.081
12 16 2.125 1.21
12 17 3.042 0.432
12 18 4.96 6.748
12 19 0.002 3.012
12 20 0.241 0.375
12 21 3.575 6.77
12 22 1.224 3.704
12 23 2.933 2.167
12 24 6.228 3.574
12 25 1.173 5.053
12 26 1.122 1.434
12 27 5.855 5.8
12 28 5.442 2.559
12 29 0.171 4.011
12 30 1.349 1.423
12 31 34.038 0.876
12 32 5.346 4.172
12 33 0.197 3.971
12 34 4.253 3.927
12 35 1.287 2.624
12 36 5.003 2.283
12 37 6.722 5.888
12 38 0.851 4.065
12 39 2.554 6.014
12 40 1.744 1.72
12 41 19.452 1.111
12 42 3.68 1.638
12 43 4.374 3.904
12 44 2.469 4.373
12 45 2.256 4.378
12 46 0.307 2.045
12 47 2.894 11.988
12 48 4.447 2.764
12 49 2.874 6.444
13 14 4.213 0.054
13 15 1.442 5.139
13 16 6.827 5.09
13 17 6.685 1.737
13 18 3.986 3.91
13 19 1.875 4.019
13 20 0.174 1.115
13 21 0.27 2.403
13 22 4.0 3.472
13 23 1.813 5.945
13 24 1.313 0.301
13 25 2.811 1.005
13 26 3.899 6.556
13 27 1.276 13.288
13 28 6.225 1.12
13 29 1.495 3.901
13 30 0.66 4.513
13 31 2.057 2.572
13 32 6.668 3.6
13 33 4.543 0.029
13 34 6.815 4.12
13 35 0.541 6.103
13 36 5.624 2.445
13 37 2.718 4.319
13 38 2.808 3.761
13 39 0.679 2.74
13 40 1.996 6.814
13 41 3.971 5.521
13 42 2.586 6.571
13 43 14.258 0.975
13 44 1.358 5.473
13 45 3.405 6.392
13 46 1.294 1.779
13 47 4.419 11.396
13 48 5.561 4.359
13 49 0.716 2.647
14 15 1.109 6.899
14 16 1.861 6.342
14 17 4.796 1.278
14 18 4.538 1.406
14 19 2.922 3.382
14 20 0.047 0.399
14 21 3.272 5.432
14 22 5.973 0.615
14 23 21.128 1.418
14 24 3.412 1.762
14 25 4.964 6.157
14 26 0.381 3.432
14 27 4.419 11.834
14 28 3.613 0.836
14 29 1.721 4.704
14 30 4.376 0.069
14 31 6.101 5.764
14 32 4.503 5.993
14 33 3.996 3.127
14 34 5.648 0.228
14 35 5.154 2.538
14 36 5.628 4.973
14 37 2.494 4.783
14 38 6.813 6.071
14 39 4.594 3.982
14 40 0.777 7.017
14 41 0.081 6.678
14 42 2.011 0.158
14 43 5.506 3.918
14 44 6.315 0.294
14 45 4.336 3.463
14 46 0.236 6.769
14 47 6.129 15.089
14 48 0.953 6.474
14 49 6.193 1.929
15 16 3.088 0.326
15 17 4.388 2.827
15 18 1.057 3.8
15 19 2.954 1.182
15 20 0.958 1.093
15 21 0.825 0.178
15 22 3.563 1.382
15 23 3.485 6.874
15 24 6.879 3.613
15 25 3.197 2.794
15 26 3.517 4.484
15 27 5.596 15.998
15 28 2.908 0.726
15 29 7.493 0.657
15 30 4.262 1.93
15 31 3.968 2.885
15 32 4.547 3.551
15 33 1.804 1.389
15 34 3.827 3.252
15 35 5.248 0.696
15 36 6.435 0.584
15 37 2.742 0.6
15 38 1.947 2.099
15 39 0.795 3.044
15 40 1.51 2.269
15 41 6.585 2.934
15 42 3.794 4.065
15 43 3.904 2.242
15 44 0.497 0.657
15 45 2.13 3.533
15 46 4.463 0.946
15 47 6.93 13.465
15 48 0.046 5.558
15 49 2.755 0.209
16 17 0.38 2.647
16 18 0.159 5.904
16 19 3.851 6.118
16 20 0.714 1.802
16 21 1.955 2.445
16 22 2.401 4.526
16 23 6.361 6.55
16 24 4.075 4.313
16 25 3.114 5.004
16 26 1.828 2.387
16 27 2.049 15.749
16 28 1.178 1.331
16 29 0.421 4.451
16 30 2.07 4.495
16 31 1.382 5.69
16 32 6.357 6.839
16 33 2.601 4.214
16 34 5.125 4.532
16 35 5.222 6.322
16 36 1.835 4.273
16 37 6.691 6.036
16 38 6.432 3.657
16 39 5.895 5.513
16 40 4.752 6.089
16 41 0.521 6.667
16 42 4.669 4.196
16 43 5.796 1.357
16 44 2.271 0.806
16 45 4.401 0.664
16 46 3.093 5.359
16 47 6.151 14.12
16 48 1.245 2.052
16 49 1.409 1.52
17 18 1.29 0.341
17 19 1.519 6.938
17 20 0.833 1.441
17 21 3.376 1.912
17 22 7.014 1.68
17 23 4.64 6.135
17 24 1.809 2.741
17 25 6.078 4.301
17 26 6.813 0.542
17 27 2.291 13.186
17 28 0.724 1.503
17 29 6.251 3.798
17 30 8.394 0.657
17 31 1.159 4.765
17 32 1.116 6.975
17 33 4.658 5.628
17 34 4.221 4.19
17 35 13.021 2.119
17 36 6.887 5.232
17 37 4.53 3.006
17 38 3.765 3.625
17 39 3.645 1.354
17 40 0.527 5.379
17 41 6.159 2.172
17 42 5.096 4.607
17 43 6.499 5.136
17 44 1.777 2.249
17 45 1.519 2.291
17 46 6.171 6.085
17 47 3.279 9.635
17 48 0.097 3.163
17 49 4.263 2.78
18 19 4.751 2.931
18 20 0.01 0.882
18 21 4.101 6.256
18 22 2.879 7.034
18 23 3.578 2.004
18 24 6.639 2.651
18 25 1.191 4.668
18 26 4.346 6.343
18 27 2.108 13.555
18 28 1.112 4.417
18 29 0.133 5.013
18 30 5.72 4.846
18 31 1.404 3.856
18 32 7.284 0.087
18 33 11.471 0.401
18 34 2.205 3.162
18 35 2.867 4.21
18 36 5.36 4.757
18 37 5.14 1.078
18 38 5.192 5.836
18 39 3.443 1.021
18 40 4.067 0.677
18 41 4.521 3.478
18 42 2.345 5.347
18 43 2.886 2.743
18 44 4.113 0.245
18 45 2.346 2.289
18 46 5.473 4.7
18 47 4.597 12.934
18 48 6.746 4.576
18 49 6.833 2.506
19 20 0.814 1.41
19 21 5.354 3.012
19 22 1.147 1.897
19 23 2.184 5.304
19 24 1.264 1.066
19 25 1.313 4.731
19 26 26.143 0.269
19 27 0.18 15.661
19 28 0.896 1.528
19 29 1.102 2.443
19 30 1.675 6.911
19 31 2.732 4.799
19 32 6.904 5.667
19 33 3.88 4.155
19 34 6.268 4.531
19 35 0.73 5.798
19 36 6.902 3.287
19 37 3.802 4.928
19 38 3.589 3.958
19 39 0.788 3.877
19 40 3.75 3.084
19 41 0.22 1.202
19 42 0.841 0.911
19 43 3.443 4.528
19 44 2.232 6.98
19 45 0.967 2.267
19 46 2.112 1.243
19 47 6.689 25.299
19 48 6.592 5.424
19 49 2.13 3.794
20 21 0.197 0.634
20 22 0.868 1.232
20 23 0.171 0.65
20 24 0.792 1.639
20 25 0.234 0.129
20 26 1.106 1.154
20 27 0.885 0.876
20 28 0.865 0.908
20 29 0.998 1.496
20 30 1.824 1.19
20 31 1.21 1.335
20 32 0.944 0.796
20 33 0.891 0.442
20 34 0.336 1.362
20 35 0.894 0.728
20 36 1.034 1.238
20 37 0.442 0.968
20 38 0.379 0.995
20 39 0.02 0.974
20 40 0.398 0.482
20 41 1.351 0.877
20 42 0.324 0.09
20 43 0.103 0.995
20 44 0.547 0.403
20 45 1.793 1.163
20 46 0.103 0.788
20 47 0.13 1.092
20 48 0.928 0.613
20 49 1.254 1.691
21 22 0.809 2.264
21 23 1.441 1.432
21 24 0.975 6.508
21 25 1.632 0.106
21 26 9.681 0.625
21 27 1.375 14.42
21 28 4.844 5.448
21 29 0.785 6.718
21 30 2.963 0.777
21 31 4.43 5.312
21 32 0.2 2.913
21 33 0.277 6.77
21 34 3.19 4.404
21 35 6.423 1.064
21 36 5.625 0.791
21 37 2.941 0.425
21 38 2.14 2.669
21 39 0.895 1.671
21 40 5.231 4.193
21 41 6.821 3.417
21 42 0.118 3.875
21 43 2.34 4.333
21 44 1.005 5.395
21 45 4.507 4.509
21 46 6.918 6.859
21 47 4.715 16.731
21 48 0.054 6.266
21 49 2.237 5.727
22 23 2.07 3.738
22 24 1.694 0.385
22 25 3.804 4.621
22 26 2.789 2.576
22 27 1.639 10.906
22 28 6.216 3.65
22 29 5.17 0.213
22 30 0.224 4.242
22 31 2.32 1.907
22 32 0.041 2.999
22 33 1.391 3.845
22 34 4.184 3.26
22 35 3.315 1.321
22 36 3.774 1.715
22 37 4.137 4.427
22 38 4.361 5.275
22 39 3.449 5.522
22 40 6.967 4.987
22 41 2.699 1.341
22 42 4.981 2.87
22 43 0.311 5.783
22 44 4.282 2.833
22 45 6.096 6.834
22 46 1.998 6.568
22 47 0.647 11.311
22 48 0.346 10.273
22 49 5.751 1.546
23 24 5.528 2.822
23 25 4.954 2.293
23 26 4.326 0.235
23 27 3.803 12.95
23 28 1.985 3.78
23 29 0.461 2.073
23 30 3.075 3.796
23 31 0.001 3.119
23 32 4.585 3.86
23 33 3.1 2.529
23 34 1.6 6.451
23 35 2.461 6.285
23 36 1.419 3.568
23 37 1.291 4.834
23 38 2.686 5.024
23 39 4.336 3.135
23 40 3.817 3.95
23 41 0.093 4.084
23 42 0.246 2.356
23 43 1.181 4.278
23 44 6.432 7.002
23 45 4.305 3.085
23 46 3.801 0.682
23 47 3.42 11.83
23 48 3.007 3.938
23 49 6.923 1.039
24 25 6.989 6.54
24 26 5.956 6.475
24 27 6.1 12.029
24 28 4.922 6.616
24 29 1.539 4.269
24 30 3.272 2.41
24 31 6.166 0.195
24 32 1.714 2.139
24 33 2.123 1.043
24 34 1.952 2.536
24 35 6.188 6.847
24 36 6.089 3.284
24 37 5.956 6.505
24 38 11.473 1.115
24 39 2.534 3.169
24 40 6.873 4.776
24 41 1.23 6.17
24 42 0.967 3.661
24 43 0.616 2.332
24 44 1.486 3.146
24 45 2.563 5.24
24 46 3.47 6.185
24 47 1.248 14.185
24 48 5.645 5.795
24 49 6.326 3.657
25 26 0.397 1.425
25 27 3.925 14.11
25 28 6.213 3.827
25 29 0.576 4.573
25 30 5.226 1.929
25 31 5.803 2.547
25 32 4.577 1.534
25 33 3.633 3.144
25 34 6.498 0.496
25 35 0.932 1.15
25 36 6.593 1.412
25 37 6.852 4.419
25 38 5.98 2.017
25 39 3.324 6.295
25 40 4.463 0.573
25 41 1.351 3.07
25 42 0.72 4.083
25 43 1.697 2.765
25 44 6.111 3.085
25 45 4.958 5.09
25 46 5.552 1.675
25 47 6.913 12.52
25 48 2.369 2.539
25 49 4.608 6.64
26 27 6.054 12.342
26 28 2.719 1.0
26 29 3.209 4.415
26 30 6.344 1.554
26 31 5.143 0.934
26 32 3.583 2.794
26 33 5.241 5.921
26 34 3.796 0.287
26 35 2.907 0.11
26 36 6.068 0.289
26 37 6.574 4.42
26 38 1.719 2.403
26 39 0.771 7.023
26 40 1.555 2.347
26 41 0.742 1.91
26 42 6.102 0.136
26 43 6.421 0.792
26 44 1.576 1.782
26 45 1.571 0.346
26 46 5.777 0.853
26 47 1.723 13.946
26 48 6.763 6.765
26 49 6.771 1.963
27 28 1.799 16.544
27 29 3.531 14.92
27 30 3.208 12.661
27 31 1.027 11.794
27 32 1.044 11.326
27 33 2.804 13.595
27 34 4.433 15.755
27 35 6.568 15.29
27 36 6.239 13.125
27 37 3.04 10.56
27 38 1.796 13.513
27 39 5.359 15.683
27 40 0.666 10.517
27 41 0.772 12.083
27 42 3.428 13.591
27 43 0.508 11.543
27 44 4.622 10.035
27 45 0.588 13.597
27 46 7.042 16.665
27 47 3.215 12.776
27 48 2.831 13.518
27 49 1.043 14.702
28 29 5.242 1.717
28 30 2.992 0.358
28 31 5.643 5.975
28 32 2.909 4.891
28 33 3.046 3.858
28 34 5.872 1.272
28 35 0.712 5.645
28 36 2.059 6.221
28 37 6.151 6.624
28 38 3.943 4.028
28 39 0.105 4.022
28 40 3.449 2.012
28 41 0.561 6.812
28 42 5.698 2.579
28 43 6.447 5.084
28 44 3.824 0.871
28 45 0.629 1.375
28 46 2.363 1.081
28 47 2.103 12.808
28 48 6.811 6.341
28 49 1.89 4.98
29 30 0.372 2.044
29 31 3.994 5.483
29 32 2.681 1.399
29 33 1.842 6.171
29 34 1.059 3.186
29 35 6.683 3.921
29 36 3.446 0.452
29 37 0.321 5.48
29 38 2.031 3.488
29 39 0.109 5.114
29 40 5.782 3.977
29 41 1.803 1.005
29 42 2.376 5.65
29 43 1.841 5.164
29 44 5.127 3.419
29 45 5.016 3.36
29 46 1.841 0.565
29 47 1.734 10.434
29 48 5.649 4.019
29 49 3.293 5.403
30 31 3.862 6.666
30 32 6.933 1.268
30 33 1.923 0.424
30 34 3.538 6.573
30 35 7.981 0.973
30 36 6.894 6.608
30 37 3.717 0.653
30 38 3.33 3.517
30 39 5.808 1.714
30 40 6.883 5.918
30 41 5.304 4.425
30 42 4.175 4.988
30 43 5.535 0.208
30 44 4.848 4.398
30 45 1.344 5.702
30 46 3.735 2.075
30 47 5.674 10.273
30 48 6.379 5.213
30 49 0.488 3.684
31 32 3.287 3.483
31 33 0.813 5.41
31 34 0.487 1.727
31 35 1.777 6.571
31 36 6.304 4.184
31 37 4.32 2.219
31 38 5.77 0.012
31 39 0.338 4.41
31 40 5.189 6.781
31 41 17.283 1.565
31 42 6.316 1.969
31 43 6.456 4.544
31 44 2.849 5.262
31 45 3.532 0.559
31 46 3.508 0.29
31 47 0.163 14.604
31 48 5.03 5.825
31 49 6.04 5.798
32 33 6.907 0.123
32 34 5.578 6.552
32 35 1.784 5.714
32 36 4.132 0.207
32 37 6.756 2.603
32 38 5.135 6.086
32 39 1.445 5.952
32 40 3.818 5.557
32 41 0.508 5.44
32 42 6.432 5.194
32 43 4.755 1.631
32 44 0.855 6.585
32 45 3.637 4.434
32 46 4.044 2.08
32 47 4.628 11.794
32 48 5.649 5.431
32 49 1.92 4.886
33 34 0.452 5.139
33 35 2.463 2.851
33 36 3.404 5.885
33 37 5.815 3.286
33 38 6.285 2.897
33 39 0.931 4.89
33 40 4.975 4.846
33 41 4.934 6.623
33 42 5.958 3.994
33 43 5.172 0.644
33 44 5.466 2.772
33 45 2.532 3.659
33 46 1.476 4.272
33 47 1.632 4.778
33 48 4.648 4.54
33 49 0.211 6.877
34 35 0.424 2.768
34 36 2.351 4.815
34 37 1.818 1.112
34 38 4.909 0.049
34 39 2.191 5.675
34 40 5.639 4.545
34 41 4.26 2.706
34 42 2.286 2.769
34 43 5.888 0.119
34 44 5.885 2.904
34 45 3.133 1.612
34 46 1.128 1.464
34 47 0.001 1.602
34 48 4.662 2.251
34 49 1.2 6.725
35 36 4.337 3.398
35 37 6.416 1.159
35 38 6.119 5.77
35 39 3.254 4.788
35 40 0.527 0.548
35 41 3.283 0.437
35 42 6.788 6.165
35 43 1.749 5.037
35 44 3.97 3.975
35 45 1.878 6.285
35 46 5.044 0.107
35 47 1.69 10.557
35 48 2.524 6.176
35 49 5.683 4.392
36 37 0.529 1.355
36 38 2.152 6.528
36 39 3.943 2.894
36 40 9.382 0.104
36 41 1.526 0.182
36 42 0.622 4.626
36 43 2.273 0.403
36 44 5.025 3.945
36 45 3.993 3.101
36 46 2.558 6.534
36 47 1.103 13.105
36 48 6.566 2.055
36 49 3.936 1.192
37 38 6.358 0.644
37 39 12.381 0.723
37 40 0.292 2.948
37 41 3.957 4.755
37 42 4.323 0.923
37 43 3.391 5.88
37 44 1.482 0.374
37 45 6.988 2.693
37 46 2.341 0.58
37 47 5.283 16.625
37 48 0.033 0.908
37 49 6.752 0.123
38 39 5.331 6.852
38 40 6.612 2.117
38 41 2.265 1.635
38 42 6.017 6.365
38 43 5.041 2.237
38 44 3.168 7.037
38 45 6.897 6.991
38 46 1.744 0.048
38 47 6.213 16.227
38 48 6.919 4.187
38 49 0.041 5.85
39 40 3.671 6.073
39 41 3.396 0.477
39 42 6.472 0.232
39 43 3.855 3.859
39 44 9.232 0.232
39 45 1.378 3.106
39 46 3.108 0.333
39 47 7.013 12.661
39 48 4.815 1.351
39 49 4.554 3.717
40 41 3.188 5.906
40 42 3.23 6.9
40 43 3.825 6.268
40 44 4.517 4.05
40 45 1.473 0.676
40 46 2.161 4.746
40 47 2.183 10.195
40 48 5.743 0.893
40 49 6.345 3.405
41 42 1.622 4.313
41 43 5.778 1.082
41 44 4.452 0.769
41 45 2.654 5.008
41 46 3.149 5.604
41 47 2.516 5.406
41 48 1.147 6.655
41 49 4.612 6.207
42 43 2.341 1.572
42 44 11.234 0.998
42 45 6.022 6.264
42 46 3.179 5.43
42 47 3.092 11.904
42 48 2.024 4.423
42 49 0.687 6.014
43 44 2.11 3.663
43 45 2.076 6.373
43 46 3.19 6.302
43 47 2.752 5.461
43 48 3.708 0.514
43 49 1.736 6.391
44 45 5.623 4.305
44 46 0.721 6.643
44 47 6.136 14.56
44 48 1.851 5.026
44 49 4.409 0.925
45 46 4.541 3.084
45 47 0.856 11.259
45 48 23.410 0.968
45 49 14.380 1.866
46 47 2.878 1.252
46 48 6.096 7.029
46 49 1.497 6.311
47 48 2.485 9.306
47 49 5.486 14.547
48 49 7.493 0.862
