50
36
0 1 0.21 0.691
0 2 0.108 0.551
0 3 0.791 0.413
0 4 0.44 0.772
0 5 0.277 0.619
0 6 0.496 0.428
0 7 0.103 0.562
0 8 0.329 0.739
0 9 0.401 0.653
0 10 0.228 0.786
0 11 0.271 0.75
0 12 0.461 0.666
0 13 0.495 0.526
0 14 0.183 0.447
0 15 0.301 0.438
0 16 0.135 0.71
0 17 0.104 0.694
0 18 0.425 0.756
0 19 0.275 0.611
0 20 0.702 0.451
0 21 0.349 0.782
0 22 0.136 0.4
0 23 0.137 0.729
0 24 0.258 0.795
0 25 0.324 0.648
0 26 0.195 0.688
0 27 0.171 0.632
0 28 0.349 0.455
0 29 0.219 0.528
0 30 0.336 0.588
0 31 0.449 0.425
0 32 0.297 0.764
0 33 0.429 0.403
0 34 0.297 0.424
0 35 0.47 0.784
0 36 0.21 0.632
0 37 0.379 0.712
0 38 0.23 0.712
0 39 0.44 0.567
0 40 0.422 0.49
0 41 0.414 0.502
0 42 0.413 0.66
0 43 0.444 0.289
0 44 0.252 0.466
0 45 0.79 0.424
0 46 0.261 0.698
0 47 0.112 0.667
0 48 0.421 0.717
0 49 0.309 0.486
1 2 0.638 0.335
1 3 0.214 0.771
1 4 0.398 0.449
1 5 0.407 0.507
1 6 0.309 0.56
1 7 0.218 0.507
1 8 0.323 0.601
1 9 0.367 0.402
1 10 0.44 0.184
1 11 0.224 0.446
1 12 0.149 0.554
1 13 0.688 0.474
1 14 0.127 0.407
1 15 0.35 0.672
1 16 0.46 0.423
1 17 0.427 0.504
1 18 0.242 0.787
1 19 0.109 0.763
1 20 0.139 0.738
1 21 0.421 0.552
1 22 0.12 0.46
1 23 0.294 0.744
1 24 0.452 0.519
1 25 0.441 0.724
1 26 0.454 0.403
1 27 0.423 0.444
1 28 0.221 0.67
1 29 0.289 0.603
1 30 0.136 0.562
1 31 0.33 0.444
1 32 0.327 0.459
1 33 0.23 0.799
1 34 0.151 0.642
1 35 0.289 0.642
1 36 0.165 0.551
1 37 0.148 0.771
1 38 0.455 0.767
1 39 0.106 0.432
1 40 0.247 0.669
1 41 0.136 0.639
1 42 0.134 0.755
1 43 0.207 0.532
1 44 0.121 0.697
1 45 0.35 0.54
1 46 0.589 0.377
1 47 0.244 0.448
1 48 0.147 0.732
1 49 0.148 0.55
2 3 0.181 0.643
2 4 0.45 0.431
2 5 0.42 0.479
2 6 0.181 0.65
2 7 0.458 0.584
2 8 0.459 0.754
2 9 0.471 0.438
2 10 0.798 0.467
2 11 0.106 0.406
2 12 0.113 0.555
2 13 0.758 0.172
2 14 0.426 0.535
2 15 0.236 0.626
2 16 0.205 0.673
2 17 0.349 0.567
2 18 0.192 0.529
2 19 0.338 0.483
2 20 0.36 0.53
2 21 0.318 0.406
2 22 0.234 0.637
2 23 0.159 0.573
2 24 0.432 0.595
2 25 0.398 0.595
2 26 0.398 0.785
2 27 0.187 0.683
2 28 0.277 0.499
2 29 0.452 0.631
2 30 0.334 0.733
2 31 0.173 0.498
2 32 0.139 0.623
2 33 0.298 0.724
2 34 0.222 0.657
2 35 0.275 0.464
2 36 0.392 0.499
2 37 0.204 0.553
2 38 0.413 0.747
2 39 0.188 0.538
2 40 0.355 0.412
2 41 0.278 0.58
2 42 0.47 0.622
2 43 0.144 0.547
2 44 0.309 0.59
2 45 0.259 0.52
2 46 0.458 0.131
2 47 0.389 0.664
2 48 0.425 0.43
2 49 0.222 0.48
3 4 0.436 0.63
3 5 0.344 0.413
3 6 0.337 0.655
3 7 0.32 0.591
3 8 0.399 0.548
3 9 0.165 0.738
3 10 0.213 0.775
3 11 0.389 0.593
3 12 0.32 0.526
3 13 0.437 0.758
3 14 0.439 0.435
3 15 0.398 0.54
3 16 0.467 0.691
3 17 0.468 0.782
3 18 0.385 0.488
3 19 0.275 0.656
3 20 0.598 0.256
3 21 0.252 0.676
3 22 0.135 0.536
3 23 0.421 0.571
3 24 0.215 0.745
3 25 0.438 0.643
3 26 0.363 0.695
3 27 0.285 0.495
3 28 0.223 0.499
3 29 0.345 0.485
3 30 0.226 0.488
3 31 0.233 0.688
3 32 0.455 0.601
3 33 0.39 0.47
3 34 0.154 0.745
3 35 0.382 0.686
3 36 0.198 0.435
3 37 0.432 0.526
3 38 0.177 0.597
3 39 0.296 0.647
3 40 0.487 0.444
3 41 0.113 0.466
3 42 0.494 0.742
3 43 0.522 0.364
3 44 0.43 0.562
3 45 0.41 0.363
3 46 0.265 0.751
3 47 0.343 0.788
3 48 0.29 0.475
3 49 0.257 0.788
4 5 0.413 0.75
4 6 0.407 0.714
4 7 0.289 0.595
4 8 0.405 0.45
4 9 0.245 0.656
4 10 0.467 0.75
4 11 0.471 0.753
4 12 0.359 0.46
4 13 0.362 0.497
4 14 0.268 0.449
4 15 0.181 0.63
4 16 0.509 0.342
4 17 0.637 0.343
4 18 0.285 0.606
4 19 0.475 0.744
4 20 0.18 0.543
4 21 0.379 0.411
4 22 0.107 0.721
4 23 0.412 0.209
4 24 0.264 0.779
4 25 0.285 0.776
4 26 0.174 0.607
4 27 0.44 0.563
4 28 0.586 0.136
4 29 0.177 0.59
4 30 0.497 0.537
4 31 0.234 0.512
4 32 0.173 0.655
4 33 0.134 0.648
4 34 0.31 0.791
4 35 0.406 0.495
4 36 0.476 0.592
4 37 0.301 0.474
4 38 0.258 0.631
4 39 0.305 0.545
4 40 0.187 0.651
4 41 0.144 0.495
4 42 0.143 0.78
4 43 0.401 0.457
4 44 0.37 0.717
4 45 0.478 0.738
4 46 0.459 0.538
4 47 0.473 0.532
4 48 0.248 0.689
4 49 0.333 0.626
5 6 0.225 0.488
5 7 0.271 0.661
5 8 0.121 0.56
5 9 0.203 0.72
5 10 0.251 0.549
5 11 0.447 0.739
5 12 0.451 0.666
5 13 0.154 0.796
5 14 0.449 0.451
5 15 0.136 0.535
5 16 0.165 0.618
5 17 0.313 0.627
5 18 0.736 0.262
5 19 0.616 0.172
5 20 0.279 0.763
5 21 0.383 0.432
5 22 0.198 0.662
5 23 0.392 0.782
5 24 0.316 0.544
5 25 0.25 0.418
5 26 0.116 0.562
5 27 0.169 0.462
5 28 0.245 0.404
5 29 0.14 0.591
5 30 0.128 0.683
5 31 0.414 0.621
5 32 0.296 0.611
5 33 0.296 0.412
5 34 0.251 0.584
5 35 0.112 0.401
5 36 0.36 0.724
5 37 0.219 0.625
5 38 0.258 0.757
5 39 0.398 0.402
5 40 0.752 0.437
5 41 0.196 0.556
5 42 0.419 0.766
5 43 0.368 0.453
5 44 0.499 0.589
5 45 0.37 0.632
5 46 0.224 0.771
5 47 0.207 0.59
5 48 0.258 0.401
5 49 0.413 0.592
6 7 0.25 0.758
6 8 0.11 0.726
6 9 0.339 0.555
6 10 0.403 0.575
6 11 0.344 0.472
6 12 0.48 0.553
6 13 0.284 0.603
6 14 0.429 0.476
6 15 0.736 0.344
6 16 0.16 0.424
6 17 0.232 0.598
6 18 0.23 0.718
6 19 0.33 0.678
6 20 0.164 0.473
6 21 0.27 0.773
6 22 0.179 0.658
6 23 0.189 0.441
6 24 0.497 0.449
6 25 0.251 0.79
6 26 0.487 0.619
6 27 0.194 0.602
6 28 0.246 0.759
6 29 0.147 0.451
6 30 0.416 0.468
6 31 0.19 0.729
6 32 0.356 0.695
6 33 0.421 0.303
6 34 0.199 0.49
6 35 0.334 0.708
6 36 0.23 0.704
6 37 0.168 0.765
6 38 0.51 0.453
6 39 0.324 0.426
6 40 0.323 0.784
6 41 0.448 0.566
6 42 0.623 0.134
6 43 0.469 0.421
6 44 0.451 0.609
6 45 0.108 0.498
6 46 0.172 0.62
6 47 0.316 0.506
6 48 0.334 0.516
6 49 0.112 0.537
7 8 0.566 0.256
7 9 0.161 0.575
7 10 0.406 0.479
7 11 0.104 0.609
7 12 0.255 0.516
7 13 0.142 0.529
7 14 0.372 0.743
7 15 0.353 0.403
7 16 0.379 0.629
7 17 0.262 0.775
7 18 0.33 0.45
7 19 0.396 0.703
7 20 0.291 0.431
7 21 0.372 0.475
7 22 0.225 0.503
7 23 0.18 0.51
7 24 0.408 0.414
7 25 0.308 0.452
7 26 0.257 0.475
7 27 0.754 0.192
7 28 0.322 0.516
7 29 0.296 0.473
7 30 0.438 0.678
7 31 0.65 0.393
7 32 0.286 0.597
7 33 0.298 0.503
7 34 0.262 0.567
7 35 0.166 0.687
7 36 0.275 0.538
7 37 0.349 0.737
7 38 0.159 0.645
7 39 0.103 0.578
7 40 0.184 0.607
7 41 0.676 0.499
7 42 0.477 0.627
7 43 0.219 0.757
7 44 0.348 0.48
7 45 0.136 0.487
7 46 0.373 0.663
7 47 0.442 0.626
7 48 0.124 0.457
7 49 0.285 0.655
8 9 0.492 0.676
8 10 0.158 0.492
8 11 0.419 0.69
8 12 0.217 0.604
8 13 0.192 0.591
8 14 0.128 0.761
8 15 0.271 0.681
8 16 0.441 0.735
8 17 0.401 0.798
8 18 0.294 0.741
8 19 0.133 0.785
8 20 0.41 0.405
8 21 0.414 0.492
8 22 0.342 0.571
8 23 0.484 0.548
8 24 0.478 0.431
8 25 0.491 0.571
8 26 0.188 0.753
8 27 0.476 0.122
8 28 0.347 0.749
8 29 0.264 0.413
8 30 0.39 0.506
8 31 0.682 0.403
8 32 0.408 0.517
8 33 0.186 0.709
8 34 0.183 0.454
8 35 0.356 0.793
8 36 0.214 0.589
8 37 0.494 0.578
8 38 0.241 0.598
8 39 0.212 0.622
8 40 0.445 0.742
8 41 0.567 0.227
8 42 0.403 0.658
8 43 0.424 0.787
8 44 0.165 0.446
8 45 0.107 0.752
8 46 0.209 0.756
8 47 0.483 0.603
8 48 0.139 0.735
8 49 0.109 0.404
9 10 0.262 0.752
9 11 0.441 0.783
9 12 0.325 0.73
9 13 0.191 0.724
9 14 0.385 0.401
9 15 0.324 0.733
9 16 0.442 0.699
9 17 0.497 0.454
9 18 0.15 0.574
9 19 0.129 0.548
9 20 0.268 0.543
9 21 0.397 0.584
9 22 0.124 0.481
9 23 0.469 0.513
9 24 0.376 0.642
9 25 0.427 0.724
9 26 0.43 0.33
9 27 0.489 0.702
9 28 0.155 0.598
9 29 0.466 0.741
9 30 0.42 0.567
9 31 0.278 0.402
9 32 0.288 0.764
9 33 0.46 0.593
9 34 0.37 0.484
9 35 0.311 0.559
9 36 0.776 0.104
9 37 0.426 0.637
9 38 0.483 0.709
9 39 0.509 0.124
9 40 0.258 0.495
9 41 0.157 0.469
9 42 0.175 0.406
9 43 0.332 0.579
9 44 0.291 0.626
9 45 0.162 0.716
9 46 0.499 0.599
9 47 0.215 0.634
9 48 0.418 0.255
9 49 0.216 0.711
10 11 0.18 0.597
10 12 0.42 0.591
10 13 0.634 0.121
10 14 0.179 0.74
10 15 0.492 0.532
10 16 0.439 0.697
10 17 0.224 0.576
10 18 0.113 0.519
10 19 0.276 0.683
10 20 0.309 0.461
10 21 0.243 0.589
10 22 0.495 0.646
10 23 0.491 0.621
10 24 0.264 0.536
10 25 0.229 0.473
10 26 0.426 0.621
10 27 0.275 0.558
10 28 0.491 0.64
10 29 0.115 0.553
10 30 0.387 0.431
10 31 0.497 0.72
10 32 0.33 0.788
10 33 0.126 0.712
10 34 0.147 0.482
10 35 0.401 0.667
10 36 0.421 0.624
10 37 0.155 0.549
10 38 0.454 0.437
10 39 0.281 0.796
10 40 0.241 0.553
10 41 0.12 0.608
10 42 0.233 0.458
10 43 0.163 0.449
10 44 0.131 0.623
10 45 0.368 0.602
10 46 0.799 0.37
10 47 0.239 0.578
10 48 0.224 0.696
10 49 0.441 0.478
11 12 0.211 0.524
11 13 0.308 0.402
11 14 0.15 0.507
11 15 0.189 0.762
11 16 0.281 0.684
11 17 0.462 0.458
11 18 0.199 0.546
11 19 0.386 0.6
11 20 0.477 0.771
11 21 0.298 0.442
11 22 0.157 0.491
11 23 0.127 0.51
11 24 0.474 0.639
11 25 0.223 0.464
11 26 0.259 0.737
11 27 0.301 0.541
11 28 0.487 0.515
11 29 0.313 0.655
11 30 0.79 0.405
11 31 0.221 0.436
11 32 0.237 0.548
11 33 0.16 0.566
11 34 0.342 0.653
11 35 0.632 0.356
11 36 0.184 0.653
11 37 0.489 0.477
11 38 0.271 0.467
11 39 0.464 0.581
11 40 0.407 0.502
11 41 0.341 0.473
11 42 0.36 0.764
11 43 0.358 0.435
11 44 0.123 0.467
11 45 0.251 0.641
11 46 0.107 0.62
11 47 0.792 0.131
11 48 0.322 0.478
11 49 0.471 0.483
12 13 0.454 0.754
12 14 0.432 0.587
12 15 0.128 0.468
12 16 0.117 0.43
12 17 0.109 0.465
12 18 0.215 0.703
12 19 0.151 0.512
12 20 0.296 0.443
12 21 0.697 0.43
12 22 0.499 0.735
12 23 0.251 0.79
12 24 0.285 0.424
12 25 0.455 0.235
12 26 0.22 0.764
12 27 0.257 0.413
12 28 0.109 0.607
12 29 0.436 0.411
12 30 0.396 0.554
12 31 0.135 0.741
12 32 0.442 0.482
12 33 0.116 0.712
12 34 0.79 0.42
12 35 0.373 0.402
12 36 0.488 0.676
12 37 0.223 0.77
12 38 0.151 0.741
12 39 0.227 0.639
12 40 0.308 0.523
12 41 0.12 0.522
12 42 0.357 0.44
12 43 0.425 0.498
12 44 0.208 0.474
12 45 0.247 0.744
12 46 0.488 0.461
12 47 0.213 0.689
12 48 0.409 0.79
12 49 0.369 0.611
13 14 0.37 0.588
13 15 0.443 0.606
13 16 0.227 0.776
13 17 0.114 0.627
13 18 0.289 0.454
13 19 0.409 0.5
13 20 0.342 0.426
13 21 0.141 0.444
13 22 0.402 0.7
13 23 0.231 0.737
13 24 0.185 0.719
13 25 0.488 0.589
13 26 0.422 0.741
13 27 0.163 0.444
13 28 0.244 0.617
13 29 0.281 0.586
13 30 0.371 0.786
13 31 0.491 0.451
13 32 0.314 0.671
13 33 0.452 0.662
13 34 0.101 0.777
13 35 0.319 0.512
13 36 0.217 0.645
13 37 0.198 0.589
13 38 0.433 0.439
13 39 0.418 0.772
13 40 0.101 0.76
13 41 0.241 0.421
13 42 0.476 0.479
13 43 0.468 0.461
13 44 0.27 0.675
13 45 0.232 0.52
13 46 0.478 0.14
13 47 0.314 0.505
13 48 0.214 0.476
13 49 0.293 0.514
14 15 0.196 0.765
14 16 0.255 0.782
14 17 0.452 0.767
14 18 0.457 0.151
14 19 0.782 0.161
14 20 0.222 0.568
14 21 0.426 0.462
14 22 0.204 0.68
14 23 0.466 0.718
14 24 0.283 0.587
14 25 0.277 0.738
14 26 0.443 0.629
14 27 0.104 0.706
14 28 0.28 0.452
14 29 0.453 0.657
14 30 0.347 0.439
14 31 0.432 0.615
14 32 0.334 0.75
14 33 0.137 0.489
14 34 0.405 0.582
14 35 0.147 0.799
14 36 0.165 0.782
14 37 0.239 0.716
14 38 0.19 0.505
14 39 0.388 0.598
14 40 0.635 0.337
14 41 0.165 0.745
14 42 0.325 0.51
14 43 0.171 0.556
14 44 0.269 0.419
14 45 0.387 0.631
14 46 0.476 0.495
14 47 0.424 0.499
14 48 0.442 0.534
14 49 0.233 0.545
15 16 0.246 0.455
15 17 0.425 0.769
15 18 0.116 0.443
15 19 0.249 0.594
15 20 0.148 0.68
15 21 0.333 0.734
15 22 0.308 0.671
15 23 0.162 0.614
15 24 0.284 0.611
15 25 0.142 0.713
15 26 0.114 0.523
15 27 0.452 0.729
15 28 0.138 0.58
15 29 0.477 0.578
15 30 0.483 0.503
15 31 0.41 0.726
15 32 0.186 0.614
15 33 0.77 0.218
15 34 0.398 0.607
15 35 0.175 0.764
15 36 0.207 0.516
15 37 0.246 0.415
15 38 0.769 0.369
15 39 0.467 0.551
15 40 0.467 0.767
15 41 0.481 0.747
15 42 0.427 0.48
15 43 0.1 0.597
15 44 0.352 0.723
15 45 0.242 0.684
15 46 0.172 0.45
15 47 0.186 0.697
15 48 0.323 0.65
15 49 0.318 0.662
16 17 0.741 0.332
16 18 0.387 0.422
16 19 0.197 0.723
16 20 0.158 0.7
16 21 0.391 0.444
16 22 0.499 0.408
16 23 0.67 0.208
16 24 0.279 0.419
16 25 0.121 0.631
16 26 0.421 0.704
16 27 0.327 0.696
16 28 0.426 0.169
16 29 0.192 0.777
16 30 0.31 0.49
16 31 0.37 0.501
16 32 0.148 0.587
16 33 0.393 0.672
16 34 0.242 0.633
16 35 0.411 0.72
16 36 0.458 0.479
16 37 0.373 0.445
16 38 0.354 0.683
16 39 0.301 0.79
16 40 0.353 0.519
16 41 0.421 0.555
16 42 0.496 0.706
16 43 0.4 0.412
16 44 0.271 0.498
16 45 0.185 0.654
16 46 0.349 0.55
16 47 0.374 0.46
16 48 0.474 0.795
16 49 0.24 0.767
17 18 0.342 0.759
17 19 0.427 0.58
17 20 0.179 0.506
17 21 0.411 0.462
17 22 0.348 0.702
17 23 0.617 0.447
17 24 0.301 0.651
17 25 0.12 0.721
17 26 0.364 0.49
17 27 0.364 0.79
17 28 0.71 0.428
17 29 0.453 0.534
17 30 0.493 0.648
17 31 0.418 0.583
17 32 0.309 0.707
17 33 0.181 0.407
17 34 0.205 0.738
17 35 0.305 0.53
17 36 0.109 0.779
17 37 0.38 0.43
17 38 0.296 0.639
17 39 0.322 0.54
17 40 0.383 0.793
17 41 0.122 0.541
17 42 0.448 0.613
17 43 0.201 0.794
17 44 0.412 0.664
17 45 0.245 0.664
17 46 0.405 0.723
17 47 0.3 0.45
17 48 0.478 0.414
17 49 0.119 0.58
18 19 0.524 0.365
18 20 0.33 0.608
18 21 0.126 0.679
18 22 0.147 0.489
18 23 0.355 0.696
18 24 0.366 0.75
18 25 0.4 0.534
18 26 0.449 0.429
18 27 0.143 0.47
18 28 0.104 0.659
18 29 0.374 0.639
18 30 0.493 0.724
18 31 0.228 0.735
18 32 0.188 0.436
18 33 0.365 0.604
18 34 0.126 0.41
18 35 0.427 0.757
18 36 0.153 0.554
18 37 0.43 0.788
18 38 0.47 0.713
18 39 0.135 0.464
18 40 0.635 0.315
18 41 0.492 0.609
18 42 0.448 0.66
18 43 0.137 0.686
18 44 0.408 0.718
18 45 0.422 0.553
18 46 0.182 0.643
18 47 0.399 0.558
18 48 0.344 0.473
18 49 0.228 0.633
19 20 0.384 0.711
19 21 0.481 0.626
19 22 0.145 0.48
19 23 0.307 0.419
19 24 0.194 0.543
19 25 0.269 0.448
19 26 0.159 0.674
19 27 0.457 0.448
19 28 0.105 0.685
19 29 0.186 0.6
19 30 0.102 0.799
19 31 0.468 0.623
19 32 0.35 0.586
19 33 0.35 0.404
19 34 0.317 0.643
19 35 0.342 0.548
19 36 0.367 0.577
19 37 0.112 0.491
19 38 0.414 0.43
19 39 0.363 0.448
19 40 0.503 0.48
19 41 0.106 0.61
19 42 0.128 0.675
19 43 0.307 0.772
19 44 0.106 0.646
19 45 0.354 0.457
19 46 0.458 0.652
19 47 0.481 0.649
19 48 0.133 0.657
19 49 0.318 0.448
20 21 0.133 0.414
20 22 0.279 0.523
20 23 0.394 0.717
20 24 0.486 0.505
20 25 0.389 0.674
20 26 0.477 0.585
20 27 0.156 0.549
20 28 0.35 0.783
20 29 0.164 0.708
20 30 0.137 0.518
20 31 0.263 0.523
20 32 0.421 0.731
20 33 0.242 0.653
20 34 0.116 0.611
20 35 0.27 0.495
20 36 0.374 0.484
20 37 0.236 0.657
20 38 0.194 0.647
20 39 0.412 0.485
20 40 0.183 0.446
20 41 0.467 0.446
20 42 0.25 0.625
20 43 0.784 0.436
20 44 0.236 0.621
20 45 0.481 0.226
20 46 0.242 0.433
20 47 0.482 0.798
20 48 0.285 0.605
20 49 0.228 0.665
21 22 0.49 0.795
21 23 0.246 0.534
21 24 0.481 0.721
21 25 0.779 0.207
21 26 0.281 0.451
21 27 0.359 0.617
21 28 0.436 0.795
21 29 0.181 0.594
21 30 0.104 0.467
21 31 0.453 0.437
21 32 0.714 0.313
21 33 0.328 0.569
21 34 0.51 0.14
21 35 0.238 0.516
21 36 0.145 0.585
21 37 0.119 0.631
21 38 0.135 0.536
21 39 0.193 0.476
21 40 0.473 0.716
21 41 0.481 0.434
21 42 0.308 0.763
21 43 0.109 0.632
21 44 0.441 0.547
21 45 0.396 0.742
21 46 0.154 0.652
21 47 0.349 0.535
21 48 0.194 0.469
21 49 0.213 0.553
22 23 0.454 0.779
22 24 0.498 0.499
22 25 0.327 0.764
22 26 0.438 0.412
22 27 0.157 0.711
22 28 0.257 0.45
22 29 0.646 0.292
22 30 0.296 0.577
22 31 0.47 0.488
22 32 0.241 0.759
22 33 0.307 0.776
22 34 0.452 0.495
22 35 0.372 0.469
22 36 0.478 0.742
22 37 0.637 0.162
22 38 0.476 0.736
22 39 0.359 0.634
22 40 0.204 0.644
22 41 0.167 0.405
22 42 0.137 0.601
22 43 0.402 0.654
22 44 0.401 0.344
22 45 0.21 0.714
22 46 0.256 0.679
22 47 0.2 0.676
22 48 0.328 0.662
22 49 0.208 0.615
23 24 0.436 0.548
23 25 0.385 0.64
23 26 0.396 0.666
23 27 0.215 0.667
23 28 0.7 0.413
23 29 0.268 0.466
23 30 0.327 0.673
23 31 0.321 0.476
23 32 0.393 0.752
23 33 0.163 0.771
23 34 0.402 0.656
23 35 0.432 0.666
23 36 0.127 0.695
23 37 0.327 0.464
23 38 0.319 0.665
23 39 0.195 0.613
23 40 0.278 0.61
23 41 0.399 0.558
23 42 0.316 0.543
23 43 0.488 0.746
23 44 0.221 0.477
23 45 0.19 0.414
23 46 0.411 0.745
23 47 0.31 0.576
23 48 0.339 0.796
23 49 0.43 0.537
24 25 0.184 0.525
24 26 0.298 0.778
24 27 0.233 0.416
24 28 0.482 0.741
24 29 0.445 0.324
24 30 0.168 0.59
24 31 0.131 0.792
24 32 0.385 0.527
24 33 0.355 0.541
24 34 0.471 0.705
24 35 0.252 0.545
24 36 0.151 0.752
24 37 0.687 0.316
24 38 0.213 0.549
24 39 0.383 0.405
24 40 0.475 0.685
24 41 0.404 0.722
24 42 0.444 0.722
24 43 0.209 0.592
24 44 0.709 0.303
24 45 0.117 0.564
24 46 0.478 0.54
24 47 0.118 0.675
24 48 0.161 0.764
24 49 0.228 0.598
25 26 0.324 0.496
25 27 0.204 0.709
25 28 0.163 0.69
25 29 0.206 0.566
25 30 0.405 0.497
25 31 0.178 0.507
25 32 0.434 0.433
25 33 0.108 0.406
25 34 0.412 0.468
25 35 0.107 0.681
25 36 0.426 0.621
25 37 0.396 0.614
25 38 0.217 0.614
25 39 0.172 0.402
25 40 0.221 0.476
25 41 0.123 0.731
25 42 0.473 0.727
25 43 0.388 0.434
25 44 0.313 0.415
25 45 0.487 0.753
25 46 0.297 0.602
25 47 0.332 0.732
25 48 0.13 0.734
25 49 0.189 0.467
26 27 0.265 0.662
26 28 0.379 0.614
26 29 0.405 0.476
26 30 0.487 0.546
26 31 0.242 0.644
26 32 0.474 0.616
26 33 0.445 0.744
26 34 0.44 0.426
26 35 0.153 0.545
26 36 0.684 0.329
26 37 0.152 0.679
26 38 0.241 0.676
26 39 0.551 0.398
26 40 0.266 0.647
26 41 0.476 0.69
26 42 0.261 0.702
26 43 0.433 0.693
26 44 0.432 0.491
26 45 0.474 0.593
26 46 0.408 0.696
26 47 0.411 0.423
26 48 0.798 0.398
26 49 0.302 0.557
27 28 0.259 0.478
27 29 0.278 0.506
27 30 0.298 0.721
27 31 0.513 0.479
27 32 0.268 0.554
27 33 0.154 0.789
27 34 0.137 0.534
27 35 0.351 0.716
27 36 0.475 0.507
27 37 0.152 0.503
27 38 0.223 0.521
27 39 0.162 0.678
27 40 0.284 0.628
27 41 0.405 0.336
27 42 0.307 0.675
27 43 0.204 0.474
27 44 0.362 0.48
27 45 0.142 0.706
27 46 0.178 0.729
27 47 0.132 0.541
27 48 0.15 0.752
27 49 0.18 0.433
28 29 0.369 0.423
28 30 0.256 0.547
28 31 0.456 0.744
28 32 0.209 0.717
28 33 0.457 0.705
28 34 0.349 0.613
28 35 0.287 0.636
28 36 0.259 0.773
28 37 0.347 0.746
28 38 0.384 0.627
28 39 0.249 0.58
28 40 0.299 0.722
28 41 0.125 0.511
28 42 0.313 0.756
28 43 0.117 0.45
28 44 0.292 0.699
28 45 0.388 0.682
28 46 0.176 0.621
28 47 0.301 0.54
28 48 0.103 0.474
28 49 0.354 0.437
29 30 0.435 0.764
29 31 0.302 0.43
29 32 0.253 0.668
29 33 0.221 0.61
29 34 0.273 0.771
29 35 0.308 0.415
29 36 0.136 0.525
29 37 0.576 0.379
29 38 0.454 0.552
29 39 0.112 0.784
29 40 0.433 0.665
29 41 0.431 0.571
29 42 0.112 0.726
29 43 0.132 0.485
29 44 0.681 0.127
29 45 0.371 0.781
29 46 0.202 0.555
29 47 0.33 0.609
29 48 0.382 0.479
29 49 0.168 0.418
30 31 0.43 0.403
30 32 0.287 0.432
30 33 0.189 0.471
30 34 0.253 0.592
30 35 0.577 0.353
30 36 0.171 0.652
30 37 0.261 0.752
30 38 0.498 0.448
30 39 0.426 0.551
30 40 0.449 0.648
30 41 0.348 0.525
30 42 0.406 0.588
30 43 0.123 0.675
30 44 0.3 0.645
30 45 0.259 0.428
30 46 0.34 0.741
30 47 0.607 0.142
30 48 0.194 0.675
30 49 0.665 0.415
31 32 0.342 0.494
31 33 0.218 0.667
31 34 0.128 0.685
31 35 0.475 0.63
31 36 0.392 0.64
31 37 0.158 0.573
31 38 0.236 0.418
31 39 0.454 0.721
31 40 0.203 0.417
31 41 0.794 0.158
31 42 0.296 0.426
31 43 0.375 0.64
31 44 0.153 0.73
31 45 0.215 0.782
31 46 0.22 0.769
31 47 0.375 0.617
31 48 0.294 0.518
31 49 0.45 0.469
32 33 0.111 0.427
32 34 0.417 0.429
32 35 0.395 0.629
32 36 0.218 0.506
32 37 0.387 0.643
32 38 0.467 0.563
32 39 0.275 0.437
32 40 0.379 0.661
32 41 0.328 0.552
32 42 0.238 0.467
32 43 0.117 0.409
32 44 0.263 0.783
32 45 0.125 0.44
32 46 0.428 0.521
32 47 0.313 0.563
32 48 0.346 0.553
32 49 0.202 0.586
33 34 0.292 0.642
33 35 0.338 0.477
33 36 0.244 0.417
33 37 0.352 0.516
33 38 0.49 0.316
33 39 0.168 0.63
33 40 0.213 0.722
33 41 0.243 0.614
33 42 0.559 0.275
33 43 0.29 0.497
33 44 0.236 0.433
33 45 0.332 0.692
33 46 0.341 0.674
33 47 0.11 0.424
33 48 0.468 0.65
33 49 0.491 0.587
34 35 0.206 0.585
34 36 0.124 0.74
34 37 0.241 0.588
34 38 0.204 0.741
34 39 0.271 0.524
34 40 0.468 0.632
34 41 0.26 0.787
34 42 0.399 0.436
34 43 0.344 0.571
34 44 0.306 0.721
34 45 0.352 0.447
34 46 0.419 0.685
34 47 0.309 0.499
34 48 0.177 0.656
34 49 0.449 0.753
35 36 0.333 0.479
35 37 0.15 0.665
35 38 0.476 0.615
35 39 0.379 0.671
35 40 0.137 0.622
35 41 0.274 0.599
35 42 0.199 0.421
35 43 0.103 0.522
35 44 0.341 0.422
35 45 0.252 0.746
35 46 0.196 0.568
35 47 0.41 0.186
35 48 0.162 0.588
35 49 0.587 0.351
36 37 0.194 0.668
36 38 0.127 0.709
36 39 0.68 0.238
36 40 0.308 0.733
36 41 0.22 0.638
36 42 0.171 0.467
36 43 0.227 0.744
36 44 0.153 0.758
36 45 0.219 0.547
36 46 0.424 0.43
36 47 0.494 0.624
36 48 0.607 0.104
36 49 0.479 0.621
37 38 0.332 0.677
37 39 0.496 0.451
37 40 0.119 0.524
37 41 0.459 0.454
37 42 0.316 0.604
37 43 0.3 0.619
37 44 0.533 0.353
37 45 0.382 0.563
37 46 0.12 0.633
37 47 0.16 0.478
37 48 0.331 0.782
37 49 0.264 0.531
38 39 0.211 0.689
38 40 0.406 0.491
38 41 0.123 0.747
38 42 0.464 0.334
38 43 0.395 0.588
38 44 0.126 0.71
38 45 0.189 0.44
38 46 0.487 0.793
38 47 0.414 0.408
38 48 0.277 0.429
38 49 0.347 0.655
39 40 0.498 0.733
39 41 0.44 0.547
39 42 0.317 0.522
39 43 0.13 0.52
39 44 0.201 0.431
39 45 0.388 0.437
39 46 0.247 0.501
39 47 0.284 0.764
39 48 0.461 0.473
39 49 0.44 0.599
40 41 0.233 0.793
40 42 0.437 0.738
40 43 0.377 0.42
40 44 0.49 0.719
40 45 0.496 0.528
40 46 0.432 0.744
40 47 0.232 0.706
40 48 0.342 0.753
40 49 0.316 0.659
41 42 0.181 0.634
41 43 0.43 0.555
41 44 0.301 0.698
41 45 0.363 0.427
41 46 0.207 0.746
41 47 0.308 0.736
41 48 0.408 0.62
41 49 0.23 0.489
42 43 0.16 0.784
42 44 0.164 0.497
42 45 0.343 0.593
42 46 0.408 0.497
42 47 0.114 0.751
42 48 0.497 0.427
42 49 0.137 0.411
43 44 0.263 0.738
43 45 0.754 0.343
43 46 0.166 0.404
43 47 0.177 0.616
43 48 0.23 0.535
43 49 0.256 0.71
44 45 0.222 0.647
44 46 0.499 0.642
44 47 0.405 0.702
44 48 0.317 0.504
44 49 0.353 0.46
45 46 0.27 0.606
45 47 0.295 0.454
45 48 0.349 0.621
45 49 0.402 0.425
46 47 0.257 0.676
46 48 0.215 0.729
46 49 0.415 0.439
47 48 0.496 0.456
47 49 0.505 0.456
48 49 0.122 0.626