50
99
0 1 0.003 0.003
0 2 0.006 0.006
0 3 0.01 0.01
0 4 0.013 0.013
0 5 0.016 0.016
0 6 0.019 0.019
0 7 0.023 0.023
0 8 0.026 0.026
0 9 0.029 0.029
0 10 0.032 0.032
0 11 0.036 0.036
0 12 0.039 0.039
0 13 0.042 0.042
0 14 0.045 0.045
0 15 0.048 0.048
0 16 0.052 0.052
0 17 0.055 0.055
0 18 0.058 0.058
0 19 0.061 0.061
0 20 0.065 0.065
0 21 0.068 0.068
0 22 0.071 0.071
0 23 0.074 0.074
0 24 0.078 0.078
0 25 0.081 0.081
0 26 0.084 0.084
0 27 0.087 0.087
0 28 0.091 0.091
0 29 0.094 0.094
0 30 0.097 0.097
0 31 0.1 0.1
0 32 0.103 0.103
0 33 0.107 0.107
0 34 0.11 0.11
0 35 0.113 0.113
0 36 0.116 0.116
0 37 0.12 0.12
0 38 0.123 0.123
0 39 0.126 0.126
0 40 0.129 0.129
0 41 0.133 0.133
0 42 0.136 0.136
0 43 0.139 0.139
0 44 0.142 0.142
0 45 0.145 0.145
0 46 0.149 0.149
0 47 0.152 0.152
0 48 0.155 0.155
0 49 0.158 0.158
1 2 0.162 0.162
1 3 0.165 0.165
1 4 0.168 0.168
1 5 0.171 0.171
1 6 0.175 0.175
1 7 0.178 0.178
1 8 0.181 0.181
1 9 0.184 0.184
1 10 0.187 0.187
1 11 0.191 0.191
1 12 0.194 0.194
1 13 0.197 0.197
1 14 0.2 0.2
1 15 0.204 0.204
1 16 0.207 0.207
1 17 0.21 0.21
1 18 0.213 0.213
1 19 0.217 0.217
1 20 0.22 0.22
1 21 0.223 0.223
1 22 0.226 0.226
1 23 0.23 0.23
1 24 0.233 0.233
1 25 0.236 0.236
1 26 0.239 0.239
1 27 0.242 0.242
1 28 0.246 0.246
1 29 0.249 0.249
1 30 0.252 0.252
1 31 0.255 0.255
1 32 0.259 0.259
1 33 0.262 0.262
1 34 0.265 0.265
1 35 0.268 0.268
1 36 0.272 0.272
1 37 0.275 0.275
1 38 0.278 0.278
1 39 0.281 0.281
1 40 0.284 0.284
1 41 0.288 0.288
1 42 0.291 0.291
1 43 0.294 0.294
1 44 0.297 0.297
1 45 0.301 0.301
1 46 0.304 0.304
1 47 0.307 0.307
1 48 0.31 0.31
1 49 0.314 0.314
2 3 0.317 0.317
2 4 0.32 0.32
2 5 0.323 0.323
2 6 0.326 0.326
2 7 0.33 0.33
2 8 0.333 0.333
2 9 0.336 0.336
2 10 0.339 0.339
2 11 0.343 0.343
2 12 0.346 0.346
2 13 0.349 0.349
2 14 0.352 0.352
2 15 0.356 0.356
2 16 0.359 0.359
2 17 0.362 0.362
2 18 0.365 0.365
2 19 0.369 0.369
2 20 0.372 0.372
2 21 0.375 0.375
2 22 0.378 0.378
2 23 0.381 0.381
2 24 0.385 0.385
2 25 0.388 0.388
2 26 0.391 0.391
2 27 0.394 0.394
2 28 0.398 0.398
2 29 0.401 0.401
2 30 0.404 0.404
2 31 0.407 0.407
2 32 0.411 0.411
2 33 0.414 0.414
2 34 0.417 0.417
2 35 0.42 0.42
2 36 0.423 0.423
2 37 0.427 0.427
2 38 0.43 0.43
2 39 0.433 0.433
2 40 0.436 0.436
2 41 0.44 0.44
2 42 0.443 0.443
2 43 0.446 0.446
2 44 0.449 0.449
2 45 0.453 0.453
2 46 0.456 0.456
2 47 0.459 0.459
2 48 0.462 0.462
2 49 0.466 0.466
3 4 0.469 0.469
3 5 0.472 0.472
3 6 0.475 0.475
3 7 0.478 0.478
3 8 0.482 0.482
3 9 0.485 0.485
3 10 0.488 0.488
3 11 0.491 0.491
3 12 0.495 0.495
3 13 0.498 0.498
3 14 0.501 0.501
3 15 0.504 0.504
3 16 0.508 0.508
3 17 0.511 0.511
3 18 0.514 0.514
3 19 0.517 0.517
3 20 0.52 0.52
3 21 0.524 0.524
3 22 0.527 0.527
3 23 0.53 0.53
3 24 0.533 0.533
3 25 0.537 0.537
3 26 0.54 0.54
3 27 0.543 0.543
3 28 0.546 0.546
3 29 0.55 0.55
3 30 0.553 0.553
3 31 0.556 0.556
3 32 0.559 0.559
3 33 0.562 0.562
3 34 0.566 0.566
3 35 0.569 0.569
3 36 0.572 0.572
3 37 0.575 0.575
3 38 0.579 0.579
3 39 0.582 0.582
3 40 0.585 0.585
3 41 0.588 0.588
3 42 0.592 0.592
3 43 0.595 0.595
3 44 0.598 0.598
3 45 0.601 0.601
3 46 0.605 0.605
3 47 0.608 0.608
3 48 0.611 0.611
3 49 0.614 0.614
4 5 0.617 0.617
4 6 0.621 0.621
4 7 0.624 0.624
4 8 0.627 0.627
4 9 0.63 0.63
4 10 0.634 0.634
4 11 0.637 0.637
4 12 0.64 0.64
4 13 0.643 0.643
4 14 0.647 0.647
4 15 0.65 0.65
4 16 0.653 0.653
4 17 0.656 0.656
4 18 0.659 0.659
4 19 0.663 0.663
4 20 0.666 0.666
4 21 0.669 0.669
4 22 0.672 0.672
4 23 0.676 0.676
4 24 0.679 0.679
4 25 0.682 0.682
4 26 0.685 0.685
4 27 0.689 0.689
4 28 0.692 0.692
4 29 0.695 0.695
4 30 0.698 0.698
4 31 0.701 0.701
4 32 0.705 0.705
4 33 0.708 0.708
4 34 0.711 0.711
4 35 0.714 0.714
4 36 0.718 0.718
4 37 0.721 0.721
4 38 0.724 0.724
4 39 0.727 0.727
4 40 0.731 0.731
4 41 0.734 0.734
4 42 0.737 0.737
4 43 0.74 0.74
4 44 0.744 0.744
4 45 0.747 0.747
4 46 0.75 0.75
4 47 0.753 0.753
4 48 0.756 0.756
4 49 0.76 0.76
5 6 0.763 0.763
5 7 0.766 0.766
5 8 0.769 0.769
5 9 0.773 0.773
5 10 0.776 0.776
5 11 0.779 0.779
5 12 0.782 0.782
5 13 0.786 0.786
5 14 0.789 0.789
5 15 0.792 0.792
5 16 0.795 0.795
5 17 0.798 0.798
5 18 0.802 0.802
5 19 0.805 0.805
5 20 0.808 0.808
5 21 0.811 0.811
5 22 0.815 0.815
5 23 0.818 0.818
5 24 0.821 0.821
5 25 0.824 0.824
5 26 0.828 0.828
5 27 0.831 0.831
5 28 0.834 0.834
5 29 0.837 0.837
5 30 0.84 0.84
5 31 0.844 0.844
5 32 0.847 0.847
5 33 0.85 0.85
5 34 0.853 0.853
5 35 0.857 0.857
5 36 0.86 0.86
5 37 0.863 0.863
5 38 0.866 0.866
5 39 0.87 0.87
5 40 0.873 0.873
5 41 0.876 0.876
5 42 0.879 0.879
5 43 0.883 0.883
5 44 0.886 0.886
5 45 0.889 0.889
5 46 0.892 0.892
5 47 0.895 0.895
5 48 0.899 0.899
5 49 0.902 0.902
6 7 0.905 0.905
6 8 0.908 0.908
6 9 0.912 0.912
6 10 0.915 0.915
6 11 0.918 0.918
6 12 0.921 0.921
6 13 0.925 0.925
6 14 0.928 0.928
6 15 0.931 0.931
6 16 0.934 0.934
6 17 0.937 0.937
6 18 0.941 0.941
6 19 0.944 0.944
6 20 0.947 0.947
6 21 0.95 0.95
6 22 0.954 0.954
6 23 0.957 0.957
6 24 0.96 0.96
6 25 0.963 0.963
6 26 0.967 0.967
6 27 0.97 0.97
6 28 0.973 0.973
6 29 0.976 0.976
6 30 0.979 0.979
6 31 0.983 0.983
6 32 0.986 0.986
6 33 0.989 0.989
6 34 0.992 0.992
6 35 0.996 0.996
6 36 0.999 0.999
6 37 1.002 1.002
6 38 1.005 1.005
6 39 1.009 1.009
6 40 1.012 1.012
6 41 1.015 1.015
6 42 1.018 1.018
6 43 1.022 1.022
6 44 1.025 1.025
6 45 1.028 1.028
6 46 1.031 1.031
6 47 1.034 1.034
6 48 1.038 1.038
6 49 1.041 1.041
7 8 1.044 1.044
7 9 1.047 1.047
7 10 1.051 1.051
7 11 1.054 1.054
7 12 1.057 1.057
7 13 1.06 1.06
7 14 1.064 1.064
7 15 1.067 1.067
7 16 1.07 1.07
7 17 1.073 1.073
7 18 1.076 1.076
7 19 1.08 1.08
7 20 1.083 1.083
7 21 1.086 1.086
7 22 1.089 1.089
7 23 1.093 1.093
7 24 1.096 1.096
7 25 1.099 1.099
7 26 1.102 1.102
7 27 1.106 1.106
7 28 1.109 1.109
7 29 1.112 1.112
7 30 1.115 1.115
7 31 1.118 1.118
7 32 1.122 1.122
7 33 1.125 1.125
7 34 1.128 1.128
7 35 1.131 1.131
7 36 1.135 1.135
7 37 1.138 1.138
7 38 1.141 1.141
7 39 1.144 1.144
7 40 1.148 1.148
7 41 1.151 1.151
7 42 1.154 1.154
7 43 1.157 1.157
7 44 1.161 1.161
7 45 1.164 1.164
7 46 1.167 1.167
7 47 1.17 1.17
7 48 1.173 1.173
7 49 1.177 1.177
8 9 1.18 1.18
8 10 1.183 1.183
8 11 1.186 1.186
8 12 1.19 1.19
8 13 1.193 1.193
8 14 1.196 1.196
8 15 1.199 1.199
8 16 1.203 1.203
8 17 1.206 1.206
8 18 1.209 1.209
8 19 1.212 1.212
8 20 1.215 1.215
8 21 1.219 1.219
8 22 1.222 1.222
8 23 1.225 1.225
8 24 1.228 1.228
8 25 1.232 1.232
8 26 1.235 1.235
8 27 1.238 1.238
8 28 1.241 1.241
8 29 1.245 1.245
8 30 1.248 1.248
8 31 1.251 1.251
8 32 1.254 1.254
8 33 1.258 1.258
8 34 1.261 1.261
8 35 1.264 1.264
8 36 1.267 1.267
8 37 1.27 1.27
8 38 1.274 1.274
8 39 1.277 1.277
8 40 1.28 1.28
8 41 1.283 1.283
8 42 1.287 1.287
8 43 1.29 1.29
8 44 1.293 1.293
8 45 1.296 1.296
8 46 1.3 1.3
8 47 1.303 1.303
8 48 1.306 1.306
8 49 1.309 1.309
9 10 1.312 1.312
9 11 1.316 1.316
9 12 1.319 1.319
9 13 1.322 1.322
9 14 1.325 1.325
9 15 1.329 1.329
9 16 1.332 1.332
9 17 1.335 1.335
9 18 1.338 1.338
9 19 1.342 1.342
9 20 1.345 1.345
9 21 1.348 1.348
9 22 1.351 1.351
9 23 1.354 1.354
9 24 1.358 1.358
9 25 1.361 1.361
9 26 1.364 1.364
9 27 1.367 1.367
9 28 1.371 1.371
9 29 1.374 1.374
9 30 1.377 1.377
9 31 1.38 1.38
9 32 1.384 1.384
9 33 1.387 1.387
9 34 1.39 1.39
9 35 1.393 1.393
9 36 1.397 1.397
9 37 1.4 1.4
9 38 1.403 1.403
9 39 1.406 1.406
9 40 1.409 1.409
9 41 1.413 1.413
9 42 1.416 1.416
9 43 1.419 1.419
9 44 1.422 1.422
9 45 1.426 1.426
9 46 1.429 1.429
9 47 1.432 1.432
9 48 1.435 1.435
9 49 1.439 1.439
10 11 1.442 1.442
10 12 1.445 1.445
10 13 1.448 1.448
10 14 1.451 1.451
10 15 1.455 1.455
10 16 1.458 1.458
10 17 1.461 1.461
10 18 1.464 1.464
10 19 1.468 1.468
10 20 1.471 1.471
10 21 1.474 1.474
10 22 1.477 1.477
10 23 1.481 1.481
10 24 1.484 1.484
10 25 1.487 1.487
10 26 1.49 1.49
10 27 1.493 1.493
10 28 1.497 1.497
10 29 1.5 1.5
10 30 1.503 1.503
10 31 1.506 1.506
10 32 1.51 1.51
10 33 1.513 1.513
10 34 1.516 1.516
10 35 1.519 1.519
10 36 1.523 1.523
10 37 1.526 1.526
10 38 1.529 1.529
10 39 1.532 1.532
10 40 1.536 1.536
10 41 1.539 1.539
10 42 1.542 1.542
10 43 1.545 1.545
10 44 1.548 1.548
10 45 1.552 1.552
10 46 1.555 1.555
10 47 1.558 1.558
10 48 1.561 1.561
10 49 1.565 1.565
11 12 1.568 1.568
11 13 1.571 1.571
11 14 1.574 1.574
11 15 1.578 1.578
11 16 1.581 1.581
11 17 1.584 1.584
11 18 1.587 1.587
11 19 1.59 1.59
11 20 1.594 1.594
11 21 1.597 1.597
11 22 1.6 1.6
11 23 1.603 1.603
11 24 1.607 1.607
11 25 1.61 1.61
11 26 1.613 1.613
11 27 1.616 1.616
11 28 1.62 1.62
11 29 1.623 1.623
11 30 1.626 1.626
11 31 1.629 1.629
11 32 1.632 1.632
11 33 1.636 1.636
11 34 1.639 1.639
11 35 1.642 1.642
11 36 1.645 1.645
11 37 1.649 1.649
11 38 1.652 1.652
11 39 1.655 1.655
11 40 1.658 1.658
11 41 1.662 1.662
11 42 1.665 1.665
11 43 1.668 1.668
11 44 1.671 1.671
11 45 1.675 1.675
11 46 1.678 1.678
11 47 1.681 1.681
11 48 1.684 1.684
11 49 1.687 1.687
12 13 1.691 1.691
12 14 1.694 1.694
12 15 1.697 1.697
12 16 1.7 1.7
12 17 1.704 1.704
12 18 1.707 1.707
12 19 1.71 1.71
12 20 1.713 1.713
12 21 1.717 1.717
12 22 1.72 1.72
12 23 1.723 1.723
12 24 1.726 1.726
12 25 1.729 1.729
12 26 1.733 1.733
12 27 1.736 1.736
12 28 1.739 1.739
12 29 1.742 1.742
12 30 1.746 1.746
12 31 1.749 1.749
12 32 1.752 1.752
12 33 1.755 1.755
12 34 1.759 1.759
12 35 1.762 1.762
12 36 1.765 1.765
12 37 1.768 1.768
12 38 1.771 1.771
12 39 1.775 1.775
12 40 1.778 1.778
12 41 1.781 1.781
12 42 1.784 1.784
12 43 1.788 1.788
12 44 1.791 1.791
12 45 1.794 1.794
12 46 1.797 1.797
12 47 1.801 1.801
12 48 1.804 1.804
12 49 1.807 1.807
13 14 1.81 1.81
13 15 1.814 1.814
13 16 1.817 1.817
13 17 1.82 1.82
13 18 1.823 1.823
13 19 1.826 1.826
13 20 1.83 1.83
13 21 1.833 1.833
13 22 1.836 1.836
13 23 1.839 1.839
13 24 1.843 1.843
13 25 1.846 1.846
13 26 1.849 1.849
13 27 1.852 1.852
13 28 1.856 1.856
13 29 1.859 1.859
13 30 1.862 1.862
13 31 1.865 1.865
13 32 1.868 1.868
13 33 1.872 1.872
13 34 1.875 1.875
13 35 1.878 1.878
13 36 1.881 1.881
13 37 1.885 1.885
13 38 1.888 1.888
13 39 1.891 1.891
13 40 1.894 1.894
13 41 1.898 1.898
13 42 1.901 1.901
13 43 1.904 1.904
13 44 1.907 1.907
13 45 1.91 1.91
13 46 1.914 1.914
13 47 1.917 1.917
13 48 1.92 1.92
13 49 1.923 1.923
14 15 1.927 1.927
14 16 1.93 1.93
14 17 1.933 1.933
14 18 1.936 1.936
14 19 1.94 1.94
14 20 1.943 1.943
14 21 1.946 1.946
14 22 1.949 1.949
14 23 1.953 1.953
14 24 1.956 1.956
14 25 1.959 1.959
14 26 1.962 1.962
14 27 1.965 1.965
14 28 1.969 1.969
14 29 1.972 1.972
14 30 1.975 1.975
14 31 1.978 1.978
14 32 1.982 1.982
14 33 1.985 1.985
14 34 1.988 1.988
14 35 1.991 1.991
14 36 1.995 1.995
14 37 1.998 1.998
14 38 2.001 2.001
14 39 2.004 2.004
14 40 2.007 2.007
14 41 2.011 2.011
14 42 2.014 2.014
14 43 2.017 2.017
14 44 2.02 2.02
14 45 2.024 2.024
14 46 2.027 2.027
14 47 2.03 2.03
14 48 2.033 2.033
14 49 2.037 2.037
15 16 2.04 2.04
15 17 2.043 2.043
15 18 2.046 2.046
15 19 2.05 2.05
15 20 2.053 2.053
15 21 2.056 2.056
15 22 2.059 2.059
15 23 2.062 2.062
15 24 2.066 2.066
15 25 2.069 2.069
15 26 2.072 2.072
15 27 2.075 2.075
15 28 2.079 2.079
15 29 2.082 2.082
15 30 2.085 2.085
15 31 2.088 2.088
15 32 2.092 2.092
15 33 2.095 2.095
15 34 2.098 2.098
15 35 2.101 2.101
15 36 2.104 2.104
15 37 2.108 2.108
15 38 2.111 2.111
15 39 2.114 2.114
15 40 2.117 2.117
15 41 2.121 2.121
15 42 2.124 2.124
15 43 2.127 2.127
15 44 2.13 2.13
15 45 2.134 2.134
15 46 2.137 2.137
15 47 2.14 2.14
15 48 2.143 2.143
15 49 2.146 2.146
16 17 2.15 2.15
16 18 2.153 2.153
16 19 2.156 2.156
16 20 2.159 2.159
16 21 2.163 2.163
16 22 2.166 2.166
16 23 2.169 2.169
16 24 2.172 2.172
16 25 2.176 2.176
16 26 2.179 2.179
16 27 2.182 2.182
16 28 2.185 2.185
16 29 2.189 2.189
16 30 2.192 2.192
16 31 2.195 2.195
16 32 2.198 2.198
16 33 2.201 2.201
16 34 2.205 2.205
16 35 2.208 2.208
16 36 2.211 2.211
16 37 2.214 2.214
16 38 2.218 2.218
16 39 2.221 2.221
16 40 2.224 2.224
16 41 2.227 2.227
16 42 2.231 2.231
16 43 2.234 2.234
16 44 2.237 2.237
16 45 2.24 2.24
16 46 2.243 2.243
16 47 2.247 2.247
16 48 2.25 2.25
16 49 2.253 2.253
17 18 2.256 2.256
17 19 2.26 2.26
17 20 2.263 2.263
17 21 2.266 2.266
17 22 2.269 2.269
17 23 2.273 2.273
17 24 2.276 2.276
17 25 2.279 2.279
17 26 2.282 2.282
17 27 2.285 2.285
17 28 2.289 2.289
17 29 2.292 2.292
17 30 2.295 2.295
17 31 2.298 2.298
17 32 2.302 2.302
17 33 2.305 2.305
17 34 2.308 2.308
17 35 2.311 2.311
17 36 2.315 2.315
17 37 2.318 2.318
17 38 2.321 2.321
17 39 2.324 2.324
17 40 2.328 2.328
17 41 2.331 2.331
17 42 2.334 2.334
17 43 2.337 2.337
17 44 2.34 2.34
17 45 2.344 2.344
17 46 2.347 2.347
17 47 2.35 2.35
17 48 2.353 2.353
17 49 2.357 2.357
18 19 2.36 2.36
18 20 2.363 2.363
18 21 2.366 2.366
18 22 2.37 2.37
18 23 2.373 2.373
18 24 2.376 2.376
18 25 2.379 2.379
18 26 2.382 2.382
18 27 2.386 2.386
18 28 2.389 2.389
18 29 2.392 2.392
18 30 2.395 2.395
18 31 2.399 2.399
18 32 2.402 2.402
18 33 2.405 2.405
18 34 2.408 2.408
18 35 2.412 2.412
18 36 2.415 2.415
18 37 2.418 2.418
18 38 2.421 2.421
18 39 2.424 2.424
18 40 2.428 2.428
18 41 2.431 2.431
18 42 2.434 2.434
18 43 2.437 2.437
18 44 2.441 2.441
18 45 2.444 2.444
18 46 2.447 2.447
18 47 2.45 2.45
18 48 2.454 2.454
18 49 2.457 2.457
19 20 2.46 2.46
19 21 2.463 2.463
19 22 2.467 2.467
19 23 2.47 2.47
19 24 2.473 2.473
19 25 2.476 2.476
19 26 2.479 2.479
19 27 2.483 2.483
19 28 2.486 2.486
19 29 2.489 2.489
19 30 2.492 2.492
19 31 2.496 2.496
19 32 2.499 2.499
19 33 2.502 2.502
19 34 2.505 2.505
19 35 2.509 2.509
19 36 2.512 2.512
19 37 2.515 2.515
19 38 2.518 2.518
19 39 2.521 2.521
19 40 2.525 2.525
19 41 2.528 2.528
19 42 2.531 2.531
19 43 2.534 2.534
19 44 2.538 2.538
19 45 2.541 2.541
19 46 2.544 2.544
19 47 2.547 2.547
19 48 2.551 2.551
19 49 2.554 2.554
20 21 2.557 2.557
20 22 2.56 2.56
20 23 2.563 2.563
20 24 2.567 2.567
20 25 2.57 2.57
20 26 2.573 2.573
20 27 2.576 2.576
20 28 2.58 2.58
20 29 2.583 2.583
20 30 2.586 2.586
20 31 2.589 2.589
20 32 2.593 2.593
20 33 2.596 2.596
20 34 2.599 2.599
20 35 2.602 2.602
20 36 2.606 2.606
20 37 2.609 2.609
20 38 2.612 2.612
20 39 2.615 2.615
20 40 2.618 2.618
20 41 2.622 2.622
20 42 2.625 2.625
20 43 2.628 2.628
20 44 2.631 2.631
20 45 2.635 2.635
20 46 2.638 2.638
20 47 2.641 2.641
20 48 2.644 2.644
20 49 2.648 2.648
21 22 2.651 2.651
21 23 2.654 2.654
21 24 2.657 2.657
21 25 2.66 2.66
21 26 2.664 2.664
21 27 2.667 2.667
21 28 2.67 2.67
21 29 2.673 2.673
21 30 2.677 2.677
21 31 2.68 2.68
21 32 2.683 2.683
21 33 2.686 2.686
21 34 2.69 2.69
21 35 2.693 2.693
21 36 2.696 2.696
21 37 2.699 2.699
21 38 2.702 2.702
21 39 2.706 2.706
21 40 2.709 2.709
21 41 2.712 2.712
21 42 2.715 2.715
21 43 2.719 2.719
21 44 2.722 2.722
21 45 2.725 2.725
21 46 2.728 2.728
21 47 2.732 2.732
21 48 2.735 2.735
21 49 2.738 2.738
22 23 2.741 2.741
22 24 2.745 2.745
22 25 2.748 2.748
22 26 2.751 2.751
22 27 2.754 2.754
22 28 2.757 2.757
22 29 2.761 2.761
22 30 2.764 2.764
22 31 2.767 2.767
22 32 2.77 2.77
22 33 2.774 2.774
22 34 2.777 2.777
22 35 2.78 2.78
22 36 2.783 2.783
22 37 2.787 2.787
22 38 2.79 2.79
22 39 2.793 2.793
22 40 2.796 2.796
22 41 2.799 2.799
22 42 2.803 2.803
22 43 2.806 2.806
22 44 2.809 2.809
22 45 2.812 2.812
22 46 2.816 2.816
22 47 2.819 2.819
22 48 2.822 2.822
22 49 2.825 2.825
23 24 2.829 2.829
23 25 2.832 2.832
23 26 2.835 2.835
23 27 2.838 2.838
23 28 2.842 2.842
23 29 2.845 2.845
23 30 2.848 2.848
23 31 2.851 2.851
23 32 2.854 2.854
23 33 2.858 2.858
23 34 2.861 2.861
23 35 2.864 2.864
23 36 2.867 2.867
23 37 2.871 2.871
23 38 2.874 2.874
23 39 2.877 2.877
23 40 2.88 2.88
23 41 2.884 2.884
23 42 2.887 2.887
23 43 2.89 2.89
23 44 2.893 2.893
23 45 2.896 2.896
23 46 2.9 2.9
23 47 2.903 2.903
23 48 2.906 2.906
23 49 2.909 2.909
24 25 2.913 2.913
24 26 2.916 2.916
24 27 2.919 2.919
24 28 2.922 2.922
24 29 2.926 2.926
24 30 2.929 2.929
24 31 2.932 2.932
24 32 2.935 2.935
24 33 2.938 2.938
24 34 2.942 2.942
24 35 2.945 2.945
24 36 2.948 2.948
24 37 2.951 2.951
24 38 2.955 2.955
24 39 2.958 2.958
24 40 2.961 2.961
24 41 2.964 2.964
24 42 2.968 2.968
24 43 2.971 2.971
24 44 2.974 2.974
24 45 2.977 2.977
24 46 2.981 2.981
24 47 2.984 2.984
24 48 2.987 2.987
24 49 2.99 2.99
25 26 2.993 2.993
25 27 2.997 2.997
25 28 3.0 3.0
25 29 3.003 3.003
25 30 3.006 3.006
25 31 3.01 3.01
25 32 3.013 3.013
25 33 3.016 3.016
25 34 3.019 3.019
25 35 3.023 3.023
25 36 3.026 3.026
25 37 3.029 3.029
25 38 3.032 3.032
25 39 3.035 3.035
25 40 3.039 3.039
25 41 3.042 3.042
25 42 3.045 3.045
25 43 3.048 3.048
25 44 3.052 3.052
25 45 3.055 3.055
25 46 3.058 3.058
25 47 3.061 3.061
25 48 3.065 3.065
25 49 3.068 3.068
26 27 3.071 3.071
26 28 3.074 3.074
26 29 3.077 3.077
26 30 3.081 3.081
26 31 3.084 3.084
26 32 3.087 3.087
26 33 3.09 3.09
26 34 3.094 3.094
26 35 3.097 3.097
26 36 3.1 3.1
26 37 3.103 3.103
26 38 3.107 3.107
26 39 3.11 3.11
26 40 3.113 3.113
26 41 3.116 3.116
26 42 3.12 3.12
26 43 3.123 3.123
26 44 3.126 3.126
26 45 3.129 3.129
26 46 3.132 3.132
26 47 3.136 3.136
26 48 3.139 3.139
26 49 3.142 3.142
27 28 3.145 3.145
27 29 3.149 3.149
27 30 3.152 3.152
27 31 3.155 3.155
27 32 3.158 3.158
27 33 3.162 3.162
27 34 3.165 3.165
27 35 3.168 3.168
27 36 3.171 3.171
27 37 3.174 3.174
27 38 3.178 3.178
27 39 3.181 3.181
27 40 3.184 3.184
27 41 3.187 3.187
27 42 3.191 3.191
27 43 3.194 3.194
27 44 3.197 3.197
27 45 3.2 3.2
27 46 3.204 3.204
27 47 3.207 3.207
27 48 3.21 3.21
27 49 3.213 3.213
28 29 3.216 3.216
28 30 3.22 3.22
28 31 3.223 3.223
28 32 3.226 3.226
28 33 3.229 3.229
28 34 3.233 3.233
28 35 3.236 3.236
28 36 3.239 3.239
28 37 3.242 3.242
28 38 3.246 3.246
28 39 3.249 3.249
28 40 3.252 3.252
28 41 3.255 3.255
28 42 3.259 3.259
28 43 3.262 3.262
28 44 3.265 3.265
28 45 3.268 3.268
28 46 3.271 3.271
28 47 3.275 3.275
28 48 3.278 3.278
28 49 3.281 3.281
29 30 3.284 3.284
29 31 3.288 3.288
29 32 3.291 3.291
29 33 3.294 3.294
29 34 3.297 3.297
29 35 3.301 3.301
29 36 3.304 3.304
29 37 3.307 3.307
29 38 3.31 3.31
29 39 3.313 3.313
29 40 3.317 3.317
29 41 3.32 3.32
29 42 3.323 3.323
29 43 3.326 3.326
29 44 3.33 3.33
29 45 3.333 3.333
29 46 3.336 3.336
29 47 3.339 3.339
29 48 3.343 3.343
29 49 3.346 3.346
30 31 3.349 3.349
30 32 3.352 3.352
30 33 3.355 3.355
30 34 3.359 3.359
30 35 3.362 3.362
30 36 3.365 3.365
30 37 3.368 3.368
30 38 3.372 3.372
30 39 3.375 3.375
30 40 3.378 3.378
30 41 3.381 3.381
30 42 3.385 3.385
30 43 3.388 3.388
30 44 3.391 3.391
30 45 3.394 3.394
30 46 3.398 3.398
30 47 3.401 3.401
30 48 3.404 3.404
30 49 3.407 3.407
31 32 3.41 3.41
31 33 3.414 3.414
31 34 3.417 3.417
31 35 3.42 3.42
31 36 3.423 3.423
31 37 3.427 3.427
31 38 3.43 3.43
31 39 3.433 3.433
31 40 3.436 3.436
31 41 3.44 3.44
31 42 3.443 3.443
31 43 3.446 3.446
31 44 3.449 3.449
31 45 3.452 3.452
31 46 3.456 3.456
31 47 3.459 3.459
31 48 3.462 3.462
31 49 3.465 3.465
32 33 3.469 3.469
32 34 3.472 3.472
32 35 3.475 3.475
32 36 3.478 3.478
32 37 3.482 3.482
32 38 3.485 3.485
32 39 3.488 3.488
32 40 3.491 3.491
32 41 3.494 3.494
32 42 3.498 3.498
32 43 3.501 3.501
32 44 3.504 3.504
32 45 3.507 3.507
32 46 3.511 3.511
32 47 3.514 3.514
32 48 3.517 3.517
32 49 3.52 3.52
33 34 3.524 3.524
33 35 3.527 3.527
33 36 3.53 3.53
33 37 3.533 3.533
33 38 3.537 3.537
33 39 3.54 3.54
33 40 3.543 3.543
33 41 3.546 3.546
33 42 3.549 3.549
33 43 3.553 3.553
33 44 3.556 3.556
33 45 3.559 3.559
33 46 3.562 3.562
33 47 3.566 3.566
33 48 3.569 3.569
33 49 3.572 3.572
34 35 3.575 3.575
34 36 3.579 3.579
34 37 3.582 3.582
34 38 3.585 3.585
34 39 3.588 3.588
34 40 3.591 3.591
34 41 3.595 3.595
34 42 3.598 3.598
34 43 3.601 3.601
34 44 3.604 3.604
34 45 3.608 3.608
34 46 3.611 3.611
34 47 3.614 3.614
34 48 3.617 3.617
34 49 3.621 3.621
35 36 3.624 3.624
35 37 3.627 3.627
35 38 3.63 3.63
35 39 3.634 3.634
35 40 3.637 3.637
35 41 3.64 3.64
35 42 3.643 3.643
35 43 3.646 3.646
35 44 3.65 3.65
35 45 3.653 3.653
35 46 3.656 3.656
35 47 3.659 3.659
35 48 3.663 3.663
35 49 3.666 3.666
36 37 3.669 3.669
36 38 3.672 3.672
36 39 3.676 3.676
36 40 3.679 3.679
36 41 3.682 3.682
36 42 3.685 3.685
36 43 3.688 3.688
36 44 3.692 3.692
36 45 3.695 3.695
36 46 3.698 3.698
36 47 3.701 3.701
36 48 3.705 3.705
36 49 3.708 3.708
37 38 3.711 3.711
37 39 3.714 3.714
37 40 3.718 3.718
37 41 3.721 3.721
37 42 3.724 3.724
37 43 3.727 3.727
37 44 3.73 3.73
37 45 3.734 3.734
37 46 3.737 3.737
37 47 3.74 3.74
37 48 3.743 3.743
37 49 3.747 3.747
38 39 3.75 3.75
38 40 3.753 3.753
38 41 3.756 3.756
38 42 3.76 3.76
38 43 3.763 3.763
38 44 3.766 3.766
38 45 3.769 3.769
38 46 3.773 3.773
38 47 3.776 3.776
38 48 3.779 3.779
38 49 3.782 3.782
39 40 3.785 3.785
39 41 3.789 3.789
39 42 3.792 3.792
39 43 3.795 3.795
39 44 3.798 3.798
39 45 3.802 3.802
39 46 3.805 3.805
39 47 3.808 3.808
39 48 3.811 3.811
39 49 3.815 3.815
40 41 3.818 3.818
40 42 3.821 3.821
40 43 3.824 3.824
40 44 3.827 3.827
40 45 3.831 3.831
40 46 3.834 3.834
40 47 3.837 3.837
40 48 3.84 3.84
40 49 3.844 3.844
41 42 3.847 3.847
41 43 3.85 3.85
41 44 3.853 3.853
41 45 3.857 3.857
41 46 3.86 3.86
41 47 3.863 3.863
41 48 3.866 3.866
41 49 3.869 3.869
42 43 3.873 3.873
42 44 3.876 3.876
42 45 3.879 3.879
42 46 3.882 3.882
42 47 3.886 3.886
42 48 3.889 3.889
42 49 3.892 3.892
43 44 3.895 3.895
43 45 3.899 3.899
43 46 3.902 3.902
43 47 3.905 3.905
43 48 3.908 3.908
43 49 3.912 3.912
44 45 3.915 3.915
44 46 3.918 3.918
44 47 3.921 3.921
44 48 3.924 3.924
44 49 3.928 3.928
45 46 3.931 3.931
45 47 3.934 3.934
45 48 3.937 3.937
45 49 3.941 3.941
46 47 3.944 3.944
46 48 3.947 3.947
46 49 3.95 3.95
47 48 3.954 3.954
47 49 3.957 3.957
48 49 3.96 3.96