50
84
0 1 43.268 0.225
0 2 22.945 3.756
0 3 87.053 4.907
0 4 54.641 0.809
0 5 45.369 5.681
0 6 81.918 4.999
0 7 84.361 2.318
0 8 59.010 8.668
0 9 46.873 7.161
0 10 28.676 0.125
0 11 29.519 7.592
0 12 66.052 1.589
0 13 47.786 7.744
0 14 73.900 8.828
0 15 13.459 6.153
0 16 59.435 6.073
0 17 61.476 8.691
0 18 96.928 4.361
0 19 69.132 8.716
0 20 79.358 3.826
0 21 28.795 1.069
0 22 44.622 8.628
0 23 36.742 1.184
0 24 61.870 4.146
0 25 17.694 8.102
0 26 75.832 7.392
0 27 98.848 0.777
0 28 37.415 2.949
0 29 73.435 1.607
0 30 32.690 4.162
0 31 15.673 2.382
0 32 29.952 3.961
0 33 86.954 4.064
0 34 63.780 1.973
0 35 6.068 5.714
0 36 65.206 5.929
0 37 47.435 3.502
0 38 55.531 4.267
0 39 42.872 7.482
0 40 51.374 1.787
0 41 24.689 0.379
0 42 99.240 9.691
0 43 94.610 9.385
0 44 44.558 7.853
0 45 66.519 3.750
0 46 30.764 9.675
0 47 45.295 5.570
0 48 96.635 5.186
0 49 58.946 3.279
1 2 50.143 2.849
1 3 60.927 9.606
1 4 45.423 1.516
1 5 54.642 1.467
1 6 48.046 1.940
1 7 26.986 7.179
1 8 27.307 9.735
1 9 51.205 4.745
1 10 65.263 0.492
1 11 76.991 1.090
1 12 27.719 5.581
1 13 92.047 5.045
1 14 86.864 5.491
1 15 77.754 3.007
1 16 31.834 4.428
1 17 25.802 8.225
1 18 34.683 4.346
1 19 87.521 2.258
1 20 60.838 1.150
1 21 39.118 6.904
1 22 53.312 5.905
1 23 3.362 7.855
1 24 91.666 2.952
1 25 21.394 6.870
1 26 41.017 4.736
1 27 4.380 2.493
1 28 5.386 6.399
1 29 84.637 2.766
1 30 10.743 9.045
1 31 20.641 0.465
1 32 22.666 0.426
1 33 64.048 3.145
1 34 19.358 2.018
1 35 10.823 5.275
1 36 84.689 0.938
1 37 84.555 1.624
1 38 66.538 5.212
1 39 34.249 3.647
1 40 58.338 1.436
1 41 84.136 5.008
1 42 85.278 3.307
1 43 77.756 7.945
1 44 66.502 6.482
1 45 56.209 1.481
1 46 85.838 3.770
1 47 54.059 3.166
1 48 38.568 4.604
1 49 86.461 6.747
2 3 92.841 5.722
2 4 2.081 8.618
2 5 58.840 8.475
2 6 39.988 5.273
2 7 12.586 4.398
2 8 89.860 5.850
2 9 78.408 3.523
2 10 17.490 1.538
2 11 8.930 5.670
2 12 49.998 2.031
2 13 74.843 6.584
2 14 25.461 4.608
2 15 21.478 6.620
2 16 28.551 5.022
2 17 18.321 6.763
2 18 24.532 5.149
2 19 3.668 3.106
2 20 11.067 9.623
2 21 7.874 2.367
2 22 96.949 4.823
2 23 1.711 5.856
2 24 41.569 1.603
2 25 55.765 3.433
2 26 67.871 9.568
2 27 11.452 2.478
2 28 68.744 2.631
2 29 54.265 4.610
2 30 58.879 4.343
2 31 20.445 1.376
2 32 44.591 8.350
2 33 94.115 6.497
2 34 74.455 4.396
2 35 76.493 5.437
2 36 61.016 5.865
2 37 78.013 7.323
2 38 64.733 6.332
2 39 66.169 2.933
2 40 58.768 7.618
2 41 93.942 6.826
2 42 2.389 4.379
2 43 10.892 1.477
2 44 93.358 3.449
2 45 2.855 4.480
2 46 1.237 4.113
2 47 86.235 6.994
2 48 63.419 6.289
2 49 35.916 0.980
3 4 99.561 5.010
3 5 34.677 0.606
3 6 83.342 3.124
3 7 69.887 4.608
3 8 52.173 8.447
3 9 40.708 2.625
3 10 82.879 8.198
3 11 66.844 9.979
3 12 38.973 4.917
3 13 69.117 1.839
3 14 51.696 2.487
3 15 42.272 0.354
3 16 61.272 4.333
3 17 73.298 2.115
3 18 97.573 4.096
3 19 47.575 6.747
3 20 58.515 3.079
3 21 35.402 6.300
3 22 55.352 8.638
3 23 6.894 4.404
3 24 8.951 4.525
3 25 34.980 3.973
3 26 12.252 4.009
3 27 28.185 1.849
3 28 12.614 8.443
3 29 25.255 6.965
3 30 32.207 4.303
3 31 74.993 7.459
3 32 38.530 2.403
3 33 30.498 5.791
3 34 24.534 1.468
3 35 61.657 5.606
3 36 14.731 5.452
3 37 13.897 3.719
3 38 18.571 6.796
3 39 46.208 5.101
3 40 71.155 6.616
3 41 86.506 6.271
3 42 20.321 1.583
3 43 39.966 3.822
3 44 21.854 0.549
3 45 38.405 2.814
3 46 88.011 3.745
3 47 45.290 0.593
3 48 56.796 9.183
3 49 40.659 9.893
4 5 39.382 4.164
4 6 14.610 9.624
4 7 64.682 7.250
4 8 93.530 2.026
4 9 69.844 4.193
4 10 17.623 4.616
4 11 43.634 7.843
4 12 80.724 4.298
4 13 97.175 7.334
4 14 89.214 7.444
4 15 91.050 7.956
4 16 90.273 7.783
4 17 77.637 9.652
4 18 60.226 3.379
4 19 55.853 3.598
4 20 59.342 7.925
4 21 88.796 2.117
4 22 98.003 1.532
4 23 77.918 7.095
4 24 74.162 6.943
4 25 87.487 7.624
4 26 51.346 7.988
4 27 10.774 5.179
4 28 72.314 9.823
4 29 32.988 0.625
4 30 19.148 9.065
4 31 31.001 1.248
4 32 20.163 9.787
4 33 28.866 5.920
4 34 97.576 2.144
4 35 10.525 6.799
4 36 50.200 8.578
4 37 18.546 7.649
4 38 56.018 4.202
4 39 44.812 2.884
4 40 58.192 9.084
4 41 10.014 5.820
4 42 86.730 8.050
4 43 5.184 5.353
4 44 77.501 4.365
4 45 43.188 1.112
4 46 69.977 3.208
4 47 1.818 0.505
4 48 20.581 0.668
4 49 96.084 3.450
5 6 13.587 3.279
5 7 33.248 3.080
5 8 41.365 3.556
5 9 44.026 1.616
5 10 3.818 7.358
5 11 59.696 4.744
5 12 68.913 9.378
5 13 82.600 7.922
5 14 34.919 6.619
5 15 99.312 7.596
5 16 67.791 6.728
5 17 3.948 9.436
5 18 39.508 5.312
5 19 34.840 3.439
5 20 61.388 0.894
5 21 40.579 8.149
5 22 80.599 8.512
5 23 41.883 1.003
5 24 53.389 1.370
5 25 93.005 3.269
5 26 49.852 8.647
5 27 56.264 6.902
5 28 56.660 9.733
5 29 7.974 5.961
5 30 58.981 3.541
5 31 66.764 1.664
5 32 22.482 1.527
5 33 78.907 4.435
5 34 22.109 0.483
5 35 86.087 3.238
5 36 30.289 7.340
5 37 37.931 3.332
5 38 30.978 2.417
5 39 55.134 2.788
5 40 7.146 3.901
5 41 20.299 4.795
5 42 63.136 9.856
5 43 97.720 2.699
5 44 24.710 9.092
5 45 28.529 9.027
5 46 33.464 8.989
5 47 69.906 6.140
5 48 34.842 7.788
5 49 43.996 0.449
6 7 78.206 8.035
6 8 68.284 0.395
6 9 29.575 6.992
6 10 83.688 0.456
6 11 26.452 1.123
6 12 1.178 9.830
6 13 70.908 2.477
6 14 84.376 5.184
6 15 66.483 4.161
6 16 72.370 8.995
6 17 67.084 5.684
6 18 7.514 1.620
6 19 52.774 6.719
6 20 94.131 5.202
6 21 9.700 0.056
6 22 9.522 2.990
6 23 90.602 2.367
6 24 7.136 1.512
6 25 93.318 9.895
6 26 72.766 9.808
6 27 61.704 7.089
6 28 97.970 4.356
6 29 94.932 3.326
6 30 81.588 4.172
6 31 61.723 0.753
6 32 49.803 2.091
6 33 29.211 7.789
6 34 31.304 8.320
6 35 63.686 7.904
6 36 56.630 3.315
6 37 31.271 8.189
6 38 57.701 7.552
6 39 53.759 6.534
6 40 98.959 6.192
6 41 60.428 3.194
6 42 89.354 4.965
6 43 33.541 5.191
6 44 7.526 0.615
6 45 2.367 5.297
6 46 53.859 1.251
6 47 44.066 7.017
6 48 0.415 6.821
6 49 82.284 3.456
7 8 33.867 6.505
7 9 77.308 6.466
7 10 13.636 4.573
7 11 79.529 4.106
7 12 5.417 3.981
7 13 69.393 9.854
7 14 98.023 5.943
7 15 28.758 4.768
7 16 99.177 0.319
7 17 2.521 7.284
7 18 25.874 1.870
7 19 74.271 3.307
7 20 26.456 7.673
7 21 99.228 8.933
7 22 37.857 8.180
7 23 72.719 5.460
7 24 71.187 0.833
7 25 73.928 5.154
7 26 47.974 3.438
7 27 95.920 3.221
7 28 69.885 8.272
7 29 1.775 4.040
7 30 30.070 7.679
7 31 27.010 4.438
7 32 29.177 6.734
7 33 35.712 1.994
7 34 44.389 2.935
7 35 33.694 7.252
7 36 48.108 3.598
7 37 25.620 0.407
7 38 54.484 4.383
7 39 22.437 1.764
7 40 42.641 8.896
7 41 37.379 9.127
7 42 24.342 5.418
7 43 45.623 1.665
7 44 96.680 6.716
7 45 12.588 7.219
7 46 17.824 2.831
7 47 11.115 6.799
7 48 55.953 3.565
7 49 84.588 9.386
8 9 6.665 5.979
8 10 97.273 4.500
8 11 98.082 3.180
8 12 22.833 8.734
8 13 10.818 2.916
8 14 21.714 1.509
8 15 78.399 5.228
8 16 9.913 3.723
8 17 51.011 1.260
8 18 16.100 0.882
8 19 58.398 0.130
8 20 4.810 7.518
8 21 58.285 8.970
8 22 75.264 1.131
8 23 41.318 5.796
8 24 67.694 8.556
8 25 62.414 5.519
8 26 50.610 6.780
8 27 27.756 5.298
8 28 21.630 6.973
8 29 31.365 0.002
8 30 40.098 3.855
8 31 42.849 8.146
8 32 98.469 8.297
8 33 95.372 2.879
8 34 9.606 4.725
8 35 78.049 0.250
8 36 27.538 0.078
8 37 81.900 2.653
8 38 19.562 1.635
8 39 41.793 0.557
8 40 29.085 9.724
8 41 85.312 7.790
8 42 75.859 1.174
8 43 50.449 0.389
8 44 63.050 4.201
8 45 83.837 9.435
8 46 95.495 1.863
8 47 48.908 2.969
8 48 59.504 4.192
8 49 74.264 7.016
9 10 26.476 7.038
9 11 26.927 5.164
9 12 50.870 7.380
9 13 59.925 4.220
9 14 48.886 5.847
9 15 9.297 8.612
9 16 4.390 6.686
9 17 16.635 7.582
9 18 14.800 9.305
9 19 2.046 0.937
9 20 98.099 1.165
9 21 48.491 9.378
9 22 45.158 5.983
9 23 54.652 8.655
9 24 94.669 2.976
9 25 8.795 6.897
9 26 59.925 9.510
9 27 25.227 9.908
9 28 71.955 2.750
9 29 99.401 0.838
9 30 60.188 3.809
9 31 8.048 9.220
9 32 84.895 9.109
9 33 7.543 8.872
9 34 38.718 4.026
9 35 86.728 1.055
9 36 4.937 7.520
9 37 65.563 9.271
9 38 9.389 0.013
9 39 70.731 8.427
9 40 61.074 1.282
9 41 91.741 4.376
9 42 7.676 0.494
9 43 25.272 1.278
9 44 77.848 3.865
9 45 32.165 1.244
9 46 72.837 3.481
9 47 60.333 2.836
9 48 73.487 5.664
9 49 35.989 6.895
10 11 51.232 5.036
10 12 92.443 4.714
10 13 8.535 9.547
10 14 18.544 3.862
10 15 29.010 5.209
10 16 92.993 6.307
10 17 51.761 4.700
10 18 18.771 9.017
10 19 31.969 7.512
10 20 45.745 3.839
10 21 38.082 6.480
10 22 23.983 5.083
10 23 45.693 3.133
10 24 72.641 2.762
10 25 35.598 0.808
10 26 12.983 0.006
10 27 68.892 4.542
10 28 88.060 4.906
10 29 43.632 7.946
10 30 18.171 9.586
10 31 82.693 7.586
10 32 32.645 6.281
10 33 58.570 5.594
10 34 63.039 6.413
10 35 17.782 5.968
10 36 34.327 2.359
10 37 35.881 4.235
10 38 34.527 5.476
10 39 50.081 4.206
10 40 41.412 0.296
10 41 86.898 9.772
10 42 9.734 1.842
10 43 26.641 2.863
10 44 28.853 5.273
10 45 10.535 8.943
10 46 71.743 4.615
10 47 16.702 6.404
10 48 50.442 3.368
10 49 64.467 0.198
11 12 38.218 1.534
11 13 40.634 6.381
11 14 22.014 0.863
11 15 32.950 2.665
11 16 30.151 1.055
11 17 28.754 7.625
11 18 21.297 5.038
11 19 82.736 9.468
11 20 60.417 6.244
11 21 62.562 3.379
11 22 98.841 7.770
11 23 95.799 6.222
11 24 20.954 4.280
11 25 96.078 9.705
11 26 78.001 0.780
11 27 66.512 5.553
11 28 67.018 1.492
11 29 95.254 7.938
11 30 32.111 3.436
11 31 73.998 2.633
11 32 13.426 4.620
11 33 96.880 1.767
11 34 12.143 3.484
11 35 29.449 5.208
11 36 83.891 2.033
11 37 57.720 8.582
11 38 23.831 0.611
11 39 3.695 7.043
11 40 80.938 8.742
11 41 45.413 3.611
11 42 8.207 7.700
11 43 34.654 6.151
11 44 48.945 6.862
11 45 76.096 3.776
11 46 75.807 1.691
11 47 78.296 7.840
11 48 80.929 6.691
11 49 30.951 6.283
12 13 31.963 5.571
12 14 53.449 4.139
12 15 68.081 0.495
12 16 95.040 6.629
12 17 65.338 3.352
12 18 10.774 3.404
12 19 90.107 5.521
12 20 89.774 4.870
12 21 46.080 3.349
12 22 87.675 4.954
12 23 85.649 5.083
12 24 26.611 5.202
12 25 50.566 7.157
12 26 21.345 9.161
12 27 34.942 0.136
12 28 81.837 5.816
12 29 92.185 9.251
12 30 36.610 0.370
12 31 19.793 8.468
12 32 82.904 5.210
12 33 82.215 6.481
12 34 11.293 5.225
12 35 22.703 8.907
12 36 86.129 7.138
12 37 84.730 1.902
12 38 83.551 6.660
12 39 69.391 2.000
12 40 58.300 1.900
12 41 35.783 2.950
12 42 71.828 1.012
12 43 68.181 4.512
12 44 76.524 3.364
12 45 35.200 3.055
12 46 86.839 3.424
12 47 80.694 7.263
12 48 68.253 2.291
12 49 21.295 3.596
13 14 96.220 8.871
13 15 0.424 7.892
13 16 6.958 1.340
13 17 90.272 0.181
13 18 23.359 8.220
13 19 28.686 8.079
13 20 34.593 9.934
13 21 12.379 9.776
13 22 94.223 9.973
13 23 42.526 4.228
13 24 90.866 4.484
13 25 41.727 6.981
13 26 31.966 5.122
13 27 50.857 0.786
13 28 75.263 1.462
13 29 47.890 4.351
13 30 25.665 0.533
13 31 4.403 5.123
13 32 98.700 2.107
13 33 73.988 6.520
13 34 71.202 7.147
13 35 41.773 7.344
13 36 78.740 9.532
13 37 42.284 3.317
13 38 53.421 4.518
13 39 19.762 8.176
13 40 20.479 8.587
13 41 39.734 0.619
13 42 13.532 9.848
13 43 39.107 7.129
13 44 33.249 6.506
13 45 55.300 6.323
13 46 32.163 8.469
13 47 33.037 1.397
13 48 91.649 2.709
13 49 47.416 0.670
14 15 16.791 4.056
14 16 58.221 3.353
14 17 55.417 3.517
14 18 73.834 0.088
14 19 86.485 0.967
14 20 94.738 3.909
14 21 82.247 5.870
14 22 19.510 0.509
14 23 24.612 3.245
14 24 21.616 8.702
14 25 18.437 6.250
14 26 47.391 2.276
14 27 37.663 5.223
14 28 49.386 7.097
14 29 70.922 3.425
14 30 14.344 4.146
14 31 52.921 4.161
14 32 12.536 7.226
14 33 28.296 8.930
14 34 88.595 7.226
14 35 73.652 0.046
14 36 47.654 2.795
14 37 55.588 4.790
14 38 3.343 5.440
14 39 4.853 8.147
14 40 81.196 8.498
14 41 9.971 8.680
14 42 52.233 2.261
14 43 32.523 4.195
14 44 4.705 7.984
14 45 30.079 4.987
14 46 68.686 3.353
14 47 68.713 1.451
14 48 76.893 6.301
14 49 99.750 0.906
15 16 25.942 3.655
15 17 73.204 5.115
15 18 89.465 8.674
15 19 4.447 3.365
15 20 90.611 1.695
15 21 20.713 3.636
15 22 35.532 0.638
15 23 11.946 7.970
15 24 99.477 6.972
15 25 20.311 7.324
15 26 45.147 8.347
15 27 29.242 6.030
15 28 12.772 2.345
15 29 10.897 8.616
15 30 58.589 8.338
15 31 54.249 3.094
15 32 44.729 1.086
15 33 59.958 9.568
15 34 89.397 5.059
15 35 49.460 3.855
15 36 72.127 0.788
15 37 20.789 2.400
15 38 99.733 9.140
15 39 88.618 7.957
15 40 47.714 7.963
15 41 47.881 6.258
15 42 93.491 1.530
15 43 31.572 4.633
15 44 91.909 5.263
15 45 61.425 0.826
15 46 22.721 2.069
15 47 44.780 5.183
15 48 37.897 4.093
15 49 33.703 6.419
16 17 31.627 8.357
16 18 64.221 1.655
16 19 27.979 0.583
16 20 57.567 9.272
16 21 77.666 7.618
16 22 37.575 1.344
16 23 86.440 7.130
16 24 99.154 2.415
16 25 50.952 8.081
16 26 47.390 7.454
16 27 76.322 3.179
16 28 67.406 6.753
16 29 67.985 3.614
16 30 25.647 6.121
16 31 54.062 7.316
16 32 76.997 6.406
16 33 92.586 7.663
16 34 61.434 7.184
16 35 99.300 4.938
16 36 18.077 8.927
16 37 33.687 4.354
16 38 76.793 5.159
16 39 85.806 3.654
16 40 13.467 9.197
16 41 61.924 7.507
16 42 66.487 9.095
16 43 92.531 2.586
16 44 23.863 4.422
16 45 48.806 8.791
16 46 44.685 0.653
16 47 21.252 4.077
16 48 76.069 9.987
16 49 45.529 6.184
17 18 64.437 2.338
17 19 35.134 6.190
17 20 60.717 7.682
17 21 79.016 8.420
17 22 1.894 2.629
17 23 44.798 2.610
17 24 23.802 2.888
17 25 29.447 5.215
17 26 40.599 2.200
17 27 81.112 8.613
17 28 10.690 4.879
17 29 46.185 5.894
17 30 13.335 1.115
17 31 30.000 3.081
17 32 94.073 4.822
17 33 33.653 4.236
17 34 51.626 4.613
17 35 42.524 8.198
17 36 82.533 2.381
17 37 30.978 9.825
17 38 56.207 5.591
17 39 61.454 7.604
17 40 63.189 8.223
17 41 39.193 3.220
17 42 40.816 0.505
17 43 20.088 5.555
17 44 66.388 6.904
17 45 25.531 1.654
17 46 41.022 6.893
17 47 91.169 7.310
17 48 80.217 7.722
17 49 79.449 7.798
18 19 85.088 0.120
18 20 55.371 2.206
18 21 39.863 1.851
18 22 17.025 7.394
18 23 86.432 5.030
18 24 60.792 4.181
18 25 25.215 7.805
18 26 86.669 7.473
18 27 8.730 3.376
18 28 42.982 4.294
18 29 86.702 9.000
18 30 28.060 8.767
18 31 64.492 4.075
18 32 80.981 1.443
18 33 75.711 0.159
18 34 16.604 1.702
18 35 74.555 2.644
18 36 43.143 6.526
18 37 83.989 3.464
18 38 78.256 6.787
18 39 84.688 9.162
18 40 84.849 9.304
18 41 61.893 4.269
18 42 63.127 3.977
18 43 36.681 4.674
18 44 64.523 7.529
18 45 1.325 6.468
18 46 59.054 0.861
18 47 5.192 3.767
18 48 21.204 9.945
18 49 28.838 3.505
19 20 92.451 4.628
19 21 86.899 6.956
19 22 70.278 8.126
19 23 22.290 6.186
19 24 7.230 2.431
19 25 56.901 7.839
19 26 77.508 8.616
19 27 58.816 0.689
19 28 7.064 0.308
19 29 78.438 4.114
19 30 70.867 8.274
19 31 21.969 5.020
19 32 50.173 2.998
19 33 33.714 5.269
19 34 10.309 4.838
19 35 90.939 2.141
19 36 22.621 0.306
19 37 75.027 2.234
19 38 3.196 8.898
19 39 23.053 6.973
19 40 88.310 7.986
19 41 50.976 6.125
19 42 8.117 8.009
19 43 58.450 7.803
19 44 94.480 3.869
19 45 95.651 4.840
19 46 89.522 6.012
19 47 44.973 3.017
19 48 65.785 5.238
19 49 53.413 4.888
20 21 89.903 7.068
20 22 10.035 0.128
20 23 3.166 6.864
20 24 9.566 7.049
20 25 56.274 4.721
20 26 52.355 4.009
20 27 72.242 4.003
20 28 9.292 5.245
20 29 50.599 2.765
20 30 31.805 6.620
20 31 41.024 2.725
20 32 29.934 2.566
20 33 13.263 9.038
20 34 55.532 4.202
20 35 72.163 2.026
20 36 35.244 7.983
20 37 84.773 6.137
20 38 13.108 7.913
20 39 6.609 9.598
20 40 62.007 8.538
20 41 10.201 4.165
20 42 86.623 1.580
20 43 96.520 5.443
20 44 6.496 4.795
20 45 69.564 0.268
20 46 84.550 9.414
20 47 42.662 6.142
20 48 51.536 4.626
20 49 56.143 2.830
21 22 57.237 2.166
21 23 79.565 6.132
21 24 31.417 9.939
21 25 1.702 0.519
21 26 20.128 7.408
21 27 94.470 1.582
21 28 17.109 2.191
21 29 53.733 3.442
21 30 83.915 1.858
21 31 66.484 1.622
21 32 36.504 1.215
21 33 84.688 1.605
21 34 43.793 8.432
21 35 24.457 2.814
21 36 4.892 8.605
21 37 1.930 9.983
21 38 39.083 4.082
21 39 86.967 3.551
21 40 71.966 4.851
21 41 89.674 8.993
21 42 98.676 3.429
21 43 48.192 8.802
21 44 8.452 1.017
21 45 55.250 8.196
21 46 75.695 0.165
21 47 23.923 0.384
21 48 40.843 6.979
21 49 40.416 6.705
22 23 18.795 4.055
22 24 6.963 5.438
22 25 81.923 5.041
22 26 79.008 2.480
22 27 36.799 2.992
22 28 33.900 1.178
22 29 63.950 3.441
22 30 17.474 8.325
22 31 55.987 9.603
22 32 0.348 9.879
22 33 38.006 0.661
22 34 97.251 9.930
22 35 29.649 5.994
22 36 9.045 4.450
22 37 13.605 6.783
22 38 0.677 6.264
22 39 1.652 0.947
22 40 11.513 7.258
22 41 94.313 7.894
22 42 52.379 2.815
22 43 85.487 6.369
22 44 56.834 7.455
22 45 30.043 4.262
22 46 69.460 0.380
22 47 13.872 8.722
22 48 99.922 3.748
22 49 11.078 0.404
23 24 17.956 1.919
23 25 34.253 1.923
23 26 73.537 9.722
23 27 20.436 7.752
23 28 14.710 4.362
23 29 80.422 7.380
23 30 4.230 7.918
23 31 12.323 1.900
23 32 31.910 5.251
23 33 95.102 5.317
23 34 95.388 3.291
23 35 66.517 5.209
23 36 99.667 3.431
23 37 75.197 6.197
23 38 77.965 8.145
23 39 3.390 5.926
23 40 48.254 8.515
23 41 99.372 5.826
23 42 16.078 1.378
23 43 89.840 0.486
23 44 84.734 5.999
23 45 84.254 0.858
23 46 30.664 3.268
23 47 88.295 0.247
23 48 53.372 5.645
23 49 63.327 5.817
24 25 89.279 7.329
24 26 52.447 3.533
24 27 32.878 1.009
24 28 9.016 8.313
24 29 37.645 0.356
24 30 32.803 8.184
24 31 92.160 2.925
24 32 58.348 7.195
24 33 23.003 3.788
24 34 28.444 5.983
24 35 77.446 8.913
24 36 62.999 9.021
24 37 31.893 1.490
24 38 81.048 2.948
24 39 44.718 7.271
24 40 52.096 5.588
24 41 17.740 1.898
24 42 52.627 3.285
24 43 84.393 0.264
24 44 86.740 4.576
24 45 90.756 1.056
24 46 18.393 8.834
24 47 7.829 6.153
24 48 55.120 2.898
24 49 38.442 3.155
25 26 16.969 1.618
25 27 42.401 1.146
25 28 87.460 0.073
25 29 9.416 6.004
25 30 35.450 6.106
25 31 56.553 2.909
25 32 74.218 3.480
25 33 14.044 6.735
25 34 95.815 6.029
25 35 84.204 5.922
25 36 74.874 3.715
25 37 69.301 3.605
25 38 72.748 2.758
25 39 82.650 9.286
25 40 67.311 7.908
25 41 87.047 5.247
25 42 65.123 1.008
25 43 33.399 3.079
25 44 91.253 1.220
25 45 55.800 8.741
25 46 18.561 1.942
25 47 56.174 2.295
25 48 38.566 6.882
25 49 48.989 4.394
26 27 78.433 3.038
26 28 77.697 2.121
26 29 82.076 6.776
26 30 96.450 8.233
26 31 94.604 3.906
26 32 38.573 4.896
26 33 94.645 6.896
26 34 88.826 1.999
26 35 99.796 1.684
26 36 55.509 6.609
26 37 24.865 5.083
26 38 84.231 2.385
26 39 88.452 5.328
26 40 40.709 9.851
26 41 27.205 3.316
26 42 81.750 9.534
26 43 57.370 8.805
26 44 63.508 9.931
26 45 47.711 5.042
26 46 85.053 5.379
26 47 67.491 6.073
26 48 34.825 1.662
26 49 41.513 6.311
27 28 86.916 7.720
27 29 65.601 6.996
27 30 60.462 2.123
27 31 11.695 3.752
27 32 30.350 4.731
27 33 18.915 0.207
27 34 34.988 4.252
27 35 71.286 5.497
27 36 7.685 7.655
27 37 56.042 8.835
27 38 42.799 1.423
27 39 38.289 3.773
27 40 13.126 6.214
27 41 68.530 1.632
27 42 32.801 6.845
27 43 87.213 7.267
27 44 36.962 1.407
27 45 47.882 5.722
27 46 17.931 3.843
27 47 99.595 5.339
27 48 6.904 0.030
27 49 28.505 7.315
28 29 37.993 0.442
28 30 41.518 9.614
28 31 63.663 1.229
28 32 45.048 0.927
28 33 92.256 1.537
28 34 67.237 7.336
28 35 84.771 2.236
28 36 7.674 9.343
28 37 34.043 3.286
28 38 52.606 4.588
28 39 61.953 4.138
28 40 40.853 4.663
28 41 91.841 1.752
28 42 59.608 1.186
28 43 35.323 3.215
28 44 8.697 6.082
28 45 16.002 2.798
28 46 64.194 2.057
28 47 9.343 1.733
28 48 83.357 1.528
28 49 85.793 4.280
29 30 80.381 8.396
29 31 78.320 2.800
29 32 96.107 6.493
29 33 5.646 4.258
29 34 6.513 5.245
29 35 60.473 8.289
29 36 78.321 6.354
29 37 74.010 7.115
29 38 78.423 5.932
29 39 4.203 1.699
29 40 99.501 8.123
29 41 56.434 8.073
29 42 60.246 6.421
29 43 97.985 0.255
29 44 73.940 3.390
29 45 3.697 0.862
29 46 23.127 6.343
29 47 40.680 1.006
29 48 45.548 3.224
29 49 65.412 7.973
30 31 25.498 3.906
30 32 53.282 5.077
30 33 31.923 7.139
30 34 44.489 2.140
30 35 94.162 7.339
30 36 46.898 7.217
30 37 73.008 3.430
30 38 69.121 6.311
30 39 72.945 2.891
30 40 52.171 4.514
30 41 96.065 1.321
30 42 60.523 2.633
30 43 91.027 1.863
30 44 80.778 5.320
30 45 86.068 4.145
30 46 33.725 3.089
30 47 6.941 2.295
30 48 70.529 7.214
30 49 99.047 0.817
31 32 23.733 8.325
31 33 98.162 3.993
31 34 63.223 2.461
31 35 32.824 3.884
31 36 92.568 1.184
31 37 6.279 1.366
31 38 47.739 0.386
31 39 25.380 3.297
31 40 0.845 5.968
31 41 48.954 8.529
31 42 65.037 4.704
31 43 81.212 5.814
31 44 82.013 5.172
31 45 35.695 3.692
31 46 90.789 8.751
31 47 88.250 7.293
31 48 82.226 7.753
31 49 71.048 4.279
32 33 94.958 2.164
32 34 9.754 9.514
32 35 72.784 6.778
32 36 51.907 2.838
32 37 39.041 1.322
32 38 39.250 2.586
32 39 93.714 7.622
32 40 11.566 0.183
32 41 42.710 7.031
32 42 21.626 7.717
32 43 5.883 3.264
32 44 95.829 9.637
32 45 53.864 6.669
32 46 38.460 8.099
32 47 26.413 3.797
32 48 14.562 6.048
32 49 71.984 0.677
33 34 53.668 3.535
33 35 77.841 9.183
33 36 75.642 0.427
33 37 4.481 1.635
33 38 86.187 5.348
33 39 90.708 2.319
33 40 69.199 9.490
33 41 21.301 6.621
33 42 31.300 0.633
33 43 43.716 0.482
33 44 2.151 8.381
33 45 80.293 2.747
33 46 12.650 5.024
33 47 82.576 1.018
33 48 81.939 9.255
33 49 44.774 0.696
34 35 69.492 1.819
34 36 66.607 9.469
34 37 74.577 7.663
34 38 3.289 4.946
34 39 6.564 1.473
34 40 8.544 7.606
34 41 2.028 0.024
34 42 56.927 3.723
34 43 3.852 7.190
34 44 53.455 8.093
34 45 53.052 2.948
34 46 11.440 8.890
34 47 24.805 5.607
34 48 81.926 0.645
34 49 6.330 1.335
35 36 18.839 5.504
35 37 51.359 7.980
35 38 76.383 0.978
35 39 27.492 5.703
35 40 22.893 4.854
35 41 10.963 4.413
35 42 65.261 2.013
35 43 19.976 0.085
35 44 49.473 5.434
35 45 51.789 3.651
35 46 3.580 4.270
35 47 63.026 9.786
35 48 46.036 1.819
35 49 33.914 1.900
36 37 93.789 5.530
36 38 15.888 3.804
36 39 52.094 6.972
36 40 36.058 8.937
36 41 56.218 6.748
36 42 57.430 6.447
36 43 11.229 7.420
36 44 65.027 5.464
36 45 48.235 2.723
36 46 69.482 2.703
36 47 58.256 5.845
36 48 25.599 1.760
36 49 30.574 6.625
37 38 44.343 0.764
37 39 76.444 9.081
37 40 2.470 8.725
37 41 84.051 0.992
37 42 65.710 8.720
37 43 15.140 6.997
37 44 29.827 9.934
37 45 78.728 5.846
37 46 46.592 4.254
37 47 46.197 5.630
37 48 39.364 6.064
37 49 42.705 4.985
38 39 5.753 3.856
38 40 85.813 7.681
38 41 75.832 8.483
38 42 42.068 0.164
38 43 25.598 6.620
38 44 44.059 1.544
38 45 37.792 8.259
38 46 40.091 0.262
38 47 23.927 2.073
38 48 33.627 6.804
38 49 45.263 0.549
39 40 19.463 4.543
39 41 32.095 3.804
39 42 75.848 7.469
39 43 59.518 1.276
39 44 36.261 1.812
39 45 32.179 5.029
39 46 98.657 3.911
39 47 1.494 6.008
39 48 23.985 3.351
39 49 69.855 4.403
40 41 64.518 4.674
40 42 60.780 0.384
40 43 56.776 8.861
40 44 64.201 5.128
40 45 96.387 1.458
40 46 22.293 0.059
40 47 9.286 1.018
40 48 33.692 1.847
40 49 90.948 1.625
41 42 32.301 8.517
41 43 91.546 4.308
41 44 38.480 2.769
41 45 95.052 5.885
41 46 61.823 9.038
41 47 6.554 7.751
41 48 39.596 3.885
41 49 59.487 7.515
42 43 60.046 9.016
42 44 72.976 3.039
42 45 67.058 7.111
42 46 17.352 5.733
42 47 73.008 3.239
42 48 68.369 1.047
42 49 0.431 7.169
43 44 8.574 5.120
43 45 66.969 4.708
43 46 11.409 2.857
43 47 75.381 6.920
43 48 27.697 6.402
43 49 31.972 2.514
44 45 28.695 8.327
44 46 70.011 8.444
44 47 71.388 6.694
44 48 84.700 6.592
44 49 45.733 9.493
45 46 0.997 0.075
45 47 56.643 1.682
45 48 89.905 5.468
45 49 20.740 5.717
46 47 25.641 7.265
46 48 58.788 2.636
46 49 92.193 1.377
47 48 62.593 8.756
47 49 20.805 9.322
48 49 39.193 5.846