50
88
43 5 2 0
43 18 3 0
43 2 2 1
43 12 2 0
43 44 0 3
43 45 1 3
43 46 1 3
43 47 0 2
43 48 1 2
43 49 0 2
43 37 1 2
43 21 1 2
43 11 1 2
43 35 0 3
43 32 0 2
43 38 1 2
43 7 1 3
43 4 1 2
43 19 1 2
43 28 0 3
43 14 1 2
43 30 1 2
43 22 0 2
43 1 0 3
43 10 1 2
43 33 0 3
43 9 1 3
43 42 0 3
43 8 0 3
43 26 1 2
43 29 1 2
43 40 1 3
43 20 0 3
43 34 1 3
43 27 1 3
43 17 0 3
43 31 0 2
43 25 0 2
43 39 0 2
43 24 1 3
43 3 1 3
43 0 0 2
43 16 0 3
43 6 1 3
43 41 0 2
43 15 0 3
43 13 0 3
43 23 1 2
43 36 0 2
5 2 2 1
5 6 1 3
5 7 0 3
5 8 1 3
5 9 1 2
5 10 0 2
5 11 1 2
5 13 1 3
5 14 0 3
5 15 1 3
5 16 0 2
5 17 0 3
5 19 1 2
5 20 1 3
5 21 1 3
5 22 0 2
5 23 1 2
5 24 1 3
5 25 0 2
5 26 0 2
5 27 0 2
5 28 1 3
5 29 1 3
5 30 0 2
5 31 0 2
5 32 0 2
5 33 0 3
5 34 0 2
5 35 0 3
5 36 0 3
5 37 1 3
5 38 0 2
5 39 1 2
5 40 1 3
5 41 1 3
5 42 0 3
5 44 0 3
5 45 1 2
5 46 1 3
5 47 0 3
5 48 1 3
5 49 1 3
5 18 3 0
5 12 3 1
5 4 1 3
5 1 0 3
5 3 0 2
5 0 1 3
18 2 2 1
18 12 2 1
18 19 1 2
18 20 0 2
18 21 0 2
18 22 1 2
18 23 0 3
18 24 0 3
18 25 0 3
18 26 1 3
18 27 1 3
18 28 1 3
18 29 1 3
18 30 0 2
18 31 0 3
18 32 0 3
18 33 1 2
18 34 1 2
18 35 1 3
18 36 1 3
18 37 0 2
18 38 1 2
18 39 0 3
18 40 0 2
18 41 1 3
18 42 1 3
18 44 1 2
18 45 1 2
18 46 1 2
18 47 1 3
18 48 1 2
18 49 1 2
18 11 1 3
18 7 0 2
18 4 1 2
18 14 1 2
18 1 1 3
18 10 0 2
18 9 0 3
18 8 1 3
18 17 1 3
18 3 0 2
18 0 1 2
18 16 0 3
18 6 1 3
18 15 0 2
18 13 0 3
2 3 0 2
2 4 0 2
2 6 0 2
2 7 0 3
2 8 0 2
2 9 1 3
2 10 0 3
2 11 0 2
2 13 1 3
2 14 0 3
2 15 0 2
2 16 0 2
2 17 1 3
2 19 0 2
2 20 0 2
2 21 0 3
2 22 1 3
2 23 0 3
2 24 1 3
2 25 0 3
2 26 1 2
2 27 0 2
2 28 1 3
2 29 0 2
2 30 0 2
2 31 1 3
2 32 0 2
2 33 0 3
2 34 1 2
2 35 1 3
2 36 1 3
2 37 1 3
2 38 0 3
2 39 0 3
2 40 0 3
2 41 0 2
2 42 1 3
2 44 0 2
2 45 1 3
2 46 0 2
2 47 0 2
2 48 1 3
2 49 0 3
2 12 2 0
2 1 0 3
2 0 1 3
12 13 1 2
12 14 1 2
12 15 0 3
12 16 0 2
12 17 0 3
12 19 1 2
12 20 1 3
12 21 1 3
12 22 1 2
12 23 1 2
12 24 1 2
12 25 0 2
12 26 1 3
12 27 1 3
12 28 1 2
12 29 0 3
12 30 0 3
12 31 0 2
12 32 0 3
12 33 1 2
12 34 1 2
12 35 0 2
12 36 0 3
12 37 1 3
12 38 1 3
12 39 0 2
12 40 1 2
12 41 0 2
12 42 1 3
12 44 1 2
12 45 1 2
12 46 1 2
12 47 1 2
12 48 0 3
12 49 0 2
12 11 1 2
12 7 1 2
12 4 0 3
12 1 1 2
12 10 1 2
12 9 1 3
12 8 1 3
12 3 0 3
12 0 1 3
12 6 1 3
44 37 0 3
44 21 1 3
44 11 1 2
44 35 0 2
44 32 0 3
44 38 0 3
44 7 0 3
44 4 0 3
44 19 1 2
44 28 1 2
44 14 1 3
44 30 1 3
44 22 0 2
44 1 0 3
44 10 1 2
44 33 1 2
44 9 1 3
44 42 1 3
44 8 0 3
44 26 1 2
44 29 0 2
44 40 1 3
44 20 0 2
44 34 0 3
44 27 1 3
44 17 1 3
44 31 0 3
44 25 0 3
44 39 0 3
44 24 0 3
44 3 0 3
44 0 3 0
44 16 2 0
44 6 2 0
44 45 0 2
44 46 1 2
44 47 1 3
44 48 0 3
44 49 0 3
44 41 0 2
44 15 1 2
44 13 1 2
44 23 0 2
44 36 0 3
45 37 0 3
45 21 1 3
45 11 1 2
45 35 1 2
45 32 0 2
45 38 0 2
45 7 1 2
45 4 0 3
45 19 1 2
45 28 1 2
45 14 1 3
45 30 0 3
45 22 0 2
45 1 0 2
45 10 1 2
45 33 0 3
45 9 1 3
45 42 1 2
45 8 1 3
45 26 1 3
45 29 1 2
45 40 1 2
45 20 1 2
45 34 0 2
45 27 1 3
45 17 0 2
45 31 1 2
45 25 3 1
45 39 3 1
45 24 3 0
45 3 2 0
45 46 0 3
45 47 0 3
45 48 0 2
45 49 1 2
45 0 1 2
45 16 0 3
45 6 1 3
45 41 1 3
45 15 0 2
45 13 0 3
45 23 0 2
45 36 0 3
46 37 1 3
46 21 1 3
46 11 0 2
46 35 0 2
46 32 0 2
46 38 1 3
46 7 1 2
46 4 0 3
46 19 0 3
46 28 0 2
46 14 1 3
46 30 1 2
46 22 1 2
46 1 1 3
46 10 0 2
46 33 1 2
46 9 1 2
46 42 0 3
46 8 0 2
46 26 0 3
46 29 0 2
46 40 1 3
46 20 0 3
46 34 0 3
46 27 0 3
46 17 0 2
46 31 0 3
46 25 1 3
46 39 0 2
46 24 0 3
46 3 1 2
46 0 1 2
46 16 1 2
46 6 1 3
46 41 3 1
46 15 2 0
46 47 0 2
46 48 0 3
46 49 0 2
46 13 1 3
46 23 0 2
46 36 1 3
47 37 1 3
47 21 1 2
47 11 0 3
47 35 1 3
47 32 1 3
47 38 1 3
47 7 1 3
47 4 1 2
47 19 0 2
47 28 1 3
47 14 1 3
47 30 1 3
47 22 1 2
47 1 1 2
47 10 0 3
47 33 1 2
47 9 1 2
47 42 1 2
47 8 0 2
47 26 0 3
47 29 0 2
47 40 1 3
47 20 1 3
47 34 2 0
47 27 3 0
47 17 3 1
47 31 2 0
47 48 0 2
47 49 0 2
47 25 0 2
47 39 0 3
47 24 0 2
47 3 0 2
47 0 0 2
47 16 0 3
47 6 1 2
47 41 1 2
47 15 1 2
47 13 1 3
47 23 1 3
47 36 1 2
48 37 0 3
48 21 0 3
48 11 0 2
48 35 0 2
48 32 1 3
48 38 0 3
48 7 1 3
48 4 0 2
48 19 1 3
48 28 1 2
48 14 3 0
48 30 3 0
48 22 2 0
48 1 2 1
48 49 1 2
48 10 0 3
48 33 0 3
48 9 1 3
48 42 1 3
48 8 1 2
48 26 1 3
48 29 0 3
48 40 0 3
48 20 0 3
48 34 0 2
48 27 1 2
48 17 1 3
48 31 1 3
48 25 1 2
48 39 0 3
48 24 0 3
48 3 1 2
48 0 1 2
48 16 1 2
48 6 1 3
48 41 0 3
48 15 1 2
48 13 1 3
48 23 0 2
48 36 1 2
49 37 0 3
49 21 1 2
49 11 0 3
49 35 0 2
49 32 1 2
49 38 0 3
49 7 1 3
49 4 0 3
49 19 0 3
49 28 0 2
49 14 1 3
49 30 0 3
49 22 1 3
49 1 0 3
49 10 3 0
49 33 3 1
49 9 2 0
49 42 2 1
49 8 1 3
49 26 1 2
49 29 1 2
49 40 0 2
49 20 0 3
49 34 1 3
49 27 0 3
49 17 0 2
49 31 0 2
49 25 0 3
49 39 1 3
49 24 1 3
49 3 1 3
49 0 0 2
49 16 1 3
49 6 1 2
49 41 0 3
49 15 1 3
49 13 0 2
49 23 0 2
49 36 0 2
6 4 1 2
6 1 0 3
6 3 0 2
6 16 2 1
6 0 3 0
6 7 1 3
6 8 1 3
6 9 0 2
6 10 1 3
6 11 0 3
6 13 1 3
6 14 1 3
6 15 0 2
6 17 1 3
6 19 1 3
6 20 1 2
6 21 0 3
6 22 0 3
6 23 1 3
6 24 0 2
6 25 1 3
6 26 1 2
6 27 1 3
6 28 0 3
6 29 1 3
6 30 0 2
6 31 1 3
6 32 1 2
6 33 0 3
6 34 0 2
6 35 0 2
6 36 0 3
6 37 0 2
6 38 1 3
6 39 1 3
6 40 0 3
6 41 1 2
6 42 0 3
7 38 3 1
7 4 2 1
7 8 1 2
7 9 0 3
7 10 1 3
7 11 1 3
7 13 1 3
7 14 0 3
7 15 0 2
7 16 0 2
7 17 1 3
7 20 0 2
7 21 0 3
7 22 0 2
7 23 1 3
7 24 0 3
7 25 1 3
7 26 0 2
7 27 1 2
7 29 0 3
7 30 0 2
7 31 0 3
7 32 0 2
7 33 1 3
7 34 0 2
7 35 1 3
7 36 0 3
7 37 1 2
7 39 1 2
7 40 0 2
7 41 1 2
7 42 0 3
7 19 3 1
7 28 2 1
7 1 0 3
7 3 1 3
7 0 0 3
8 4 0 3
8 1 0 3
8 9 0 3
8 10 1 2
8 11 1 3
8 13 1 2
8 14 1 2
8 15 1 2
8 16 1 3
8 17 1 3
8 19 0 3
8 21 0 3
8 22 0 3
8 23 1 3
8 24 0 3
8 25 1 3
8 27 1 3
8 28 1 3
8 30 0 2
8 31 1 3
8 32 1 3
8 33 1 3
8 34 0 3
8 35 1 2
8 36 1 2
8 37 0 2
8 38 1 2
8 39 1 2
8 41 0 3
8 42 1 2
8 26 2 1
8 29 2 1
8 40 2 1
8 20 3 1
8 3 1 2
8 0 1 3
9 4 1 2
9 1 0 3
9 10 3 1
9 33 3 1
9 11 0 2
9 13 0 3
9 14 1 2
9 15 0 3
9 16 0 3
9 17 1 3
9 19 0 3
9 20 0 2
9 21 1 2
9 22 1 3
9 23 1 2
9 24 0 3
9 25 1 2
9 26 0 3
9 27 0 2
9 28 0 3
9 29 0 3
9 30 1 2
9 31 1 2
9 32 0 2
9 34 1 2
9 35 1 3
9 36 1 3
9 37 1 3
9 38 0 3
9 39 1 3
9 40 0 3
9 41 0 3
9 42 3 1
9 3 1 2
9 0 0 2
10 4 0 2
10 1 1 3
10 11 0 3
10 13 1 3
10 14 1 3
10 15 0 3
10 16 0 2
10 17 0 3
10 19 1 3
10 20 0 3
10 21 1 2
10 22 1 3
10 23 1 2
10 24 1 2
10 25 1 2
10 26 1 3
10 27 1 2
10 28 0 3
10 29 1 3
10 30 0 2
10 31 0 3
10 32 1 2
10 34 0 3
10 35 0 3
10 36 1 3
10 37 1 2
10 38 1 3
10 39 0 2
10 40 0 2
10 41 1 2
10 33 2 1
10 42 3 1
10 3 0 2
10 0 1 2
11 37 3 1
11 21 2 1
11 13 0 3
11 14 1 2
11 15 0 3
11 16 0 3
11 17 0 3
11 19 1 3
11 20 1 2
11 22 1 2
11 23 0 3
11 24 0 2
11 25 0 2
11 26 0 3
11 27 0 2
11 28 1 3
11 29 1 2
11 30 1 2
11 31 0 2
11 33 1 2
11 34 0 3
11 36 0 3
11 38 1 2
11 39 0 2
11 40 1 3
11 41 1 3
11 42 0 2
11 35 2 1
11 32 2 0
11 4 0 3
11 1 1 3
11 3 0 2
11 0 1 2
13 4 0 2
13 1 0 2
13 3 1 2
13 0 1 3
13 14 0 2
13 15 0 2
13 16 0 3
13 17 0 3
13 19 0 2
13 20 1 2
13 21 0 2
13 22 1 3
13 24 1 2
13 25 0 2
13 26 1 2
13 27 0 2
13 28 1 3
13 29 0 3
13 30 0 3
13 31 0 3
13 32 0 3
13 33 0 3
13 34 0 3
13 35 0 2
13 37 0 2
13 38 0 2
13 39 1 2
13 40 0 2
13 41 0 3
13 42 1 3
13 23 2 1
13 36 2 1
14 4 0 3
14 1 2 0
14 15 1 2
14 16 1 2
14 17 1 3
14 19 0 3
14 20 1 3
14 21 0 3
14 23 0 2
14 24 0 3
14 25 0 2
14 26 0 2
14 27 0 2
14 28 0 2
14 29 0 2
14 31 1 2
14 32 0 3
14 33 0 2
14 34 1 2
14 35 1 3
14 36 0 2
14 37 0 3
14 38 1 3
14 39 0 2
14 40 1 2
14 41 0 3
14 42 0 3
14 30 2 1
14 22 3 1
14 3 1 2
14 0 0 3
15 4 1 3
15 1 1 3
15 3 0 3
15 0 1 3
15 41 2 1
15 16 0 3
15 17 1 3
15 19 0 3
15 20 1 3
15 21 0 3
15 22 0 2
15 23 0 3
15 24 0 3
15 25 1 3
15 26 1 3
15 27 1 3
15 28 0 3
15 29 0 3
15 30 1 2
15 31 1 2
15 32 1 3
15 33 0 2
15 34 1 2
15 35 0 3
15 36 1 3
15 37 1 3
15 38 1 3
15 39 0 3
15 40 1 2
15 42 1 2
16 4 1 3
16 1 0 3
16 3 0 2
16 0 3 0
16 17 0 2
16 19 1 2
16 20 1 2
16 21 0 3
16 22 0 2
16 23 1 3
16 24 1 2
16 25 0 3
16 26 0 2
16 27 1 2
16 28 1 2
16 29 1 3
16 30 1 3
16 31 0 2
16 32 0 3
16 33 0 3
16 34 1 2
16 35 0 3
16 36 0 3
16 37 0 3
16 38 1 2
16 39 1 2
16 40 0 3
16 41 1 2
16 42 1 3
17 4 1 2
17 1 1 2
17 34 2 1
17 27 3 1
17 19 0 2
17 20 0 2
17 21 1 2
17 22 1 2
17 23 0 2
17 24 0 2
17 25 0 3
17 26 1 2
17 28 1 3
17 29 0 3
17 30 1 2
17 32 0 2
17 33 0 2
17 35 1 3
17 36 1 3
17 37 0 2
17 38 1 2
17 39 1 3
17 40 1 3
17 41 0 2
17 42 1 3
17 31 3 1
17 3 1 3
17 0 0 3
19 38 3 1
19 4 3 0
19 20 1 3
19 21 0 2
19 22 0 2
19 23 1 2
19 24 0 3
19 25 1 2
19 26 1 2
19 27 1 2
19 29 0 3
19 30 0 3
19 31 1 3
19 32 1 3
19 33 0 2
19 34 0 3
19 35 0 2
19 36 0 3
19 37 0 2
19 39 0 2
19 40 0 3
19 41 0 2
19 42 0 2
19 28 3 0
19 1 1 3
19 3 0 3
19 0 0 2
20 4 1 2
20 1 0 3
20 26 2 1
20 29 2 1
20 40 2 0
20 21 0 2
20 22 1 2
20 23 1 3
20 24 0 2
20 25 1 2
20 27 1 2
20 28 1 2
20 30 0 3
20 31 0 3
20 32 0 3
20 33 1 3
20 34 1 3
20 35 0 3
20 36 1 2
20 37 0 2
20 38 1 3
20 39 0 3
20 41 1 2
20 42 0 3
20 3 1 3
20 0 0 2
21 37 3 1
21 22 0 3
21 23 0 2
21 24 1 2
21 25 0 2
21 26 1 3
21 27 0 2
21 28 1 2
21 29 0 2
21 30 1 3
21 31 1 3
21 33 0 2
21 34 1 3
21 36 0 2
21 38 0 2
21 39 0 2
21 40 0 3
21 41 0 2
21 42 1 3
21 35 3 1
21 32 2 1
21 4 1 3
21 1 1 2
21 3 1 3
21 0 0 2
22 4 0 2
22 30 2 1
22 1 3 0
22 23 0 2
22 24 1 3
22 25 1 2
22 26 1 2
22 27 1 3
22 28 1 2
22 29 0 3
22 31 1 2
22 32 0 3
22 33 0 3
22 34 1 3
22 35 1 2
22 36 0 2
22 37 0 3
22 38 0 3
22 39 1 3
22 40 0 3
22 41 0 2
22 42 1 2
22 3 1 3
22 0 1 2
23 4 1 2
23 1 0 3
23 3 1 2
23 0 0 2
23 24 0 3
23 25 0 2
23 26 0 2
23 27 0 3
23 28 1 3
23 29 0 3
23 30 1 2
23 31 0 2
23 32 0 3
23 33 0 2
23 34 0 2
23 35 0 3
23 37 1 3
23 38 1 3
23 39 1 2
23 40 0 3
23 41 0 2
23 42 0 3
23 36 2 0
24 4 1 2
24 1 1 3
24 25 2 1
24 39 2 0
24 3 2 0
24 26 1 3
24 27 0 3
24 28 0 2
24 29 1 3
24 30 1 3
24 31 1 3
24 32 0 3
24 33 0 3
24 34 1 3
24 35 0 2
24 36 0 3
24 37 1 2
24 38 1 2
24 40 0 3
24 41 1 2
24 42 0 2
24 0 1 2
25 4 0 2
25 1 0 2
25 3 2 0
25 26 0 2
25 27 1 3
25 28 1 2
25 29 1 3
25 30 1 3
25 31 0 2
25 32 1 3
25 33 0 3
25 34 1 3
25 35 0 3
25 36 0 3
25 37 0 2
25 38 1 3
25 40 1 3
25 41 1 3
25 42 0 2
25 39 2 1
25 0 0 3
26 4 0 3
26 1 0 2
26 27 1 3
26 28 0 2
26 30 0 2
26 31 1 3
26 32 0 2
26 33 1 3
26 34 0 3
26 35 1 3
26 36 0 3
26 37 1 2
26 38 1 3
26 39 0 3
26 41 1 3
26 42 1 3
26 29 3 1
26 40 3 0
26 3 1 3
26 0 1 2
27 4 0 2
27 1 0 2
27 34 3 0
27 28 1 2
27 29 0 2
27 30 0 2
27 32 0 2
27 33 1 2
27 35 0 3
27 36 0 3
27 37 1 3
27 38 1 3
27 39 1 3
27 40 0 3
27 41 0 3
27 42 0 3
27 31 3 1
27 3 1 3
27 0 0 2
28 38 2 0
28 4 3 1
28 29 1 3
28 30 1 2
28 31 1 3
28 32 1 3
28 33 0 2
28 34 1 2
28 35 1 3
28 36 1 2
28 37 1 3
28 39 1 3
28 40 1 2
28 41 1 2
28 42 0 3
28 1 0 2
28 3 0 2
28 0 0 2
29 4 0 3
29 1 1 2
29 30 0 3
29 31 0 3
29 32 1 2
29 33 0 3
29 34 0 3
29 35 1 2
29 36 0 2
29 37 1 2
29 38 1 2
29 39 0 3
29 41 1 3
29 42 1 3
29 40 2 0
29 3 0 3
29 0 1 2
30 4 1 2
30 1 3 1
30 31 1 2
30 32 0 3
30 33 0 2
30 34 1 3
30 35 1 2
30 36 0 3
30 37 1 2
30 38 0 3
30 39 0 3
30 40 1 3
30 41 0 3
30 42 0 2
30 3 0 2
30 0 0 2
31 4 0 3
31 1 1 3
31 34 2 0
31 32 0 2
31 33 1 3
31 35 1 2
31 36 0 2
31 37 1 3
31 38 1 2
31 39 1 3
31 40 1 2
31 41 0 2
31 42 0 3
31 3 1 3
31 0 1 2
32 37 2 0
32 35 2 1
32 33 1 3
32 34 1 2
32 36 1 2
32 38 1 3
32 39 1 3
32 40 1 2
32 41 1 3
32 42 1 2
32 4 0 3
32 1 0 2
32 3 1 2
32 0 1 3
33 4 0 3
33 1 0 2
33 34 1 2
33 35 0 2
33 36 0 2
33 37 1 2
33 38 0 3
33 39 0 3
33 40 1 2
33 41 0 3
33 42 2 1
33 3 0 3
33 0 1 3
34 4 1 2
34 1 1 2
34 35 1 2
34 36 1 3
34 37 0 2
34 38 1 2
34 39 1 3
34 40 1 2
34 41 0 3
34 42 1 2
34 3 1 2
34 0 0 2
35 37 3 1
35 36 0 2
35 38 1 2
35 39 0 3
35 40 0 3
35 41 1 2
35 42 0 3
35 4 0 3
35 1 0 2
35 3 1 2
35 0 1 3
36 4 0 2
36 1 0 2
36 3 1 3
36 0 0 2
36 37 1 2
36 38 0 2
36 39 1 3
36 40 1 3
36 41 0 2
36 42 1 3
37 38 0 3
37 39 1 2
37 40 0 2
37 41 1 3
37 42 1 2
37 4 1 2
37 1 0 2
37 3 1 2
37 0 1 3
38 4 2 1
38 39 0 2
38 40 0 3
38 41 0 2
38 42 1 2
38 1 0 2
38 3 1 2
38 0 1 3
39 4 0 2
39 1 1 2
39 3 2 0
39 40 0 3
39 41 1 2
39 42 0 2
39 0 0 2
40 4 0 3
40 1 0 2
40 41 0 3
40 42 1 2
40 3 1 3
40 0 0 2
41 4 1 3
41 1 1 2
41 3 1 2
41 0 1 2
41 42 0 3
42 4 0 2
42 1 1 3
42 3 0 3
42 0 1 2
3 1 1 3
3 4 1 3
3 0 1 3
4 1 0 2
4 0 0 2
1 0 0 2