50
99.9
0 1 99.99 0.01
0 2 0.09 0.02
0 3 0.07 0.01
0 4 0.02 0.02
0 5 0.06 0.01
0 6 0.07 0.02
0 7 0.04 0.01
0 8 0.04 0.02
0 9 0.08 0.01
0 10 0.05 0.02
0 11 0.05 0.01
0 12 99.99 0.01
0 13 0.02 0.02
0 14 0.09 0.01
0 15 0.02 0.02
0 16 0.11 0.01
0 17 14.97 0.02
0 18 0.08 0.01
0 19 0.1 0.01
0 20 0.05 0.01
0 21 0.07 0.02
0 22 0.09 0.02
0 23 0.07 0.01
0 24 82.22 0.02
0 25 0.08 0.02
0 26 0.09 0.02
0 27 68.15 0.01
0 28 0.04 0.01
0 29 0.09 0.02
0 30 0.02 0.02
0 31 0.08 0.02
0 32 0.06 0.01
0 33 0.1 0.01
0 34 0.09 0.02
0 35 0.11 0.01
0 36 38.77 0.01
0 37 0.07 0.02
0 38 69.54 0.02
0 39 0.04 0.02
0 40 0.07 0.01
0 41 73.64 0.01
0 42 0.08 0.01
0 43 91.69 0.02
0 44 0.02 0.01
0 45 2.94 0.01
0 46 0.03 0.02
0 47 0.1 0.02
0 48 0.07 0.02
0 49 0.05 0.01
1 2 0.08 0.02
1 3 0.06 0.02
1 4 0.06 0.01
1 5 0.05 0.01
1 6 0.08 0.01
1 7 0.04 0.01
1 8 0.06 0.01
1 9 0.1 0.02
1 10 0.08 0.02
1 11 0.09 0.02
1 12 99.99 0.02
1 13 0.09 0.02
1 14 0.05 0.02
1 15 0.07 0.01
1 16 0.08 0.01
1 17 29.76 0.02
1 18 0.06 0.01
1 19 0.07 0.01
1 20 0.05 0.02
1 21 0.1 0.02
1 22 0.07 0.02
1 23 0.03 0.02
1 24 40.42 0.01
1 25 0.09 0.02
1 26 0.05 0.01
1 27 13.13 0.01
1 28 0.04 0.01
1 29 0.04 0.02
1 30 0.08 0.02
1 31 0.02 0.02
1 32 0.02 0.01
1 33 0.06 0.01
1 34 0.09 0.01
1 35 0.05 0.02
1 36 70.4 0.01
1 37 0.04 0.02
1 38 59.15 0.02
1 39 0.02 0.01
1 40 0.07 0.01
1 41 98.1 0.01
1 42 0.01 0.02
1 43 35.81 0.02
1 44 0.09 0.02
1 45 15.71 0.02
1 46 0.07 0.02
1 47 0.04 0.01
1 48 0.08 0.01
1 49 0.02 0.01
2 3 0.04 0.01
2 4 0.08 0.01
2 5 0.07 0.02
2 6 0.09 0.01
2 7 0.04 0.01
2 8 0.07 0.02
2 9 0.07 0.02
2 10 0.02 0.02
2 11 0.1 0.02
2 12 0.06 0.02
2 13 0.03 0.02
2 14 0.08 0.02
2 15 0.1 0.01
2 16 0.07 0.01
2 17 64.38 0.02
2 18 0.03 0.01
2 19 0.07 0.02
2 20 0.04 0.01
2 21 0.06 0.01
2 22 0.1 0.02
2 23 0.03 0.01
2 24 32.84 0.02
2 25 0.02 0.01
2 26 0.04 0.02
2 27 64.49 0.01
2 28 0.04 0.01
2 29 0.06 0.02
2 30 0.04 0.01
2 31 0.03 0.01
2 32 0.02 0.02
2 33 0.07 0.01
2 34 0.05 0.02
2 35 0.03 0.02
2 36 77.03 0.02
2 37 0.02 0.02
2 38 13.47 0.02
2 39 0.03 0.02
2 40 0.09 0.01
2 41 65.43 0.01
2 42 0.11 0.01
2 43 59.37 0.01
2 44 0.05 0.02
2 45 11.2 0.02
2 46 0.03 0.02
2 47 0.03 0.02
2 48 0.01 0.01
2 49 0.05 0.02
3 4 0.1 0.01
3 5 0.06 0.01
3 6 0.1 0.02
3 7 0.09 0.01
3 8 0.08 0.01
3 9 0.06 0.02
3 10 0.01 0.01
3 11 0.03 0.01
3 12 0.06 0.02
3 13 0.07 0.02
3 14 0.04 0.02
3 15 0.02 0.02
3 16 0.09 0.01
3 17 65.37 0.02
3 18 0.07 0.01
3 19 0.1 0.01
3 20 0.08 0.02
3 21 0.11 0.01
3 22 0.01 0.02
3 23 0.02 0.01
3 24 55.09 0.02
3 25 0.04 0.01
3 26 0.09 0.02
3 27 82.03 0.01
3 28 0.06 0.02
3 29 0.06 0.01
3 30 0.01 0.01
3 31 0.06 0.01
3 32 0.07 0.01
3 33 0.05 0.01
3 34 0.06 0.02
3 35 0.06 0.01
3 36 88.04 0.01
3 37 0.07 0.01
3 38 57.0 0.01
3 39 0.03 0.02
3 40 0.08 0.01
3 41 56.69 0.02
3 42 0.08 0.02
3 43 13.22 0.02
3 44 0.1 0.01
3 45 70.54 0.01
3 46 0.04 0.02
3 47 0.08 0.01
3 48 0.02 0.01
3 49 0.02 0.02
4 5 0.03 0.02
4 6 0.11 0.02
4 7 0.08 0.01
4 8 0.08 0.02
4 9 0.09 0.01
4 10 0.1 0.02
4 11 0.07 0.02
4 12 0.01 0.02
4 13 0.04 0.02
4 14 0.08 0.02
4 15 0.01 0.02
4 16 0.05 0.01
4 17 90.4 0.02
4 18 0.02 0.01
4 19 0.03 0.02
4 20 0.02 0.01
4 21 0.03 0.02
4 22 0.09 0.01
4 23 0.05 0.02
4 24 46.72 0.01
4 25 0.02 0.01
4 26 0.07 0.01
4 27 19.18 0.02
4 28 0.02 0.01
4 29 0.02 0.02
4 30 0.05 0.02
4 31 0.02 0.01
4 32 0.08 0.02
4 33 0.05 0.02
4 34 0.11 0.01
4 35 0.06 0.01
4 36 83.59 0.01
4 37 0.04 0.02
4 38 78.86 0.01
4 39 0.03 0.02
4 40 0.09 0.01
4 41 42.65 0.01
4 42 0.06 0.02
4 43 94.42 0.01
4 44 0.08 0.02
4 45 59.65 0.02
4 46 0.04 0.02
4 47 0.09 0.02
4 48 0.04 0.02
4 49 0.06 0.01
5 6 0.05 0.01
5 7 0.08 0.01
5 8 0.03 0.02
5 9 0.05 0.01
5 10 0.07 0.02
5 11 0.05 0.01
5 12 0.02 0.01
5 13 0.05 0.01
5 14 0.09 0.01
5 15 0.04 0.01
5 16 0.02 0.01
5 17 38.43 0.01
5 18 0.02 0.01
5 19 0.07 0.02
5 20 0.08 0.01
5 21 0.05 0.02
5 22 0.04 0.01
5 23 0.05 0.02
5 24 59.95 0.01
5 25 0.11 0.01
5 26 0.03 0.01
5 27 81.66 0.02
5 28 0.08 0.01
5 29 0.09 0.01
5 30 0.09 0.01
5 31 0.01 0.02
5 32 0.1 0.02
5 33 0.06 0.01
5 34 0.07 0.02
5 35 0.1 0.02
5 36 33.36 0.02
5 37 0.08 0.01
5 38 39.55 0.02
5 39 0.06 0.01
5 40 0.05 0.02
5 41 82.87 0.02
5 42 0.01 0.01
5 43 15.82 0.02
5 44 0.02 0.01
5 45 75.55 0.01
5 46 0.05 0.02
5 47 0.02 0.01
5 48 0.02 0.02
5 49 0.1 0.01
6 7 0.08 0.01
6 8 0.05 0.02
6 9 0.06 0.02
6 10 0.01 0.02
6 11 0.05 0.01
6 12 0.07 0.01
6 13 0.11 0.01
6 14 0.08 0.01
6 15 0.11 0.01
6 16 0.03 0.01
6 17 92.28 0.01
6 18 0.07 0.02
6 19 0.04 0.01
6 20 0.05 0.01
6 21 0.02 0.02
6 22 0.08 0.01
6 23 0.09 0.01
6 24 52.88 0.01
6 25 0.1 0.02
6 26 0.08 0.01
6 27 44.02 0.01
6 28 0.1 0.02
6 29 0.02 0.01
6 30 0.05 0.01
6 31 0.1 0.02
6 32 0.05 0.01
6 33 0.05 0.01
6 34 0.09 0.02
6 35 0.09 0.02
6 36 16.35 0.02
6 37 0.06 0.02
6 38 29.15 0.01
6 39 0.04 0.01
6 40 0.02 0.02
6 41 94.01 0.02
6 42 0.06 0.01
6 43 45.34 0.02
6 44 0.02 0.01
6 45 33.28 0.02
6 46 0.1 0.02
6 47 0.01 0.02
6 48 0.02 0.02
6 49 0.01 0.02
7 8 0.04 0.01
7 9 0.08 0.01
7 10 0.04 0.02
7 11 0.07 0.01
7 12 0.1 0.02
7 13 0.04 0.02
7 14 0.11 0.02
7 15 0.02 0.01
7 16 0.11 0.02
7 17 96.19 0.01
7 18 0.08 0.01
7 19 0.1 0.01
7 20 0.05 0.02
7 21 0.06 0.02
7 22 0.04 0.01
7 23 0.02 0.02
7 24 27.91 0.01
7 25 0.02 0.01
7 26 0.05 0.02
7 27 70.84 0.02
7 28 0.07 0.02
7 29 0.04 0.02
7 30 0.06 0.01
7 31 0.05 0.01
7 32 0.11 0.02
7 33 0.06 0.01
7 34 0.01 0.02
7 35 0.11 0.01
7 36 29.34 0.01
7 37 0.07 0.01
7 38 61.35 0.02
7 39 0.04 0.01
7 40 0.06 0.02
7 41 5.96 0.01
7 42 0.08 0.02
7 43 18.03 0.02
7 44 0.02 0.02
7 45 33.74 0.01
7 46 0.1 0.01
7 47 0.05 0.02
7 48 0.05 0.02
7 49 0.09 0.01
8 9 0.05 0.01
8 10 0.04 0.01
8 11 0.02 0.01
8 12 0.09 0.02
8 13 0.08 0.01
8 14 0.03 0.01
8 15 0.08 0.02
8 16 0.06 0.01
8 17 67.03 0.02
8 18 0.04 0.02
8 19 0.01 0.01
8 20 0.05 0.02
8 21 0.04 0.01
8 22 0.03 0.01
8 23 0.02 0.01
8 24 4.71 0.02
8 25 0.07 0.02
8 26 0.07 0.01
8 27 45.04 0.02
8 28 0.05 0.01
8 29 0.08 0.01
8 30 0.1 0.01
8 31 0.09 0.02
8 32 0.05 0.02
8 33 0.03 0.02
8 34 0.11 0.02
8 35 0.05 0.02
8 36 99.07 0.01
8 37 0.06 0.02
8 38 2.58 0.02
8 39 0.06 0.01
8 40 0.08 0.02
8 41 18.67 0.02
8 42 0.07 0.01
8 43 81.31 0.01
8 44 0.07 0.01
8 45 42.57 0.02
8 46 0.1 0.01
8 47 0.08 0.01
8 48 0.03 0.01
8 49 0.02 0.01
9 10 0.03 0.01
9 11 0.05 0.01
9 12 0.03 0.02
9 13 0.02 0.02
9 14 0.07 0.02
9 15 0.02 0.01
9 16 0.09 0.02
9 17 5.06 0.01
9 18 0.11 0.01
9 19 0.11 0.01
9 20 0.07 0.02
9 21 0.09 0.01
9 22 0.08 0.01
9 23 0.05 0.02
9 24 50.01 0.01
9 25 0.11 0.01
9 26 0.02 0.02
9 27 20.49 0.02
9 28 0.01 0.02
9 29 0.05 0.01
9 30 0.08 0.01
9 31 0.05 0.01
9 32 0.07 0.01
9 33 0.07 0.02
9 34 0.07 0.01
9 35 0.05 0.02
9 36 82.27 0.02
9 37 0.1 0.02
9 38 7.42 0.02
9 39 0.04 0.02
9 40 0.07 0.02
9 41 92.58 0.01
9 42 0.05 0.01
9 43 83.68 0.02
9 44 0.05 0.01
9 45 47.81 0.01
9 46 0.02 0.01
9 47 0.05 0.02
9 48 0.05 0.02
9 49 0.06 0.02
10 11 0.02 0.01
10 12 0.09 0.01
10 13 0.02 0.02
10 14 0.05 0.01
10 15 0.07 0.02
10 16 0.03 0.02
10 17 54.59 0.01
10 18 0.02 0.01
10 19 0.08 0.02
10 20 0.04 0.02
10 21 0.09 0.02
10 22 0.08 0.01
10 23 0.07 0.02
10 24 17.55 0.01
10 25 0.08 0.01
10 26 0.05 0.01
10 27 14.62 0.01
10 28 0.06 0.01
10 29 0.03 0.02
10 30 0.05 0.02
10 31 0.05 0.02
10 32 0.1 0.01
10 33 0.03 0.01
10 34 0.05 0.02
10 35 0.09 0.02
10 36 63.65 0.01
10 37 0.08 0.01
10 38 70.26 0.02
10 39 0.05 0.02
10 40 0.04 0.02
10 41 56.91 0.01
10 42 0.08 0.01
10 43 77.3 0.01
10 44 0.02 0.02
10 45 9.8 0.01
10 46 0.01 0.01
10 47 0.01 0.02
10 48 0.11 0.02
10 49 0.07 0.02
11 12 0.04 0.02
11 13 0.03 0.02
11 14 0.06 0.01
11 15 0.03 0.02
11 16 0.1 0.02
11 17 51.65 0.01
11 18 0.06 0.01
11 19 0.04 0.02
11 20 0.06 0.01
11 21 0.1 0.01
11 22 0.04 0.01
11 23 0.06 0.02
11 24 72.22 0.02
11 25 0.03 0.01
11 26 0.08 0.02
11 27 18.92 0.02
11 28 0.11 0.01
11 29 0.04 0.02
11 30 0.07 0.02
11 31 0.05 0.01
11 32 0.02 0.02
11 33 0.06 0.01
11 34 0.08 0.02
11 35 0.05 0.02
11 36 4.72 0.01
11 37 0.11 0.02
11 38 83.18 0.01
11 39 0.11 0.02
11 40 0.06 0.02
11 41 38.87 0.02
11 42 0.09 0.01
11 43 89.23 0.01
11 44 0.04 0.02
11 45 93.7 0.01
11 46 0.1 0.01
11 47 0.07 0.02
11 48 0.03 0.01
11 49 0.05 0.01
12 13 0.11 0.01
12 14 0.1 0.02
12 15 0.04 0.02
12 16 0.04 0.01
12 17 19.16 0.01
12 18 0.08 0.01
12 19 0.02 0.01
12 20 0.08 0.01
12 21 0.05 0.02
12 22 0.06 0.02
12 23 0.02 0.02
12 24 2.59 0.01
12 25 0.07 0.01
12 26 0.08 0.02
12 27 42.15 0.02
12 28 0.02 0.02
12 29 0.04 0.01
12 30 0.04 0.01
12 31 0.06 0.02
12 32 0.08 0.02
12 33 0.06 0.01
12 34 0.01 0.01
12 35 0.03 0.01
12 36 84.65 0.01
12 37 0.05 0.02
12 38 57.63 0.02
12 39 0.02 0.02
12 40 0.02 0.01
12 41 16.46 0.01
12 42 0.1 0.02
12 43 14.27 0.02
12 44 0.09 0.01
12 45 67.37 0.01
12 46 0.03 0.01
12 47 0.03 0.02
12 48 0.04 0.02
12 49 0.05 0.02
13 14 0.07 0.01
13 15 0.07 0.01
13 16 0.09 0.01
13 17 63.53 0.02
13 18 0.08 0.01
13 19 0.04 0.01
13 20 0.1 0.02
13 21 0.05 0.02
13 22 0.1 0.02
13 23 0.03 0.01
13 24 21.02 0.01
13 25 0.05 0.01
13 26 0.11 0.02
13 27 90.59 0.02
13 28 0.1 0.01
13 29 0.02 0.01
13 30 0.07 0.02
13 31 0.06 0.01
13 32 0.04 0.01
13 33 0.02 0.01
13 34 0.1 0.01
13 35 0.04 0.02
13 36 53.43 0.02
13 37 0.09 0.01
13 38 34.87 0.02
13 39 0.06 0.02
13 40 0.11 0.01
13 41 84.81 0.01
13 42 0.05 0.02
13 43 88.21 0.02
13 44 0.11 0.02
13 45 23.23 0.01
13 46 0.08 0.01
13 47 0.05 0.02
13 48 0.11 0.01
13 49 0.07 0.01
14 15 0.02 0.02
14 16 0.09 0.02
14 17 96.53 0.02
14 18 0.1 0.02
14 19 0.04 0.01
14 20 0.08 0.01
14 21 0.06 0.01
14 22 0.07 0.01
14 23 0.06 0.02
14 24 56.97 0.01
14 25 0.07 0.02
14 26 0.05 0.01
14 27 27.98 0.01
14 28 0.08 0.02
14 29 0.07 0.02
14 30 0.02 0.01
14 31 0.06 0.01
14 32 0.08 0.02
14 33 0.07 0.01
14 34 0.03 0.02
14 35 0.02 0.02
14 36 15.45 0.02
14 37 0.02 0.02
14 38 3.34 0.01
14 39 0.1 0.02
14 40 0.09 0.02
14 41 89.01 0.02
14 42 0.04 0.02
14 43 43.4 0.02
14 44 0.04 0.01
14 45 59.76 0.01
14 46 0.06 0.02
14 47 0.01 0.02
14 48 0.03 0.02
14 49 0.01 0.02
15 16 0.04 0.02
15 17 27.06 0.02
15 18 0.11 0.01
15 19 0.04 0.01
15 20 0.07 0.01
15 21 0.1 0.01
15 22 0.09 0.01
15 23 0.06 0.01
15 24 90.88 0.01
15 25 0.07 0.01
15 26 0.1 0.01
15 27 34.59 0.02
15 28 0.05 0.01
15 29 0.04 0.02
15 30 0.06 0.02
15 31 0.1 0.01
15 32 0.04 0.01
15 33 0.02 0.02
15 34 0.08 0.02
15 35 0.04 0.02
15 36 62.55 0.02
15 37 0.01 0.01
15 38 4.15 0.02
15 39 0.04 0.01
15 40 0.1 0.01
15 41 22.73 0.01
15 42 0.09 0.01
15 43 43.01 0.01
15 44 0.09 0.01
15 45 12.67 0.02
15 46 0.05 0.02
15 47 0.03 0.01
15 48 0.04 0.01
15 49 0.02 0.02
16 17 0.14 0.01
16 18 0.04 0.02
16 19 0.07 0.01
16 20 0.05 0.02
16 21 0.06 0.02
16 22 0.08 0.01
16 23 0.08 0.01
16 24 35.0 0.01
16 25 0.05 0.02
16 26 0.02 0.01
16 27 43.8 0.01
16 28 0.08 0.01
16 29 0.04 0.01
16 30 0.07 0.01
16 31 0.03 0.01
16 32 0.02 0.02
16 33 0.06 0.01
16 34 0.04 0.02
16 35 0.05 0.01
16 36 83.0 0.01
16 37 0.1 0.01
16 38 82.75 0.02
16 39 0.03 0.01
16 40 0.11 0.01
16 41 76.07 0.02
16 42 0.02 0.02
16 43 45.08 0.02
16 44 0.07 0.01
16 45 30.05 0.02
16 46 0.05 0.01
16 47 0.06 0.02
16 48 0.09 0.02
16 49 0.08 0.02
17 18 43.94 0.02
17 19 80.45 0.01
17 20 33.21 0.02
17 21 7.07 0.02
17 22 15.54 0.01
17 23 67.96 0.01
17 24 88.97 99.8
17 25 21.57 0.01
17 26 85.89 0.01
17 27 74.77 99.8
17 28 26.71 0.01
17 29 49.48 0.01
17 30 49.12 0.02
17 31 99.32 0.02
17 32 78.32 0.01
17 33 90.66 0.02
17 34 47.27 0.01
17 35 55.84 0.02
17 36 83.13 99.8
17 37 51.0 0.01
17 38 78.9 99.8
17 39 34.2 0.01
17 40 70.56 0.01
17 41 43.73 99.8
17 42 59.26 0.02
17 43 63.54 99.8
17 44 52.75 0.01
17 45 41.83 99.8
17 46 82.44 0.01
17 47 92.0 0.02
17 48 16.61 0.01
17 49 95.21 0.01
18 19 0.04 0.01
18 20 0.01 0.01
18 21 0.08 0.01
18 22 0.02 0.02
18 23 0.05 0.01
18 24 40.17 0.02
18 25 0.02 0.01
18 26 0.11 0.02
18 27 93.96 0.01
18 28 0.06 0.01
18 29 0.05 0.01
18 30 0.09 0.02
18 31 0.09 0.02
18 32 0.04 0.01
18 33 0.09 0.02
18 34 0.02 0.01
18 35 0.06 0.02
18 36 38.98 0.02
18 37 0.05 0.01
18 38 97.76 0.01
18 39 0.03 0.01
18 40 0.04 0.01
18 41 2.72 0.02
18 42 0.05 0.01
18 43 83.65 0.01
18 44 0.04 0.01
18 45 76.03 0.02
18 46 0.03 0.01
18 47 0.09 0.01
18 48 0.1 0.01
18 49 0.09 0.01
19 20 0.04 0.02
19 21 0.05 0.01
19 22 0.1 0.02
19 23 0.08 0.01
19 24 39.99 0.02
19 25 0.06 0.02
19 26 0.04 0.01
19 27 60.78 0.02
19 28 0.01 0.02
19 29 0.06 0.02
19 30 0.1 0.01
19 31 0.01 0.02
19 32 0.1 0.01
19 33 0.02 0.02
19 34 0.06 0.01
19 35 0.03 0.02
19 36 18.83 0.01
19 37 0.11 0.01
19 38 56.37 0.02
19 39 0.09 0.01
19 40 0.03 0.02
19 41 35.48 0.02
19 42 0.07 0.02
19 43 64.96 0.02
19 44 0.04 0.02
19 45 70.2 0.01
19 46 0.05 0.02
19 47 0.07 0.02
19 48 0.09 0.01
19 49 0.07 0.01
20 21 0.06 0.02
20 22 0.11 0.02
20 23 0.01 0.02
20 24 89.59 0.02
20 25 0.05 0.02
20 26 0.05 0.01
20 27 9.59 0.02
20 28 0.08 0.02
20 29 0.05 0.02
20 30 0.06 0.01
20 31 0.11 0.01
20 32 0.06 0.01
20 33 0.09 0.01
20 34 0.05 0.02
20 35 0.11 0.02
20 36 7.32 0.01
20 37 0.05 0.01
20 38 43.21 0.02
20 39 0.08 0.01
20 40 0.02 0.02
20 41 30.26 0.02
20 42 0.05 0.01
20 43 97.87 0.01
20 44 0.04 0.02
20 45 36.39 0.02
20 46 0.08 0.02
20 47 0.04 0.01
20 48 0.04 0.02
20 49 0.07 0.01
21 22 0.04 0.02
21 23 0.08 0.01
21 24 77.05 0.02
21 25 0.08 0.01
21 26 0.09 0.02
21 27 43.19 0.02
21 28 0.1 0.01
21 29 0.04 0.01
21 30 0.05 0.02
21 31 0.09 0.01
21 32 0.02 0.02
21 33 0.1 0.02
21 34 0.08 0.02
21 35 0.02 0.02
21 36 65.31 0.02
21 37 0.04 0.02
21 38 43.34 0.01
21 39 0.04 0.02
21 40 0.03 0.01
21 41 77.88 0.01
21 42 0.09 0.01
21 43 89.35 0.02
21 44 0.05 0.02
21 45 37.59 0.02
21 46 0.1 0.02
21 47 0.03 0.02
21 48 0.08 0.01
21 49 0.06 0.01
22 23 0.04 0.01
22 24 39.48 0.02
22 25 0.01 0.01
22 26 0.06 0.01
22 27 82.53 0.02
22 28 0.09 0.01
22 29 0.04 0.01
22 30 0.07 0.01
22 31 0.07 0.02
22 32 0.04 0.02
22 33 0.01 0.02
22 34 0.09 0.02
22 35 0.1 0.02
22 36 71.69 0.02
22 37 0.07 0.02
22 38 18.4 0.01
22 39 0.11 0.02
22 40 0.09 0.02
22 41 11.77 0.01
22 42 0.07 0.01
22 43 20.79 0.02
22 44 0.11 0.02
22 45 43.16 0.01
22 46 0.07 0.01
22 47 0.05 0.02
22 48 0.02 0.02
22 49 0.05 0.01
23 24 74.93 0.01
23 25 0.07 0.02
23 26 0.05 0.01
23 27 81.01 0.02
23 28 0.09 0.02
23 29 0.07 0.02
23 30 0.06 0.01
23 31 0.03 0.02
23 32 0.04 0.01
23 33 0.07 0.01
23 34 0.07 0.01
23 35 0.04 0.02
23 36 9.7 0.01
23 37 0.06 0.02
23 38 39.77 0.01
23 39 0.05 0.01
23 40 0.03 0.01
23 41 99.41 0.02
23 42 0.05 0.01
23 43 14.48 0.02
23 44 0.06 0.01
23 45 21.45 0.02
23 46 0.03 0.02
23 47 0.05 0.02
23 48 0.11 0.01
23 49 0.08 0.01
24 25 73.85 0.02
24 26 54.9 0.02
24 27 29.69 99.8
24 28 71.5 0.01
24 29 87.92 0.01
24 30 13.95 0.01
24 31 57.85 0.01
24 32 20.19 0.02
24 33 83.98 0.02
24 34 75.58 0.02
24 35 76.31 0.02
24 36 10.42 99.8
24 37 75.51 0.02
24 38 87.22 99.8
24 39 99.16 0.01
24 40 16.91 0.01
24 41 62.95 99.8
24 42 78.89 0.01
24 43 25.79 99.8
24 44 39.05 0.01
24 45 72.25 99.8
24 46 58.98 0.01
24 47 54.25 0.01
24 48 47.08 0.02
24 49 39.29 0.01
25 26 0.06 0.02
25 27 61.39 0.02
25 28 0.05 0.02
25 29 0.06 0.01
25 30 0.03 0.02
25 31 0.1 0.01
25 32 0.09 0.02
25 33 0.05 0.02
25 34 0.11 0.01
25 35 0.02 0.01
25 36 39.39 0.01
25 37 0.08 0.02
25 38 35.91 0.01
25 39 0.01 0.01
25 40 0.06 0.01
25 41 52.0 0.02
25 42 0.04 0.02
25 43 88.68 0.02
25 44 0.09 0.01
25 45 48.06 0.02
25 46 0.08 0.02
25 47 0.03 0.01
25 48 0.07 0.02
25 49 0.1 0.01
26 27 15.93 0.02
26 28 0.1 0.02
26 29 0.07 0.02
26 30 0.06 0.01
26 31 0.03 0.01
26 32 0.02 0.02
26 33 0.1 0.02
26 34 0.08 0.02
26 35 0.04 0.02
26 36 49.26 0.01
26 37 0.01 0.01
26 38 95.4 0.01
26 39 0.08 0.02
26 40 0.05 0.02
26 41 97.69 0.01
26 42 0.1 0.01
26 43 21.13 0.02
26 44 0.01 0.01
26 45 69.93 0.01
26 46 0.05 0.01
26 47 0.04 0.02
26 48 0.03 0.02
26 49 0.04 0.02
27 28 9.68 0.01
27 29 26.38 0.02
27 30 4.32 0.02
27 31 72.78 0.01
27 32 36.57 0.02
27 33 68.0 0.01
27 34 67.71 0.02
27 35 32.97 0.02
27 36 27.4 99.8
27 37 27.62 0.01
27 38 65.31 99.8
27 39 40.97 0.01
27 40 99.58 0.02
27 41 6.96 99.8
27 42 28.26 0.01
27 43 76.25 99.8
27 44 76.43 0.01
27 45 63.97 99.8
27 46 52.21 0.02
27 47 74.2 0.02
27 48 48.55 0.01
27 49 2.75 0.01
28 29 0.04 0.01
28 30 0.1 0.01
28 31 0.02 0.01
28 32 0.09 0.02
28 33 0.04 0.02
28 34 0.11 0.02
28 35 0.05 0.02
28 36 81.33 0.02
28 37 0.04 0.02
28 38 12.62 0.02
28 39 0.03 0.02
28 40 0.09 0.01
28 41 27.11 0.02
28 42 0.11 0.01
28 43 15.5 0.01
28 44 0.07 0.01
28 45 28.17 0.02
28 46 0.05 0.02
28 47 0.05 0.02
28 48 0.07 0.01
28 49 0.04 0.02
29 30 0.03 0.01
29 31 0.05 0.01
29 32 0.06 0.02
29 33 0.08 0.01
29 34 0.01 0.01
29 35 0.03 0.01
29 36 93.99 0.01
29 37 0.09 0.01
29 38 17.46 0.01
29 39 0.08 0.01
29 40 0.06 0.01
29 41 90.94 0.01
29 42 0.02 0.02
29 43 48.13 0.02
29 44 0.07 0.02
29 45 88.12 0.02
29 46 0.01 0.02
29 47 0.01 0.01
29 48 0.04 0.01
29 49 0.06 0.02
30 31 0.04 0.02
30 32 0.07 0.02
30 33 0.1 0.01
30 34 0.09 0.01
30 35 0.1 0.02
30 36 72.17 0.02
30 37 0.04 0.01
30 38 77.34 0.02
30 39 0.1 0.01
30 40 0.02 0.02
30 41 57.99 0.01
30 42 0.02 0.01
30 43 40.43 0.01
30 44 0.11 0.01
30 45 88.88 0.02
30 46 0.04 0.02
30 47 0.09 0.02
30 48 0.04 0.02
30 49 0.08 0.01
31 32 0.03 0.02
31 33 0.09 0.01
31 34 0.01 0.02
31 35 0.07 0.02
31 36 99.37 0.01
31 37 0.03 0.02
31 38 20.62 0.01
31 39 0.1 0.01
31 40 0.1 0.02
31 41 22.93 0.02
31 42 0.09 0.01
31 43 87.28 0.02
31 44 0.09 0.01
31 45 92.12 0.01
31 46 0.08 0.01
31 47 0.06 0.01
31 48 0.03 0.02
31 49 0.02 0.02
32 33 0.02 0.01
32 34 0.1 0.02
32 35 0.1 0.01
32 36 60.12 0.02
32 37 0.07 0.02
32 38 62.64 0.01
32 39 0.05 0.01
32 40 0.09 0.02
32 41 93.59 0.02
32 42 0.07 0.02
32 43 24.05 0.01
32 44 0.01 0.01
32 45 3.84 0.02
32 46 0.09 0.01
32 47 0.05 0.01
32 48 0.03 0.01
32 49 0.02 0.01
33 34 0.09 0.02
33 35 0.09 0.01
33 36 46.08 0.01
33 37 0.04 0.02
33 38 6.69 0.01
33 39 0.02 0.01
33 40 0.06 0.02
33 41 84.21 0.02
33 42 0.11 0.01
33 43 34.65 0.02
33 44 0.06 0.02
33 45 95.6 0.02
33 46 0.02 0.02
33 47 0.07 0.01
33 48 0.09 0.01
33 49 0.11 0.02
34 35 0.09 0.01
34 36 24.66 0.02
34 37 0.01 0.02
34 38 6.18 0.02
34 39 0.07 0.02
34 40 0.07 0.01
34 41 61.8 0.02
34 42 0.03 0.01
34 43 4.02 0.01
34 44 0.03 0.02
34 45 58.13 0.02
34 46 0.06 0.02
34 47 0.04 0.01
34 48 0.06 0.02
34 49 0.01 0.01
35 36 24.55 0.01
35 37 0.02 0.02
35 38 33.35 0.02
35 39 0.08 0.02
35 40 0.07 0.02
35 41 3.91 0.01
35 42 0.02 0.01
35 43 59.71 0.02
35 44 0.09 0.02
35 45 58.9 0.01
35 46 0.05 0.02
35 47 0.03 0.01
35 48 0.03 0.01
35 49 0.06 0.02
36 37 27.49 0.01
36 38 77.59 99.8
36 39 79.29 0.02
36 40 13.96 0.01
36 41 46.01 99.8
36 42 45.08 0.01
36 43 60.63 99.8
36 44 78.75 0.01
36 45 97.69 99.8
36 46 95.49 0.01
36 47 74.44 0.02
36 48 35.79 0.02
36 49 88.57 0.02
37 38 58.58 0.01
37 39 0.05 0.01
37 40 0.02 0.02
37 41 63.21 0.01
37 42 0.1 0.01
37 43 1.79 0.01
37 44 0.04 0.01
37 45 11.29 0.01
37 46 0.09 0.02
37 47 0.05 0.02
37 48 0.06 0.02
37 49 0.02 0.01
38 39 77.87 0.01
38 40 86.13 0.02
38 41 3.27 99.8
38 42 68.31 0.02
38 43 93.49 99.8
38 44 36.88 0.02
38 45 0.96 99.8
38 46 60.98 0.02
38 47 84.72 0.01
38 48 62.07 0.01
38 49 86.19 0.02
39 40 0.01 0.02
39 41 18.19 0.01
39 42 0.03 0.02
39 43 66.48 0.02
39 44 0.05 0.01
39 45 79.57 0.01
39 46 0.1 0.01
39 47 0.08 0.02
39 48 0.1 0.02
39 49 0.02 0.01
40 41 84.56 0.02
40 42 0.04 0.01
40 43 94.09 0.02
40 44 0.1 0.02
40 45 27.76 0.01
40 46 0.08 0.01
40 47 0.1 0.02
40 48 0.08 0.01
40 49 0.03 0.01
41 42 14.88 0.01
41 43 53.64 99.8
41 44 48.3 0.01
41 45 26.23 99.8
41 46 30.27 0.01
41 47 66.85 0.02
41 48 6.98 0.01
41 49 12.71 0.01
42 43 71.26 0.01
42 44 0.11 0.02
42 45 82.21 0.02
42 46 0.09 0.02
42 47 0.08 0.02
42 48 0.09 0.02
42 49 0.02 0.01
43 44 84.89 0.02
43 45 56.76 99.8
43 46 2.45 0.02
43 47 77.43 0.02
43 48 28.81 0.02
43 49 39.27 0.01
44 45 65.05 0.02
44 46 0.05 0.02
44 47 0.03 0.01
44 48 0.03 0.01
44 49 0.11 0.02
45 46 57.54 0.01
45 47 69.94 0.02
45 48 24.85 0.02
45 49 91.4 0.02
46 47 0.07 0.01
46 48 0.06 0.02
46 49 0.02 0.01
47 48 0.11 0.02
47 49 0.07 0.02
48 49 0.03 0.02