50
99.0
0 1 26.037 27.0
0 2 5.18 22.0
0 3 10.398 21.0
0 4 38.138 24.0
0 5 21.559 25.0
0 6 39.33 29.0
0 7 18.684 25.0
0 8 7.35 28.0
0 9 18.368 22.0
0 10 6.186 22.0
0 11 19.846 28.0
0 12 8.84 27.0
0 13 34.88 26.0
0 14 16.388 22.0
0 15 23.265 22.0
0 16 36.316 24.0
0 17 14.753 24.0
0 18 18.347 29.0
0 19 37.645 24.0
0 20 8.844 26.0
0 21 16.456 22.0
0 22 16.741 25.0
0 23 5.154 20.0
0 24 19.927 25.0
0 25 1.042 28.0
0 26 25.024 25.0
0 27 35.155 26.0
0 28 36.523 28.0
0 29 10.777 29.0
0 30 20.693 28.0
0 31 92.303 0.0
0 32 31.133 22.0
0 33 18.159 20.0
0 34 90.183 1.0
0 35 21.341 25.0
0 36 18.22 24.0
0 37 25.632 25.0
0 38 2.818 23.0
0 39 33.757 28.0
0 40 31.108 24.0
0 41 61.009 1.0
0 42 22.974 21.0
0 43 4.811 26.0
0 44 26.359 29.0
0 45 26.789 28.0
0 46 35.13 27.0
0 47 17.117 28.0
0 48 7.747 20.0
0 49 36.532 27.0
1 2 27.139 22.0
1 3 33.826 23.0
1 4 17.168 23.0
1 5 36.947 26.0
1 6 13.004 0.0
1 7 33.346 23.0
1 8 15.792 25.0
1 9 1.713 24.0
1 10 23.382 20.0
1 11 7.234 27.0
1 12 38.944 29.0
1 13 29.749 22.0
1 14 34.407 29.0
1 15 21.183 26.0
1 16 25.155 21.0
1 17 34.947 25.0
1 18 39.444 26.0
1 19 23.919 26.0
1 20 16.555 23.0
1 21 6.006 22.0
1 22 24.729 21.0
1 23 14.117 23.0
1 24 34.641 29.0
1 25 1.636 22.0
1 26 10.556 23.0
1 27 3.916 25.0
1 28 11.994 24.0
1 29 37.471 21.0
1 30 1.487 27.0
1 31 9.192 24.0
1 32 34.066 22.0
1 33 29.232 21.0
1 34 17.773 21.0
1 35 39.514 24.0
1 36 19.569 23.0
1 37 10.652 27.0
1 38 3.834 23.0
1 39 28.314 27.0
1 40 13.787 27.0
1 41 3.489 29.0
1 42 30.437 20.0
1 43 5.948 21.0
1 44 21.017 29.0
1 45 19.703 21.0
1 46 19.432 0.0
1 47 38.318 27.0
1 48 29.986 23.0
1 49 2.96 27.0
2 3 24.131 20.0
2 4 93.558 0.0
2 5 24.343 25.0
2 6 35.546 24.0
2 7 9.926 27.0
2 8 31.349 21.0
2 9 1.28 27.0
2 10 21.689 22.0
2 11 16.389 28.0
2 12 9.32 20.0
2 13 37.521 24.0
2 14 21.839 25.0
2 15 25.763 20.0
2 16 15.651 26.0
2 17 23.017 20.0
2 18 4.47 22.0
2 19 0.906 20.0
2 20 98.646 1.0
2 21 38.671 29.0
2 22 37.827 20.0
2 23 4.335 29.0
2 24 10.826 28.0
2 25 5.749 21.0
2 26 24.45 20.0
2 27 2.32 20.0
2 28 26.21 23.0
2 29 3.063 22.0
2 30 11.454 20.0
2 31 36.727 28.0
2 32 1.5 29.0
2 33 6.17 27.0
2 34 31.287 29.0
2 35 14.262 28.0
2 36 1.359 29.0
2 37 34.191 25.0
2 38 31.787 21.0
2 39 24.298 27.0
2 40 26.925 26.0
2 41 35.183 23.0
2 42 35.92 29.0
2 43 24.569 21.0
2 44 15.872 27.0
2 45 29.886 27.0
2 46 4.053 28.0
2 47 34.07 26.0
2 48 18.734 26.0
2 49 31.209 28.0
3 4 29.158 24.0
3 5 6.522 22.0
3 6 14.262 24.0
3 7 70.89 1.0
3 8 0.167 27.0
3 9 26.922 20.0
3 10 37.041 21.0
3 11 5.345 23.0
3 12 13.045 25.0
3 13 7.477 22.0
3 14 38.804 27.0
3 15 30.106 23.0
3 16 6.122 26.0
3 17 27.252 27.0
3 18 8.107 20.0
3 19 39.371 27.0
3 20 23.896 20.0
3 21 35.594 25.0
3 22 29.533 26.0
3 23 22.708 20.0
3 24 2.698 21.0
3 25 26.788 21.0
3 26 6.38 22.0
3 27 4.671 29.0
3 28 13.32 25.0
3 29 10.424 20.0
3 30 12.403 24.0
3 31 13.375 22.0
3 32 33.745 25.0
3 33 32.647 22.0
3 34 2.344 27.0
3 35 36.082 26.0
3 36 15.136 24.0
3 37 19.868 29.0
3 38 6.617 22.0
3 39 11.841 28.0
3 40 16.553 22.0
3 41 28.748 25.0
3 42 24.56 20.0
3 43 28.669 29.0
3 44 20.89 22.0
3 45 22.197 24.0
3 46 24.369 21.0
3 47 9.441 22.0
3 48 17.693 23.0
3 49 28.161 24.0
4 5 35.257 27.0
4 6 24.084 28.0
4 7 35.602 22.0
4 8 20.962 29.0
4 9 25.022 25.0
4 10 22.245 20.0
4 11 3.351 22.0
4 12 21.525 22.0
4 13 31.827 27.0
4 14 9.167 24.0
4 15 34.497 20.0
4 16 15.073 29.0
4 17 22.178 21.0
4 18 26.356 27.0
4 19 38.562 26.0
4 20 66.743 1.0
4 21 25.969 27.0
4 22 18.788 26.0
4 23 1.475 26.0
4 24 31.953 27.0
4 25 13.152 23.0
4 26 29.013 22.0
4 27 9.704 24.0
4 28 2.996 23.0
4 29 34.919 25.0
4 30 0.233 23.0
4 31 6.481 23.0
4 32 22.447 26.0
4 33 2.074 20.0
4 34 4.653 27.0
4 35 1.076 25.0
4 36 30.716 27.0
4 37 12.774 28.0
4 38 18.39 28.0
4 39 33.542 21.0
4 40 1.692 22.0
4 41 18.515 24.0
4 42 12.611 20.0
4 43 3.505 22.0
4 44 8.029 25.0
4 45 23.489 27.0
4 46 11.648 20.0
4 47 3.612 29.0
4 48 10.901 28.0
4 49 36.013 23.0
5 6 17.983 20.0
5 7 38.568 27.0
5 8 21.349 26.0
5 9 34.795 28.0
5 10 34.334 25.0
5 11 16.879 28.0
5 12 22.712 29.0
5 13 30.315 21.0
5 14 5.221 23.0
5 15 27.397 21.0
5 16 33.539 21.0
5 17 23.349 21.0
5 18 9.99 26.0
5 19 0.761 24.0
5 20 15.685 26.0
5 21 38.127 26.0
5 22 11.485 24.0
5 23 36.498 24.0
5 24 25.606 20.0
5 25 10.579 29.0
5 26 98.544 1.0
5 27 27.667 25.0
5 28 20.761 29.0
5 29 19.899 29.0
5 30 18.286 29.0
5 31 22.457 26.0
5 32 13.275 28.0
5 33 6.743 20.0
5 34 29.169 29.0
5 35 27.449 28.0
5 36 5.235 27.0
5 37 27.251 23.0
5 38 26.749 22.0
5 39 9.797 21.0
5 40 3.666 29.0
5 41 17.204 20.0
5 42 18.048 29.0
5 43 38.406 28.0
5 44 26.034 24.0
5 45 13.465 24.0
5 46 0.402 29.0
5 47 1.888 27.0
5 48 13.465 25.0
5 49 1.211 20.0
6 7 4.788 22.0
6 8 23.474 24.0
6 9 1.812 26.0
6 10 23.567 21.0
6 11 33.555 27.0
6 12 28.437 28.0
6 13 39.038 20.0
6 14 31.712 29.0
6 15 22.851 21.0
6 16 14.042 22.0
6 17 33.336 22.0
6 18 19.095 22.0
6 19 7.365 27.0
6 20 18.446 29.0
6 21 34.672 28.0
6 22 11.829 23.0
6 23 23.491 23.0
6 24 11.064 26.0
6 25 29.404 27.0
6 26 1.301 29.0
6 27 26.321 23.0
6 28 7.639 22.0
6 29 0.253 23.0
6 30 18.604 27.0
6 31 1.196 24.0
6 32 31.909 22.0
6 33 0.287 20.0
6 34 36.875 21.0
6 35 6.076 29.0
6 36 34.712 28.0
6 37 30.741 27.0
6 38 0.281 28.0
6 39 38.035 27.0
6 40 16.094 21.0
6 41 23.167 27.0
6 42 31.898 21.0
6 43 18.284 27.0
6 44 24.542 26.0
6 45 32.581 25.0
6 46 63.309 1.0
6 47 24.431 22.0
6 48 39.867 20.0
6 49 1.754 29.0
7 8 6.983 22.0
7 9 21.545 20.0
7 10 27.09 28.0
7 11 24.891 27.0
7 12 11.77 29.0
7 13 18.966 26.0
7 14 18.68 24.0
7 15 38.832 28.0
7 16 6.899 21.0
7 17 31.321 22.0
7 18 4.926 24.0
7 19 6.728 22.0
7 20 18.869 26.0
7 21 22.912 23.0
7 22 5.423 27.0
7 23 9.63 20.0
7 24 30.048 28.0
7 25 1.538 26.0
7 26 28.878 22.0
7 27 28.44 29.0
7 28 24.302 21.0
7 29 15.81 20.0
7 30 12.699 27.0
7 31 38.244 25.0
7 32 38.578 28.0
7 33 27.147 26.0
7 34 30.988 25.0
7 35 12.026 21.0
7 36 31.449 23.0
7 37 5.971 28.0
7 38 23.189 24.0
7 39 39.647 26.0
7 40 1.706 29.0
7 41 5.946 24.0
7 42 14.498 21.0
7 43 34.782 27.0
7 44 7.559 27.0
7 45 22.154 21.0
7 46 25.626 25.0
7 47 7.566 26.0
7 48 14.764 24.0
7 49 12.278 22.0
8 9 33.628 21.0
8 10 3.088 21.0
8 11 26.221 21.0
8 12 0.348 23.0
8 13 35.074 21.0
8 14 29.072 21.0
8 15 28.601 27.0
8 16 12.037 20.0
8 17 31.842 20.0
8 18 8.705 27.0
8 19 38.747 29.0
8 20 33.762 21.0
8 21 32.841 21.0
8 22 18.915 20.0
8 23 20.597 21.0
8 24 33.422 28.0
8 25 25.92 28.0
8 26 18.11 27.0
8 27 32.196 29.0
8 28 12.56 25.0
8 29 25.161 20.0
8 30 12.39 27.0
8 31 22.241 20.0
8 32 26.327 25.0
8 33 30.241 29.0
8 34 30.966 22.0
8 35 38.844 27.0
8 36 12.478 28.0
8 37 17.533 23.0
8 38 13.719 26.0
8 39 12.577 28.0
8 40 12.295 26.0
8 41 11.918 23.0
8 42 23.48 25.0
8 43 61.908 1.0
8 44 33.377 28.0
8 45 16.511 26.0
8 46 16.788 23.0
8 47 8.758 25.0
8 48 34.084 23.0
8 49 27.635 22.0
9 10 5.617 23.0
9 11 13.247 21.0
9 12 3.154 26.0
9 13 19.785 21.0
9 14 31.389 23.0
9 15 6.851 22.0
9 16 37.91 24.0
9 17 29.338 29.0
9 18 13.553 29.0
9 19 15.44 27.0
9 20 15.429 27.0
9 21 4.279 24.0
9 22 30.352 21.0
9 23 38.412 25.0
9 24 37.217 26.0
9 25 27.693 20.0
9 26 16.934 21.0
9 27 36.344 22.0
9 28 20.018 1.0
9 29 0.322 28.0
9 30 75.946 0.0
9 31 18.033 21.0
9 32 7.469 28.0
9 33 24.055 26.0
9 34 20.51 20.0
9 35 77.675 0.0
9 36 31.023 24.0
9 37 29.125 20.0
9 38 31.82 26.0
9 39 0.054 22.0
9 40 9.921 26.0
9 41 10.85 26.0
9 42 30.984 24.0
9 43 16.827 27.0
9 44 31.475 29.0
9 45 20.603 21.0
9 46 28.082 22.0
9 47 10.366 27.0
9 48 19.33 24.0
9 49 22.009 29.0
10 11 15.603 23.0
10 12 3.291 26.0
10 13 32.147 22.0
10 14 5.054 23.0
10 15 31.164 22.0
10 16 6.282 25.0
10 17 8.119 29.0
10 18 9.767 23.0
10 19 6.924 23.0
10 20 7.068 26.0
10 21 17.992 1.0
10 22 63.113 0.0
10 23 35.176 26.0
10 24 28.477 28.0
10 25 12.68 26.0
10 26 27.509 23.0
10 27 18.723 23.0
10 28 18.738 20.0
10 29 12.582 27.0
10 30 25.653 26.0
10 31 8.213 20.0
10 32 25.306 28.0
10 33 36.537 25.0
10 34 22.351 23.0
10 35 10.917 27.0
10 36 38.511 25.0
10 37 26.66 22.0
10 38 18.943 23.0
10 39 1.218 25.0
10 40 13.315 21.0
10 41 39.283 22.0
10 42 26.238 24.0
10 43 8.547 23.0
10 44 30.213 29.0
10 45 4.89 0.0
10 46 32.191 23.0
10 47 36.555 24.0
10 48 21.755 29.0
10 49 26.17 28.0
11 12 16.494 20.0
11 13 12.617 29.0
11 14 35.848 28.0
11 15 33.309 28.0
11 16 17.329 27.0
11 17 9.265 24.0
11 18 15.781 23.0
11 19 29.239 22.0
11 20 20.073 29.0
11 21 4.39 23.0
11 22 37.544 26.0
11 23 63.173 0.0
11 24 36.335 28.0
11 25 29.138 25.0
11 26 20.546 27.0
11 27 23.727 28.0
11 28 37.785 23.0
11 29 7.913 27.0
11 30 13.434 28.0
11 31 12.231 20.0
11 32 27.892 29.0
11 33 3.82 20.0
11 34 22.837 20.0
11 35 7.048 20.0
11 36 13.897 26.0
11 37 3.489 27.0
11 38 14.191 24.0
11 39 15.162 27.0
11 40 2.97 24.0
11 41 3.741 25.0
11 42 28.737 28.0
11 43 29.706 29.0
11 44 27.171 24.0
11 45 9.66 20.0
11 46 12.379 20.0
11 47 24.404 23.0
11 48 8.603 20.0
11 49 38.437 24.0
12 13 21.32 0.0
12 14 8.859 24.0
12 15 5.17 21.0
12 16 31.624 20.0
12 17 34.926 26.0
12 18 87.5 1.0
12 19 7.634 28.0
12 20 31.905 20.0
12 21 7.757 29.0
12 22 37.633 22.0
12 23 3.36 22.0
12 24 19.252 24.0
12 25 39.869 28.0
12 26 18.745 23.0
12 27 13.626 22.0
12 28 37.84 24.0
12 29 70.578 0.0
12 30 20.962 26.0
12 31 12.665 26.0
12 32 30.926 29.0
12 33 29.625 21.0
12 34 23.89 28.0
12 35 21.358 28.0
12 36 27.729 29.0
12 37 27.258 24.0
12 38 38.15 28.0
12 39 2.469 20.0
12 40 11.59 24.0
12 41 14.581 23.0
12 42 39.147 25.0
12 43 3.238 25.0
12 44 1.635 23.0
12 45 9.159 23.0
12 46 26.771 26.0
12 47 24.433 29.0
12 48 21.289 29.0
12 49 2.98 22.0
13 14 29.117 25.0
13 15 31.871 23.0
13 16 12.963 21.0
13 17 32.988 21.0
13 18 26.159 0.0
13 19 36.998 22.0
13 20 28.197 23.0
13 21 19.864 25.0
13 22 6.301 23.0
13 23 2.803 20.0
13 24 20.624 27.0
13 25 24.923 27.0
13 26 2.337 25.0
13 27 17.646 26.0
13 28 11.402 22.0
13 29 91.139 0.0
13 30 13.378 24.0
13 31 39.515 22.0
13 32 7.24 29.0
13 33 7.11 23.0
13 34 16.463 26.0
13 35 33.814 25.0
13 36 3.718 28.0
13 37 6.52 24.0
13 38 38.147 22.0
13 39 10.996 20.0
13 40 36.619 27.0
13 41 8.257 24.0
13 42 34.816 25.0
13 43 32.133 22.0
13 44 27.176 27.0
13 45 37.097 29.0
13 46 11.414 21.0
13 47 0.47 27.0
13 48 38.391 26.0
13 49 26.318 21.0
14 15 18.811 25.0
14 16 24.169 29.0
14 17 20.573 20.0
14 18 3.498 23.0
14 19 3.217 21.0
14 20 6.269 29.0
14 21 18.506 25.0
14 22 37.775 28.0
14 23 4.069 27.0
14 24 10.378 28.0
14 25 28.021 27.0
14 26 26.54 24.0
14 27 11.115 24.0
14 28 33.731 20.0
14 29 17.89 26.0
14 30 3.207 23.0
14 31 14.149 27.0
14 32 21.907 27.0
14 33 20.638 23.0
14 34 36.29 26.0
14 35 8.955 22.0
14 36 37.026 27.0
14 37 27.199 28.0
14 38 9.24 28.0
14 39 38.146 20.0
14 40 0.4 24.0
14 41 38.502 25.0
14 42 11.614 24.0
14 43 6.007 25.0
14 44 11.766 26.0
14 45 8.958 29.0
14 46 16.388 25.0
14 47 17.571 22.0
14 48 4.521 22.0
14 49 10.492 23.0
15 16 25.939 20.0
15 17 32.118 23.0
15 18 13.688 20.0
15 19 16.862 25.0
15 20 22.255 29.0
15 21 33.677 20.0
15 22 8.619 28.0
15 23 0.814 23.0
15 24 27.86 26.0
15 25 9.901 20.0
15 26 33.156 24.0
15 27 14.526 20.0
15 28 29.275 26.0
15 29 15.175 27.0
15 30 0.639 24.0
15 31 25.579 29.0
15 32 14.003 25.0
15 33 29.428 20.0
15 34 24.595 22.0
15 35 26.908 25.0
15 36 26.665 21.0
15 37 33.784 26.0
15 38 1.008 22.0
15 39 27.906 27.0
15 40 39.075 28.0
15 41 4.609 21.0
15 42 13.376 26.0
15 43 19.607 22.0
15 44 8.542 22.0
15 45 38.567 20.0
15 46 36.712 21.0
15 47 6.049 29.0
15 48 29.877 29.0
15 49 12.331 21.0
16 17 11.781 29.0
16 18 33.773 21.0
16 19 30.363 24.0
16 20 5.497 27.0
16 21 8.946 22.0
16 22 32.022 28.0
16 23 37.085 27.0
16 24 24.296 22.0
16 25 12.158 27.0
16 26 22.589 24.0
16 27 13.154 28.0
16 28 36.918 25.0
16 29 30.136 24.0
16 30 9.744 21.0
16 31 36.908 25.0
16 32 5.518 28.0
16 33 3.429 28.0
16 34 26.309 28.0
16 35 17.623 23.0
16 36 16.451 29.0
16 37 37.829 28.0
16 38 12.125 24.0
16 39 11.351 20.0
16 40 12.884 21.0
16 41 13.587 25.0
16 42 0.931 22.0
16 43 6.587 26.0
16 44 1.128 24.0
16 45 39.683 26.0
16 46 5.932 28.0
16 47 33.454 20.0
16 48 16.849 25.0
16 49 0.772 28.0
17 18 13.655 29.0
17 19 7.09 25.0
17 20 11.083 24.0
17 21 7.55 27.0
17 22 22.156 29.0
17 23 28.069 21.0
17 24 78.107 1.0
17 25 33.586 1.0
17 26 4.031 21.0
17 27 39.613 22.0
17 28 27.441 29.0
17 29 26.143 29.0
17 30 6.187 24.0
17 31 25.549 20.0
17 32 7.4 25.0
17 33 25.208 20.0
17 34 31.192 23.0
17 35 23.936 22.0
17 36 4.355 20.0
17 37 26.8 22.0
17 38 34.519 21.0
17 39 4.378 20.0
17 40 24.144 22.0
17 41 3.792 20.0
17 42 16.834 23.0
17 43 36.412 27.0
17 44 22.214 26.0
17 45 17.437 24.0
17 46 23.295 28.0
17 47 38.175 27.0
17 48 96.552 0.0
17 49 9.045 25.0
18 19 2.748 21.0
18 20 15.317 28.0
18 21 27.681 21.0
18 22 26.416 27.0
18 23 11.697 22.0
18 24 10.444 25.0
18 25 11.719 24.0
18 26 15.648 27.0
18 27 8.739 27.0
18 28 31.116 25.0
18 29 64.378 0.0
18 30 31.251 21.0
18 31 7.325 29.0
18 32 5.302 28.0
18 33 29.091 21.0
18 34 24.558 24.0
18 35 4.406 24.0
18 36 10.821 27.0
18 37 34.135 27.0
18 38 21.137 24.0
18 39 25.807 25.0
18 40 30.158 27.0
18 41 20.436 24.0
18 42 24.407 29.0
18 43 4.18 29.0
18 44 33.217 27.0
18 45 34.464 20.0
18 46 5.78 23.0
18 47 38.776 20.0
18 48 11.367 25.0
18 49 18.991 22.0
19 20 29.527 24.0
19 21 31.867 27.0
19 22 11.747 20.0
19 23 14.107 28.0
19 24 17.703 29.0
19 25 37.221 26.0
19 26 24.307 24.0
19 27 80.459 0.0
19 28 0.648 23.0
19 29 7.689 24.0
19 30 1.518 24.0
19 31 10.382 25.0
19 32 33.397 25.0
19 33 15.237 27.0
19 34 11.526 26.0
19 35 0.863 28.0
19 36 27.3 25.0
19 37 38.59 21.0
19 38 16.325 22.0
19 39 17.536 1.0
19 40 34.887 20.0
19 41 30.182 29.0
19 42 19.665 25.0
19 43 33.6 27.0
19 44 3.591 20.0
19 45 19.576 29.0
19 46 10.601 28.0
19 47 27.991 25.0
19 48 2.569 23.0
19 49 27.959 22.0
20 21 30.503 26.0
20 22 36.199 24.0
20 23 19.818 22.0
20 24 33.716 21.0
20 25 20.925 25.0
20 26 8.346 21.0
20 27 17.284 25.0
20 28 22.087 21.0
20 29 31.354 21.0
20 30 9.288 27.0
20 31 36.393 27.0
20 32 22.547 25.0
20 33 38.66 25.0
20 34 15.728 28.0
20 35 4.324 22.0
20 36 39.108 24.0
20 37 22.11 26.0
20 38 7.163 22.0
20 39 0.573 22.0
20 40 21.713 21.0
20 41 15.457 23.0
20 42 29.118 20.0
20 43 20.915 27.0
20 44 11.516 22.0
20 45 3.971 21.0
20 46 18.998 25.0
20 47 37.825 22.0
20 48 15.31 21.0
20 49 27.733 25.0
21 22 37.547 0.0
21 23 34.395 28.0
21 24 16.222 24.0
21 25 21.95 22.0
21 26 3.535 23.0
21 27 38.64 29.0
21 28 5.577 22.0
21 29 34.755 21.0
21 30 34.302 25.0
21 31 12.711 22.0
21 32 36.28 21.0
21 33 15.041 22.0
21 34 12.862 24.0
21 35 17.7 25.0
21 36 31.583 20.0
21 37 16.238 25.0
21 38 26.398 20.0
21 39 12.609 21.0
21 40 7.353 27.0
21 41 26.205 20.0
21 42 11.672 21.0
21 43 17.367 21.0
21 44 13.391 20.0
21 45 91.448 0.0
21 46 30.16 26.0
21 47 25.333 27.0
21 48 10.352 22.0
21 49 38.982 29.0
22 23 14.74 28.0
22 24 34.213 29.0
22 25 9.848 29.0
22 26 31.204 28.0
22 27 22.363 20.0
22 28 21.483 28.0
22 29 11.659 20.0
22 30 25.357 27.0
22 31 25.672 20.0
22 32 24.007 22.0
22 33 6.68 29.0
22 34 22.932 23.0
22 35 28.519 26.0
22 36 9.52 21.0
22 37 30.68 26.0
22 38 6.247 22.0
22 39 21.228 25.0
22 40 31.384 21.0
22 41 37.453 27.0
22 42 12.811 26.0
22 43 19.448 29.0
22 44 25.836 26.0
22 45 68.773 0.0
22 46 22.244 28.0
22 47 9.749 20.0
22 48 30.355 24.0
22 49 1.303 20.0
23 24 30.763 28.0
23 25 1.846 25.0
23 26 34.604 24.0
23 27 26.531 21.0
23 28 37.432 29.0
23 29 26.426 29.0
23 30 9.234 27.0
23 31 1.94 27.0
23 32 7.671 25.0
23 33 11.624 22.0
23 34 37.017 20.0
23 35 5.406 22.0
23 36 23.284 29.0
23 37 6.322 23.0
23 38 27.983 21.0
23 39 22.721 21.0
23 40 36.049 25.0
23 41 23.22 24.0
23 42 26.43 27.0
23 43 6.022 28.0
23 44 16.204 27.0
23 45 27.123 28.0
23 46 39.59 29.0
23 47 16.702 21.0
23 48 16.316 23.0
23 49 36.575 24.0
24 25 7.205 0.0
24 26 26.376 24.0
24 27 24.85 20.0
24 28 0.851 27.0
24 29 7.312 28.0
24 30 30.282 20.0
24 31 10.778 26.0
24 32 38.29 27.0
24 33 13.561 25.0
24 34 23.412 22.0
24 35 35.449 27.0
24 36 22.665 28.0
24 37 32.873 24.0
24 38 28.354 22.0
24 39 36.59 23.0
24 40 11.538 29.0
24 41 26.564 24.0
24 42 31.8 22.0
24 43 20.115 21.0
24 44 16.044 24.0
24 45 2.089 25.0
24 46 35.877 28.0
24 47 16.09 21.0
24 48 64.037 0.0
24 49 23.473 24.0
25 26 5.346 24.0
25 27 29.394 27.0
25 28 9.842 21.0
25 29 8.494 21.0
25 30 16.658 20.0
25 31 26.785 28.0
25 32 3.059 28.0
25 33 32.235 27.0
25 34 36.834 23.0
25 35 1.033 23.0
25 36 20.914 28.0
25 37 39.471 29.0
25 38 27.847 22.0
25 39 38.373 23.0
25 40 12.354 29.0
25 41 36.219 24.0
25 42 32.324 21.0
25 43 2.73 29.0
25 44 30.689 23.0
25 45 25.545 28.0
25 46 23.459 20.0
25 47 21.032 28.0
25 48 61.688 1.0
25 49 31.117 20.0
26 27 23.225 23.0
26 28 31.753 23.0
26 29 3.799 25.0
26 30 39.285 25.0
26 31 20.324 25.0
26 32 26.766 21.0
26 33 23.932 24.0
26 34 6.314 24.0
26 35 17.486 26.0
26 36 38.295 29.0
26 37 8.01 20.0
26 38 20.623 28.0
26 39 25.001 20.0
26 40 4.441 24.0
26 41 17.748 25.0
26 42 38.142 20.0
26 43 20.594 25.0
26 44 26.214 23.0
26 45 16.593 23.0
26 46 29.712 25.0
26 47 13.232 20.0
26 48 23.083 29.0
26 49 23.334 25.0
27 28 11.027 20.0
27 29 33.203 28.0
27 30 14.571 20.0
27 31 22.882 28.0
27 32 18.643 28.0
27 33 18.775 21.0
27 34 5.894 22.0
27 35 38.523 21.0
27 36 37.395 29.0
27 37 1.28 29.0
27 38 0.822 25.0
27 39 66.579 1.0
27 40 3.091 28.0
27 41 19.486 22.0
27 42 38.542 27.0
27 43 20.854 22.0
27 44 37.961 27.0
27 45 2.28 26.0
27 46 18.107 25.0
27 47 5.275 26.0
27 48 36.33 26.0
27 49 8.354 21.0
28 29 37.893 28.0
28 30 62.881 0.0
28 31 18.72 21.0
28 32 3.16 22.0
28 33 24.012 21.0
28 34 23.121 28.0
28 35 4.498 0.0
28 36 24.738 28.0
28 37 37.516 24.0
28 38 2.72 21.0
28 39 26.209 26.0
28 40 0.736 27.0
28 41 7.515 24.0
28 42 5.035 26.0
28 43 24.103 20.0
28 44 28.029 27.0
28 45 6.888 29.0
28 46 26.234 28.0
28 47 15.415 29.0
28 48 36.974 24.0
28 49 11.836 28.0
29 30 22.783 24.0
29 31 16.802 29.0
29 32 3.378 26.0
29 33 31.738 24.0
29 34 19.03 22.0
29 35 26.798 29.0
29 36 4.945 28.0
29 37 26.975 23.0
29 38 17.605 21.0
29 39 27.934 27.0
29 40 29.214 29.0
29 41 8.644 29.0
29 42 32.25 28.0
29 43 15.535 23.0
29 44 17.974 24.0
29 45 31.385 27.0
29 46 13.073 20.0
29 47 2.134 27.0
29 48 16.128 20.0
29 49 15.978 29.0
30 31 23.694 21.0
30 32 20.484 21.0
30 33 3.308 22.0
30 34 38.619 23.0
30 35 91.996 1.0
30 36 11.364 20.0
30 37 13.942 24.0
30 38 34.221 21.0
30 39 34.774 21.0
30 40 37.913 20.0
30 41 1.955 29.0
30 42 6.456 24.0
30 43 16.38 25.0
30 44 27.138 24.0
30 45 0.384 25.0
30 46 36.081 22.0
30 47 37.498 28.0
30 48 21.88 20.0
30 49 3.112 27.0
31 32 2.531 20.0
31 33 33.511 29.0
31 34 59.372 0.0
31 35 26.364 21.0
31 36 31.927 23.0
31 37 30.145 25.0
31 38 16.395 23.0
31 39 27.626 26.0
31 40 7.534 29.0
31 41 46.995 0.0
31 42 17.339 24.0
31 43 9.32 27.0
31 44 18.467 29.0
31 45 8.72 20.0
31 46 26.589 21.0
31 47 20.023 24.0
31 48 22.923 28.0
31 49 21.399 27.0
32 33 38.763 29.0
32 34 35.106 29.0
32 35 19.766 23.0
32 36 25.263 29.0
32 37 1.497 26.0
32 38 26.878 22.0
32 39 38.605 21.0
32 40 24.809 25.0
32 41 35.285 22.0
32 42 16.426 22.0
32 43 11.987 20.0
32 44 14.979 25.0
32 45 19.144 23.0
32 46 24.782 29.0
32 47 58.407 1.0
32 48 14.113 26.0
32 49 29.46 22.0
33 34 8.093 21.0
33 35 26.686 20.0
33 36 17.684 29.0
33 37 2.965 28.0
33 38 14.1 26.0
33 39 33.578 23.0
33 40 22.1 21.0
33 41 20.515 21.0
33 42 16.25 21.0
33 43 5.719 25.0
33 44 13.575 26.0
33 45 2.06 20.0
33 46 6.88 29.0
33 47 21.834 23.0
33 48 3.834 25.0
33 49 5.019 25.0
34 35 9.184 22.0
34 36 0.674 23.0
34 37 28.068 24.0
34 38 26.134 23.0
34 39 16.224 27.0
34 40 0.601 27.0
34 41 3.208 1.0
34 42 20.601 28.0
34 43 39.502 28.0
34 44 31.938 26.0
34 45 38.48 22.0
34 46 5.821 28.0
34 47 13.666 20.0
34 48 4.49 28.0
34 49 4.244 20.0
35 36 7.829 23.0
35 37 36.321 21.0
35 38 0.12 24.0
35 39 9.939 26.0
35 40 7.405 20.0
35 41 12.629 24.0
35 42 37.742 21.0
35 43 28.375 21.0
35 44 22.251 25.0
35 45 38.936 20.0
35 46 37.735 21.0
35 47 11.347 25.0
35 48 18.096 26.0
35 49 19.272 27.0
36 37 35.129 26.0
36 38 22.053 23.0
36 39 2.453 20.0
36 40 19.729 28.0
36 41 17.554 25.0
36 42 15.446 26.0
36 43 23.536 20.0
36 44 30.376 1.0
36 45 5.629 23.0
36 46 12.246 25.0
36 47 4.302 20.0
36 48 38.796 24.0
36 49 27.228 25.0
37 38 9.986 24.0
37 39 13.88 27.0
37 40 16.133 29.0
37 41 28.908 28.0
37 42 68.928 0.0
37 43 1.904 29.0
37 44 30.695 29.0
37 45 10.31 25.0
37 46 2.207 28.0
37 47 14.515 27.0
37 48 38.349 25.0
37 49 9.69 26.0
38 39 37.338 29.0
38 40 30.774 28.0
38 41 31.264 25.0
38 42 19.699 24.0
38 43 16.403 26.0
38 44 39.466 25.0
38 45 23.63 27.0
38 46 27.511 21.0
38 47 37.433 21.0
38 48 39.353 26.0
38 49 32.149 23.0
39 40 25.318 24.0
39 41 37.796 26.0
39 42 34.824 25.0
39 43 7.672 24.0
39 44 4.76 23.0
39 45 7.83 23.0
39 46 2.293 21.0
39 47 38.341 26.0
39 48 12.929 22.0
39 49 35.001 29.0
40 41 4.505 21.0
40 42 32.023 24.0
40 43 10.927 24.0
40 44 17.125 22.0
40 45 3.717 27.0
40 46 7.248 24.0
40 47 3.527 25.0
40 48 21.784 22.0
40 49 0.198 25.0
41 42 14.684 21.0
41 43 20.237 28.0
41 44 1.725 25.0
41 45 3.81 22.0
41 46 22.642 26.0
41 47 24.218 20.0
41 48 28.456 26.0
41 49 0.729 26.0
42 43 38.1 23.0
42 44 11.494 20.0
42 45 23.83 27.0
42 46 36.903 25.0
42 47 15.051 28.0
42 48 38.589 26.0
42 49 38.127 28.0
43 44 38.974 26.0
43 45 8.301 23.0
43 46 20.299 21.0
43 47 14.406 25.0
43 48 5.262 24.0
43 49 28.889 22.0
44 45 2.003 24.0
44 46 9.3 26.0
44 47 12.415 24.0
44 48 27.064 25.0
44 49 6.641 24.0
45 46 34.626 24.0
45 47 27.763 27.0
45 48 31.611 24.0
45 49 38.684 27.0
46 47 21.47 22.0
46 48 19.078 24.0
46 49 1.825 26.0
47 48 28.328 23.0
47 49 7.842 28.0
48 49 24.079 27.0