50
90
0 1 2.500 0.800
0 2 0.200 2.000
0 3 0.100 5.300
0 4 1.069 1.042
0 5 5.300 4.600
0 6 0.300 1.900
0 7 1.050 0.750
0 8 5.300 4.600
0 9 0.800 0.950
0 10 5.300 4.600
0 11 5.300 4.600
0 12 5.300 4.600
0 13 5.300 4.600
0 14 5.300 4.600
0 15 5.300 4.600
0 16 5.300 4.600
0 17 5.300 4.600
0 18 5.300 4.600
0 19 5.300 4.600
0 20 5.300 4.600
0 21 5.300 4.600
0 22 5.300 4.600
0 23 5.300 4.600
0 24 5.300 4.600
0 25 5.300 4.600
0 26 5.300 4.600
0 27 5.300 4.600
0 28 5.300 4.600
0 29 5.300 4.600
0 30 5.300 4.600
0 31 5.300 4.600
0 32 5.300 4.600
0 33 5.300 4.600
0 34 5.300 4.600
0 35 5.300 4.600
0 36 5.300 4.600
0 37 5.300 4.600
0 38 5.300 4.600
0 39 5.300 4.600
0 40 5.300 4.600
0 41 5.300 4.600
0 42 5.300 4.600
0 43 5.300 4.600
0 44 5.300 4.600
0 45 5.300 4.600
0 46 5.300 4.600
0 47 5.300 4.600
0 48 5.300 4.600
0 49 5.300 4.600
1 2 2.069 1.942
1 3 0.100 5.300
1 4 0.700 2.500
1 5 0.200 3.200
1 6 2.050 1.930
1 7 0.500 3.500
1 8 0.200 3.200
1 9 0.700 2.500
1 10 5.300 4.600
1 11 5.300 4.600
1 12 5.300 4.600
1 13 5.300 4.600
1 14 5.300 4.600
1 15 5.300 4.600
1 16 5.300 4.600
1 17 5.300 4.600
1 18 5.300 4.600
1 19 5.300 4.600
1 20 5.300 4.600
1 21 5.300 4.600
1 22 5.300 4.600
1 23 5.300 4.600
1 24 5.300 4.600
1 25 5.300 4.600
1 26 5.300 4.600
1 27 5.300 4.600
1 28 5.300 4.600
1 29 5.300 4.600
1 30 5.300 4.600
1 31 5.300 4.600
1 32 5.300 4.600
1 33 5.300 4.600
1 34 5.300 4.600
1 35 5.300 4.600
1 36 5.300 4.600
1 37 5.300 4.600
1 38 5.300 4.600
1 39 5.300 4.600
1 40 5.300 4.600
1 41 5.300 4.600
1 42 5.300 4.600
1 43 5.300 4.600
1 44 5.300 4.600
1 45 5.300 4.600
1 46 5.300 4.600
1 47 5.300 4.600
1 48 5.300 4.600
1 49 5.300 4.600
2 3 3.000 1.200
2 4 0.600 5.300
2 5 0.500 5.300
2 6 2.300 2.100
2 7 0.800 5.300
2 8 0.400 5.300
2 9 0.200 5.300
2 10 5.300 4.600
2 11 5.300 4.600
2 12 5.300 4.600
2 13 5.300 4.600
2 14 5.300 4.600
2 15 5.300 4.600
2 16 5.300 4.600
2 17 5.300 4.600
2 18 5.300 4.600
2 19 5.300 4.600
2 20 5.300 4.600
2 21 5.300 4.600
2 22 5.300 4.600
2 23 5.300 4.600
2 24 5.300 4.600
2 25 5.300 4.600
2 26 5.300 4.600
2 27 5.300 4.600
2 28 5.300 4.600
2 29 5.300 4.600
2 30 5.300 4.600
2 31 5.300 4.600
2 32 5.300 4.600
2 33 5.300 4.600
2 34 5.300 4.600
2 35 5.300 4.600
2 36 5.300 4.600
2 37 5.300 4.600
2 38 5.300 4.600
2 39 5.300 4.600
2 40 5.300 4.600
2 41 5.300 4.600
2 42 5.300 4.600
2 43 5.300 4.600
2 44 5.300 4.600
2 45 5.300 4.600
2 46 5.300 4.600
2 47 5.300 4.600
2 48 5.300 4.600
2 49 5.300 4.600
3 4 0.069 5.300
3 5 2.100 2.000
3 6 0.200 5.300
3 7 0.200 5.300
3 8 1.800 1.900
3 9 0.200 5.300
3 10 5.300 4.600
3 11 5.300 4.600
3 12 5.300 4.600
3 13 5.300 4.600
3 14 5.300 4.600
3 15 5.300 4.600
3 16 5.300 4.600
3 17 5.300 4.600
3 18 5.300 4.600
3 19 5.300 4.600
3 20 5.300 4.600
3 21 5.300 4.600
3 22 5.300 4.600
3 23 5.300 4.600
3 24 5.300 4.600
3 25 5.300 4.600
3 26 5.300 4.600
3 27 5.300 4.600
3 28 5.300 4.600
3 29 5.300 4.600
3 30 5.300 4.600
3 31 5.300 4.600
3 32 5.300 4.600
3 33 5.300 4.600
3 34 5.300 4.600
3 35 5.300 4.600
3 36 5.300 4.600
3 37 5.300 4.600
3 38 5.300 4.600
3 39 5.300 4.600
3 40 5.300 4.600
3 41 5.300 4.600
3 42 5.300 4.600
3 43 5.300 4.600
3 44 5.300 4.600
3 45 5.300 4.600
3 46 5.300 4.600
3 47 5.300 4.600
3 48 5.300 4.600
3 49 5.300 4.600
4 5 5.300 4.600
4 6 5.300 4.600
4 7 1.050 0.980
4 8 5.300 4.600
4 9 1.150 1.200
4 10 5.300 4.600
4 11 5.300 4.600
4 12 5.300 4.600
4 13 5.300 4.600
4 14 5.300 4.600
4 15 5.300 4.600
4 16 5.300 4.600
4 17 5.300 4.600
4 18 5.300 4.600
4 19 5.300 4.600
4 20 5.300 4.600
4 21 5.300 4.600
4 22 5.300 4.600
4 23 5.300 4.600
4 24 5.300 4.600
4 25 5.300 4.600
4 26 5.300 4.600
4 27 5.300 4.600
4 28 5.300 4.600
4 29 5.300 4.600
4 30 5.300 4.600
4 31 5.300 4.600
4 32 5.300 4.600
4 33 5.300 4.600
4 34 5.300 4.600
4 35 5.300 4.600
4 36 5.300 4.600
4 37 5.300 4.600
4 38 5.300 4.600
4 39 5.300 4.600
4 40 5.300 4.600
4 41 5.300 4.600
4 42 5.300 4.600
4 43 5.300 4.600
4 44 5.300 4.600
4 45 5.300 4.600
4 46 5.300 4.600
4 47 5.300 4.600
4 48 5.300 4.600
4 49 5.300 4.600
5 6 5.300 4.600
5 7 5.300 4.600
5 8 2.050 2.030
5 9 5.300 4.600
5 10 5.300 4.600
5 11 5.300 4.600
5 12 5.300 4.600
5 13 5.300 4.600
5 14 5.300 4.600
5 15 5.300 4.600
5 16 5.300 4.600
5 17 5.300 4.600
5 18 5.300 4.600
5 19 5.300 4.600
5 20 5.300 4.600
5 21 5.300 4.600
5 22 5.300 4.600
5 23 5.300 4.600
5 24 5.300 4.600
5 25 5.300 4.600
5 26 5.300 4.600
5 27 5.300 4.600
5 28 5.300 4.600
5 29 5.300 4.600
5 30 5.300 4.600
5 31 5.300 4.600
5 32 5.300 4.600
5 33 5.300 4.600
5 34 5.300 4.600
5 35 5.300 4.600
5 36 5.300 4.600
5 37 5.300 4.600
5 38 5.300 4.600
5 39 5.300 4.600
5 40 5.300 4.600
5 41 5.300 4.600
5 42 5.300 4.600
5 43 5.300 4.600
5 44 5.300 4.600
5 45 5.300 4.600
5 46 5.300 4.600
5 47 5.300 4.600
5 48 5.300 4.600
5 49 5.300 4.600
6 7 5.300 4.600
6 8 5.300 4.600
6 9 5.300 4.600
6 10 5.300 4.600
6 11 5.300 4.600
6 12 5.300 4.600
6 13 5.300 4.600
6 14 5.300 4.600
6 15 5.300 4.600
6 16 5.300 4.600
6 17 5.300 4.600
6 18 5.300 4.600
6 19 5.300 4.600
6 20 5.300 4.600
6 21 5.300 4.600
6 22 5.300 4.600
6 23 5.300 4.600
6 24 5.300 4.600
6 25 5.300 4.600
6 26 5.300 4.600
6 27 5.300 4.600
6 28 5.300 4.600
6 29 5.300 4.600
6 30 5.300 4.600
6 31 5.300 4.600
6 32 5.300 4.600
6 33 5.300 4.600
6 34 5.300 4.600
6 35 5.300 4.600
6 36 5.300 4.600
6 37 5.300 4.600
6 38 5.300 4.600
6 39 5.300 4.600
6 40 5.300 4.600
6 41 5.300 4.600
6 42 5.300 4.600
6 43 5.300 4.600
6 44 5.300 4.600
6 45 5.300 4.600
6 46 5.300 4.600
6 47 5.300 4.600
6 48 5.300 4.600
6 49 5.300 4.600
7 8 5.300 4.600
7 9 1.000 1.050
7 10 5.300 4.600
7 11 5.300 4.600
7 12 5.300 4.600
7 13 5.300 4.600
7 14 5.300 4.600
7 15 5.300 4.600
7 16 5.300 4.600
7 17 5.300 4.600
7 18 5.300 4.600
7 19 5.300 4.600
7 20 5.300 4.600
7 21 5.300 4.600
7 22 5.300 4.600
7 23 5.300 4.600
7 24 5.300 4.600
7 25 5.300 4.600
7 26 5.300 4.600
7 27 5.300 4.600
7 28 5.300 4.600
7 29 5.300 4.600
7 30 5.300 4.600
7 31 5.300 4.600
7 32 5.300 4.600
7 33 5.300 4.600
7 34 5.300 4.600
7 35 5.300 4.600
7 36 5.300 4.600
7 37 5.300 4.600
7 38 5.300 4.600
7 39 5.300 4.600
7 40 5.300 4.600
7 41 5.300 4.600
7 42 5.300 4.600
7 43 5.300 4.600
7 44 5.300 4.600
7 45 5.300 4.600
7 46 5.300 4.600
7 47 5.300 4.600
7 48 5.300 4.600
7 49 5.300 4.600
8 9 5.300 4.600
8 10 5.300 4.600
8 11 5.300 4.600
8 12 5.300 4.600
8 13 5.300 4.600
8 14 5.300 4.600
8 15 5.300 4.600
8 16 5.300 4.600
8 17 5.300 4.600
8 18 5.300 4.600
8 19 5.300 4.600
8 20 5.300 4.600
8 21 5.300 4.600
8 22 5.300 4.600
8 23 5.300 4.600
8 24 5.300 4.600
8 25 5.300 4.600
8 26 5.300 4.600
8 27 5.300 4.600
8 28 5.300 4.600
8 29 5.300 4.600
8 30 5.300 4.600
8 31 5.300 4.600
8 32 5.300 4.600
8 33 5.300 4.600
8 34 5.300 4.600
8 35 5.300 4.600
8 36 5.300 4.600
8 37 5.300 4.600
8 38 5.300 4.600
8 39 5.300 4.600
8 40 5.300 4.600
8 41 5.300 4.600
8 42 5.300 4.600
8 43 5.300 4.600
8 44 5.300 4.600
8 45 5.300 4.600
8 46 5.300 4.600
8 47 5.300 4.600
8 48 5.300 4.600
8 49 5.300 4.600
9 10 5.300 4.600
9 11 5.300 4.600
9 12 5.300 4.600
9 13 5.300 4.600
9 14 5.300 4.600
9 15 5.300 4.600
9 16 5.300 4.600
9 17 5.300 4.600
9 18 5.300 4.600
9 19 5.300 4.600
9 20 5.300 4.600
9 21 5.300 4.600
9 22 5.300 4.600
9 23 5.300 4.600
9 24 5.300 4.600
9 25 5.300 4.600
9 26 5.300 4.600
9 27 5.300 4.600
9 28 5.300 4.600
9 29 5.300 4.600
9 30 5.300 4.600
9 31 5.300 4.600
9 32 5.300 4.600
9 33 5.300 4.600
9 34 5.300 4.600
9 35 5.300 4.600
9 36 5.300 4.600
9 37 5.300 4.600
9 38 5.300 4.600
9 39 5.300 4.600
9 40 5.300 4.600
9 41 5.300 4.600
9 42 5.300 4.600
9 43 5.300 4.600
9 44 5.300 4.600
9 45 5.300 4.600
9 46 5.300 4.600
9 47 5.300 4.600
9 48 5.300 4.600
9 49 5.300 4.600
10 11 2.500 0.800
10 12 0.200 2.000
10 13 0.100 5.300
10 14 1.069 1.042
10 15 5.300 4.600
10 16 0.300 1.900
10 17 1.050 0.750
10 18 5.300 4.600
10 19 0.800 0.950
10 20 5.300 4.600
10 21 5.300 4.600
10 22 5.300 4.600
10 23 5.300 4.600
10 24 5.300 4.600
10 25 5.300 4.600
10 26 5.300 4.600
10 27 5.300 4.600
10 28 5.300 4.600
10 29 5.300 4.600
10 30 5.300 4.600
10 31 5.300 4.600
10 32 5.300 4.600
10 33 5.300 4.600
10 34 5.300 4.600
10 35 5.300 4.600
10 36 5.300 4.600
10 37 5.300 4.600
10 38 5.300 4.600
10 39 5.300 4.600
10 40 5.300 4.600
10 41 5.300 4.600
10 42 5.300 4.600
10 43 5.300 4.600
10 44 5.300 4.600
10 45 5.300 4.600
10 46 5.300 4.600
10 47 5.300 4.600
10 48 5.300 4.600
10 49 5.300 4.600
11 12 2.069 1.942
11 13 0.100 5.300
11 14 0.700 2.500
11 15 0.200 3.200
11 16 2.050 1.930
11 17 0.500 3.500
11 18 0.200 3.200
11 19 0.700 2.500
11 20 5.300 4.600
11 21 5.300 4.600
11 22 5.300 4.600
11 23 5.300 4.600
11 24 5.300 4.600
11 25 5.300 4.600
11 26 5.300 4.600
11 27 5.300 4.600
11 28 5.300 4.600
11 29 5.300 4.600
11 30 5.300 4.600
11 31 5.300 4.600
11 32 5.300 4.600
11 33 5.300 4.600
11 34 5.300 4.600
11 35 5.300 4.600
11 36 5.300 4.600
11 37 5.300 4.600
11 38 5.300 4.600
11 39 5.300 4.600
11 40 5.300 4.600
11 41 5.300 4.600
11 42 5.300 4.600
11 43 5.300 4.600
11 44 5.300 4.600
11 45 5.300 4.600
11 46 5.300 4.600
11 47 5.300 4.600
11 48 5.300 4.600
11 49 5.300 4.600
12 13 3.000 1.200
12 14 0.600 5.300
12 15 0.500 5.300
12 16 2.300 2.100
12 17 0.800 5.300
12 18 0.400 5.300
12 19 0.200 5.300
12 20 5.300 4.600
12 21 5.300 4.600
12 22 5.300 4.600
12 23 5.300 4.600
12 24 5.300 4.600
12 25 5.300 4.600
12 26 5.300 4.600
12 27 5.300 4.600
12 28 5.300 4.600
12 29 5.300 4.600
12 30 5.300 4.600
12 31 5.300 4.600
12 32 5.300 4.600
12 33 5.300 4.600
12 34 5.300 4.600
12 35 5.300 4.600
12 36 5.300 4.600
12 37 5.300 4.600
12 38 5.300 4.600
12 39 5.300 4.600
12 40 5.300 4.600
12 41 5.300 4.600
12 42 5.300 4.600
12 43 5.300 4.600
12 44 5.300 4.600
12 45 5.300 4.600
12 46 5.300 4.600
12 47 5.300 4.600
12 48 5.300 4.600
12 49 5.300 4.600
13 14 0.069 5.300
13 15 2.100 2.000
13 16 0.200 5.300
13 17 0.200 5.300
13 18 1.800 1.900
13 19 0.200 5.300
13 20 5.300 4.600
13 21 5.300 4.600
13 22 5.300 4.600
13 23 5.300 4.600
13 24 5.300 4.600
13 25 5.300 4.600
13 26 5.300 4.600
13 27 5.300 4.600
13 28 5.300 4.600
13 29 5.300 4.600
13 30 5.300 4.600
13 31 5.300 4.600
13 32 5.300 4.600
13 33 5.300 4.600
13 34 5.300 4.600
13 35 5.300 4.600
13 36 5.300 4.600
13 37 5.300 4.600
13 38 5.300 4.600
13 39 5.300 4.600
13 40 5.300 4.600
13 41 5.300 4.600
13 42 5.300 4.600
13 43 5.300 4.600
13 44 5.300 4.600
13 45 5.300 4.600
13 46 5.300 4.600
13 47 5.300 4.600
13 48 5.300 4.600
13 49 5.300 4.600
14 15 5.300 4.600
14 16 5.300 4.600
14 17 1.050 0.980
14 18 5.300 4.600
14 19 1.150 1.200
14 20 5.300 4.600
14 21 5.300 4.600
14 22 5.300 4.600
14 23 5.300 4.600
14 24 5.300 4.600
14 25 5.300 4.600
14 26 5.300 4.600
14 27 5.300 4.600
14 28 5.300 4.600
14 29 5.300 4.600
14 30 5.300 4.600
14 31 5.300 4.600
14 32 5.300 4.600
14 33 5.300 4.600
14 34 5.300 4.600
14 35 5.300 4.600
14 36 5.300 4.600
14 37 5.300 4.600
14 38 5.300 4.600
14 39 5.300 4.600
14 40 5.300 4.600
14 41 5.300 4.600
14 42 5.300 4.600
14 43 5.300 4.600
14 44 5.300 4.600
14 45 5.300 4.600
14 46 5.300 4.600
14 47 5.300 4.600
14 48 5.300 4.600
14 49 5.300 4.600
15 16 5.300 4.600
15 17 5.300 4.600
15 18 2.050 2.030
15 19 5.300 4.600
15 20 5.300 4.600
15 21 5.300 4.600
15 22 5.300 4.600
15 23 5.300 4.600
15 24 5.300 4.600
15 25 5.300 4.600
15 26 5.300 4.600
15 27 5.300 4.600
15 28 5.300 4.600
15 29 5.300 4.600
15 30 5.300 4.600
15 31 5.300 4.600
15 32 5.300 4.600
15 33 5.300 4.600
15 34 5.300 4.600
15 35 5.300 4.600
15 36 5.300 4.600
15 37 5.300 4.600
15 38 5.300 4.600
15 39 5.300 4.600
15 40 5.300 4.600
15 41 5.300 4.600
15 42 5.300 4.600
15 43 5.300 4.600
15 44 5.300 4.600
15 45 5.300 4.600
15 46 5.300 4.600
15 47 5.300 4.600
15 48 5.300 4.600
15 49 5.300 4.600
16 17 5.300 4.600
16 18 5.300 4.600
16 19 5.300 4.600
16 20 5.300 4.600
16 21 5.300 4.600
16 22 5.300 4.600
16 23 5.300 4.600
16 24 5.300 4.600
16 25 5.300 4.600
16 26 5.300 4.600
16 27 5.300 4.600
16 28 5.300 4.600
16 29 5.300 4.600
16 30 5.300 4.600
16 31 5.300 4.600
16 32 5.300 4.600
16 33 5.300 4.600
16 34 5.300 4.600
16 35 5.300 4.600
16 36 5.300 4.600
16 37 5.300 4.600
16 38 5.300 4.600
16 39 5.300 4.600
16 40 5.300 4.600
16 41 5.300 4.600
16 42 5.300 4.600
16 43 5.300 4.600
16 44 5.300 4.600
16 45 5.300 4.600
16 46 5.300 4.600
16 47 5.300 4.600
16 48 5.300 4.600
16 49 5.300 4.600
17 18 5.300 4.600
17 19 1.000 1.050
17 20 5.300 4.600
17 21 5.300 4.600
17 22 5.300 4.600
17 23 5.300 4.600
17 24 5.300 4.600
17 25 5.300 4.600
17 26 5.300 4.600
17 27 5.300 4.600
17 28 5.300 4.600
17 29 5.300 4.600
17 30 5.300 4.600
17 31 5.300 4.600
17 32 5.300 4.600
17 33 5.300 4.600
17 34 5.300 4.600
17 35 5.300 4.600
17 36 5.300 4.600
17 37 5.300 4.600
17 38 5.300 4.600
17 39 5.300 4.600
17 40 5.300 4.600
17 41 5.300 4.600
17 42 5.300 4.600
17 43 5.300 4.600
17 44 5.300 4.600
17 45 5.300 4.600
17 46 5.300 4.600
17 47 5.300 4.600
17 48 5.300 4.600
17 49 5.300 4.600
18 19 5.300 4.600
18 20 5.300 4.600
18 21 5.300 4.600
18 22 5.300 4.600
18 23 5.300 4.600
18 24 5.300 4.600
18 25 5.300 4.600
18 26 5.300 4.600
18 27 5.300 4.600
18 28 5.300 4.600
18 29 5.300 4.600
18 30 5.300 4.600
18 31 5.300 4.600
18 32 5.300 4.600
18 33 5.300 4.600
18 34 5.300 4.600
18 35 5.300 4.600
18 36 5.300 4.600
18 37 5.300 4.600
18 38 5.300 4.600
18 39 5.300 4.600
18 40 5.300 4.600
18 41 5.300 4.600
18 42 5.300 4.600
18 43 5.300 4.600
18 44 5.300 4.600
18 45 5.300 4.600
18 46 5.300 4.600
18 47 5.300 4.600
18 48 5.300 4.600
18 49 5.300 4.600
19 20 5.300 4.600
19 21 5.300 4.600
19 22 5.300 4.600
19 23 5.300 4.600
19 24 5.300 4.600
19 25 5.300 4.600
19 26 5.300 4.600
19 27 5.300 4.600
19 28 5.300 4.600
19 29 5.300 4.600
19 30 5.300 4.600
19 31 5.300 4.600
19 32 5.300 4.600
19 33 5.300 4.600
19 34 5.300 4.600
19 35 5.300 4.600
19 36 5.300 4.600
19 37 5.300 4.600
19 38 5.300 4.600
19 39 5.300 4.600
19 40 5.300 4.600
19 41 5.300 4.600
19 42 5.300 4.600
19 43 5.300 4.600
19 44 5.300 4.600
19 45 5.300 4.600
19 46 5.300 4.600
19 47 5.300 4.600
19 48 5.300 4.600
19 49 5.300 4.600
20 21 2.500 0.800
20 22 0.200 2.000
20 23 0.100 5.300
20 24 1.069 1.042
20 25 5.300 4.600
20 26 0.300 1.900
20 27 1.050 0.750
20 28 5.300 4.600
20 29 0.800 0.950
20 30 5.300 4.600
20 31 5.300 4.600
20 32 5.300 4.600
20 33 5.300 4.600
20 34 5.300 4.600
20 35 5.300 4.600
20 36 5.300 4.600
20 37 5.300 4.600
20 38 5.300 4.600
20 39 5.300 4.600
20 40 5.300 4.600
20 41 5.300 4.600
20 42 5.300 4.600
20 43 5.300 4.600
20 44 5.300 4.600
20 45 5.300 4.600
20 46 5.300 4.600
20 47 5.300 4.600
20 48 5.300 4.600
20 49 5.300 4.600
21 22 2.069 1.942
21 23 0.100 5.300
21 24 0.700 2.500
21 25 0.200 3.200
21 26 2.050 1.930
21 27 0.500 3.500
21 28 0.200 3.200
21 29 0.700 2.500
21 30 5.300 4.600
21 31 5.300 4.600
21 32 5.300 4.600
21 33 5.300 4.600
21 34 5.300 4.600
21 35 5.300 4.600
21 36 5.300 4.600
21 37 5.300 4.600
21 38 5.300 4.600
21 39 5.300 4.600
21 40 5.300 4.600
21 41 5.300 4.600
21 42 5.300 4.600
21 43 5.300 4.600
21 44 5.300 4.600
21 45 5.300 4.600
21 46 5.300 4.600
21 47 5.300 4.600
21 48 5.300 4.600
21 49 5.300 4.600
22 23 3.000 1.200
22 24 0.600 5.300
22 25 0.500 5.300
22 26 2.300 2.100
22 27 0.800 5.300
22 28 0.400 5.300
22 29 0.200 5.300
22 30 5.300 4.600
22 31 5.300 4.600
22 32 5.300 4.600
22 33 5.300 4.600
22 34 5.300 4.600
22 35 5.300 4.600
22 36 5.300 4.600
22 37 5.300 4.600
22 38 5.300 4.600
22 39 5.300 4.600
22 40 5.300 4.600
22 41 5.300 4.600
22 42 5.300 4.600
22 43 5.300 4.600
22 44 5.300 4.600
22 45 5.300 4.600
22 46 5.300 4.600
22 47 5.300 4.600
22 48 5.300 4.600
22 49 5.300 4.600
23 24 0.069 5.300
23 25 2.100 2.000
23 26 0.200 5.300
23 27 0.200 5.300
23 28 1.800 1.900
23 29 0.200 5.300
23 30 5.300 4.600
23 31 5.300 4.600
23 32 5.300 4.600
23 33 5.300 4.600
23 34 5.300 4.600
23 35 5.300 4.600
23 36 5.300 4.600
23 37 5.300 4.600
23 38 5.300 4.600
23 39 5.300 4.600
23 40 5.300 4.600
23 41 5.300 4.600
23 42 5.300 4.600
23 43 5.300 4.600
23 44 5.300 4.600
23 45 5.300 4.600
23 46 5.300 4.600
23 47 5.300 4.600
23 48 5.300 4.600
23 49 5.300 4.600
24 25 5.300 4.600
24 26 5.300 4.600
24 27 1.050 0.980
24 28 5.300 4.600
24 29 1.150 1.200
24 30 5.300 4.600
24 31 5.300 4.600
24 32 5.300 4.600
24 33 5.300 4.600
24 34 5.300 4.600
24 35 5.300 4.600
24 36 5.300 4.600
24 37 5.300 4.600
24 38 5.300 4.600
24 39 5.300 4.600
24 40 5.300 4.600
24 41 5.300 4.600
24 42 5.300 4.600
24 43 5.300 4.600
24 44 5.300 4.600
24 45 5.300 4.600
24 46 5.300 4.600
24 47 5.300 4.600
24 48 5.300 4.600
24 49 5.300 4.600
25 26 5.300 4.600
25 27 5.300 4.600
25 28 2.050 2.030
25 29 5.300 4.600
25 30 5.300 4.600
25 31 5.300 4.600
25 32 5.300 4.600
25 33 5.300 4.600
25 34 5.300 4.600
25 35 5.300 4.600
25 36 5.300 4.600
25 37 5.300 4.600
25 38 5.300 4.600
25 39 5.300 4.600
25 40 5.300 4.600
25 41 5.300 4.600
25 42 5.300 4.600
25 43 5.300 4.600
25 44 5.300 4.600
25 45 5.300 4.600
25 46 5.300 4.600
25 47 5.300 4.600
25 48 5.300 4.600
25 49 5.300 4.600
26 27 5.300 4.600
26 28 5.300 4.600
26 29 5.300 4.600
26 30 5.300 4.600
26 31 5.300 4.600
26 32 5.300 4.600
26 33 5.300 4.600
26 34 5.300 4.600
26 35 5.300 4.600
26 36 5.300 4.600
26 37 5.300 4.600
26 38 5.300 4.600
26 39 5.300 4.600
26 40 5.300 4.600
26 41 5.300 4.600
26 42 5.300 4.600
26 43 5.300 4.600
26 44 5.300 4.600
26 45 5.300 4.600
26 46 5.300 4.600
26 47 5.300 4.600
26 48 5.300 4.600
26 49 5.300 4.600
27 28 5.300 4.600
27 29 1.000 1.050
27 30 5.300 4.600
27 31 5.300 4.600
27 32 5.300 4.600
27 33 5.300 4.600
27 34 5.300 4.600
27 35 5.300 4.600
27 36 5.300 4.600
27 37 5.300 4.600
27 38 5.300 4.600
27 39 5.300 4.600
27 40 5.300 4.600
27 41 5.300 4.600
27 42 5.300 4.600
27 43 5.300 4.600
27 44 5.300 4.600
27 45 5.300 4.600
27 46 5.300 4.600
27 47 5.300 4.600
27 48 5.300 4.600
27 49 5.300 4.600
28 29 5.300 4.600
28 30 5.300 4.600
28 31 5.300 4.600
28 32 5.300 4.600
28 33 5.300 4.600
28 34 5.300 4.600
28 35 5.300 4.600
28 36 5.300 4.600
28 37 5.300 4.600
28 38 5.300 4.600
28 39 5.300 4.600
28 40 5.300 4.600
28 41 5.300 4.600
28 42 5.300 4.600
28 43 5.300 4.600
28 44 5.300 4.600
28 45 5.300 4.600
28 46 5.300 4.600
28 47 5.300 4.600
28 48 5.300 4.600
28 49 5.300 4.600
29 30 5.300 4.600
29 31 5.300 4.600
29 32 5.300 4.600
29 33 5.300 4.600
29 34 5.300 4.600
29 35 5.300 4.600
29 36 5.300 4.600
29 37 5.300 4.600
29 38 5.300 4.600
29 39 5.300 4.600
29 40 5.300 4.600
29 41 5.300 4.600
29 42 5.300 4.600
29 43 5.300 4.600
29 44 5.300 4.600
29 45 5.300 4.600
29 46 5.300 4.600
29 47 5.300 4.600
29 48 5.300 4.600
29 49 5.300 4.600
30 31 2.500 0.800
30 32 0.200 2.000
30 33 0.100 5.300
30 34 1.069 1.042
30 35 5.300 4.600
30 36 0.300 1.900
30 37 1.050 0.750
30 38 5.300 4.600
30 39 0.800 0.950
30 40 5.300 4.600
30 41 5.300 4.600
30 42 5.300 4.600
30 43 5.300 4.600
30 44 5.300 4.600
30 45 5.300 4.600
30 46 5.300 4.600
30 47 5.300 4.600
30 48 5.300 4.600
30 49 5.300 4.600
31 32 2.069 1.942
31 33 0.100 5.300
31 34 0.700 2.500
31 35 0.200 3.200
31 36 2.050 1.930
31 37 0.500 3.500
31 38 0.200 3.200
31 39 0.700 2.500
31 40 5.300 4.600
31 41 5.300 4.600
31 42 5.300 4.600
31 43 5.300 4.600
31 44 5.300 4.600
31 45 5.300 4.600
31 46 5.300 4.600
31 47 5.300 4.600
31 48 5.300 4.600
31 49 5.300 4.600
32 33 3.000 1.200
32 34 0.600 5.300
32 35 0.500 5.300
32 36 2.300 2.100
32 37 0.800 5.300
32 38 0.400 5.300
32 39 0.200 5.300
32 40 5.300 4.600
32 41 5.300 4.600
32 42 5.300 4.600
32 43 5.300 4.600
32 44 5.300 4.600
32 45 5.300 4.600
32 46 5.300 4.600
32 47 5.300 4.600
32 48 5.300 4.600
32 49 5.300 4.600
33 34 0.069 5.300
33 35 2.100 2.000
33 36 0.200 5.300
33 37 0.200 5.300
33 38 1.800 1.900
33 39 0.200 5.300
33 40 5.300 4.600
33 41 5.300 4.600
33 42 5.300 4.600
33 43 5.300 4.600
33 44 5.300 4.600
33 45 5.300 4.600
33 46 5.300 4.600
33 47 5.300 4.600
33 48 5.300 4.600
33 49 5.300 4.600
34 35 5.300 4.600
34 36 5.300 4.600
34 37 1.050 0.980
34 38 5.300 4.600
34 39 1.150 1.200
34 40 5.300 4.600
34 41 5.300 4.600
34 42 5.300 4.600
34 43 5.300 4.600
34 44 5.300 4.600
34 45 5.300 4.600
34 46 5.300 4.600
34 47 5.300 4.600
34 48 5.300 4.600
34 49 5.300 4.600
35 36 5.300 4.600
35 37 5.300 4.600
35 38 2.050 2.030
35 39 5.300 4.600
35 40 5.300 4.600
35 41 5.300 4.600
35 42 5.300 4.600
35 43 5.300 4.600
35 44 5.300 4.600
35 45 5.300 4.600
35 46 5.300 4.600
35 47 5.300 4.600
35 48 5.300 4.600
35 49 5.300 4.600
36 37 5.300 4.600
36 38 5.300 4.600
36 39 5.300 4.600
36 40 5.300 4.600
36 41 5.300 4.600
36 42 5.300 4.600
36 43 5.300 4.600
36 44 5.300 4.600
36 45 5.300 4.600
36 46 5.300 4.600
36 47 5.300 4.600
36 48 5.300 4.600
36 49 5.300 4.600
37 38 5.300 4.600
37 39 1.000 1.050
37 40 5.300 4.600
37 41 5.300 4.600
37 42 5.300 4.600
37 43 5.300 4.600
37 44 5.300 4.600
37 45 5.300 4.600
37 46 5.300 4.600
37 47 5.300 4.600
37 48 5.300 4.600
37 49 5.300 4.600
38 39 5.300 4.600
38 40 5.300 4.600
38 41 5.300 4.600
38 42 5.300 4.600
38 43 5.300 4.600
38 44 5.300 4.600
38 45 5.300 4.600
38 46 5.300 4.600
38 47 5.300 4.600
38 48 5.300 4.600
38 49 5.300 4.600
39 40 5.300 4.600
39 41 5.300 4.600
39 42 5.300 4.600
39 43 5.300 4.600
39 44 5.300 4.600
39 45 5.300 4.600
39 46 5.300 4.600
39 47 5.300 4.600
39 48 5.300 4.600
39 49 5.300 4.600
40 41 2.500 0.800
40 42 0.200 2.000
40 43 0.100 5.300
40 44 1.069 1.042
40 45 5.300 4.600
40 46 0.300 1.900
40 47 1.050 0.750
40 48 5.300 4.600
40 49 0.800 0.950
41 42 2.069 1.942
41 43 0.100 5.300
41 44 0.700 2.500
41 45 0.200 3.200
41 46 2.050 1.930
41 47 0.500 3.500
41 48 0.200 3.200
41 49 0.700 2.500
42 43 3.000 1.200
42 44 0.600 5.300
42 45 0.500 5.300
42 46 2.300 2.100
42 47 0.800 5.300
42 48 0.400 5.300
42 49 0.200 5.300
43 44 0.069 5.300
43 45 2.100 2.000
43 46 0.200 5.300
43 47 0.200 5.300
43 48 1.800 1.900
43 49 0.200 5.300
44 45 5.300 4.600
44 46 5.300 4.600
44 47 1.050 0.980
44 48 5.300 4.600
44 49 1.150 1.200
45 46 5.300 4.600
45 47 5.300 4.600
45 48 2.050 2.030
45 49 5.300 4.600
46 47 5.300 4.600
46 48 5.300 4.600
46 49 5.300 4.600
47 48 5.300 4.600
47 49 1.000 1.050
48 49 5.300 4.600
