50
80.153
0 1 57.690 0.073
0 2 5.059 0.783
0 3 77.426 0.032
0 4 44.252 0.211
0 5 48.507 0.568
0 6 57.856 0.309
0 7 71.297 0.432
0 8 22.110 0.772
0 9 70.936 0.003
0 10 90.629 0.757
0 11 54.855 0.641
0 12 35.165 0.539
0 13 24.692 0.534
0 14 61.267 0.421
0 15 47.415 0.644
0 16 20.726 0.602
0 17 34.726 0.260
0 18 69.690 0.644
0 19 14.670 0.815
0 20 89.076 0.718
0 21 4.865 0.861
0 22 92.149 0.038
0 23 12.875 0.515
0 24 93.092 0.751
0 25 96.002 0.290
0 26 99.942 0.102
0 27 10.117 0.912
0 28 25.435 0.840
0 29 65.155 0.661
0 30 80.103 0.714
0 31 83.497 0.782
0 32 23.396 0.379
0 33 26.721 0.722
0 34 0.660 0.184
0 35 16.039 0.320
0 36 86.455 0.144
0 37 22.258 0.564
0 38 88.028 0.842
0 39 42.179 0.222
0 40 36.654 0.140
0 41 10.126 0.462
0 42 9.126 0.359
0 43 15.633 0.568
0 44 76.849 0.009
0 45 11.304 0.988
0 46 75.782 0.261
0 47 98.501 0.260
0 48 26.918 0.077
0 49 72.721 0.785
1 2 14.020 0.339
1 3 95.410 0.054
1 4 43.019 0.368
1 5 34.431 0.667
1 6 65.795 0.922
1 7 81.542 0.436
1 8 49.947 0.181
1 9 11.945 0.908
1 10 15.760 0.203
1 11 98.364 0.881
1 12 41.704 0.046
1 13 30.068 0.903
1 14 60.642 0.098
1 15 15.895 0.242
1 16 30.325 0.142
1 17 69.553 0.555
1 18 63.802 0.322
1 19 85.336 0.311
1 20 48.070 0.531
1 21 12.910 0.066
1 22 62.565 0.653
1 23 30.887 0.811
1 24 33.034 0.756
1 25 0.696 0.008
1 26 20.885 0.588
1 27 54.587 0.329
1 28 53.265 0.665
1 29 34.607 0.824
1 30 44.943 0.849
1 31 52.999 0.983
1 32 49.479 0.525
1 33 88.712 0.151
1 34 4.233 0.439
1 35 69.570 0.819
1 36 1.418 0.763
1 37 15.148 0.618
1 38 25.728 0.217
1 39 31.495 0.224
1 40 47.970 0.921
1 41 55.610 0.997
1 42 53.710 0.188
1 43 44.911 0.861
1 44 16.095 0.652
1 45 94.955 0.872
1 46 92.821 0.972
1 47 47.250 0.912
1 48 38.653 0.835
1 49 18.264 0.203
2 3 76.933 0.155
2 4 40.583 0.631
2 5 66.210 0.151
2 6 57.671 0.441
2 7 31.408 0.480
2 8 54.778 0.488
2 9 2.893 0.694
2 10 40.307 0.080
2 11 21.324 0.091
2 12 14.297 0.421
2 13 21.383 0.456
2 14 73.664 0.800
2 15 3.248 0.274
2 16 7.473 0.965
2 17 37.115 0.758
2 18 29.733 0.584
2 19 23.132 0.415
2 20 82.082 0.273
2 21 46.762 0.969
2 22 14.221 0.467
2 23 27.914 0.125
2 24 16.044 0.308
2 25 61.095 0.091
2 26 32.192 0.798
2 27 83.396 0.741
2 28 37.079 0.718
2 29 87.282 0.040
2 30 86.452 0.169
2 31 15.986 0.659
2 32 90.154 0.168
2 33 40.706 0.710
2 34 70.001 0.404
2 35 20.869 0.210
2 36 76.532 0.141
2 37 91.394 0.146
2 38 38.899 0.243
2 39 4.200 0.028
2 40 13.270 0.489
2 41 75.114 0.410
2 42 76.847 0.639
2 43 51.888 0.127
2 44 86.983 0.245
2 45 24.236 0.981
2 46 87.842 0.776
2 47 42.548 0.133
2 48 0.704 0.469
2 49 98.428 0.757
3 4 78.201 0.245
3 5 47.204 0.391
3 6 37.673 0.143
3 7 20.260 0.992
3 8 14.313 0.983
3 9 83.326 0.892
3 10 90.870 0.393
3 11 45.807 0.769
3 12 67.428 0.902
3 13 15.760 0.232
3 14 32.143 0.550
3 15 25.315 0.818
3 16 81.811 0.327
3 17 22.150 0.064
3 18 19.733 0.822
3 19 34.018 0.767
3 20 27.608 0.654
3 21 65.423 0.742
3 22 68.041 0.598
3 23 78.180 0.173
3 24 24.721 0.869
3 25 40.907 0.122
3 26 28.466 0.650
3 27 6.441 0.894
3 28 49.055 0.817
3 29 90.674 0.718
3 30 55.128 0.759
3 31 81.548 0.647
3 32 57.435 0.367
3 33 2.674 0.680
3 34 54.316 0.522
3 35 92.538 0.828
3 36 92.539 0.881
3 37 37.245 0.293
3 38 41.490 0.381
3 39 12.470 0.933
3 40 54.175 0.604
3 41 48.577 0.961
3 42 54.657 0.114
3 43 31.767 0.151
3 44 48.214 0.901
3 45 93.708 0.875
3 46 97.954 0.342
3 47 22.249 0.977
3 48 49.527 0.459
3 49 46.619 0.829
4 5 14.265 0.783
4 6 11.952 0.908
4 7 40.245 0.868
4 8 60.028 0.888
4 9 10.705 0.314
4 10 75.781 0.566
4 11 9.666 0.213
4 12 42.443 0.864
4 13 85.785 0.070
4 14 72.107 0.834
4 15 27.145 0.579
4 16 43.055 0.809
4 17 32.107 0.138
4 18 80.359 0.822
4 19 24.292 0.603
4 20 62.062 0.984
4 21 13.400 0.576
4 22 19.710 0.761
4 23 47.805 0.487
4 24 28.980 0.006
4 25 39.728 0.817
4 26 53.922 0.143
4 27 69.268 0.096
4 28 16.540 0.131
4 29 89.710 0.694
4 30 12.434 0.701
4 31 63.239 0.045
4 32 82.737 0.885
4 33 53.564 0.622
4 34 82.766 0.053
4 35 89.961 0.921
4 36 58.615 0.494
4 37 95.812 0.709
4 38 54.329 0.097
4 39 44.020 0.032
4 40 24.362 0.824
4 41 61.474 0.804
4 42 18.698 0.485
4 43 55.283 0.326
4 44 41.293 0.788
4 45 74.578 0.759
4 46 56.455 0.762
4 47 53.432 0.376
4 48 32.306 0.422
4 49 2.810 0.429
5 6 65.649 0.994
5 7 32.442 0.580
5 8 28.379 0.090
5 9 87.141 0.161
5 10 11.976 0.984
5 11 76.311 0.957
5 12 23.696 0.536
5 13 60.253 0.821
5 14 5.741 0.385
5 15 32.386 0.207
5 16 6.972 0.714
5 17 2.587 0.597
5 18 35.694 0.312
5 19 43.601 0.900
5 20 61.556 0.631
5 21 9.856 0.120
5 22 14.802 0.275
5 23 75.963 0.967
5 24 51.904 0.645
5 25 70.840 0.665
5 26 18.050 0.515
5 27 2.609 0.863
5 28 38.974 0.921
5 29 79.285 0.450
5 30 17.340 0.080
5 31 30.769 0.069
5 32 92.145 0.022
5 33 28.760 0.300
5 34 43.569 0.219
5 35 82.958 0.805
5 36 90.228 0.814
5 37 64.265 0.207
5 38 30.967 0.926
5 39 68.716 0.121
5 40 29.145 0.170
5 41 89.444 0.542
5 42 23.763 0.718
5 43 8.252 0.743
5 44 78.862 0.160
5 45 53.226 0.950
5 46 50.275 0.982
5 47 94.286 0.325
5 48 57.142 0.688
5 49 64.716 0.186
6 7 94.482 0.461
6 8 3.440 0.005
6 9 12.715 0.797
6 10 10.163 0.420
6 11 20.170 0.728
6 12 93.502 0.404
6 13 35.418 0.078
6 14 70.844 0.781
6 15 27.724 0.716
6 16 47.881 0.464
6 17 35.908 0.901
6 18 65.682 0.154
6 19 48.650 0.641
6 20 53.595 0.770
6 21 62.507 0.434
6 22 67.434 0.502
6 23 7.893 0.908
6 24 24.113 0.258
6 25 47.774 0.632
6 26 66.266 0.231
6 27 9.048 0.812
6 28 3.376 0.432
6 29 2.360 0.681
6 30 79.552 0.376
6 31 22.517 0.137
6 32 12.331 0.511
6 33 98.752 0.583
6 34 31.731 0.614
6 35 81.720 0.980
6 36 24.308 0.135
6 37 12.457 0.855
6 38 53.028 0.382
6 39 17.409 0.364
6 40 80.558 0.525
6 41 13.227 0.533
6 42 70.895 0.620
6 43 85.186 0.505
6 44 82.289 0.248
6 45 23.882 0.950
6 46 92.976 0.905
6 47 66.289 0.781
6 48 20.528 0.976
6 49 89.328 0.995
7 8 5.442 0.995
7 9 46.730 0.758
7 10 30.129 0.884
7 11 23.338 0.800
7 12 35.513 0.058
7 13 4.860 0.849
7 14 79.267 0.587
7 15 25.673 0.070
7 16 51.997 0.101
7 17 62.445 0.434
7 18 30.736 0.755
7 19 87.129 0.520
7 20 2.682 0.367
7 21 79.327 0.522
7 22 36.382 0.796
7 23 25.075 0.099
7 24 12.396 0.724
7 25 96.742 0.301
7 26 51.003 0.272
7 27 17.083 0.999
7 28 90.576 0.316
7 29 59.385 0.135
7 30 77.043 0.909
7 31 25.194 0.614
7 32 22.166 0.987
7 33 71.297 0.867
7 34 76.399 0.383
7 35 28.436 0.940
7 36 40.670 0.261
7 37 65.642 0.478
7 38 10.683 0.243
7 39 6.144 0.096
7 40 7.203 0.883
7 41 93.468 0.473
7 42 96.260 0.642
7 43 39.668 0.949
7 44 44.347 0.203
7 45 61.513 0.536
7 46 85.388 0.755
7 47 25.058 0.026
7 48 98.658 0.914
7 49 74.153 0.318
8 9 9.790 0.026
8 10 14.286 0.183
8 11 30.639 0.923
8 12 59.551 0.416
8 13 47.996 0.661
8 14 27.600 0.742
8 15 56.022 0.354
8 16 85.104 0.900
8 17 2.758 0.981
8 18 4.571 0.039
8 19 87.164 0.987
8 20 92.245 0.940
8 21 99.900 0.548
8 22 86.432 0.599
8 23 48.416 0.612
8 24 5.700 0.393
8 25 44.900 0.213
8 26 47.266 0.400
8 27 64.262 0.105
8 28 97.260 0.417
8 29 98.552 0.460
8 30 16.635 0.919
8 31 44.083 0.218
8 32 9.161 0.443
8 33 58.028 0.715
8 34 61.227 0.930
8 35 12.347 0.364
8 36 67.136 0.096
8 37 54.669 0.491
8 38 18.085 0.254
8 39 58.086 0.921
8 40 38.229 0.890
8 41 4.837 0.534
8 42 97.022 0.921
8 43 2.450 0.812
8 44 13.442 0.784
8 45 75.147 0.350
8 46 94.774 0.446
8 47 8.204 0.396
8 48 20.294 0.922
8 49 48.419 0.769
9 10 88.485 0.187
9 11 79.968 0.918
9 12 95.376 0.152
9 13 1.670 0.427
9 14 1.097 0.980
9 15 29.038 0.067
9 16 71.971 0.146
9 17 32.476 0.321
9 18 56.221 0.514
9 19 1.622 0.383
9 20 62.824 0.206
9 21 95.033 0.835
9 22 65.078 0.153
9 23 94.312 0.546
9 24 43.139 0.090
9 25 32.242 0.864
9 26 13.068 0.158
9 27 5.614 0.825
9 28 63.873 0.440
9 29 15.157 0.952
9 30 38.564 0.527
9 31 97.385 0.180
9 32 50.424 0.634
9 33 26.102 0.571
9 34 21.505 0.891
9 35 64.981 0.821
9 36 66.769 0.165
9 37 46.815 0.946
9 38 24.356 0.196
9 39 39.960 0.212
9 40 50.142 0.857
9 41 37.917 0.068
9 42 53.025 0.104
9 43 74.164 0.813
9 44 46.337 0.511
9 45 21.058 0.785
9 46 30.308 0.346
9 47 79.002 0.063
9 48 0.690 0.818
9 49 0.054 0.126
10 11 99.447 0.457
10 12 18.774 0.382
10 13 84.851 0.604
10 14 82.345 0.239
10 15 0.369 0.622
10 16 81.852 0.214
10 17 64.393 0.761
10 18 87.113 0.600
10 19 86.193 0.579
10 20 78.556 0.374
10 21 37.357 0.424
10 22 51.372 0.375
10 23 72.582 0.787
10 24 39.548 0.216
10 25 98.804 0.245
10 26 70.367 0.095
10 27 37.510 0.321
10 28 13.569 0.405
10 29 11.447 0.832
10 30 33.614 0.027
10 31 14.037 0.191
10 32 88.354 0.298
10 33 87.455 0.696
10 34 42.896 0.881
10 35 43.651 0.058
10 36 83.555 0.214
10 37 11.489 0.278
10 38 23.558 0.770
10 39 82.775 0.535
10 40 89.482 0.103
10 41 60.065 0.896
10 42 65.424 0.537
10 43 80.003 0.545
10 44 50.521 0.393
10 45 97.311 0.685
10 46 54.650 0.871
10 47 66.647 0.438
10 48 17.024 0.028
10 49 52.198 0.882
11 12 82.871 0.838
11 13 28.177 0.820
11 14 14.522 0.968
11 15 7.333 0.003
11 16 44.936 0.732
11 17 49.125 0.306
11 18 4.085 0.676
11 19 54.374 0.786
11 20 61.592 0.382
11 21 49.040 0.657
11 22 32.643 0.351
11 23 96.160 0.944
11 24 88.413 0.321
11 25 52.063 0.996
11 26 97.121 0.933
11 27 0.633 0.090
11 28 97.330 0.450
11 29 57.708 0.076
11 30 71.189 0.154
11 31 36.619 0.392
11 32 42.077 0.096
11 33 5.420 0.789
11 34 68.478 0.142
11 35 46.557 0.811
11 36 43.871 0.611
11 37 50.493 0.396
11 38 41.074 0.363
11 39 36.255 0.987
11 40 58.683 0.905
11 41 93.926 0.158
11 42 37.133 0.905
11 43 86.739 0.115
11 44 12.395 0.556
11 45 33.794 0.348
11 46 66.421 0.382
11 47 18.284 0.388
11 48 15.198 0.390
11 49 30.708 0.839
12 13 47.642 0.986
12 14 61.706 0.847
12 15 91.539 0.682
12 16 4.953 0.727
12 17 36.351 0.431
12 18 16.985 0.707
12 19 86.963 0.366
12 20 7.867 0.700
12 21 57.291 0.839
12 22 4.300 0.501
12 23 38.159 0.903
12 24 35.055 0.103
12 25 89.991 0.815
12 26 37.561 0.623
12 27 17.558 0.697
12 28 74.005 0.916
12 29 81.441 0.240
12 30 75.505 0.100
12 31 88.795 0.208
12 32 3.686 0.086
12 33 84.674 0.553
12 34 30.443 0.670
12 35 34.369 0.154
12 36 88.711 0.941
12 37 47.091 0.535
12 38 39.734 0.514
12 39 41.837 0.449
12 40 35.640 0.628
12 41 97.348 0.871
12 42 30.054 0.201
12 43 59.855 0.767
12 44 3.998 0.781
12 45 4.634 0.005
12 46 29.563 0.701
12 47 60.402 0.879
12 48 89.588 0.892
12 49 9.182 0.058
13 14 8.017 0.528
13 15 68.524 0.162
13 16 22.687 0.069
13 17 47.816 0.837
13 18 49.926 0.365
13 19 45.905 0.915
13 20 48.684 0.161
13 21 23.385 0.186
13 22 90.826 0.735
13 23 39.612 0.386
13 24 83.756 0.439
13 25 91.902 0.219
13 26 71.750 0.558
13 27 32.336 0.647
13 28 63.145 0.300
13 29 66.217 0.191
13 30 91.964 0.676
13 31 55.456 0.720
13 32 24.631 0.702
13 33 60.047 0.034
13 34 65.060 0.684
13 35 51.247 0.586
13 36 94.763 0.274
13 37 21.211 0.821
13 38 8.477 0.634
13 39 95.581 0.985
13 40 70.436 0.326
13 41 27.863 0.682
13 42 21.523 0.454
13 43 17.427 0.144
13 44 13.387 0.206
13 45 46.595 0.943
13 46 31.997 0.169
13 47 76.487 0.829
13 48 0.195 0.708
13 49 76.194 0.502
14 15 16.453 0.244
14 16 85.299 0.362
14 17 95.350 0.499
14 18 25.918 0.718
14 19 24.226 0.636
14 20 87.133 0.509
14 21 39.988 0.757
14 22 2.094 0.321
14 23 60.264 0.395
14 24 26.004 0.365
14 25 73.849 0.498
14 26 1.878 0.134
14 27 6.864 0.879
14 28 70.134 0.654
14 29 33.056 0.272
14 30 38.006 0.601
14 31 89.382 0.933
14 32 75.196 0.064
14 33 91.279 0.210
14 34 43.354 0.409
14 35 15.997 0.600
14 36 98.653 0.527
14 37 36.866 0.618
14 38 29.147 0.715
14 39 46.606 0.210
14 40 1.540 0.592
14 41 3.524 0.568
14 42 95.640 0.749
14 43 70.932 0.908
14 44 99.000 0.263
14 45 97.121 0.212
14 46 19.095 0.821
14 47 0.921 0.980
14 48 45.911 0.979
14 49 86.193 0.753
15 16 63.888 0.977
15 17 7.496 0.537
15 18 68.933 0.602
15 19 48.731 0.302
15 20 93.575 0.862
15 21 56.769 0.396
15 22 81.297 0.570
15 23 92.821 0.061
15 24 79.740 0.519
15 25 25.770 0.248
15 26 41.666 0.613
15 27 93.732 0.550
15 28 32.456 0.174
15 29 2.770 0.429
15 30 43.405 0.669
15 31 15.008 0.825
15 32 1.183 0.259
15 33 2.297 0.897
15 34 45.571 0.898
15 35 6.160 0.911
15 36 19.944 0.203
15 37 49.894 0.222
15 38 81.970 0.937
15 39 94.525 0.884
15 40 95.588 0.753
15 41 16.726 0.691
15 42 9.592 0.793
15 43 13.877 0.325
15 44 62.984 0.845
15 45 9.090 0.859
15 46 82.768 0.016
15 47 37.365 0.104
15 48 55.966 0.307
15 49 42.922 0.108
16 17 64.360 0.050
16 18 7.353 0.691
16 19 67.859 0.890
16 20 58.369 0.072
16 21 10.331 0.898
16 22 79.750 0.455
16 23 0.417 0.422
16 24 54.516 0.996
16 25 89.007 0.512
16 26 25.395 0.663
16 27 24.996 0.085
16 28 49.332 0.361
16 29 21.366 0.529
16 30 56.090 0.129
16 31 4.792 0.096
16 32 94.923 0.357
16 33 53.687 0.275
16 34 67.839 0.727
16 35 51.977 0.307
16 36 3.164 0.049
16 37 98.875 0.153
16 38 18.898 0.216
16 39 18.550 0.494
16 40 61.800 0.292
16 41 7.802 0.837
16 42 85.184 0.094
16 43 44.748 0.354
16 44 46.070 0.759
16 45 56.984 0.893
16 46 60.651 0.430
16 47 13.822 0.481
16 48 55.965 0.633
16 49 63.925 0.738
17 18 95.186 0.886
17 19 87.034 0.841
17 20 34.167 0.819
17 21 66.464 0.072
17 22 87.616 0.382
17 23 17.675 0.514
17 24 44.767 0.744
17 25 27.431 0.184
17 26 76.405 0.120
17 27 67.957 0.719
17 28 17.833 0.087
17 29 50.970 0.770
17 30 95.615 0.908
17 31 77.585 0.404
17 32 89.907 0.006
17 33 21.829 0.165
17 34 88.703 0.007
17 35 57.858 0.902
17 36 95.507 0.713
17 37 3.969 0.124
17 38 97.754 0.947
17 39 10.107 0.437
17 40 89.717 0.465
17 41 59.799 0.557
17 42 70.695 0.030
17 43 92.319 0.502
17 44 6.939 0.311
17 45 76.381 0.856
17 46 54.101 0.465
17 47 82.752 0.357
17 48 85.886 0.169
17 49 9.929 0.710
18 19 64.152 0.346
18 20 14.392 0.193
18 21 15.896 0.073
18 22 84.919 0.553
18 23 53.319 0.939
18 24 79.064 0.715
18 25 84.643 0.672
18 26 9.159 0.035
18 27 15.366 0.970
18 28 25.029 0.170
18 29 32.323 0.300
18 30 91.129 0.174
18 31 96.245 0.883
18 32 96.903 0.083
18 33 42.395 0.219
18 34 70.925 0.065
18 35 3.452 0.269
18 36 91.714 0.233
18 37 23.954 0.855
18 38 1.142 0.304
18 39 31.435 0.928
18 40 29.932 0.625
18 41 65.812 0.103
18 42 39.008 0.516
18 43 45.620 0.258
18 44 65.301 0.483
18 45 67.374 0.053
18 46 36.120 0.635
18 47 92.649 0.954
18 48 82.300 0.539
18 49 76.371 0.699
19 20 37.084 0.828
19 21 29.387 0.191
19 22 55.053 0.125
19 23 88.543 0.470
19 24 23.411 0.201
19 25 88.299 0.774
19 26 66.537 0.855
19 27 89.348 0.675
19 28 63.980 0.701
19 29 21.752 0.955
19 30 11.886 0.892
19 31 42.763 0.174
19 32 58.404 0.834
19 33 92.843 0.862
19 34 34.650 0.102
19 35 57.270 0.878
19 36 84.630 0.114
19 37 5.314 0.769
19 38 69.813 0.577
19 39 84.102 0.891
19 40 87.089 0.373
19 41 90.137 0.640
19 42 92.416 0.335
19 43 27.813 0.395
19 44 66.739 0.336
19 45 91.355 0.677
19 46 95.594 0.181
19 47 74.275 0.590
19 48 59.318 0.102
19 49 18.740 0.811
20 21 46.883 0.027
20 22 66.156 0.291
20 23 13.142 0.422
20 24 59.866 0.348
20 25 96.589 0.173
20 26 80.973 0.996
20 27 2.772 0.930
20 28 69.164 0.241
20 29 37.080 0.324
20 30 91.791 0.523
20 31 39.877 0.702
20 32 76.532 0.669
20 33 36.811 0.364
20 34 15.646 0.530
20 35 67.629 0.810
20 36 83.093 0.902
20 37 97.916 0.158
20 38 79.778 0.525
20 39 49.949 0.749
20 40 36.666 0.650
20 41 11.188 0.893
20 42 60.739 0.170
20 43 91.935 0.892
20 44 4.537 0.352
20 45 7.293 0.737
20 46 76.466 0.980
20 47 52.806 0.351
20 48 86.100 0.117
20 49 28.020 0.830
21 22 36.387 0.745
21 23 37.680 0.920
21 24 32.954 0.272
21 25 66.421 0.881
21 26 79.653 0.253
21 27 79.519 0.953
21 28 69.028 0.717
21 29 49.648 0.885
21 30 56.553 0.149
21 31 47.575 0.363
21 32 28.315 0.559
21 33 63.333 0.733
21 34 33.210 0.013
21 35 43.655 0.100
21 36 52.798 0.716
21 37 41.320 0.738
21 38 24.625 0.984
21 39 72.535 0.786
21 40 18.129 0.461
21 41 69.601 0.334
21 42 86.151 0.522
21 43 97.862 0.366
21 44 79.665 0.103
21 45 78.260 0.481
21 46 18.470 0.126
21 47 19.858 0.959
21 48 56.415 0.269
21 49 20.266 0.547
22 23 66.160 0.104
22 24 36.159 0.267
22 25 95.491 0.491
22 26 60.945 0.666
22 27 14.928 0.718
22 28 72.120 0.207
22 29 84.635 0.055
22 30 26.955 0.867
22 31 17.573 0.288
22 32 91.918 0.663
22 33 5.400 0.319
22 34 88.583 0.476
22 35 3.779 0.091
22 36 26.760 0.488
22 37 44.569 0.963
22 38 74.215 0.571
22 39 53.803 0.130
22 40 81.560 0.158
22 41 6.384 0.860
22 42 40.787 0.502
22 43 41.140 0.110
22 44 6.375 0.727
22 45 93.158 0.555
22 46 49.046 0.749
22 47 74.235 0.204
22 48 43.952 0.971
22 49 46.867 0.523
23 24 17.466 0.639
23 25 92.337 0.438
23 26 89.715 0.870
23 27 69.282 0.698
23 28 53.630 0.688
23 29 95.556 0.777
23 30 25.500 0.813
23 31 63.220 0.956
23 32 86.909 0.590
23 33 14.212 0.242
23 34 13.389 0.188
23 35 62.510 0.514
23 36 51.275 0.124
23 37 47.551 0.653
23 38 60.954 0.237
23 39 43.225 0.460
23 40 92.071 0.489
23 41 26.899 0.808
23 42 94.258 0.318
23 43 33.786 0.867
23 44 95.555 0.855
23 45 83.348 0.199
23 46 99.912 0.989
23 47 66.496 0.189
23 48 65.070 0.130
23 49 25.037 0.590
24 25 22.551 0.534
24 26 38.085 0.914
24 27 92.649 0.221
24 28 54.113 0.038
24 29 29.027 0.839
24 30 71.857 0.661
24 31 99.884 0.315
24 32 78.451 0.187
24 33 75.668 0.766
24 34 99.003 0.198
24 35 46.899 0.939
24 36 98.205 0.929
24 37 39.918 0.403
24 38 1.663 0.067
24 39 33.245 0.817
24 40 72.277 0.742
24 41 2.694 0.855
24 42 85.318 0.796
24 43 39.549 0.812
24 44 94.775 0.313
24 45 92.784 0.454
24 46 73.084 0.880
24 47 83.744 0.446
24 48 36.541 0.262
24 49 29.616 0.542
25 26 39.493 0.014
25 27 90.707 0.793
25 28 31.828 0.042
25 29 25.722 0.219
25 30 26.336 0.264
25 31 99.138 0.742
25 32 15.198 0.376
25 33 35.238 0.699
25 34 8.139 0.140
25 35 54.499 0.919
25 36 38.731 0.776
25 37 59.745 0.169
25 38 99.868 0.787
25 39 61.855 0.771
25 40 24.613 0.009
25 41 47.806 0.298
25 42 24.422 0.737
25 43 97.428 0.598
25 44 33.178 0.565
25 45 49.506 0.790
25 46 82.502 0.934
25 47 2.709 0.536
25 48 51.504 0.483
25 49 12.333 0.617
26 27 92.434 0.996
26 28 9.940 0.773
26 29 32.605 0.099
26 30 29.726 0.847
26 31 92.522 0.914
26 32 72.811 0.508
26 33 40.336 0.551
26 34 78.623 0.185
26 35 23.509 0.639
26 36 1.185 0.437
26 37 80.058 0.137
26 38 7.322 0.642
26 39 33.725 0.281
26 40 23.689 0.762
26 41 20.164 0.842
26 42 60.007 0.966
26 43 74.498 0.863
26 44 26.993 0.021
26 45 34.523 0.616
26 46 49.240 0.742
26 47 78.414 0.842
26 48 45.611 0.230
26 49 20.938 0.251
27 28 12.773 0.280
27 29 37.990 0.851
27 30 1.043 0.135
27 31 75.693 0.923
27 32 15.990 0.719
27 33 27.354 0.376
27 34 14.103 0.567
27 35 29.250 0.738
27 36 86.308 0.963
27 37 34.495 0.317
27 38 39.237 0.185
27 39 73.203 0.861
27 40 90.886 0.359
27 41 96.675 0.647
27 42 94.682 0.129
27 43 33.541 0.064
27 44 93.934 0.263
27 45 56.571 0.616
27 46 87.281 0.339
27 47 70.311 0.772
27 48 54.988 0.871
27 49 81.730 0.223
28 29 55.784 0.570
28 30 8.762 0.943
28 31 54.452 0.982
28 32 14.913 0.895
28 33 81.468 0.370
28 34 32.033 0.352
28 35 57.747 0.575
28 36 47.907 0.592
28 37 39.898 0.541
28 38 90.485 0.132
28 39 54.393 0.344
28 40 36.387 0.797
28 41 92.661 0.851
28 42 7.731 0.630
28 43 33.352 0.589
28 44 98.393 0.080
28 45 42.900 0.014
28 46 88.467 0.934
28 47 80.962 0.112
28 48 64.022 0.220
28 49 3.479 0.220
29 30 58.155 0.629
29 31 12.784 0.997
29 32 68.890 0.069
29 33 51.597 0.713
29 34 89.668 0.636
29 35 75.697 0.439
29 36 8.957 0.625
29 37 68.694 0.209
29 38 96.939 0.201
29 39 81.567 0.002
29 40 99.288 0.021
29 41 89.466 0.159
29 42 0.726 0.370
29 43 58.817 0.955
29 44 4.332 0.387
29 45 8.821 0.130
29 46 96.546 0.537
29 47 33.228 0.579
29 48 32.288 0.791
29 49 20.603 0.828
30 31 79.875 0.894
30 32 74.292 0.597
30 33 11.145 0.711
30 34 86.916 0.527
30 35 8.672 0.857
30 36 68.459 0.107
30 37 88.976 0.757
30 38 61.870 0.926
30 39 8.328 0.813
30 40 5.595 0.676
30 41 26.049 0.586
30 42 18.578 0.699
30 43 49.099 0.766
30 44 89.978 0.488
30 45 71.356 0.234
30 46 53.246 0.271
30 47 51.108 0.708
30 48 12.174 0.678
30 49 41.113 0.298
31 32 65.152 0.570
31 33 97.001 0.800
31 34 43.098 0.265
31 35 41.833 0.703
31 36 36.386 0.794
31 37 57.325 0.705
31 38 36.617 0.311
31 39 5.530 0.988
31 40 60.136 0.442
31 41 58.707 0.634
31 42 51.994 0.215
31 43 29.648 0.331
31 44 91.378 0.151
31 45 49.921 0.963
31 46 32.526 0.279
31 47 39.280 0.766
31 48 18.789 0.092
31 49 45.912 0.475
32 33 1.683 0.939
32 34 14.267 0.296
32 35 81.702 0.947
32 36 54.857 0.588
32 37 63.092 0.311
32 38 48.744 0.870
32 39 80.947 0.747
32 40 18.345 0.126
32 41 15.691 0.940
32 42 35.724 0.413
32 43 57.397 0.074
32 44 19.753 0.477
32 45 20.370 0.909
32 46 94.278 0.384
32 47 37.040 0.415
32 48 40.888 0.227
32 49 79.442 0.683
33 34 81.917 0.560
33 35 66.430 0.666
33 36 71.989 0.581
33 37 15.263 0.350
33 38 59.727 0.998
33 39 87.308 0.081
33 40 5.150 0.175
33 41 59.334 0.149
33 42 2.855 0.402
33 43 24.263 0.161
33 44 66.254 0.099
33 45 88.205 0.418
33 46 73.909 0.323
33 47 84.224 0.267
33 48 65.491 0.214
33 49 67.527 0.377
34 35 1.864 0.924
34 36 91.632 0.978
34 37 71.544 0.099
34 38 90.550 0.374
34 39 34.038 0.256
34 40 8.122 0.452
34 41 39.505 0.206
34 42 22.432 0.493
34 43 53.735 0.253
34 44 10.521 0.316
34 45 47.624 0.058
34 46 86.657 0.672
34 47 81.106 0.900
34 48 26.023 0.861
34 49 22.946 0.571
35 36 54.904 0.725
35 37 99.838 0.292
35 38 48.340 0.549
35 39 60.931 0.833
35 40 26.692 0.903
35 41 77.218 0.526
35 42 83.671 0.112
35 43 69.120 0.915
35 44 10.134 0.909
35 45 70.180 0.646
35 46 0.315 0.753
35 47 89.941 0.559
35 48 40.118 0.484
35 49 34.882 0.092
36 37 80.762 0.230
36 38 82.720 0.817
36 39 95.252 0.985
36 40 82.422 0.357
36 41 0.070 0.831
36 42 69.981 0.968
36 43 99.899 0.583
36 44 48.247 0.816
36 45 79.387 0.520
36 46 78.116 0.309
36 47 22.624 0.978
36 48 67.844 0.930
36 49 88.415 0.762
37 38 27.496 0.637
37 39 7.397 0.783
37 40 76.296 0.287
37 41 95.671 0.809
37 42 52.104 0.518
37 43 98.857 0.966
37 44 74.265 0.171
37 45 90.345 0.457
37 46 53.774 0.660
37 47 47.987 0.986
37 48 27.997 0.643
37 49 24.618 0.546
38 39 21.102 0.991
38 40 9.511 0.542
38 41 95.919 0.315
38 42 50.230 0.730
38 43 68.119 0.250
38 44 67.358 0.049
38 45 99.402 0.288
38 46 48.159 0.269
38 47 72.800 0.197
38 48 49.504 0.261
38 49 80.281 0.962
39 40 75.217 0.884
39 41 20.478 0.758
39 42 18.531 0.667
39 43 12.697 0.663
39 44 76.402 0.931
39 45 82.264 0.696
39 46 49.229 0.571
39 47 61.846 0.311
39 48 36.831 0.411
39 49 83.521 0.630
40 41 29.569 0.985
40 42 7.212 0.570
40 43 72.084 0.598
40 44 42.496 0.497
40 45 46.372 0.741
40 46 72.862 0.197
40 47 80.781 0.296
40 48 84.175 0.778
40 49 42.003 0.459
41 42 32.381 0.546
41 43 8.232 0.996
41 44 59.441 0.077
41 45 53.429 0.271
41 46 81.020 0.426
41 47 94.969 0.449
41 48 24.614 0.883
41 49 69.946 0.443
42 43 92.651 0.784
42 44 9.018 0.437
42 45 61.454 0.591
42 46 70.931 0.291
42 47 4.085 0.908
42 48 85.700 0.740
42 49 42.696 0.126
43 44 29.922 0.028
43 45 94.351 0.111
43 46 23.827 0.596
43 47 73.211 0.742
43 48 96.372 0.453
43 49 51.498 0.103
44 45 12.096 0.147
44 46 61.855 0.836
44 47 91.394 0.605
44 48 44.512 0.511
44 49 84.520 0.660
45 46 4.087 0.843
45 47 78.835 0.802
45 48 42.915 0.251
45 49 28.718 0.527
46 47 80.451 0.573
46 48 97.995 0.678
46 49 51.634 0.704
47 48 95.904 0.333
47 49 0.971 0.540
48 49 69.328 0.146
