50
17.38
0 1 10.101 32.567
0 2 5.582 18.794
0 3 18.248 31.171
0 4 95.842 47.216
0 5 14.003 8.256
0 6 15.991 30.153
0 7 46.253 36.162
0 8 80.558 1.141
0 9 58.331 34.135
0 10 46.269 18.923
0 11 47.551 13.983
0 12 51.194 3.095
0 13 13.857 33.326
0 14 98.698 6.216
0 15 77.702 43.544
0 16 42.58 48.243
0 17 10.848 43.826
0 18 26.994 25.184
0 19 23.566 27.445
0 20 16.534 31.14
0 21 18.425 0.348
0 22 21.307 5.656
0 23 43.388 2.116
0 24 12.872 9.595
0 25 28.714 29.989
0 26 56.387 13.161
0 27 86.678 26.52
0 28 7.815 3.694
0 29 19.883 7.496
0 30 60.468 45.593
0 31 11.834 8.803
0 32 87.601 2.698
0 33 47.046 28.801
0 34 27.046 15.672
0 35 30.819 28.265
0 36 44.755 44.013
0 37 18.744 5.859
0 38 88.509 0.625
0 39 38.231 21.455
0 40 87.707 26.261
0 41 45.292 15.001
0 42 7.979 3.798
0 43 72.111 4.233
0 44 14.46 16.362
0 45 37.757 15.366
0 46 16.398 36.525
0 47 0.105 39.629
0 48 83.992 35.594
0 49 34.506 27.582
1 2 72.768 24.1
1 3 48.576 41.031
1 4 17.072 27.319
1 5 4.354 39.495
1 6 37.922 22.928
1 7 41.087 45.235
1 8 0.43 22.973
1 9 66.369 49.732
1 10 0.379 42.375
1 11 38.552 5.235
1 12 49.613 47.16
1 13 24.073 39.977
1 14 42.682 29.145
1 15 13.712 48.066
1 16 78.162 48.862
1 17 69.998 13.023
1 18 52.307 41.609
1 19 88.916 4.627
1 20 25.123 13.457
1 21 94.672 23.479
1 22 56.016 31.514
1 23 37.132 42.826
1 24 72.459 35.695
1 25 21.411 25.381
1 26 3.501 17.063
1 27 95.514 2.039
1 28 81.97 44.07
1 29 21.149 12.627
1 30 47.909 12.058
1 31 13.213 8.937
1 32 93.644 39.629
1 33 13.29 17.724
1 34 15.893 4.822
1 35 47.331 3.721
1 36 33.403 23.668
1 37 17.051 16.519
1 38 53.837 6.079
1 39 81.405 17.038
1 40 68.081 36.288
1 41 15.647 43.662
1 42 70.114 7.926
1 43 43.226 18.802
1 44 83.622 49.942
1 45 86.238 20.212
1 46 57.607 15.399
1 47 0.701 6.132
1 48 14.843 40.587
1 49 13.228 28.897
2 3 50.889 23.512
2 4 88.354 11.815
2 5 17.341 25.389
2 6 0.045 27.22
2 7 27.48 15.727
2 8 0.56 27.342
2 9 16.992 5.495
2 10 22.891 35.135
2 11 34.954 27.61
2 12 22.039 25.567
2 13 40.052 4.254
2 14 3.123 7.996
2 15 74.574 25.8
2 16 34.88 37.252
2 17 7.02 41.819
2 18 88.441 35.625
2 19 93.626 12.32
2 20 40.675 20.408
2 21 78.308 35.874
2 22 86.744 22.165
2 23 2.97 43.619
2 24 19.04 20.192
2 25 37.34 13.104
2 26 55.964 13.891
2 27 65.207 2.946
2 28 55.407 4.303
2 29 20.179 11.151
2 30 87.303 3.102
2 31 72.073 14.573
2 32 8.222 29.424
2 33 75.797 12.44
2 34 52.523 37.312
2 35 94.154 28.444
2 36 93.21 35.048
2 37 47.858 4.889
2 38 28.336 5.877
2 39 57.582 2.8
2 40 70.114 20.411
2 41 91.921 2.047
2 42 27.293 44.25
2 43 4.67 10.235
2 44 84.387 34.427
2 45 12.925 46.787
2 46 6.653 26.986
2 47 95.845 30.965
2 48 80.643 25.187
2 49 43.746 43.378
3 4 23.912 42.134
3 5 86.226 26.522
3 6 56.182 43.127
3 7 89.17 6.811
3 8 11.443 2.851
3 9 28.31 9.976
3 10 86.05 42.202
3 11 17.817 46.263
3 12 86.681 38.255
3 13 39.578 23.906
3 14 66.86 27.577
3 15 92.509 17.248
3 16 37.181 26.933
3 17 24.12 34.964
3 18 69.355 43.307
3 19 72.055 6.004
3 20 0.311 38.033
3 21 79.155 46.481
3 22 18.877 34.061
3 23 99.469 39.112
3 24 87.013 39.362
3 25 13.255 29.756
3 26 85.884 16.14
3 27 82.171 36.125
3 28 62.836 1.93
3 29 48.714 19.415
3 30 98.685 30.5
3 31 48.952 42.46
3 32 97.011 18.626
3 33 70.582 36.875
3 34 76.873 42.746
3 35 44.384 13.02
3 36 22.175 2.6
3 37 49.138 3.433
3 38 76.798 6.345
3 39 64.334 24.408
3 40 98.875 27.615
3 41 86.939 11.613
3 42 13.726 43.077
3 43 81.008 4.773
3 44 30.346 37.605
3 45 50.291 8.899
3 46 66.385 44.54
3 47 93.43 6.516
3 48 63.977 34.451
3 49 99.084 15.186
4 5 82.199 34.42
4 6 65.212 21.97
4 7 41.327 39.631
4 8 82.788 27.279
4 9 85.012 17.525
4 10 44.281 44.308
4 11 63.031 11.564
4 12 30.838 6.692
4 13 95.524 46.711
4 14 6.912 45.275
4 15 67.603 46.607
4 16 18.836 24.183
4 17 5.311 9.194
4 18 19.289 42.535
4 19 21.92 44.922
4 20 89.901 26.175
4 21 97.563 11.719
4 22 73.159 16.32
4 23 66.667 42.862
4 24 23.939 31.844
4 25 65.553 43.817
4 26 0.686 30.841
4 27 20.416 18.133
4 28 45.899 44.348
4 29 66.182 41.842
4 30 57.509 14.732
4 31 8.767 27.975
4 32 97.849 30.957
4 33 51.945 20.878
4 34 6.197 41.803
4 35 56.279 27.291
4 36 91.385 5.783
4 37 42.901 29.059
4 38 60.796 0.948
4 39 14.634 2.49
4 40 93.545 23.113
4 41 47.859 20.992
4 42 31.236 45.899
4 43 71.859 45.543
4 44 88.259 36.836
4 45 62.403 47.807
4 46 77.148 45.559
4 47 44.715 43.619
4 48 30.613 2.14
4 49 24.202 8.301
5 6 85.638 29.411
5 7 26.52 44.379
5 8 61.459 28.086
5 9 83.801 0.933
5 10 45.637 42.534
5 11 16.388 17.64
5 12 46.721 35.677
5 13 40.731 44.18
5 14 9.37 22.675
5 15 26.978 3.074
5 16 15.479 36.595
5 17 16.847 33.888
5 18 1.317 39.318
5 19 63.709 33.778
5 20 55.107 26.194
5 21 92.31 32.738
5 22 8.403 12.349
5 23 24.045 22.877
5 24 30.0 21.567
5 25 91.485 27.177
5 26 96.614 32.001
5 27 15.33 25.946
5 28 9.6 23.532
5 29 66.803 24.613
5 30 13.436 12.842
5 31 33.706 5.874
5 32 90.756 7.933
5 33 48.259 11.463
5 34 24.906 5.4
5 35 8.571 27.672
5 36 84.581 42.902
5 37 58.785 47.866
5 38 57.248 29.319
5 39 93.668 2.646
5 40 54.344 3.378
5 41 12.31 19.603
5 42 66.519 25.728
5 43 49.338 47.945
5 44 43.559 24.102
5 45 45.767 4.135
5 46 43.661 39.694
5 47 24.304 7.935
5 48 3.534 29.123
5 49 51.358 32.773
6 7 42.12 2.16
6 8 26.819 18.809
6 9 41.428 46.067
6 10 37.625 9.942
6 11 41.915 39.647
6 12 61.825 23.638
6 13 29.673 35.021
6 14 98.841 2.258
6 15 80.692 30.861
6 16 20.41 13.63
6 17 43.276 15.776
6 18 91.782 31.186
6 19 73.153 14.525
6 20 40.914 10.66
6 21 25.806 30.379
6 22 63.217 21.68
6 23 62.394 41.054
6 24 58.579 30.359
6 25 35.346 28.597
6 26 94.329 19.23
6 27 10.397 42.683
6 28 51.596 30.538
6 29 12.916 40.017
6 30 42.218 25.085
6 31 74.216 36.949
6 32 80.306 34.759
6 33 16.949 15.279
6 34 7.518 10.552
6 35 91.247 27.278
6 36 66.746 29.107
6 37 88.746 39.945
6 38 35.744 39.806
6 39 30.81 19.042
6 40 22.933 34.096
6 41 31.122 45.712
6 42 54.688 48.266
6 43 10.865 38.223
6 44 50.538 35.894
6 45 8.28 24.133
6 46 61.051 45.496
6 47 82.925 8.838
6 48 22.051 22.563
6 49 91.698 38.529
7 8 16.823 9.157
7 9 39.886 27.259
7 10 20.248 10.506
7 11 59.53 17.578
7 12 80.851 15.204
7 13 80.38 12.857
7 14 38.889 12.535
7 15 77.08 38.933
7 16 6.446 49.162
7 17 40.513 12.57
7 18 80.099 29.317
7 19 3.374 11.855
7 20 20.769 21.826
7 21 81.611 43.634
7 22 21.138 21.35
7 23 5.179 6.59
7 24 31.899 2.705
7 25 45.538 14.124
7 26 10.953 11.452
7 27 60.533 28.516
7 28 22.549 6.193
7 29 72.91 34.352
7 30 6.648 39.718
7 31 86.123 15.535
7 32 85.781 6.686
7 33 54.322 10.208
7 34 31.131 44.033
7 35 40.22 11.195
7 36 59.056 8.378
7 37 76.27 24.169
7 38 96.718 26.202
7 39 2.955 40.336
7 40 63.896 20.376
7 41 56.78 28.303
7 42 95.096 39.388
7 43 20.935 37.322
7 44 18.836 12.611
7 45 29.992 19.619
7 46 97.518 44.041
7 47 57.807 33.146
7 48 19.17 44.53
7 49 77.01 46.029
8 9 25.865 10.41
8 10 69.393 11.053
8 11 30.46 32.677
8 12 97.629 7.779
8 13 12.379 19.834
8 14 82.332 11.614
8 15 91.854 1.068
8 16 65.384 47.121
8 17 82.188 43.808
8 18 53.105 15.158
8 19 72.419 41.792
8 20 30.374 40.659
8 21 56.597 47.058
8 22 10.223 17.58
8 23 32.964 36.809
8 24 38.938 17.433
8 25 30.942 9.926
8 26 80.914 13.389
8 27 24.921 0.58
8 28 86.529 46.646
8 29 11.865 26.873
8 30 67.231 19.824
8 31 63.999 4.653
8 32 24.315 30.468
8 33 42.362 33.079
8 34 9.442 28.577
8 35 71.373 20.324
8 36 12.562 49.85
8 37 59.098 41.753
8 38 3.198 9.268
8 39 34.742 21.898
8 40 16.678 28.904
8 41 98.102 47.974
8 42 61.311 19.818
8 43 15.25 45.65
8 44 64.888 31.446
8 45 45.978 24.428
8 46 16.308 15.124
8 47 46.977 46.017
8 48 33.357 17.524
8 49 75.256 34.54
9 10 12.093 6.782
9 11 1.204 42.2
9 12 93.542 22.724
9 13 49.045 29.504
9 14 58.646 25.388
9 15 19.736 11.69
9 16 31.493 11.759
9 17 85.018 44.25
9 18 43.56 13.565
9 19 94.519 29.695
9 20 99.065 9.413
9 21 88.507 35.94
9 22 31.962 48.287
9 23 56.139 24.372
9 24 49.492 10.55
9 25 33.865 37.554
9 26 48.003 25.919
9 27 70.068 46.036
9 28 56.73 45.041
9 29 85.499 0.37
9 30 92.647 15.136
9 31 62.23 14.775
9 32 88.327 39.177
9 33 30.09 10.142
9 34 78.521 22.537
9 35 58.301 46.744
9 36 80.156 20.992
9 37 93.227 0.245
9 38 85.536 30.556
9 39 44.141 29.762
9 40 87.56 3.549
9 41 31.12 1.497
9 42 34.015 8.734
9 43 35.502 11.949
9 44 64.425 11.947
9 45 87.782 42.816
9 46 20.865 15.856
9 47 69.558 8.211
9 48 22.685 42.227
9 49 36.242 26.3
10 11 71.704 31.091
10 12 7.377 25.013
10 13 73.83 27.484
10 14 34.032 45.482
10 15 86.583 21.302
10 16 17.71 4.919
10 17 30.433 48.534
10 18 57.43 42.544
10 19 39.606 6.047
10 20 48.029 11.006
10 21 54.715 18.203
10 22 59.936 35.616
10 23 97.415 31.545
10 24 81.152 2.639
10 25 7.258 15.674
10 26 19.429 30.428
10 27 56.101 15.012
10 28 13.492 33.921
10 29 64.792 2.668
10 30 81.418 40.752
10 31 48.95 8.602
10 32 25.299 14.556
10 33 2.604 45.128
10 34 8.641 4.744
10 35 66.912 35.249
10 36 66.077 31.475
10 37 70.454 41.063
10 38 65.083 19.074
10 39 83.64 12.564
10 40 42.505 25.708
10 41 82.284 42.523
10 42 26.058 33.841
10 43 81.553 13.994
10 44 25.227 2.287
10 45 86.99 44.409
10 46 67.728 12.711
10 47 82.092 19.615
10 48 36.652 30.831
10 49 37.609 8.976
11 12 70.63 25.63
11 13 42.041 8.282
11 14 32.409 10.002
11 15 10.091 24.387
11 16 83.082 15.245
11 17 47.81 6.97
11 18 80.863 28.706
11 19 7.362 46.688
11 20 98.483 1.355
11 21 48.489 40.246
11 22 99.335 37.0
11 23 5.493 42.475
11 24 81.672 25.607
11 25 95.119 49.109
11 26 44.44 42.973
11 27 13.931 11.225
11 28 83.274 12.839
11 29 39.733 42.067
11 30 53.994 16.119
11 31 58.039 38.554
11 32 82.01 20.332
11 33 26.565 38.59
11 34 43.328 18.46
11 35 63.093 38.241
11 36 91.932 44.315
11 37 33.35 41.033
11 38 63.643 24.189
11 39 66.76 38.298
11 40 48.12 10.368
11 41 59.934 32.575
11 42 68.711 4.254
11 43 84.645 8.708
11 44 18.91 41.927
11 45 57.002 48.521
11 46 6.485 43.686
11 47 47.266 25.78
11 48 89.167 32.31
11 49 84.418 13.824
12 13 27.419 21.531
12 14 3.296 13.73
12 15 85.272 14.96
12 16 22.433 40.259
12 17 16.642 17.176
12 18 32.443 28.535
12 19 17.93 38.159
12 20 67.339 25.066
12 21 49.614 49.064
12 22 24.953 0.359
12 23 8.368 48.415
12 24 83.004 38.833
12 25 92.53 39.717
12 26 29.754 43.786
12 27 20.975 16.178
12 28 7.042 32.664
12 29 44.736 22.116
12 30 26.708 44.043
12 31 51.333 26.038
12 32 73.709 4.227
12 33 70.459 20.38
12 34 85.006 24.921
12 35 90.838 11.87
12 36 75.509 27.748
12 37 22.904 21.449
12 38 29.551 23.446
12 39 70.147 47.463
12 40 76.542 38.212
12 41 89.305 2.451
12 42 24.262 49.734
12 43 57.334 41.889
12 44 44.782 30.021
12 45 93.764 7.198
12 46 2.417 32.617
12 47 2.415 40.956
12 48 91.091 3.736
12 49 52.614 4.108
13 14 21.458 46.911
13 15 12.505 8.673
13 16 44.015 42.428
13 17 24.954 16.745
13 18 31.724 12.434
13 19 98.513 16.141
13 20 57.981 1.508
13 21 4.751 4.588
13 22 66.436 14.245
13 23 62.523 21.599
13 24 72.438 9.037
13 25 90.747 10.798
13 26 96.403 32.623
13 27 97.24 31.377
13 28 76.138 43.927
13 29 81.532 15.588
13 30 15.068 27.71
13 31 14.276 30.236
13 32 8.33 43.261
13 33 97.313 23.004
13 34 86.645 4.736
13 35 18.7 29.563
13 36 76.599 34.956
13 37 30.274 36.422
13 38 18.336 16.323
13 39 29.224 16.072
13 40 21.504 5.579
13 41 34.834 40.897
13 42 40.164 6.224
13 43 31.74 15.4
13 44 0.543 44.654
13 45 33.7 24.422
13 46 47.555 7.569
13 47 31.334 33.691
13 48 40.868 0.924
13 49 8.318 46.027
14 15 96.785 46.43
14 16 36.652 5.168
14 17 87.88 45.332
14 18 68.171 42.697
14 19 67.69 25.979
14 20 32.143 24.1
14 21 43.83 30.542
14 22 81.029 13.719
14 23 72.837 28.63
14 24 63.635 2.537
14 25 9.678 3.614
14 26 14.15 6.607
14 27 62.078 25.608
14 28 25.813 34.298
14 29 91.67 34.692
14 30 94.024 48.171
14 31 1.374 36.006
14 32 95.034 43.478
14 33 26.694 22.739
14 34 95.379 10.004
14 35 16.943 45.778
14 36 74.324 10.738
14 37 81.663 37.952
14 38 84.021 45.619
14 39 39.663 17.022
14 40 8.253 29.286
14 41 2.389 5.895
14 42 35.977 32.858
14 43 10.122 17.159
14 44 53.869 43.629
14 45 95.547 43.678
14 46 60.703 22.191
14 47 16.098 8.278
14 48 60.894 43.843
14 49 18.071 40.726
15 16 70.399 38.982
15 17 80.861 20.274
15 18 69.89 48.528
15 19 73.579 21.314
15 20 65.276 41.465
15 21 84.252 37.698
15 22 37.859 11.091
15 23 26.011 14.694
15 24 84.933 29.802
15 25 41.235 4.715
15 26 12.263 30.88
15 27 32.515 29.196
15 28 51.789 15.377
15 29 91.666 25.511
15 30 40.563 21.125
15 31 70.309 49.682
15 32 69.93 46.207
15 33 36.843 43.834
15 34 72.126 38.761
15 35 71.958 48.05
15 36 2.55 47.543
15 37 69.166 7.047
15 38 57.574 44.76
15 39 16.698 9.096
15 40 62.974 28.092
15 41 18.187 43.983
15 42 60.433 47.363
15 43 15.911 17.967
15 44 18.361 16.245
15 45 11.159 6.497
15 46 80.253 38.279
15 47 36.903 22.142
15 48 17.943 20.701
15 49 89.992 28.64
16 17 38.752 5.176
16 18 32.371 37.152
16 19 98.272 3.538
16 20 68.739 25.777
16 21 48.621 27.873
16 22 82.702 2.286
16 23 34.331 14.64
16 24 38.529 30.259
16 25 87.834 35.484
16 26 28.222 29.95
16 27 9.343 13.758
16 28 28.558 44.506
16 29 22.08 33.57
16 30 89.719 19.699
16 31 17.227 20.55
16 32 24.182 18.564
16 33 10.606 26.457
16 34 46.726 15.426
16 35 54.789 47.822
16 36 58.836 49.299
16 37 20.815 0.51
16 38 38.005 33.014
16 39 80.902 0.505
16 40 93.871 14.544
16 41 57.417 28.562
16 42 22.418 19.41
16 43 40.922 19.622
16 44 7.325 47.579
16 45 30.943 28.974
16 46 29.573 0.007
16 47 5.223 23.873
16 48 38.433 9.333
16 49 55.482 48.862
17 18 87.415 37.641
17 19 8.42 12.674
17 20 60.256 11.032
17 21 2.9 36.183
17 22 19.367 8.056
17 23 19.039 11.67
17 24 72.559 35.904
17 25 70.018 33.96
17 26 0.843 3.88
17 27 11.795 15.873
17 28 60.932 31.4
17 29 87.648 34.515
17 30 67.082 23.506
17 31 23.837 45.471
17 32 55.269 31.9
17 33 12.319 1.623
17 34 90.853 39.671
17 35 33.785 13.927
17 36 83.225 25.146
17 37 78.707 41.379
17 38 44.973 48.722
17 39 66.057 37.771
17 40 2.482 35.117
17 41 23.822 11.359
17 42 26.222 19.152
17 43 23.329 32.737
17 44 2.477 26.373
17 45 18.249 20.551
17 46 79.943 32.574
17 47 70.405 30.14
17 48 94.295 18.532
17 49 18.594 7.346
18 19 29.586 38.322
18 20 61.838 45.998
18 21 42.639 4.958
18 22 26.83 24.32
18 23 87.996 47.325
18 24 3.013 13.316
18 25 38.96 32.764
18 26 86.56 26.779
18 27 4.657 49.503
18 28 92.545 39.16
18 29 98.726 31.319
18 30 59.512 14.535
18 31 27.078 25.003
18 32 15.784 37.214
18 33 72.307 39.513
18 34 49.358 22.664
18 35 13.601 42.845
18 36 24.932 12.953
18 37 5.775 14.381
18 38 68.852 42.042
18 39 69.588 48.717
18 40 26.38 11.365
18 41 33.8 27.026
18 42 37.507 49.441
18 43 86.364 48.967
18 44 88.604 12.263
18 45 76.617 6.753
18 46 0.669 20.447
18 47 73.309 17.077
18 48 57.026 43.631
18 49 10.731 0.932
19 20 42.764 43.701
19 21 51.377 26.665
19 22 85.185 37.661
19 23 45.576 37.252
19 24 40.689 30.642
19 25 64.804 25.42
19 26 19.992 48.526
19 27 23.73 6.064
19 28 56.629 44.036
19 29 11.453 23.791
19 30 27.123 48.097
19 31 7.048 46.055
19 32 0.694 26.647
19 33 22.766 39.774
19 34 85.449 6.612
19 35 29.063 20.318
19 36 86.897 23.989
19 37 77.221 49.22
19 38 34.847 37.424
19 39 21.263 20.206
19 40 70.255 11.054
19 41 68.265 31.253
19 42 71.973 2.584
19 43 39.484 18.828
19 44 37.244 25.507
19 45 3.9 42.833
19 46 8.399 35.417
19 47 7.847 23.425
19 48 95.569 5.587
19 49 34.042 4.735
20 21 70.918 14.247
20 22 5.688 34.904
20 23 66.595 45.069
20 24 80.117 30.123
20 25 67.951 2.929
20 26 16.693 18.609
20 27 34.761 22.011
20 28 71.637 27.225
20 29 35.705 40.909
20 30 23.643 36.589
20 31 24.958 14.088
20 32 75.726 30.055
20 33 53.768 16.115
20 34 2.534 11.073
20 35 35.434 27.227
20 36 80.978 32.729
20 37 6.863 22.158
20 38 37.312 34.049
20 39 93.861 2.065
20 40 25.867 31.515
20 41 17.619 41.271
20 42 47.923 45.479
20 43 46.653 24.318
20 44 42.375 36.041
20 45 47.724 39.215
20 46 96.134 3.069
20 47 15.185 41.945
20 48 88.211 41.301
20 49 76.754 11.681
21 22 42.754 16.671
21 23 24.971 33.575
21 24 92.005 21.943
21 25 87.393 48.09
21 26 86.738 16.381
21 27 61.929 18.716
21 28 92.76 35.412
21 29 98.305 36.784
21 30 74.926 14.729
21 31 42.402 45.054
21 32 64.632 40.219
21 33 45.586 48.199
21 34 55.625 45.781
21 35 46.61 49.668
21 36 64.742 32.023
21 37 7.387 38.425
21 38 80.751 42.246
21 39 13.274 24.84
21 40 72.678 9.184
21 41 69.769 19.09
21 42 64.703 4.499
21 43 35.919 18.813
21 44 15.441 8.139
21 45 23.265 32.363
21 46 46.831 9.466
21 47 88.301 41.152
21 48 47.348 46.167
21 49 8.961 41.335
22 23 87.059 14.074
22 24 46.692 5.063
22 25 57.32 7.257
22 26 87.306 42.845
22 27 56.576 3.583
22 28 92.575 28.83
22 29 91.67 11.41
22 30 67.52 15.655
22 31 7.865 14.009
22 32 68.553 10.48
22 33 23.535 3.034
22 34 84.569 45.172
22 35 0.552 35.864
22 36 20.658 7.79
22 37 32.197 22.165
22 38 4.738 35.215
22 39 95.5 15.412
22 40 62.676 24.979
22 41 45.215 12.065
22 42 42.182 3.123
22 43 18.299 28.122
22 44 31.035 33.986
22 45 16.209 17.868
22 46 80.096 4.25
22 47 83.126 35.122
22 48 8.789 1.161
22 49 72.224 47.917
23 24 80.529 5.807
23 25 45.964 10.113
23 26 88.842 49.418
23 27 92.922 28.777
23 28 68.719 26.868
23 29 59.529 3.56
23 30 6.848 14.968
23 31 8.581 41.241
23 32 21.783 1.173
23 33 51.027 12.409
23 34 27.429 33.907
23 35 99.373 5.382
23 36 38.796 39.38
23 37 7.151 26.266
23 38 61.392 35.341
23 39 60.22 31.724
23 40 40.835 6.04
23 41 17.389 27.578
23 42 63.676 48.762
23 43 30.736 7.267
23 44 78.499 27.787
23 45 45.963 32.885
23 46 26.584 24.933
23 47 42.833 23.084
23 48 17.477 23.196
23 49 13.428 41.98
24 25 8.07 49.399
24 26 50.037 48.749
24 27 10.845 30.567
24 28 68.03 17.808
24 29 70.488 24.393
24 30 41.553 47.225
24 31 64.26 37.066
24 32 9.981 36.334
24 33 45.049 2.002
24 34 24.149 27.226
24 35 53.249 48.396
24 36 94.557 24.624
24 37 95.945 29.532
24 38 68.571 18.509
24 39 40.435 24.352
24 40 66.755 31.711
24 41 29.577 37.887
24 42 61.512 22.024
24 43 86.459 24.721
24 44 10.571 18.092
24 45 41.277 15.576
24 46 26.543 4.98
24 47 27.764 46.366
24 48 72.357 22.369
24 49 75.357 45.987
25 26 55.978 47.455
25 27 4.935 31.296
25 28 99.213 12.09
25 29 58.749 21.788
25 30 8.127 0.192
25 31 59.374 3.052
25 32 40.336 6.117
25 33 52.154 33.853
25 34 17.83 21.379
25 35 24.138 18.343
25 36 83.236 8.83
25 37 86.337 6.822
25 38 97.961 9.974
25 39 74.374 4.648
25 40 47.162 21.677
25 41 67.587 12.577
25 42 79.898 40.26
25 43 49.665 32.327
25 44 40.507 13.931
25 45 70.349 5.619
25 46 38.293 17.018
25 47 18.393 49.888
25 48 49.2 17.822
25 49 75.784 44.081
26 27 6.376 6.328
26 28 16.069 14.629
26 29 81.316 30.404
26 30 6.934 15.117
26 31 16.853 24.866
26 32 85.369 42.553
26 33 81.068 4.255
26 34 41.98 28.043
26 35 15.423 18.996
26 36 7.083 0.764
26 37 89.677 35.879
26 38 25.44 11.341
26 39 44.924 43.578
26 40 73.453 17.815
26 41 94.734 24.452
26 42 46.674 37.89
26 43 44.42 27.593
26 44 81.836 30.532
26 45 35.059 33.956
26 46 9.03 1.163
26 47 55.498 19.427
26 48 6.523 13.166
26 49 87.65 16.59
27 28 55.189 10.45
27 29 44.518 22.449
27 30 49.409 8.646
27 31 18.303 11.187
27 32 80.882 22.272
27 33 40.535 12.451
27 34 54.186 29.471
27 35 69.237 16.698
27 36 72.861 35.6
27 37 82.449 33.825
27 38 46.817 16.674
27 39 48.081 49.247
27 40 94.23 34.776
27 41 31.672 3.455
27 42 97.183 24.524
27 43 88.601 1.161
27 44 22.91 29.892
27 45 5.745 9.771
27 46 84.296 1.996
27 47 8.836 8.205
27 48 26.976 14.641
27 49 93.81 29.807
28 29 21.014 6.222
28 30 98.145 15.224
28 31 70.227 33.083
28 32 5.347 0.994
28 33 78.926 33.866
28 34 17.027 11.237
28 35 88.058 7.303
28 36 51.647 44.767
28 37 77.573 14.55
28 38 80.285 12.956
28 39 65.068 12.156
28 40 4.7 4.862
28 41 62.31 41.78
28 42 48.478 15.794
28 43 92.414 45.59
28 44 12.261 43.379
28 45 73.862 49.472
28 46 49.999 27.298
28 47 48.055 22.023
28 48 80.249 2.456
28 49 7.789 46.033
29 30 2.319 41.923
29 31 66.552 18.232
29 32 73.777 35.194
29 33 87.861 31.589
29 34 34.994 2.286
29 35 62.545 45.222
29 36 78.525 34.858
29 37 42.934 44.999
29 38 50.067 47.982
29 39 2.375 20.712
29 40 47.647 15.763
29 41 59.207 17.06
29 42 72.273 24.067
29 43 16.541 2.027
29 44 53.689 46.539
29 45 2.725 11.418
29 46 58.193 0.606
29 47 62.462 48.84
29 48 85.304 29.884
29 49 83.111 33.611
30 31 21.602 27.572
30 32 82.81 49.581
30 33 51.548 38.611
30 34 86.247 23.991
30 35 92.714 40.312
30 36 62.212 34.973
30 37 47.52 21.945
30 38 48.856 46.899
30 39 80.362 19.272
30 40 69.145 21.247
30 41 71.45 20.902
30 42 68.451 18.007
30 43 99.583 43.164
30 44 49.975 49.162
30 45 25.794 49.296
30 46 73.857 10.414
30 47 77.943 40.807
30 48 3.865 48.217
30 49 24.272 44.613
31 32 41.757 6.394
31 33 80.64 31.254
31 34 92.948 17.929
31 35 10.714 19.566
31 36 42.237 37.621
31 37 13.519 17.164
31 38 80.867 10.391
31 39 70.357 18.329
31 40 46.964 0.296
31 41 62.299 16.974
31 42 8.438 36.132
31 43 99.578 23.213
31 44 18.977 26.806
31 45 96.41 3.662
31 46 5.159 48.526
31 47 79.948 27.264
31 48 86.697 5.657
31 49 69.197 40.849
32 33 35.726 10.655
32 34 85.715 8.811
32 35 75.151 13.336
32 36 33.177 31.128
32 37 10.893 45.514
32 38 46.867 1.144
32 39 0.329 30.999
32 40 81.411 21.268
32 41 64.194 41.215
32 42 14.523 38.269
32 43 58.516 39.179
32 44 28.208 42.252
32 45 42.522 15.734
32 46 43.012 4.596
32 47 83.787 19.106
32 48 78.027 48.563
32 49 56.911 26.849
33 34 96.782 15.009
33 35 34.579 43.609
33 36 23.137 6.654
33 37 48.823 32.923
33 38 34.83 17.961
33 39 78.838 45.607
33 40 37.208 14.809
33 41 41.664 5.612
33 42 17.498 31.653
33 43 91.597 6.446
33 44 39.408 9.471
33 45 7.389 38.248
33 46 52.654 5.173
33 47 64.183 6.393
33 48 84.398 47.131
33 49 97.796 16.188
34 35 61.759 24.594
34 36 9.651 4.765
34 37 24.944 37.229
34 38 38.379 22.758
34 39 52.826 4.624
34 40 71.847 13.26
34 41 49.984 49.855
34 42 60.366 31.854
34 43 76.12 48.991
34 44 96.787 32.38
34 45 28.893 27.962
34 46 94.299 23.811
34 47 57.144 31.336
34 48 9.734 48.327
34 49 51.548 31.494
35 36 38.183 14.389
35 37 16.456 46.628
35 38 57.676 42.047
35 39 65.905 30.71
35 40 68.061 32.499
35 41 39.207 0.388
35 42 60.126 34.805
35 43 79.613 33.683
35 44 37.708 31.982
35 45 74.366 7.201
35 46 43.716 24.726
35 47 9.247 38.817
35 48 34.212 2.426
35 49 6.674 1.56
36 37 88.504 45.25
36 38 14.488 20.245
36 39 32.012 13.265
36 40 69.776 6.568
36 41 19.178 39.864
36 42 66.062 3.557
36 43 93.04 49.329
36 44 26.647 48.076
36 45 60.678 41.469
36 46 11.277 30.194
36 47 42.003 7.206
36 48 15.487 24.245
36 49 57.772 11.374
37 38 9.901 4.953
37 39 30.587 47.163
37 40 4.554 48.3
37 41 44.304 48.662
37 42 22.363 49.117
37 43 0.694 17.649
37 44 15.355 12.6
37 45 41.12 4.695
37 46 38.47 32.586
37 47 12.21 7.052
37 48 28.199 43.859
37 49 79.019 21.949
38 39 99.536 49.105
38 40 51.862 30.359
38 41 80.299 28.561
38 42 26.095 5.382
38 43 38.783 7.492
38 44 31.162 40.056
38 45 29.763 18.631
38 46 9.839 9.19
38 47 83.344 2.738
38 48 55.425 24.601
38 49 90.684 27.81
39 40 19.668 28.5
39 41 37.693 24.372
39 42 52.54 38.936
39 43 44.52 38.394
39 44 26.973 32.322
39 45 24.223 30.164
39 46 99.62 16.969
39 47 50.634 49.947
39 48 41.201 21.866
39 49 7.557 25.647
40 41 48.791 43.959
40 42 77.647 17.846
40 43 33.885 26.008
40 44 66.8 10.616
40 45 32.237 7.667
40 46 50.822 2.961
40 47 18.166 34.996
40 48 32.566 11.012
40 49 62.713 22.326
41 42 77.44 14.924
41 43 63.246 22.288
41 44 34.483 32.55
41 45 36.499 14.771
41 46 58.812 22.095
41 47 62.016 38.314
41 48 98.498 42.03
41 49 13.695 17.475
42 43 80.877 7.922
42 44 86.805 37.574
42 45 29.671 34.472
42 46 78.063 15.41
42 47 6.454 37.999
42 48 99.584 11.82
42 49 30.165 15.068
43 44 94.246 27.64
43 45 9.735 47.712
43 46 91.193 31.518
43 47 1.636 37.219
43 48 70.723 35.263
43 49 59.028 47.155
44 45 83.177 21.443
44 46 18.255 43.673
44 47 94.757 16.814
44 48 71.381 3.26
44 49 94.124 21.525
45 46 46.386 16.073
45 47 42.393 46.112
45 48 0.121 27.032
45 49 33.61 41.348
46 47 36.172 24.574
46 48 28.471 32.568
46 49 5.858 37.86
47 48 36.368 40.249
47 49 91.085 9.436
48 49 18.681 16.664