50
75
0 1 0.489 0.16
0 2 1.666 0.084
0 3 4.308 0.324
0 4 16.971 6.704
0 5 5.228 0.374
0 6 5.673 0.156
0 7 0.581 0.282
0 8 9.44 0.503
0 9 9.332 6.48
0 10 0.18 0.375
0 11 16.602 8.562
0 12 7.552 1.826
0 13 16.456 3.321
0 14 5.799 4.882
0 15 2.283 0.219
0 16 19.322 7.399
0 17 0.871 0.227
0 18 9.553 6.457
0 19 16.7 9.056
0 20 16.218 5.148
0 21 6.564 0.215
0 22 0.322 0.183
0 23 13.366 4.032
0 24 4.361 0.251
0 25 6.499 0.074
0 26 1.891 0.176
0 27 0.373 0.225
0 28 6.429 5.347
0 29 6.591 0.397
0 30 11.648 9.014
0 31 0.609 0.234
0 32 4.276 0.2
0 33 9.99 5.687
0 34 18.16 2.069
0 35 9.079 8.992
0 36 9.68 0.606
0 37 17.233 7.823
0 38 14.381 3.949
0 39 7.22 3.064
0 40 17.001 7.073
0 41 7.633 7.811
0 42 6.314 0.294
0 43 12.469 7.424
0 44 7.463 5.728
0 45 9.237 5.064
0 46 9.98 0.512
0 47 4.956 0.067
0 48 2.565 0.342
0 49 2.162 0.068
1 2 2.222 0.985
1 3 1.926 0.235
1 4 17.764 5.069
1 5 11.491 5.449
1 6 5.89 8.72
1 7 1.275 0.023
1 8 5.807 6.285
1 9 9.214 5.0
1 10 3.981 0.996
1 11 16.027 7.769
1 12 1.144 0.546
1 13 19.807 7.153
1 14 6.989 7.24
1 15 6.819 9.526
1 16 12.817 9.524
1 17 12.699 5.712
1 18 15.916 5.892
1 19 17.856 9.282
1 20 9.742 5.746
1 21 9.017 5.125
1 22 2.772 0.487
1 23 0.249 0.294
1 24 6.239 8.877
1 25 3.909 0.283
1 26 1.514 0.031
1 27 0.134 0.881
1 28 0.291 1.48
1 29 2.045 0.284
1 30 2.311 0.098
1 31 9.492 6.686
1 32 1.964 0.258
1 33 3.441 0.27
1 34 0.686 0.331
1 35 3.909 1.123
1 36 10.673 5.525
1 37 8.383 8.486
1 38 9.863 7.483
1 39 6.361 7.866
1 40 3.31 0.742
1 41 0.144 0.258
1 42 7.099 7.989
1 43 10.429 8.283
1 44 0.686 1.575
1 45 3.329 0.623
1 46 5.02 7.806
1 47 0.221 0.301
1 48 3.915 1.081
1 49 2.031 0.342
2 3 14.65 8.347
2 4 10.619 7.594
2 5 14.068 3.245
2 6 2.746 0.186
2 7 8.413 2.428
2 8 13.737 2.779
2 9 14.387 9.763
2 10 15.067 8.313
2 11 6.743 7.572
2 12 7.529 9.893
2 13 11.782 5.94
2 14 5.467 0.37
2 15 1.479 0.966
2 16 9.533 5.02
2 17 12.506 9.515
2 18 2.797 0.324
2 19 3.446 0.125
2 20 12.53 5.914
2 21 8.253 8.842
2 22 10.379 7.777
2 23 13.065 6.479
2 24 10.511 5.326
2 25 5.52 0.437
2 26 15.112 9.217
2 27 14.161 5.925
2 28 1.895 0.72
2 29 10.024 7.364
2 30 13.321 9.632
2 31 14.975 3.569
2 32 1.038 0.218
2 33 3.404 0.39
2 34 11.385 6.635
2 35 8.779 8.697
2 36 14.578 4.296
2 37 0.979 0.431
2 38 3.512 0.244
2 39 13.531 4.068
2 40 15.153 9.411
2 41 3.356 0.349
2 42 10.1 2.434
2 43 1.645 0.617
2 44 0.616 0.805
2 45 8.204 1.47
2 46 14.557 4.602
2 47 0.687 0.282
2 48 10.791 1.894
2 49 3.885 0.269
3 4 10.214 8.284
3 5 4.71 0.016
3 6 8.911 6.585
3 7 3.539 0.217
3 8 14.863 3.348
3 9 1.901 0.539
3 10 5.85 0.216
3 11 9.416 8.038
3 12 4.881 0.17
3 13 11.243 4.347
3 14 3.288 0.419
3 15 2.206 0.391
3 16 4.337 0.126
3 17 2.093 0.259
3 18 10.136 2.622
3 19 15.637 5.174
3 20 2.512 0.139
3 21 5.727 0.023
3 22 8.224 5.875
3 23 3.957 0.101
3 24 14.748 4.772
3 25 9.758 5.529
3 26 11.651 0.758
3 27 2.317 0.374
3 28 2.627 0.27
3 29 0.95 0.268
3 30 8.068 0.944
3 31 11.165 5.084
3 32 8.694 0.583
3 33 1.841 0.388
3 34 6.987 0.27
3 35 3.897 0.553
3 36 16.115 7.184
3 37 13.786 6.877
3 38 6.946 0.165
3 39 3.974 0.308
3 40 8.344 5.35
3 41 4.874 0.374
3 42 1.774 0.005
3 43 2.427 0.555
3 44 3.947 0.498
3 45 12.888 8.719
3 46 12.857 1.994
3 47 8.112 4.021
3 48 5.408 0.553
3 49 0.162 0.039
4 5 13.681 9.677
4 6 0.922 0.276
4 7 18.954 8.781
4 8 8.035 0.295
4 9 2.645 0.212
4 10 11.816 2.005
4 11 12.434 0.491
4 12 14.854 9.583
4 13 10.184 0.296
4 14 5.171 0.018
4 15 5.618 7.718
4 16 9.939 9.036
4 17 6.602 2.564
4 18 9.306 0.507
4 19 10.089 0.48
4 20 2.058 0.122
4 21 1.067 0.102
4 22 10.213 6.966
4 23 0.173 0.044
4 24 17.132 8.348
4 25 9.204 4.787
4 26 2.188 0.018
4 27 12.125 8.522
4 28 3.471 8.461
4 29 17.892 8.267
4 30 6.997 0.07
4 31 10.837 7.204
4 32 3.328 0.29
4 33 9.661 4.412
4 34 15.966 6.076
4 35 2.04 0.344
4 36 3.249 0.02
4 37 1.851 0.205
4 38 7.161 0.174
4 39 9.91 4.182
4 40 0.233 0.25
4 41 17.083 7.065
4 42 7.017 0.087
4 43 12.57 8.362
4 44 8.937 5.513
4 45 2.375 0.253
4 46 14.243 8.281
4 47 16.574 4.685
4 48 0.06 0.333
4 49 0.874 0.329
5 6 9.13 8.676
5 7 14.824 6.549
5 8 5.954 0.198
5 9 12.62 5.792
5 10 10.827 1.806
5 11 3.306 0.093
5 12 9.021 3.593
5 13 11.017 3.09
5 14 1.894 0.274
5 15 0.528 0.301
5 16 4.782 0.456
5 17 9.532 1.722
5 18 1.448 0.095
5 19 4.284 0.229
5 20 4.161 0.589
5 21 12.738 3.076
5 22 11.679 9.524
5 23 1.691 0.194
5 24 1.749 0.165
5 25 13.224 6.704
5 26 3.737 0.239
5 27 13.168 9.462
5 28 2.545 0.286
5 29 7.441 4.703
5 30 2.214 0.197
5 31 11.449 4.126
5 32 2.078 0.021
5 33 10.92 6.704
5 34 8.177 3.62
5 35 10.741 7.611
5 36 10.87 9.696
5 37 16.835 6.544
5 38 9.94 5.555
5 39 9.098 2.91
5 40 3.252 0.312
5 41 3.847 0.186
5 42 0.622 0.012
5 43 11.971 7.124
5 44 9.101 9.251
5 45 0.4 0.374
5 46 13.043 8.159
5 47 6.441 0.152
5 48 8.39 4.441
5 49 1.941 0.232
6 7 5.654 0.172
6 8 2.091 0.306
6 9 3.335 0.558
6 10 2.08 0.655
6 11 0.47 0.089
6 12 7.93 0.724
6 13 1.402 0.225
6 14 5.405 0.483
6 15 3.953 7.718
6 16 6.894 0.516
6 17 3.492 0.43
6 18 16.865 2.578
6 19 22.215 9.469
6 20 17.511 2.707
6 21 2.506 0.263
6 22 2.626 0.497
6 23 17.142 7.541
6 24 9.382 2.591
6 25 10.629 0.787
6 26 1.912 0.201
6 27 8.315 7.287
6 28 1.943 0.34
6 29 2.885 0.144
6 30 14.931 5.38
6 31 17.841 2.001
6 32 6.378 0.141
6 33 1.625 0.455
6 34 17.56 5.792
6 35 2.543 0.076
6 36 1.067 0.356
6 37 9.711 1.358
6 38 4.191 0.078
6 39 16.203 2.21
6 40 17.153 7.561
6 41 17.174 8.848
6 42 15.237 4.063
6 43 16.635 7.8
6 44 1.964 0.221
6 45 1.623 0.148
6 46 11.129 6.977
6 47 6.956 0.368
6 48 11.765 5.494
6 49 18.234 5.033
7 8 1.906 0.119
7 9 10.88 9.389
7 10 8.503 6.687
7 11 10.677 5.993
7 12 7.033 9.978
7 13 15.024 2.407
7 14 11.463 4.741
7 15 5.519 9.886
7 16 6.04 1.021
7 17 13.896 7.798
7 18 10.153 5.714
7 19 0.053 0.084
7 20 5.448 0.527
7 21 14.969 4.307
7 22 9.689 7.188
7 23 6.943 3.553
7 24 4.756 0.391
7 25 3.816 0.377
7 26 4.137 0.287
7 27 10.04 8.311
7 28 1.006 0.029
7 29 12.15 9.232
7 30 0.639 0.375
7 31 2.808 0.403
7 32 12.923 8.959
7 33 0.427 0.24
7 34 10.038 0.762
7 35 5.136 9.396
7 36 0.308 0.16
7 37 6.466 0.24
7 38 7.468 6.705
7 39 4.519 0.11
7 40 16.213 7.99
7 41 3.973 0.152
7 42 12.175 4.395
7 43 2.524 0.14
7 44 1.014 0.145
7 45 1.353 0.542
7 46 0.096 0.217
7 47 9.728 5.719
7 48 1.682 0.182
7 49 10.621 0.604
8 9 1.04 0.007
8 10 3.913 0.173
8 11 18.604 9.329
8 12 9.162 7.997
8 13 0.807 0.049
8 14 1.715 0.071
8 15 5.987 5.318
8 16 20.303 3.13
8 17 9.997 2.387
8 18 8.902 6.196
8 19 12.925 4.504
8 20 9.699 6.112
8 21 4.885 0.233
8 22 9.759 9.757
8 23 0.145 0.284
8 24 5.831 0.238
8 25 2.027 0.174
8 26 13.03 6.222
8 27 1.053 0.352
8 28 1.485 0.227
8 29 7.49 0.469
8 30 4.846 0.27
8 31 1.351 0.273
8 32 12.55 6.065
8 33 15.091 5.615
8 34 20.821 9.507
8 35 3.827 0.204
8 36 14.231 0.661
8 37 16.084 2.409
8 38 7.248 0.134
8 39 5.606 0.138
8 40 10.064 5.878
8 41 5.587 0.389
8 42 19.264 4.385
8 43 13.98 9.179
8 44 5.094 0.222
8 45 12.302 3.09
8 46 10.575 0.458
8 47 7.288 0.341
8 48 4.916 0.121
8 49 0.091 0.023
9 10 0.418 0.415
9 11 4.507 0.136
9 12 3.604 0.335
9 13 11.812 6.444
9 14 11.161 9.734
9 15 0.733 1.103
9 16 18.84 5.085
9 17 2.038 0.035
9 18 12.592 8.056
9 19 0.893 0.055
9 20 10.941 8.919
9 21 4.567 0.28
9 22 3.77 1.579
9 23 4.212 0.343
9 24 3.511 0.088
9 25 4.002 0.356
9 26 5.869 9.597
9 27 7.042 6.718
9 28 1.716 0.956
9 29 2.327 0.3
9 30 1.387 0.05
9 31 9.023 9.875
9 32 4.027 0.07
9 33 7.685 6.25
9 34 10.313 8.506
9 35 2.684 0.725
9 36 5.509 5.696
9 37 8.585 9.159
9 38 4.392 0.024
9 39 0.642 0.452
9 40 10.767 9.756
9 41 11.475 5.741
9 42 5.799 7.991
9 43 10.959 5.719
9 44 5.819 6.47
9 45 1.771 0.725
9 46 6.11 9.105
9 47 0.066 0.316
9 48 11.831 9.368
9 49 0.016 0.481
10 11 14.067 7.994
10 12 8.587 3.592
10 13 6.196 0.265
10 14 14.127 7.456
10 15 1.263 1.066
10 16 4.85 0.268
10 17 8.773 1.472
10 18 6.641 7.984
10 19 0.408 0.135
10 20 10.405 8.203
10 21 15.646 6.903
10 22 0.491 0.834
10 23 0.003 0.171
10 24 11.408 4.894
10 25 2.567 0.485
10 26 15.016 9.638
10 27 8.879 5.735
10 28 1.751 0.272
10 29 1.063 0.084
10 30 1.074 0.625
10 31 6.852 3.203
10 32 0.162 0.161
10 33 13.641 8.677
10 34 8.165 8.713
10 35 4.038 0.225
10 36 0.836 0.074
10 37 1.495 0.438
10 38 0.583 0.012
10 39 9.22 3.662
10 40 3.277 0.204
10 41 11.154 3.035
10 42 9.956 4.832
10 43 11.686 6.934
10 44 5.09 1.08
10 45 3.831 0.059
10 46 15.916 7.787
10 47 7.37 2.534
10 48 12.215 5.436
10 49 6.454 0.366
11 12 4.015 0.197
11 13 8.119 0.474
11 14 20.712 3.835
11 15 4.453 6.964
11 16 1.021 0.148
11 17 11.676 9.524
11 18 9.499 0.383
11 19 14.091 0.618
11 20 12.617 5.364
11 21 5.694 0.148
11 22 2.898 0.372
11 23 5.852 0.25
11 24 11.081 6.804
11 25 14.582 6.686
11 26 0.743 0.232
11 27 17.91 5.864
11 28 2.026 0.175
11 29 3.194 0.128
11 30 15.504 2.65
11 31 1.693 0.125
11 32 7.68 0.351
11 33 14.317 2.114
11 34 7.98 0.001
11 35 8.904 6.142
11 36 0.304 0.188
11 37 3.427 0.369
11 38 20.816 0.623
11 39 1.92 0.316
11 40 17.442 6.231
11 41 3.503 0.13
11 42 7.631 0.234
11 43 0.636 0.343
11 44 2.508 0.277
11 45 7.601 5.71
11 46 6.71 0.181
11 47 19.493 7.493
11 48 3.151 0.181
11 49 17.466 8.999
12 13 11.04 9.896
12 14 4.263 0.149
12 15 1.6 0.481
12 16 5.911 0.286
12 17 0.855 0.409
12 18 15.373 5.805
12 19 9.21 3.864
12 20 0.154 0.072
12 21 5.454 0.043
12 22 9.699 8.594
12 23 13.283 9.946
12 24 8.732 5.505
12 25 9.32 1.138
12 26 3.972 0.068
12 27 8.54 7.84
12 28 1.194 0.342
12 29 5.72 0.059
12 30 6.999 0.56
12 31 17.412 3.323
12 32 8.737 1.634
12 33 5.719 0.29
12 34 3.553 0.52
12 35 1.123 0.467
12 36 3.288 0.423
12 37 11.126 0.529
12 38 11.585 2.605
12 39 16.303 3.453
12 40 3.559 0.268
12 41 6.194 0.007
12 42 4.739 0.277
12 43 10.946 6.603
12 44 3.327 0.423
12 45 15.434 4.827
12 46 2.663 0.049
12 47 6.556 0.25
12 48 16.19 7.216
12 49 6.618 0.45
13 14 10.18 9.445
13 15 0.121 0.122
13 16 0.879 0.092
13 17 5.024 0.21
13 18 9.032 0.719
13 19 13.095 0.523
13 20 19.662 3.003
13 21 18.61 9.804
13 22 7.725 5.62
13 23 8.693 4.892
13 24 17.037 8.42
13 25 13.938 9.772
13 26 17.383 2.384
13 27 3.001 0.248
13 28 6.452 6.038
13 29 4.221 0.328
13 30 14.494 6.022
13 31 0.564 0.094
13 32 13.697 1.628
13 33 15.441 3.67
13 34 13.095 4.218
13 35 12.18 8.35
13 36 1.792 0.154
13 37 16.489 2.092
13 38 15.468 5.171
13 39 8.346 1.507
13 40 2.84 0.052
13 41 12.602 2.855
13 42 12.889 9.714
13 43 16.507 6.156
13 44 4.772 0.131
13 45 14.003 9.822
13 46 12.014 1.316
13 47 8.925 7.076
13 48 0.608 0.055
13 49 2.28 0.13
14 15 2.616 0.838
14 16 1.651 0.385
14 17 8.005 8.407
14 18 7.946 5.825
14 19 11.352 3.778
14 20 5.658 3.083
14 21 0.296 0.1
14 22 3.772 1.083
14 23 6.817 7.169
14 24 6.475 2.083
14 25 9.418 5.139
14 26 9.255 3.716
14 27 3.855 0.607
14 28 1.452 0.962
14 29 2.875 0.2
14 30 1.988 0.603
14 31 10.31 1.397
14 32 10.084 6.693
14 33 3.861 0.023
14 34 18.672 5.341
14 35 4.219 0.701
14 36 6.347 3.022
14 37 7.256 4.823
14 38 10.455 2.848
14 39 12.475 3.634
14 40 3.382 0.199
14 41 1.46 0.393
14 42 3.958 0.189
14 43 4.174 0.862
14 44 12.417 7.219
14 45 7.284 5.675
14 46 1.774 0.384
14 47 11.546 8.531
14 48 4.909 0.457
14 49 3.345 0.4
15 16 1.771 0.01
15 17 4.658 5.146
15 18 0.059 0.101
15 19 0.962 0.237
15 20 1.35 0.759
15 21 3.953 9.696
15 22 1.514 1.869
15 23 1.344 0.276
15 24 2.926 8.476
15 25 5.423 6.289
15 26 0.399 0.223
15 27 2.433 1.501
15 28 5.512 5.0
15 29 2.689 0.281
15 30 1.68 0.594
15 31 1.493 0.041
15 32 3.271 8.132
15 33 6.048 5.109
15 34 2.248 0.5
15 35 0.401 1.542
15 36 2.409 0.422
15 37 6.239 8.991
15 38 2.221 0.321
15 39 0.366 0.592
15 40 5.042 6.164
15 41 5.521 5.067
15 42 2.563 0.074
15 43 1.533 2.247
15 44 1.608 1.062
15 45 2.537 0.205
15 46 6.299 8.367
15 47 3.875 7.818
15 48 0.396 0.329
15 49 0.456 0.533
16 17 1.342 0.223
16 18 0.157 0.315
16 19 8.978 5.032
16 20 1.52 0.479
16 21 6.829 0.227
16 22 7.029 6.076
16 23 3.089 0.106
16 24 19.466 6.854
16 25 17.701 9.523
16 26 1.738 0.506
16 27 8.238 6.665
16 28 1.588 0.402
16 29 3.775 0.152
16 30 14.924 4.778
16 31 6.002 0.291
16 32 0.81 0.363
16 33 12.922 2.929
16 34 13.408 0.951
16 35 10.155 5.993
16 36 14.647 7.251
16 37 11.146 4.764
16 38 2.464 0.069
16 39 6.438 0.584
16 40 15.308 7.835
16 41 6.376 0.034
16 42 20.428 6.106
16 43 0.297 0.04
16 44 2.358 0.121
16 45 8.46 9.425
16 46 4.042 0.234
16 47 15.052 9.252
16 48 5.388 0.089
16 49 14.14 1.015
17 18 4.376 0.225
17 19 0.955 0.118
17 20 13.095 3.616
17 21 3.567 0.308
17 22 4.539 0.027
17 23 1.438 0.248
17 24 14.769 7.418
17 25 11.654 8.807
17 26 13.936 3.31
17 27 0.241 0.046
17 28 0.645 1.022
17 29 5.638 0.206
17 30 4.072 0.349
17 31 9.575 3.867
17 32 11.067 4.834
17 33 5.052 0.39
17 34 12.087 8.971
17 35 1.941 0.963
17 36 5.735 0.319
17 37 0.308 0.389
17 38 1.784 0.211
17 39 2.757 0.368
17 40 13.703 8.63
17 41 3.728 0.313
17 42 2.97 0.253
17 43 10.778 9.901
17 44 4.702 0.755
17 45 10.409 9.55
17 46 8.248 4.279
17 47 1.95 0.301
17 48 14.856 5.186
17 49 5.173 0.09
18 19 7.309 0.509
18 20 11.73 2.817
18 21 3.949 0.232
18 22 3.461 0.119
18 23 5.563 0.334
18 24 10.948 7.689
18 25 11.594 8.869
18 26 15.798 4.683
18 27 11.991 7.29
18 28 6.7 5.495
18 29 7.445 7.535
18 30 3.0 0.203
18 31 8.639 8.254
18 32 12.243 4.147
18 33 0.881 0.304
18 34 13.403 1.049
18 35 2.709 0.163
18 36 16.57 4.97
18 37 2.528 0.321
18 38 7.153 5.37
18 39 16.693 6.342
18 40 3.203 0.379
18 41 16.35 4.171
18 42 5.579 0.186
18 43 12.889 5.414
18 44 9.874 7.634
18 45 5.597 0.374
18 46 3.66 0.051
18 47 10.341 1.453
18 48 9.184 9.816
18 49 2.999 0.142
19 20 20.877 7.302
19 21 3.06 0.192
19 22 5.833 9.644
19 23 21.635 7.425
19 24 5.013 0.231
19 25 1.909 0.031
19 26 1.949 0.195
19 27 3.051 0.294
19 28 6.367 5.118
19 29 1.781 0.23
19 30 2.704 0.145
19 31 13.628 3.611
19 32 11.576 8.24
19 33 6.04 0.058
19 34 8.537 0.265
19 35 0.857 0.076
19 36 1.163 0.394
19 37 9.943 8.5
19 38 17.582 6.818
19 39 15.99 4.035
19 40 1.88 0.04
19 41 4.714 0.337
19 42 1.789 0.146
19 43 4.115 0.388
19 44 2.029 0.303
19 45 3.0 0.222
19 46 21.953 6.614
19 47 4.585 0.314
19 48 15.936 7.43
19 49 3.981 0.295
20 21 9.914 0.936
20 22 7.983 9.142
20 23 16.653 1.942
20 24 5.592 0.133
20 25 3.813 0.581
20 26 6.845 0.357
20 27 6.496 5.87
20 28 1.483 0.51
20 29 15.873 9.508
20 30 13.692 2.033
20 31 6.584 0.032
20 32 18.971 8.245
20 33 10.539 1.156
20 34 2.264 0.249
20 35 4.485 0.355
20 36 3.513 0.419
20 37 15.841 4.541
20 38 3.377 0.146
20 39 9.675 1.243
20 40 0.258 0.258
20 41 5.312 0.2
20 42 10.072 9.345
20 43 4.643 5.982
20 44 1.992 0.042
20 45 5.881 0.687
20 46 18.923 5.159
20 47 1.84 0.243
20 48 6.079 0.66
20 49 14.135 9.628
21 22 2.592 0.09
21 23 8.824 2.054
21 24 4.465 0.314
21 25 6.277 0.067
21 26 12.311 5.133
21 27 5.133 9.106
21 28 3.347 6.065
21 29 12.393 4.652
21 30 18.032 7.524
21 31 0.996 0.318
21 32 8.23 5.957
21 33 7.85 0.54
21 34 3.76 0.339
21 35 6.14 9.071
21 36 13.607 4.284
21 37 2.413 0.257
21 38 19.315 1.069
21 39 10.839 0.676
21 40 7.684 8.473
21 41 1.303 0.166
21 42 20.083 4.304
21 43 10.501 6.018
21 44 2.612 0.31
21 45 3.249 0.363
21 46 3.936 0.307
21 47 1.877 0.284
21 48 17.28 2.745
21 49 5.329 0.274
22 23 9.686 7.383
22 24 9.044 7.304
22 25 3.104 0.267
22 26 10.877 8.798
22 27 2.306 0.363
22 28 0.994 1.654
22 29 6.225 8.196
22 30 0.19 0.448
22 31 0.188 0.266
22 32 0.8 0.315
22 33 8.282 5.302
22 34 7.703 6.894
22 35 8.058 8.174
22 36 3.283 0.368
22 37 5.969 6.586
22 38 3.703 0.02
22 39 11.65 9.141
22 40 9.78 5.5
22 41 10.246 6.402
22 42 3.618 0.248
22 43 12.8 6.492
22 44 10.33 5.0
22 45 1.132 0.84
22 46 12.896 7.785
22 47 7.859 9.058
22 48 17.944 9.548
22 49 0.15 0.507
23 24 0.789 0.278
23 25 14.279 1.262
23 26 19.543 3.38
23 27 2.387 0.315
23 28 6.493 5.389
23 29 9.873 8.628
23 30 6.915 0.02
23 31 10.828 7.84
23 32 16.081 4.935
23 33 4.045 0.43
23 34 16.313 3.007
23 35 3.761 0.155
23 36 17.737 9.181
23 37 17.234 3.8
23 38 13.116 0.389
23 39 8.587 7.466
23 40 12.098 8.257
23 41 6.998 0.584
23 42 9.588 0.649
23 43 3.5 0.362
23 44 6.223 6.216
23 45 10.123 3.168
23 46 16.569 9.517
23 47 6.388 0.592
23 48 0.897 0.117
23 49 18.152 2.275
24 25 0.001 0.009
24 26 2.143 0.253
24 27 11.007 9.545
24 28 4.116 7.159
24 29 11.592 9.405
24 30 1.591 0.065
24 31 11.325 1.52
24 32 11.103 8.261
24 33 3.604 0.146
24 34 1.479 0.224
24 35 10.436 9.406
24 36 13.379 7.081
24 37 6.518 2.601
24 38 6.083 3.673
24 39 5.725 0.31
24 40 6.257 5.225
24 41 4.642 0.258
24 42 3.537 0.232
24 43 6.865 6.136
24 44 5.393 8.422
24 45 0.804 0.977
24 46 0.02 0.129
24 47 11.49 4.851
24 48 14.706 8.182
24 49 5.651 0.472
25 26 3.816 0.386
25 27 10.906 8.519
25 28 0.009 0.206
25 29 3.226 0.157
25 30 5.049 0.12
25 31 15.956 2.649
25 32 2.854 0.527
25 33 2.199 0.406
25 34 0.155 0.332
25 35 7.623 8.951
25 36 3.081 0.435
25 37 9.83 0.464
25 38 0.296 0.019
25 39 11.451 8.551
25 40 4.239 0.546
25 41 11.871 9.437
25 42 6.382 0.126
25 43 11.591 6.336
25 44 11.434 5.276
25 45 5.599 0.222
25 46 17.614 6.829
25 47 16.587 5.844
25 48 15.815 3.243
25 49 11.7 6.996
26 27 2.171 0.184
26 28 3.819 5.715
26 29 2.765 0.237
26 30 10.554 0.9
26 31 14.612 7.717
26 32 11.555 0.777
26 33 2.243 0.457
26 34 8.023 0.305
26 35 2.473 0.222
26 36 0.962 0.217
26 37 10.795 9.149
26 38 6.204 0.063
26 39 14.369 5.145
26 40 15.322 7.998
26 41 5.005 0.358
26 42 6.659 0.1
26 43 0.83 0.146
26 44 12.161 6.235
26 45 0.942 0.502
26 46 10.808 4.459
26 47 16.284 7.827
26 48 15.698 5.426
26 49 13.681 5.824
27 28 3.657 7.725
27 29 8.712 9.673
27 30 1.829 0.375
27 31 4.439 0.537
27 32 2.173 0.126
27 33 2.701 0.357
27 34 10.265 6.748
27 35 8.987 5.0
27 36 3.251 0.156
27 37 10.229 7.639
27 38 3.415 0.148
27 39 9.475 8.409
27 40 1.653 1.869
27 41 8.41 7.046
27 42 9.078 6.231
27 43 7.586 9.952
27 44 2.146 1.426
27 45 11.116 8.234
27 46 0.004 0.047
27 47 4.025 0.232
27 48 2.602 0.55
27 49 0.287 0.099
28 29 0.365 0.098
28 30 6.012 8.15
28 31 5.189 9.55
28 32 1.426 0.065
28 33 5.819 7.807
28 34 4.508 5.026
28 35 4.596 6.973
28 36 1.156 0.232
28 37 2.397 0.101
28 38 1.683 0.178
28 39 2.957 8.254
28 40 5.464 7.835
28 41 1.347 0.055
28 42 4.128 5.713
28 43 1.965 1.397
28 44 11.528 9.925
28 45 0.787 0.884
28 46 6.203 7.066
28 47 0.774 0.014
28 48 12.888 6.938
28 49 2.706 0.09
29 30 4.176 0.273
29 31 14.624 8.271
29 32 12.203 8.688
29 33 3.136 0.288
29 34 15.3 4.815
29 35 4.5 9.656
29 36 12.485 0.415
29 37 12.861 6.003
29 38 3.908 0.161
29 39 13.089 4.402
29 40 8.932 5.557
29 41 14.22 1.062
29 42 1.057 0.29
29 43 11.787 8.127
29 44 0.537 0.141
29 45 5.297 0.157
29 46 9.486 0.4
29 47 2.578 0.049
29 48 1.696 0.28
29 49 16.308 3.133
30 31 1.913 0.151
30 32 11.171 1.038
30 33 13.797 8.313
30 34 17.378 6.684
30 35 2.667 0.097
30 36 0.032 0.278
30 37 17.145 3.6
30 38 16.281 3.802
30 39 3.584 0.253
30 40 1.434 0.295
30 41 4.191 0.396
30 42 14.44 3.47
30 43 8.976 8.068
30 44 0.916 0.423
30 45 12.419 4.911
30 46 17.975 8.145
30 47 3.713 0.042
30 48 5.307 0.27
30 49 1.568 0.283
31 32 4.447 0.5
31 33 12.889 6.874
31 34 1.879 0.207
31 35 10.15 9.28
31 36 2.61 0.252
31 37 0.271 0.443
31 38 4.469 0.112
31 39 16.325 6.509
31 40 11.794 9.622
31 41 11.58 9.527
31 42 7.464 6.293
31 43 0.367 0.613
31 44 3.412 0.41
31 45 0.898 0.164
31 46 4.93 0.027
31 47 12.746 7.571
31 48 7.477 9.37
31 49 10.999 5.266
32 33 16.123 8.287
32 34 18.486 7.253
32 35 7.908 6.117
32 36 13.483 4.998
32 37 1.589 0.061
32 38 10.901 7.485
32 39 7.953 4.301
32 40 13.689 9.274
32 41 2.402 0.056
32 42 8.068 6.063
32 43 0.115 0.527
32 44 4.995 0.064
32 45 12.111 2.112
32 46 13.111 7.49
32 47 18.363 1.344
32 48 5.988 0.218
32 49 18.02 5.013
33 34 17.406 7.661
33 35 7.632 6.938
33 36 20.78 5.86
33 37 15.892 2.89
33 38 1.338 0.213
33 39 7.754 0.449
33 40 8.172 5.397
33 41 2.633 0.144
33 42 15.151 9.15
33 43 4.009 0.406
33 44 6.593 6.18
33 45 1.667 0.39
33 46 3.282 0.225
33 47 4.337 0.305
33 48 2.968 0.044
33 49 16.192 9.054
34 35 9.563 5.928
34 36 0.332 0.201
34 37 7.561 0.046
34 38 5.004 0.316
34 39 10.685 3.097
34 40 1.078 0.464
34 41 10.821 7.89
34 42 2.723 0.16
34 43 18.977 9.319
34 44 1.303 0.31
34 45 13.971 8.369
34 46 1.367 0.295
34 47 16.552 1.06
34 48 2.536 0.533
34 49 10.836 0.647
35 36 2.857 0.134
35 37 5.129 5.032
35 38 7.458 6.529
35 39 0.223 0.422
35 40 9.698 5.441
35 41 11.126 5.803
35 42 6.043 6.45
35 43 1.403 1.361
35 44 11.122 6.0
35 45 2.985 0.75
35 46 1.263 0.209
35 47 2.73 0.269
35 48 8.509 9.204
35 49 4.349 0.433
36 37 5.901 0.293
36 38 4.463 0.206
36 39 17.65 8.115
36 40 4.419 0.405
36 41 15.82 4.621
36 42 4.909 0.247
36 43 18.469 6.132
36 44 0.161 0.43
36 45 10.457 7.871
36 46 13.141 0.579
36 47 2.86 0.271
36 48 17.603 7.89
36 49 0.238 0.091
37 38 16.37 6.156
37 39 5.915 0.406
37 40 2.051 0.55
37 41 0.76 0.089
37 42 17.704 3.074
37 43 1.949 0.109
37 44 3.357 0.234
37 45 12.496 8.829
37 46 16.808 9.349
37 47 7.603 0.356
37 48 0.178 0.565
37 49 0.599 0.498
38 39 1.987 0.203
38 40 15.166 9.845
38 41 7.993 0.465
38 42 10.772 0.447
38 43 0.247 0.248
38 44 12.344 5.405
38 45 4.155 0.048
38 46 16.812 6.62
38 47 9.942 0.439
38 48 8.378 9.219
38 49 6.774 0.016
39 40 10.329 9.349
39 41 4.584 0.397
39 42 18.51 4.873
39 43 11.04 9.403
39 44 1.445 0.134
39 45 2.941 0.177
39 46 1.503 0.027
39 47 6.085 0.247
39 48 5.458 0.386
39 49 3.481 0.336
40 41 0.69 0.207
40 42 20.361 8.474
40 43 9.25 5.0
40 44 2.654 2.021
40 45 15.548 6.924
40 46 14.41 9.25
40 47 3.229 0.177
40 48 0.3 0.799
40 49 0.621 0.434
41 42 8.396 0.541
41 43 3.547 0.001
41 44 5.746 9.433
41 45 11.076 2.522
41 46 16.17 8.994
41 47 9.966 0.43
41 48 2.149 0.232
41 49 1.577 0.14
42 43 14.678 5.853
42 44 6.718 6.978
42 45 0.902 0.15
42 46 5.383 0.262
42 47 13.08 0.464
42 48 0.492 0.04
42 49 21.408 5.909
43 44 9.906 7.106
43 45 2.697 0.785
43 46 11.436 6.16
43 47 3.368 0.033
43 48 3.872 0.575
43 49 2.031 0.27
44 45 10.498 9.575
44 46 2.224 0.013
44 47 5.994 8.113
44 48 2.49 0.315
44 49 0.82 0.285
45 46 6.369 0.116
45 47 3.397 0.33
45 48 11.253 1.636
45 49 12.954 5.684
46 47 18.378 8.705
46 48 12.265 7.506
46 49 7.019 0.173
47 48 13.426 5.692
47 49 6.457 0.116
48 49 12.28 8.527
