50
99
0 1 36 2.76
0 2 83 1.66
0 3 48 4.35
0 4 78 5.63
0 5 40 0.01
0 6 94 2.20
0 7 7 2.339
0 8 75 0.53
0 9 87 2.53
0 10 74 2.83
0 11 1 0.87
0 12 92 5.14
0 13 78 5.83
0 14 46 0.54
0 15 96 5.95
0 16 98 0.64
0 17 11 3.83
0 18 70 2.87
0 19 26 5.51
0 20 16 1.68
0 21 66 2.36
0 22 6 4.82
0 23 19 5.52
0 24 49 5.98
0 25 10 2.60
0 26 67 5.25
0 27 13 3.96
0 28 89 2.58
0 29 23 4.09
0 30 38 5.52
0 31 45 1.89
0 32 26 4.34
0 33 86 4.05
0 34 49 1.10
0 35 8 2.22
0 36 27 3.86
0 37 10 1.75
0 38 34 4.62
0 39 44 2.61
0 40 51 1.27
0 41 57 1.69
0 42 11 3.57
0 43 31 1.40
0 44 75 1.78
0 45 18 5.20
0 46 16 4.69
0 47 81 0.29
0 48 34 5.35
0 49 25 3.88
1 2 70 4.08
1 3 22 5.96
1 4 50 1.29
1 5 66 1.29
1 6 38 2.77
1 7 2 3.362
1 8 18 0.71
1 9 86 4.06
1 10 93 5.36
1 11 40 2.35
1 12 1 2.670
1 13 57 1.20
1 14 58 5.44
1 15 6 1.60
1 16 12 5.21
1 17 50 0.28
1 18 33 1.62
1 19 53 0.91
1 20 47 2.71
1 21 76 4.50
1 22 34 4.69
1 23 68 3.24
1 24 64 5.48
1 25 33 4.99
1 26 39 1.05
1 27 69 4.65
1 28 21 5.16
1 29 34 1.08
1 30 22 5.17
1 31 67 1.39
1 32 20 1.69
1 33 14 1.67
1 34 5 0.11
1 35 67 5.48
1 36 83 3.77
1 37 38 5.50
1 38 78 0.57
1 39 64 4.65
1 40 56 5.12
1 41 82 3.01
1 42 9 2.507
1 43 47 3.47
1 44 96 4.11
1 45 42 5.70
1 46 1 5.95
1 47 1 2.30
1 48 83 2.62
1 49 23 3.08
2 3 83 5.00
2 4 7 3.736
2 5 68 3.55
2 6 77 4.53
2 7 52 3.75
2 8 94 2.91
2 9 29 3.03
2 10 41 0.79
2 11 45 3.79
2 12 27 0.03
2 13 10 3.05
2 14 31 2.34
2 15 61 3.09
2 16 98 5.36
2 17 6 1.60
2 18 50 0.56
2 19 48 5.67
2 20 31 3.04
2 21 21 1.81
2 22 61 3.24
2 23 65 0.70
2 24 67 4.18
2 25 21 3.65
2 26 12 5.33
2 27 43 2.22
2 28 24 4.62
2 29 98 4.86
2 30 43 1.05
2 31 91 4.56
2 32 0 3.07
2 33 2 3.90
2 34 90 0.18
2 35 29 0.99
2 36 37 2.50
2 37 20 2.31
2 38 70 1.14
2 39 16 1.31
2 40 93 3.35
2 41 47 0.00
2 42 94 3.05
2 43 71 4.46
2 44 2 1.97
2 45 53 0.09
2 46 99 1.69
2 47 5 4.59
2 48 54 1.44
2 49 52 2.73
3 4 63 4.18
3 5 56 5.02
3 6 86 5.33
3 7 98 3.74
3 8 42 0.52
3 9 70 3.05
3 10 98 4.79
3 11 22 2.85
3 12 15 0.88
3 13 34 4.54
3 14 0 2.33
3 15 54 1.03
3 16 71 1.47
3 17 5 1.11
3 18 73 5.02
3 19 71 4.99
3 20 20 3.04
3 21 30 3.07
3 22 8 0.85
3 23 66 1.40
3 24 19 5.71
3 25 20 0.21
3 26 99 2.32
3 27 8 0.95
3 28 68 0.81
3 29 84 1.34
3 30 79 0.39
3 31 83 2.34
3 32 94 1.60
3 33 21 5.58
3 34 63 2.82
3 35 2 0.47
3 36 41 2.87
3 37 93 0.04
3 38 86 4.44
3 39 49 0.50
3 40 50 4.25
3 41 92 3.40
3 42 84 3.87
3 43 37 5.84
3 44 95 4.23
3 45 73 1.33
3 46 61 5.33
3 47 40 5.95
3 48 10 3.79
3 49 52 5.23
4 5 71 5.25
4 6 11 5.28
4 7 64 2.65
4 8 97 1.95
4 9 76 3.85
4 10 31 3.88
4 11 39 5.62
4 12 80 5.83
4 13 19 0.82
4 14 22 3.56
4 15 64 1.91
4 16 14 0.64
4 17 99 4.01
4 18 30 1.86
4 19 83 1.45
4 20 4 4.90
4 21 89 0.35
4 22 89 5.70
4 23 63 2.92
4 24 57 5.62
4 25 68 1.64
4 26 60 2.35
4 27 53 4.47
4 28 9 3.97
4 29 87 0.28
4 30 29 3.17
4 31 47 0.64
4 32 85 2.51
4 33 96 2.82
4 34 1 2.15
4 35 59 5.38
4 36 99 0.70
4 37 35 4.94
4 38 46 2.24
4 39 69 0.90
4 40 5 2.01
4 41 46 1.36
4 42 19 4.67
4 43 99 4.91
4 44 53 3.33
4 45 97 5.92
4 46 68 2.04
4 47 89 3.03
4 48 42 1.20
4 49 81 1.79
5 6 44 4.64
5 7 15 0.75
5 8 74 1.37
5 9 28 3.47
5 10 93 5.86
5 11 12 0.55
5 12 86 3.81
5 13 17 2.57
5 14 34 3.79
5 15 5 3.58
5 16 89 0.80
5 17 61 2.05
5 18 88 3.03
5 19 85 1.65
5 20 90 0.82
5 21 67 1.15
5 22 39 5.11
5 23 55 2.88
5 24 40 3.70
5 25 52 5.15
5 26 7 1.38
5 27 86 3.96
5 28 79 5.71
5 29 92 3.52
5 30 78 4.51
5 31 13 1.72
5 32 65 1.68
5 33 61 1.01
5 34 98 4.72
5 35 82 4.71
5 36 16 0.86
5 37 88 3.73
5 38 81 5.48
5 39 45 0.91
5 40 19 3.09
5 41 68 5.73
5 42 78 4.12
5 43 93 3.52
5 44 25 0.41
5 45 75 4.88
5 46 38 2.58
5 47 13 0.39
5 48 24 1.16
5 49 38 5.85
6 7 76 1.80
6 8 41 5.51
6 9 46 1.64
6 10 4 3.77
6 11 9 5.28
6 12 54 5.77
6 13 72 4.79
6 14 78 5.19
6 15 11 0.33
6 16 94 5.63
6 17 57 5.49
6 18 71 4.10
6 19 31 3.59
6 20 9 4.67
6 21 43 5.20
6 22 59 0.14
6 23 80 4.14
6 24 20 5.87
6 25 64 4.04
6 26 61 5.18
6 27 89 0.47
6 28 34 3.97
6 29 42 4.98
6 30 83 3.56
6 31 23 4.95
6 32 80 2.72
6 33 86 2.27
6 34 9 1.90
6 35 84 2.95
6 36 33 0.11
6 37 13 2.01
6 38 10 5.10
6 39 77 0.76
6 40 94 5.76
6 41 95 4.39
6 42 84 1.80
6 43 78 3.82
6 44 56 3.67
6 45 9 1.68
6 46 14 5.39
6 47 97 5.40
6 48 56 3.27
6 49 18 2.22
7 8 65 1.78
7 9 2 4.346
7 10 53 0.02
7 11 65 1.85
7 12 65 0.91
7 13 32 2.28
7 14 66 2.97
7 15 27 2.23
7 16 23 4.48
7 17 48 0.17
7 18 8 1.91
7 19 90 0.38
7 20 45 0.29
7 21 25 5.95
7 22 95 1.27
7 23 13 4.15
7 24 63 1.65
7 25 5 0.16
7 26 55 5.71
7 27 24 2.02
7 28 90 4.24
7 29 14 1.66
7 30 90 3.99
7 31 12 1.46
7 32 92 0.72
7 33 91 0.58
7 34 65 2.54
7 35 40 0.65
7 36 62 1.12
7 37 66 3.11
7 38 74 2.71
7 39 7 3.77
7 40 55 2.83
7 41 5 3.54
7 42 18 2.01
7 43 89 4.11
7 44 30 5.83
7 45 12 3.79
7 46 50 4.99
7 47 12 2.77
7 48 69 3.04
7 49 74 3.35
8 9 32 0.93
8 10 61 1.27
8 11 18 2.93
8 12 5 4.63
8 13 27 0.06
8 14 14 2.67
8 15 25 3.62
8 16 83 0.82
8 17 11 0.80
8 18 53 3.66
8 19 54 1.82
8 20 97 5.49
8 21 56 0.63
8 22 11 2.12
8 23 45 1.65
8 24 74 2.23
8 25 23 2.50
8 26 5 5.31
8 27 32 2.91
8 28 76 4.43
8 29 73 1.31
8 30 67 1.54
8 31 94 5.39
8 32 76 4.30
8 33 45 1.81
8 34 9 2.58
8 35 30 0.81
8 36 75 5.30
8 37 84 3.40
8 38 97 1.81
8 39 57 4.08
8 40 49 1.83
8 41 79 5.79
8 42 47 3.09
8 43 12 3.86
8 44 19 2.44
8 45 30 1.79
8 46 89 1.62
8 47 67 1.39
8 48 97 2.43
8 49 37 1.34
9 10 6 3.61
9 11 35 1.34
9 12 90 1.62
9 13 77 0.38
9 14 61 1.07
9 15 33 2.66
9 16 6 2.28
9 17 90 5.72
9 18 35 2.90
9 19 90 4.23
9 20 94 4.59
9 21 71 5.87
9 22 69 3.65
9 23 75 5.16
9 24 28 2.08
9 25 69 1.96
9 26 46 1.86
9 27 71 4.37
9 28 51 5.60
9 29 65 1.88
9 30 18 5.69
9 31 36 1.78
9 32 43 2.18
9 33 66 5.62
9 34 17 3.05
9 35 93 3.41
9 36 43 3.99
9 37 94 0.41
9 38 80 5.99
9 39 53 1.80
9 40 24 4.70
9 41 63 1.07
9 42 75 2.19
9 43 91 5.04
9 44 42 2.06
9 45 51 1.49
9 46 5 0.57
9 47 82 3.28
9 48 65 5.47
9 49 31 4.01
10 11 38 2.8
10 12 9 2.83
10 13 68 1.8
10 14 77 3.4
10 15 83 2.4
10 16 34 4.2
10 17 70 2.4
10 18 22 5.2
10 19 62 4.7
10 20 25 2.5
10 21 51 5.9
10 22 75 1.0
10 23 82 2.9
10 24 37 1.4
10 25 79 0.8
10 26 27 0.8
10 27 90 4.5
10 28 34 0.9
10 29 7 2.03
10 30 69 2.6
10 31 16 4.8
10 32 14 1.5
10 33 39 0.4
10 34 94 0.3
10 35 14 5.2
10 36 69 5.3
10 37 35 1.5
10 38 95 3.3
10 39 46 0.8
10 40 10 0.9
10 41 15 1.1
10 42 43 4.8
10 43 45 3.2
10 44 37 5.0
10 45 61 3.2
10 46 4 4.58
10 47 81 2.9
10 48 28 4.1
10 49 61 5.7
11 12 15 2.8
11 13 22 1.0
11 14 46 1.0
11 15 35 0.6
11 16 96 3.7
11 17 84 1.7
11 18 67 4.5
11 19 84 1.9
11 20 65 3.2
11 21 76 1.5
11 22 29 5.4
11 23 2 0.13
11 24 19 5.8
11 25 44 4.6
11 26 71 3.8
11 27 96 0.7
11 28 57 1.1
11 29 57 0.4
11 30 91 2.2
11 31 55 3.7
11 32 7 0.73
11 33 78 2.4
11 34 16 3.1
11 35 93 0.7
11 36 83 2.0
11 37 86 3.1
11 38 54 3.0
11 39 92 3.4
11 40 85 2.4
11 41 61 5.0
11 42 79 1.4
11 43 38 1.0
11 44 85 2.0
11 45 12 4.4
11 46 65 0.9
11 47 24 4.8
11 48 42 1.0
11 49 69 4.8
12 13 32 2.0
12 14 87 2.3
12 15 65 0.0
12 16 77 3.7
12 17 29 3.3
12 18 72 5.0
12 19 36 1.9
12 20 86 4.8
12 21 46 0.3
12 22 61 3.6
12 23 6 5.94
12 24 77 2.1
12 25 38 0.6
12 26 54 4.1
12 27 6 3.86
12 28 38 5.1
12 29 80 5.4
12 30 37 4.9
12 31 12 3.8
12 32 15 2.9
12 33 88 3.8
12 34 77 2.2
12 35 2 5.18
12 36 63 5.4
12 37 76 3.6
12 38 31 0.4
12 39 93 5.4
12 40 93 2.3
12 41 84 4.0
12 42 30 1.3
12 43 82 1.7
12 44 38 5.4
12 45 39 2.6
12 46 67 1.5
12 47 53 5.9
12 48 56 2.1
12 49 67 4.7
13 14 87 0.5
13 15 87 4.0
13 16 24 4.3
13 17 95 3.6
13 18 98 1.1
13 19 57 4.5
13 20 25 4.3
13 21 5 4.91
13 22 90 3.8
13 23 5 4.74
13 24 56 3.2
13 25 84 5.0
13 26 64 1.8
13 27 94 5.8
13 28 0 1.74
13 29 54 2.7
13 30 87 0.7
13 31 31 0.3
13 32 36 0.9
13 33 71 2.0
13 34 84 4.7
13 35 35 2.1
13 36 24 0.9
13 37 51 0.3
13 38 76 1.8
13 39 86 3.9
13 40 36 5.3
13 41 9 4.24
13 42 27 5.8
13 43 40 4.0
13 44 69 2.0
13 45 63 0.0
13 46 69 5.5
13 47 61 0.3
13 48 79 0.0
13 49 11 5.3
14 15 51 2.9
14 16 99 0.4
14 17 6 2.20
14 18 47 1.2
14 19 21 4.2
14 20 84 4.4
14 21 8 0.23
14 22 84 5.9
14 23 21 5.6
14 24 17 3.5
14 25 31 4.2
14 26 61 1.6
14 27 30 1.7
14 28 8 3.78
14 29 29 5.9
14 30 53 1.9
14 31 26 4.3
14 32 71 3.2
14 33 87 1.6
14 34 30 3.2
14 35 90 0.3
14 36 72 4.6
14 37 30 4.3
14 38 95 0.0
14 39 68 5.9
14 40 29 0.5
14 41 62 2.4
14 42 67 3.9
14 43 54 1.9
14 44 27 2.4
14 45 97 0.0
14 46 19 4.2
14 47 65 1.1
14 48 45 4.9
14 49 63 2.2
15 16 78 3.4
15 17 95 4.8
15 18 6 1.43
15 19 84 2.1
15 20 19 0.1
15 21 92 1.8
15 22 26 1.0
15 23 50 5.1
15 24 38 2.8
15 25 4 5.52
15 26 14 3.8
15 27 57 3.9
15 28 40 3.0
15 29 47 4.8
15 30 26 2.0
15 31 25 4.6
15 32 46 1.2
15 33 36 5.6
15 34 46 2.0
15 35 58 4.3
15 36 3 2.69
15 37 40 0.4
15 38 54 4.8
15 39 52 2.5
15 40 88 3.6
15 41 60 4.0
15 42 95 4.9
15 43 81 0.4
15 44 69 5.8
15 45 95 5.9
15 46 45 4.4
15 47 35 5.4
15 48 24 0.0
15 49 47 1.7
16 17 23 0.4
16 18 18 3.5
16 19 25 4.2
16 20 61 3.4
16 21 59 3.4
16 22 46 3.3
16 23 79 5.5
16 24 29 5.6
16 25 35 3.9
16 26 1 1.29
16 27 14 2.5
16 28 56 0.6
16 29 57 1.9
16 30 78 5.1
16 31 63 2.3
16 32 56 3.6
16 33 48 4.7
16 34 17 5.7
16 35 14 3.9
16 36 9 5.37
16 37 15 1.2
16 38 91 3.2
16 39 24 3.9
16 40 22 4.3
16 41 14 2.6
16 42 68 5.6
16 43 83 0.3
16 44 97 1.9
16 45 9 5.72
16 46 39 3.8
16 47 31 0.6
16 48 35 4.7
16 49 78 5.9
17 18 4 0.98
17 19 97 1.3
17 20 13 5.9
17 21 40 1.5
17 22 5 1.47
17 23 86 2.4
17 24 13 2.8
17 25 75 2.3
17 26 50 1.5
17 27 86 3.2
17 28 3 3.39
17 29 45 1.9
17 30 95 3.3
17 31 69 2.0
17 32 77 2.5
17 33 83 2.8
17 34 84 0.3
17 35 2 5.26
17 36 66 4.7
17 37 62 3.0
17 38 58 3.1
17 39 28 0.8
17 40 80 2.3
17 41 35 5.7
17 42 70 3.3
17 43 66 0.2
17 44 30 1.5
17 45 1 2.63
17 46 15 0.5
17 47 56 3.9
17 48 85 1.0
17 49 56 0.0
18 19 77 4.7
18 20 88 5.0
18 21 67 1.6
18 22 98 2.4
18 23 30 1.7
18 24 98 1.0
18 25 66 2.8
18 26 10 1.1
18 27 9 0.54
18 28 91 2.0
18 29 60 2.2
18 30 64 5.8
18 31 16 1.6
18 32 64 0.8
18 33 59 4.1
18 34 76 2.9
18 35 49 5.3
18 36 14 4.4
18 37 88 3.2
18 38 44 5.3
18 39 97 2.9
18 40 31 4.7
18 41 54 0.9
18 42 52 2.0
18 43 52 4.8
18 44 15 3.6
18 45 17 0.1
18 46 89 1.9
18 47 93 5.0
18 48 56 5.2
18 49 22 1.4
19 20 30 0.5
19 21 69 1.5
19 22 1 4.00
19 23 28 5.4
19 24 80 4.4
19 25 10 3.9
19 26 38 1.0
19 27 49 4.3
19 28 15 5.9
19 29 35 5.5
19 30 38 2.7
19 31 67 4.7
19 32 13 0.2
19 33 1 0.63
19 34 91 1.8
19 35 38 4.0
19 36 35 3.1
19 37 26 3.8
19 38 50 3.6
19 39 83 1.3
19 40 92 4.9
19 41 6 5.97
19 42 48 0.5
19 43 52 5.6
19 44 24 2.6
19 45 30 4.1
19 46 73 4.5
19 47 33 3.5
19 48 88 0.6
19 49 47 3.7
20 21 56 1.2
20 22 68 4.7
20 23 64 3.4
20 24 24 1.2
20 25 76 3.8
20 26 33 4.8
20 27 36 2.1
20 28 82 1.5
20 29 82 4.7
20 30 59 4.7
20 31 40 4.0
20 32 54 2.3
20 33 40 2.1
20 34 86 5.6
20 35 0 2.90
20 36 65 1.3
20 37 86 1.7
20 38 54 2.6
20 39 65 5.8
20 40 82 4.9
20 41 31 2.1
20 42 88 3.2
20 43 91 1.7
20 44 42 0.7
20 45 5 3.47
20 46 67 2.5
20 47 49 1.2
20 48 7 5.91
20 49 22 0.7
21 22 95 4.6
21 23 33 5.1
21 24 17 4.6
21 25 97 0.8
21 26 11 1.3
21 27 47 3.5
21 28 50 5.3
21 29 0 4.77
21 30 0 3.66
21 31 91 4.0
21 32 76 4.7
21 33 63 3.2
21 34 95 3.9
21 35 40 4.7
21 36 53 4.4
21 37 53 1.0
21 38 61 3.5
21 39 98 4.4
21 40 9 4.99
21 41 98 3.1
21 42 91 3.9
21 43 55 3.1
21 44 69 1.1
21 45 0 5.49
21 46 97 3.5
21 47 20 5.2
21 48 35 0.2
21 49 98 4.7
22 23 45 0.5
22 24 28 1.7
22 25 51 4.7
22 26 40 4.5
22 27 9 5.25
22 28 60 2.7
22 29 67 4.5
22 30 96 2.9
22 31 88 5.0
22 32 63 0.4
22 33 32 5.3
22 34 15 1.1
22 35 91 0.6
22 36 23 4.1
22 37 95 4.0
22 38 6 0.75
22 39 36 5.3
22 40 73 4.6
22 41 28 5.2
22 42 38 1.2
22 43 55 3.0
22 44 26 5.5
22 45 6 4.34
22 46 49 1.0
22 47 24 1.9
22 48 14 0.1
22 49 72 2.5
23 24 56 4.4
23 25 64 4.1
23 26 6 5.44
23 27 41 5.2
23 28 15 5.1
23 29 0 3.10
23 30 61 3.6
23 31 39 2.1
23 32 51 1.8
23 33 15 4.1
23 34 5 2.13
23 35 28 3.8
23 36 3 5.13
23 37 61 4.9
23 38 63 5.4
23 39 78 5.5
23 40 41 2.5
23 41 1 2.04
23 42 18 0.1
23 43 24 2.0
23 44 9 2.83
23 45 59 4.6
23 46 96 5.8
23 47 29 3.1
23 48 84 0.3
23 49 23 3.7
24 25 41 0.4
24 26 56 4.9
24 27 83 0.0
24 28 1 3.84
24 29 55 0.8
24 30 89 3.3
24 31 7 3.05
24 32 49 1.5
24 33 82 2.5
24 34 72 3.0
24 35 88 4.0
24 36 55 5.1
24 37 46 5.0
24 38 96 4.1
24 39 99 2.1
24 40 62 0.5
24 41 28 1.9
24 42 26 2.8
24 43 79 0.2
24 44 33 0.9
24 45 88 2.7
24 46 62 4.1
24 47 59 0.2
24 48 23 3.6
24 49 50 0.2
25 26 70 3.6
25 27 6 2.12
25 28 28 2.0
25 29 37 2.2
25 30 23 1.7
25 31 23 2.1
25 32 63 0.5
25 33 1 1.38
25 34 95 5.2
25 35 12 1.3
25 36 70 4.3
25 37 89 1.5
25 38 68 4.3
25 39 99 0.9
25 40 77 5.8
25 41 90 2.8
25 42 78 5.8
25 43 32 5.7
25 44 37 4.2
25 45 67 1.0
25 46 99 1.5
25 47 0 3.07
25 48 11 2.9
25 49 77 1.5
26 27 0 5.49
26 28 42 3.0
26 29 6 4.07
26 30 63 3.3
26 31 80 5.2
26 32 51 0.9
26 33 60 0.3
26 34 7 2.54
26 35 97 4.5
26 36 17 5.3
26 37 31 5.4
26 38 32 4.4
26 39 51 1.4
26 40 35 3.0
26 41 81 3.7
26 42 75 5.4
26 43 21 4.2
26 44 66 0.0
26 45 36 3.0
26 46 52 4.6
26 47 85 2.1
26 48 80 3.3
26 49 69 4.4
27 28 60 3.0
27 29 59 3.6
27 30 31 0.6
27 31 58 0.9
27 32 38 1.4
27 33 76 0.9
27 34 70 2.0
27 35 47 5.6
27 36 20 3.6
27 37 55 5.3
27 38 58 4.6
27 39 31 0.1
27 40 76 3.1
27 41 62 4.6
27 42 44 2.0
27 43 33 0.8
27 44 20 2.7
27 45 72 3.6
27 46 34 0.4
27 47 71 2.1
27 48 41 3.3
27 49 71 4.5
28 29 29 1.1
28 30 11 5.5
28 31 97 5.7
28 32 20 0.6
28 33 11 2.8
28 34 16 1.9
28 35 2 0.30
28 36 2 2.59
28 37 39 3.7
28 38 3 2.69
28 39 22 2.4
28 40 15 2.9
28 41 85 2.5
28 42 23 5.1
28 43 63 1.8
28 44 78 1.0
28 45 9 0.91
28 46 33 4.7
28 47 61 0.6
28 48 40 3.2
28 49 65 4.2
29 30 63 2.7
29 31 97 4.5
29 32 37 1.6
29 33 18 3.4
29 34 71 4.1
29 35 19 2.5
29 36 2 0.88
29 37 33 2.1
29 38 40 1.6
29 39 72 0.9
29 40 88 4.6
29 41 90 5.7
29 42 76 4.7
29 43 35 1.6
29 44 56 1.9
29 45 41 0.6
29 46 20 4.9
29 47 71 1.5
29 48 28 3.5
29 49 9 5.19
30 31 7 0.68
30 32 51 5.5
30 33 44 1.8
30 34 55 4.8
30 35 72 5.0
30 36 37 1.1
30 37 20 1.8
30 38 9 3.35
30 39 71 0.1
30 40 71 0.5
30 41 68 5.6
30 42 38 1.0
30 43 67 0.8
30 44 24 0.1
30 45 61 1.8
30 46 27 4.8
30 47 67 2.1
30 48 11 3.2
30 49 67 5.3
31 32 81 3.0
31 33 73 5.1
31 34 25 1.3
31 35 56 1.8
31 36 90 5.3
31 37 91 2.2
31 38 30 5.1
31 39 0 2.98
31 40 90 5.2
31 41 6 1.72
31 42 12 5.5
31 43 16 1.6
31 44 83 3.7
31 45 81 1.1
31 46 39 2.8
31 47 43 2.7
31 48 23 4.3
31 49 88 5.0
32 33 69 0.3
32 34 29 5.3
32 35 23 0.4
32 36 38 1.2
32 37 8 2.57
32 38 51 3.8
32 39 93 1.1
32 40 77 2.4
32 41 58 0.8
32 42 91 4.1
32 43 37 0.5
32 44 81 3.8
32 45 72 3.6
32 46 5 2.63
32 47 43 2.8
32 48 46 5.2
32 49 40 3.7
33 34 54 2.6
33 35 71 1.6
33 36 75 4.6
33 37 61 4.1
33 38 61 5.8
33 39 17 3.0
33 40 24 1.7
33 41 1 5.17
33 42 67 2.3
33 43 69 5.2
33 44 20 0.9
33 45 17 4.5
33 46 12 3.2
33 47 71 1.0
33 48 52 0.1
33 49 55 0.5
34 35 58 1.1
34 36 50 1.3
34 37 84 5.3
34 38 80 3.2
34 39 17 1.1
34 40 37 0.5
34 41 68 4.6
34 42 73 4.8
34 43 56 1.7
34 44 49 5.3
34 45 77 0.9
34 46 35 1.8
34 47 81 0.6
34 48 69 0.2
34 49 46 1.8
35 36 66 1.8
35 37 78 0.7
35 38 15 1.2
35 39 94 1.5
35 40 63 0.4
35 41 60 2.6
35 42 6 3.70
35 43 63 3.6
35 44 52 1.6
35 45 8 2.09
35 46 18 0.2
35 47 59 2.4
35 48 80 4.6
35 49 55 5.7
36 37 64 2.4
36 38 49 1.3
36 39 22 0.0
36 40 50 3.1
36 41 96 0.3
36 42 3 5.36
36 43 6 3.09
36 44 50 1.1
36 45 79 0.5
36 46 8 4.16
36 47 92 1.2
36 48 48 5.3
36 49 11 5.4
37 38 98 4.8
37 39 3 5.70
37 40 47 1.9
37 41 78 2.7
37 42 46 2.4
37 43 5 1.12
37 44 34 0.6
37 45 41 2.4
37 46 56 4.6
37 47 62 4.2
37 48 72 3.7
37 49 84 4.7
38 39 4 5.56
38 40 32 3.7
38 41 7 2.11
38 42 8 0.65
38 43 77 1.0
38 44 43 2.6
38 45 79 4.1
38 46 90 3.8
38 47 99 3.1
38 48 92 3.5
38 49 11 0.5
39 40 96 3.7
39 41 89 4.1
39 42 24 1.8
39 43 82 2.3
39 44 19 2.9
39 45 2 4.65
39 46 75 5.2
39 47 17 1.1
39 48 62 5.4
39 49 24 2.7
40 41 68 5.3
40 42 86 5.4
40 43 79 1.2
40 44 32 1.0
40 45 77 3.6
40 46 11 0.4
40 47 60 5.6
40 48 45 3.1
40 49 77 1.5
41 42 15 4.1
41 43 28 4.3
41 44 22 5.1
41 45 34 1.0
41 46 2 0.41
41 47 3 5.16
41 48 70 4.6
41 49 24 2.3
42 43 44 1.8
42 44 17 4.4
42 45 65 2.4
42 46 8 2.07
42 47 69 1.2
42 48 48 1.9
42 49 48 3.6
43 44 8 3.19
43 45 70 4.9
43 46 62 1.6
43 47 94 4.0
43 48 86 4.9
43 49 41 5.7
44 45 19 1.4
44 46 7 0.74
44 47 23 0.2
44 48 85 2.8
44 49 55 5.2
45 46 54 4.8
45 47 42 2.2
45 48 97 3.4
45 49 99 3.0
46 47 6 2.73
46 48 44 2.1
46 49 45 0.5
47 48 48 3.5
47 49 90 2.8
48 49 2 1.15