50
20.448
0 1 41.413 0.698
0 2 28.034 0.655
0 3 50.215 0.774
0 4 45.837 0.766
0 5 29.871 0.714
0 6 60.15 0.632
0 7 52.319 0.643
0 8 48.385 0.77
0 9 54.476 0.61
0 10 49.079 0.747
0 11 68.513 0.175
0 12 40.863 0.717
0 13 36.23 0.683
0 14 36.34 0.782
0 15 39.591 0.669
0 16 56.515 0.804
0 17 74.659 0.762
0 18 35.259 0.631
0 19 49.842 0.633
0 20 82.652 0.736
0 21 33.912 0.691
0 22 16.206 0.929
0 23 78.081 0.668
0 24 31.311 0.787
0 25 47.547 0.705
0 26 32.586 0.673
0 27 25.912 0.82
0 28 46.682 0.471
0 29 30.596 0.666
0 30 37.357 0.442
0 31 51.561 0.706
0 32 68.734 0.73
0 33 58.312 0.571
0 34 39.663 0.901
0 35 5.87 0.846
0 36 37.342 0.742
0 37 16.946 0.747
0 38 35.518 0.727
0 39 16.616 0.617
0 40 18.34 0.738
0 41 45.302 0.668
0 42 56.467 0.662
0 43 47.506 0.785
0 44 48.148 0.672
0 45 38.524 0.62
0 46 27.748 0.838
0 47 41.973 0.878
0 48 37.421 0.158
0 49 19.319 0.623
1 2 51.611 0.041
1 3 33.869 0.572
1 4 53.015 0.795
1 5 57.009 0.648
1 6 63.52 0.881
1 7 33.81 0.681
1 8 59.68 0.718
1 9 36.267 0.643
1 10 68.858 0.492
1 11 31.451 0.609
1 12 62.919 0.764
1 13 47.266 0.736
1 14 35.466 0.537
1 15 61.338 0.836
1 16 25.106 0.744
1 17 14.948 0.828
1 18 34.427 0.731
1 19 54.459 0.044
1 20 55.421 0.052
1 21 32.95 0.794
1 22 52.763 0.732
1 23 33.901 0.741
1 24 35.563 0.47
1 25 40.295 0.707
1 26 42.65 0.776
1 27 41.121 0.797
1 28 22.248 0.391
1 29 67.369 0.063
1 30 33.363 0.615
1 31 26.128 0.831
1 32 33.954 0.704
1 33 54.415 0.829
1 34 60.543 0.598
1 35 63.611 0.813
1 36 37.909 0.604
1 37 53.837 0.768
1 38 66.09 0.822
1 39 49.203 0.656
1 40 54.356 0.622
1 41 2.599 0.692
1 42 35.514 0.632
1 43 43.971 0.897
1 44 62.001 0.666
1 45 13.309 0.534
1 46 33.201 0.662
1 47 73.066 0.708
1 48 31.32 0.677
1 49 36.147 0.87
2 3 57.374 0.66
2 4 50.248 0.805
2 5 45.905 0.786
2 6 23.662 0.808
2 7 59.71 0.614
2 8 57.486 0.453
2 9 43.493 0.798
2 10 45.806 0.675
2 11 33.085 0.608
2 12 32.749 0.804
2 13 26.105 0.705
2 14 74.361 0.751
2 15 67.311 0.925
2 16 33.269 0.492
2 17 47.997 0.695
2 18 7.51 0.756
2 19 38.102 0.059
2 20 58.683 0.052
2 21 61.486 0.479
2 22 35.013 0.622
2 23 50.699 0.776
2 24 22.726 0.625
2 25 48.912 0.74
2 26 35.45 0.549
2 27 41.767 0.684
2 28 31.503 0.91
2 29 56.37 0.057
2 30 68.361 0.733
2 31 61.328 0.897
2 32 44.198 0.813
2 33 28.86 0.579
2 34 35.072 0.65
2 35 29.098 0.712
2 36 54.311 0.658
2 37 48.733 0.742
2 38 35.788 0.553
2 39 53.483 0.756
2 40 42.131 0.556
2 41 27.357 0.702
2 42 77.912 0.65
2 43 33.906 0.77
2 44 26.631 0.855
2 45 62.063 0.614
2 46 53.549 0.71
2 47 52.206 0.658
2 48 39.983 0.771
2 49 29.624 0.692
3 4 29.259 0.794
3 5 55.687 0.667
3 6 59.532 0.714
3 7 33.321 0.679
3 8 52.349 0.803
3 9 39.264 0.478
3 10 37.279 0.623
3 11 18.457 0.853
3 12 50.88 0.727
3 13 65.672 0.905
3 14 41.56 0.673
3 15 26.818 0.555
3 16 53.775 0.797
3 17 25.999 0.714
3 18 42.986 0.652
3 19 29.842 0.577
3 20 74.49 0.708
3 21 54.785 0.508
3 22 25.254 0.832
3 23 47.087 0.707
3 24 39.429 0.796
3 25 44.24 0.538
3 26 79.608 0.731
3 27 28.156 0.677
3 28 53.812 0.803
3 29 20.081 0.687
3 30 28.843 0.803
3 31 35.95 0.625
3 32 34.688 0.753
3 33 46.122 0.847
3 34 31.964 0.763
3 35 73.022 0.785
3 36 63.461 0.814
3 37 83.276 0.538
3 38 29.45 0.732
3 39 45.385 0.6
3 40 41.231 0.696
3 41 38.339 0.625
3 42 35.859 0.84
3 43 33.586 0.624
3 44 67.122 0.599
3 45 31.927 0.84
3 46 11.62 0.642
3 47 46.543 0.703
3 48 18.199 0.754
3 49 52.653 0.751
4 5 35.002 0.969
4 6 25.479 0.597
4 7 37.848 0.794
4 8 32.857 0.684
4 9 47.848 0.8
4 10 46.897 0.909
4 11 26.337 0.632
4 12 38.836 0.591
4 13 50.71 0.683
4 14 52.272 0.773
4 15 70.858 0.084
4 16 41.507 0.655
4 17 61.039 0.65
4 18 42.135 0.782
4 19 17.141 0.557
4 20 49.387 0.763
4 21 37.614 0.858
4 22 37.575 0.741
4 23 36.839 0.666
4 24 47.842 0.795
4 25 56.313 0.746
4 26 0.0 0.612
4 27 48.062 0.535
4 28 79.01 0.706
4 29 51.123 0.709
4 30 25.712 0.629
4 31 37.344 0.426
4 32 58.416 0.691
4 33 44.361 0.82
4 34 83.877 0.621
4 35 54.811 0.679
4 36 52.305 0.651
4 37 54.058 0.727
4 38 43.021 0.619
4 39 19.818 0.748
4 40 20.192 0.734
4 41 45.393 0.565
4 42 51.251 0.099
4 43 78.889 0.094
4 44 33.986 0.762
4 45 25.619 0.783
4 46 34.181 0.841
4 47 34.585 0.62
4 48 48.799 0.82
4 49 39.29 0.698
5 6 56.892 0.876
5 7 59.744 0.764
5 8 60.521 0.721
5 9 46.41 0.702
5 10 26.991 0.66
5 11 41.243 0.76
5 12 56.088 0.7
5 13 38.27 0.693
5 14 49.265 0.613
5 15 35.724 0.572
5 16 44.747 0.799
5 17 33.453 0.799
5 18 34.382 0.634
5 19 43.79 0.809
5 20 46.422 0.82
5 21 42.041 0.78
5 22 32.702 0.716
5 23 62.096 0.78
5 24 43.769 0.649
5 25 45.173 0.625
5 26 39.354 0.69
5 27 23.895 0.59
5 28 48.411 0.81
5 29 45.355 0.699
5 30 48.765 0.722
5 31 27.982 0.565
5 32 44.29 0.557
5 33 65.181 0.668
5 34 47.524 0.829
5 35 60.521 0.674
5 36 42.582 0.7
5 37 36.471 0.786
5 38 35.045 0.791
5 39 54.739 0.775
5 40 35.253 0.687
5 41 52.131 0.804
5 42 47.686 0.539
5 43 45.381 0.654
5 44 16.234 0.587
5 45 60.265 0.704
5 46 26.33 0.686
5 47 33.631 0.747
5 48 45.361 0.756
5 49 32.663 0.762
6 7 36.015 0.739
6 8 36.544 0.783
6 9 78.37 0.59
6 10 37.287 0.652
6 11 32.177 0.626
6 12 37.857 0.773
6 13 10.682 0.694
6 14 24.577 0.836
6 15 44.171 0.637
6 16 37.404 0.526
6 17 82.115 0.091
6 18 32.633 0.673
6 19 57.663 0.491
6 20 41.137 0.871
6 21 9.908 0.712
6 22 43.343 0.835
6 23 40.063 0.722
6 24 36.403 0.08
6 25 69.522 0.708
6 26 56.214 0.708
6 27 44.715 0.603
6 28 27.923 0.575
6 29 34.601 0.512
6 30 47.361 0.739
6 31 78.431 0.785
6 32 32.642 0.614
6 33 61.985 0.092
6 34 39.842 0.61
6 35 18.092 0.528
6 36 52.554 0.784
6 37 38.529 0.465
6 38 28.87 0.856
6 39 47.383 0.73
6 40 33.881 0.875
6 41 34.3 0.582
6 42 41.077 0.93
6 43 6.545 0.662
6 44 37.68 0.645
6 45 18.561 0.852
6 46 33.848 0.762
6 47 45.499 0.85
6 48 43.83 0.685
6 49 23.015 0.749
7 8 32.68 0.573
7 9 26.109 0.685
7 10 45.624 0.511
7 11 44.858 0.749
7 12 37.121 0.415
7 13 53.126 0.545
7 14 55.675 0.859
7 15 67.383 0.484
7 16 37.543 0.616
7 17 26.253 0.662
7 18 65.561 0.599
7 19 22.689 0.783
7 20 23.159 0.54
7 21 40.241 0.606
7 22 32.308 0.654
7 23 46.223 0.804
7 24 62.881 0.808
7 25 14.947 0.637
7 26 21.345 0.731
7 27 88.211 0.042
7 28 27.921 0.666
7 29 69.031 0.685
7 30 34.011 0.826
7 31 36.554 0.565
7 32 39.433 0.73
7 33 52.232 0.613
7 34 39.25 0.732
7 35 53.917 0.686
7 36 66.2 0.549
7 37 38.683 0.747
7 38 90.474 0.058
7 39 29.162 0.757
7 40 48.369 0.817
7 41 32.021 0.051
7 42 23.479 0.853
7 43 32.914 0.686
7 44 37.615 0.841
7 45 41.271 0.619
7 46 36.714 0.062
7 47 22.442 0.683
7 48 63.253 0.566
7 49 57.101 0.699
8 9 45.651 1.071
8 10 35.626 0.659
8 11 39.61 0.564
8 12 21.686 0.735
8 13 37.441 0.584
8 14 61.871 0.586
8 15 27.795 0.603
8 16 62.925 0.814
8 17 82.835 0.623
8 18 26.934 0.737
8 19 63.374 0.69
8 20 35.087 0.582
8 21 35.452 0.773
8 22 82.526 0.578
8 23 48.042 0.517
8 24 55.525 0.772
8 25 39.46 0.603
8 26 29.372 0.847
8 27 55.438 0.541
8 28 59.735 0.785
8 29 48.502 0.797
8 30 22.786 0.661
8 31 44.068 0.74
8 32 49.233 0.661
8 33 24.344 0.584
8 34 71.704 0.562
8 35 8.761 0.797
8 36 29.411 0.687
8 37 35.892 0.68
8 38 41.069 0.733
8 39 47.08 0.714
8 40 6.32 0.887
8 41 24.027 0.613
8 42 29.202 0.553
8 43 11.351 0.819
8 44 11.033 0.702
8 45 44.368 0.538
8 46 10.004 0.299
8 47 38.36 0.807
8 48 30.596 0.78
8 49 34.847 0.694
9 10 48.988 0.679
9 11 38.604 0.776
9 12 44.742 0.702
9 13 20.365 0.543
9 14 29.933 0.666
9 15 46.034 0.791
9 16 65.626 0.772
9 17 40.469 0.519
9 18 61.574 0.776
9 19 52.076 0.596
9 20 51.577 0.673
9 21 30.008 0.695
9 22 42.317 0.684
9 23 63.788 0.549
9 24 30.633 0.723
9 25 19.228 0.597
9 26 57.981 0.583
9 27 54.689 0.944
9 28 41.043 0.699
9 29 48.237 0.728
9 30 33.6 0.64
9 31 56.126 0.677
9 32 56.239 0.729
9 33 33.012 0.648
9 34 30.84 0.53
9 35 46.263 0.565
9 36 50.729 0.673
9 37 36.158 0.592
9 38 44.684 0.714
9 39 52.83 0.676
9 40 28.991 0.743
9 41 30.27 0.75
9 42 52.544 0.646
9 43 30.002 0.728
9 44 45.651 0.623
9 45 36.171 0.765
9 46 52.536 0.708
9 47 30.778 0.708
9 48 38.538 0.837
9 49 50.127 0.76
10 11 34.928 0.535
10 12 30.301 0.679
10 13 35.152 0.796
10 14 27.645 0.792
10 15 20.462 0.761
10 16 22.5 0.654
10 17 54.983 0.659
10 18 33.071 0.844
10 19 27.935 0.377
10 20 28.619 0.585
10 21 42.125 0.706
10 22 33.519 0.714
10 23 52.59 0.723
10 24 29.893 0.724
10 25 54.185 0.66
10 26 12.156 0.709
10 27 27.966 0.813
10 28 71.736 0.538
10 29 31.374 0.603
10 30 45.272 0.702
10 31 39.066 0.662
10 32 14.676 0.678
10 33 51.365 0.693
10 34 59.371 0.825
10 35 28.66 0.63
10 36 48.746 0.593
10 37 10.121 0.833
10 38 31.434 0.831
10 39 46.662 0.728
10 40 47.658 0.665
10 41 67.121 0.578
10 42 23.713 0.77
10 43 42.02 0.628
10 44 64.491 0.665
10 45 18.173 0.813
10 46 48.222 0.544
10 47 52.74 0.766
10 48 52.174 0.697
10 49 42.543 0.677
11 12 36.527 0.722
11 13 36.759 0.817
11 14 40.043 0.44
11 15 36.635 0.777
11 16 45.896 0.777
11 17 26.125 0.544
11 18 21.069 0.764
11 19 34.95 0.685
11 20 56.002 0.757
11 21 34.546 0.712
11 22 44.841 0.512
11 23 27.604 0.666
11 24 15.487 0.875
11 25 22.043 0.642
11 26 67.803 0.591
11 27 41.58 0.555
11 28 30.104 0.827
11 29 23.255 0.633
11 30 44.23 0.676
11 31 32.075 0.544
11 32 26.354 0.759
11 33 57.222 0.623
11 34 53.999 0.614
11 35 62.898 0.978
11 36 42.848 0.819
11 37 27.823 0.666
11 38 42.244 0.879
11 39 36.664 0.665
11 40 45.471 0.663
11 41 47.718 0.728
11 42 11.764 0.797
11 43 18.859 0.818
11 44 57.621 0.625
11 45 40.949 0.864
11 46 35.204 0.628
11 47 45.515 0.685
11 48 73.715 0.205
11 49 35.652 0.683
12 13 65.3 0.624
12 14 15.484 0.679
12 15 31.483 0.643
12 16 23.873 0.541
12 17 33.189 0.737
12 18 2.638 0.484
12 19 59.355 0.765
12 20 55.129 0.827
12 21 38.84 0.625
12 22 52.714 0.646
12 23 59.707 0.523
12 24 57.239 0.839
12 25 14.064 0.781
12 26 76.666 0.61
12 27 64.139 0.684
12 28 45.91 0.703
12 29 19.435 0.547
12 30 54.937 0.741
12 31 56.128 0.872
12 32 38.16 0.606
12 33 66.449 0.625
12 34 31.055 0.67
12 35 47.096 0.723
12 36 61.122 0.467
12 37 31.345 0.802
12 38 34.49 0.642
12 39 55.314 0.768
12 40 34.534 0.599
12 41 54.802 0.739
12 42 41.124 0.708
12 43 58.358 0.804
12 44 47.118 0.659
12 45 22.342 0.543
12 46 11.807 0.716
12 47 38.858 0.565
12 48 22.627 0.823
12 49 34.925 0.676
13 14 43.861 0.727
13 15 18.331 0.955
13 16 28.115 0.936
13 17 19.659 0.774
13 18 36.815 0.486
13 19 36.811 0.589
13 20 49.694 0.582
13 21 68.594 0.704
13 22 49.705 0.108
13 23 32.323 0.707
13 24 49.061 0.806
13 25 42.245 0.482
13 26 56.588 0.074
13 27 57.441 0.642
13 28 24.886 0.575
13 29 21.633 0.875
13 30 25.258 0.739
13 31 49.334 0.711
13 32 36.562 0.772
13 33 37.983 0.785
13 34 83.841 0.08
13 35 42.227 0.611
13 36 38.801 0.562
13 37 34.303 0.603
13 38 38.661 0.651
13 39 53.751 0.534
13 40 23.885 0.603
13 41 52.332 0.576
13 42 28.673 0.813
13 43 45.609 0.617
13 44 38.133 0.78
13 45 50.626 0.601
13 46 38.224 0.602
13 47 16.383 0.829
13 48 41.386 0.797
13 49 35.03 0.705
14 15 28.705 0.603
14 16 52.083 0.788
14 17 65.021 0.759
14 18 60.5 0.692
14 19 37.658 0.671
14 20 80.676 0.662
14 21 35.584 0.841
14 22 33.134 0.771
14 23 26.686 0.609
14 24 34.271 0.822
14 25 68.727 0.704
14 26 34.889 0.869
14 27 39.369 0.825
14 28 49.315 0.561
14 29 49.164 0.926
14 30 32.898 0.663
14 31 53.735 0.712
14 32 22.464 0.703
14 33 61.287 0.762
14 34 37.241 0.699
14 35 40.507 0.404
14 36 48.405 0.809
14 37 38.738 0.508
14 38 19.433 0.752
14 39 10.953 0.658
14 40 41.446 0.768
14 41 25.398 0.715
14 42 26.596 0.812
14 43 80.946 0.821
14 44 12.141 0.729
14 45 12.936 0.946
14 46 41.085 0.548
14 47 39.767 0.773
14 48 29.206 0.573
14 49 54.983 0.693
15 16 63.655 0.661
15 17 32.763 0.714
15 18 63.366 0.661
15 19 9.723 0.687
15 20 34.962 0.637
15 21 35.228 0.674
15 22 28.598 0.714
15 23 30.408 0.59
15 24 61.793 0.57
15 25 15.498 0.906
15 26 51.1 0.496
15 27 39.063 0.683
15 28 37.836 0.86
15 29 24.246 0.671
15 30 48.793 0.806
15 31 61.478 0.748
15 32 38.732 0.716
15 33 61.515 0.669
15 34 51.471 0.581
15 35 51.367 0.772
15 36 43.215 0.746
15 37 62.32 0.773
15 38 0.0 0.862
15 39 41.119 0.837
15 40 29.149 0.568
15 41 38.047 0.504
15 42 64.178 0.084
15 43 34.356 0.094
15 44 39.565 0.729
15 45 38.153 0.429
15 46 88.449 0.581
15 47 29.673 0.518
15 48 35.223 0.641
15 49 28.381 0.694
16 17 23.115 0.787
16 18 24.688 0.735
16 19 37.352 0.731
16 20 38.917 0.803
16 21 38.692 0.511
16 22 47.234 0.892
16 23 59.68 0.72
16 24 34.291 0.698
16 25 47.997 0.771
16 26 23.343 0.681
16 27 57.813 0.784
16 28 33.978 0.756
16 29 36.783 0.751
16 30 93.941 0.683
16 31 52.749 0.73
16 32 78.14 0.538
16 33 53.523 0.619
16 34 58.863 0.492
16 35 47.899 0.561
16 36 32.858 0.636
16 37 48.369 0.599
16 38 41.338 0.738
16 39 30.654 0.711
16 40 31.792 0.7
16 41 10.501 0.725
16 42 35.826 0.847
16 43 29.179 0.675
16 44 39.305 0.639
16 45 48.885 0.545
16 46 48.253 0.77
16 47 44.84 0.723
16 48 43.833 0.927
16 49 24.679 0.684
17 18 18.781 0.734
17 19 31.666 0.884
17 20 35.374 0.871
17 21 32.899 0.598
17 22 68.319 0.791
17 23 25.012 0.535
17 24 72.75 0.084
17 25 71.028 0.624
17 26 35.86 0.632
17 27 52.474 0.491
17 28 27.109 0.733
17 29 50.875 0.642
17 30 40.773 0.566
17 31 37.83 0.829
17 32 46.693 0.9
17 33 26.746 0.098
17 34 40.409 0.774
17 35 9.814 0.707
17 36 58.485 0.597
17 37 44.765 0.807
17 38 32.119 0.725
17 39 57.443 0.463
17 40 1.578 0.622
17 41 48.569 0.782
17 42 35.912 0.847
17 43 27.408 0.736
17 44 55.19 0.733
17 45 48.29 0.625
17 46 84.666 0.65
17 47 60.136 0.661
17 48 37.071 0.619
17 49 29.513 0.81
18 19 73.508 0.719
18 20 21.653 0.464
18 21 48.95 0.964
18 22 27.173 0.804
18 23 22.306 0.852
18 24 13.722 0.819
18 25 23.783 0.807
18 26 49.212 0.733
18 27 33.629 0.759
18 28 64.69 0.662
18 29 40.369 0.781
18 30 39.114 0.034
18 31 90.179 0.042
18 32 35.794 0.831
18 33 3.652 0.846
18 34 25.102 0.762
18 35 52.267 0.038
18 36 1.179 0.483
18 37 45.72 0.596
18 38 68.798 0.697
18 39 43.403 0.035
18 40 76.539 0.04
18 41 44.847 0.58
18 42 44.696 0.633
18 43 34.052 0.541
18 44 0.0 0.835
18 45 27.214 0.767
18 46 46.422 0.873
18 47 23.917 0.669
18 48 41.006 0.641
18 49 29.363 0.666
19 20 35.961 0.059
19 21 42.59 0.771
19 22 23.653 0.783
19 23 23.535 0.675
19 24 6.388 0.875
19 25 42.283 0.934
19 26 46.143 0.656
19 27 60.424 0.842
19 28 74.233 0.82
19 29 38.693 0.06
19 30 55.12 0.831
19 31 39.354 0.659
19 32 34.068 0.679
19 33 7.513 0.645
19 34 37.685 0.657
19 35 29.335 0.796
19 36 36.276 0.553
19 37 25.827 0.76
19 38 74.22 0.564
19 39 37.649 0.866
19 40 57.336 0.679
19 41 54.967 0.803
19 42 34.903 0.772
19 43 30.067 0.581
19 44 43.502 0.64
19 45 34.009 0.741
19 46 51.385 0.691
19 47 56.545 0.764
19 48 48.093 0.643
19 49 57.288 0.601
20 21 28.683 0.745
20 22 50.141 0.594
20 23 30.611 0.561
20 24 18.635 0.668
20 25 46.36 0.624
20 26 41.298 0.705
20 27 22.128 0.809
20 28 66.897 0.556
20 29 87.742 0.051
20 30 42.429 0.837
20 31 32.759 0.788
20 32 43.507 0.781
20 33 80.237 0.558
20 34 23.617 0.793
20 35 22.529 0.814
20 36 59.716 0.821
20 37 59.72 0.839
20 38 71.776 0.877
20 39 24.83 0.58
20 40 66.679 0.781
20 41 68.463 0.658
20 42 60.407 0.874
20 43 42.56 0.505
20 44 36.182 0.655
20 45 41.715 0.782
20 46 48.204 0.724
20 47 52.099 0.723
20 48 43.849 0.729
20 49 53.009 0.8
21 22 53.198 0.963
21 23 22.817 0.701
21 24 37.709 0.756
21 25 48.21 0.718
21 26 51.353 0.525
21 27 39.313 0.793
21 28 54.52 0.718
21 29 83.411 0.71
21 30 31.753 0.846
21 31 25.403 0.722
21 32 31.269 0.729
21 33 41.441 0.734
21 34 71.626 0.561
21 35 77.038 0.806
21 36 39.554 0.783
21 37 28.405 0.81
21 38 27.234 0.752
21 39 43.133 0.559
21 40 72.087 0.836
21 41 49.316 0.661
21 42 59.951 0.85
21 43 33.404 0.816
21 44 18.73 0.547
21 45 31.07 0.697
21 46 27.557 0.771
21 47 59.764 0.157
21 48 45.656 0.758
21 49 25.798 0.203
22 23 36.41 0.573
22 24 37.789 0.883
22 25 17.206 0.786
22 26 37.519 0.092
22 27 35.779 0.741
22 28 55.939 0.566
22 29 41.692 0.725
22 30 43.04 0.538
22 31 38.023 0.922
22 32 29.466 0.762
22 33 37.426 0.809
22 34 61.677 0.094
22 35 26.526 0.53
22 36 37.932 0.812
22 37 38.45 0.495
22 38 55.652 0.61
22 39 52.652 0.872
22 40 39.511 0.843
22 41 21.986 0.821
22 42 16.24 0.427
22 43 41.227 0.552
22 44 48.859 0.74
22 45 55.633 0.783
22 46 35.968 0.584
22 47 23.969 0.814
22 48 48.971 0.725
22 49 44.471 0.655
23 24 45.199 0.756
23 25 24.856 0.735
23 26 17.024 0.631
23 27 58.751 0.716
23 28 65.143 0.719
23 29 61.43 0.756
23 30 33.266 0.772
23 31 29.507 0.648
23 32 34.44 0.74
23 33 44.221 0.688
23 34 25.069 0.746
23 35 40.396 0.496
23 36 28.702 0.598
23 37 57.436 0.651
23 38 60.429 0.601
23 39 39.743 0.698
23 40 26.922 0.6
23 41 56.289 0.708
23 42 33.165 0.779
23 43 28.014 0.788
23 44 55.363 0.722
23 45 58.323 0.773
23 46 42.305 0.706
23 47 49.342 0.666
23 48 54.016 0.63
23 49 36.835 0.497
24 25 24.675 0.539
24 26 22.425 0.843
24 27 48.192 0.567
24 28 22.339 0.904
24 29 34.896 0.654
24 30 30.379 0.798
24 31 26.858 0.567
24 32 54.271 0.546
24 33 66.114 0.093
24 34 33.941 0.673
24 35 50.061 0.773
24 36 43.936 0.647
24 37 21.86 0.788
24 38 75.31 0.671
24 39 27.99 0.731
24 40 47.6 0.695
24 41 49.462 0.482
24 42 44.512 0.59
24 43 52.699 0.61
24 44 44.858 0.655
24 45 67.033 0.683
24 46 35.461 0.698
24 47 33.552 0.694
24 48 63.55 0.504
24 49 52.271 0.676
25 26 44.644 0.745
25 27 54.933 0.582
25 28 50.786 0.803
25 29 61.104 0.641
25 30 58.836 0.484
25 31 49.117 0.79
25 32 24.535 0.76
25 33 57.381 0.864
25 34 57.443 0.555
25 35 71.361 0.716
25 36 54.428 0.538
25 37 43.371 0.723
25 38 43.335 0.863
25 39 45.21 0.753
25 40 58.403 0.69
25 41 58.241 0.688
25 42 33.206 0.618
25 43 38.202 0.546
25 44 29.698 0.671
25 45 61.35 0.906
25 46 38.411 0.534
25 47 53.769 0.746
25 48 29.943 0.716
25 49 42.987 0.738
26 27 55.092 0.764
26 28 41.089 0.728
26 29 18.197 0.789
26 30 35.137 0.602
26 31 38.331 0.902
26 32 54.679 0.751
26 33 6.52 0.845
26 34 40.667 0.09
26 35 57.38 0.673
26 36 48.025 0.871
26 37 53.234 0.589
26 38 34.252 0.649
26 39 34.942 0.801
26 40 43.762 0.66
26 41 48.931 0.725
26 42 20.963 0.577
26 43 26.802 0.771
26 44 27.263 0.822
26 45 63.034 0.643
26 46 22.693 0.62
26 47 45.535 0.69
26 48 29.605 0.653
26 49 26.833 0.82
27 28 28.02 0.683
27 29 0.0 0.661
27 30 54.407 0.835
27 31 44.151 0.688
27 32 53.796 0.956
27 33 15.142 0.783
27 34 49.612 0.836
27 35 43.42 0.632
27 36 48.458 0.879
27 37 36.245 0.856
27 38 79.749 0.045
27 39 31.223 0.543
27 40 68.207 0.757
27 41 31.51 0.049
27 42 26.277 0.787
27 43 30.897 0.606
27 44 41.072 0.789
27 45 29.853 0.667
27 46 42.05 0.057
27 47 54.905 0.641
27 48 61.788 0.593
27 49 42.141 1.02
28 29 58.796 0.846
28 30 32.166 0.626
28 31 33.347 0.614
28 32 25.891 0.703
28 33 31.454 0.554
28 34 8.192 0.55
28 35 32.61 0.652
28 36 27.041 0.621
28 37 53.133 0.641
28 38 40.986 0.617
28 39 44.395 0.745
28 40 47.123 0.704
28 41 8.458 0.841
28 42 49.358 0.71
28 43 49.245 0.83
28 44 0.0 0.752
28 45 38.827 0.851
28 46 28.743 0.577
28 47 47.542 0.805
28 48 47.121 0.777
28 49 39.103 0.727
29 30 46.57 0.804
29 31 45.01 0.663
29 32 22.333 0.784
29 33 11.432 0.617
29 34 6.709 0.578
29 35 22.705 0.598
29 36 67.628 0.886
29 37 45.409 0.592
29 38 40.566 0.711
29 39 36.516 0.711
29 40 48.147 0.674
29 41 32.192 0.499
29 42 14.368 0.595
29 43 57.931 0.917
29 44 45.047 0.753
29 45 45.912 0.603
29 46 15.091 0.73
29 47 34.473 0.692
29 48 50.611 0.733
29 49 23.979 0.77
30 31 55.859 0.036
30 32 48.116 0.695
30 33 63.5 0.794
30 34 53.227 0.648
30 35 71.843 0.035
30 36 44.491 0.672
30 37 26.821 0.551
30 38 32.627 0.62
30 39 86.348 0.03
30 40 36.623 0.023
30 41 35.426 0.792
30 42 51.597 0.847
30 43 18.649 0.703
30 44 42.897 0.796
30 45 48.806 0.854
30 46 56.803 0.736
30 47 40.397 0.446
30 48 56.585 0.646
30 49 30.987 0.415
31 32 64.761 0.516
31 33 59.782 0.372
31 34 31.003 0.639
31 35 74.231 0.039
31 36 46.073 0.853
31 37 73.697 0.472
31 38 42.584 0.717
31 39 74.521 0.041
31 40 72.605 0.036
31 41 25.727 0.641
31 42 40.789 0.694
31 43 57.138 0.865
31 44 41.478 0.537
31 45 48.726 0.848
31 46 55.853 0.801
31 47 41.191 0.718
31 48 35.646 0.706
31 49 32.123 0.94
32 33 37.733 0.815
32 34 32.595 0.73
32 35 46.284 0.649
32 36 47.317 0.698
32 37 35.273 0.4
32 38 56.894 0.581
32 39 44.488 0.59
32 40 58.962 0.772
32 41 30.702 0.739
32 42 31.369 0.719
32 43 49.948 0.755
32 44 21.729 0.832
32 45 20.313 0.681
32 46 37.317 0.728
32 47 33.693 0.757
32 48 8.972 0.642
32 49 44.776 0.84
33 34 37.861 0.713
33 35 33.289 0.762
33 36 32.463 0.771
33 37 54.041 0.777
33 38 61.632 0.786
33 39 42.518 0.805
33 40 21.023 0.442
33 41 50.564 0.65
33 42 42.522 0.63
33 43 47.658 0.637
33 44 43.234 0.648
33 45 53.097 0.701
33 46 36.249 0.712
33 47 57.95 0.875
33 48 55.653 0.866
33 49 23.259 0.813
34 35 54.801 0.669
34 36 60.128 0.662
34 37 25.097 0.7
34 38 48.816 0.611
34 39 48.367 0.613
34 40 41.255 0.769
34 41 20.316 0.704
34 42 13.114 0.566
34 43 45.758 0.58
34 44 54.339 0.667
34 45 66.752 0.725
34 46 36.502 0.91
34 47 31.102 0.939
34 48 43.578 0.62
34 49 51.15 0.634
35 36 35.713 0.534
35 37 72.797 0.844
35 38 62.859 0.618
35 39 44.782 0.046
35 40 84.197 0.028
35 41 53.886 0.767
35 42 45.817 0.633
35 43 40.89 0.653
35 44 42.101 0.572
35 45 33.199 0.926
35 46 54.792 0.679
35 47 44.501 0.598
35 48 19.772 0.87
35 49 2.241 0.739
36 37 56.096 0.76
36 38 25.515 0.711
36 39 32.24 0.573
36 40 27.238 0.677
36 41 58.788 0.649
36 42 29.88 0.746
36 43 41.036 0.518
36 44 52.456 0.642
36 45 46.071 0.788
36 46 24.552 0.779
36 47 64.277 0.822
36 48 21.005 0.435
36 49 59.907 0.764
37 38 43.263 0.677
37 39 64.7 0.65
37 40 50.924 0.889
37 41 53.727 0.77
37 42 42.259 0.742
37 43 63.264 0.712
37 44 57.067 0.902
37 45 40.075 0.688
37 46 50.966 0.598
37 47 53.788 0.538
37 48 32.965 0.644
37 49 37.351 0.733
38 39 40.128 0.583
38 40 51.467 0.733
38 41 61.72 0.05
38 42 7.313 0.654
38 43 51.608 0.807
38 44 34.431 0.815
38 45 24.419 0.648
38 46 86.858 0.065
38 47 46.802 0.822
38 48 29.21 0.759
38 49 63.643 0.534
39 40 71.167 0.035
39 41 24.866 0.681
39 42 35.923 0.674
39 43 33.74 0.816
39 44 32.846 0.585
39 45 76.486 0.82
39 46 33.051 0.819
39 47 31.311 0.911
39 48 27.992 0.756
39 49 47.571 0.577
40 41 40.118 0.612
40 42 52.635 0.738
40 43 28.622 0.649
40 44 25.446 0.809
40 45 52.674 0.713
40 46 65.525 0.717
40 47 28.602 0.766
40 48 41.498 0.686
40 49 51.386 0.401
41 42 62.117 0.643
41 43 35.302 0.76
41 44 28.809 0.633
41 45 34.493 0.729
41 46 56.055 0.059
41 47 35.946 0.709
41 48 31.694 0.721
41 49 59.601 0.75
42 43 98.139 0.083
42 44 46.779 0.537
42 45 37.379 0.731
42 46 32.782 0.697
42 47 32.907 0.712
42 48 29.151 0.559
42 49 9.887 0.781
43 44 36.832 0.667
43 45 32.345 0.893
43 46 29.823 0.771
43 47 42.209 0.724
43 48 54.428 0.61
43 49 63.041 0.604
44 45 59.109 0.752
44 46 39.627 0.916
44 47 18.805 0.727
44 48 56.841 0.634
44 49 54.499 0.815
45 46 33.402 0.525
45 47 35.406 0.673
45 48 62.117 0.851
45 49 41.819 0.546
46 47 77.176 0.968
46 48 15.121 0.757
46 49 61.97 0.712
47 48 46.522 0.607
47 49 53.638 0.178
48 49 42.077 0.798