50
88.406
0 1 61.734 87.13
0 2 94.367 40.493
1 2 33.263 65.017
0 3 76.14 58.342
1 3 22.514 47.535
2 3 85.507 27.983
0 4 6.186 93.191
1 4 39.447 11.265
2 4 46.845 41.848
3 4 30.155 47.196
0 5 82.679 1.97
1 5 16.945 18.724
2 5 59.829 33.455
3 5 65.547 11.985
4 5 19.96 8.448
0 6 31.625 12.381
1 6 56.733 2.028
2 6 22.035 62.867
3 6 28.649 65.347
4 6 4.697 83.694
5 6 83.436 66.703
0 7 68.727 7.171
1 7 3.049 46.828
2 7 38.348 12.017
3 7 33.085 36.365
4 7 61.009 74.163
5 7 64.35 21.497
6 7 62.397 91.715
0 8 97.212 54.174
1 8 12.024 55.956
2 8 22.461 94.512
3 8 21.955 4.132
4 8 15.422 80.189
5 8 6.274 90.746
6 8 54.633 15.463
7 8 34.76 4.397
0 9 20.326 88.697
1 9 71.349 65.266
2 9 65.472 50.855
3 9 73.125 84.003
4 9 37.345 0.79
5 9 78.859 39.534
6 9 92.715 94.816
7 9 27.723 46.182
8 9 62.57 39.616
0 10 47.149 90.233
1 10 65.936 27.012
2 10 17.317 23.372
3 10 9.85 46.298
4 10 77.16 39.473
5 10 64.454 79.775
6 10 16.465 61.652
7 10 18.214 54.436
8 10 73.822 10.604
9 10 64.754 96.524
0 11 80.223 58.581
1 11 36.363 51.054
2 11 97.41 73.197
3 11 78.039 72.008
4 11 2.319 85.006
5 11 31.546 52.229
6 11 12.672 84.311
7 11 29.799 67.316
8 11 63.526 31.695
9 11 43.308 2.096
10 11 54.295 2.516
0 12 49.196 96.804
1 12 81.48 3.951
2 12 60.386 70.104
3 12 74.807 50.186
4 12 76.226 67.942
5 12 88.452 13.868
6 12 57.308 16.213
7 12 70.404 50.466
8 12 17.415 61.527
9 12 69.584 96.027
10 12 28.022 72.75
11 12 28.432 7.111
0 13 70.93 58.596
1 13 63.982 50.506
2 13 2.274 43.811
3 13 5.08 98.523
4 13 0.921 32.463
5 13 2.942 90.924
6 13 66.32 49.954
7 13 72.64 43.192
8 13 16.244 49.155
9 13 49.247 20.776
10 13 60.447 4.367
11 13 48.983 6.576
12 13 95.298 38.157
0 14 45.031 10.291
1 14 30.064 81.609
2 14 15.01 93.355
3 14 62.129 94.252
4 14 72.532 2.365
5 14 5.336 31.165
6 14 61.688 12.791
7 14 97.196 42.818
8 14 17.772 74.092
9 14 53.808 66.185
10 14 13.807 69.888
11 14 65.408 79.083
12 14 8.842 32.43
13 14 87.216 74.423
0 15 33.877 52.082
1 15 7.643 92.054
2 15 28.515 1.123
3 15 73.102 64.64
4 15 99.445 13.366
5 15 81.355 85.704
6 15 45.356 93.295
7 15 86.615 41.657
8 15 48.226 56.134
9 15 33.78 38.184
10 15 8.529 2.574
11 15 67.565 84.072
12 15 65.705 51.893
13 15 96.436 93.919
14 15 49.171 1.593
0 16 39.373 26.421
1 16 63.719 38.064
2 16 58.994 6.449
3 16 30.921 15.158
4 16 57.248 13.78
5 16 94.255 3.961
6 16 45.545 94.604
7 16 91.227 76.378
8 16 8.214 86.164
9 16 18.104 83.784
10 16 52.305 3.997
11 16 69.637 21.82
12 16 57.4 9.663
13 16 35.363 69.066
14 16 28.898 94.854
15 16 94.6 35.038
0 17 78.172 68.226
1 17 2.9 89.526
2 17 31.723 1.309
3 17 12.35 20.442
4 17 86.933 54.805
5 17 46.578 80.321
6 17 73.174 15.352
7 17 53.637 34.648
8 17 87.304 26.21
9 17 12.954 45.581
10 17 98.304 62.258
11 17 79.531 98.612
12 17 40.454 71.704
13 17 33.529 3.243
14 17 60.452 50.678
15 17 18.972 65.485
16 17 52.364 50.206
0 18 96.067 90.101
1 18 0.98 83.283
2 18 70.427 67.91
3 18 8.858 91.749
4 18 34.721 2.57
5 18 14.627 24.184
6 18 6.966 92.599
7 18 83.956 57.485
8 18 91.176 48.607
9 18 51.13 24.873
10 18 72.946 43.422
11 18 40.984 9.22
12 18 81.359 67.279
13 18 99.732 41.298
14 18 53.423 72.343
15 18 93.46 48.79
16 18 49.889 78.435
17 18 51.772 4.922
0 19 69.007 52.986
1 19 7.506 74.635
2 19 93.201 23.259
3 19 4.088 72.262
4 19 1.666 15.367
5 19 96.083 98.449
6 19 16.858 2.967
7 19 31.223 48.405
8 19 37.841 55.483
9 19 28.988 24.023
10 19 59.617 8.301
11 19 14.602 86.356
12 19 33.116 50.648
13 19 71.902 71.436
14 19 70.228 74.874
15 19 43.76 80.478
16 19 15.719 73.215
17 19 69.284 58.255
18 19 87.474 16.644
0 20 25.646 70.436
1 20 73.491 65.563
2 20 79.108 35.903
3 20 61.698 17.686
4 20 16.817 30.047
5 20 89.103 30.595
6 20 48.593 82.192
7 20 7.601 45.412
8 20 50.709 41.294
9 20 36.323 38.359
10 20 52.967 26.445
11 20 98.368 32.331
12 20 92.511 8.794
13 20 40.971 22.726
14 20 17.675 60.984
15 20 37.415 51.821
16 20 67.849 60.099
17 20 0.023 5.03
18 20 43.934 0.527
19 20 75.886 6.363
0 21 11.232 49.254
1 21 38.45 20.859
2 21 31.423 80.722
3 21 99.073 47.271
4 21 86.465 89.817
5 21 3.688 0.469
6 21 49.997 63.604
7 21 56.866 22.767
8 21 92.827 63.216
9 21 98.403 86.557
10 21 25.467 43.512
11 21 81.203 99.359
12 21 41.257 8.162
13 21 91.349 48.088
14 21 97.461 20.101
15 21 4.841 62.885
16 21 54.555 26.851
17 21 79.637 39.486
18 21 78.286 63.474
19 21 94.611 12.836
20 21 1.515 67.717
0 22 54.646 1.05
1 22 45.982 67.28
2 22 4.593 7.621
3 22 14.941 69.641
4 22 26.983 18.542
5 22 30.831 79.88
6 22 93.389 78.416
7 22 26.661 34.37
8 22 35.026 14.347
9 22 5.114 65.963
10 22 87.335 62.86
11 22 1.172 37.004
12 22 90.475 62.789
13 22 30.548 90.414
14 22 95.341 44.669
15 22 5.648 10.222
16 22 85.874 80.714
17 22 26.444 53.649
18 22 59.699 86.297
19 22 71.768 34.829
20 22 13.849 86.772
21 22 17.091 69.103
0 23 45.155 84.782
1 23 71.916 70.86
2 23 63.605 45.775
3 23 69.923 58.289
4 23 47.764 58.667
5 23 39.146 17.338
6 23 1.675 23.34
7 23 41.105 66.763
8 23 47.19 27.761
9 23 87.965 97.82
10 23 86.797 54.481
11 23 47.389 30.409
12 23 79.522 41.464
13 23 46.741 29.203
14 23 5.651 42.372
15 23 63.502 81.047
16 23 25.484 23.582
17 23 87.391 72.118
18 23 96.074 87.777
19 23 29.927 44.335
20 23 36.556 18.689
21 23 71.66 6.631
22 23 22.04 20.651
0 24 68.162 24.777
1 24 49.376 82.492
2 24 47.452 67.61
3 24 51.463 12.868
4 24 19.176 98.393
5 24 92.091 44.223
6 24 9.699 48.07
7 24 69.634 21.633
8 24 34.329 84.214
9 24 98.019 94.134
10 24 25.696 50.133
11 24 2.925 32.791
12 24 73.196 34.093
13 24 58.787 13.111
14 24 2.638 99.102
15 24 42.332 59.859
16 24 46.871 59.562
17 24 41.014 11.35
18 24 57.629 9.106
19 24 67.159 98.423
20 24 43.737 65.407
21 24 71.111 27.831
22 24 82.273 98.271
23 24 6.595 50.932
0 25 6.284 63.043
1 25 6.752 94.1
2 25 53.682 32.614
3 25 63.21 82.266
4 25 70.696 81.093
5 25 58.177 53.546
6 25 39.38 9.165
7 25 61.705 68.547
8 25 93.074 62.941
9 25 10.303 30.441
10 25 1.486 12.073
11 25 73.319 8.147
12 25 5.422 36.926
13 25 62.96 19.322
14 25 3.662 53.418
15 25 6.987 83.562
16 25 80.161 57.436
17 25 88.717 41.489
18 25 90.814 45.291
19 25 12.306 62.986
20 25 29.984 32.814
21 25 97.961 85.318
22 25 53.298 72.183
23 25 20.925 40.555
24 25 76.91 21.924
0 26 72.737 14.623
1 26 53.855 44.21
2 26 16.521 43.35
3 26 27.881 48.104
4 26 86.691 59.23
5 26 74.034 29.866
6 26 8.674 51.832
7 26 20.937 19.568
8 26 4.24 76.154
9 26 64.877 12.783
10 26 33.206 62.505
11 26 8.665 92.158
12 26 58.599 29.533
13 26 52.052 92.548
14 26 32.875 14.875
15 26 28.703 48.696
16 26 55.332 59.139
17 26 11.423 34.913
18 26 12.181 50.743
19 26 91.926 2.381
20 26 41.367 19.979
21 26 64.693 49.365
22 26 57.762 20.305
23 26 45.243 26.197
24 26 79.023 24.91
25 26 24.806 35.954
0 27 89.401 63.477
1 27 18.558 96.152
2 27 57.651 15.16
3 27 37.657 95.56
4 27 0.328 32.297
5 27 41.149 14.616
6 27 89.666 92.128
7 27 74.103 37.245
8 27 42.617 98.876
9 27 83.993 34.551
10 27 82.562 60.962
11 27 62.965 91.441
12 27 20.464 22.297
13 27 20.137 57.103
14 27 36.784 27.51
15 27 46.325 56.848
16 27 73.838 80.524
17 27 4.514 68.861
18 27 72.035 21.067
19 27 54.825 65.68
20 27 66.031 84.949
21 27 8.806 1.334
22 27 66.41 26.948
23 27 20.075 6.22
24 27 59.428 9.676
25 27 83.068 83.449
26 27 66.857 90.088
0 28 85.198 70.352
1 28 46.757 93.259
2 28 90.91 98.593
3 28 88.801 21.916
4 28 41.666 74.413
5 28 41.457 38.199
6 28 59.321 31.694
7 28 58.397 86.614
8 28 35.943 45.026
9 28 53.653 59.336
10 28 17.144 24.34
11 28 44.752 44.276
12 28 3.876 38.786
13 28 24.212 90.733
14 28 90.872 74.417
15 28 83.299 14.498
16 28 75.013 59.856
17 28 98.481 29.73
18 28 53.206 64.681
19 28 95.735 51.345
20 28 36.096 25.73
21 28 66.938 51.099
22 28 65.066 48.17
23 28 17.488 27.946
24 28 89.652 98.568
25 28 28.652 67.333
26 28 12.911 14.58
27 28 13.978 44.474
0 29 96.069 2.858
1 29 88.149 41.31
2 29 50.824 5.082
3 29 26.98 45.983
4 29 3.493 58.309
5 29 82.386 93.514
6 29 7.413 87.387
7 29 81.681 99.787
8 29 4.202 64.336
9 29 40.87 36.129
10 29 51.046 69.282
11 29 36.645 41.491
12 29 61.695 52.558
13 29 13.807 12.801
14 29 34.268 39.89
15 29 61.474 57.558
16 29 22.661 85.946
17 29 78.139 67.213
18 29 4.956 9.506
19 29 12.353 53.096
20 29 68.793 41.72
21 29 54.343 27.891
22 29 66.153 87.409
23 29 51.391 40.037
24 29 9.443 54.699
25 29 99.402 32.213
26 29 37.795 49.355
27 29 58.246 40.548
28 29 22.736 21.702
0 30 39.906 66.134
1 30 21.037 63.962
2 30 56.028 13.527
3 30 64.293 20.074
4 30 99.456 64.551
5 30 45.216 16.918
6 30 83.785 73.001
7 30 24.483 40.405
8 30 48.241 2.492
9 30 34.697 18.939
10 30 11.262 49.331
11 30 90.204 59.648
12 30 24.343 7.639
13 30 65.415 70.409
14 30 69.233 35.074
15 30 7.175 15.949
16 30 11.301 2.767
17 30 28.385 89.393
18 30 47.75 38.066
19 30 74.834 52.391
20 30 40.431 36.705
21 30 49.48 83.803
22 30 81.965 18.505
23 30 74.726 61.241
24 30 9.869 27.291
25 30 93.297 96.511
26 30 75.812 96.589
27 30 37.184 84.785
28 30 62.496 51.229
29 30 88.829 24.402
0 31 50.676 1.141
1 31 47.922 98.487
2 31 44.148 55.45
3 31 92.418 20.371
4 31 19.822 83.008
5 31 47.823 5.116
6 31 87.237 5.485
7 31 37.263 81.348
8 31 50.167 55.042
9 31 73.788 79.601
10 31 6.817 69.361
11 31 24.554 4.608
12 31 80.999 88.355
13 31 73.665 86.528
14 31 35.61 88.987
15 31 90.795 7.289
16 31 9.831 72.095
17 31 45.824 8.466
18 31 56.444 97.945
19 31 82.982 47.154
20 31 69.675 70.447
21 31 63.247 62.338
22 31 50.015 60.166
23 31 45.234 91.414
24 31 69.086 47.638
25 31 25.197 38.111
26 31 19.206 82.553
27 31 59.973 57.949
28 31 47.139 96.764
29 31 12.793 53.217
30 31 21.048 55.72
0 32 47.545 26.423
1 32 0.553 0.354
2 32 96.31 2.17
3 32 89.665 43.4
4 32 55.4 10.347
5 32 47.904 23.881
6 32 19.235 68.014
7 32 21.106 90.771
8 32 79.146 31.47
9 32 16.337 97.39
10 32 60.219 39.861
11 32 34.58 28.55
12 32 94.389 10.057
13 32 82.955 14.541
14 32 87.506 27.547
15 32 68.629 42.088
16 32 99.376 32.526
17 32 16.166 61.708
18 32 16.84 68.391
19 32 77.24 27.153
20 32 63.77 31.082
21 32 38.594 71.58
22 32 79.409 94.096
23 32 12.237 7.241
24 32 11.969 76.041
25 32 32.862 78.962
26 32 41.455 38.51
27 32 10.276 31.649
28 32 99.166 65.453
29 32 33.153 22.004
30 32 38.134 62.99
31 32 11.328 88.34
0 33 0.969 13.122
1 33 41.411 53.066
2 33 78.264 9.028
3 33 27.061 74.519
4 33 17.294 43.207
5 33 50.536 61.591
6 33 1.896 94.507
7 33 89.541 72.276
8 33 27.177 41.034
9 33 45.935 43.72
10 33 73.87 20.68
11 33 30.54 86.375
12 33 27.358 68.501
13 33 86.905 45.672
14 33 95.593 12.668
15 33 28.877 39.964
16 33 84.405 84.325
17 33 39.412 1.982
18 33 14.575 89.451
19 33 5.89 85.206
20 33 62.301 41.495
21 33 94.16 63.378
22 33 67.993 31.759
23 33 37.103 82.55
24 33 41.284 97.437
25 33 94.758 80.569
26 33 94.801 99.126
27 33 74.652 1.046
28 33 69.682 48.646
29 33 30.649 75.238
30 33 99.67 57.612
31 33 65.562 46.851
32 33 91.245 37.515
0 34 14.835 15.148
1 34 43.581 28.51
2 34 44.231 79.741
3 34 62.796 78.81
4 34 5.085 16.555
5 34 9.095 70.656
6 34 88.309 66.247
7 34 37.452 85.214
8 34 99.17 50.835
9 34 89.579 92.014
10 34 78.5 29.578
11 34 0.613 43.439
12 34 96.232 41.132
13 34 69.666 81.988
14 34 39.624 23.211
15 34 89.861 44.898
16 34 73.316 68.037
17 34 88.659 63.175
18 34 18.201 47.664
19 34 43.504 34.602
20 34 82.894 36.561
21 34 66.17 45.553
22 34 97.734 23.667
23 34 62.857 15.418
24 34 94.758 52.795
25 34 85.344 2.775
26 34 98.15 22.473
27 34 51.538 88.774
28 34 93.603 14.892
29 34 51.838 38.441
30 34 71.268 11.586
31 34 1.65 32.526
32 34 9.9 50.661
33 34 34.052 54.298
0 35 40.878 77.974
1 35 20.691 3.743
2 35 31.036 29.689
3 35 39.45 23.356
4 35 73.301 2.52
5 35 3.322 73.096
6 35 40.388 2.652
7 35 68.6 38.411
8 35 80.649 61.917
9 35 11.438 61.498
10 35 76.84 85.451
11 35 63.285 15.502
12 35 16.978 96.093
13 35 99.83 62.218
14 35 63.223 81.21
15 35 75.039 81.485
16 35 85.392 70.796
17 35 98.512 64.995
18 35 43.356 43.593
19 35 98.403 46.026
20 35 13.477 76.335
21 35 59.909 91.153
22 35 32.613 12.929
23 35 86.877 34.124
24 35 92.912 78.365
25 35 79.789 14.362
26 35 22.152 80.594
27 35 54.697 84.793
28 35 19.98 91.9
29 35 37.156 16.376
30 35 1.502 99.076
31 35 22.8 15.373
32 35 33.085 4.548
33 35 85.512 99.502
34 35 89.325 50.736
0 36 10.705 53.666
1 36 91.563 0.45
2 36 8.239 66.956
3 36 13.573 14.243
4 36 28.353 20.612
5 36 1.636 43.722
6 36 59.486 15.868
7 36 75.057 15.124
8 36 23.186 56.307
9 36 46.281 83.65
10 36 36.855 42.209
11 36 21.267 89.621
12 36 69.897 44.549
13 36 51.598 2.999
14 36 99.823 86.64
15 36 17.229 33.429
16 36 97.959 49.368
17 36 89.694 90.497
18 36 23.309 68.79
19 36 52.781 92.532
20 36 43.458 47.269
21 36 15.398 23.583
22 36 5.459 9.102
23 36 98.523 10.47
24 36 93.712 10.977
25 36 76.283 62.974
26 36 64.701 58.471
27 36 55.025 38.007
28 36 41.68 62.114
29 36 19.282 4.707
30 36 41.415 67.043
31 36 47.869 35.116
32 36 56.334 51.57
33 36 80.479 24.856
34 36 57.936 98.172
35 36 57.827 51.195
0 37 98.148 88.945
1 37 94.183 25.228
2 37 62.917 38.266
3 37 86.386 93.842
4 37 31.059 61.884
5 37 49.89 22.342
6 37 97.943 72.576
7 37 91.841 51.148
8 37 30.29 84.756
9 37 28.061 40.95
10 37 35.548 43.302
11 37 62.792 5.853
12 37 0.696 66.078
13 37 77.309 98.102
14 37 38.29 4.21
15 37 29.141 77.354
16 37 76.683 97.056
17 37 65.639 4.258
18 37 43.251 11.372
19 37 19.764 8.169
20 37 87.763 51.346
21 37 53.717 45.532
22 37 17.803 99.167
23 37 63.197 16.007
24 37 20.892 15.582
25 37 87.88 27.851
26 37 44.048 57.735
27 37 68.84 82.897
28 37 15.449 59.577
29 37 35.521 99.533
30 37 34.355 44.875
31 37 99.564 61.391
32 37 47.373 24.97
33 37 8.058 82.058
34 37 56.258 58.542
35 37 65.779 20.553
36 37 65.834 2.607
0 38 16.173 58.3
1 38 25.431 6.459
2 38 20.315 85.38
3 38 95.26 70.021
4 38 65.784 35.459
5 38 97.681 25.545
6 38 39.042 18.185
7 38 27.122 67.093
8 38 52.702 29.136
9 38 75.492 41.263
10 38 35.953 71.869
11 38 97.709 16.347
12 38 88.201 64.608
13 38 44.663 12.916
14 38 54.984 90.793
15 38 57.486 91.016
16 38 37.683 66.895
17 38 3.29 78.753
18 38 29.474 31.985
19 38 77.136 97.406
20 38 84.094 23.107
21 38 10.163 83.978
22 38 56.687 30.334
23 38 63.181 95.227
24 38 97.768 58.37
25 38 12.89 63.283
26 38 40.156 97.72
27 38 28.658 73.112
28 38 88.934 83.477
29 38 93.951 66.914
30 38 62.092 73.781
31 38 39.01 9.402
32 38 32.179 33.847
33 38 75.726 85.112
34 38 68.807 77.78
35 38 33.911 35.901
36 38 71.947 60.101
37 38 64.511 11.738
0 39 78.662 31.923
1 39 77.932 27.38
2 39 49.678 6.544
3 39 2.082 6.194
4 39 30.838 77.764
5 39 9.707 9.17
6 39 96.103 12.371
7 39 99.781 37.788
8 39 43.986 25.396
9 39 16.801 27.119
10 39 77.68 66.897
11 39 27.774 69.884
12 39 0.827 52.874
13 39 42.595 89.155
14 39 92.457 51.886
15 39 88.836 95.841
16 39 44.467 84.344
17 39 48.214 22.751
18 39 51.247 18.317
19 39 28.262 66.841
20 39 57.026 46.255
21 39 12.589 29.359
22 39 79.652 10.854
23 39 79.288 20.463
24 39 63.06 0.331
25 39 60.577 65.637
26 39 55.538 40.603
27 39 99.805 50.511
28 39 56.738 66.512
29 39 38.627 19.51
30 39 29.58 96.423
31 39 21.497 58.193
32 39 94.114 66.735
33 39 32.88 25.684
34 39 29.361 91.849
35 39 27.819 4.705
36 39 72.925 3.026
37 39 52.319 34.509
38 39 50.557 89.19
0 40 31.696 51.284
1 40 64.09 64.569
2 40 64.266 57.339
3 40 89.282 14.667
4 40 62.854 84.342
5 40 21.294 45.377
6 40 66.734 70.771
7 40 5.74 22.217
8 40 51.662 77.708
9 40 46.531 66.771
10 40 89.506 74.299
11 40 59.999 27.512
12 40 23.343 88.246
13 40 38.694 12.323
14 40 36.768 92.238
15 40 1.62 28.124
16 40 80.706 98.69
17 40 85.835 4.923
18 40 70.838 91.804
19 40 83.976 7.56
20 40 18.749 0.186
21 40 92.355 6.864
22 40 92.606 86.959
23 40 48.826 37.341
24 40 59.736 90.595
25 40 92.061 77.58
26 40 99.703 88.668
27 40 10.079 43.698
28 40 75.023 19.112
29 40 83.938 69.908
30 40 73.817 15.825
31 40 67.038 3.181
32 40 44.997 83.831
33 40 80.979 27.126
34 40 8.086 12.225
35 40 48.334 59.323
36 40 33.906 63.289
37 40 75.77 86.826
38 40 20.62 38.328
39 40 86.296 31.631
0 41 7.503 7.622
1 41 85.691 15.708
2 41 2.701 70.583
3 41 69.027 17.605
4 41 76.712 49.359
5 41 84.383 21.855
6 41 77.609 7.522
7 41 61.87 98.298
8 41 1.219 24.453
9 41 18.396 19.397
10 41 90.787 56.88
11 41 27.848 39.744
12 41 78.777 18.966
13 41 69.609 75.098
14 41 33.463 89.664
15 41 47.515 37.026
16 41 99.585 77.362
17 41 60.173 70.261
18 41 95.426 30.822
19 41 51.527 52.48
20 41 25.324 42.901
21 41 78.012 32.243
22 41 94.657 72.166
23 41 53.022 64.933
24 41 19.124 45.097
25 41 68.652 64.317
26 41 75.668 3.486
27 41 49.395 73.868
28 41 98.199 13.785
29 41 33.231 40.435
30 41 41.209 47.221
31 41 75.57 1.724
32 41 44.163 29.444
33 41 85.73 48.131
34 41 36.617 16.419
35 41 97.056 52.983
36 41 16.98 6.966
37 41 41.875 1.578
38 41 36.66 52.973
39 41 24.58 61.099
40 41 84.936 13.651
0 42 9.943 59.347
1 42 47.74 58.417
2 42 47.484 23.08
3 42 91.433 23.529
4 42 63.303 70.02
5 42 26.798 3.896
6 42 28.706 72.848
7 42 34.518 14.102
8 42 50.68 79.513
9 42 7.815 81.256
10 42 44.142 53.002
11 42 23.741 4.654
12 42 4.163 83.249
13 42 10.738 4.866
14 42 23.125 38.941
15 42 61.149 34.794
16 42 97.584 29.074
17 42 52.315 26.447
18 42 34.234 72.926
19 42 21.117 6.67
20 42 48.433 55.017
21 42 30.416 94.419
22 42 3.712 77.886
23 42 22.322 94.521
24 42 26.473 44.955
25 42 33.07 80.108
26 42 57.807 98.861
27 42 20.28 41.385
28 42 40.32 28.151
29 42 99.983 54.344
30 42 44.474 2.162
31 42 58.565 31.245
32 42 43.131 49.726
33 42 91.606 30.068
34 42 16.937 16.672
35 42 35.547 43.279
36 42 54.394 3.553
37 42 38.742 9.106
38 42 43.233 29.253
39 42 48.154 42.614
40 42 52.712 5.211
41 42 12.853 12.976
0 43 11.059 24.361
1 43 89.132 56.186
2 43 80.814 8.257
3 43 5.677 61.134
4 43 75.368 73.589
5 43 12.091 0.941
6 43 2.097 76.016
7 43 34.222 14.025
8 43 4.955 77.112
9 43 17.794 42.942
10 43 70.164 44.876
11 43 89.207 19.302
12 43 95.394 52.001
13 43 52.49 35.929
14 43 60.132 95.123
15 43 98.125 1.392
16 43 34.143 64.55
17 43 99.578 15.169
18 43 55.477 14.041
19 43 68.211 16.04
20 43 32.501 10.704
21 43 49.264 72.591
22 43 42.332 6.791
23 43 94.806 52.829
24 43 12.58 66.926
25 43 12.165 11.131
26 43 94.021 59.937
27 43 96.232 59.829
28 43 12.49 29.567
29 43 4.689 67.274
30 43 7.982 26.495
31 43 48.741 19.218
32 43 15.797 54.993
33 43 92.629 11.485
34 43 17.281 82.442
35 43 57.977 10.726
36 43 55.348 57.793
37 43 91.982 51.751
38 43 9.008 45.067
39 43 14.521 65.227
40 43 84.179 44.067
41 43 26.475 72.621
42 43 82.369 47.063
0 44 88.581 23.279
1 44 16.344 51.006
2 44 14.837 49.367
3 44 72.443 72.416
4 44 62.753 37.395
5 44 87.548 33.344
6 44 84.057 89.867
7 44 97.63 28.983
8 44 6.366 90.455
9 44 94.826 17.51
10 44 44.608 98.761
11 44 93.63 42.39
12 44 65.846 39.847
13 44 30.804 68.851
14 44 96.053 87.346
15 44 41.531 13.616
16 44 23.846 71.269
17 44 73.295 79.23
18 44 62.333 62.813
19 44 71.77 97.993
20 44 16.943 15.656
21 44 89.794 26.902
22 44 77.827 5.576
23 44 47.076 1.796
24 44 68.75 87.229
25 44 78.398 38.829
26 44 38.629 97.865
27 44 23.665 17.595
28 44 84.785 49.45
29 44 81.645 53.108
30 44 77.814 40.672
31 44 19.288 87.812
32 44 90.606 80.0
33 44 85.863 81.688
34 44 52.522 19.238
35 44 23.634 46.156
36 44 23.379 1.35
37 44 0.955 43.455
38 44 14.228 78.864
39 44 59.216 24.447
40 44 16.367 88.53
41 44 48.571 16.962
42 44 67.035 80.748
43 44 6.184 38.82
0 45 98.576 34.342
1 45 20.47 28.197
2 45 50.039 63.369
3 45 51.176 93.967
4 45 68.862 11.534
5 45 4.74 47.848
6 45 33.599 22.031
7 45 36.988 31.584
8 45 14.89 38.033
9 45 3.468 56.404
10 45 97.249 10.169
11 45 26.355 81.882
12 45 42.371 70.079
13 45 18.9 27.96
14 45 7.533 7.593
15 45 81.452 61.746
16 45 35.86 32.732
17 45 35.931 96.902
18 45 70.14 96.515
19 45 55.047 15.025
20 45 39.092 75.031
21 45 63.588 26.476
22 45 23.195 82.271
23 45 75.841 39.716
24 45 76.48 70.522
25 45 46.452 97.543
26 45 7.282 80.434
27 45 0.129 6.174
28 45 89.941 37.276
29 45 84.949 25.524
30 45 58.249 24.745
31 45 43.663 43.426
32 45 5.501 13.456
33 45 70.531 57.598
34 45 70.89 69.633
35 45 94.824 48.348
36 45 16.46 71.931
37 45 78.112 39.614
38 45 54.344 98.317
39 45 67.251 17.235
40 45 2.678 30.622
41 45 53.259 83.767
42 45 51.617 97.255
43 45 70.034 89.97
44 45 64.184 49.269
0 46 76.611 18.995
1 46 88.456 29.371
2 46 96.654 38.062
3 46 6.632 6.084
4 46 82.658 69.904
5 46 53.512 36.043
6 46 8.84 60.91
7 46 8.743 22.19
8 46 1.901 15.062
9 46 53.85 25.102
10 46 40.167 34.351
11 46 41.594 69.181
12 46 63.927 11.304
13 46 89.029 96.983
14 46 28.053 63.507
15 46 2.698 38.196
16 46 14.639 20.41
17 46 17.12 1.319
18 46 58.037 67.201
19 46 82.53 64.795
20 46 67.889 99.653
21 46 78.71 31.948
22 46 86.578 62.571
23 46 43.783 74.933
24 46 75.676 1.566
25 46 41.485 27.083
26 46 80.523 56.754
27 46 57.966 21.12
28 46 77.821 16.333
29 46 41.366 65.271
30 46 37.322 12.933
31 46 80.225 41.578
32 46 97.225 56.239
33 46 12.665 81.559
34 46 61.613 17.602
35 46 98.084 60.935
36 46 39.363 76.613
37 46 28.926 9.703
38 46 32.677 80.809
39 46 49.098 89.063
40 46 57.327 62.498
41 46 67.997 27.198
42 46 41.961 4.374
43 46 58.603 0.095
44 46 78.593 50.863
45 46 14.472 99.965
0 47 7.841 32.256
1 47 28.728 26.058
2 47 18.657 52.896
3 47 7.542 16.795
4 47 20.167 35.514
5 47 48.678 21.322
6 47 32.818 61.081
7 47 55.217 18.262
8 47 10.495 96.814
9 47 68.699 28.042
10 47 79.156 74.765
11 47 85.626 58.651
12 47 21.799 20.43
13 47 89.379 40.225
14 47 52.318 94.333
15 47 13.953 18.532
16 47 4.617 83.313
17 47 47.03 10.408
18 47 47.446 29.16
19 47 69.509 94.625
20 47 16.83 39.563
21 47 64.168 64.712
22 47 27.715 97.822
23 47 57.854 73.331
24 47 93.547 53.224
25 47 17.312 17.091
26 47 44.233 49.408
27 47 77.83 18.579
28 47 26.378 27.823
29 47 98.999 11.099
30 47 33.366 51.126
31 47 6.274 70.428
32 47 22.712 66.667
33 47 29.725 79.65
34 47 48.512 26.13
35 47 73.099 38.449
36 47 23.946 9.957
37 47 64.96 27.911
38 47 68.32 73.815
39 47 65.517 83.975
40 47 83.728 23.097
41 47 71.001 88.223
42 47 95.905 6.403
43 47 52.845 69.998
44 47 35.433 82.469
45 47 66.834 33.937
46 47 22.941 17.638
0 48 72.564 37.048
1 48 79.946 79.349
2 48 77.821 16.821
3 48 1.277 85.18
4 48 16.604 27.267
5 48 34.998 65.168
6 48 18.46 1.464
7 48 74.16 74.225
8 48 77.593 68.223
9 48 23.415 45.896
10 48 12.047 5.205
11 48 80.226 80.297
12 48 85.897 43.871
13 48 31.387 17.815
14 48 24.574 55.069
15 48 9.089 65.107
16 48 44.953 42.876
17 48 45.622 29.5
18 48 29.055 51.162
19 48 20.095 1.315
20 48 14.257 24.699
21 48 41.9 92.111
22 48 80.533 2.278
23 48 74.179 50.96
24 48 63.651 97.268
25 48 27.913 73.474
26 48 47.343 18.322
27 48 11.407 72.662
28 48 52.924 39.492
29 48 35.785 8.525
30 48 78.214 45.523
31 48 79.807 87.932
32 48 24.013 87.821
33 48 71.527 66.738
34 48 53.99 30.118
35 48 77.149 3.206
36 48 61.747 25.882
37 48 87.128 62.146
38 48 33.511 70.944
39 48 18.923 9.176
40 48 74.785 89.508
41 48 97.275 42.463
42 48 79.212 69.601
43 48 16.643 9.673
44 48 64.24 2.789
45 48 98.791 8.275
46 48 79.365 8.584
47 48 92.257 3.746
0 49 25.64 90.32
1 49 34.442 3.942
2 49 63.156 99.433
3 49 53.755 54.294
4 49 33.158 40.502
5 49 66.03 57.589
6 49 1.527 25.371
7 49 19.922 26.265
8 49 17.152 78.102
9 49 6.152 29.739
10 49 83.073 50.968
11 49 64.243 36.957
12 49 11.151 87.291
13 49 7.362 48.448
14 49 18.483 45.398
15 49 36.612 83.908
16 49 8.16 65.014
17 49 68.435 65.027
18 49 86.821 49.813
19 49 77.666 81.427
20 49 52.911 26.707
21 49 58.8 91.904
22 49 82.462 26.885
23 49 58.625 29.409
24 49 68.514 99.413
25 49 60.891 7.525
26 49 32.358 81.415
27 49 47.723 79.927
28 49 48.954 50.822
29 49 47.184 73.406
30 49 39.829 33.339
31 49 55.553 8.557
32 49 21.653 25.119
33 49 28.668 43.55
34 49 48.6 29.286
35 49 76.371 88.914
36 49 45.668 41.866
37 49 42.0 89.231
38 49 56.846 89.221
39 49 56.364 63.191
40 49 25.373 28.074
41 49 63.3 66.516
42 49 10.417 93.737
43 49 95.663 54.416
44 49 46.815 93.266
45 49 43.459 17.313
46 49 90.067 12.142
47 49 9.495 13.299
48 49 61.135 36.392