50
90
0 1 28.13 5
0 2 72.03 3
0 3 89.27 4
0 4 93.79 4
0 5 0.233 29.89
0 6 0.606 77.49
0 7 0.549 85.1
0 8 0.712 51.03
0 9 0.991 53.7
0 10 0.098 37.99
0 11 0.635 60.18
0 12 0.208 74.44
0 13 0.579 45.94
0 14 0.919 60.97
0 15 0.887 88.88
0 16 0.37 79.49
0 17 0.747 83.38
0 18 0.284 41.2
0 19 0.216 89.62
0 20 0.234 98.3
0 21 0.811 62.17
0 22 0.736 98.45
0 23 0.005 91.48
0 24 0.166 49.49
0 25 0.196 98.54
0 26 0.586 82.74
0 27 0.703 71.9
0 28 0.261 81.79
0 29 0.691 98.41
0 30 0.878 84.12
0 31 0.796 85.01
0 32 0.212 99.93
0 33 0.773 65.95
0 34 0.585 99.52
0 35 0.971 78.62
0 36 0.693 96.65
0 37 0.479 74.86
0 38 0.646 95.35
0 39 0.118 93.32
0 40 0.479 82.62
0 41 0.875 90.99
0 42 0.534 92.71
0 43 0.423 94.56
0 44 0.6 99.81
0 45 0.495 93.57
0 46 0.015 96.69
0 47 1.0 99.18
0 48 0.316 92.96
0 49 0.938 90.83
1 2 36.47 4
1 3 13.25 2
1 4 74.37 4
1 5 0.709 34.03
1 6 0.029 78.99
1 7 0.845 64.89
1 8 0.252 33.2
1 9 0.516 31.77
1 10 0.732 44.31
1 11 0.333 42.98
1 12 0.392 91.46
1 13 0.414 50.07
1 14 0.725 41.05
1 15 0.804 55.89
1 16 0.992 99.32
1 17 0.045 85.79
1 18 0.348 75.39
1 19 0.125 85.46
1 20 0.723 58.06
1 21 0.191 96.1
1 22 0.557 78.28
1 23 0.369 57.6
1 24 0.551 60.65
1 25 0.272 75.08
1 26 0.363 95.13
1 27 0.934 64.29
1 28 0.567 89.08
1 29 0.988 93.18
1 30 0.416 88.49
1 31 0.342 90.68
1 32 0.259 97.49
1 33 0.621 68.88
1 34 0.292 68.05
1 35 0.779 88.05
1 36 0.598 95.18
1 37 0.154 95.21
1 38 0.716 79.75
1 39 0.513 95.45
1 40 0.385 83.0
1 41 0.338 99.53
1 42 0.216 98.16
1 43 0.675 85.81
1 44 0.933 99.64
1 45 0.19 96.53
1 46 0.804 96.81
1 47 0.682 95.99
1 48 0.998 99.29
1 49 0.633 90.63
2 3 20.6 5
2 4 71.12 4
2 5 0.052 78.37
2 6 0.299 27.13
2 7 0.308 92.05
2 8 0.817 86.4
2 9 0.982 67.69
2 10 0.196 31.22
2 11 0.392 50.65
2 12 0.336 42.33
2 13 0.837 63.38
2 14 0.309 38.46
2 15 0.252 64.19
2 16 0.656 40.45
2 17 0.651 93.52
2 18 0.002 66.06
2 19 0.727 50.77
2 20 0.41 91.27
2 21 0.264 53.11
2 22 0.623 77.06
2 23 0.588 69.93
2 24 0.865 50.82
2 25 0.809 73.9
2 26 0.541 82.59
2 27 0.011 97.31
2 28 0.875 58.87
2 29 0.807 95.76
2 30 0.943 94.61
2 31 0.229 71.5
2 32 0.398 68.11
2 33 0.89 87.09
2 34 0.505 76.55
2 35 0.341 93.84
2 36 0.801 97.79
2 37 0.083 95.59
2 38 0.724 82.94
2 39 0.586 85.03
2 40 0.098 99.37
2 41 0.895 87.78
2 42 0.825 84.98
2 43 0.48 97.36
2 44 0.129 98.66
2 45 0.379 94.24
2 46 0.182 94.38
2 47 0.122 91.77
2 48 0.068 93.51
2 49 0.741 92.42
3 4 10.49 4
3 5 0.974 28.07
3 6 0.055 65.52
3 7 0.454 45.04
3 8 0.796 64.4
3 9 0.104 48.72
3 10 0.885 41.9
3 11 0.77 78.67
3 12 0.747 32.73
3 13 0.833 94.53
3 14 0.786 55.72
3 15 0.741 37.84
3 16 0.674 67.24
3 17 0.071 78.45
3 18 0.404 92.59
3 19 0.657 90.82
3 20 0.064 72.32
3 21 0.835 77.05
3 22 0.933 58.96
3 23 0.324 88.42
3 24 0.59 46.0
3 25 0.231 70.95
3 26 0.732 58.53
3 27 0.346 86.19
3 28 0.314 71.67
3 29 0.242 74.71
3 30 0.218 95.52
3 31 0.34 78.84
3 32 0.189 98.99
3 33 0.458 90.23
3 34 0.269 78.39
3 35 0.371 77.16
3 36 0.38 85.83
3 37 0.909 97.32
3 38 0.714 82.28
3 39 0.317 99.09
3 40 0.289 98.65
3 41 0.016 93.97
3 42 0.336 93.0
3 43 0.983 94.15
3 44 0.851 96.6
3 45 0.603 97.23
3 46 0.298 99.91
3 47 0.066 98.36
3 48 0.921 92.3
3 49 0.688 90.29
4 5 0.566 70.15
4 6 0.839 61.45
4 7 0.534 73.03
4 8 0.065 95.05
4 9 0.275 84.39
4 10 0.256 32.01
4 11 0.973 73.03
4 12 0.988 53.67
4 13 0.502 49.22
4 14 0.884 51.69
4 15 0.526 91.2
4 16 0.5 39.1
4 17 0.931 47.1
4 18 0.041 90.84
4 19 0.342 98.63
4 20 0.727 62.24
4 21 0.691 45.6
4 22 0.665 77.43
4 23 0.325 99.01
4 24 0.57 50.07
4 25 0.509 58.19
4 26 0.921 86.85
4 27 0.915 73.79
4 28 0.506 82.59
4 29 0.494 71.27
4 30 0.211 83.77
4 31 0.798 87.18
4 32 0.135 97.92
4 33 0.469 72.42
4 34 0.506 67.18
4 35 0.738 88.21
4 36 0.032 82.4
4 37 0.204 83.25
4 38 0.695 85.56
4 39 0.462 84.87
4 40 0.505 90.38
4 41 0.077 91.16
4 42 0.375 82.65
4 43 0.879 95.93
4 44 0.587 95.22
4 45 0.543 94.52
4 46 0.689 95.9
4 47 0.214 91.66
4 48 0.481 93.82
4 49 0.816 97.56
5 6 83.36 5
5 7 49.16 3
5 8 81.33 4
5 9 15.05 4
5 10 0.916 51.64
5 11 0.868 83.1
5 12 0.318 46.16
5 13 0.124 35.53
5 14 0.505 87.97
5 15 0.834 59.2
5 16 0.411 88.58
5 17 0.824 37.13
5 18 0.736 36.23
5 19 0.33 63.1
5 20 0.977 47.16
5 21 0.576 48.27
5 22 0.043 49.31
5 23 0.096 80.26
5 24 0.149 82.8
5 25 0.102 55.55
5 26 0.919 98.52
5 27 0.914 98.41
5 28 0.414 76.21
5 29 0.643 70.1
5 30 0.587 67.83
5 31 0.663 96.84
5 32 0.656 90.38
5 33 0.636 95.85
5 34 0.235 77.29
5 35 0.221 89.73
5 36 0.578 94.71
5 37 0.988 88.37
5 38 0.092 80.61
5 39 0.742 77.29
5 40 0.661 92.97
5 41 0.05 98.42
5 42 0.442 97.19
5 43 0.011 85.85
5 44 0.452 84.2
5 45 0.577 90.53
5 46 0.697 98.28
5 47 0.158 94.98
5 48 0.182 96.06
5 49 0.202 93.42
6 7 9.94 4
6 8 45.59 2
6 9 46.3 4
6 10 0.484 68.21
6 11 0.007 29.58
6 12 0.904 81.3
6 13 0.261 60.56
6 14 0.727 99.36
6 15 0.982 98.9
6 16 0.887 60.47
6 17 0.577 55.57
6 18 0.085 72.66
6 19 0.85 61.37
6 20 0.536 59.1
6 21 0.628 81.45
6 22 0.022 83.7
6 23 0.937 86.06
6 24 0.872 50.57
6 25 0.283 80.25
6 26 0.368 99.0
6 27 0.24 69.45
6 28 0.399 78.68
6 29 0.557 94.93
6 30 0.029 88.24
6 31 0.604 74.91
6 32 0.562 66.85
6 33 0.315 78.27
6 34 0.839 92.75
6 35 0.425 96.17
6 36 0.082 81.07
6 37 0.934 87.41
6 38 0.34 96.5
6 39 0.677 98.09
6 40 0.404 97.91
6 41 0.03 98.57
6 42 0.766 92.33
6 43 0.29 86.79
6 44 0.182 96.66
6 45 0.975 97.49
6 46 0.758 95.17
6 47 0.343 97.66
6 48 0.856 92.47
6 49 0.563 93.61
7 8 5.75 5
7 9 61.98 4
7 10 0.297 39.32
7 11 0.019 42.09
7 12 0.661 66.95
7 13 0.723 77.28
7 14 0.624 67.88
7 15 0.853 88.16
7 16 0.068 60.42
7 17 0.944 88.99
7 18 0.474 69.5
7 19 0.241 97.03
7 20 0.03 94.17
7 21 0.878 52.24
7 22 0.602 85.03
7 23 0.743 93.85
7 24 0.048 80.66
7 25 0.0 68.26
7 26 0.412 87.88
7 27 0.528 97.2
7 28 0.62 84.87
7 29 0.414 67.82
7 30 0.656 94.98
7 31 0.03 79.61
7 32 0.854 65.41
7 33 0.273 67.67
7 34 0.914 80.05
7 35 0.868 97.34
7 36 0.953 76.63
7 37 0.536 86.21
7 38 0.505 82.81
7 39 0.561 79.29
7 40 0.951 89.19
7 41 0.915 97.24
7 42 0.223 83.17
7 43 0.85 87.71
7 44 0.742 83.47
7 45 0.776 98.72
7 46 0.15 94.29
7 47 0.997 96.37
7 48 0.797 95.3
7 49 0.588 99.72
8 9 7.51 4
8 10 0.61 63.11
8 11 0.123 94.29
8 12 0.492 44.02
8 13 0.244 89.67
8 14 0.543 36.06
8 15 0.75 52.66
8 16 0.023 74.83
8 17 0.366 48.15
8 18 0.443 64.07
8 19 0.65 91.69
8 20 0.152 94.26
8 21 0.061 62.5
8 22 0.779 71.43
8 23 0.322 52.08
8 24 0.844 60.93
8 25 0.47 60.92
8 26 0.369 61.66
8 27 0.319 74.7
8 28 0.619 99.01
8 29 0.498 99.44
8 30 0.196 98.5
8 31 0.446 77.26
8 32 0.307 66.3
8 33 0.039 65.97
8 34 0.716 72.46
8 35 0.891 97.15
8 36 0.627 98.49
8 37 0.484 73.27
8 38 0.462 78.95
8 39 0.403 91.97
8 40 0.732 99.11
8 41 0.816 84.32
8 42 0.787 95.06
8 43 0.711 94.63
8 44 0.985 88.28
8 45 0.48 95.42
8 46 0.451 96.89
8 47 0.803 97.56
8 48 0.267 95.0
8 49 0.086 92.59
9 10 0.982 73.38
9 11 0.636 72.09
9 12 0.485 91.62
9 13 0.794 82.37
9 14 0.672 72.97
9 15 0.225 78.71
9 16 0.912 87.51
9 17 0.031 45.86
9 18 0.581 90.78
9 19 0.544 49.59
9 20 0.522 66.22
9 21 0.378 84.92
9 22 0.736 72.73
9 23 0.263 79.65
9 24 0.089 79.06
9 25 0.053 55.34
9 26 0.567 94.11
9 27 0.696 66.49
9 28 0.618 59.05
9 29 0.439 64.64
9 30 0.308 73.35
9 31 0.891 75.32
9 32 0.956 64.15
9 33 0.4 85.43
9 34 0.663 74.38
9 35 0.866 89.06
9 36 0.043 74.68
9 37 0.152 94.78
9 38 0.214 98.26
9 39 0.906 81.66
9 40 0.435 84.25
9 41 0.727 92.6
9 42 0.484 89.37
9 43 0.2 90.81
9 44 0.87 89.47
9 45 0.518 99.61
9 46 0.751 94.3
9 47 0.896 99.4
9 48 0.484 95.47
9 49 0.926 99.55
10 11 71.72 5
10 12 91.38 3
10 13 74.52 4
10 14 81.39 4
10 15 0.767 92.24
10 16 0.899 51.15
10 17 0.163 79.36
10 18 0.042 64.12
10 19 0.985 80.88
10 20 0.605 82.26
10 21 0.256 49.35
10 22 0.373 60.27
10 23 0.383 47.58
10 24 0.922 89.35
10 25 0.139 55.14
10 26 0.989 79.35
10 27 0.762 62.29
10 28 0.958 54.78
10 29 0.891 98.27
10 30 0.64 95.09
10 31 0.181 95.38
10 32 0.176 83.53
10 33 0.45 94.37
10 34 0.528 97.28
10 35 0.849 99.4
10 36 0.231 84.89
10 37 0.06 98.72
10 38 0.706 88.82
10 39 0.452 81.92
10 40 0.672 97.19
10 41 0.949 83.34
10 42 0.266 98.65
10 43 0.072 92.67
10 44 0.957 87.81
10 45 0.458 98.23
10 46 0.181 92.88
10 47 0.278 96.65
10 48 0.667 92.99
10 49 0.192 90.44
11 12 61.73 4
11 13 26.48 2
11 14 77.67 4
11 15 0.745 78.62
11 16 0.662 84.08
11 17 0.972 53.07
11 18 0.144 84.32
11 19 0.964 84.13
11 20 0.852 68.88
11 21 0.983 89.84
11 22 0.981 69.0
11 23 0.578 67.89
11 24 0.805 57.47
11 25 0.708 89.06
11 26 0.096 56.3
11 27 0.991 66.75
11 28 0.078 65.95
11 29 0.498 63.62
11 30 0.85 94.33
11 31 0.51 95.93
11 32 0.083 95.81
11 33 0.248 76.19
11 34 0.001 74.09
11 35 0.531 80.31
11 36 0.341 84.31
11 37 0.008 77.32
11 38 0.379 77.09
11 39 0.33 92.71
11 40 0.488 88.8
11 41 0.598 85.83
11 42 0.658 85.13
11 43 0.873 82.97
11 44 0.255 92.57
11 45 0.737 95.91
11 46 0.921 96.94
11 47 0.33 95.34
11 48 0.224 96.24
11 49 0.4 96.3
12 13 93.14 5
12 14 84.3 4
12 15 0.633 66.41
12 16 0.979 69.51
12 17 0.932 92.78
12 18 0.249 50.55
12 19 0.702 52.02
12 20 0.503 61.64
12 21 0.653 84.89
12 22 0.753 92.96
12 23 0.373 46.27
12 24 0.692 74.42
12 25 0.885 80.15
12 26 0.071 95.2
12 27 0.521 79.54
12 28 0.037 77.39
12 29 0.189 59.94
12 30 0.105 75.89
12 31 0.338 98.69
12 32 0.415 68.04
12 33 0.801 63.91
12 34 0.191 64.38
12 35 0.921 76.16
12 36 0.845 81.51
12 37 0.987 86.86
12 38 0.063 77.26
12 39 0.168 75.7
12 40 0.336 92.54
12 41 0.338 99.39
12 42 0.88 90.67
12 43 0.682 96.05
12 44 0.827 86.89
12 45 0.302 96.18
12 46 0.054 94.77
12 47 0.973 99.85
12 48 0.551 92.9
12 49 0.165 96.61
13 14 94.93 4
13 15 0.654 76.27
13 16 0.078 69.94
13 17 0.174 64.73
13 18 0.01 36.52
13 19 0.749 75.02
13 20 0.546 82.84
13 21 0.313 89.93
13 22 0.137 73.89
13 23 0.915 84.53
13 24 0.97 93.68
13 25 0.778 64.37
13 26 0.023 80.83
13 27 0.755 80.36
13 28 0.707 65.96
13 29 0.039 64.62
13 30 0.699 84.2
13 31 0.341 78.14
13 32 0.461 75.21
13 33 0.229 99.53
13 34 0.422 79.53
13 35 0.125 75.72
13 36 0.051 87.4
13 37 0.581 78.23
13 38 0.933 74.46
13 39 0.872 92.51
13 40 0.542 83.45
13 41 0.98 96.33
13 42 0.555 96.5
13 43 0.844 89.4
13 44 0.081 88.25
13 45 0.804 95.18
13 46 0.752 92.39
13 47 0.586 93.6
13 48 0.781 91.46
13 49 0.366 94.03
14 15 0.751 40.25
14 16 0.59 71.49
14 17 0.309 44.91
14 18 0.699 87.69
14 19 0.715 95.19
14 20 0.61 88.23
14 21 0.062 80.89
14 22 0.321 61.82
14 23 0.156 45.3
14 24 0.083 65.51
14 25 0.857 97.84
14 26 0.268 56.83
14 27 0.828 73.41
14 28 0.287 54.28
14 29 0.208 95.13
14 30 0.573 79.66
14 31 0.909 93.09
14 32 0.106 70.96
14 33 0.784 69.65
14 34 0.048 96.31
14 35 0.353 83.54
14 36 0.968 88.38
14 37 0.555 87.16
14 38 0.799 86.14
14 39 0.0 90.06
14 40 0.043 99.84
14 41 0.233 90.34
14 42 0.043 98.36
14 43 0.969 89.31
14 44 0.887 92.93
14 45 0.556 99.48
14 46 0.153 93.66
14 47 0.356 98.04
14 48 0.121 90.57
14 49 0.062 99.97
15 16 87.32 5
15 17 93.58 3
15 18 37.14 4
15 19 74.72 4
15 20 0.456 88.39
15 21 0.52 87.76
15 22 0.937 94.02
15 23 0.395 76.68
15 24 0.665 89.96
15 25 0.904 68.54
15 26 0.283 91.85
15 27 0.65 70.34
15 28 0.446 66.41
15 29 0.298 77.44
15 30 0.74 68.87
15 31 0.117 78.48
15 32 0.162 80.58
15 33 0.869 68.07
15 34 0.058 90.09
15 35 0.263 88.87
15 36 0.357 73.29
15 37 0.937 73.12
15 38 0.978 79.81
15 39 0.365 73.56
15 40 0.457 87.71
15 41 0.895 91.17
15 42 0.818 94.7
15 43 0.263 84.87
15 44 0.177 98.13
15 45 0.264 91.29
15 46 0.743 91.23
15 47 0.952 91.2
15 48 0.472 98.37
15 49 0.216 92.12
16 17 60.17 4
16 18 3.18 2
16 19 52.78 4
16 20 0.296 86.48
16 21 0.743 91.67
16 22 0.0 91.46
16 23 0.075 91.01
16 24 0.854 65.91
16 25 0.646 93.61
16 26 0.716 75.39
16 27 0.18 81.08
16 28 0.837 89.33
16 29 0.063 66.67
16 30 0.486 69.62
16 31 0.076 93.17
16 32 0.073 75.85
16 33 0.921 77.41
16 34 0.048 93.91
16 35 0.693 92.34
16 36 0.947 72.11
16 37 0.529 87.25
16 38 0.721 72.67
16 39 0.208 96.59
16 40 0.964 88.21
16 41 0.469 99.2
16 42 0.624 99.06
16 43 0.338 82.64
16 44 0.065 95.54
16 45 0.04 98.48
16 46 0.098 93.99
16 47 0.707 95.92
16 48 0.648 99.42
16 49 0.956 91.28
17 18 68.33 5
17 19 12.07 4
17 20 0.202 91.97
17 21 0.393 86.36
17 22 0.431 69.39
17 23 0.988 98.65
17 24 0.815 88.39
17 25 0.527 95.41
17 26 0.76 82.99
17 27 0.262 67.56
17 28 0.8 86.42
17 29 0.858 71.24
17 30 0.691 90.39
17 31 0.579 63.02
17 32 0.774 95.14
17 33 0.836 96.28
17 34 0.584 68.3
17 35 0.923 99.38
17 36 0.065 83.9
17 37 0.001 77.8
17 38 0.09 99.03
17 39 0.116 74.77
17 40 0.39 98.19
17 41 0.394 92.62
17 42 0.036 90.66
17 43 0.864 92.3
17 44 0.753 83.09
17 45 0.734 95.01
17 46 0.46 91.3
17 47 0.548 96.76
17 48 0.121 96.4
17 49 0.236 94.16
18 19 15.07 4
18 20 0.726 68.57
18 21 0.569 61.0
18 22 0.448 97.03
18 23 0.24 70.56
18 24 0.489 58.18
18 25 0.064 85.68
18 26 0.856 62.92
18 27 0.615 70.81
18 28 0.443 85.02
18 29 0.603 90.95
18 30 0.23 65.14
18 31 0.12 89.05
18 32 0.929 95.33
18 33 0.021 77.37
18 34 0.642 76.23
18 35 0.176 75.69
18 36 0.608 90.51
18 37 0.587 78.82
18 38 0.373 93.15
18 39 0.215 89.77
18 40 0.065 88.84
18 41 0.317 85.53
18 42 0.251 84.32
18 43 0.588 99.58
18 44 0.835 93.95
18 45 0.548 93.63
18 46 0.993 94.07
18 47 0.569 91.07
18 48 0.846 90.84
18 49 0.81 95.06
19 20 0.748 70.36
19 21 0.045 46.64
19 22 0.843 99.77
19 23 0.092 59.02
19 24 0.133 50.48
19 25 0.831 90.22
19 26 0.922 86.72
19 27 0.75 80.03
19 28 0.538 64.02
19 29 0.138 78.65
19 30 0.529 76.17
19 31 0.819 90.49
19 32 0.047 73.24
19 33 0.903 75.3
19 34 0.78 92.05
19 35 0.033 97.77
19 36 0.181 82.61
19 37 0.694 80.9
19 38 0.997 85.0
19 39 0.281 95.25
19 40 0.882 99.85
19 41 0.96 83.48
19 42 0.204 87.62
19 43 0.655 89.53
19 44 0.73 85.4
19 45 0.801 95.09
19 46 0.462 94.76
19 47 0.108 96.3
19 48 0.926 91.27
19 49 0.324 92.54
20 21 9.76 5
20 22 68.23 3
20 23 0.45 4
20 24 53.29 4
20 25 0.091 86.73
20 26 0.94 63.12
20 27 0.714 80.05
20 28 0.364 61.16
20 29 0.927 57.83
20 30 0.043 89.12
20 31 0.546 85.0
20 32 0.946 93.09
20 33 0.335 76.27
20 34 0.445 93.69
20 35 0.641 88.57
20 36 0.803 82.41
20 37 0.707 87.75
20 38 0.019 99.73
20 39 0.429 80.95
20 40 0.945 85.89
20 41 0.06 96.73
20 42 0.588 81.32
20 43 0.302 88.58
20 44 0.683 98.11
20 45 0.202 94.91
20 46 0.896 99.01
20 47 0.907 95.05
20 48 0.427 92.1
20 49 0.802 95.92
21 22 34.85 4
21 23 10.31 2
21 24 65.33 4
21 25 0.911 71.66
21 26 0.991 96.1
21 27 0.542 84.97
21 28 0.497 64.52
21 29 0.107 98.2
21 30 0.115 76.6
21 31 0.022 71.59
21 32 0.545 86.89
21 33 0.504 83.56
21 34 0.261 83.88
21 35 0.949 90.69
21 36 0.373 85.99
21 37 0.806 77.91
21 38 0.41 92.68
21 39 0.28 96.9
21 40 0.709 92.01
21 41 0.62 98.87
21 42 0.159 93.57
21 43 0.628 94.34
21 44 0.016 99.63
21 45 0.374 97.34
21 46 0.189 95.33
21 47 0.788 95.47
21 48 0.812 98.87
21 49 0.387 95.17
22 23 31.31 5
22 24 70.47 4
22 25 0.024 96.3
22 26 0.399 90.71
22 27 0.265 94.66
22 28 0.175 68.51
22 29 0.408 72.56
22 30 0.028 89.14
22 31 0.483 73.95
22 32 0.748 85.94
22 33 0.645 82.01
22 34 0.387 85.1
22 35 0.059 87.33
22 36 0.267 89.65
22 37 0.741 72.16
22 38 0.505 74.45
22 39 0.996 99.1
22 40 0.174 97.44
22 41 0.864 81.81
22 42 0.761 85.33
22 43 0.049 84.01
22 44 0.537 87.24
22 45 0.838 95.07
22 46 0.837 90.42
22 47 0.039 96.87
22 48 0.367 92.93
22 49 0.417 98.54
23 24 88.67 4
23 25 0.287 62.07
23 26 0.076 78.07
23 27 0.677 72.94
23 28 0.508 73.82
23 29 0.505 91.72
23 30 0.011 99.37
23 31 0.288 90.65
23 32 0.914 64.71
23 33 0.466 87.4
23 34 0.206 70.26
23 35 0.997 96.0
23 36 0.049 93.42
23 37 0.527 99.4
23 38 0.683 84.12
23 39 0.347 91.03
23 40 0.218 92.1
23 41 0.449 83.04
23 42 0.532 84.4
23 43 0.952 83.07
23 44 0.869 98.86
23 45 0.604 97.88
23 46 0.166 93.02
23 47 0.8 94.85
23 48 0.742 99.74
23 49 0.533 93.95
24 25 0.474 93.53
24 26 0.104 86.55
24 27 0.991 69.76
24 28 0.0 65.19
24 29 0.955 60.81
24 30 0.307 99.92
24 31 0.873 71.64
24 32 0.891 97.34
24 33 0.505 98.02
24 34 0.934 77.07
24 35 0.141 91.74
24 36 0.395 97.77
24 37 0.972 91.59
24 38 0.488 80.46
24 39 0.868 95.44
24 40 0.529 99.22
24 41 0.798 84.82
24 42 0.981 87.33
24 43 0.544 82.3
24 44 0.368 86.6
24 45 0.829 96.54
24 46 0.752 90.91
24 47 0.149 94.02
24 48 0.734 92.46
24 49 0.197 96.63
25 26 12.41 5
25 27 55.1 3
25 28 54.23 4
25 29 73.79 4
25 30 0.452 93.38
25 31 0.967 77.37
25 32 0.513 82.38
25 33 0.149 82.48
25 34 0.64 90.41
25 35 0.616 89.57
25 36 0.463 78.18
25 37 0.442 81.42
25 38 0.427 76.11
25 39 0.502 88.04
25 40 0.579 88.96
25 41 0.909 82.51
25 42 0.457 92.48
25 43 0.643 94.45
25 44 0.356 86.3
25 45 0.808 97.28
25 46 0.911 92.97
25 47 0.394 99.94
25 48 0.579 92.79
25 49 0.816 92.18
26 27 28.36 4
26 28 55.96 2
26 29 92.94 4
26 30 0.295 91.52
26 31 0.387 67.16
26 32 0.026 75.19
26 33 0.969 90.61
26 34 0.606 95.84
26 35 0.972 73.4
26 36 0.488 92.64
26 37 0.869 88.16
26 38 0.311 79.7
26 39 0.696 87.47
26 40 0.745 90.7
26 41 0.612 93.28
26 42 0.302 90.17
26 43 0.465 89.24
26 44 0.191 99.81
26 45 0.722 99.75
26 46 0.873 95.47
26 47 0.231 91.45
26 48 0.414 92.04
26 49 0.097 91.16
27 28 68.62 5
27 29 21.74 4
27 30 0.841 68.74
27 31 0.256 70.74
27 32 0.512 91.83
27 33 0.51 70.15
27 34 0.426 70.72
27 35 0.011 94.43
27 36 0.825 83.15
27 37 0.178 82.59
27 38 0.247 84.43
27 39 0.286 74.33
27 40 0.535 94.4
27 41 0.78 88.11
27 42 0.193 90.32
27 43 0.83 85.68
27 44 0.041 96.91
27 45 0.322 91.29
27 46 0.293 96.79
27 47 0.609 92.1
27 48 0.775 99.99
27 49 0.585 96.21
28 29 45.52 4
28 30 0.863 75.88
28 31 0.226 92.22
28 32 0.468 76.17
28 33 0.033 96.73
28 34 0.109 78.83
28 35 0.089 84.61
28 36 0.639 83.4
28 37 0.846 90.18
28 38 0.568 77.63
28 39 0.476 77.32
28 40 0.896 89.66
28 41 0.14 83.73
28 42 0.99 92.64
28 43 0.361 84.22
28 44 0.166 97.34
28 45 0.269 90.82
28 46 0.238 98.26
28 47 0.084 99.95
28 48 0.293 96.68
28 49 0.91 91.64
29 30 0.585 74.69
29 31 0.696 96.05
29 32 0.55 77.52
29 33 0.023 72.24
29 34 0.774 77.95
29 35 0.37 91.06
29 36 0.59 96.84
29 37 0.13 81.22
29 38 0.915 73.19
29 39 0.805 80.45
29 40 0.792 98.97
29 41 0.578 83.36
29 42 0.519 97.36
29 43 0.872 94.64
29 44 0.604 83.85
29 45 0.974 92.29
29 46 0.849 95.81
29 47 0.376 93.09
29 48 0.652 94.73
29 49 0.092 97.6
30 31 39.73 5
30 32 68.32 3
30 33 9.34 4
30 34 58.36 4
30 35 0.276 81.61
30 36 0.871 94.47
30 37 0.604 77.45
30 38 0.42 87.33
30 39 0.982 75.88
30 40 0.622 84.97
30 41 0.377 96.7
30 42 0.314 98.11
30 43 0.167 94.79
30 44 0.376 96.43
30 45 0.329 95.94
30 46 0.692 98.86
30 47 0.716 98.66
30 48 0.709 90.95
30 49 0.164 97.16
31 32 26.73 4
31 33 5.77 2
31 34 6.14 4
31 35 0.047 87.88
31 36 0.496 77.06
31 37 0.066 80.76
31 38 0.068 87.82
31 39 0.312 85.4
31 40 0.121 95.34
31 41 0.518 89.3
31 42 0.776 89.72
31 43 0.613 98.48
31 44 0.232 97.43
31 45 0.236 98.36
31 46 0.578 92.66
31 47 0.673 97.5
31 48 0.178 96.87
31 49 0.309 91.51
32 33 89.97 5
32 34 14.33 4
32 35 0.414 93.8
32 36 0.481 89.3
32 37 0.218 79.97
32 38 0.761 84.03
32 39 0.409 92.18
32 40 0.655 88.33
32 41 0.424 91.49
32 42 0.26 99.89
32 43 0.624 94.56
32 44 0.066 82.26
32 45 0.697 97.82
32 46 0.955 93.58
32 47 0.679 92.32
32 48 0.756 96.68
32 49 0.846 97.28
33 34 15.43 4
33 35 0.56 98.2
33 36 0.483 86.89
33 37 0.971 86.26
33 38 0.968 92.83
33 39 0.605 85.04
33 40 0.307 81.42
33 41 0.954 87.53
33 42 0.357 83.61
33 43 0.165 87.3
33 44 0.33 87.09
33 45 0.229 93.97
33 46 0.438 93.06
33 47 0.629 99.39
33 48 0.279 94.83
33 49 0.993 90.41
34 35 0.104 86.61
34 36 0.423 75.94
34 37 0.957 90.0
34 38 0.611 92.84
34 39 0.417 77.72
34 40 0.339 90.06
34 41 0.358 92.87
34 42 0.266 91.22
34 43 0.486 97.74
34 44 0.348 95.19
34 45 0.805 91.89
34 46 0.896 92.32
34 47 0.283 97.53
34 48 0.352 92.82
34 49 0.357 92.64
35 36 79.04 5
35 37 76.12 3
35 38 2.92 4
35 39 0.63 4
35 40 0.868 98.47
35 41 0.064 98.6
35 42 0.425 94.85
35 43 0.685 89.73
35 44 0.501 81.6
35 45 0.969 90.92
35 46 0.559 93.8
35 47 0.287 90.51
35 48 0.281 99.17
35 49 0.367 90.95
36 37 3.39 4
36 38 40.49 2
36 39 77.84 4
36 40 0.84 96.8
36 41 0.546 82.86
36 42 0.169 83.32
36 43 0.623 97.7
36 44 0.162 90.26
36 45 0.073 97.63
36 46 0.194 95.28
36 47 0.748 97.61
36 48 0.306 99.93
36 49 0.012 99.15
37 38 62.99 5
37 39 58.07 4
37 40 0.696 84.44
37 41 0.873 96.36
37 42 0.677 82.54
37 43 0.365 90.21
37 44 0.69 82.59
37 45 0.532 98.56
37 46 0.884 96.92
37 47 0.159 91.8
37 48 0.08 96.56
37 49 0.562 93.63
38 39 86.8 4
38 40 0.733 90.14
38 41 0.835 95.72
38 42 0.116 90.32
38 43 0.909 81.84
38 44 0.46 83.17
38 45 0.283 90.38
38 46 0.909 98.76
38 47 0.262 93.19
38 48 0.059 98.21
38 49 0.709 99.18
39 40 0.791 89.93
39 41 0.51 95.87
39 42 0.746 81.79
39 43 0.416 81.54
39 44 0.757 98.5
39 45 0.506 92.53
39 46 0.241 95.37
39 47 0.526 92.96
39 48 0.722 91.04
39 49 0.167 99.18
40 41 10.01 5
40 42 74.51 3
40 43 90.13 4
40 44 70.49 4
40 45 0.049 91.18
40 46 0.321 95.94
40 47 0.915 95.24
40 48 0.381 91.31
40 49 0.697 92.66
41 42 60.68 4
41 43 89.31 2
41 44 8.0 4
41 45 0.921 96.05
41 46 0.017 96.27
41 47 0.403 92.9
41 48 0.559 90.94
41 49 0.416 90.29
42 43 44.3 5
42 44 70.68 4
42 45 0.069 93.02
42 46 0.813 96.06
42 47 0.211 91.22
42 48 0.054 92.98
42 49 0.366 92.57
43 44 34.38 4
43 45 0.984 93.5
43 46 0.178 97.76
43 47 0.086 94.63
43 48 0.804 95.75
43 49 0.715 92.99
44 45 0.662 91.31
44 46 0.913 98.06
44 47 0.305 95.53
44 48 0.293 92.71
44 49 0.273 92.96
45 46 98.46 5
45 47 32.01 3
45 48 43.89 4
45 49 41.79 4
46 47 60.29 4
46 48 94.35 2
46 49 59.76 4
47 48 5.2 5
47 49 17.79 4
48 49 35.3 4