50
50
0 1 6.450 21.895
0 2 7.566 40.988
0 3 6.966 45.926
0 4 6.829 37.134
0 5 5.522 36.626
0 6 5.988 36.765
0 7 7.020 22.767
0 8 7.762 33.567
0 9 5.168 43.337
0 10 7.828 33.405
0 11 5.825 33.125
0 12 5.897 48.565
0 13 7.822 23.162
0 14 7.549 45.442
0 15 5.429 21.336
0 16 7.739 22.414
0 17 7.849 22.029
0 18 13.400 3.714
0 19 13.188 0.496
0 20 5.433 42.303
0 21 7.284 43.139
0 22 6.497 42.704
0 23 7.032 24.716
0 24 5.844 42.624
0 25 6.780 31.708
0 26 6.380 41.588
0 27 7.943 28.222
0 28 7.525 36.274
0 29 5.036 30.490
0 30 5.114 45.960
0 31 7.922 22.831
0 32 7.323 38.144
0 33 6.578 22.292
0 34 5.178 25.842
0 35 5.478 28.667
0 36 5.316 30.885
0 37 13.815 0.093
0 38 5.553 36.539
0 39 7.576 35.066
0 40 7.158 46.695
0 41 7.692 39.670
0 42 6.461 23.935
0 43 5.163 44.299
0 44 13.078 0.014
0 45 6.707 44.083
0 46 5.393 42.639
0 47 7.200 42.236
0 48 7.444 21.723
0 49 6.359 22.458
1 2 13.254 1.534
1 3 6.565 43.474
1 4 7.986 25.113
1 5 13.256 0.123
1 6 7.675 24.242
1 7 7.205 34.525
1 8 5.494 48.967
1 9 7.898 48.796
1 10 7.474 40.055
1 11 12.612 0.882
1 12 7.547 39.691
1 13 7.007 34.940
1 14 12.016 0.421
1 15 7.326 27.709
1 16 6.926 33.337
1 17 5.048 47.154
1 18 6.947 29.491
1 19 5.473 26.591
1 20 5.824 32.570
1 21 5.305 44.503
1 22 5.239 32.975
1 23 5.807 42.638
1 24 6.760 47.680
1 25 6.328 21.702
1 26 13.210 0.858
1 27 7.358 39.815
1 28 7.666 31.207
1 29 6.978 22.883
1 30 5.564 42.793
1 31 6.649 27.382
1 32 7.753 23.897
1 33 6.488 43.787
1 34 13.295 0.102
1 35 12.601 0.194
1 36 6.051 40.049
1 37 7.199 46.555
1 38 12.308 0.201
1 39 6.468 49.464
1 40 13.824 0.003
1 41 7.122 31.269
1 42 6.569 44.537
1 43 7.876 31.025
1 44 5.826 34.150
1 45 5.749 36.763
1 46 7.667 28.107
1 47 7.845 33.057
1 48 6.559 35.275
1 49 7.036 28.190
2 3 5.092 40.248
2 4 7.913 25.514
2 5 12.616 0.000
2 6 5.679 40.837
2 7 5.480 45.258
2 8 6.069 48.570
2 9 7.136 21.889
2 10 5.407 21.680
2 11 12.594 0.000
2 12 5.327 22.277
2 13 5.948 42.687
2 14 12.631 0.000
2 15 7.930 41.692
2 16 7.463 28.409
2 17 5.376 48.346
2 18 7.272 30.474
2 19 6.023 23.959
2 20 6.277 46.798
2 21 7.075 45.401
2 22 7.938 41.655
2 23 5.822 27.961
2 24 6.311 36.833
2 25 5.251 44.834
2 26 13.471 0.000
2 27 5.976 39.938
2 28 5.999 35.965
2 29 7.483 47.359
2 30 7.497 39.441
2 31 7.825 45.046
2 32 5.553 36.200
2 33 6.321 38.630
2 34 12.452 0.000
2 35 13.435 0.000
2 36 7.993 23.102
2 37 6.758 20.295
2 38 12.088 0.000
2 39 7.864 36.625
2 40 13.160 0.000
2 41 6.943 30.010
2 42 5.826 23.304
2 43 7.962 43.115
2 44 7.523 38.736
2 45 5.297 30.383
2 46 5.899 23.840
2 47 5.508 48.838
2 48 6.607 30.547
2 49 5.179 30.258
3 4 12.595 4.318
3 5 7.597 47.615
3 6 7.745 37.390
3 7 6.129 40.312
3 8 5.208 35.752
3 9 5.736 47.061
3 10 7.963 48.488
3 11 7.575 30.014
3 12 5.129 43.985
3 13 7.594 40.894
3 14 5.054 44.074
3 15 7.902 21.499
3 16 5.189 21.795
3 17 7.957 25.533
3 18 7.229 45.693
3 19 7.107 27.615
3 20 5.334 31.348
3 21 7.011 49.471
3 22 6.920 35.444
3 23 5.843 35.089
3 24 6.963 48.874
3 25 5.169 30.472
3 26 5.359 27.024
3 27 7.755 26.383
3 28 7.854 23.434
3 29 5.007 44.576
3 30 7.284 27.278
3 31 7.618 29.993
3 32 7.069 31.456
3 33 7.274 35.248
3 34 5.870 39.304
3 35 6.782 21.662
3 36 5.548 31.337
3 37 6.389 20.954
3 38 6.804 45.550
3 39 5.023 42.340
3 40 5.311 38.467
3 41 5.197 38.962
3 42 6.221 23.057
3 43 7.617 44.158
3 44 6.264 35.575
3 45 6.293 28.267
3 46 6.575 33.503
3 47 7.009 25.593
3 48 5.530 45.821
3 49 5.553 39.204
4 5 5.800 37.946
4 6 6.300 22.116
4 7 5.693 32.070
4 8 7.215 24.551
4 9 7.438 47.108
4 10 6.241 42.780
4 11 7.633 43.381
4 12 7.448 38.089
4 13 7.153 46.732
4 14 6.441 25.244
4 15 6.969 27.692
4 16 5.770 24.196
4 17 6.621 49.918
4 18 6.096 20.715
4 19 5.780 24.589
4 20 5.791 29.445
4 21 6.240 28.025
4 22 5.340 49.376
4 23 6.073 40.824
4 24 7.815 26.494
4 25 7.835 20.636
4 26 6.169 46.701
4 27 7.901 20.592
4 28 7.505 22.982
4 29 5.939 24.848
4 30 6.883 27.528
4 31 5.770 28.403
4 32 5.708 46.796
4 33 5.839 43.702
4 34 6.156 26.377
4 35 5.925 46.371
4 36 5.034 32.548
4 37 6.933 46.096
4 38 5.133 46.278
4 39 5.945 43.994
4 40 5.430 24.055
4 41 7.820 29.910
4 42 6.303 29.597
4 43 6.763 31.864
4 44 7.875 29.780
4 45 7.616 34.541
4 46 5.600 39.481
4 47 6.413 49.307
4 48 7.790 43.193
4 49 5.714 32.711
5 6 6.283 22.388
5 7 6.322 43.036
5 8 6.140 27.375
5 9 7.680 32.628
5 10 7.390 44.564
5 11 12.864 0.000
5 12 7.350 41.356
5 13 5.227 43.148
5 14 13.345 0.000
5 15 5.085 36.160
5 16 5.339 36.094
5 17 7.665 45.972
5 18 7.249 22.754
5 19 5.864 41.261
5 20 5.077 45.554
5 21 6.558 47.454
5 22 5.673 22.622
5 23 6.013 48.252
5 24 5.880 34.380
5 25 7.112 32.705
5 26 13.953 0.000
5 27 7.691 45.412
5 28 6.396 31.196
5 29 7.233 31.857
5 30 6.360 22.346
5 31 5.074 27.378
5 32 7.073 32.566
5 33 5.397 43.604
5 34 13.829 0.000
5 35 12.650 0.000
5 36 5.902 38.525
5 37 6.790 40.171
5 38 12.646 0.000
5 39 7.614 24.249
5 40 12.022 0.000
5 41 6.739 38.043
5 42 5.773 23.952
5 43 6.353 46.630
5 44 5.838 29.112
5 45 6.795 21.678
5 46 5.379 24.819
5 47 7.867 42.321
5 48 6.963 24.333
5 49 5.578 37.065
6 7 13.881 3.264
6 8 6.062 22.480
6 9 12.182 0.840
6 10 7.787 33.983
6 11 7.239 20.234
6 12 7.951 49.548
6 13 7.741 31.070
6 14 5.239 41.330
6 15 7.346 27.037
6 16 12.019 0.147
6 17 7.773 42.207
6 18 6.077 33.240
6 19 7.480 39.791
6 20 5.893 25.755
6 21 7.971 46.716
6 22 6.233 34.932
6 23 7.426 41.683
6 24 13.013 0.029
6 25 5.680 33.257
6 26 7.437 39.998
6 27 5.413 46.906
6 28 6.923 23.150
6 29 6.733 25.807
6 30 7.223 31.313
6 31 7.519 47.410
6 32 6.915 32.719
6 33 6.642 41.040
6 34 6.948 43.240
6 35 6.016 23.730
6 36 5.665 22.872
6 37 7.000 39.837
6 38 7.280 34.776
6 39 12.190 0.017
6 40 7.045 28.186
6 41 5.768 45.615
6 42 13.145 0.022
6 43 6.557 44.321
6 44 7.318 21.934
6 45 5.258 28.480
6 46 6.232 34.469
6 47 5.605 42.217
6 48 5.363 31.470
6 49 7.724 28.939
7 8 5.062 24.733
7 9 13.531 0.000
7 10 6.584 28.412
7 11 7.291 49.080
7 12 6.035 23.492
7 13 7.228 37.238
7 14 6.826 21.759
7 15 7.133 30.863
7 16 13.576 0.000
7 17 6.906 37.682
7 18 6.527 26.155
7 19 5.720 27.485
7 20 7.772 23.433
7 21 5.271 23.214
7 22 7.831 38.410
7 23 7.508 39.447
7 24 13.446 0.000
7 25 6.354 40.682
7 26 7.175 27.926
7 27 6.349 46.047
7 28 5.336 28.742
7 29 6.593 20.615
7 30 5.451 37.311
7 31 5.978 49.311
7 32 7.283 25.425
7 33 7.833 48.452
7 34 6.699 44.667
7 35 7.861 48.895
7 36 5.461 45.329
7 37 6.655 48.868
7 38 7.602 45.334
7 39 13.684 0.000
7 40 7.794 40.358
7 41 7.161 46.944
7 42 13.327 0.000
7 43 5.465 22.100
7 44 7.238 21.094
7 45 6.031 44.051
7 46 7.136 27.594
7 47 5.574 29.677
7 48 6.955 29.976
7 49 7.882 49.850
8 9 5.768 31.677
8 10 5.933 49.264
8 11 6.567 33.986
8 12 7.900 41.343
8 13 7.718 24.435
8 14 7.191 48.488
8 15 6.087 46.985
8 16 5.613 28.771
8 17 7.367 42.629
8 18 7.396 48.216
8 19 6.722 34.731
8 20 5.637 20.218
8 21 5.341 24.429
8 22 7.642 30.099
8 23 5.156 40.320
8 24 5.742 29.538
8 25 7.945 23.558
8 26 7.943 44.026
8 27 5.858 48.747
8 28 5.151 35.829
8 29 6.056 32.299
8 30 12.974 4.056
8 31 7.298 44.245
8 32 5.523 40.813
8 33 7.755 32.354
8 34 5.212 35.100
8 35 7.626 27.335
8 36 7.344 49.392
8 37 6.314 37.059
8 38 5.307 42.310
8 39 7.398 46.192
8 40 7.460 36.367
8 41 6.508 44.220
8 42 7.372 25.223
8 43 5.646 27.439
8 44 7.022 37.308
8 45 6.324 30.889
8 46 7.941 47.878
8 47 7.948 41.797
8 48 13.186 0.262
8 49 6.662 43.820
9 10 5.713 30.029
9 11 5.698 34.433
9 12 7.803 43.132
9 13 5.156 33.552
9 14 6.475 38.283
9 15 7.403 28.197
9 16 12.464 0.000
9 17 7.160 32.914
9 18 5.248 39.522
9 19 5.010 23.261
9 20 6.836 45.900
9 21 5.445 28.280
9 22 7.482 41.500
9 23 7.580 37.532
9 24 13.059 0.000
9 25 5.214 34.962
9 26 5.926 43.334
9 27 6.426 34.594
9 28 5.351 33.136
9 29 7.910 33.582
9 30 5.972 28.133
9 31 7.787 49.060
9 32 7.510 39.471
9 33 5.322 38.082
9 34 6.887 25.303
9 35 5.892 29.327
9 36 6.200 24.736
9 37 5.025 21.954
9 38 7.785 40.867
9 39 13.198 0.000
9 40 5.533 45.111
9 41 6.346 44.839
9 42 13.668 0.000
9 43 7.091 37.473
9 44 6.308 42.471
9 45 5.154 45.313
9 46 5.414 39.012
9 47 5.401 33.505
9 48 5.035 31.261
9 49 5.043 44.179
10 11 5.538 38.880
10 12 7.451 35.774
10 13 6.969 22.471
10 14 7.373 36.686
10 15 5.657 26.677
10 16 6.897 32.262
10 17 6.290 43.895
10 18 5.224 39.055
10 19 6.918 49.814
10 20 5.069 41.164
10 21 5.365 25.767
10 22 6.706 27.793
10 23 6.397 34.752
10 24 5.492 20.734
10 25 6.091 23.751
10 26 5.727 33.676
10 27 7.844 40.233
10 28 7.291 39.754
10 29 13.874 1.627
10 30 6.376 41.552
10 31 6.015 32.583
10 32 7.019 26.815
10 33 13.725 1.904
10 34 6.930 23.805
10 35 5.649 23.035
10 36 7.876 20.051
10 37 5.555 33.291
10 38 5.450 32.223
10 39 5.653 34.464
10 40 7.812 33.459
10 41 6.198 35.867
10 42 7.968 32.624
10 43 6.938 30.562
10 44 6.070 24.467
10 45 12.036 0.787
10 46 6.624 45.731
10 47 7.237 38.036
10 48 5.894 35.283
10 49 6.800 22.761
11 12 5.105 28.666
11 13 5.110 49.220
11 14 12.089 0.000
11 15 5.623 41.243
11 16 6.888 49.329
11 17 7.110 29.584
11 18 6.986 21.264
11 19 7.113 27.137
11 20 5.736 37.981
11 21 6.286 36.863
11 22 7.573 27.579
11 23 6.287 41.131
11 24 7.870 48.357
11 25 7.447 24.888
11 26 13.960 0.000
11 27 6.674 22.113
11 28 6.958 30.845
11 29 7.069 22.652
11 30 6.706 31.033
11 31 7.583 49.298
11 32 5.083 33.339
11 33 7.370 41.119
11 34 12.221 0.000
11 35 12.454 0.000
11 36 5.372 31.679
11 37 5.576 34.738
11 38 12.315 0.000
11 39 5.952 42.327
11 40 12.174 0.000
11 41 7.889 42.653
11 42 5.495 41.709
11 43 6.183 20.806
11 44 7.858 27.391
11 45 7.477 38.089
11 46 7.563 22.729
11 47 7.092 49.385
11 48 7.675 45.871
11 49 5.567 43.797
12 13 6.382 36.100
12 14 7.694 21.014
12 15 6.608 25.679
12 16 6.993 31.519
12 17 6.892 25.983
12 18 7.865 45.322
12 19 5.439 45.821
12 20 5.737 43.418
12 21 7.835 48.535
12 22 5.574 29.276
12 23 12.111 3.423
12 24 5.554 21.605
12 25 7.994 30.164
12 26 5.273 25.820
12 27 7.795 27.412
12 28 6.454 24.023
12 29 7.476 27.716
12 30 6.726 33.616
12 31 13.403 0.321
12 32 13.969 0.574
12 33 6.168 31.721
12 34 5.917 34.674
12 35 6.917 49.885
12 36 5.904 29.822
12 37 6.850 24.053
12 38 7.278 47.056
12 39 5.270 37.743
12 40 5.661 29.636
12 41 7.107 39.804
12 42 7.948 33.824
12 43 5.142 30.392
12 44 5.095 25.926
12 45 6.032 47.156
12 46 6.194 30.719
12 47 7.370 45.557
12 48 7.669 45.843
12 49 5.542 22.397
13 14 5.481 25.135
13 15 12.105 1.651
13 16 6.177 39.373
13 17 6.573 20.331
13 18 5.134 20.133
13 19 6.551 30.148
13 20 6.894 37.950
13 21 6.901 38.529
13 22 7.159 27.608
13 23 7.679 46.159
13 24 6.292 33.714
13 25 7.333 29.721
13 26 7.242 23.267
13 27 7.102 20.035
13 28 13.853 0.136
13 29 5.893 35.800
13 30 7.226 49.543
13 31 7.080 42.590
13 32 7.431 46.696
13 33 5.718 36.671
13 34 6.372 36.619
13 35 6.253 37.287
13 36 6.405 28.679
13 37 6.745 46.800
13 38 7.189 39.410
13 39 5.124 43.593
13 40 5.397 39.850
13 41 5.943 26.050
13 42 7.798 23.217
13 43 7.185 32.782
13 44 5.736 49.564
13 45 7.060 21.031
13 46 7.862 37.824
13 47 7.198 27.721
13 48 6.081 36.583
13 49 12.279 2.531
14 15 7.170 39.707
14 16 7.704 20.429
14 17 6.292 37.942
14 18 5.896 43.164
14 19 6.753 47.308
14 20 7.715 27.116
14 21 7.099 34.226
14 22 6.679 23.195
14 23 7.902 29.325
14 24 7.750 39.755
14 25 7.979 48.485
14 26 13.770 0.000
14 27 5.824 33.502
14 28 5.280 38.741
14 29 6.364 22.952
14 30 5.924 21.061
14 31 7.838 44.245
14 32 6.856 28.930
14 33 5.390 22.176
14 34 12.240 0.000
14 35 12.489 0.000
14 36 5.123 34.958
14 37 6.130 33.936
14 38 13.523 0.000
14 39 5.057 25.988
14 40 12.827 0.000
14 41 5.981 41.899
14 42 6.085 49.758
14 43 6.606 29.415
14 44 7.066 39.131
14 45 5.795 36.767
14 46 5.597 47.499
14 47 5.272 21.149
14 48 6.822 36.898
14 49 6.969 45.244
15 16 6.954 23.773
15 17 6.037 27.282
15 18 7.902 49.321
15 19 5.035 44.312
15 20 5.821 27.108
15 21 7.721 39.322
15 22 5.101 22.635
15 23 7.818 48.359
15 24 7.137 29.679
15 25 7.204 30.575
15 26 5.777 48.474
15 27 5.989 38.056
15 28 13.865 0.000
15 29 6.148 35.312
15 30 7.534 25.338
15 31 6.023 33.684
15 32 5.907 22.455
15 33 5.600 32.387
15 34 5.281 44.848
15 35 5.471 40.294
15 36 6.737 48.959
15 37 5.866 45.414
15 38 6.337 29.874
15 39 7.921 40.321
15 40 5.752 41.184
15 41 6.543 29.750
15 42 5.562 46.556
15 43 7.188 23.467
15 44 6.748 41.920
15 45 7.623 33.553
15 46 5.472 44.228
15 47 5.336 46.384
15 48 7.985 37.032
15 49 12.607 0.000
16 17 6.164 47.187
16 18 5.647 31.747
16 19 7.147 30.745
16 20 6.447 28.589
16 21 7.534 47.035
16 22 7.151 47.843
16 23 5.181 22.817
16 24 12.232 0.000
16 25 7.117 32.407
16 26 7.671 45.623
16 27 5.466 40.646
16 28 6.159 41.117
16 29 5.158 38.640
16 30 6.912 27.127
16 31 5.325 24.650
16 32 7.925 46.561
16 33 7.494 44.297
16 34 5.176 47.819
16 35 5.901 48.556
16 36 5.617 23.911
16 37 5.018 22.465
16 38 7.836 39.309
16 39 12.984 0.000
16 40 7.608 28.150
16 41 5.976 37.828
16 42 12.800 0.000
16 43 7.799 47.390
16 44 6.621 38.509
16 45 5.877 22.347
16 46 6.804 32.561
16 47 6.859 33.802
16 48 7.738 31.089
16 49 5.756 26.721
17 18 6.773 31.104
17 19 6.199 29.513
17 20 6.708 21.615
17 21 7.891 30.180
17 22 6.881 28.901
17 23 6.548 44.900
17 24 6.606 39.482
17 25 13.210 1.309
17 26 6.654 33.905
17 27 7.412 30.466
17 28 6.873 26.000
17 29 6.017 37.244
17 30 6.929 46.909
17 31 7.722 44.924
17 32 7.183 28.678
17 33 5.441 20.064
17 34 6.653 29.636
17 35 6.913 32.514
17 36 5.327 26.711
17 37 7.416 25.624
17 38 6.728 20.134
17 39 5.125 23.739
17 40 6.058 46.476
17 41 13.248 1.949
17 42 5.163 46.610
17 43 12.929 0.294
17 44 5.365 32.045
17 45 7.588 22.407
17 46 13.653 0.676
17 47 12.518 0.090
17 48 6.526 27.894
17 49 7.247 38.020
18 19 12.353 0.000
18 20 6.999 48.485
18 21 7.010 26.551
18 22 6.538 44.992
18 23 5.019 20.587
18 24 5.519 24.875
18 25 7.396 41.007
18 26 6.813 25.788
18 27 7.310 45.071
18 28 5.807 25.380
18 29 6.719 24.163
18 30 5.091 30.942
18 31 5.925 41.030
18 32 5.088 42.624
18 33 6.813 37.694
18 34 7.503 21.120
18 35 7.564 47.445
18 36 6.264 23.815
18 37 12.295 0.000
18 38 5.532 20.385
18 39 7.415 36.915
18 40 7.941 33.010
18 41 7.121 25.191
18 42 5.758 32.414
18 43 7.038 40.183
18 44 13.853 0.000
18 45 7.090 25.156
18 46 5.219 21.193
18 47 6.591 22.171
18 48 6.609 20.024
18 49 6.439 46.880
19 20 7.871 20.608
19 21 6.795 43.806
19 22 6.364 24.834
19 23 7.717 31.175
19 24 7.492 44.687
19 25 5.299 33.974
19 26 5.705 44.634
19 27 5.029 22.533
19 28 7.377 24.459
19 29 7.321 34.788
19 30 5.566 46.702
19 31 5.504 25.261
19 32 7.327 44.034
19 33 6.501 30.956
19 34 5.486 29.497
19 35 7.488 36.785
19 36 6.736 23.539
19 37 12.384 0.000
19 38 6.455 28.999
19 39 7.641 29.560
19 40 5.329 47.975
19 41 6.108 30.307
19 42 6.251 40.837
19 43 7.552 26.106
19 44 13.627 0.000
19 45 6.119 25.193
19 46 5.720 28.254
19 47 7.781 33.254
19 48 7.538 38.244
19 49 7.382 27.116
20 21 6.252 44.529
20 22 5.241 37.221
20 23 7.316 22.266
20 24 7.501 29.954
20 25 7.591 27.901
20 26 5.375 24.055
20 27 5.417 33.960
20 28 6.250 33.834
20 29 5.241 48.681
20 30 6.986 42.572
20 31 5.328 36.003
20 32 7.176 44.475
20 33 7.171 33.749
20 34 5.731 30.967
20 35 7.835 37.818
20 36 12.696 4.318
20 37 5.359 47.593
20 38 7.872 46.486
20 39 7.442 23.461
20 40 7.345 31.724
20 41 6.744 26.366
20 42 5.759 40.504
20 43 7.160 41.880
20 44 6.611 47.834
20 45 5.252 24.384
20 46 6.361 49.343
20 47 5.209 39.369
20 48 6.188 48.169
20 49 6.681 48.716
21 22 13.356 0.737
21 23 6.790 43.500
21 24 6.824 47.949
21 25 5.220 42.090
21 26 6.834 21.982
21 27 13.591 3.581
21 28 7.176 49.447
21 29 5.361 27.953
21 30 5.173 28.069
21 31 7.115 39.537
21 32 5.805 46.963
21 33 5.449 27.910
21 34 5.419 35.508
21 35 6.013 20.710
21 36 5.008 48.404
21 37 5.867 32.200
21 38 5.153 30.238
21 39 7.295 35.152
21 40 6.344 34.530
21 41 6.942 24.625
21 42 7.003 48.157
21 43 6.227 24.919
21 44 6.693 38.221
21 45 5.911 48.827
21 46 6.036 43.250
21 47 7.687 45.745
21 48 5.183 43.416
21 49 6.671 36.667
22 23 7.042 37.788
22 24 5.136 49.392
22 25 6.347 33.067
22 26 5.927 27.152
22 27 12.214 0.000
22 28 7.006 40.181
22 29 6.976 35.977
22 30 7.861 25.212
22 31 5.865 26.285
22 32 5.050 24.770
22 33 6.069 25.434
22 34 6.074 32.481
22 35 5.248 36.841
22 36 5.691 34.502
22 37 6.426 26.673
22 38 7.426 28.784
22 39 7.869 41.744
22 40 5.216 36.920
22 41 7.016 24.841
22 42 6.509 43.065
22 43 5.218 23.610
22 44 6.686 49.733
22 45 6.482 42.682
22 46 6.298 32.713
22 47 7.816 27.334
22 48 6.112 37.304
22 49 7.415 39.920
23 24 5.215 37.231
23 25 7.444 41.920
23 26 7.531 47.162
23 27 7.635 29.195
23 28 5.885 20.815
23 29 7.329 30.854
23 30 5.347 36.482
23 31 12.317 0.000
23 32 13.535 0.000
23 33 6.155 45.894
23 34 6.946 31.541
23 35 7.442 22.619
23 36 7.063 32.604
23 37 5.420 26.525
23 38 6.425 22.867
23 39 5.097 28.553
23 40 7.191 27.664
23 41 6.836 23.627
23 42 6.656 42.234
23 43 6.988 30.245
23 44 7.877 22.478
23 45 5.171 31.503
23 46 7.989 28.624
23 47 6.478 45.638
23 48 6.991 24.914
23 49 7.849 26.648
24 25 5.813 32.030
24 26 6.239 41.025
24 27 6.423 25.830
24 28 7.181 38.816
24 29 7.671 25.182
24 30 5.317 37.767
24 31 6.459 49.867
24 32 6.393 45.752
24 33 7.835 35.641
24 34 5.737 38.907
24 35 6.561 39.103
24 36 5.696 36.379
24 37 7.253 44.765
24 38 7.586 41.315
24 39 13.848 0.000
24 40 6.380 47.752
24 41 7.199 40.051
24 42 13.157 0.000
24 43 7.029 21.146
24 44 6.043 45.465
24 45 6.850 38.915
24 46 6.646 34.992
24 47 7.916 45.591
24 48 5.767 30.502
24 49 6.726 26.007
25 26 5.245 31.495
25 27 6.031 45.385
25 28 7.216 46.266
25 29 7.930 24.737
25 30 7.141 45.740
25 31 5.221 37.826
25 32 6.809 34.692
25 33 7.007 44.462
25 34 5.568 42.101
25 35 6.290 47.161
25 36 5.881 24.150
25 37 7.746 43.387
25 38 5.359 31.096
25 39 5.039 25.147
25 40 5.573 37.376
25 41 13.866 0.000
25 42 6.418 21.754
25 43 13.131 0.000
25 44 5.417 33.070
25 45 7.085 47.148
25 46 12.328 0.000
25 47 12.019 0.000
25 48 6.476 45.051
25 49 5.324 37.141
26 27 7.270 46.145
26 28 5.358 44.671
26 29 6.289 30.921
26 30 7.591 48.979
26 31 6.163 41.848
26 32 5.534 38.360
26 33 5.837 27.739
26 34 12.297 0.000
26 35 12.249 0.000
26 36 6.018 47.699
26 37 7.163 33.894
26 38 12.292 0.000
26 39 7.356 38.957
26 40 12.644 0.000
26 41 7.865 20.285
26 42 5.957 31.096
26 43 7.152 29.235
26 44 7.942 33.188
26 45 5.925 28.642
26 46 5.629 32.130
26 47 6.266 31.742
26 48 7.044 35.703
26 49 7.927 35.452
27 28 7.696 28.128
27 29 5.319 36.664
27 30 7.617 48.052
27 31 5.888 42.381
27 32 7.391 38.427
27 33 5.644 41.145
27 34 5.466 46.785
27 35 6.919 33.012
27 36 6.754 48.761
27 37 7.134 43.016
27 38 6.303 41.693
27 39 7.640 42.020
27 40 6.747 35.622
27 41 6.609 25.190
27 42 7.517 27.762
27 43 6.347 45.115
27 44 7.998 33.123
27 45 5.352 22.764
27 46 6.082 41.594
27 47 5.762 27.508
27 48 5.282 43.308
27 49 7.869 35.396
28 29 7.235 36.851
28 30 7.650 39.384
28 31 7.963 38.211
28 32 6.332 33.076
28 33 7.575 33.389
28 34 6.645 31.905
28 35 5.118 34.618
28 36 7.716 48.411
28 37 6.094 27.722
28 38 6.971 45.226
28 39 5.888 40.006
28 40 6.874 20.166
28 41 5.045 39.040
28 42 6.819 42.553
28 43 6.195 43.816
28 44 7.304 31.855
28 45 7.438 29.892
28 46 5.160 28.459
28 47 7.678 20.804
28 48 7.918 49.244
28 49 13.403 0.000
29 30 7.339 35.389
29 31 6.563 29.799
29 32 7.157 21.977
29 33 12.472 0.000
29 34 7.326 43.926
29 35 6.007 36.475
29 36 6.372 26.654
29 37 6.732 45.266
29 38 5.242 34.322
29 39 6.502 47.818
29 40 6.639 23.646
29 41 7.955 40.727
29 42 5.123 37.294
29 43 7.505 43.794
29 44 5.453 47.360
29 45 13.404 0.000
29 46 5.729 32.626
29 47 5.212 21.972
29 48 7.714 40.904
29 49 5.216 24.054
30 31 6.187 21.798
30 32 5.744 28.373
30 33 6.328 42.993
30 34 6.329 28.754
30 35 5.732 42.769
30 36 6.776 24.531
30 37 7.338 39.074
30 38 6.960 31.562
30 39 7.493 43.893
30 40 5.645 49.618
30 41 6.239 39.052
30 42 5.129 40.823
30 43 5.231 41.065
30 44 7.111 23.304
30 45 6.815 31.236
30 46 6.369 27.156
30 47 5.036 44.945
30 48 13.819 0.000
30 49 5.987 47.499
31 32 13.300 0.000
31 33 5.327 23.284
31 34 6.880 23.133
31 35 5.485 46.230
31 36 5.871 36.280
31 37 7.229 32.229
31 38 5.517 33.902
31 39 5.230 45.423
31 40 5.880 21.830
31 41 7.341 39.916
31 42 5.046 38.343
31 43 7.869 20.948
31 44 7.354 40.940
31 45 7.834 32.446
31 46 5.658 49.637
31 47 6.797 46.151
31 48 7.786 22.070
31 49 6.218 35.359
32 33 6.579 33.434
32 34 5.069 36.977
32 35 5.326 38.466
32 36 6.246 33.702
32 37 7.705 26.407
32 38 7.461 34.630
32 39 5.057 32.613
32 40 6.431 40.817
32 41 7.235 44.795
32 42 5.764 45.197
32 43 7.936 49.611
32 44 5.010 44.691
32 45 7.811 37.834
32 46 5.344 36.448
32 47 7.137 28.833
32 48 5.616 41.198
32 49 7.860 36.294
33 34 6.783 49.239
33 35 7.306 35.413
33 36 6.649 26.758
33 37 6.445 43.923
33 38 7.916 20.480
33 39 7.239 22.038
33 40 7.824 27.760
33 41 6.004 35.523
33 42 6.465 21.673
33 43 6.434 38.733
33 44 6.308 35.365
33 45 13.549 0.000
33 46 5.295 35.843
33 47 5.810 38.348
33 48 7.961 39.471
33 49 5.538 25.478
34 35 13.182 0.000
34 36 6.127 34.729
34 37 5.933 30.583
34 38 12.765 0.000
34 39 6.448 33.113
34 40 13.866 0.000
34 41 6.105 42.917
34 42 6.937 32.385
34 43 6.573 36.686
34 44 6.727 46.931
34 45 7.953 33.653
34 46 7.615 26.999
34 47 7.588 21.048
34 48 5.070 38.165
34 49 6.318 46.407
35 36 7.336 28.849
35 37 7.649 32.334
35 38 13.716 0.000
35 39 7.697 26.587
35 40 13.010 0.000
35 41 7.341 31.610
35 42 5.803 24.436
35 43 6.676 28.558
35 44 7.873 23.360
35 45 5.099 47.405
35 46 5.259 45.767
35 47 7.852 28.748
35 48 6.250 33.624
35 49 6.329 28.482
36 37 7.945 39.006
36 38 5.432 37.388
36 39 7.140 24.095
36 40 6.488 31.165
36 41 7.976 21.866
36 42 7.964 28.335
36 43 5.762 42.502
36 44 5.363 35.110
36 45 7.667 33.812
36 46 5.001 41.447
36 47 7.121 37.632
36 48 7.983 49.899
36 49 6.870 28.142
37 38 6.410 40.677
37 39 6.913 29.835
37 40 7.577 49.787
37 41 5.762 24.862
37 42 7.887 25.282
37 43 5.660 25.496
37 44 13.916 0.000
37 45 7.363 42.278
37 46 7.405 24.041
37 47 6.631 41.416
37 48 5.935 45.242
37 49 6.353 43.240
38 39 6.048 27.912
38 40 12.133 0.000
38 41 5.980 35.677
38 42 5.987 36.029
38 43 5.077 43.363
38 44 5.417 48.847
38 45 6.836 33.187
38 46 6.192 27.110
38 47 7.506 44.451
38 48 6.978 41.464
38 49 6.861 44.475
39 40 7.487 27.808
39 41 7.908 46.043
39 42 12.772 0.000
39 43 5.590 33.099
39 44 7.477 29.663
39 45 5.047 35.454
39 46 7.722 33.502
39 47 7.127 42.881
39 48 5.093 21.756
39 49 5.440 27.479
40 41 6.669 25.797
40 42 7.063 48.284
40 43 7.911 24.360
40 44 7.771 28.982
40 45 6.021 48.377
40 46 5.869 20.255
40 47 5.968 41.996
40 48 5.806 21.662
40 49 5.997 46.073
41 42 5.018 28.361
41 43 12.408 0.000
41 44 7.950 29.085
41 45 6.657 36.458
41 46 13.062 0.000
41 47 12.912 0.000
41 48 5.363 41.009
41 49 5.786 31.224
42 43 7.038 24.530
42 44 7.860 41.864
42 45 7.062 36.231
42 46 7.572 38.253
42 47 5.106 43.375
42 48 7.174 39.147
42 49 5.476 22.403
43 44 7.575 45.737
43 45 7.376 32.111
43 46 13.607 0.000
43 47 12.215 0.000
43 48 5.440 30.577
43 49 7.915 32.629
44 45 6.556 21.992
44 46 6.709 32.451
44 47 5.413 45.336
44 48 6.747 23.138
44 49 5.465 35.845
45 46 6.371 29.061
45 47 6.579 46.653
45 48 7.574 22.976
45 49 6.508 31.928
46 47 13.327 0.000
46 48 5.301 22.082
46 49 7.061 32.791
47 48 7.115 41.356
47 49 7.901 30.055
48 49 5.779 48.086
