50
70.51
0 1 7.245 0.544
0 2 7.522 0.406
0 3 7.532 0.401
0 4 7.026 0.653
0 5 5.364 1.484
0 6 5.47 1.431
0 7 5.624 1.354
0 8 5.258 1.537
0 9 5.329 1.502
0 10 4.267 2.033
0 11 4.344 1.995
0 12 4.296 2.019
0 13 4.108 2.113
0 14 4.194 2.07
0 15 3.542 2.395
0 16 3.39 2.472
0 17 3.685 2.324
0 18 3.518 2.408
0 19 3.626 2.354
0 20 2.954 2.69
0 21 3.056 2.639
0 22 2.82 2.757
0 23 3.033 2.65
0 24 2.944 2.695
0 25 2.372 2.981
0 26 2.29 3.022
0 27 2.433 2.95
0 28 2.261 3.036
0 29 2.468 2.933
0 30 1.787 3.273
0 31 1.887 3.223
0 32 1.72 3.307
0 33 1.767 3.283
0 34 1.739 3.297
0 35 1.25 3.542
0 36 1.194 3.57
0 37 1.163 3.585
0 38 1.205 3.564
0 39 1.286 3.524
0 40 0.781 3.776
0 41 0.802 3.765
0 42 0.766 3.783
0 43 0.817 3.758
0 44 0.757 3.788
0 45 0.355 3.989
0 46 0.401 3.966
0 47 0.354 3.99
0 48 0.389 3.972
0 49 0.43 3.952
1 2 7.093 0.62
1 3 7.56 0.387
1 4 6.922 0.706
1 5 5.417 1.458
1 6 5.54 1.397
1 7 5.681 1.326
1 8 5.302 1.516
1 9 5.343 1.495
1 10 4.295 2.019
1 11 4.367 1.983
1 12 4.333 2.0
1 13 4.143 2.095
1 14 4.235 2.049
1 15 3.551 2.391
1 16 3.4 2.467
1 17 3.698 2.318
1 18 3.529 2.402
1 19 3.642 2.346
1 20 2.946 2.694
1 21 3.048 2.643
1 22 2.812 2.761
1 23 3.027 2.653
1 24 2.932 2.701
1 25 2.354 2.99
1 26 2.271 3.031
1 27 2.412 2.961
1 28 2.241 3.046
1 29 2.451 2.941
1 30 1.766 3.284
1 31 1.865 3.234
1 32 1.699 3.317
1 33 1.749 3.292
1 34 1.716 3.309
1 35 1.229 3.552
1 36 1.173 3.58
1 37 1.143 3.595
1 38 1.186 3.574
1 39 1.266 3.534
1 40 0.765 3.784
1 41 0.787 3.773
1 42 0.75 3.792
1 43 0.801 3.766
1 44 0.741 3.796
1 45 0.345 3.994
1 46 0.39 3.972
1 47 0.345 3.994
1 48 0.377 3.978
1 49 0.418 3.957
2 3 7.353 0.49
2 4 7.094 0.62
2 5 5.278 1.528
2 6 5.38 1.477
2 7 5.527 1.403
2 8 5.167 1.583
2 9 5.243 1.545
2 10 4.203 2.065
2 11 4.279 2.027
2 12 4.232 2.051
2 13 4.044 2.145
2 14 4.13 2.102
2 15 3.486 2.424
2 16 3.336 2.499
2 17 3.626 2.354
2 18 3.462 2.436
2 19 3.568 2.383
2 20 2.903 2.715
2 21 3.003 2.665
2 22 2.771 2.781
2 23 2.98 2.677
2 24 2.893 2.72
2 25 2.326 3.004
2 26 2.245 3.044
2 27 2.388 2.973
2 28 2.217 3.058
2 29 2.421 2.956
2 30 1.746 3.294
2 31 1.845 3.244
2 32 1.679 3.327
2 33 1.725 3.304
2 34 1.699 3.317
2 35 1.211 3.561
2 36 1.156 3.589
2 37 1.125 3.604
2 38 1.167 3.583
2 39 1.247 3.543
2 40 0.744 3.795
2 41 0.765 3.784
2 42 0.73 3.802
2 43 0.78 3.776
2 44 0.72 3.807
2 45 0.319 4.007
2 46 0.365 3.984
2 47 0.317 4.008
2 48 0.353 3.99
2 49 0.393 3.97
3 4 7.063 0.635
3 5 5.384 1.474
3 6 5.499 1.417
3 7 5.646 1.344
3 8 5.27 1.532
3 9 5.327 1.503
3 10 4.274 2.029
3 11 4.349 1.992
3 12 4.309 2.012
3 13 4.119 2.107
3 14 4.208 2.063
3 15 3.539 2.397
3 16 3.388 2.473
3 17 3.683 2.325
3 18 3.516 2.409
3 19 3.626 2.354
3 20 2.94 2.696
3 21 3.042 2.646
3 22 2.807 2.763
3 23 3.02 2.657
3 24 2.928 2.703
3 25 2.352 2.991
3 26 2.27 3.032
3 27 2.412 2.961
3 28 2.241 3.046
3 29 2.449 2.942
3 30 1.766 3.284
3 31 1.865 3.234
3 32 1.699 3.317
3 33 1.747 3.293
3 34 1.717 3.308
3 35 1.229 3.552
3 36 1.173 3.58
3 37 1.143 3.595
3 38 1.185 3.574
3 39 1.266 3.534
3 40 0.763 3.785
3 41 0.785 3.774
3 42 0.748 3.792
3 43 0.8 3.767
3 44 0.739 3.797
3 45 0.341 3.996
3 46 0.386 3.973
3 47 0.34 3.997
3 48 0.374 3.98
3 49 0.415 3.959
4 5 5.399 1.467
4 6 5.504 1.415
4 7 5.646 1.343
4 8 5.253 1.54
4 9 5.346 1.494
4 10 4.291 2.021
4 11 4.366 1.984
4 12 4.328 2.003
4 13 4.125 2.104
4 14 4.217 2.058
4 15 3.546 2.394
4 16 3.399 2.467
4 17 3.683 2.325
4 18 3.525 2.404
4 19 3.631 2.351
4 20 2.935 2.699
4 21 3.028 2.653
4 22 2.808 2.763
4 23 3.008 2.662
4 24 2.92 2.707
4 25 2.335 2.999
4 26 2.254 3.04
4 27 2.398 2.967
4 28 2.224 3.055
4 29 2.431 2.951
4 30 1.741 3.296
4 31 1.837 3.248
4 32 1.672 3.33
4 33 1.721 3.306
4 34 1.69 3.321
4 35 1.2 3.566
4 36 1.147 3.593
4 37 1.112 3.611
4 38 1.158 3.588
4 39 1.238 3.548
4 40 0.735 3.799
4 41 0.755 3.789
4 42 0.72 3.807
4 43 0.773 3.78
4 44 0.709 3.812
4 45 0.316 4.009
4 46 0.362 3.985
4 47 0.315 4.009
4 48 0.349 3.992
4 49 0.389 3.972
5 6 7.374 0.479
5 7 7.11 0.612
5 8 7.107 0.613
5 9 6.997 0.668
5 10 5.535 1.399
5 11 5.629 1.352
5 12 5.595 1.369
5 13 5.314 1.51
5 14 5.444 1.445
5 15 4.504 1.915
5 16 4.327 2.003
5 17 4.685 1.824
5 18 4.486 1.924
5 19 4.63 1.851
5 20 3.7 2.316
5 21 3.797 2.268
5 22 3.559 2.387
5 23 3.787 2.273
5 24 3.661 2.336
5 25 2.946 2.694
5 26 2.853 2.74
5 27 3.006 2.664
5 28 2.814 2.76
5 29 3.062 2.636
5 30 2.248 3.043
5 31 2.347 2.993
5 32 2.175 3.079
5 33 2.242 3.046
5 34 2.18 3.076
5 35 1.657 3.338
5 36 1.599 3.367
5 37 1.554 3.389
5 38 1.618 3.358
5 39 1.703 3.315
5 40 1.178 3.578
5 41 1.194 3.57
5 42 1.159 3.587
5 43 1.223 3.555
5 44 1.144 3.595
5 45 0.763 3.785
5 46 0.814 3.76
5 47 0.768 3.783
5 48 0.793 3.77
5 49 0.838 3.748
6 7 7.313 0.51
6 8 6.899 0.717
6 9 6.748 0.793
6 10 5.399 1.467
6 11 5.482 1.426
6 12 5.468 1.433
6 13 5.199 1.567
6 14 5.33 1.501
6 15 4.398 1.967
6 16 4.226 2.054
6 17 4.578 1.877
6 18 4.382 1.976
6 19 4.526 1.904
6 20 3.612 2.36
6 21 3.71 2.312
6 22 3.472 2.431
6 23 3.699 2.317
6 24 3.574 2.38
6 25 2.873 2.73
6 26 2.781 2.776
6 27 2.931 2.701
6 28 2.743 2.795
6 29 2.988 2.673
6 30 2.187 3.073
6 31 2.286 3.023
6 32 2.115 3.109
6 33 2.181 3.076
6 34 2.121 3.106
6 35 1.603 3.365
6 36 1.545 3.394
6 37 1.503 3.415
6 38 1.564 3.385
6 39 1.648 3.343
6 40 1.128 3.603
6 41 1.145 3.594
6 42 1.109 3.612
6 43 1.172 3.581
6 44 1.095 3.619
6 45 0.716 3.809
6 46 0.765 3.784
6 47 0.72 3.806
6 48 0.745 3.794
6 49 0.79 3.772
7 8 6.799 0.767
7 9 6.798 0.768
7 10 5.288 1.523
7 11 5.38 1.477
7 12 5.337 1.498
7 13 5.085 1.624
7 14 5.203 1.565
7 15 4.334 2.0
7 16 4.16 2.087
7 17 4.509 1.912
7 18 4.314 2.01
7 19 4.451 1.941
7 20 3.579 2.377
7 21 3.68 2.327
7 22 3.437 2.448
7 23 3.666 2.334
7 24 3.547 2.393
7 25 2.859 2.737
7 26 2.767 2.783
7 27 2.919 2.707
7 28 2.731 2.801
7 29 2.972 2.681
7 30 2.182 3.076
7 31 2.282 3.026
7 32 2.11 3.112
7 33 2.173 3.08
7 34 2.118 3.108
7 35 1.599 3.367
7 36 1.541 3.396
7 37 1.5 3.417
7 38 1.559 3.387
7 39 1.643 3.345
7 40 1.12 3.606
7 41 1.138 3.597
7 42 1.103 3.615
7 43 1.164 3.585
7 44 1.089 3.622
7 45 0.702 3.815
7 46 0.752 3.791
7 47 0.706 3.814
7 48 0.733 3.8
7 49 0.777 3.778
8 9 7.032 0.651
8 10 5.646 1.344
8 11 5.752 1.291
8 12 5.679 1.327
8 13 5.429 1.452
8 14 5.545 1.394
8 15 4.62 1.857
8 16 4.43 1.952
8 17 4.817 1.758
8 18 4.596 1.869
8 19 4.748 1.792
8 20 3.819 2.257
8 21 3.927 2.203
8 22 3.667 2.333
8 23 3.913 2.21
8 24 3.782 2.275
8 25 3.06 2.637
8 26 2.964 2.685
8 27 3.119 2.607
8 28 2.925 2.704
8 29 3.179 2.577
8 30 2.355 2.989
8 31 2.458 2.938
8 32 2.282 3.026
8 33 2.349 2.992
8 34 2.287 3.023
8 35 1.757 3.288
8 36 1.697 3.318
8 37 1.655 3.339
8 38 1.717 3.308
8 39 1.803 3.265
8 40 1.272 3.531
8 41 1.289 3.522
8 42 1.253 3.54
8 43 1.316 3.508
8 44 1.238 3.548
8 45 0.85 3.741
8 46 0.9 3.716
8 47 0.855 3.739
8 48 0.88 3.726
8 49 0.926 3.704
9 10 5.578 1.378
9 11 5.704 1.315
9 12 5.587 1.373
9 13 5.33 1.502
9 14 5.43 1.452
9 15 4.591 1.871
9 16 4.403 1.965
9 17 4.769 1.782
9 18 4.564 1.885
9 19 4.701 1.816
9 20 3.808 2.263
9 21 3.91 2.212
9 22 3.662 2.336
9 23 3.894 2.219
9 24 3.777 2.278
9 25 3.056 2.639
9 26 2.963 2.685
9 27 3.123 2.605
9 28 2.925 2.704
9 29 3.173 2.58
9 30 2.351 2.991
9 31 2.452 2.94
9 32 2.276 3.029
9 33 2.34 2.997
9 34 2.285 3.024
9 35 1.749 3.292
9 36 1.692 3.321
9 37 1.645 3.344
9 38 1.709 3.312
9 39 1.795 3.269
9 40 1.259 3.537
9 41 1.276 3.529
9 42 1.241 3.546
9 43 1.305 3.514
9 44 1.224 3.555
9 45 0.832 3.75
9 46 0.884 3.725
9 47 0.835 3.749
9 48 0.865 3.734
9 49 0.909 3.712
10 11 7.387 0.473
10 12 7.213 0.56
10 13 7.024 0.654
10 14 7.032 0.65
10 15 5.652 1.34
10 16 5.434 1.45
10 17 5.891 1.221
10 18 5.653 1.34
10 19 5.864 1.235
10 20 4.495 1.919
10 21 4.568 1.883
10 22 4.354 1.989
10 23 4.582 1.876
10 24 4.411 1.961
10 25 3.529 2.402
10 26 3.427 2.453
10 27 3.588 2.373
10 28 3.377 2.478
10 29 3.665 2.334
10 30 2.714 2.81
10 31 2.81 2.762
10 32 2.637 2.848
10 33 2.723 2.805
10 34 2.627 2.853
10 35 2.073 3.13
10 36 2.016 3.159
10 37 1.955 3.189
10 38 2.042 3.146
10 39 2.129 3.102
10 40 1.586 3.373
10 41 1.597 3.368
10 42 1.564 3.385
10 43 1.642 3.346
10 44 1.541 3.396
10 45 1.182 3.575
10 46 1.239 3.547
10 47 1.192 3.57
10 48 1.21 3.562
10 49 1.258 3.538
11 12 6.966 0.684
11 13 6.746 0.794
11 14 6.75 0.791
11 15 5.599 1.367
11 16 5.37 1.482
11 17 5.832 1.251
11 18 5.586 1.374
11 19 5.783 1.275
11 20 4.483 1.925
11 21 4.562 1.886
11 22 4.337 1.998
11 23 4.57 1.882
11 24 4.407 1.963
11 25 3.531 2.401
11 26 3.429 2.452
11 27 3.594 2.37
11 28 3.38 2.476
11 29 3.667 2.333
11 30 2.72 2.807
11 31 2.818 2.758
11 32 2.642 2.846
11 33 2.725 2.804
11 34 2.635 2.849
11 35 2.077 3.128
11 36 2.02 3.157
11 37 1.959 3.187
11 38 2.044 3.145
11 39 2.132 3.1
11 40 1.585 3.374
11 41 1.596 3.369
11 42 1.563 3.385
11 43 1.64 3.347
11 44 1.54 3.397
11 45 1.174 3.58
11 46 1.23 3.552
11 47 1.182 3.575
11 48 1.203 3.565
11 49 1.251 3.541
12 13 6.921 0.706
12 14 7.239 0.547
12 15 5.485 1.424
12 16 5.296 1.518
12 17 5.706 1.314
12 18 5.499 1.417
12 19 5.703 1.315
12 20 4.361 1.986
12 21 4.428 1.953
12 22 4.229 2.052
12 23 4.444 1.945
12 24 4.274 2.03
12 25 3.415 2.459
12 26 3.314 2.509
12 27 3.469 2.432
12 28 3.265 2.534
12 29 3.549 2.392
12 30 2.615 2.859
12 31 2.709 2.812
12 32 2.54 2.897
12 33 2.626 2.854
12 34 2.528 2.902
12 35 1.986 3.174
12 36 1.929 3.202
12 37 1.869 3.232
12 38 1.956 3.189
12 39 2.042 3.146
12 40 1.509 3.412
12 41 1.52 3.407
12 42 1.486 3.423
12 43 1.563 3.385
12 44 1.464 3.435
12 45 1.114 3.609
12 46 1.17 3.582
12 47 1.125 3.604
12 48 1.14 3.597
12 49 1.189 3.572
13 14 7.266 0.534
13 15 5.795 1.269
13 16 5.584 1.375
13 17 6.069 1.132
13 18 5.814 1.26
13 19 6.067 1.133
13 20 4.58 1.877
13 21 4.653 1.84
13 22 4.438 1.948
13 23 4.674 1.83
13 24 4.482 1.926
13 25 3.587 2.373
13 26 3.483 2.425
13 27 3.637 2.348
13 28 3.431 2.451
13 29 3.727 2.303
13 30 2.763 2.785
13 31 2.859 2.737
13 32 2.687 2.823
13 33 2.778 2.778
13 34 2.672 2.831
13 35 2.122 3.105
13 36 2.063 3.135
13 37 2.003 3.165
13 38 2.092 3.12
13 39 2.18 3.077
13 40 1.641 3.346
13 41 1.652 3.341
13 42 1.618 3.358
13 43 1.697 3.318
13 44 1.595 3.369
13 45 1.245 3.544
13 46 1.3 3.516
13 47 1.257 3.538
13 48 1.27 3.532
13 49 1.32 3.507
14 15 5.584 1.375
14 16 5.395 1.469
14 17 5.83 1.252
14 18 5.605 1.364
14 19 5.834 1.25
14 20 4.432 1.951
14 21 4.502 1.916
14 22 4.295 2.019
14 23 4.521 1.906
14 24 4.337 1.998
14 25 3.47 2.432
14 26 3.368 2.483
14 27 3.519 2.407
14 28 3.317 2.508
14 29 3.607 2.363
14 30 2.664 2.835
14 31 2.759 2.787
14 32 2.59 2.872
14 33 2.679 2.827
14 34 2.575 2.879
14 35 2.034 3.15
14 36 1.975 3.179
14 37 1.917 3.208
14 38 2.004 3.165
14 39 2.09 3.122
14 40 1.559 3.387
14 41 1.57 3.382
14 42 1.535 3.399
14 43 1.613 3.36
14 44 1.514 3.41
14 45 1.167 3.583
14 46 1.222 3.556
14 47 1.179 3.577
14 48 1.191 3.571
14 49 1.241 3.546
15 16 7.062 0.636
15 17 7.016 0.659
15 18 7.507 0.413
15 19 7.104 0.615
15 20 5.525 1.404
15 21 5.546 1.394
15 22 5.37 1.482
15 23 5.604 1.365
15 24 5.369 1.482
15 25 4.255 2.039
15 26 4.141 2.096
15 27 4.316 2.009
15 28 4.078 2.128
15 29 4.417 1.958
15 30 3.3 2.516
15 31 3.394 2.47
15 32 3.215 2.559
15 33 3.319 2.507
15 34 3.192 2.57
15 35 2.596 2.869
15 36 2.539 2.897
15 37 2.459 2.937
15 38 2.569 2.882
15 39 2.662 2.836
15 40 2.085 3.124
15 41 2.091 3.121
15 42 2.06 3.137
15 43 2.15 3.092
15 44 2.029 3.152
15 45 1.67 3.332
15 46 1.733 3.3
15 47 1.682 3.326
15 48 1.699 3.317
15 49 1.751 3.291
16 17 6.547 0.893
16 18 7.199 0.567
16 19 6.73 0.802
16 20 5.599 1.367
16 21 5.557 1.388
16 22 5.493 1.42
16 23 5.642 1.346
16 24 5.411 1.461
16 25 4.294 2.02
16 26 4.183 2.075
16 27 4.35 1.991
16 28 4.118 2.108
16 29 4.455 1.939
16 30 3.328 2.503
16 31 3.415 2.459
16 32 3.243 2.545
16 33 3.353 2.49
16 34 3.215 2.559
16 35 2.625 2.854
16 36 2.57 2.882
16 37 2.484 2.925
16 38 2.601 2.866
16 39 2.693 2.82
16 40 2.123 3.105
16 41 2.126 3.104
16 42 2.097 3.118
16 43 2.191 3.071
16 44 2.063 3.135
16 45 1.721 3.306
16 46 1.785 3.274
16 47 1.735 3.299
16 48 1.748 3.293
16 49 1.8 3.267
17 18 6.926 0.704
17 19 7.286 0.524
17 20 5.339 1.497
17 21 5.416 1.459
17 22 5.158 1.588
17 23 5.452 1.441
17 24 5.21 1.562
17 25 4.151 2.091
17 26 4.034 2.149
17 27 4.205 2.064
17 28 3.975 2.179
17 29 4.31 2.011
17 30 3.226 2.554
17 31 3.325 2.504
17 32 3.143 2.595
17 33 3.244 2.544
17 34 3.123 2.605
17 35 2.532 2.9
17 36 2.472 2.931
17 37 2.401 2.966
17 38 2.503 2.915
17 39 2.596 2.869
17 40 2.023 3.155
17 41 2.032 3.151
17 42 1.998 3.168
17 43 2.084 3.125
17 44 1.971 3.181
17 45 1.605 3.364
17 46 1.665 3.334
17 47 1.617 3.358
17 48 1.633 3.35
17 49 1.685 3.324
18 19 7.175 0.579
18 20 5.466 1.433
18 21 5.472 1.431
18 22 5.331 1.501
18 23 5.536 1.399
18 24 5.303 1.515
18 25 4.209 2.062
18 26 4.097 2.118
18 27 4.266 2.034
18 28 4.034 2.15
18 29 4.369 1.982
18 30 3.262 2.536
18 31 3.353 2.49
18 32 3.178 2.578
18 33 3.284 2.525
18 34 3.153 2.59
18 35 2.565 2.884
18 36 2.508 2.913
18 37 2.428 2.953
18 38 2.539 2.897
18 39 2.631 2.851
18 40 2.061 3.136
18 41 2.066 3.134
18 42 2.036 3.149
18 43 2.127 3.103
18 44 2.004 3.165
18 45 1.654 3.34
18 46 1.717 3.308
18 47 1.667 3.333
18 48 1.682 3.326
18 49 1.734 3.3
19 20 5.302 1.515
19 21 5.344 1.495
19 22 5.15 1.592
19 23 5.394 1.47
19 24 5.157 1.588
19 25 4.106 2.114
19 26 3.993 2.17
19 27 4.158 2.088
19 28 3.933 2.2
19 29 4.263 2.035
19 30 3.184 2.575
19 31 3.278 2.528
19 32 3.102 2.616
19 33 3.206 2.564
19 34 3.078 2.627
19 35 2.497 2.918
19 36 2.438 2.948
19 37 2.365 2.984
19 38 2.47 2.932
19 39 2.561 2.886
19 40 1.997 3.168
19 41 2.004 3.165
19 42 1.972 3.181
19 43 2.06 3.137
19 44 1.943 3.195
19 45 1.591 3.371
19 46 1.652 3.341
19 47 1.604 3.365
19 48 1.618 3.358
19 49 1.669 3.332
20 21 6.954 0.69
20 22 6.942 0.695
20 23 7.159 0.587
20 24 7.172 0.581
20 25 5.36 1.487
20 26 5.211 1.561
20 27 5.432 1.451
20 28 5.125 1.604
20 29 5.58 1.377
20 30 4.138 2.098
20 31 4.238 2.048
20 32 4.034 2.149
20 33 4.161 2.086
20 34 4.003 2.165
20 35 3.315 2.509
20 36 3.254 2.539
20 37 3.153 2.59
20 38 3.287 2.523
20 39 3.392 2.471
20 40 2.737 2.798
20 41 2.742 2.796
20 42 2.711 2.811
20 43 2.814 2.76
20 44 2.671 2.831
20 45 2.267 3.033
20 46 2.34 2.997
20 47 2.276 3.029
20 48 2.305 3.014
20 49 2.359 2.987
21 22 6.379 0.977
21 23 7.452 0.441
21 24 6.982 0.676
21 25 5.335 1.499
21 26 5.172 1.581
21 27 5.395 1.469
21 28 5.092 1.621
21 29 5.563 1.385
21 30 4.139 2.097
21 31 4.255 2.039
21 32 4.037 2.148
21 33 4.159 2.087
21 34 4.011 2.161
21 35 3.315 2.509
21 36 3.247 2.543
21 37 3.16 2.587
21 38 3.281 2.526
21 39 3.388 2.472
21 40 2.726 2.804
21 41 2.735 2.799
21 42 2.7 2.817
21 43 2.796 2.768
21 44 2.666 2.833
21 45 2.24 3.047
21 46 2.309 3.012
21 47 2.248 3.043
21 48 2.277 3.028
21 49 2.333 3.0
22 23 6.525 0.904
22 24 6.699 0.817
22 25 5.375 1.479
22 26 5.248 1.543
22 27 5.451 1.441
22 28 5.159 1.587
22 29 5.575 1.379
22 30 4.155 2.089
22 31 4.238 2.048
22 32 4.052 2.141
22 33 4.183 2.075
22 34 4.013 2.16
22 35 3.338 2.498
22 36 3.284 2.525
22 37 3.169 2.582
22 38 3.316 2.509
22 39 3.419 2.457
22 40 2.773 2.78
22 41 2.772 2.781
22 42 2.747 2.793
22 43 2.855 2.739
22 44 2.7 2.817
22 45 2.318 3.007
22 46 2.395 2.969
22 47 2.329 3.002
22 48 2.356 2.989
22 49 2.41 2.962
23 24 6.97 0.682
23 25 5.294 1.52
23 26 5.137 1.598
23 27 5.349 1.492
23 28 5.055 1.639
23 29 5.517 1.408
23 30 4.102 2.116
23 31 4.212 2.061
23 32 4.002 2.166
23 33 4.128 2.103
23 34 3.972 2.181
23 35 3.287 2.523
23 36 3.221 2.556
23 37 3.131 2.601
23 38 3.256 2.539
23 39 3.362 2.486
23 40 2.708 2.812
23 41 2.716 2.809
23 42 2.682 2.826
23 43 2.78 2.776
23 44 2.647 2.843
23 45 2.234 3.05
23 46 2.303 3.015
23 47 2.243 3.045
23 48 2.27 3.032
23 49 2.325 3.004
24 25 5.526 1.404
24 26 5.365 1.484
24 27 5.62 1.356
24 28 5.278 1.528
24 29 5.76 1.286
24 30 4.255 2.039
24 31 4.363 1.985
24 32 4.146 2.094
24 33 4.27 2.032
24 34 4.121 2.106
24 35 3.406 2.464
24 36 3.344 2.495
24 37 3.242 2.546
24 38 3.374 2.48
24 39 3.482 2.425
24 40 2.806 2.764
24 41 2.812 2.761
24 42 2.781 2.776
24 43 2.882 2.726
24 44 2.741 2.796
24 45 2.315 3.009
24 46 2.388 2.973
24 47 2.32 3.006
24 48 2.355 2.989
24 49 2.409 2.962
25 26 7.297 0.518
25 27 7.114 0.61
25 28 7.09 0.622
25 29 7.182 0.576
25 30 5.37 1.482
25 31 5.499 1.417
25 32 5.22 1.557
25 33 5.383 1.475
25 34 5.181 1.576
25 35 4.279 2.027
25 36 4.207 2.063
25 37 4.077 2.128
25 38 4.239 2.047
25 39 4.372 1.98
25 40 3.556 2.389
25 41 3.563 2.385
25 42 3.53 2.402
25 43 3.644 2.345
25 44 3.482 2.426
25 45 2.961 2.686
25 46 3.044 2.644
25 47 2.959 2.687
25 48 3.017 2.658
25 49 3.074 2.63
26 27 6.939 0.697
26 28 7.572 0.381
26 29 6.795 0.769
26 30 5.51 1.412
26 31 5.624 1.355
26 32 5.351 1.491
26 33 5.519 1.407
26 34 5.308 1.513
26 35 4.383 1.975
26 36 4.315 2.009
26 37 4.172 2.081
26 38 4.345 1.994
26 39 4.481 1.926
26 40 3.646 2.344
26 41 3.651 2.341
26 42 3.621 2.356
26 43 3.739 2.297
26 44 3.568 2.383
26 45 3.042 2.646
26 46 3.128 2.603
26 47 3.038 2.648
26 48 3.1 2.617
26 49 3.157 2.588
27 28 6.825 0.754
27 29 6.999 0.667
27 30 5.245 1.544
27 31 5.366 1.484
27 32 5.091 1.621
27 33 5.227 1.553
27 34 5.074 1.63
27 35 4.178 2.078
27 36 4.114 2.109
27 37 3.978 2.178
27 38 4.137 2.098
27 39 4.267 2.033
27 40 3.458 2.438
27 41 3.464 2.435
27 42 3.436 2.449
27 43 3.547 2.393
27 44 3.384 2.475
27 45 2.866 2.734
27 46 2.95 2.692
27 47 2.861 2.736
27 48 2.924 2.705
27 49 2.978 2.677
28 29 6.64 0.847
28 30 5.606 1.364
28 31 5.722 1.306
28 32 5.438 1.448
28 33 5.605 1.364
28 34 5.399 1.467
28 35 4.447 1.943
28 36 4.379 1.977
28 37 4.232 2.05
28 38 4.407 1.963
28 39 4.545 1.894
28 40 3.694 2.32
28 41 3.7 2.317
28 42 3.67 2.332
28 43 3.788 2.273
28 44 3.616 2.359
28 45 3.077 2.628
28 46 3.164 2.585
28 47 3.071 2.631
28 48 3.137 2.598
28 49 3.194 2.57
29 30 5.167 1.583
29 31 5.298 1.518
29 32 5.029 1.652
29 33 5.186 1.573
29 34 4.991 1.671
29 35 4.13 2.102
29 36 4.058 2.138
29 37 3.938 2.198
29 38 4.092 2.121
29 39 4.22 2.057
29 40 3.432 2.45
29 41 3.441 2.446
29 42 3.406 2.464
29 43 3.517 2.408
29 44 3.361 2.486
29 45 2.858 2.738
29 46 2.938 2.698
29 47 2.857 2.738
29 48 2.909 2.712
29 49 2.967 2.683
30 31 7.116 0.609
30 32 7.294 0.52
30 33 7.103 0.615
30 34 7.164 0.585
30 35 5.544 1.394
30 36 5.437 1.448
30 37 5.259 1.537
30 38 5.465 1.434
30 39 5.667 1.333
30 40 4.512 1.911
30 41 4.531 1.901
30 42 4.49 1.922
30 43 4.61 1.862
30 44 4.434 1.95
30 45 3.699 2.317
30 46 3.791 2.271
30 47 3.674 2.33
30 48 3.783 2.275
30 49 3.842 2.246
31 32 6.849 0.742
31 33 6.846 0.744
31 34 6.869 0.732
31 35 5.365 1.484
31 36 5.247 1.543
31 37 5.116 1.609
31 38 5.278 1.528
31 39 5.47 1.432
31 40 4.37 1.981
31 41 4.397 1.968
31 42 4.348 1.993
31 43 4.455 1.939
31 44 4.304 2.014
31 45 3.575 2.379
31 46 3.66 2.337
31 47 3.551 2.391
31 48 3.653 2.34
31 49 3.712 2.311
32 33 7.138 0.598
32 34 7.195 0.569
32 35 5.726 1.304
32 36 5.601 1.366
32 37 5.426 1.454
32 38 5.643 1.345
32 39 5.86 1.237
32 40 4.647 1.843
32 41 4.669 1.832
32 42 4.623 1.855
32 43 4.744 1.794
32 44 4.568 1.883
32 45 3.806 2.263
32 46 3.898 2.218
32 47 3.78 2.277
32 48 3.891 2.221
32 49 3.952 2.191
33 34 6.733 0.8
33 35 5.544 1.395
33 36 5.424 1.455
33 37 5.259 1.537
33 38 5.484 1.424
33 39 5.681 1.326
33 40 4.556 1.888
33 41 4.574 1.88
33 42 4.527 1.903
33 43 4.656 1.839
33 44 4.473 1.93
33 45 3.766 2.284
33 46 3.857 2.238
33 47 3.748 2.293
33 48 3.842 2.246
33 49 3.907 2.213
34 35 5.7 1.317
34 36 5.584 1.375
34 37 5.414 1.46
34 38 5.595 1.369
34 39 5.81 1.262
34 40 4.595 1.869
34 41 4.622 1.856
34 42 4.578 1.877
34 43 4.687 1.823
34 44 4.525 1.904
34 45 3.738 2.297
34 46 3.829 2.252
34 47 3.706 2.313
34 48 3.829 2.252
34 49 3.885 2.224
35 36 7.223 0.555
35 37 6.945 0.694
35 38 7.336 0.499
35 39 7.381 0.476
35 40 5.652 1.341
35 41 5.7 1.317
35 42 5.639 1.347
35 43 5.746 1.294
35 44 5.571 1.381
35 45 4.486 1.924
35 46 4.581 1.876
35 47 4.427 1.953
35 48 4.607 1.863
35 49 4.666 1.834
36 37 6.803 0.765
36 38 7.287 0.523
36 39 7.047 0.643
36 40 5.735 1.299
36 41 5.762 1.286
36 42 5.735 1.299
36 43 5.858 1.238
36 44 5.631 1.351
36 45 4.55 1.892
36 46 4.654 1.839
36 47 4.484 1.925
36 48 4.684 1.825
36 49 4.736 1.799
37 38 6.833 0.75
37 39 6.668 0.833
37 40 5.842 1.246
37 41 5.935 1.199
37 42 5.837 1.248
37 43 5.873 1.23
37 44 5.816 1.259
37 45 4.582 1.876
37 46 4.662 1.835
37 47 4.513 1.91
37 48 4.708 1.813
37 49 4.764 1.785
38 39 7.262 0.535
38 40 5.783 1.275
38 41 5.815 1.259
38 42 5.764 1.285
38 43 5.907 1.213
38 44 5.673 1.33
38 45 4.597 1.868
38 46 4.699 1.817
38 47 4.539 1.897
38 48 4.721 1.806
38 49 4.783 1.775
39 40 5.573 1.38
39 41 5.607 1.363
39 42 5.553 1.39
39 43 5.686 1.324
39 44 5.476 1.429
39 45 4.458 1.938
39 46 4.557 1.888
39 47 4.406 1.964
39 48 4.574 1.88
39 49 4.635 1.849
40 41 7.363 0.485
40 42 7.546 0.394
40 43 7.166 0.584
40 44 7.156 0.589
40 45 5.515 1.409
40 46 5.609 1.362
40 47 5.405 1.464
40 48 5.692 1.321
40 49 5.76 1.287
41 42 7.267 0.533
41 43 6.875 0.729
41 44 7.428 0.453
41 45 5.413 1.46
41 46 5.485 1.424
41 47 5.307 1.513
41 48 5.573 1.38
41 49 5.64 1.347
42 43 7.087 0.623
42 44 7.16 0.586
42 45 5.487 1.423
42 46 5.582 1.375
42 47 5.368 1.482
42 48 5.677 1.328
42 49 5.731 1.301
43 44 6.683 0.825
43 45 5.466 1.434
43 46 5.594 1.37
43 47 5.368 1.483
43 48 5.647 1.343
43 49 5.717 1.308
44 45 5.461 1.436
44 46 5.518 1.407
44 47 5.345 1.494
44 48 5.626 1.354
44 49 5.684 1.325
45 46 7.191 0.571
45 47 7.284 0.525
45 48 7.139 0.597
45 49 7.153 0.59
46 47 6.978 0.677
46 48 7.251 0.541
46 49 7.311 0.511
47 48 6.772 0.781
47 49 6.861 0.736
48 49 7.403 0.465