50
78.4
0 1 5 2.5
0 2 10 2.7
0 3 0 1.8
0 4 15 2.7
0 5 35 1.5
0 6 0 2
0 7 10 2.45
0 8 5 1.55
0 9 40 0.1
0 10 30 0.4
0 11 15 1.9
0 12 25 1.85
0 13 45 2.55
0 14 50 2.8
0 15 30 0.2
0 16 45 2.45
0 17 80 0.5
0 18 40 0.25
0 19 5 1.5
0 20 30 0.45
0 21 35 0.15
0 22 10 0.85
0 23 70 1.95
0 24 30 2.15
0 25 35 1.5
0 26 20 2.5
0 27 25 2
0 28 80 2.5
0 29 85 2
0 30 10 0.95
0 31 25 0.25
0 32 25 1.15
0 33 60 1.65
0 34 5 2.5
0 35 35 1.85
0 36 55 1.95
0 37 35 1.5
0 38 20 2.1
0 39 70 4.3
0 40 30 3.1
0 41 25 2.6
0 42 80 3.6
0 43 30 1.25
0 44 45 1.15
0 45 55 1.4
0 46 5 0.8
0 47 50 0.05
0 48 15 2.15
0 49 40 2
1 2 60 1.95
1 3 80 1.4
1 4 45 2.1
1 5 95 1.55
1 6 30 0.95
1 7 50 1.5
1 8 25 2.1
1 9 30 1.45
1 10 50 2.5
1 11 65 1.75
1 12 70 5.5
1 13 25 3.1
1 14 15 1.25
1 15 75 2.35
1 16 10 3
1 17 5 1.5
1 18 5 2.4
1 19 5 2.55
1 20 85 2.35
1 21 20 2.1
1 22 10 1.75
1 23 30 1.9
1 24 65 2.5
1 25 20 2.2
1 26 45 1.75
1 27 40 2.3
1 28 40 1.5
1 29 20 2.8
1 30 50 2.9
1 31 70 6.75
1 32 40 2.1
1 33 60 1.75
1 34 55 2.8
1 35 5 5.6
1 36 65 0.15
1 37 5 0.25
1 38 15 4.4
1 39 20 1.15
1 40 40 5.55
1 41 90 5.45
1 42 45 5.9
1 43 25 3.5
1 44 60 4.8
1 45 15 3.5
1 46 80 4.7
1 47 5 1.65
1 48 10 4.55
1 49 5 2.5
2 3 20 3.6
2 4 25 1.9
2 5 30 2.5
2 6 45 6.2
2 7 85 0.45
2 8 60 3.9
2 9 50 4.6
2 10 75 5.2
2 11 15 3.1
2 12 40 0.4
2 13 20 1.8
2 14 40 1.75
2 15 5 2.6
2 16 0 2.3
2 17 10 1.6
2 18 55 2.5
2 19 0 5
2 20 70 5.6
2 21 30 5.3
2 22 70 2.5
2 23 50 5
2 24 60 0.6
2 25 25 5
2 26 30 5
2 27 55 5
2 28 80 5.2
2 29 95 5
2 30 15 0
2 31 50 3
2 32 35 5.15
2 33 10 6
2 34 15 5
2 35 40 4.45
2 36 25 0
2 37 70 5
2 38 15 0.25
2 39 60 5
2 40 25 5
2 41 50 5
2 42 65 5
2 43 60 0.05
2 44 15 5
2 45 10 5
2 46 0 5
2 47 50 5
2 48 55 5
2 49 60 5
3 4 50 5
3 5 30 0.15
3 6 15 5
3 7 80 5
3 8 60 0.45
3 9 5 5
3 10 0 5
3 11 25 0.15
3 12 45 5
3 13 20 0.2
3 14 20 5
3 15 45 5
3 16 80 5
3 17 65 5
3 18 40 5
3 19 35 0.05
3 20 0 5
3 21 40 5
3 22 45 5
3 23 20 5
3 24 35 5
3 25 15 5
3 26 90 5
3 27 20 5
3 28 10 5
3 29 5 5
3 30 10 5
3 31 5 5
3 32 10 5
3 33 15 5
3 34 20 4.95
3 35 70 6
3 36 50 6.5
3 37 45 5.6
3 38 30 5
3 39 80 6.3
3 40 10 5
3 41 30 6
3 42 65 5.6
3 43 0 6
3 44 15 6
3 45 80 6
3 46 75 0.55
3 47 0 5
3 48 5 6
3 49 50 5
4 5 40 6
4 6 45 5
4 7 70 6.3
4 8 20 6.4
4 9 35 6.55
4 10 85 6.6
4 11 40 5.65
4 12 20 6.5
4 13 55 7
4 14 10 5
4 15 5 6
4 16 85 5
4 17 90 5
4 18 50 5
4 19 65 5
4 20 0 5
4 21 0 5
4 22 5 0.3
4 23 45 5
4 24 10 5
4 25 15 5
4 26 60 5
4 27 55 5
4 28 40 0.5
4 29 35 0.1
4 30 40 5
4 31 35 5
4 32 10 5
4 33 40 5
4 34 55 5
4 35 10 5
4 36 20 5
4 37 45 5
4 38 45 5
4 39 45 5
4 40 35 0.4
4 41 15 0.5
4 42 60 5
4 43 70 5
4 44 45 5
4 45 25 5
4 46 0 5
4 47 30 5
4 48 40 5
4 49 60 0.5
5 6 65 5
5 7 70 5
5 8 55 0.1
5 9 20 5
5 10 0 5
5 11 15 0.4
5 12 50 5
5 13 30 0.1
5 14 55 5
5 15 35 5
5 16 50 5
5 17 10 5
5 18 30 5
5 19 40 0.1
5 20 50 5
5 21 65 5
5 22 10 5
5 23 5 5
5 24 10 5
5 25 15 5
5 26 15 5
5 27 15 5
5 28 30 5.6
5 29 60 5
5 30 90 5
5 31 20 5
5 32 25 5
5 33 20 5
5 34 25 5
5 35 50 5
5 36 35 5
5 37 75 5
5 38 20 5
5 39 45 5
5 40 65 5
5 41 10 5
5 42 80 5
5 43 0 5
5 44 0 5
5 45 5 5
5 46 15 0.1
5 47 70 5
5 48 70 5
5 49 15 5
6 7 45 5
6 8 50 5
6 9 30 5
6 10 30 5
6 11 30 5
6 12 30 5
6 13 30 5
6 14 35 5
6 15 15 5
6 16 20 5
6 17 70 5.5
6 18 10 4.8
6 19 65 6
6 20 85 6
6 21 20 6
6 22 45 5
6 23 55 4.5
6 24 50 5.2
6 25 10 5
6 26 20 5
6 27 15 5
6 28 20 5
6 29 45 5
6 30 70 5
6 31 15 5
6 32 50 0.15
6 33 20 5
6 34 30 5
6 35 25 5
6 36 60 5
6 37 65 5
6 38 70 5
6 39 10 5
6 40 35 5
6 41 55 5
6 42 25 5
6 43 30 5
6 44 50 5
6 45 80 5
6 46 10 5
6 47 25 5
6 48 25 5
6 49 20 5
7 8 25 5
7 9 15 5
7 10 45 5
7 11 0 5
7 12 45 0.55
7 13 0 5
7 14 0 5
7 15 0 5
7 16 15 5
7 17 85 5
7 18 25 5
7 19 30 5
7 20 45 5
7 21 60 5
7 22 10 5
7 23 5 5
7 24 55 0.2
7 25 5 5
7 26 40 5
7 27 5 5
7 28 15 5
7 29 20 5
7 30 50 5
7 31 20 5
7 32 5 5
7 33 10 5
7 34 10 5
7 35 15 5
7 36 50 5
7 37 5 5
7 38 5 0.55
7 39 50 5
7 40 45 5
7 41 40 5
7 42 40 5
7 43 45 0.6
7 44 55 5
7 45 30 5
7 46 35 5
7 47 10 5
7 48 20 5
7 49 30 5
8 9 15 5
8 10 5 5
8 11 60 0.05
8 12 20 5
8 13 20 0.3
8 14 25 5
8 15 30 5
8 16 65 5
8 17 80 5.95
8 18 15 5
8 19 55 0.1
8 20 95 5
8 21 5 0
8 22 60 6
8 23 0 0
8 24 40 5
8 25 45 5
8 26 50 5
8 27 0 5
8 28 10 5
8 29 50 5
8 30 40 5
8 31 25 5
8 32 20 5
8 33 20 5
8 34 40 5
8 35 75 5
8 36 80 5
8 37 10 5.4
8 38 20 5.3
8 39 55 4.8
8 40 5 6.3
8 41 25 5.6
8 42 10 5
8 43 60 5
8 44 5 5
8 45 0 5
8 46 40 0.05
8 47 0 5
8 48 90 5
8 49 85 5
9 10 25 5
9 11 35 5
9 12 50 5
9 13 55 5
9 14 65 6.1
9 15 20 0.05
9 16 45 5
9 17 30 0.25
9 18 55 0.3
9 19 10 5
9 20 5 5
9 21 30 0.2
9 22 0 5
9 23 25 5
9 24 10 5
9 25 50 5
9 26 25 5
9 27 30 5
9 28 40 5
9 29 10 5
9 30 15 5
9 31 45 0.15
9 32 75 5
9 33 80 5
9 34 5 5
9 35 10 5
9 36 0 5
9 37 10 5
9 38 5 5
9 39 5 5
9 40 10 5
9 41 55 5
9 42 5 5
9 43 5 5
9 44 5 5
9 45 10 5
9 46 45 5
9 47 40 0.3
9 48 10 5
9 49 50 5
10 11 60 6.2
10 12 70 5
10 13 50 5
10 14 10 5
10 15 5 5
10 16 25 5
10 17 80 5
10 18 50 5
10 19 20 5
10 20 15 0.45
10 21 5 5
10 22 10 5
10 23 20 5
10 24 45 5
10 25 10 5
10 26 10 5
10 27 55 5
10 28 55 5
10 29 15 5.2
10 30 45 0.1
10 31 60 4.8
10 32 10 5
10 33 55 5
10 34 40 0.1
10 35 10 5
10 36 20 5
10 37 0 5
10 38 5 5
10 39 40 5
10 40 10 5
10 41 60 6.1
10 42 10 5
10 43 5 5
10 44 5 5
10 45 80 0.1
10 46 0 0
10 47 0 0
10 48 45 1
10 49 20 5
11 12 0 0
11 13 15 0.05
11 14 40 5
11 15 20 5
11 16 35 5
11 17 65 5
11 18 15 5
11 19 30 0.25
11 20 5 5
11 21 10 5
11 22 75 5
11 23 0 5
11 24 15 5
11 25 10 5
11 26 0 5
11 27 0 5
11 28 10 5
11 29 0 5
11 30 15 5
11 31 20 5
11 32 20 5
11 33 50 5
11 34 10 5
11 35 15 5
11 36 25 5
11 37 30 5
11 38 10 5
11 39 50 5
11 40 5 5
11 41 5 5
11 42 0 5
11 43 30 5
11 44 5 5
11 45 10 5
11 46 20 0.25
11 47 15 5
11 48 20 5
11 49 35 5
12 13 30 5
12 14 80 5
12 15 5 5
12 16 5 5
12 17 0 5
12 18 15 5
12 19 0 5
12 20 10 5
12 21 50 5
12 22 15 5
12 23 10 5
12 24 20 0.3
12 25 5 5
12 26 5 5
12 27 5 5
12 28 5 5
12 29 5 5
12 30 0 5
12 31 0 5
12 32 10 5
12 33 15 5
12 34 45 5
12 35 10 5
12 36 20 5
12 37 30 5
12 38 35 0.35
12 39 5 5
12 40 10 5
12 41 20 5
12 42 5 5
12 43 50 0.4
12 44 0 5
12 45 0 5
12 46 5 5
12 47 10 5
12 48 15 5
12 49 10 5
13 14 75 5
13 15 40 5
13 16 30 5
13 17 0 5
13 18 0 5
13 19 50 0.1
13 20 5 5
13 21 45 5.8
13 22 50 6.3
13 23 10 5
13 24 5 5
13 25 10 5
13 26 55 5
13 27 65 5
13 28 0 5
13 29 0 5
13 30 10 5
13 31 5 5
13 32 65 5.8
13 33 25 5
13 34 10 5
13 35 30 5
13 36 34 5
13 37 0 5
13 38 0 5
13 39 0 5
13 40 15 5
13 41 15 5
13 42 20 5
13 43 35 5
13 44 10 5
13 45 15 5
13 46 35 0.15
13 47 25 5
13 48 45 5
13 49 10 5
14 15 5 5
14 16 5 5
14 17 5 0
14 18 5 0
14 19 10 0
14 20 15 0
14 21 20 0
14 22 25 0
14 23 0 0
14 24 55 7
14 25 65 0.4
14 26 10 0
14 27 25 0.45
14 28 0 0
14 29 5 0
14 30 10 0
14 31 30 5
14 32 80 6.5
14 33 15 0
14 34 0 0
14 35 0 0
14 36 50 5
14 37 90 6.2
14 38 15 5
14 39 20 0.25
14 40 5 0
14 41 5 0
14 42 55 0.5
14 43 10 0
14 44 0 5
14 45 55 5
14 46 10 5
14 47 25 5
14 48 15 5
14 49 50 5
15 16 10 5
15 17 65 0.25
15 18 40 0.5
15 19 5 5
15 20 5 5
15 21 40 0.1
15 22 0 5
15 23 0 5.8
15 24 60 5
15 25 0 6.4
15 26 20 5
15 27 35 5
15 28 25 5
15 29 20 5
15 30 5 5
15 31 25 0.05
15 32 55 5
15 33 65 5
15 34 70 5
15 35 10 5
15 36 50 5
15 37 0 5.5
15 38 70 5
15 39 45 5
15 40 60 5
15 41 10 5
15 42 10 5
15 43 90 5
15 44 0 5
15 45 5 5
15 46 10 5
15 47 40 0.25
15 48 10 5
15 49 10 5
16 17 15 5
16 18 15 5
16 19 20 5
16 20 5 5
16 21 15 5
16 22 40 5
16 23 35 5
16 24 40 5
16 25 20 5
16 26 60 0.65
16 27 25 5
16 28 10 5
16 29 0 5
16 30 0 5
16 31 0 5
16 32 0 5
16 33 35 0.55
16 34 30 5
16 35 25 0.25
16 36 45 5
16 37 0 5
16 38 10 5
16 39 15 5
16 40 10 6.8
16 41 20 5
16 42 45 5
16 43 65 5
16 44 5 5
16 45 45 5
16 46 0 5
16 47 0 5
16 48 10 5
16 49 15 5
17 18 65 0.05
17 19 0 5
17 20 5 5
17 21 35 0.05
17 22 5 5
17 23 0 5
17 24 5 5
17 25 10 5
17 26 0 5
17 27 5 5
17 28 50 5
17 29 0 5
17 30 10 5
17 31 35 0.3
17 32 0 5
17 33 0 5
17 34 50 5
17 35 45 5
17 36 25 5
17 37 10 5
17 38 60 5
17 39 15 5
17 40 5 5
17 41 10 5
17 42 25 5
17 43 25 5
17 44 10 5
17 45 20 5
17 46 50 5
17 47 20 0.15
17 48 0 5
17 49 0 5
18 19 5 5
18 20 0 5
18 21 75 0.55
18 22 20 5
18 23 50 5
18 24 10 5
18 25 55 5
18 26 85 5
18 27 10 5
18 28 5 5
18 29 15 5
18 30 15 5
18 31 55 0.4
18 32 55 5
18 33 20 5
18 34 50 5
18 35 40 5
18 36 10 5
18 37 25 6.3
18 38 0 5
18 39 0 5
18 40 5 5
18 41 15 5
18 42 40 5
18 43 15 5
18 44 60 5
18 45 20 5
18 46 45 5
18 47 60 0.45
18 48 0 5
18 49 55 5
19 20 15 5
19 21 10 5
19 22 20 5
19 23 5 5
19 24 40 5
19 25 70 5
19 26 15 5
19 27 65 5
19 28 45 5
19 29 20 5
19 30 15 5
19 31 45 5
19 32 5 5
19 33 0 5
19 34 0 5
19 35 10 5
19 36 20 6.5
19 37 30 5
19 38 10 5
19 39 10 5
19 40 15 5
19 41 10 5
19 42 20 5
19 43 50 5
19 44 65 5
19 45 10 5
19 46 40 0.05
19 47 0 5
19 48 0 5
19 49 5 5
20 21 10 5
20 22 15 5
20 23 45 5
20 24 10 5
20 25 15 5
20 26 20 5
20 27 35 5
20 28 20 5
20 29 30 5
20 30 80 0.4
20 31 40 5
20 32 10 5
20 33 30 5
20 34 15 0.35
20 35 10 5
20 36 45 5
20 37 5 5
20 38 10 5
20 39 15 5
20 40 15 5
20 41 15 5
20 42 15 5
20 43 50 5
20 44 10 5
20 45 50 0.2
20 46 0 5
20 47 0 5
20 48 55 0.2
20 49 15 5
21 22 50 5
21 23 40 5
21 24 30 6.2
21 25 35 5
21 26 60 5
21 27 20 5
21 28 40 5
21 29 5 5
21 30 10 5
21 31 25 0.25
21 32 40 5
21 33 0 5
21 34 5 5
21 35 5 5
21 36 5 5
21 37 10 5
21 38 15 5
21 39 0 5
21 40 50 5
21 41 0 5
21 42 0 5
21 43 10 5
21 44 5 5
21 45 10 5
21 46 25 5
21 47 20 0.2
21 48 40 5
21 49 45 5
22 23 10 5
22 24 40 5
22 25 50 5
22 26 30 5
22 27 15 5
22 28 10 0.4
22 29 70 0.05
22 30 50 5
22 31 55 5
22 32 10 5
22 33 5 5
22 34 5 5
22 35 5 5
22 36 0 5
22 37 50 5
22 38 10 5
22 39 5 5
22 40 15 0.5
22 41 45 0.3
22 42 50 5
22 43 0 5
22 44 0 5
22 45 10 5
22 46 5 5
22 47 5 5
22 48 10 5
22 49 20 0.25
23 24 45 5
23 25 10 5
23 26 5 5
23 27 15 5
23 28 0 5
23 29 0 5
23 30 0 5
23 31 20 5
23 32 5 5
23 33 0 5
23 34 10 5
23 35 50 5
23 36 60 5
23 37 90 6.35
23 38 0 5
23 39 80 5
23 40 5 5
23 41 15 5
23 42 45 5
23 43 0 5
23 44 65 0.5
23 45 40 5
23 46 10 5
23 47 20 5
23 48 45 5
23 49 90 5
24 25 10 5
24 26 0 5
24 27 15 5
24 28 5 5
24 29 10 5
24 30 10 5
24 31 15 5
24 32 20 5
24 33 25 5
24 34 50 5
24 35 30 5
24 36 45 5
24 37 10 5
24 38 10 0.45
24 39 15 5
24 40 0 5
24 41 0 5
24 42 10 5
24 43 75 0.15
24 44 45 5
24 45 20 5
24 46 35 5
24 47 20 5
24 48 40 5
24 49 45 5
25 26 0 5
25 27 15 0.35
25 28 0 5
25 29 15 5
25 30 15 5
25 31 15 5
25 32 5 5
25 33 10 5
25 34 5 5
25 35 0 5
25 36 10 5
25 37 20 5
25 38 5 5
25 39 25 0.2
25 40 10 5
25 41 15 5
25 42 30 0.45
25 43 5 5
25 44 0 5
25 45 75 5
25 46 20 5
25 47 45 5
25 48 50 5
25 49 35 5
26 27 20 6.5
26 28 5 5
26 29 10 5
26 30 20 5
26 31 45 5
26 32 40 5
26 33 40 0.25
26 34 70 5
26 35 80 0.4
26 36 15 5
26 37 30 5
26 38 10 5
26 39 10 5
26 40 30 5
26 41 10 5
26 42 30 5
26 43 60 5
26 44 55 5
26 45 10 5
26 46 75 5
26 47 20 5
26 48 0 5
26 49 5 5
27 28 5 5
27 29 50 5
27 30 10 6.35
27 31 45 5
27 32 35 5
27 33 30 5
27 34 15 5
27 35 10 5
27 36 0 5
27 37 10 5
27 38 10 5
27 39 15 0.4
27 40 15 5
27 41 15 5
27 42 40 0.5
27 43 5 5
27 44 0 5
27 45 0 5
27 46 10 5
27 47 5 5
27 48 5 5
27 49 5 5
28 29 65 0.1
28 30 5 5
28 31 10 5
28 32 5 5
28 33 5 5
28 34 20 5
28 35 30 5
28 36 60 5
28 37 55 5
28 38 20 5
28 39 10 5
28 40 30 0.25
28 41 40 0.35
28 42 5 5
28 43 10 5
28 44 55 5
28 45 20 5
28 46 40 5
28 47 35 5
28 48 10 5
28 49 70 0.15
29 30 0 5
29 31 0 5
29 32 10 5
29 33 60 5
29 34 55 5
29 35 10 5
29 36 50 5
29 37 0 5
29 38 0 5
29 39 5 5
29 40 95 0.5
29 41 55 0.15
29 42 15 5
29 43 55 5
29 44 15 5
29 45 0 5
29 46 10 5
29 47 10 5
29 48 10 5
29 49 10 0.05
30 31 5 5
30 32 5 5
30 33 20 5
30 34 5 0.05
30 35 5 5
30 36 60 5
30 37 15 5
30 38 25 5
30 39 5 5
30 40 5 5
30 41 5 5
30 42 5 5
30 43 0 5
30 44 60 5
30 45 15 0.5
30 46 0 5
30 47 45 5
30 48 25 0.35
30 49 10 5
31 32 5 5
31 33 15 5
31 34 15 5
31 35 45 5
31 36 45 6.35
31 37 25 5
31 38 40 5
31 39 50 5
31 40 20 5
31 41 60 5
31 42 15 5
31 43 50 5
31 44 10 5
31 45 45 5
31 46 80 5
31 47 70 0.5
31 48 5 5
31 49 10 5
32 33 5 5
32 34 5 5
32 35 5 5
32 36 0 5
32 37 0 5
32 38 5 5
32 39 10 5
32 40 15 5
32 41 30 5
32 42 15 5
32 43 20 5
32 44 35 5
32 45 5 5
32 46 10 5
32 47 15 5
32 48 35 5
32 49 50 5
33 34 15 5
33 35 70 0.4
33 36 5 5
33 37 10 5
33 38 10 5
33 39 15 5
33 40 5 5
33 41 10 6.5
33 42 50 5
33 43 65 5
33 44 20 5
33 45 0 5
33 46 10 5
33 47 40 5
33 48 10 5
33 49 10 5
34 35 50 5
34 36 10 5
34 37 85 5
34 38 45 5
34 39 0 5
34 40 20 5
34 41 15 5
34 42 15 5
34 43 10 5
34 44 45 5
34 45 65 0.6
34 46 0 5
34 47 5 5
34 48 15 0.2
34 49 0 5
35 36 5 5
35 37 50 5
35 38 5 5
35 39 5 5
35 40 5 5
35 41 10 5
35 42 20 5
35 43 30 5
35 44 55 5
35 45 60 5
35 46 20 5
35 47 15 5
35 48 15 5
35 49 15 5
36 37 45 0.7
36 38 5 5
36 39 5 5
36 40 30 5
36 41 65 5
36 42 0 5
36 43 0 5
36 44 0 5
36 45 10 6.5
36 46 30 5
36 47 0 5
36 48 20 5
36 49 55 5
37 38 0 5
37 39 10 5
37 40 15 5
37 41 20 5
37 42 40 5
37 43 15 5
37 44 10 5
37 45 20 5
37 46 60 5
37 47 45 5
37 48 10 5
37 49 70 5
38 39 5 5
38 40 5 5
38 41 10 5
38 42 5 5
38 43 60 0.1
38 44 0 5
38 45 10 5
38 46 55 5
38 47 10 5
38 48 10 5
38 49 60 5
39 40 5 5
39 41 0 5
39 42 80 0.2
39 43 15 5
39 44 55 5
39 45 20 5
39 46 50 5
39 47 50 5
39 48 10 5
39 49 55 5
40 41 65 0.35
40 42 5 5
40 43 5 5
40 44 10 5
40 45 50 5
40 46 5 5
40 47 60 5
40 48 5 5
40 49 70 0.05
41 42 0 5
41 43 80 5
41 44 0 5
41 45 0 5
41 46 15 5
41 47 35 5
41 48 20 5
41 49 45 0.35
42 43 40 5
42 44 60 5
42 45 65 5
42 46 10 5
42 47 20 5
42 48 40 5
42 49 10 5
43 44 50 5
43 45 0 5
43 46 55 5
43 47 45 5
43 48 15 5
43 49 20 5
44 45 20 5
44 46 15 5
44 47 5 6.5
44 48 10 5
44 49 20 5
45 46 65 5
45 47 90 5
45 48 95 0.05
45 49 20 5
46 47 40 5
46 48 0 5
46 49 5 5
47 48 10 5
47 49 20 6.5
48 49 55 3
