50
99
0 1 89.37 18.441
0 2 90.679 37.946
0 3 55.838 98.839
0 4 83.038 16.886
0 5 80.278 9.91
0 6 43.883 60.486
0 7 72.547 10.551
0 8 26.229 34.832
0 9 7.626 32.463
0 10 24.892 84.408
0 11 16.694 29.497
0 12 16.798 70.672
0 13 13.496 61.016
0 14 71.663 74.929
0 15 33.832 99.901
0 16 22.579 27.455
0 17 72.413 59.894
0 18 22.076 42.327
0 19 0.85 83.568
0 20 50.314 59.717
0 21 80.389 7.389
0 22 36.773 15.947
0 23 9.256 81.843
0 24 99.725 52.875
0 25 88.107 23.361
0 26 37.597 6.267
0 27 84.872 28.065
0 28 61.774 5.67
0 29 13.026 95.637
0 30 20.582 17.009
0 31 7.607 1.844
0 32 32.342 87.626
0 33 1.285 14.341
0 34 3.755 62.942
0 35 24.109 43.363
0 36 31.349 45.071
0 37 44.196 28.239
0 38 36.354 32.452
0 39 19.057 12.804
0 40 89.021 35.129
0 41 79.881 5.762
0 42 85.468 15.563
0 43 39.744 47.628
0 44 69.984 49.825
0 45 76.261 38.985
0 46 74.409 88.444
0 47 93.012 25.229
0 48 30.497 11.183
0 49 47.339 67.338
1 2 55.698 14.687
1 3 81.679 5.762
1 4 6.321 65.298
1 5 78.594 21.83
1 6 36.774 90.783
1 7 71.577 27.784
1 8 39.764 50.835
1 9 4.842 50.867
1 10 43.657 84.56
1 11 54.937 41.273
1 12 12.427 23.075
1 13 16.245 7.011
1 14 62.419 7.129
1 15 47.279 61.981
1 16 95.366 50.08
1 17 32.725 84.994
1 18 9.667 99.413
1 19 25.474 19.999
1 20 43.744 81.029
1 21 23.363 22.358
1 22 97.529 75.297
1 23 83.441 13.928
1 24 49.315 83.46
1 25 46.259 3.198
1 26 12.424 97.418
1 27 9.098 3.68
1 28 90.236 46.021
1 29 13.182 14.485
1 30 55.142 32.021
1 31 11.862 1.845
1 32 47.822 97.12
1 33 5.318 22.282
1 34 80.153 27.059
1 35 4.705 87.24
1 36 45.904 66.293
1 37 66.328 77.464
1 38 92.403 37.78
1 39 61.413 68.384
1 40 96.431 88.899
1 41 99.361 94.045
1 42 87.447 91.088
1 43 86.209 16.085
1 44 66.09 80.633
1 45 70.619 36.12
1 46 5.543 34.055
1 47 2.561 25.714
1 48 71.247 68.457
1 49 42.229 47.318
2 3 74.071 72.683
2 4 53.261 55.056
2 5 87.35 30.51
2 6 61.639 90.088
2 7 61.789 2.929
2 8 75.168 27.554
2 9 41.819 43.654
2 10 43.52 86.247
2 11 30.017 59.772
2 12 41.654 62.408
2 13 65.541 97.178
2 14 78.873 11.997
2 15 52.346 23.91
2 16 54.383 1.191
2 17 96.388 88.859
2 18 40.507 53.312
2 19 93.686 1.912
2 20 3.419 55.191
2 21 6.087 29.364
2 22 84.251 85.501
2 23 82.205 17.06
2 24 36.626 50.898
2 25 31.315 63.723
2 26 50.499 53.427
2 27 0.45 27.714
2 28 93.851 1.19
2 29 10.013 96.647
2 30 97.424 85.038
2 31 21.395 26.659
2 32 38.665 46.416
2 33 84.82 45.769
2 34 66.146 13.032
2 35 35.85 22.108
2 36 32.647 30.055
2 37 18.687 78.846
2 38 99.626 51.429
2 39 51.406 95.997
2 40 87.019 15.176
2 41 10.057 48.902
2 42 60.754 90.461
2 43 93.548 22.672
2 44 81.108 22.837
2 45 96.128 48.665
2 46 68.483 97.476
2 47 6.853 45.169
2 48 52.262 36.806
2 49 19.792 40.256
3 4 64.372 0.314
3 5 82.227 83.483
3 6 57.044 30.097
3 7 7.23 26.757
3 8 51.37 16.65
3 9 54.25 73.049
3 10 42.886 4.403
3 11 40.06 71.52
3 12 85.953 45.167
3 13 1.208 50.552
3 14 64.507 77.972
3 15 42.334 90.983
3 16 97.504 88.385
3 17 98.169 81.473
3 18 57.25 88.209
3 19 99.374 64.913
3 20 79.843 4.237
3 21 6.206 6.576
3 22 62.314 8.137
3 23 94.562 12.461
3 24 37.605 14.381
3 25 6.682 80.839
3 26 32.374 78.856
3 27 80.876 53.745
3 28 6.632 63.691
3 29 69.621 31.314
3 30 17.656 5.668
3 31 54.936 60.696
3 32 4.926 77.722
3 33 4.474 67.999
3 34 38.976 94.07
3 35 99.501 34.783
3 36 32.556 11.449
3 37 10.241 72.317
3 38 22.212 62.457
3 39 0.642 54.804
3 40 54.246 44.88
3 41 45.025 32.126
3 42 72.471 77.522
3 43 48.787 58.294
3 44 52.89 18.904
3 45 45.433 13.795
3 46 33.387 60.843
3 47 71.332 49.806
3 48 77.293 42.283
3 49 82.915 41.356
4 5 2.384 0.764
4 6 68.788 69.801
4 7 37.563 54.027
4 8 80.67 43.767
4 9 74.606 27.597
4 10 94.249 21.423
4 11 60.621 68.456
4 12 0.386 57.602
4 13 90.199 1.966
4 14 37.942 29.953
4 15 74.053 49.977
4 16 52.591 27.943
4 17 78.808 46.142
4 18 57.535 1.809
4 19 33.508 87.218
4 20 50.226 82.949
4 21 27.264 78.63
4 22 15.661 22.986
4 23 14.505 56.969
4 24 40.328 83.075
4 25 25.837 59.062
4 26 44.682 10.146
4 27 48.348 29.36
4 28 14.089 13.83
4 29 23.656 91.941
4 30 1.24 58.023
4 31 76.775 35.188
4 32 94.274 19.86
4 33 43.838 84.267
4 34 1.6 65.121
4 35 10.541 25.52
4 36 96.113 23.333
4 37 0.798 58.951
4 38 42.494 64.644
4 39 89.837 3.4
4 40 49.443 90.254
4 41 66.19 14.969
4 42 16.519 17.876
4 43 31.229 41.092
4 44 68.725 79.113
4 45 90.184 9.5
4 46 33.463 92.042
4 47 54.703 56.689
4 48 43.803 44.337
4 49 77.778 20.224
5 6 77.806 20.161
5 7 31.761 98.902
5 8 13.746 38.805
5 9 1.802 54.285
5 10 70.826 6.238
5 11 74.779 39.843
5 12 8.042 65.618
5 13 38.964 99.232
5 14 33.439 86.22
5 15 54.073 3.866
5 16 68.52 98.889
5 17 58.262 17.262
5 18 11.011 64.277
5 19 53.896 73.163
5 20 76.998 2.111
5 21 65.686 11.248
5 22 79.82 28.91
5 23 8.863 4.304
5 24 40.723 77.715
5 25 91.905 76.629
5 26 68.999 11.755
5 27 34.965 35.821
5 28 89.675 17.9
5 29 89.946 7.61
5 30 55.177 10.418
5 31 62.074 98.995
5 32 30.144 59.222
5 33 7.765 29.257
5 34 30.057 89.72
5 35 12.328 25.694
5 36 97.915 63.36
5 37 68.26 64.785
5 38 50.354 86.525
5 39 56.888 46.681
5 40 54.766 70.626
5 41 93.195 25.27
5 42 9.403 52.172
5 43 70.283 0.781
5 44 66.178 93.802
5 45 74.417 24.951
5 46 88.338 2.206
5 47 21.397 81.995
5 48 13.983 48.727
5 49 5.039 31.689
6 7 67.592 23.163
6 8 86.15 25.813
6 9 67.892 58.413
6 10 22.396 96.88
6 11 43.603 90.453
6 12 8.57 69.757
6 13 3.93 55.085
6 14 71.204 8.09
6 15 45.94 74.536
6 16 53.703 85.445
6 17 8.284 63.331
6 18 87.797 94.803
6 19 48.62 72.184
6 20 81.676 59.347
6 21 68.278 80.735
6 22 47.991 38.968
6 23 96.441 70.801
6 24 47.718 1.414
6 25 40.049 76.444
6 26 6.907 79.136
6 27 30.123 90.724
6 28 44.243 69.833
6 29 68.778 45.722
6 30 80.645 93.625
6 31 26.641 56.579
6 32 20.847 13.448
6 33 13.358 31.873
6 34 40.502 65.632
6 35 40.359 94.248
6 36 4.912 51.826
6 37 32.685 91.937
6 38 0.538 49.003
6 39 69.625 69.579
6 40 87.019 10.403
6 41 14.86 65.149
6 42 97.577 47.738
6 43 68.284 33.507
6 44 69.9 68.829
6 45 95.167 12.323
6 46 80.389 7.27
6 47 64.45 32.081
6 48 44.331 89.152
6 49 28.165 97.471
7 8 86.051 49.782
7 9 29.888 82.756
7 10 92.733 90.978
7 11 54.991 60.813
7 12 11.258 35.35
7 13 67.457 15.819
7 14 66.112 5.974
7 15 31.157 63.395
7 16 80.315 78.536
7 17 35.116 41.164
7 18 30.979 50.281
7 19 21.488 50.357
7 20 48.152 39.531
7 21 40.397 73.893
7 22 39.04 57.621
7 23 3.63 77.034
7 24 67.724 56.448
7 25 68.645 38.963
7 26 1.144 6.938
7 27 2.017 49.011
7 28 92.799 19.073
7 29 97.01 51.656
7 30 94.817 5.995
7 31 26.173 53.358
7 32 47.828 72.005
7 33 56.295 51.184
7 34 44.749 18.448
7 35 98.85 92.357
7 36 21.318 46.546
7 37 39.196 63.025
7 38 97.161 4.599
7 39 27.047 52.562
7 40 2.806 71.832
7 41 29.032 93.671
7 42 5.272 38.256
7 43 52.924 57.62
7 44 57.209 89.096
7 45 0.223 96.136
7 46 8.632 51.435
7 47 71.289 94.84
7 48 32.94 97.723
7 49 99.912 17.632
8 9 49.749 49.299
8 10 8.45 50.562
8 11 58.492 60.517
8 12 19.529 50.568
8 13 70.071 54.364
8 14 5.902 53.469
8 15 70.111 56.011
8 16 26.934 61.441
8 17 15.414 41.328
8 18 7.955 14.801
8 19 74.223 8.462
8 20 94.567 98.573
8 21 50.331 13.64
8 22 52.574 36.82
8 23 7.908 32.724
8 24 57.153 53.766
8 25 2.261 53.717
8 26 72.776 37.103
8 27 16.372 70.068
8 28 59.0 39.29
8 29 63.023 55.214
8 30 28.479 60.475
8 31 18.8 11.26
8 32 91.895 75.735
8 33 19.802 24.244
8 34 42.713 0.888
8 35 12.798 4.154
8 36 53.763 74.136
8 37 57.639 61.595
8 38 44.234 25.28
8 39 0.324 54.132
8 40 19.316 29.851
8 41 13.258 37.982
8 42 87.454 93.781
8 43 98.19 69.886
8 44 57.726 9.374
8 45 57.139 27.096
8 46 75.109 73.238
8 47 92.681 48.806
8 48 60.546 98.247
8 49 54.987 56.005
9 10 68.832 84.536
9 11 77.407 35.732
9 12 35.203 14.883
9 13 24.083 55.959
9 14 50.322 16.169
9 15 80.388 94.151
9 16 32.11 76.196
9 17 25.275 40.395
9 18 50.429 2.22
9 19 2.796 48.428
9 20 58.589 70.848
9 21 49.668 2.126
9 22 26.899 40.868
9 23 54.858 26.634
9 24 26.081 28.089
9 25 30.615 25.466
9 26 81.106 27.057
9 27 83.85 10.402
9 28 92.299 20.693
9 29 79.343 36.356
9 30 75.824 46.316
9 31 75.274 79.337
9 32 28.991 77.583
9 33 5.068 0.623
9 34 57.615 3.527
9 35 81.623 27.947
9 36 11.08 87.074
9 37 67.536 12.776
9 38 31.857 84.655
9 39 94.812 94.31
9 40 93.602 35.983
9 41 22.585 66.306
9 42 42.931 14.317
9 43 60.821 7.206
9 44 90.67 33.188
9 45 63.411 70.321
9 46 17.092 77.452
9 47 88.216 4.619
9 48 47.641 46.888
9 49 89.921 78.784
10 11 41.207 67.396
10 12 79.289 12.846
10 13 99.225 42.065
10 14 7.031 38.903
10 15 53.551 13.911
10 16 13.41 75.111
10 17 96.065 43.832
10 18 58.967 88.087
10 19 5.653 48.08
10 20 75.736 83.674
10 21 72.418 34.972
10 22 16.999 21.106
10 23 83.57 1.171
10 24 24.95 45.282
10 25 70.765 20.906
10 26 10.324 35.755
10 27 28.112 41.323
10 28 61.714 63.819
10 29 7.427 30.373
10 30 60.55 77.329
10 31 29.409 24.43
10 32 3.83 48.917
10 33 49.725 37.262
10 34 20.978 38.754
10 35 58.924 30.609
10 36 80.197 7.235
10 37 9.776 48.741
10 38 77.224 29.851
10 39 65.825 23.949
10 40 35.639 89.032
10 41 90.809 90.673
10 42 90.806 83.773
10 43 33.771 66.788
10 44 92.654 20.227
10 45 97.152 45.926
10 46 58.207 64.262
10 47 66.758 38.669
10 48 48.203 21.249
10 49 99.582 7.177
11 12 6.389 29.306
11 13 1.816 11.655
11 14 30.604 9.506
11 15 85.592 87.635
11 16 45.824 26.598
11 17 40.731 6.497
11 18 25.61 86.578
11 19 78.141 51.166
11 20 48.983 43.142
11 21 15.168 32.943
11 22 30.038 84.961
11 23 6.748 81.679
11 24 92.36 9.49
11 25 64.524 13.648
11 26 43.584 80.646
11 27 59.071 97.73
11 28 35.861 33.194
11 29 75.085 34.438
11 30 67.119 5.052
11 31 2.145 60.764
11 32 96.87 27.283
11 33 1.05 32.317
11 34 3.182 29.823
11 35 11.559 35.257
11 36 10.792 55.912
11 37 47.368 13.058
11 38 9.263 16.055
11 39 23.013 49.68
11 40 83.089 84.248
11 41 52.908 26.859
11 42 86.57 12.657
11 43 95.611 31.158
11 44 67.764 12.501
11 45 5.179 70.691
11 46 69.776 19.941
11 47 61.94 28.063
11 48 93.152 4.697
11 49 86.936 27.629
12 13 96.189 53.312
12 14 78.678 55.696
12 15 94.922 34.99
12 16 3.623 1.917
12 17 76.756 20.75
12 18 9.339 67.116
12 19 86.652 80.697
12 20 63.724 76.423
12 21 31.574 29.751
12 22 48.299 93.115
12 23 82.152 93.834
12 24 11.784 9.672
12 25 86.625 96.591
12 26 80.77 42.634
12 27 30.036 18.639
12 28 60.888 43.078
12 29 25.486 0.89
12 30 8.519 10.358
12 31 35.179 51.853
12 32 96.237 85.124
12 33 79.126 9.637
12 34 78.79 32.596
12 35 62.565 98.304
12 36 67.311 87.92
12 37 14.608 43.906
12 38 95.104 22.921
12 39 68.084 49.132
12 40 0.576 41.003
12 41 9.007 9.8
12 42 96.458 15.743
12 43 87.897 70.332
12 44 59.751 36.408
12 45 95.843 54.746
12 46 14.62 4.165
12 47 71.497 73.097
12 48 12.906 28.337
12 49 90.535 32.483
13 14 86.272 84.896
13 15 65.426 52.437
13 16 23.16 95.386
13 17 6.764 30.855
13 18 83.087 39.343
13 19 0.792 98.647
13 20 15.773 45.775
13 21 84.35 21.132
13 22 2.199 68.49
13 23 91.855 51.711
13 24 32.081 29.335
13 25 0.931 4.51
13 26 3.476 24.555
13 27 65.637 69.682
13 28 75.652 36.05
13 29 12.165 82.807
13 30 39.177 63.779
13 31 10.975 60.029
13 32 15.002 69.99
13 33 5.469 8.581
13 34 23.26 31.969
13 35 29.118 81.784
13 36 78.854 86.906
13 37 82.65 92.886
13 38 22.353 16.256
13 39 17.018 65.435
13 40 94.743 7.531
13 41 44.208 91.773
13 42 96.764 58.778
13 43 64.503 22.727
13 44 73.742 46.399
13 45 43.379 14.029
13 46 10.208 32.475
13 47 28.078 73.105
13 48 68.516 32.028
13 49 14.241 25.359
14 15 64.325 5.626
14 16 65.459 33.09
14 17 36.87 48.56
14 18 63.766 81.62
14 19 71.808 26.479
14 20 60.784 97.987
14 21 41.786 93.569
14 22 33.694 33.811
14 23 54.709 98.869
14 24 7.988 10.739
14 25 20.356 77.455
14 26 10.615 57.036
14 27 9.618 37.908
14 28 15.395 86.386
14 29 81.47 24.507
14 30 1.406 58.008
14 31 64.276 39.536
14 32 65.182 13.635
14 33 75.872 87.694
14 34 89.171 50.48
14 35 88.368 67.545
14 36 77.407 26.418
14 37 16.704 88.598
14 38 49.496 89.005
14 39 9.759 54.005
14 40 16.046 53.206
14 41 92.666 26.306
14 42 31.567 92.71
14 43 89.967 24.187
14 44 67.818 49.05
14 45 11.755 56.402
14 46 97.856 61.571
14 47 11.705 9.535
14 48 58.137 20.733
14 49 3.01 18.649
15 16 70.573 46.058
15 17 70.407 83.048
15 18 89.871 57.961
15 19 4.182 9.659
15 20 68.448 12.366
15 21 38.076 13.436
15 22 97.419 92.456
15 23 13.299 13.824
15 24 98.526 94.045
15 25 47.68 28.347
15 26 97.576 83.745
15 27 20.451 6.005
15 28 46.735 63.886
15 29 41.072 42.928
15 30 66.422 53.845
15 31 56.665 49.524
15 32 87.1 33.218
15 33 98.925 70.723
15 34 88.103 99.233
15 35 83.378 75.503
15 36 9.947 74.42
15 37 39.714 53.473
15 38 58.989 90.952
15 39 90.967 80.06
15 40 10.64 58.655
15 41 24.575 77.498
15 42 77.272 75.836
15 43 91.33 38.75
15 44 23.914 90.669
15 45 25.513 42.779
15 46 43.139 30.71
15 47 34.462 9.949
15 48 35.737 75.001
15 49 68.62 44.97
16 17 40.044 32.491
16 18 55.332 54.186
16 19 50.319 7.337
16 20 73.982 93.075
16 21 46.255 61.993
16 22 1.929 92.038
16 23 79.285 32.276
16 24 17.951 15.248
16 25 43.048 49.237
16 26 52.284 9.739
16 27 41.483 2.403
16 28 4.763 1.27
16 29 16.527 89.73
16 30 56.974 55.514
16 31 53.242 4.761
16 32 23.276 98.455
16 33 53.226 75.59
16 34 66.2 70.772
16 35 75.069 55.267
16 36 75.451 21.562
16 37 92.32 0.906
16 38 50.976 18.007
16 39 65.586 21.623
16 40 56.795 59.109
16 41 85.64 47.357
16 42 40.108 25.007
16 43 14.284 20.854
16 44 82.526 62.513
16 45 55.976 83.262
16 46 79.592 60.335
16 47 6.855 49.248
16 48 83.726 53.899
16 49 89.108 88.63
17 18 17.899 56.435
17 19 61.173 3.23
17 20 27.738 54.202
17 21 12.358 70.034
17 22 27.141 97.528
17 23 59.166 78.228
17 24 30.098 95.309
17 25 40.491 30.055
17 26 40.244 78.697
17 27 56.733 77.803
17 28 97.191 86.804
17 29 67.992 38.831
17 30 25.751 75.014
17 31 49.605 69.575
17 32 43.055 69.58
17 33 97.368 32.991
17 34 28.962 83.778
17 35 76.021 16.879
17 36 46.302 57.098
17 37 4.881 62.765
17 38 3.2 29.027
17 39 54.129 6.288
17 40 10.162 41.013
17 41 91.976 30.406
17 42 65.727 30.418
17 43 0.999 94.861
17 44 58.07 77.68
17 45 93.929 37.81
17 46 57.416 6.534
17 47 92.824 79.953
17 48 69.532 87.581
17 49 36.538 82.854
18 19 1.817 34.812
18 20 55.116 25.181
18 21 22.104 81.465
18 22 14.192 90.14
18 23 72.336 58.604
18 24 5.35 66.798
18 25 84.327 11.27
18 26 75.249 64.647
18 27 59.463 97.341
18 28 75.296 0.998
18 29 83.758 44.52
18 30 83.405 93.772
18 31 13.655 42.749
18 32 94.023 20.683
18 33 73.221 32.322
18 34 95.39 5.677
18 35 79.808 48.485
18 36 32.6 88.183
18 37 0.062 37.58
18 38 68.457 58.665
18 39 12.309 68.039
18 40 87.63 29.838
18 41 13.626 40.161
18 42 18.894 84.652
18 43 89.704 34.517
18 44 67.17 52.752
18 45 41.41 24.286
18 46 33.509 20.231
18 47 39.653 23.706
18 48 68.383 95.946
18 49 17.127 84.937
19 20 8.092 58.909
19 21 7.413 78.026
19 22 63.424 2.552
19 23 94.774 41.728
19 24 44.048 80.646
19 25 72.949 26.391
19 26 14.263 91.359
19 27 34.35 69.175
19 28 72.273 81.815
19 29 64.36 61.37
19 30 50.421 12.303
19 31 70.802 67.025
19 32 33.35 35.846
19 33 30.273 5.924
19 34 76.788 37.808
19 35 16.285 16.242
19 36 31.86 90.837
19 37 39.22 93.765
19 38 97.953 17.118
19 39 50.594 29.869
19 40 92.404 78.729
19 41 50.376 49.692
19 42 36.328 8.984
19 43 87.026 16.441
19 44 5.561 9.682
19 45 3.132 4.429
19 46 86.324 83.208
19 47 50.799 94.572
19 48 74.201 2.154
19 49 76.301 27.117
20 21 69.06 23.322
20 22 4.511 34.031
20 23 77.957 45.163
20 24 62.858 51.871
20 25 96.815 81.338
20 26 44.288 98.137
20 27 30.405 34.467
20 28 6.523 41.386
20 29 81.769 30.676
20 30 80.772 74.971
20 31 19.087 40.729
20 32 23.589 15.705
20 33 56.514 50.594
20 34 5.606 99.261
20 35 26.658 89.697
20 36 63.061 2.48
20 37 37.86 34.476
20 38 26.671 3.373
20 39 10.386 62.997
20 40 46.621 47.344
20 41 62.286 80.253
20 42 58.113 58.266
20 43 2.961 29.096
20 44 97.857 74.9
20 45 98.368 40.463
20 46 40.62 87.006
20 47 81.293 0.128
20 48 89.157 92.368
20 49 7.444 50.264
21 22 51.83 14.248
21 23 23.419 61.366
21 24 99.921 8.435
21 25 96.472 80.0
21 26 39.591 0.698
21 27 44.373 35.428
21 28 88.024 3.587
21 29 8.76 58.128
21 30 43.521 45.904
21 31 80.574 53.755
21 32 54.746 14.155
21 33 14.722 83.306
21 34 31.171 6.481
21 35 77.527 90.316
21 36 0.739 12.98
21 37 58.219 94.187
21 38 51.486 40.168
21 39 78.669 91.355
21 40 76.493 89.433
21 41 75.826 82.155
21 42 95.96 38.475
21 43 50.529 44.276
21 44 23.217 60.322
21 45 86.399 45.205
21 46 0.617 31.3
21 47 55.651 21.069
21 48 25.749 15.124
21 49 70.343 12.061
22 23 29.501 79.818
22 24 43.012 33.418
22 25 31.395 34.18
22 26 66.509 80.249
22 27 69.393 40.254
22 28 5.162 64.492
22 29 1.263 73.861
22 30 35.577 96.08
22 31 1.302 60.726
22 32 41.627 46.942
22 33 80.153 64.169
22 34 25.501 60.042
22 35 20.974 94.241
22 36 94.094 76.532
22 37 93.047 74.797
22 38 97.455 52.201
22 39 76.47 70.858
22 40 26.373 73.726
22 41 56.681 92.82
22 42 17.706 58.137
22 43 24.835 82.511
22 44 65.889 89.067
22 45 58.525 2.093
22 46 45.319 82.054
22 47 0.269 76.475
22 48 29.543 68.836
22 49 61.249 84.326
23 24 37.246 92.097
23 25 23.127 17.922
23 26 87.257 56.349
23 27 98.003 91.638
23 28 28.673 81.994
23 29 48.7 9.92
23 30 0.375 91.928
23 31 63.267 9.913
23 32 58.153 16.943
23 33 82.122 76.684
23 34 83.29 77.556
23 35 9.248 55.316
23 36 34.829 34.541
23 37 74.599 85.764
23 38 24.217 19.072
23 39 45.879 1.276
23 40 56.628 38.553
23 41 86.181 15.626
23 42 7.569 18.306
23 43 78.264 87.084
23 44 85.739 20.377
23 45 38.759 45.192
23 46 91.746 32.041
23 47 43.855 8.727
23 48 76.516 82.138
23 49 37.137 8.98
24 25 66.612 93.705
24 26 97.015 56.172
24 27 35.209 21.948
24 28 71.92 71.958
24 29 23.201 61.033
24 30 2.382 35.819
24 31 7.795 75.189
24 32 91.392 98.529
24 33 28.197 3.505
24 34 63.262 99.187
24 35 86.859 42.227
24 36 75.245 72.716
24 37 14.267 62.705
24 38 54.82 88.262
24 39 33.188 27.535
24 40 18.676 37.484
24 41 90.796 8.081
24 42 38.691 38.801
24 43 7.274 47.59
24 44 3.707 32.028
24 45 8.818 93.146
24 46 42.081 66.6
24 47 49.588 21.015
24 48 35.066 28.517
24 49 22.023 76.574
25 26 72.365 10.688
25 27 13.284 95.284
25 28 92.403 88.64
25 29 88.697 71.296
25 30 5.835 67.753
25 31 37.941 36.524
25 32 34.904 86.493
25 33 49.444 31.98
25 34 87.363 67.036
25 35 18.376 73.527
25 36 29.042 0.362
25 37 69.342 76.789
25 38 93.093 4.181
25 39 40.809 11.877
25 40 47.039 35.77
25 41 77.616 6.432
25 42 65.64 60.107
25 43 94.139 89.129
25 44 1.104 72.558
25 45 25.003 3.62
25 46 49.672 38.869
25 47 21.514 75.858
25 48 4.469 59.733
25 49 44.976 14.548
26 27 59.504 87.039
26 28 22.093 54.43
26 29 10.019 79.824
26 30 84.782 72.286
26 31 10.596 60.725
26 32 65.187 40.547
26 33 97.249 32.383
26 34 48.542 12.472
26 35 80.338 14.898
26 36 35.33 55.724
26 37 26.094 42.22
26 38 62.187 14.581
26 39 40.703 71.204
26 40 14.822 15.397
26 41 89.959 61.237
26 42 76.001 2.435
26 43 89.712 74.656
26 44 89.983 57.135
26 45 16.677 43.238
26 46 95.891 88.874
26 47 64.693 31.107
26 48 61.354 50.653
26 49 39.933 27.864
27 28 72.459 15.929
27 29 33.304 44.585
27 30 70.473 64.822
27 31 63.173 5.431
27 32 32.916 88.534
27 33 95.656 24.444
27 34 94.99 29.736
27 35 67.594 76.892
27 36 53.762 64.898
27 37 97.55 2.975
27 38 78.255 17.277
27 39 58.605 24.567
27 40 65.476 96.624
27 41 2.655 70.571
27 42 15.739 19.87
27 43 38.223 68.923
27 44 26.633 70.961
27 45 88.712 4.125
27 46 47.846 74.784
27 47 91.472 12.978
27 48 78.318 97.201
27 49 32.133 96.756
28 29 47.46 72.778
28 30 63.975 5.595
28 31 94.243 21.873
28 32 18.926 79.524
28 33 31.778 41.113
28 34 70.092 71.777
28 35 18.244 23.69
28 36 47.726 7.178
28 37 32.815 99.819
28 38 8.478 95.048
28 39 20.208 61.358
28 40 40.825 8.793
28 41 35.254 19.791
28 42 94.067 3.82
28 43 34.069 12.857
28 44 2.865 88.188
28 45 70.803 82.14
28 46 92.743 2.797
28 47 62.585 45.756
28 48 45.858 99.66
28 49 51.305 68.746
29 30 97.554 80.748
29 31 4.802 73.643
29 32 21.157 74.338
29 33 82.094 75.443
29 34 46.546 37.153
29 35 0.208 38.842
29 36 34.667 24.246
29 37 33.827 14.233
29 38 84.19 85.799
29 39 85.003 50.902
29 40 37.535 54.812
29 41 0.911 28.135
29 42 33.038 66.165
29 43 2.706 94.614
29 44 8.256 83.988
29 45 49.757 13.143
29 46 94.298 46.489
29 47 67.62 0.764
29 48 68.568 95.647
29 49 50.876 79.331
30 31 49.795 68.796
30 32 21.775 28.283
30 33 63.424 67.169
30 34 12.189 63.644
30 35 79.556 44.143
30 36 69.212 0.712
30 37 96.548 38.453
30 38 40.493 43.595
30 39 38.498 83.486
30 40 62.563 92.489
30 41 96.617 51.614
30 42 72.733 16.267
30 43 70.91 88.408
30 44 65.877 13.238
30 45 88.807 52.209
30 46 79.858 56.258
30 47 53.762 59.203
30 48 79.052 91.978
30 49 22.133 46.05
31 32 99.313 60.382
31 33 22.948 88.78
31 34 27.602 26.597
31 35 80.872 31.597
31 36 62.748 97.906
31 37 69.029 80.982
31 38 75.074 38.789
31 39 69.197 18.933
31 40 61.352 30.825
31 41 66.949 88.724
31 42 24.559 98.533
31 43 72.31 83.598
31 44 91.763 99.449
31 45 30.374 57.084
31 46 37.208 53.388
31 47 23.538 68.454
31 48 51.716 17.427
31 49 42.909 93.016
32 33 76.024 33.164
32 34 19.751 20.156
32 35 45.977 73.552
32 36 58.435 43.652
32 37 20.87 76.587
32 38 26.505 65.052
32 39 29.827 28.987
32 40 35.116 83.361
32 41 58.156 68.333
32 42 57.391 25.143
32 43 47.638 3.993
32 44 36.659 11.362
32 45 49.013 59.126
32 46 63.367 82.772
32 47 67.869 92.727
32 48 89.49 48.779
32 49 41.626 18.01
33 34 24.066 38.457
33 35 81.721 74.641
33 36 42.282 77.371
33 37 16.775 57.858
33 38 81.397 61.676
33 39 79.665 3.805
33 40 75.949 54.773
33 41 58.008 47.156
33 42 65.27 30.811
33 43 73.402 2.791
33 44 19.17 30.697
33 45 15.738 5.346
33 46 60.708 97.083
33 47 80.811 48.15
33 48 91.361 24.504
33 49 85.604 53.507
34 35 72.282 92.358
34 36 19.196 82.513
34 37 83.306 8.519
34 38 81.878 88.917
34 39 14.396 15.252
34 40 48.541 59.167
34 41 37.015 34.611
34 42 45.158 66.519
34 43 92.856 28.091
34 44 90.871 64.355
34 45 34.459 99.052
34 46 13.588 1.135
34 47 56.722 6.043
34 48 79.765 23.402
34 49 12.246 29.746
35 36 55.52 45.083
35 37 3.688 78.67
35 38 14.069 49.131
35 39 32.2 94.392
35 40 1.196 25.98
35 41 11.573 45.821
35 42 98.943 1.051
35 43 27.183 47.036
35 44 99.684 68.125
35 45 41.419 68.368
35 46 82.315 46.195
35 47 63.528 56.027
35 48 51.724 73.505
35 49 57.036 6.114
36 37 32.44 50.828
36 38 62.706 20.576
36 39 44.393 2.91
36 40 11.777 93.295
36 41 51.285 56.837
36 42 82.361 90.016
36 43 57.274 15.454
36 44 44.458 38.949
36 45 59.478 78.304
36 46 64.27 4.788
36 47 7.506 10.59
36 48 89.251 69.688
36 49 85.533 78.323
37 38 45.172 80.484
37 39 70.4 82.543
37 40 13.593 63.215
37 41 65.459 97.696
37 42 37.625 9.614
37 43 69.179 18.808
37 44 98.77 2.01
37 45 19.599 9.423
37 46 76.939 28.836
37 47 31.631 12.185
37 48 0.588 6.917
37 49 78.615 21.976
38 39 5.751 49.625
38 40 4.411 8.9
38 41 68.124 11.066
38 42 13.441 53.906
38 43 35.45 66.311
38 44 8.584 42.635
38 45 68.556 48.623
38 46 38.697 9.721
38 47 19.797 90.167
38 48 65.57 1.955
38 49 15.649 35.827
39 40 39.597 88.984
39 41 5.866 98.996
39 42 91.365 82.18
39 43 58.297 38.137
39 44 20.27 87.479
39 45 63.64 28.539
39 46 2.787 65.735
39 47 67.973 35.792
39 48 84.791 53.491
39 49 14.515 92.953
40 41 0.142 86.63
40 42 0.461 86.71
40 43 84.689 26.643
40 44 11.698 4.91
40 45 26.302 50.396
40 46 44.554 75.172
40 47 17.784 97.859
40 48 50.35 38.424
40 49 92.791 60.82
41 42 17.601 10.885
41 43 93.567 74.105
41 44 45.318 27.009
41 45 49.625 18.434
41 46 48.339 80.209
41 47 98.377 77.843
41 48 21.891 21.688
41 49 80.804 13.286
42 43 20.088 36.749
42 44 25.421 92.527
42 45 76.959 33.633
42 46 47.297 74.304
42 47 32.393 18.73
42 48 85.405 35.837
42 49 55.028 10.212
43 44 25.622 62.747
43 45 40.842 34.941
43 46 35.877 46.472
43 47 1.571 69.512
43 48 4.378 90.62
43 49 81.192 2.838
44 45 19.259 75.927
44 46 55.969 50.443
44 47 50.222 42.318
44 48 26.23 34.639
44 49 97.3 53.807
45 46 13.683 51.766
45 47 60.129 99.192
45 48 17.038 99.193
45 49 3.903 14.668
46 47 33.948 0.06
46 48 11.642 47.919
46 49 79.254 58.348
47 48 32.303 54.653
47 49 55.334 32.425
48 49 20.565 22.172