50
10.68
0 33 81.196 0.011
0 2 49.217 0.023
0 4 22.329 0.01
0 10 89.748 0.029
0 11 54.74 0.023
0 49 12.554 0.015
0 31 95.969 0.02
0 1 12.556 0.136
0 3 16.762 0.146
0 5 15.018 0.113
0 6 9.8 0.143
0 7 9.047 0.115
0 8 12.352 0.176
0 9 6.651 0.195
0 12 8.247 0.089
0 13 9.79 0.164
0 14 1.984 0.184
0 15 9.794 0.081
0 16 4.173 0.147
0 17 13.32 0.116
0 18 1.523 0.09
0 19 0.909 0.14
0 20 1.109 0.407
0 21 8.867 0.363
0 22 12.284 0.131
0 23 1.011 0.115
0 24 7.129 0.068
0 25 4.109 0.135
0 26 16.299 0.204
0 27 9.817 0.173
0 28 0.044 0.184
0 29 4.539 0.202
0 30 1.887 0.357
0 32 8.899 0.118
0 34 15.854 0.154
0 35 15.911 0.127
0 36 6.271 0.228
0 37 15.407 0.168
0 38 14.264 0.153
0 39 15.856 0.251
0 40 4.505 0.176
0 41 6.061 0.208
0 42 16.899 0.146
0 43 8.752 0.126
0 44 1.847 0.168
0 45 7.388 0.096
0 46 3.019 0.148
0 47 0.428 0.125
0 48 7.36 0.12
1 32 73.976 0.013
1 7 70.352 0.047
1 48 40.865 0.013
1 22 88.963 0.047
1 24 79.322 0.001
1 2 10.635 0.105
1 3 2.293 0.187
1 4 3.389 0.084
1 5 6.283 0.186
1 6 8.358 0.159
1 8 7.861 0.179
1 9 4.099 0.215
1 10 16.297 0.118
1 11 5.585 0.136
1 12 14.999 0.057
1 13 16.165 0.116
1 14 7.867 0.224
1 15 10.273 0.098
1 16 9.144 0.118
1 17 11.583 0.128
1 18 6.402 0.083
1 19 3.931 0.099
1 20 10.835 0.38
1 21 14.423 0.302
1 23 5.095 0.123
1 25 9.459 0.111
1 26 1.836 0.2
1 27 13.363 0.177
1 28 9.22 0.107
1 29 14.656 0.168
1 30 10.321 0.378
1 31 6.378 0.068
1 33 4.104 0.1
1 34 13.486 0.181
1 35 15.418 0.132
1 36 13.077 0.197
1 37 7.654 0.219
1 38 8.519 0.095
1 39 7.422 0.209
1 40 2.791 0.099
1 41 12.705 0.154
1 42 1.73 0.166
1 43 7.506 0.166
1 44 3.951 0.139
1 45 11.059 0.166
1 46 12.801 0.135
1 47 11.202 0.14
1 49 7.006 0.136
2 33 26.936 0.002
2 4 72.797 0.015
2 10 11.523 0.032
2 11 89.538 0.001
2 49 11.358 0.013
2 31 21.168 0.019
2 3 2.327 0.174
2 5 13.744 0.173
2 6 0.661 0.13
2 7 6.152 0.054
2 8 7.679 0.181
2 9 15.852 0.144
2 12 16.024 0.055
2 13 0.63 0.198
2 14 9.736 0.158
2 15 10.902 0.072
2 16 15.203 0.147
2 17 7.827 0.118
2 18 13.968 0.136
2 19 5.054 0.154
2 20 5.583 0.41
2 21 15.556 0.298
2 22 15.578 0.085
2 23 13.89 0.13
2 24 12.441 0.109
2 25 5.238 0.097
2 26 13.335 0.206
2 27 12.943 0.114
2 28 12.243 0.149
2 29 16.709 0.251
2 30 12.311 0.413
2 32 6.624 0.038
2 34 1.933 0.136
2 35 14.246 0.111
2 36 8.949 0.234
2 37 14.5 0.231
2 38 3.297 0.077
2 39 13.042 0.235
2 40 1.579 0.129
2 41 3.516 0.15
2 42 3.45 0.116
2 43 14.091 0.09
2 44 6.685 0.094
2 45 5.652 0.133
2 46 10.651 0.165
2 47 6.74 0.153
2 48 11.097 0.124
3 38 89.57 0.049
3 42 7.921 0.071
3 45 98.737 0.074
3 28 4.853 0.087
3 4 14.892 0.115
3 5 14.228 0.143
3 6 7.981 0.156
3 7 15.431 0.124
3 8 14.199 0.172
3 9 5.355 0.139
3 10 8.318 0.139
3 11 3.695 0.107
3 12 0.161 0.132
3 13 7.736 0.123
3 14 9.434 0.191
3 15 3.236 0.165
3 16 4.802 0.128
3 17 8.449 0.112
3 18 13.649 0.139
3 19 12.785 0.121
3 20 9.317 0.372
3 21 3.5 0.295
3 22 13.499 0.117
3 23 4.27 0.171
3 24 11.245 0.155
3 25 6.73 0.098
3 26 15.077 0.199
3 27 16.0 0.116
3 29 1.177 0.194
3 30 8.288 0.37
3 31 2.381 0.179
3 32 5.682 0.105
3 33 11.203 0.157
3 34 8.935 0.182
3 35 5.353 0.176
3 36 7.316 0.209
3 37 9.014 0.206
3 39 7.994 0.218
3 40 10.22 0.098
3 41 2.473 0.185
3 43 13.51 0.162
3 44 4.713 0.136
3 46 2.014 0.123
3 47 7.121 0.131
3 48 14.501 0.128
3 49 0.485 0.161
4 33 97.763 0.026
4 10 37.234 0.033
4 11 55.875 0.008
4 49 35.643 0.019
4 31 22.555 0.031
4 5 7.423 0.189
4 6 11.876 0.114
4 7 5.727 0.121
4 8 8.553 0.108
4 9 6.957 0.213
4 12 2.377 0.111
4 13 12.663 0.144
4 14 6.273 0.214
4 15 15.236 0.096
4 16 2.927 0.145
4 17 12.589 0.154
4 18 5.211 0.16
4 19 9.149 0.131
4 20 8.12 0.416
4 21 6.214 0.291
4 22 14.642 0.111
4 23 0.969 0.104
4 24 14.435 0.136
4 25 12.714 0.106
4 26 15.052 0.203
4 27 11.987 0.148
4 28 10.474 0.153
4 29 5.7 0.211
4 30 15.402 0.413
4 32 3.735 0.044
4 34 16.763 0.141
4 35 8.984 0.148
4 36 3.888 0.207
4 37 14.698 0.209
4 38 7.421 0.072
4 39 7.739 0.2
4 40 11.997 0.14
4 41 8.798 0.17
4 42 16.44 0.083
4 43 15.299 0.124
4 44 5.138 0.155
4 45 3.812 0.132
4 46 2.996 0.173
4 47 1.045 0.162
4 48 1.097 0.052
5 35 24.541 0.012
5 8 55.837 0.091
5 12 79.302 0.001
5 19 63.474 0.061
5 6 1.431 0.134
5 7 15.221 0.156
5 9 1.804 0.174
5 10 5.059 0.188
5 11 1.499 0.123
5 13 4.248 0.194
5 14 11.97 0.235
5 15 14.151 0.113
5 16 6.275 0.15
5 17 4.784 0.156
5 18 6.003 0.114
5 20 9.757 0.362
5 21 5.89 0.308
5 22 2.798 0.118
5 23 14.54 0.11
5 24 15.084 0.178
5 25 16.543 0.161
5 26 10.588 0.203
5 27 4.081 0.143
5 28 2.107 0.154
5 29 8.967 0.222
5 30 5.759 0.413
5 31 12.57 0.119
5 32 6.753 0.126
5 33 15.038 0.13
5 34 4.74 0.154
5 36 15.426 0.243
5 37 8.42 0.163
5 38 11.582 0.109
5 39 6.419 0.23
5 40 8.806 0.147
5 41 8.614 0.14
5 42 11.524 0.165
5 43 2.695 0.162
5 44 3.785 0.105
5 45 7.973 0.106
5 46 14.294 0.147
5 47 2.951 0.154
5 48 13.106 0.102
5 49 15.787 0.142
6 18 0.046 0.018
6 43 34.997 0.067
6 44 37.15 0.071
6 7 8.344 0.091
6 8 1.628 0.14
6 9 6.564 0.189
6 10 14.072 0.115
6 11 16.988 0.094
6 12 4.053 0.112
6 13 3.544 0.186
6 14 11.742 0.221
6 15 6.101 0.089
6 16 4.362 0.125
6 17 4.601 0.151
6 19 12.846 0.079
6 20 8.163 0.402
6 21 8.265 0.31
6 22 15.425 0.163
6 23 12.927 0.163
6 24 0.667 0.141
6 25 11.295 0.172
6 26 7.995 0.191
6 27 10.343 0.14
6 28 10.509 0.177
6 29 16.426 0.178
6 30 13.313 0.383
6 31 16.792 0.157
6 32 10.449 0.12
6 33 8.274 0.153
6 34 1.045 0.146
6 35 8.808 0.131
6 36 6.902 0.202
6 37 2.476 0.156
6 38 3.105 0.123
6 39 2.614 0.173
6 40 14.438 0.11
6 41 12.214 0.182
6 42 9.133 0.168
6 45 9.778 0.128
6 46 15.793 0.126
6 47 11.64 0.107
6 48 11.231 0.163
6 49 1.071 0.083
7 32 76.051 0.026
7 48 35.84 0.033
7 22 99.492 0.017
7 24 68.776 0.006
7 8 16.376 0.127
7 9 9.977 0.193
7 10 1.367 0.118
7 11 9.107 0.117
7 12 11.58 0.123
7 13 14.641 0.196
7 14 10.292 0.168
7 15 8.674 0.138
7 16 6.975 0.151
7 17 6.875 0.171
7 18 10.76 0.123
7 19 0.229 0.118
7 20 7.233 0.405
7 21 10.122 0.359
7 23 12.634 0.112
7 25 1.294 0.108
7 26 3.213 0.241
7 27 12.207 0.178
7 28 11.183 0.11
7 29 14.196 0.236
7 30 13.969 0.365
7 31 5.073 0.094
7 33 0.795 0.119
7 34 2.073 0.198
7 35 16.142 0.121
7 36 14.44 0.229
7 37 12.801 0.198
7 38 1.763 0.137
7 39 15.878 0.235
7 40 7.758 0.088
7 41 5.568 0.128
7 42 11.762 0.126
7 43 4.154 0.137
7 44 12.658 0.137
7 45 9.451 0.102
7 46 2.861 0.155
7 47 14.062 0.077
7 49 11.087 0.143
8 35 31.206 0.057
8 12 56.96 0.003
8 19 82.85 0.049
8 9 13.389 0.141
8 10 10.916 0.179
8 11 15.034 0.156
8 13 15.913 0.138
8 14 15.135 0.204
8 15 5.256 0.132
8 16 2.429 0.145
8 17 0.743 0.188
8 18 6.95 0.187
8 20 1.639 0.399
8 21 8.829 0.356
8 22 16.112 0.178
8 23 4.771 0.142
8 24 3.673 0.112
8 25 15.706 0.177
8 26 0.121 0.251
8 27 14.973 0.114
8 28 0.877 0.19
8 29 9.654 0.188
8 30 0.036 0.372
8 31 15.373 0.104
8 32 9.667 0.177
8 33 16.291 0.102
8 34 10.326 0.137
8 36 7.383 0.17
8 37 7.72 0.182
8 38 0.551 0.154
8 39 0.919 0.232
8 40 11.047 0.118
8 41 2.746 0.214
8 42 11.257 0.164
8 43 1.229 0.107
8 44 15.296 0.112
8 45 1.325 0.152
8 46 9.869 0.154
8 47 4.712 0.144
8 48 4.874 0.103
8 49 8.412 0.103
9 34 67.399 0.123
9 27 34.841 0.098
9 23 69.514 0.024
9 10 14.007 0.22
9 11 1.166 0.157
9 12 0.025 0.191
9 13 10.176 0.158
9 14 15.986 0.181
9 15 14.402 0.171
9 16 9.586 0.198
9 17 15.384 0.21
9 18 7.167 0.152
9 19 10.54 0.213
9 20 1.72 0.372
9 21 3.158 0.353
9 22 15.109 0.218
9 24 7.916 0.219
9 25 0.395 0.182
9 26 9.777 0.201
9 28 13.346 0.157
9 29 5.723 0.186
9 30 8.347 0.42
9 31 10.947 0.218
9 32 14.362 0.142
9 33 12.391 0.166
9 35 16.372 0.174
9 36 4.794 0.233
9 37 15.0 0.222
9 38 11.588 0.18
9 39 15.574 0.212
9 40 15.613 0.186
9 41 12.612 0.208
9 42 14.64 0.148
9 43 12.948 0.208
9 44 0.326 0.16
9 45 6.674 0.158
9 46 3.581 0.193
9 47 16.43 0.208
9 48 7.839 0.209
9 49 9.981 0.207
10 33 17.99 0.01
10 11 94.829 0.012
10 49 17.699 0.021
10 31 9.923 0.018
10 12 9.297 0.052
10 13 5.462 0.143
10 14 7.3 0.236
10 15 0.548 0.085
10 16 5.892 0.116
10 17 13.176 0.163
10 18 13.936 0.165
10 19 10.525 0.078
10 20 11.785 0.395
10 21 0.146 0.304
10 22 16.875 0.109
10 23 10.948 0.075
10 24 10.091 0.049
10 25 4.912 0.131
10 26 16.58 0.2
10 27 3.176 0.164
10 28 9.173 0.106
10 29 15.732 0.191
10 30 7.325 0.396
10 32 0.663 0.107
10 34 7.359 0.207
10 35 10.381 0.067
10 36 10.118 0.172
10 37 16.63 0.189
10 38 7.752 0.158
10 39 14.254 0.178
10 40 4.848 0.124
10 41 2.631 0.183
10 42 8.673 0.112
10 43 15.659 0.099
10 44 0.109 0.133
10 45 9.099 0.117
10 46 13.642 0.145
10 47 2.471 0.118
10 48 11.431 0.049
11 33 95.742 0.013
11 49 81.64 0.022
11 31 18.966 0.001
11 12 8.383 0.052
11 13 3.885 0.121
11 14 9.555 0.216
11 15 1.768 0.112
11 16 10.904 0.178
11 17 12.539 0.15
11 18 5.469 0.098
11 19 7.964 0.072
11 20 14.63 0.362
11 21 0.408 0.329
11 22 16.819 0.132
11 23 15.813 0.102
11 24 9.295 0.082
11 25 13.5 0.153
11 26 8.35 0.193
11 27 16.048 0.147
11 28 7.689 0.167
11 29 2.377 0.209
11 30 0.875 0.399
11 32 16.661 0.086
11 34 12.792 0.188
11 35 8.66 0.143
11 36 9.454 0.235
11 37 0.89 0.199
11 38 5.292 0.082
11 39 15.82 0.209
11 40 11.21 0.101
11 41 14.49 0.203
11 42 10.117 0.15
11 43 6.368 0.091
11 44 11.192 0.119
11 45 14.805 0.164
11 46 15.381 0.15
11 47 13.127 0.162
11 48 7.602 0.066
12 35 61.592 0.007
12 19 61.688 0.01
12 13 0.619 0.126
12 14 14.036 0.161
12 15 7.862 0.132
12 16 1.705 0.106
12 17 2.752 0.106
12 18 3.704 0.133
12 20 7.717 0.402
12 21 3.1 0.344
12 22 14.172 0.102
12 23 9.776 0.125
12 24 1.233 0.048
12 25 12.47 0.115
12 26 6.218 0.247
12 27 7.31 0.15
12 28 14.346 0.183
12 29 4.019 0.172
12 30 14.747 0.401
12 31 16.945 0.113
12 32 15.998 0.094
12 33 0.852 0.063
12 34 6.645 0.173
12 36 16.038 0.237
12 37 14.955 0.203
12 38 10.165 0.072
12 39 13.003 0.241
12 40 5.638 0.169
12 41 3.488 0.168
12 42 2.683 0.111
12 43 6.469 0.081
12 44 2.073 0.12
12 45 11.1 0.149
12 46 3.805 0.159
12 47 11.431 0.145
12 48 13.873 0.074
12 49 8.124 0.07
13 26 72.431 0.101
13 36 44.212 0.073
13 46 14.537 0.019
13 14 9.452 0.215
13 15 7.944 0.13
13 16 16.196 0.192
13 17 8.943 0.185
13 18 13.799 0.196
13 19 0.084 0.129
13 20 13.462 0.389
13 21 5.198 0.363
13 22 10.869 0.151
13 23 14.371 0.139
13 24 1.296 0.191
13 25 11.9 0.189
13 27 14.05 0.162
13 28 16.4 0.176
13 29 0.41 0.233
13 30 15.741 0.409
13 31 16.946 0.149
13 32 8.558 0.13
13 33 1.174 0.169
13 34 1.719 0.147
13 35 9.633 0.127
13 37 11.116 0.206
13 38 12.645 0.165
13 39 8.986 0.218
13 40 10.422 0.171
13 41 5.489 0.165
13 42 15.227 0.164
13 43 12.88 0.14
13 44 4.032 0.162
13 45 4.767 0.142
13 47 11.72 0.165
13 48 13.814 0.17
13 49 9.66 0.201
14 41 30.014 0.115
14 37 16.411 0.141
14 15 85.455 0.018
14 16 11.926 0.241
14 17 8.863 0.185
14 18 13.322 0.22
14 19 0.509 0.183
14 20 6.147 0.369
14 21 16.206 0.336
14 22 7.735 0.183
14 23 11.406 0.171
14 24 8.744 0.216
14 25 5.343 0.199
14 26 9.608 0.213
14 27 0.387 0.204
14 28 13.35 0.202
14 29 0.701 0.245
14 30 6.751 0.412
14 31 12.393 0.204
14 32 2.708 0.228
14 33 2.968 0.238
14 34 2.795 0.234
14 35 6.428 0.202
14 36 11.299 0.2
14 38 14.817 0.169
14 39 0.619 0.228
14 40 11.327 0.158
14 42 15.891 0.215
14 43 16.431 0.212
14 44 10.158 0.188
14 45 0.388 0.182
14 46 10.143 0.17
14 47 7.523 0.209
14 48 3.022 0.181
14 49 5.317 0.231
15 41 9.347 0.038
15 37 44.206 0.023
15 16 3.464 0.119
15 17 1.66 0.134
15 18 0.068 0.147
15 19 7.656 0.081
15 20 5.904 0.411
15 21 7.201 0.305
15 22 6.731 0.138
15 23 0.311 0.093
15 24 9.979 0.06
15 25 0.162 0.113
15 26 3.426 0.182
15 27 13.38 0.121
15 28 13.925 0.164
15 29 10.248 0.183
15 30 6.84 0.379
15 31 9.844 0.076
15 32 7.562 0.121
15 33 16.297 0.078
15 34 12.034 0.216
15 35 14.922 0.063
15 36 13.331 0.207
15 38 14.83 0.085
15 39 12.395 0.193
15 40 14.246 0.099
15 42 6.479 0.167
15 43 5.72 0.075
15 44 10.787 0.081
15 45 4.524 0.129
15 46 1.352 0.09
15 47 8.825 0.133
15 48 10.589 0.095
15 49 8.432 0.085
16 40 74.864 0.079
16 47 79.7 0.07
16 17 39.421 0.075
16 25 57.762 0.081
16 18 7.85 0.144
16 19 5.993 0.142
16 20 13.819 0.4
16 21 1.131 0.36
16 22 9.363 0.157
16 23 11.249 0.158
16 24 13.265 0.177
16 26 6.401 0.24
16 27 15.278 0.18
16 28 0.497 0.099
16 29 10.988 0.169
16 30 2.134 0.41
16 31 14.079 0.093
16 32 8.828 0.137
16 33 12.953 0.157
16 34 9.327 0.221
16 35 2.578 0.093
16 36 4.061 0.178
16 37 1.483 0.184
16 38 6.136 0.1
16 39 16.494 0.23
16 41 3.979 0.147
16 42 2.71 0.154
16 43 1.809 0.145
16 44 11.493 0.127
16 45 13.167 0.119
16 46 13.095 0.165
16 48 16.497 0.094
16 49 8.506 0.129
17 40 6.215 0.031
17 47 7.716 0.002
17 25 38.681 0.074
17 18 11.996 0.097
17 19 1.257 0.137
17 20 3.596 0.353
17 21 3.642 0.304
17 22 7.869 0.16
17 23 6.47 0.125
17 24 6.225 0.142
17 26 4.487 0.198
17 27 13.645 0.144
17 28 14.605 0.168
17 29 13.849 0.24
17 30 10.315 0.363
17 31 0.363 0.158
17 32 8.276 0.143
17 33 5.499 0.16
17 34 10.108 0.15
17 35 13.934 0.121
17 36 5.847 0.171
17 37 2.552 0.194
17 38 16.142 0.103
17 39 16.227 0.21
17 41 6.737 0.201
17 42 2.958 0.162
17 43 11.651 0.102
17 44 15.749 0.174
17 45 1.508 0.11
17 46 16.962 0.129
17 48 12.552 0.15
17 49 11.441 0.144
18 43 28.758 0.005
18 44 86.489 0.07
18 19 8.639 0.123
18 20 0.948 0.414
18 21 0.188 0.356
18 22 3.802 0.099
18 23 13.405 0.099
18 24 9.202 0.08
18 25 12.7 0.171
18 26 10.606 0.179
18 27 12.387 0.129
18 28 6.133 0.099
18 29 4.239 0.232
18 30 15.6 0.417
18 31 15.408 0.169
18 32 10.856 0.148
18 33 8.046 0.077
18 34 5.356 0.138
18 35 8.426 0.145
18 36 3.323 0.216
18 37 14.672 0.233
18 38 15.863 0.131
18 39 1.261 0.199
18 40 2.153 0.103
18 41 9.658 0.181
18 42 11.603 0.153
18 45 0.803 0.083
18 46 4.203 0.092
18 47 4.603 0.138
18 48 0.068 0.116
18 49 5.526 0.152
19 35 57.03 0.039
19 20 2.432 0.404
19 21 12.41 0.318
19 22 4.843 0.156
19 23 13.878 0.124
19 24 2.898 0.152
19 25 12.444 0.18
19 26 14.573 0.248
19 27 11.012 0.151
19 28 7.737 0.161
19 29 11.562 0.204
19 30 2.002 0.354
19 31 3.13 0.146
19 32 13.133 0.099
19 33 12.583 0.106
19 34 4.796 0.197
19 36 4.287 0.171
19 37 13.846 0.182
19 38 10.7 0.118
19 39 12.412 0.24
19 40 0.522 0.148
19 41 0.228 0.207
19 42 5.16 0.108
19 43 11.564 0.167
19 44 10.075 0.139
19 45 12.833 0.131
19 46 15.221 0.163
19 47 5.616 0.157
19 48 14.187 0.133
19 49 7.484 0.1
20 21 55.888 0.227
20 30 76.179 0.32
20 22 0.478 0.397
20 23 10.146 0.36
20 24 14.677 0.419
20 25 4.014 0.4
20 26 10.812 0.366
20 27 15.63 0.399
20 28 8.292 0.416
20 29 0.959 0.375
20 31 0.936 0.403
20 32 0.513 0.41
20 33 1.299 0.377
20 34 3.189 0.365
20 35 10.354 0.376
20 36 5.651 0.399
20 37 10.493 0.41
20 38 16.421 0.362
20 39 15.845 0.409
20 40 9.928 0.379
20 41 14.09 0.371
20 42 1.589 0.384
20 43 1.66 0.371
20 44 14.279 0.353
20 45 6.827 0.402
20 46 12.126 0.4
20 47 2.844 0.354
20 48 4.989 0.406
20 49 13.435 0.4
21 30 68.519 0.264
21 22 16.008 0.362
21 23 6.072 0.342
21 24 13.49 0.307
21 25 6.88 0.321
21 26 12.208 0.308
21 27 9.797 0.357
21 28 4.886 0.303
21 29 0.53 0.341
21 31 4.238 0.334
21 32 1.965 0.333
21 33 7.944 0.345
21 34 16.579 0.35
21 35 0.641 0.328
21 36 8.814 0.349
21 37 1.057 0.322
21 38 13.129 0.296
21 39 13.807 0.359
21 40 10.885 0.327
21 41 12.543 0.302
21 42 2.007 0.359
21 43 3.305 0.312
21 44 10.095 0.323
21 45 0.163 0.309
21 46 8.104 0.297
21 47 4.948 0.301
21 48 1.317 0.341
21 49 3.5 0.305
22 32 44.236 0.024
22 48 38.12 0.029
22 24 64.505 0.039
22 23 4.248 0.146
22 25 8.112 0.104
22 26 2.833 0.233
22 27 12.88 0.167
22 28 2.522 0.139
22 29 7.462 0.246
22 30 10.339 0.369
22 31 0.98 0.096
22 33 10.367 0.078
22 34 3.755 0.201
22 35 2.632 0.108
22 36 4.701 0.246
22 37 15.76 0.177
22 38 5.202 0.085
22 39 6.808 0.213
22 40 4.785 0.126
22 41 4.483 0.149
22 42 2.577 0.081
22 43 3.685 0.162
22 44 16.3 0.17
22 45 11.241 0.117
22 46 1.29 0.143
22 47 12.795 0.142
22 49 12.106 0.142
23 34 8.357 0.066
23 27 88.162 0.03
23 24 5.065 0.116
23 25 2.795 0.106
23 26 4.791 0.17
23 28 8.23 0.124
23 29 1.13 0.193
23 30 11.571 0.4
23 31 16.838 0.14
23 32 4.927 0.125
23 33 6.732 0.108
23 35 12.14 0.087
23 36 8.112 0.245
23 37 12.468 0.223
23 38 12.074 0.094
23 39 14.176 0.184
23 40 4.966 0.146
23 41 13.67 0.206
23 42 16.73 0.13
23 43 15.2 0.131
23 44 9.61 0.097
23 45 10.851 0.141
23 46 7.954 0.142
23 47 0.686 0.156
23 48 1.917 0.099
23 49 5.236 0.166
24 32 49.51 0.011
24 48 49.222 0.023
24 25 13.357 0.124
24 26 3.23 0.249
24 27 10.557 0.175
24 28 8.342 0.136
24 29 4.97 0.24
24 30 2.047 0.359
24 31 4.567 0.091
24 33 2.475 0.108
24 34 8.763 0.165
24 35 12.246 0.121
24 36 7.548 0.186
24 37 7.02 0.174
24 38 16.79 0.072
24 39 2.356 0.184
24 40 6.555 0.161
24 41 11.564 0.203
24 42 1.596 0.111
24 43 6.981 0.085
24 44 2.988 0.099
24 45 10.044 0.088
24 46 8.346 0.139
24 47 10.795 0.1
24 49 7.525 0.061
25 40 7.179 0.055
25 47 92.897 0.016
25 26 8.759 0.226
25 27 13.367 0.131
25 28 6.622 0.148
25 29 5.226 0.184
25 30 6.112 0.42
25 31 12.432 0.159
25 32 9.94 0.139
25 33 12.153 0.115
25 34 8.685 0.146
25 35 11.109 0.165
25 36 11.77 0.196
25 37 13.792 0.192
25 38 0.787 0.14
25 39 6.942 0.209
25 41 10.879 0.149
25 42 7.688 0.104
25 43 3.044 0.09
25 44 14.531 0.116
25 45 13.992 0.178
25 46 12.437 0.124
25 48 4.669 0.171
25 49 3.188 0.115
26 36 52.109 0.151
26 46 63.484 0.081
26 27 15.977 0.182
26 28 11.705 0.214
26 29 6.214 0.245
26 30 3.025 0.395
26 31 14.039 0.239
26 32 10.818 0.223
26 33 6.475 0.183
26 34 12.676 0.241
26 35 0.15 0.208
26 37 1.758 0.246
26 38 8.643 0.168
26 39 10.992 0.198
26 40 15.066 0.175
26 41 6.805 0.198
26 42 4.561 0.219
26 43 9.499 0.208
26 44 1.985 0.216
26 45 10.694 0.234
26 47 14.055 0.209
26 48 15.115 0.168
26 49 11.515 0.199
27 34 33.114 0.075
27 28 12.097 0.129
27 29 11.215 0.191
27 30 14.095 0.354
27 31 2.621 0.188
27 32 13.302 0.162
27 33 15.216 0.138
27 35 16.753 0.135
27 36 16.66 0.202
27 37 7.306 0.176
27 38 4.942 0.188
27 39 9.339 0.205
27 40 10.556 0.117
27 41 3.896 0.13
27 42 4.182 0.123
27 43 10.436 0.126
27 44 0.995 0.18
27 45 0.873 0.129
27 46 13.855 0.192
27 47 4.459 0.171
27 48 2.116 0.123
27 49 15.297 0.115
28 38 5.271 0.057
28 42 55.031 0.013
28 45 12.677 0.025
28 29 5.292 0.193
28 30 14.312 0.398
28 31 15.196 0.107
28 32 1.223 0.098
28 33 8.756 0.178
28 34 13.402 0.188
28 35 3.677 0.166
28 36 10.302 0.172
28 37 14.903 0.24
28 39 0.185 0.223
28 40 16.817 0.117
28 41 14.375 0.164
28 43 1.047 0.159
28 44 13.414 0.172
28 46 7.595 0.15
28 47 13.687 0.119
28 48 1.772 0.167
28 49 1.16 0.151
29 39 52.168 0.152
29 30 12.129 0.41
29 31 2.256 0.195
29 32 12.682 0.225
29 33 3.331 0.224
29 34 1.858 0.25
29 35 14.483 0.232
29 36 6.617 0.179
29 37 7.622 0.171
29 38 1.79 0.179
29 40 10.213 0.236
29 41 3.227 0.209
29 42 7.005 0.234
29 43 2.211 0.175
29 44 6.211 0.204
29 45 3.002 0.21
29 46 15.73 0.247
29 47 6.041 0.177
29 48 6.12 0.179
29 49 13.937 0.175
30 31 3.207 0.381
30 32 9.721 0.358
30 33 13.531 0.381
30 34 3.676 0.4
30 35 4.869 0.362
30 36 2.098 0.413
30 37 1.593 0.383
30 38 1.731 0.379
30 39 11.462 0.388
30 40 11.576 0.406
30 41 1.642 0.41
30 42 4.061 0.39
30 43 11.61 0.369
30 44 5.242 0.416
30 45 14.36 0.365
30 46 5.521 0.396
30 47 2.224 0.375
30 48 2.484 0.37
30 49 2.801 0.393
31 33 25.485 0.016
31 49 88.15 0.025
31 32 6.782 0.052
31 34 16.192 0.192
31 35 8.432 0.133
31 36 12.68 0.241
31 37 13.391 0.173
31 38 15.53 0.098
31 39 10.313 0.188
31 40 10.168 0.099
31 41 10.064 0.199
31 42 12.542 0.136
31 43 7.634 0.145
31 44 10.153 0.136
31 45 15.404 0.127
31 46 8.799 0.13
31 47 14.388 0.111
31 48 3.878 0.128
32 48 55.217 0.02
32 33 15.258 0.036
32 34 16.673 0.192
32 35 8.284 0.092
32 36 15.558 0.235
32 37 15.126 0.196
32 38 6.979 0.078
32 39 2.911 0.213
32 40 15.984 0.144
32 41 5.479 0.205
32 42 6.088 0.144
32 43 14.78 0.133
32 44 1.447 0.153
32 45 6.743 0.108
32 46 14.058 0.149
32 47 5.299 0.145
32 49 9.455 0.097
33 49 94.987 0.029
33 34 8.803 0.181
33 35 0.335 0.066
33 36 2.644 0.236
33 37 6.14 0.206
33 38 11.818 0.118
33 39 6.713 0.172
33 40 9.711 0.107
33 41 11.701 0.208
33 42 13.823 0.08
33 43 4.782 0.142
33 44 0.039 0.168
33 45 7.372 0.1
33 46 15.588 0.177
33 47 0.072 0.145
33 48 5.275 0.038
34 35 2.684 0.202
34 36 4.51 0.205
34 37 5.595 0.166
34 38 12.954 0.135
34 39 7.296 0.192
34 40 12.585 0.191
34 41 1.069 0.17
34 42 11.71 0.163
34 43 16.321 0.145
34 44 2.644 0.158
34 45 10.432 0.151
34 46 7.194 0.152
34 47 8.19 0.158
34 48 14.249 0.148
34 49 2.093 0.182
35 36 14.156 0.205
35 37 0.568 0.229
35 38 11.942 0.1
35 39 11.95 0.168
35 40 13.032 0.095
35 41 14.897 0.149
35 42 10.661 0.112
35 43 15.622 0.098
35 44 5.28 0.167
35 45 8.912 0.1
35 46 15.971 0.096
35 47 3.052 0.102
35 48 8.022 0.12
35 49 2.225 0.127
36 46 50.278 0.067
36 37 9.205 0.175
36 38 10.583 0.21
36 39 13.685 0.173
36 40 0.476 0.178
36 41 9.07 0.194
36 42 1.125 0.207
36 43 14.769 0.205
36 44 9.624 0.184
36 45 11.784 0.195
36 47 12.98 0.247
36 48 14.146 0.242
36 49 15.242 0.224
37 41 72.198 0.035
37 38 8.555 0.178
37 39 1.403 0.212
37 40 2.118 0.225
37 42 13.502 0.16
37 43 16.02 0.177
37 44 8.959 0.214
37 45 0.185 0.227
37 46 16.053 0.189
37 47 4.563 0.157
37 48 8.52 0.214
37 49 12.499 0.191
38 42 70.432 0.06
38 45 82.139 0.033
38 39 3.657 0.206
38 40 12.712 0.102
38 41 15.849 0.175
38 43 9.523 0.157
38 44 14.326 0.152
38 46 15.544 0.118
38 47 2.548 0.109
38 48 11.235 0.115
38 49 6.769 0.077
39 40 11.009 0.226
39 41 2.951 0.191
39 42 8.447 0.209
39 43 4.651 0.221
39 44 7.256 0.204
39 45 1.925 0.2
39 46 7.835 0.232
39 47 4.026 0.217
39 48 6.561 0.186
39 49 0.836 0.199
40 47 67.894 0.008
40 41 10.596 0.128
40 42 5.826 0.098
40 43 11.542 0.128
40 44 10.516 0.108
40 45 12.799 0.131
40 46 16.939 0.157
40 48 1.388 0.161
40 49 6.099 0.156
41 42 5.608 0.172
41 43 11.739 0.139
41 44 11.26 0.181
41 45 8.789 0.21
41 46 9.603 0.168
41 47 8.803 0.184
41 48 10.042 0.21
41 49 6.416 0.171
42 45 36.786 0.068
42 43 11.345 0.109
42 44 11.492 0.119
42 46 9.375 0.159
42 47 7.634 0.154
42 48 11.119 0.162
42 49 5.403 0.139
43 44 71.471 0.03
43 45 3.084 0.148
43 46 15.818 0.175
43 47 4.998 0.168
43 48 1.85 0.134
43 49 16.986 0.115
44 45 4.978 0.135
44 46 6.597 0.105
44 47 6.324 0.161
44 48 6.282 0.154
44 49 8.186 0.124
45 46 14.264 0.126
45 47 0.618 0.164
45 48 5.242 0.127
45 49 15.6 0.139
46 47 2.176 0.137
46 48 5.762 0.164
46 49 4.451 0.144
47 48 5.825 0.111
47 49 3.205 0.11
48 49 7.045 0.11