50
37
0 1 0.001 0.001
0 2 0.001 1.345
0 3 0.001 0.001
0 4 99.997 1.345
0 5 64.655 1.345
0 6 52.765 0.001
0 7 99.997 1.345
0 8 22.719 0.001
0 9 54.957 0.001
0 10 0.895 0.001
0 11 7.921 0.001
0 12 1.299 1.345
0 13 0.001 1.345
0 14 99.997 1.345
0 15 0.001 1.345
0 16 99.997 0.001
0 17 66.685 0.001
0 18 23.723 0.082
0 19 20.567 0.001
0 20 31.794 0.001
0 21 0.001 1.345
0 22 0.001 1.345
0 23 45.456 0.001
0 24 0.001 0.336
0 25 0.001 0.001
0 26 99.997 0.926
0 27 27.607 0.001
0 28 99.997 1.345
0 29 50.824 1.345
0 30 33.802 0.001
0 31 99.997 0.001
0 32 0.001 1.345
0 33 6.26 0.001
0 34 98.265 0.001
0 35 0.001 0.001
0 36 6.574 0.001
0 37 3.971 0.001
0 38 19.752 1.345
0 39 0.001 0.001
0 40 0.001 0.001
0 41 0.001 0.001
0 42 37.77 1.345
0 43 60.139 1.345
0 44 0.001 0.001
0 45 2.678 0.001
0 46 0.001 0.001
0 47 67.816 0.093
0 48 80.927 0.001
0 49 61.884 1.345
1 2 0.001 2.242
1 3 25.657 0.001
1 4 26.116 2.242
1 5 2.919 0.001
1 6 0.001 0.001
1 7 11.889 2.242
1 8 0.001 0.001
1 9 0.001 2.242
1 10 0.001 0.001
1 11 69.209 0.001
1 12 0.001 2.242
1 13 14.406 1.121
1 14 0.001 2.242
1 15 39.769 0.001
1 16 96.173 0.001
1 17 0.001 0.001
1 18 0.001 0.001
1 19 17.943 2.242
1 20 62.943 2.242
1 21 0.001 2.242
1 22 33.845 0.001
1 23 61.602 0.001
1 24 10.126 2.242
1 25 74.464 0.001
1 26 55.348 0.001
1 27 38.506 0.001
1 28 0.001 0.001
1 29 0.001 2.242
1 30 99.997 2.242
1 31 0.001 0.001
1 32 0.001 0.001
1 33 0.001 2.242
1 34 0.001 0.001
1 35 63.727 2.242
1 36 99.997 0.328
1 37 44.668 0.001
1 38 36.579 2.242
1 39 62.988 2.242
1 40 9.619 0.001
1 41 33.633 2.242
1 42 0.001 2.242
1 43 0.001 0.001
1 44 0.001 2.242
1 45 0.001 2.242
1 46 91.544 2.242
1 47 10.353 0.001
1 48 0.001 2.242
1 49 0.001 2.242
2 3 99.997 0.224
2 4 0.001 0.001
2 5 47.084 0.001
2 6 0.001 1.121
2 7 0.001 1.121
2 8 0.001 0.001
2 9 0.001 0.001
2 10 0.001 1.121
2 11 0.001 1.121
2 12 0.001 1.121
2 13 3.597 1.121
2 14 42.321 1.121
2 15 48.304 1.121
2 16 99.997 1.121
2 17 0.001 1.121
2 18 0.001 1.121
2 19 38.778 1.121
2 20 14.687 0.001
2 21 0.001 1.121
2 22 0.001 0.001
2 23 0.001 1.121
2 24 48.462 0.001
2 25 0.001 0.001
2 26 99.997 0.001
2 27 58.263 1.121
2 28 43.588 1.121
2 29 86.829 1.121
2 30 99.997 1.121
2 31 99.997 0.158
2 32 0.001 0.001
2 33 61.138 0.273
2 34 62.855 1.121
2 35 0.001 0.001
2 36 0.001 1.121
2 37 0.001 1.121
2 38 0.001 1.121
2 39 0.001 0.585
2 40 0.001 0.15
2 41 0.001 1.121
2 42 45.473 0.001
2 43 6.832 0.001
2 44 26.414 0.001
2 45 99.997 0.175
2 46 79.619 1.121
2 47 67.576 1.121
2 48 19.607 0.001
2 49 0.001 1.121
3 4 87.254 0.001
3 5 0.001 0.001
3 6 0.001 1.121
3 7 44.99 0.001
3 8 88.091 0.001
3 9 29.452 1.121
3 10 23.027 0.001
3 11 0.001 1.121
3 12 0.001 1.121
3 13 0.001 1.121
3 14 0.001 1.121
3 15 0.001 0.001
3 16 46.217 1.121
3 17 7.589 1.121
3 18 0.001 0.001
3 19 29.214 0.001
3 20 0.001 0.001
3 21 38.914 1.121
3 22 0.001 0.001
3 23 0.001 0.001
3 24 4.151 0.001
3 25 0.001 1.121
3 26 99.997 1.121
3 27 93.477 0.001
3 28 99.997 1.121
3 29 58.441 1.121
3 30 32.601 1.121
3 31 99.997 0.011
3 32 0.001 1.121
3 33 99.587 0.224
3 34 37.806 0.001
3 35 0.001 0.001
3 36 0.001 0.001
3 37 50.81 0.206
3 38 41.28 1.121
3 39 1.865 1.121
3 40 11.412 0.588
3 41 0.001 1.121
3 42 16.368 0.001
3 43 1.912 1.121
3 44 0.001 1.121
3 45 99.997 0.388
3 46 0.001 0.001
3 47 0.001 0.001
3 48 48.745 1.121
3 49 0.001 1.121
4 5 0.001 0.001
4 6 0.001 1.345
4 7 99.997 0.001
4 8 0.001 1.345
4 9 67.591 0.001
4 10 37.755 0.001
4 11 0.001 1.345
4 12 56.477 1.345
4 13 15.188 0.001
4 14 99.997 0.001
4 15 0.001 0.001
4 16 6.005 1.345
4 17 99.997 0.598
4 18 0.001 0.001
4 19 38.316 1.345
4 20 43.563 1.345
4 21 0.001 0.001
4 22 0.001 1.345
4 23 28.97 0.001
4 24 0.001 1.345
4 25 0.001 0.001
4 26 43.945 0.001
4 27 0.001 1.345
4 28 0.001 0.001
4 29 0.001 1.345
4 30 61.731 1.345
4 31 0.001 0.001
4 32 0.001 1.345
4 33 10.208 1.345
4 34 0.001 1.345
4 35 13.738 0.336
4 36 17.1 0.001
4 37 0.001 0.001
4 38 0.001 1.345
4 39 27.539 0.193
4 40 99.997 1.345
4 41 52.189 1.345
4 42 83.402 0.001
4 43 0.001 1.345
4 44 0.001 0.001
4 45 0.001 1.345
4 46 0.001 0.001
4 47 40.895 0.001
4 48 0.001 0.001
4 49 57.794 0.895
5 6 4.332 0.841
5 7 99.997 0.841
5 8 0.001 0.001
5 9 0.001 0.001
5 10 99.997 0.001
5 11 0.001 0.001
5 12 0.001 0.841
5 13 16.691 0.841
5 14 76.26 0.841
5 15 0.001 0.001
5 16 38.833 0.841
5 17 84.052 0.841
5 18 29.41 0.841
5 19 99.997 0.09
5 20 0.001 0.001
5 21 99.997 0.019
5 22 15.393 0.841
5 23 1.781 0.001
5 24 31.075 0.841
5 25 0.001 0.841
5 26 10.481 0.841
5 27 0.001 0.841
5 28 16.624 0.001
5 29 99.997 0.086
5 30 66.945 0.028
5 31 0.001 0.001
5 32 99.997 0.841
5 33 0.001 0.841
5 34 99.997 0.043
5 35 0.001 0.001
5 36 24.608 0.001
5 37 70.215 0.841
5 38 0.001 0.001
5 39 99.997 0.841
5 40 14.764 0.001
5 41 67.105 0.007
5 42 72.329 0.841
5 43 99.997 0.841
5 44 0.001 0.003
5 45 8.359 0.001
5 46 0.001 0.841
5 47 98.896 0.001
5 48 0.941 0.001
5 49 0.001 0.001
6 7 0.001 0.961
6 8 99.997 0.116
6 9 80.608 0.019
6 10 53.052 0.059
6 11 72.43 0.001
6 12 0.001 0.961
6 13 42.771 0.961
6 14 0.001 0.001
6 15 0.001 0.961
6 16 3.549 0.961
6 17 52.363 0.961
6 18 60.337 0.001
6 19 0.001 0.961
6 20 0.001 0.961
6 21 0.001 0.961
6 22 58.725 0.001
6 23 0.001 0.001
6 24 31.234 0.001
6 25 0.001 0.961
6 26 25.237 0.001
6 27 15.806 0.961
6 28 0.001 0.961
6 29 8.694 0.001
6 30 0.001 0.001
6 31 0.001 0.001
6 32 0.001 0.001
6 33 0.001 0.961
6 34 8.234 0.001
6 35 52.885 0.001
6 36 32.843 0.001
6 37 47.948 0.001
6 38 93.121 0.001
6 39 0.001 0.961
6 40 34.431 0.961
6 41 0.001 0.001
6 42 99.997 0.008
6 43 75.882 0.084
6 44 24.448 0.961
6 45 78.142 0.961
6 46 92.402 0.101
6 47 0.001 0.961
6 48 40.364 0.961
6 49 0.001 0.001
7 8 0.001 1.682
7 9 2.82 0.001
7 10 25.064 0.001
7 11 0.001 0.001
7 12 0.001 1.682
7 13 28.205 0.001
7 14 0.001 0.001
7 15 99.997 0.201
7 16 22.633 1.682
7 17 0.001 0.001
7 18 10.177 1.682
7 19 97.869 0.001
7 20 83.57 1.682
7 21 9.292 1.682
7 22 99.997 0.919
7 23 65.466 0.001
7 24 0.001 1.682
7 25 1.448 1.682
7 26 22.389 1.682
7 27 0.001 0.001
7 28 0.001 0.001
7 29 0.001 1.682
7 30 30.118 1.682
7 31 34.612 1.682
7 32 9.842 0.001
7 33 0.001 1.682
7 34 71.561 1.682
7 35 35.118 1.682
7 36 11.357 1.682
7 37 65.029 0.001
7 38 23.709 0.001
7 39 0.001 0.001
7 40 0.001 1.682
7 41 0.001 0.001
7 42 33.01 1.682
7 43 26.565 0.001
7 44 0.001 1.682
7 45 0.001 1.682
7 46 0.001 0.001
7 47 0.001 0.001
7 48 19.851 0.937
7 49 17.978 0.001
8 9 99.997 0.24
8 10 99.997 0.004
8 11 2.498 0.961
8 12 0.001 0.961
8 13 0.001 0.961
8 14 21.076 0.001
8 15 0.001 0.961
8 16 0.001 0.001
8 17 0.001 0.001
8 18 99.997 0.961
8 19 41.108 0.001
8 20 99.997 0.001
8 21 14.97 0.001
8 22 28.465 0.001
8 23 0.001 0.961
8 24 0.001 0.001
8 25 0.001 0.961
8 26 0.001 0.001
8 27 93.76 0.961
8 28 9.184 0.001
8 29 42.48 0.961
8 30 31.945 0.001
8 31 70.543 0.961
8 32 0.001 0.001
8 33 92.899 0.961
8 34 3.66 0.961
8 35 0.001 0.001
8 36 99.997 0.001
8 37 0.001 0.961
8 38 0.001 0.001
8 39 0.001 0.961
8 40 0.001 0.961
8 41 99.997 0.961
8 42 46.644 0.204
8 43 99.997 0.219
8 44 0.001 0.961
8 45 7.513 0.001
8 46 99.997 0.489
8 47 49.47 0.961
8 48 38.013 0.961
8 49 0.001 0.961
9 10 99.997 0.08
9 11 0.001 0.961
9 12 99.997 0.961
9 13 68.079 0.001
9 14 0.001 0.961
9 15 0.001 0.961
9 16 0.001 0.961
9 17 24.765 0.001
9 18 71.589 0.961
9 19 0.001 0.961
9 20 0.001 0.001
9 21 5.967 0.961
9 22 12.317 0.961
9 23 0.001 0.001
9 24 99.997 0.961
9 25 0.001 0.001
9 26 0.001 0.001
9 27 0.001 0.961
9 28 51.932 0.001
9 29 80.122 0.961
9 30 0.001 0.961
9 31 0.001 0.961
9 32 99.997 0.961
9 33 93.228 0.961
9 34 32.449 0.001
9 35 0.001 0.001
9 36 52.947 0.001
9 37 0.001 0.961
9 38 0.001 0.001
9 39 37.782 0.001
9 40 0.001 0.961
9 41 0.001 0.961
9 42 99.997 0.316
9 43 80.311 0.276
9 44 4.027 0.001
9 45 70.713 0.001
9 46 88.532 0.16
9 47 37.568 0.961
9 48 0.001 0.001
9 49 20.567 0.001
10 11 38.12 0.001
10 12 0.001 0.961
10 13 0.001 0.961
10 14 38.342 0.001
10 15 0.001 0.961
10 16 49.714 0.001
10 17 99.997 0.001
10 18 0.001 0.001
10 19 10.975 0.961
10 20 38.504 0.961
10 21 0.001 0.001
10 22 0.001 0.001
10 23 0.001 0.001
10 24 0.001 0.001
10 25 0.001 0.001
10 26 0.001 0.001
10 27 78.271 0.961
10 28 0.001 0.961
10 29 3.729 0.001
10 30 24.48 0.001
10 31 0.001 0.961
10 32 0.001 0.961
10 33 0.001 0.001
10 34 99.997 0.961
10 35 0.001 0.001
10 36 0.001 0.961
10 37 0.001 0.961
10 38 9.702 0.961
10 39 32.251 0.961
10 40 0.001 0.961
10 41 48.275 0.001
10 42 82.729 0.051
10 43 99.997 0.16
10 44 4.419 0.961
10 45 60.773 0.001
10 46 94.823 0.044
10 47 0.001 0.961
10 48 51.567 0.961
10 49 0.001 0.961
11 12 0.001 0.001
11 13 0.001 0.001
11 14 0.001 0.336
11 15 0.001 1.345
11 16 0.001 1.345
11 17 31.961 0.001
11 18 18.153 1.345
11 19 27.624 1.345
11 20 0.001 1.345
11 21 45.331 1.345
11 22 52.531 1.345
11 23 21.359 0.336
11 24 0.001 1.345
11 25 0.768 1.345
11 26 19.621 0.068
11 27 81.437 0.764
11 28 62.614 0.094
11 29 0.001 0.001
11 30 0.001 1.345
11 31 0.001 1.345
11 32 0.001 1.345
11 33 2.277 1.345
11 34 0.001 1.345
11 35 8.032 0.001
11 36 0.001 1.345
11 37 0.001 0.001
11 38 0.001 1.345
11 39 0.001 0.001
11 40 1.922 0.001
11 41 42.696 1.345
11 42 0.001 1.345
11 43 0.001 0.001
11 44 81.315 0.001
11 45 0.001 0.001
11 46 0.001 0.001
11 47 0.001 0.001
11 48 0.001 1.345
11 49 0.001 0.001
12 13 3.886 2.242
12 14 0.001 2.242
12 15 34.987 0.001
12 16 0.001 2.242
12 17 47.095 0.001
12 18 0.001 2.242
12 19 0.001 0.001
12 20 6.401 2.242
12 21 88.817 2.242
12 22 0.001 0.001
12 23 21.165 0.001
12 24 71.772 0.001
12 25 0.001 2.242
12 26 70.828 0.001
12 27 0.001 2.242
12 28 15.08 0.001
12 29 76.862 0.001
12 30 99.997 2.242
12 31 0.001 0.001
12 32 99.997 1.665
12 33 0.001 2.242
12 34 0.001 0.001
12 35 0.001 2.242
12 36 30.36 0.001
12 37 0.001 0.001
12 38 80.423 0.577
12 39 6.752 2.242
12 40 0.001 2.242
12 41 0.001 2.242
12 42 31.485 2.242
12 43 0.001 2.242
12 44 99.997 0.001
12 45 10.181 2.242
12 46 99.997 0.001
12 47 0.001 2.242
12 48 0.001 0.001
12 49 4.254 0.001
13 14 6.27 0.001
13 15 19.631 2.242
13 16 99.997 0.001
13 17 35.497 0.001
13 18 29.413 2.242
13 19 53.168 0.001
13 20 0.001 0.001
13 21 39.573 0.001
13 22 0.001 2.242
13 23 10.64 0.001
13 24 20.753 2.242
13 25 0.001 0.001
13 26 99.997 2.242
13 27 0.001 0.001
13 28 0.001 0.001
13 29 0.001 0.001
13 30 0.001 2.242
13 31 52.613 0.001
13 32 0.001 0.001
13 33 12.67 0.001
13 34 66.102 2.242
13 35 0.001 0.001
13 36 49.581 1.913
13 37 35.225 0.001
13 38 0.001 0.001
13 39 0.001 2.242
13 40 0.001 2.242
13 41 0.001 0.001
13 42 93.494 0.001
13 43 57.783 2.242
13 44 13.005 2.242
13 45 25.553 2.242
13 46 1.929 0.001
13 47 55.203 2.242
13 48 0.001 0.001
13 49 99.997 0.001
14 15 0.001 1.345
14 16 83.114 1.345
14 17 0.001 0.001
14 18 0.001 1.345
14 19 27.547 0.001
14 20 0.001 0.001
14 21 0.001 1.345
14 22 0.001 1.345
14 23 12.57 0.449
14 24 0.001 1.345
14 25 0.001 0.001
14 26 43.799 1.345
14 27 0.001 0.026
14 28 38.349 0.132
14 29 0.001 1.345
14 30 58.483 1.345
14 31 15.716 0.001
14 32 0.001 0.001
14 33 75.177 1.345
14 34 0.001 0.001
14 35 0.001 0.001
14 36 35.207 0.001
14 37 0.001 0.001
14 38 8.923 0.001
14 39 36.193 1.345
14 40 63.489 0.001
14 41 46.369 0.001
14 42 13.937 1.345
14 43 0.001 1.345
14 44 22.012 0.001
14 45 0.001 0.001
14 46 18.203 0.001
14 47 0.001 1.345
14 48 0.001 1.345
14 49 0.001 0.001
15 16 0.001 0.001
15 17 45.638 0.001
15 18 43.089 1.682
15 19 7.56 1.682
15 20 99.997 1.682
15 21 8.393 1.682
15 22 60.88 0.183
15 23 99.997 1.682
15 24 62.252 0.001
15 25 30.008 0.001
15 26 0.001 1.682
15 27 82.227 0.001
15 28 29.026 0.001
15 29 1.754 1.682
15 30 18.326 1.682
15 31 39.601 0.001
15 32 0.001 1.682
15 33 41.723 1.682
15 34 40.243 0.001
15 35 42.535 0.001
15 36 0.001 1.682
15 37 0.001 1.682
15 38 99.997 0.001
15 39 0.001 0.001
15 40 0.001 0.001
15 41 9.998 0.001
15 42 0.001 0.001
15 43 0.001 1.682
15 44 0.001 1.682
15 45 89.955 1.682
15 46 3.246 1.682
15 47 0.001 1.682
15 48 52.759 0.092
15 49 0.001 0.001
16 17 0.001 0.001
16 18 19.476 3.364
16 19 66.566 3.364
16 20 37.136 0.001
16 21 0.001 0.001
16 22 0.001 3.364
16 23 48.277 0.001
16 24 0.001 0.001
16 25 65.916 0.001
16 26 0.001 3.364
16 27 99.997 3.364
16 28 29.65 3.364
16 29 0.001 0.001
16 30 27.445 0.001
16 31 12.971 3.364
16 32 39.002 3.364
16 33 58.034 3.364
16 34 0.001 3.364
16 35 69.181 0.001
16 36 0.001 0.001
16 37 35.5 3.363
16 38 16.706 0.001
16 39 58.789 3.364
16 40 0.001 0.001
16 41 0.001 0.001
16 42 84.005 3.364
16 43 0.001 3.364
16 44 85.425 3.364
16 45 56.816 3.364
16 46 0.001 0.001
16 47 0.001 3.364
16 48 99.997 0.001
16 49 0.001 0.001
17 18 16.394 1.345
17 19 99.997 0.001
17 20 0.001 1.345
17 21 0.001 1.345
17 22 9.302 0.001
17 23 0.001 1.345
17 24 0.001 0.001
17 25 0.001 1.345
17 26 0.001 1.345
17 27 0.001 1.345
17 28 32.652 1.345
17 29 0.001 0.001
17 30 0.001 0.001
17 31 0.001 0.001
17 32 99.997 1.345
17 33 0.001 0.001
17 34 0.001 0.001
17 35 99.997 0.054
17 36 0.001 1.345
17 37 2.051 1.345
17 38 0.001 0.001
17 39 99.997 0.074
17 40 0.001 1.345
17 41 38.776 0.001
17 42 0.001 0.001
17 43 0.001 1.345
17 44 9.747 1.345
17 45 42.806 0.001
17 46 8.923 0.001
17 47 99.997 0.001
17 48 0.001 1.345
17 49 81.81 0.805
18 19 3.476 1.345
18 20 0.001 1.345
18 21 41.245 1.345
18 22 0.001 0.001
18 23 0.001 1.345
18 24 9.861 0.076
18 25 40.859 0.001
18 26 0.001 0.251
18 27 42.395 0.001
18 28 0.001 0.001
18 29 0.001 0.001
18 30 0.001 1.345
18 31 11.95 1.345
18 32 0.001 0.001
18 33 49.386 1.345
18 34 55.797 0.001
18 35 88.4 0.001
18 36 0.001 1.345
18 37 80.735 1.345
18 38 0.001 0.001
18 39 99.997 0.001
18 40 0.001 0.001
18 41 0.001 0.001
18 42 76.86 0.001
18 43 99.997 0.001
18 44 91.002 1.345
18 45 14.381 0.001
18 46 0.001 1.032
18 47 99.997 0.006
18 48 0.001 0.001
18 49 28.396 0.001
19 20 92.51 0.841
19 21 99.997 0.074
19 22 52.839 0.841
19 23 0.001 0.001
19 24 48.413 0.841
19 25 0.001 0.841
19 26 56.684 0.001
19 27 0.001 0.001
19 28 0.001 0.841
19 29 1.508 0.01
19 30 37.308 0.084
19 31 95.775 0.841
19 32 4.724 0.001
19 33 0.001 0.001
19 34 98.296 0.053
19 35 0.001 0.001
19 36 0.001 0.841
19 37 20.421 0.841
19 38 74.06 0.001
19 39 51.023 0.841
19 40 0.001 0.841
19 41 79.781 0.002
19 42 99.997 0.001
19 43 75.15 0.841
19 44 99.997 0.012
19 45 36.842 0.841
19 46 36.704 0.841
19 47 0.001 0.001
19 48 0.001 0.001
19 49 0.001 0.001
20 21 16.757 0.001
20 22 0.001 3.364
20 23 55.173 0.001
20 24 0.001 0.001
20 25 99.997 3.363
20 26 0.001 3.364
20 27 99.997 3.364
20 28 0.001 3.364
20 29 7.986 3.364
20 30 29.797 0.001
20 31 28.429 0.001
20 32 22.538 0.001
20 33 0.001 3.364
20 34 0.001 0.001
20 35 76.12 3.364
20 36 35.188 0.001
20 37 24.427 3.364
20 38 50.331 0.001
20 39 0.001 0.001
20 40 0.001 3.364
20 41 77.854 3.364
20 42 0.001 0.001
20 43 0.001 3.364
20 44 41.236 3.364
20 45 52.244 1.315
20 46 0.001 1.064
20 47 0.001 2.555
20 48 0.001 3.364
20 49 3.971 0.001
21 22 0.001 0.841
21 23 0.001 0.001
21 24 48.725 0.841
21 25 0.001 0.001
21 26 0.001 0.001
21 27 0.001 0.841
21 28 0.001 0.841
21 29 99.997 0.286
21 30 99.997 0.186
21 31 0.001 0.001
21 32 0.001 0.841
21 33 12.102 0.841
21 34 50.214 0.12
21 35 35.444 0.841
21 36 48.776 0.841
21 37 63.132 0.001
21 38 0.001 0.001
21 39 0.001 0.841
21 40 60.914 0.001
21 41 99.997 0.071
21 42 99.997 0.841
21 43 97.2 0.841
21 44 73.475 0.236
21 45 3.178 0.841
21 46 23.792 0.001
21 47 0.001 0.841
21 48 99.997 0.841
21 49 0.001 0.001
22 23 0.001 1.682
22 24 50.953 0.001
22 25 56.678 1.682
22 26 88.104 1.682
22 27 0.001 0.001
22 28 0.001 1.682
22 29 0.001 1.682
22 30 0.001 1.682
22 31 0.001 1.682
22 32 0.001 1.682
22 33 99.997 0.001
22 34 40.15 0.001
22 35 7.391 0.001
22 36 0.001 0.001
22 37 0.001 1.682
22 38 51.516 0.001
22 39 0.001 1.682
22 40 0.001 0.001
22 41 0.001 1.682
22 42 27.885 1.682
22 43 0.618 1.682
22 44 45.384 0.001
22 45 55.805 0.001
22 46 0.001 1.682
22 47 92.82 1.682
22 48 65.627 1.028
22 49 26.472 1.682
23 24 65.887 1.345
23 25 0.001 0.001
23 26 41.962 0.001
23 27 42.706 0.887
23 28 32.877 0.112
23 29 0.001 1.345
23 30 0.001 0.001
23 31 29.133 1.345
23 32 0.001 1.345
23 33 38.776 0.001
23 34 51.768 0.001
23 35 5.769 0.001
23 36 39.969 1.345
23 37 99.997 1.345
23 38 12.272 1.345
23 39 44.583 1.345
23 40 65.021 0.001
23 41 0.001 1.345
23 42 94.513 1.345
23 43 9.777 0.001
23 44 67.298 0.001
23 45 0.001 0.001
23 46 89.305 0.001
23 47 0.001 0.001
23 48 0.001 0.001
23 49 0.001 0.001
24 25 0.001 1.345
24 26 38.984 0.59
24 27 0.001 0.001
24 28 18.843 1.345
24 29 0.001 1.345
24 30 0.001 0.001
24 31 0.001 1.345
24 32 99.997 0.001
24 33 0.001 0.001
24 34 0.001 1.345
24 35 0.001 1.345
24 36 9.091 1.345
24 37 0.001 0.001
24 38 75.696 0.001
24 39 33.991 0.001
24 40 0.001 0.001
24 41 0.001 0.001
24 42 7.281 1.345
24 43 0.001 0.001
24 44 47.046 1.345
24 45 44.803 1.345
24 46 64.292 0.001
24 47 73.602 0.421
24 48 53.969 1.345
24 49 9.864 0.001
25 26 0.001 3.364
25 27 92.392 3.364
25 28 0.001 0.001
25 29 0.001 3.364
25 30 0.001 0.001
25 31 24.254 0.001
25 32 21.219 0.001
25 33 89.58 3.364
25 34 0.001 2.678
25 35 0.001 0.001
25 36 99.997 3.364
25 37 16.147 0.001
25 38 0.001 3.364
25 39 0.001 3.364
25 40 0.001 3.364
25 41 5.651 3.364
25 42 0.001 0.001
25 43 65.309 3.364
25 44 99.997 0.001
25 45 30.749 3.364
25 46 0.001 3.364
25 47 92.5 0.001
25 48 0.001 3.364
25 49 13.92 0.001
26 27 0.001 0.001
26 28 0.001 1.345
26 29 0.001 0.001
26 30 0.001 1.345
26 31 0.001 1.345
26 32 0.001 1.345
26 33 0.001 1.345
26 34 0.001 0.001
26 35 45.169 1.345
26 36 0.001 0.001
26 37 0.001 1.345
26 38 0.882 0.001
26 39 0.001 1.345
26 40 0.001 0.001
26 41 0.001 1.345
26 42 96.362 1.345
26 43 72.603 1.345
26 44 0.001 0.001
26 45 0.001 1.345
26 46 0.001 1.345
26 47 40.721 0.579
26 48 0.001 0.001
26 49 88.456 0.001
27 28 36.653 0.223
27 29 98.897 1.345
27 30 0.001 0.001
27 31 99.997 0.001
27 32 0.001 1.345
27 33 0.001 1.345
27 34 92.349 1.345
27 35 0.001 1.345
27 36 0.001 1.345
27 37 9.483 0.001
27 38 78.73 1.345
27 39 46.369 1.345
27 40 75.133 0.001
27 41 60.315 0.001
27 42 25.866 0.001
27 43 99.997 0.001
27 44 0.001 0.001
27 45 99.997 1.345
27 46 0.001 0.001
27 47 58.89 0.001
27 48 0.001 1.345
27 49 63.755 0.001
28 29 0.001 0.001
28 30 0.001 0.001
28 31 0.001 0.001
28 32 0.001 0.001
28 33 0.001 0.897
28 34 0.001 1.345
28 35 99.422 1.345
28 36 70.205 0.001
28 37 10.003 0.001
28 38 0.001 1.345
28 39 85.531 1.345
28 40 0.001 0.001
28 41 34.055 0.001
28 42 0.001 1.345
28 43 1.424 0.001
28 44 25.761 1.345
28 45 99.997 1.345
28 46 99.997 0.847
28 47 0.001 0.001
28 48 46.993 1.345
28 49 0.001 1.345
29 30 99.997 0.154
29 31 99.997 0.001
29 32 44.31 0.001
29 33 43.368 0.001
29 34 0.001 0.185
29 35 63.71 0.841
29 36 0.001 0.841
29 37 99.997 0.841
29 38 0.001 0.001
29 39 0.001 0.841
29 40 0.001 0.001
29 41 48.926 0.333
29 42 48.55 0.001
29 43 0.001 0.841
29 44 2.312 0.12
29 45 0.001 0.001
29 46 99.997 0.001
29 47 37.879 0.001
29 48 43.458 0.841
29 49 0.001 0.841
30 31 0.001 0.841
30 32 99.997 0.001
30 33 0.001 0.001
30 34 99.997 0.438
30 35 57.164 0.841
30 36 11.458 0.001
30 37 0.001 0.001
30 38 99.997 0.841
30 39 14.944 0.001
30 40 99.997 0.001
30 41 56.887 0.12
30 42 78.944 0.001
30 43 0.001 0.841
30 44 99.997 0.12
30 45 0.001 0.001
30 46 2.544 0.841
30 47 0.001 0.001
30 48 87.685 0.841
30 49 0.001 0.841
31 32 0.001 0.001
31 33 99.997 0.073
31 34 0.001 0.001
31 35 0.703 1.121
31 36 35.668 1.121
31 37 76.843 0.001
31 38 0.001 1.121
31 39 99.997 0.001
31 40 40.265 0.126
31 41 36.386 0.001
31 42 9.103 1.121
31 43 20.094 0.001
31 44 32.65 1.121
31 45 99.997 0.031
31 46 0.001 0.001
31 47 17.991 0.001
31 48 99.997 1.121
31 49 2.709 1.121
32 33 0.001 0.001
32 34 39.373 2.242
32 35 82.898 0.001
32 36 92.948 2.242
32 37 99.997 2.242
32 38 39.256 1.121
32 39 0.001 0.001
32 40 1.796 2.242
32 41 57.799 2.242
32 42 62.135 0.001
32 43 43.983 2.242
32 44 99.997 2.242
32 45 0.001 0.001
32 46 0.001 0.001
32 47 35.191 2.242
32 48 51.146 2.242
32 49 0.001 0.001
33 34 0.001 1.121
33 35 0.001 0.001
33 36 39.372 0.001
33 37 2.593 1.121
33 38 0.001 0.001
33 39 0.001 1.121
33 40 99.997 0.224
33 41 0.001 1.121
33 42 52.397 0.001
33 43 16.506 0.001
33 44 0.001 1.121
33 45 47.653 0.417
33 46 4.436 0.001
33 47 78.251 1.121
33 48 0.001 0.001
33 49 0.001 1.121
34 35 0.001 0.841
34 36 65.853 0.841
34 37 0.001 0.841
34 38 0.001 0.841
34 39 55.063 0.841
34 40 0.001 0.841
34 41 72.508 0.12
34 42 0.001 0.841
34 43 34.411 0.001
34 44 0.001 0.228
34 45 99.997 0.001
34 46 59.276 0.001
34 47 65.368 0.841
34 48 0.001 0.841
34 49 0.001 0.841
35 36 42.212 0.001
35 37 0.001 1.345
35 38 6.057 0.001
35 39 88.204 0.01
35 40 0.001 1.345
35 41 15.905 1.345
35 42 23.383 0.001
35 43 0.001 0.001
35 44 32.069 0.001
35 45 79.525 0.001
35 46 52.462 0.001
35 47 0.001 0.001
35 48 0.001 1.345
35 49 19.89 0.336
36 37 0.001 0.001
36 38 54.052 2.242
36 39 0.001 0.001
36 40 30.88 0.001
36 41 43.123 0.001
36 42 0.001 0.001
36 43 12.545 2.242
36 44 57.272 0.001
36 45 68.521 0.001
36 46 0.001 0.001
36 47 0.001 0.001
36 48 42.948 2.242
36 49 50.962 2.242
37 38 88.506 3.364
37 39 21.98 3.364
37 40 0.001 3.364
37 41 0.001 0.001
37 42 0.001 3.364
37 43 99.997 3.364
37 44 0.001 3.364
37 45 99.997 3.364
37 46 0.001 0.001
37 47 29.304 0.001
37 48 53.922 3.364
37 49 4.17 0.001
38 39 73.307 2.242
38 40 6.519 0.001
38 41 0.001 0.001
38 42 7.553 0.001
38 43 0.001 2.242
38 44 39.978 2.242
38 45 24.377 2.242
38 46 15.499 2.242
38 47 7.738 0.001
38 48 74.675 0.001
38 49 4.192 2.242
39 40 0.001 1.345
39 41 99.997 1.345
39 42 85.429 0.001
39 43 0.001 1.345
39 44 0.001 1.345
39 45 42.012 0.001
39 46 0.001 1.345
39 47 22.151 1.345
39 48 61.68 0.001
39 49 99.997 0.059
40 41 99.997 0.001
40 42 8.264 0.001
40 43 97.781 0.001
40 44 0.001 1.121
40 45 72.689 0.298
40 46 0.001 1.121
40 47 99.997 1.121
40 48 99.997 0.001
40 49 0.001 0.001
41 42 42.392 0.001
41 43 0.001 0.841
41 44 99.997 0.12
41 45 5.682 0.841
41 46 99.997 0.001
41 47 0.001 0.001
41 48 9.34 0.841
41 49 19.62 0.001
42 43 43.142 0.269
42 44 0.001 0.961
42 45 0.001 0.961
42 46 99.997 0.16
42 47 0.001 0.961
42 48 38.367 0.961
42 49 0.001 0.001
43 44 0.001 0.961
43 45 93.743 0.001
43 46 23.647 0.3
43 47 12.748 0.961
43 48 0.001 0.961
43 49 19.178 0.001
44 45 0.001 0.841
44 46 12.082 0.001
44 47 0.001 0.001
44 48 0.001 0.001
44 49 0.001 0.001
45 46 4.646 1.121
45 47 20.153 0.001
45 48 99.997 0.001
45 49 9.537 1.121
46 47 0.001 0.001
46 48 0.001 0.961
46 49 20.52 0.001
47 48 2.369 0.001
47 49 39.931 0.001
48 49 0.001 0.001