50
80
0 10 8 0.543
0 37 8 0.443
0 21 9 0.846
0 38 9 0.557
0 6 7 0.835
0 46 9 0.044
0 34 9 0.517
0 16 8 0.257
0 1 7 0.158
0 2 4 0.021
0 3 9 0.022
0 4 6 0.178
0 5 6 0.127
0 7 10 0.126
0 8 8 0.428
0 9 4 0.021
0 11 3 0.111
0 12 3 0.229
0 13 3 0.237
0 14 5 0.136
0 15 6 0.254
0 17 5 0.02
0 18 2 0.237
0 19 8 0.466
0 20 9 0.105
0 22 7 0.717
0 23 3 0.044
0 24 7 0.071
0 25 2 0.074
0 26 10 0.047
0 27 4 0.22
0 28 7 0.11
0 29 6 0.158
0 30 5 0.155
0 31 4 0.119
0 32 4 0.15
0 33 6 0.276
0 35 10 0.698
0 36 8 0.084
0 39 7 1.013
0 40 8 0.139
0 41 9 0.183
0 42 10 0.321
0 43 8 0.1
0 44 10 3.2
0 45 9 0.265
0 47 9 0.01
0 48 9 0.109
0 49 3 0.028
1 36 10 0.248
1 15 9 0.019
1 5 9 0.416
1 19 7 0.414
1 13 7 0.998
1 28 7 0.638
1 42 9 0.418
1 2 4 0.122
1 3 10 0.122
1 4 4 0.018
1 6 4 0.121
1 7 9 0.963
1 8 9 0.625
1 9 7 0.113
1 10 8 0.065
1 11 6 0.007
1 12 2 0.094
1 14 9 0.057
1 16 5 0.146
1 17 7 0.192
1 18 6 0.043
1 20 9 0.028
1 21 7 1.967
1 22 2 0.011
1 23 6 0.146
1 24 7 0.217
1 25 7 0.353
1 26 10 0.096
1 27 2 0.308
1 29 4 0.504
1 30 3 0.181
1 31 6 0.17
1 32 2 0.151
1 33 7 0.201
1 34 10 1.213
1 35 8 0.802
1 37 7 0.541
1 38 10 0.135
1 39 7 0.171
1 40 2 0.129
1 41 3 0.009
1 43 3 0.113
1 44 5 0.152
1 45 5 1.038
1 46 7 0.344
1 47 2 0.036
1 48 2 0.072
1 49 7 0.089
2 27 10 0.388
2 41 7 0.085
2 45 8 0.531
2 14 7 0.842
2 26 9 0.166
2 48 7 0.783
2 20 9 0.754
2 3 2 0.056
2 4 9 0.041
2 5 9 0.158
2 6 10 0.028
2 7 10 0.093
2 8 5 0.058
2 9 3 0.208
2 10 8 0.055
2 11 4 0.041
2 12 3 0.062
2 13 5 0.298
2 15 8 0.033
2 16 7 0.099
2 17 8 0.372
2 18 7 0.072
2 19 6 0.145
2 21 7 0.131
2 22 5 0.25
2 23 6 0.239
2 24 3 0.153
2 25 2 0.274
2 28 3 0.256
2 29 5 0.045
2 30 8 0.764
2 31 3 0.077
2 32 3 0.088
2 33 4 0.179
2 34 6 0.034
2 35 8 0.02
2 36 3 0.264
2 37 10 0.145
2 38 5 0.168
2 39 8 0.082
2 40 2 0.178
2 42 7 0.078
2 43 6 0.0
2 44 2 0.214
2 46 8 0.598
2 47 8 0.042
2 49 10 0.097
3 4 7 0.543
3 30 8 0.058
3 23 7 0.639
3 24 10 0.44
3 43 10 0.588
3 33 10 0.084
3 12 8 0.013
3 29 8 0.559
3 5 8 0.023
3 6 4 0.343
3 7 7 0.905
3 8 3 0.055
3 9 2 0.563
3 10 8 3.193
3 11 4 0.806
3 13 8 1.04
3 14 3 0.832
3 15 8 0.167
3 16 5 0.016
3 17 6 0.001
3 18 2 0.135
3 19 4 0.045
3 20 10 0.245
3 21 10 0.089
3 22 10 0.455
3 25 3 0.047
3 26 8 0.001
3 27 5 0.095
3 28 4 0.333
3 31 3 0.199
3 32 3 0.46
3 34 4 0.154
3 35 6 0.146
3 36 8 1.321
3 37 2 0.393
3 38 8 1.108
3 39 8 0.412
3 40 6 0.009
3 41 6 0.011
3 42 7 0.19
3 44 4 0.199
3 45 2 0.082
3 46 7 0.205
3 47 6 0.46
3 48 9 0.284
3 49 9 0.1
4 30 9 0.582
4 23 9 0.211
4 24 10 0.262
4 43 7 0.136
4 33 10 0.493
4 12 7 0.106
4 29 8 0.294
4 5 2 0.048
4 6 5 0.384
4 7 5 0.148
4 8 9 0.259
4 9 2 0.016
4 10 5 0.095
4 11 3 0.21
4 13 3 0.035
4 14 5 0.037
4 15 8 0.102
4 16 10 1.056
4 17 7 0.045
4 18 4 0.099
4 19 3 0.115
4 20 5 0.313
4 21 5 0.03
4 22 2 0.138
4 25 5 0.243
4 26 7 0.12
4 27 4 0.096
4 28 8 0.107
4 31 2 0.063
4 32 2 0.016
4 34 4 0.164
4 35 7 0.044
4 36 10 0.029
4 37 8 3.2
4 38 4 0.108
4 39 9 0.045
4 40 8 0.032
4 41 6 0.392
4 42 3 0.09
4 44 4 0.105
4 45 9 0.151
4 46 8 0.109
4 47 9 0.086
4 48 5 0.092
4 49 7 0.063
5 36 7 0.103
5 15 8 0.382
5 19 7 0.46
5 13 9 0.471
5 28 9 0.368
5 42 8 0.266
5 6 6 0.216
5 7 7 0.114
5 8 8 0.313
5 9 2 0.021
5 10 2 0.041
5 11 6 1.01
5 12 9 0.077
5 14 2 0.149
5 16 9 0.221
5 17 8 0.038
5 18 3 0.051
5 20 2 0.098
5 21 7 0.19
5 22 2 0.099
5 23 5 0.006
5 24 9 0.411
5 25 8 0.166
5 26 2 0.094
5 27 10 0.091
5 29 2 0.058
5 30 3 0.069
5 31 3 0.1
5 32 4 0.1
5 33 9 0.121
5 34 9 0.271
5 35 9 0.358
5 37 8 0.343
5 38 9 0.223
5 39 8 0.128
5 40 8 2.114
5 41 10 0.134
5 43 8 0.173
5 44 9 0.063
5 45 4 0.511
5 46 5 0.277
5 47 9 0.908
5 48 9 0.138
5 49 5 0.117
6 10 9 0.243
6 37 7 0.057
6 21 8 0.617
6 38 9 0.046
6 46 9 0.112
6 34 9 0.161
6 16 9 0.509
6 7 5 0.138
6 8 3 0.766
6 9 2 0.174
6 11 6 0.639
6 12 7 0.269
6 13 7 0.115
6 14 3 3.2
6 15 3 0.135
6 17 7 0.044
6 18 5 0.033
6 19 9 0.148
6 20 3 1.098
6 22 10 0.108
6 23 7 0.136
6 24 7 0.282
6 25 6 0.308
6 26 3 0.005
6 27 4 0.146
6 28 7 0.108
6 29 10 0.02
6 30 8 0.014
6 31 5 0.081
6 32 9 0.09
6 33 5 0.13
6 35 9 0.281
6 36 8 0.135
6 39 2 0.192
6 40 3 0.017
6 41 9 0.116
6 42 2 3.2
6 43 3 0.085
6 44 7 0.054
6 45 10 0.242
6 47 2 0.032
6 48 8 0.117
6 49 7 0.072
7 35 10 0.577
7 49 8 0.548
7 18 10 0.255
7 40 8 0.12
7 9 7 0.692
7 11 10 0.709
7 31 7 0.935
7 8 7 0.079
7 10 8 0.065
7 12 6 0.028
7 13 10 0.113
7 14 5 0.107
7 15 10 0.147
7 16 8 0.184
7 17 9 0.11
7 19 10 0.532
7 20 5 0.04
7 21 2 0.202
7 22 2 0.168
7 23 3 0.262
7 24 3 0.287
7 25 7 0.006
7 26 9 0.052
7 27 7 0.078
7 28 3 0.336
7 29 2 0.018
7 30 10 0.229
7 32 3 0.387
7 33 5 0.131
7 34 2 0.052
7 36 3 0.125
7 37 10 0.527
7 38 3 0.154
7 39 10 0.145
7 41 10 0.879
7 42 5 3.2
7 43 8 0.743
7 44 8 0.756
7 45 4 0.113
7 46 6 0.116
7 47 5 0.081
7 48 4 0.219
8 47 9 0.184
8 32 10 0.688
8 44 9 0.266
8 25 10 0.801
8 22 9 0.486
8 39 7 0.678
8 17 7 0.204
8 9 9 0.011
8 10 8 3.2
8 11 4 0.048
8 12 2 0.027
8 13 9 0.193
8 14 8 0.909
8 15 9 0.218
8 16 3 0.194
8 18 3 0.15
8 19 6 0.162
8 20 7 0.515
8 21 9 0.133
8 23 7 0.298
8 24 9 0.219
8 26 6 0.729
8 27 3 0.018
8 28 5 0.077
8 29 8 0.012
8 30 3 0.522
8 31 5 0.142
8 33 3 0.023
8 34 7 0.089
8 35 5 0.118
8 36 7 2.032
8 37 5 0.044
8 38 2 2.074
8 40 5 3.2
8 41 8 0.19
8 42 8 0.034
8 43 10 0.134
8 45 2 0.219
8 46 3 0.065
8 48 6 0.186
8 49 6 0.063
9 35 10 0.041
9 49 9 0.885
9 18 8 0.483
9 40 9 0.112
9 11 7 0.868
9 31 9 0.044
9 10 4 0.072
9 12 4 0.064
9 13 4 0.423
9 14 7 0.439
9 15 3 0.061
9 16 5 0.216
9 17 8 0.943
9 19 7 0.188
9 20 6 0.052
9 21 5 0.331
9 22 3 0.035
9 23 8 0.068
9 24 10 0.649
9 25 5 0.147
9 26 7 0.037
9 27 8 0.252
9 28 6 0.001
9 29 10 0.082
9 30 5 0.136
9 32 9 0.043
9 33 4 0.133
9 34 9 0.167
9 36 7 0.06
9 37 10 0.48
9 38 10 0.073
9 39 5 0.012
9 41 3 0.167
9 42 10 0.097
9 43 2 0.025
9 44 5 0.258
9 45 5 0.226
9 46 9 0.117
9 47 2 0.077
9 48 7 3.2
10 37 9 0.341
10 21 10 0.257
10 38 7 0.338
10 46 8 0.056
10 34 9 0.203
10 16 8 0.255
10 11 2 0.119
10 12 7 0.066
10 13 6 0.012
10 14 6 0.064
10 15 7 0.12
10 17 6 0.154
10 18 10 0.051
10 19 2 0.38
10 20 5 0.278
10 22 3 0.038
10 23 9 0.045
10 24 5 3.2
10 25 10 0.042
10 26 8 0.101
10 27 4 1.851
10 28 6 0.09
10 29 7 0.221
10 30 3 2.059
10 31 10 0.249
10 32 5 0.102
10 33 2 0.129
10 35 9 0.27
10 36 2 0.026
10 39 9 0.114
10 40 10 0.088
10 41 6 0.154
10 42 5 0.195
10 43 4 0.056
10 44 9 0.232
10 45 4 0.071
10 47 9 0.059
10 48 10 0.215
10 49 5 0.105
11 35 8 0.192
11 49 10 0.745
11 18 7 0.874
11 40 8 0.107
11 31 9 0.826
11 12 2 0.039
11 13 7 0.034
11 14 8 0.08
11 15 3 0.08
11 16 4 0.393
11 17 10 0.115
11 19 2 0.672
11 20 4 2.37
11 21 5 0.226
11 22 10 0.156
11 23 8 0.089
11 24 8 0.0
11 25 2 0.13
11 26 7 0.037
11 27 4 0.109
11 28 6 0.101
11 29 3 0.318
11 30 4 0.239
11 32 5 0.226
11 33 3 3.2
11 34 9 0.416
11 36 6 1.223
11 37 2 0.057
11 38 5 0.064
11 39 3 0.291
11 41 10 0.31
11 42 4 0.729
11 43 6 0.164
11 44 4 0.352
11 45 2 1.295
11 46 6 0.418
11 47 3 0.05
11 48 10 0.164
12 30 7 0.553
12 23 9 0.583
12 24 9 0.196
12 43 7 0.011
12 33 10 0.276
12 29 8 0.193
12 13 7 0.034
12 14 6 0.068
12 15 8 0.283
12 16 2 0.094
12 17 7 0.138
12 18 9 0.065
12 19 10 0.087
12 20 8 0.359
12 21 3 0.106
12 22 10 0.246
12 25 2 0.283
12 26 7 0.036
12 27 3 0.002
12 28 10 0.178
12 31 8 0.17
12 32 2 0.075
12 34 4 0.498
12 35 7 0.083
12 36 5 0.026
12 37 8 0.273
12 38 9 0.406
12 39 10 0.213
12 40 2 0.097
12 41 9 0.198
12 42 6 0.103
12 44 9 0.057
12 45 4 0.074
12 46 6 0.049
12 47 3 0.295
12 48 7 0.116
12 49 6 0.133
13 36 10 0.522
13 15 10 0.654
13 19 8 0.091
13 28 8 0.619
13 42 10 0.765
13 14 4 0.126
13 16 10 0.134
13 17 7 0.128
13 18 8 0.373
13 20 8 0.117
13 21 5 1.338
13 22 5 0.113
13 23 7 0.13
13 24 2 0.068
13 25 5 0.461
13 26 10 0.149
13 27 2 1.118
13 29 3 0.696
13 30 9 0.07
13 31 7 0.086
13 32 8 0.483
13 33 6 0.142
13 34 8 0.934
13 35 3 0.011
13 37 3 0.54
13 38 3 0.111
13 39 8 0.023
13 40 6 0.057
13 41 3 0.34
13 43 4 0.226
13 44 8 0.085
13 45 3 0.228
13 46 9 0.138
13 47 10 0.32
13 48 5 0.192
13 49 10 0.21
14 27 9 0.336
14 41 8 0.062
14 45 10 0.689
14 26 7 0.816
14 48 7 0.086
14 20 8 0.52
14 15 8 0.13
14 16 2 0.104
14 17 3 0.642
14 18 3 0.256
14 19 6 0.112
14 21 5 0.781
14 22 10 1.375
14 23 10 0.036
14 24 5 0.059
14 25 10 0.135
14 28 10 0.205
14 29 8 0.003
14 30 2 0.881
14 31 7 0.132
14 32 3 0.312
14 33 5 0.043
14 34 10 0.496
14 35 7 0.303
14 36 10 0.127
14 37 3 0.384
14 38 9 0.001
14 39 3 0.35
14 40 6 0.134
14 42 2 0.006
14 43 5 0.061
14 44 8 0.227
14 46 6 0.346
14 47 9 0.387
14 49 10 0.992
15 36 9 0.548
15 19 10 0.892
15 28 10 0.105
15 42 10 0.217
15 16 3 0.526
15 17 4 0.133
15 18 3 0.38
15 20 5 0.001
15 21 4 1.609
15 22 9 0.102
15 23 10 0.346
15 24 2 0.016
15 25 2 0.194
15 26 2 1.097
15 27 3 0.21
15 29 2 0.18
15 30 2 0.161
15 31 4 0.236
15 32 5 0.291
15 33 8 0.404
15 34 9 0.025
15 35 2 0.244
15 37 3 0.071
15 38 6 0.149
15 39 8 0.298
15 40 5 0.198
15 41 7 0.255
15 43 9 0.057
15 44 2 0.112
15 45 5 0.005
15 46 10 0.245
15 47 10 0.15
15 48 7 0.183
15 49 9 0.024
16 37 9 0.708
16 21 9 0.417
16 38 9 0.322
16 46 10 0.31
16 34 10 0.326
16 17 3 0.069
16 18 4 0.013
16 19 10 0.065
16 20 9 0.078
16 22 9 0.108
16 23 7 0.027
16 24 6 0.192
16 25 10 0.019
16 26 8 0.288
16 27 2 0.064
16 28 8 0.982
16 29 4 0.389
16 30 8 0.108
16 31 3 0.006
16 32 7 0.435
16 33 4 0.325
16 35 6 2.581
16 36 10 0.103
16 39 8 0.12
16 40 5 0.03
16 41 10 0.25
16 42 2 1.266
16 43 7 0.071
16 44 7 0.061
16 45 10 0.155
16 47 2 1.221
16 48 9 0.093
16 49 9 0.302
17 47 9 0.76
17 32 7 0.623
17 44 7 0.583
17 25 10 0.569
17 22 10 0.121
17 39 10 0.789
17 18 5 0.457
17 19 9 0.129
17 20 5 0.079
17 21 3 0.171
17 23 2 0.196
17 24 4 3.2
17 26 2 0.017
17 27 8 0.009
17 28 5 2.482
17 29 2 0.168
17 30 6 0.036
17 31 6 0.16
17 33 5 0.13
17 34 7 0.137
17 35 8 0.16
17 36 7 0.321
17 37 8 0.012
17 38 7 0.106
17 40 3 0.121
17 41 2 0.16
17 42 4 0.207
17 43 7 0.055
17 45 10 0.014
17 46 9 0.101
17 48 8 0.017
17 49 2 0.184
18 35 9 0.921
18 49 8 0.505
18 40 10 0.007
18 31 7 0.105
18 19 6 0.986
18 20 3 0.348
18 21 7 0.182
18 22 3 0.169
18 23 9 0.096
18 24 5 0.343
18 25 7 0.265
18 26 4 0.274
18 27 5 0.305
18 28 8 0.677
18 29 4 1.116
18 30 10 0.22
18 32 3 0.247
18 33 6 0.029
18 34 3 0.11
18 36 2 0.001
18 37 3 0.038
18 38 10 0.122
18 39 4 0.148
18 41 2 0.168
18 42 3 1.163
18 43 7 0.002
18 44 2 0.047
18 45 10 0.125
18 46 9 3.2
18 47 9 0.02
18 48 3 0.004
19 36 8 0.226
19 28 7 0.78
19 42 7 0.31
19 20 3 0.163
19 21 3 0.804
19 22 10 0.14
19 23 8 0.176
19 24 5 0.001
19 25 8 0.13
19 26 5 0.239
19 27 3 0.181
19 29 6 0.175
19 30 6 1.015
19 31 10 0.017
19 32 5 0.161
19 33 2 0.329
19 34 6 0.115
19 35 9 0.194
19 37 7 0.293
19 38 3 0.048
19 39 7 0.701
19 40 8 0.023
19 41 6 0.741
19 43 9 0.066
19 44 7 0.054
19 45 8 0.04
19 46 10 0.887
19 47 2 0.102
19 48 10 0.31
19 49 9 0.175
20 27 8 0.673
20 41 9 0.106
20 45 7 0.306
20 26 9 0.825
20 48 9 0.201
20 21 8 0.218
20 22 9 1.58
20 23 4 0.033
20 24 10 1.176
20 25 9 0.184
20 28 5 0.174
20 29 5 3.2
20 30 8 0.538
20 31 9 0.149
20 32 9 1.957
20 33 7 0.034
20 34 6 0.087
20 35 5 0.144
20 36 2 0.308
20 37 4 0.232
20 38 8 0.246
20 39 2 0.068
20 40 2 0.002
20 42 10 0.125
20 43 9 0.217
20 44 7 0.152
20 46 2 0.003
20 47 6 0.293
20 49 9 0.048
21 37 7 0.333
21 38 9 0.026
21 46 7 0.652
21 34 8 0.451
21 22 10 0.125
21 23 3 0.046
21 24 8 0.138
21 25 6 0.12
21 26 9 0.009
21 27 9 0.196
21 28 2 0.026
21 29 6 0.164
21 30 4 0.345
21 31 4 0.209
21 32 4 0.004
21 33 3 0.047
21 35 4 0.032
21 36 2 0.195
21 39 6 0.003
21 40 4 3.2
21 41 7 0.071
21 42 7 0.026
21 43 6 0.216
21 44 6 1.259
21 45 4 0.001
21 47 5 0.013
21 48 5 0.128
21 49 2 0.104
22 47 9 0.79
22 32 9 0.794
22 44 9 0.299
22 25 10 0.48
22 39 7 0.357
22 23 5 0.162
22 24 4 0.054
22 26 10 0.062
22 27 3 0.037
22 28 9 0.017
22 29 8 0.236
22 30 7 0.161
22 31 8 0.046
22 33 5 0.091
22 34 8 0.353
22 35 10 0.088
22 36 2 0.095
22 37 2 0.253
22 38 4 3.2
22 40 2 0.051
22 41 7 0.216
22 42 4 0.213
22 43 10 0.057
22 45 9 0.278
22 46 6 0.058
22 48 9 0.227
22 49 10 0.202
23 30 9 0.604
23 24 8 0.282
23 43 8 0.398
23 33 10 0.387
23 29 7 0.52
23 25 8 0.151
23 26 2 0.137
23 27 5 0.262
23 28 8 0.046
23 31 5 0.018
23 32 8 0.462
23 34 4 0.357
23 35 8 1.208
23 36 2 0.326
23 37 3 0.129
23 38 5 3.2
23 39 3 0.235
23 40 2 0.046
23 41 5 0.266
23 42 6 0.098
23 44 8 0.163
23 45 7 0.778
23 46 7 0.324
23 47 6 0.157
23 48 4 0.131
23 49 10 0.127
24 30 7 0.436
24 43 8 0.109
24 33 8 0.448
24 29 8 0.237
24 25 8 0.349
24 26 8 0.244
24 27 8 0.967
24 28 5 0.112
24 31 3 0.227
24 32 4 0.055
24 34 10 3.2
24 35 10 0.125
24 36 2 0.154
24 37 8 0.017
24 38 9 0.486
24 39 3 0.003
24 40 2 0.058
24 41 3 0.059
24 42 5 0.01
24 44 8 0.048
24 45 8 3.2
24 46 10 0.059
24 47 5 0.063
24 48 8 0.122
24 49 8 0.187
25 47 10 0.357
25 32 10 0.431
25 44 8 0.326
25 39 9 0.209
25 26 5 0.404
25 27 7 0.037
25 28 10 0.18
25 29 5 0.729
25 30 9 0.037
25 31 6 1.77
25 33 3 0.279
25 34 8 0.14
25 35 3 0.1
25 36 9 0.415
25 37 10 0.38
25 38 9 1.483
25 40 8 0.181
25 41 10 1.447
25 42 3 0.142
25 43 3 0.079
25 45 3 0.193
25 46 10 0.063
25 48 10 0.275
25 49 6 1.752
26 27 9 0.293
26 41 8 0.635
26 45 10 0.582
26 48 10 0.144
26 28 3 0.138
26 29 7 0.04
26 30 4 0.094
26 31 2 0.08
26 32 10 0.66
26 33 3 0.095
26 34 5 0.086
26 35 10 0.282
26 36 6 0.603
26 37 6 0.147
26 38 5 0.06
26 39 3 0.015
26 40 4 0.055
26 42 4 0.15
26 43 3 3.2
26 44 4 0.101
26 46 9 0.06
26 47 5 0.153
26 49 4 0.485
27 41 8 0.662
27 45 10 0.668
27 48 10 0.567
27 28 3 0.1
27 29 2 0.028
27 30 6 0.76
27 31 3 0.782
27 32 3 0.025
27 33 3 0.16
27 34 10 0.14
27 35 4 1.424
27 36 3 0.191
27 37 2 0.018
27 38 8 0.105
27 39 5 0.188
27 40 5 0.158
27 42 9 0.124
27 43 10 0.066
27 44 10 0.064
27 46 3 0.45
27 47 2 0.169
27 49 10 0.173
28 36 7 0.805
28 42 10 0.606
28 29 8 0.353
28 30 6 0.063
28 31 9 0.766
28 32 5 0.156
28 33 9 0.334
28 34 4 0.131
28 35 3 0.068
28 37 6 0.298
28 38 8 3.2
28 39 3 0.655
28 40 9 0.18
28 41 10 0.025
28 43 5 0.073
28 44 5 0.135
28 45 5 0.039
28 46 6 0.108
28 47 3 0.017
28 48 4 0.692
28 49 10 0.095
29 30 10 0.424
29 43 10 0.555
29 33 7 0.539
29 31 8 0.77
29 32 2 0.143
29 34 8 0.505
29 35 5 0.014
29 36 5 0.022
29 37 5 0.234
29 38 2 0.031
29 39 9 0.004
29 40 3 0.109
29 41 5 3.2
29 42 6 0.156
29 44 6 0.014
29 45 3 0.325
29 46 9 0.277
29 47 4 0.18
29 48 10 0.006
29 49 5 0.29
30 43 8 0.69
30 33 10 0.563
30 31 4 0.138
30 32 8 0.11
30 34 4 0.139
30 35 10 0.051
30 36 3 0.057
30 37 6 0.085
30 38 8 0.994
30 39 9 0.196
30 40 8 2.53
30 41 7 0.399
30 42 4 0.05
30 44 7 0.132
30 45 5 0.388
30 46 7 0.016
30 47 3 0.128
30 48 6 0.091
30 49 4 0.454
31 35 7 0.025
31 49 9 0.979
31 40 8 0.445
31 32 6 0.031
31 33 3 0.008
31 34 5 0.675
31 36 9 0.028
31 37 5 0.012
31 38 7 0.06
31 39 4 0.163
31 41 2 0.005
31 42 2 0.263
31 43 9 3.2
31 44 4 2.151
31 45 4 0.004
31 46 2 0.049
31 47 3 3.2
31 48 4 0.038
32 47 9 0.284
32 44 9 0.355
32 39 9 0.127
32 33 5 0.674
32 34 6 1.483
32 35 7 0.023
32 36 2 0.236
32 37 6 3.2
32 38 6 0.462
32 40 5 0.107
32 41 7 0.103
32 42 7 0.798
32 43 8 0.238
32 45 6 0.053
32 46 9 0.189
32 48 3 0.267
32 49 6 0.219
33 43 10 0.313
33 34 10 0.163
33 35 7 0.018
33 36 10 0.155
33 37 7 0.01
33 38 7 0.114
33 39 8 0.321
33 40 4 0.188
33 41 10 0.001
33 42 7 0.079
33 44 6 0.123
33 45 9 0.075
33 46 5 0.28
33 47 4 0.158
33 48 3 0.302
33 49 8 0.003
34 37 10 0.199
34 38 8 0.43
34 46 10 0.673
34 35 6 0.128
34 36 3 0.074
34 39 2 0.076
34 40 5 0.033
34 41 2 0.14
34 42 10 0.066
34 43 9 0.055
34 44 2 0.094
34 45 10 0.3
34 47 4 0.113
34 48 2 0.081
34 49 2 0.219
35 49 8 0.025
35 40 9 0.806
35 36 3 0.014
35 37 10 3.2
35 38 10 0.395
35 39 8 0.006
35 41 2 0.079
35 42 5 0.045
35 43 10 0.042
35 44 5 0.346
35 45 3 0.01
35 46 7 0.252
35 47 5 0.216
35 48 10 0.286
36 42 8 0.982
36 37 3 0.572
36 38 8 0.196
36 39 6 0.171
36 40 7 0.15
36 41 4 0.302
36 43 7 0.072
36 44 5 0.075
36 45 7 0.923
36 46 7 0.034
36 47 5 0.029
36 48 10 0.141
36 49 9 0.073
37 38 10 0.462
37 46 7 0.764
37 39 4 0.056
37 40 8 0.003
37 41 8 0.5
37 42 7 0.159
37 43 9 0.055
37 44 5 0.171
37 45 3 0.234
37 47 3 0.452
37 48 2 0.114
37 49 8 0.476
38 46 8 0.013
38 39 5 0.08
38 40 6 0.016
38 41 2 0.014
38 42 5 0.042
38 43 7 0.075
38 44 5 0.167
38 45 4 0.25
38 47 9 0.958
38 48 3 0.027
38 49 7 0.045
39 47 8 0.451
39 44 10 0.589
39 40 8 0.1
39 41 8 0.319
39 42 6 0.342
39 43 10 0.206
39 45 4 3.2
39 46 6 0.021
39 48 10 0.198
39 49 3 0.134
40 49 9 0.491
40 41 7 0.035
40 42 8 0.03
40 43 7 0.066
40 44 5 0.224
40 45 10 0.227
40 46 8 0.737
40 47 2 0.162
40 48 7 0.198
41 45 10 0.839
41 48 10 0.406
41 42 7 0.244
41 43 8 0.326
41 44 2 0.843
41 46 2 0.117
41 47 5 0.136
41 49 6 0.105
42 43 3 0.098
42 44 6 0.148
42 45 3 0.024
42 46 2 0.219
42 47 5 0.28
42 48 9 0.085
42 49 5 0.161
43 44 8 0.245
43 45 4 0.073
43 46 10 0.39
43 47 8 0.014
43 48 10 0.029
43 49 3 0.032
44 47 9 0.721
44 45 2 0.067
44 46 2 0.239
44 48 4 0.183
44 49 3 0.656
45 48 9 0.358
45 46 7 0.118
45 47 10 0.113
45 49 5 0.013
46 47 6 0.152
46 48 8 0.058
46 49 9 0.567
47 48 7 0.863
47 49 6 0.436
48 49 8 0.074