50
58.5
0 1 1.0 0.415
0 2 1.0 0.412
0 3 1.0 0.418
0 4 1.0 0.29
0 5 1.0 0.425
0 6 1.0 0.303
0 7 1.0 0.416
0 8 1.0 0.427
0 9 1.0 0.414
0 10 1.0 0.414
0 11 1.0 0.424
0 12 1.0 0.405
0 13 1.0 0.403
0 14 1.0 0.281
0 15 1.0 0.423
0 16 1.0 0.424
0 17 1.0 0.425
0 18 1.0 0.419
0 19 1.0 0.42
0 20 1.0 0.408
0 21 1.0 0.425
0 22 1.0 0.407
0 23 1.0 0.404
0 24 1.0 0.405
0 25 1.0 0.415
0 26 1.0 0.418
0 27 1.0 0.428
0 28 1.0 0.294
0 29 1.0 0.403
0 30 1.0 0.418
0 31 1.0 0.285
0 32 1.0 0.41
0 33 1.0 0.408
0 34 1.0 0.423
0 35 1.0 0.409
0 36 1.0 0.403
0 37 1.0 0.288
0 38 1.0 0.421
0 39 1.0 0.428
0 40 1.0 0.417
0 41 1.0 0.427
0 42 1.0 0.413
0 43 1.0 0.429
0 44 1.0 0.408
0 45 1.0 0.422
0 46 1.0 0.421
0 47 1.0 0.402
0 48 1.0 0.407
0 49 1.0 0.281
1 2 1.0 0.407
1 3 1.0 0.408
1 4 1.0 0.404
1 5 1.0 0.393
1 6 1.0 0.415
1 7 1.0 0.392
1 8 1.0 0.416
1 9 1.0 0.412
1 10 1.0 0.418
1 11 1.0 0.413
1 12 1.0 0.421
1 13 1.0 0.418
1 14 1.0 0.426
1 15 1.0 0.428
1 16 1.0 0.426
1 17 1.0 0.405
1 18 1.0 0.401
1 19 1.0 0.405
1 20 1.0 0.429
1 21 1.0 0.417
1 22 1.0 0.428
1 23 1.0 0.409
1 24 1.0 0.406
1 25 1.0 0.408
1 26 1.0 0.426
1 27 1.0 0.404
1 28 1.0 0.414
1 29 1.0 0.427
1 30 1.0 0.401
1 31 1.0 0.41
1 32 1.0 0.418
1 33 1.0 0.411
1 34 1.0 0.382
1 35 1.0 0.4
1 36 1.0 0.415
1 37 1.0 0.405
1 38 1.0 0.424
1 39 1.0 0.412
1 40 1.0 0.401
1 41 1.0 0.426
1 42 1.0 0.421
1 43 1.0 0.425
1 44 1.0 0.381
1 45 1.0 0.421
1 46 1.0 0.423
1 47 1.0 0.411
1 48 1.0 0.408
1 49 1.0 0.413
2 3 1.0 0.429
2 4 1.0 0.4
2 5 1.0 0.408
2 6 1.0 0.404
2 7 1.0 0.409
2 8 1.0 0.409
2 9 1.0 0.397
2 10 1.0 0.42
2 11 1.0 0.403
2 12 1.0 0.423
2 13 1.0 0.384
2 14 1.0 0.425
2 15 1.0 0.4
2 16 1.0 0.424
2 17 1.0 0.404
2 18 1.0 0.416
2 19 1.0 0.392
2 20 1.0 0.42
2 21 1.0 0.405
2 22 1.0 0.415
2 23 1.0 0.419
2 24 1.0 0.411
2 25 1.0 0.428
2 26 1.0 0.405
2 27 1.0 0.381
2 28 1.0 0.412
2 29 1.0 0.408
2 30 1.0 0.401
2 31 1.0 0.41
2 32 1.0 0.418
2 33 1.0 0.41
2 34 1.0 0.404
2 35 1.0 0.429
2 36 1.0 0.42
2 37 1.0 0.401
2 38 1.0 0.404
2 39 1.0 0.409
2 40 1.0 0.415
2 41 1.0 0.403
2 42 1.0 0.423
2 43 1.0 0.428
2 44 1.0 0.407
2 45 1.0 0.409
2 46 1.0 0.4
2 47 1.0 0.411
2 48 1.0 0.425
2 49 1.0 0.406
3 4 1.0 0.414
3 5 1.0 0.407
3 6 1.0 0.415
3 7 1.0 0.406
3 8 1.0 0.41
3 9 1.0 0.41
3 10 1.0 0.416
3 11 1.0 0.414
3 12 1.0 0.39
3 13 1.0 0.415
3 14 1.0 0.409
3 15 1.0 0.429
3 16 1.0 0.427
3 17 1.0 0.412
3 18 1.0 0.405
3 19 1.0 0.402
3 20 1.0 0.421
3 21 1.0 0.406
3 22 1.0 0.42
3 23 1.0 0.417
3 24 1.0 0.41
3 25 1.0 0.385
3 26 1.0 0.425
3 27 1.0 0.423
3 28 1.0 0.411
3 29 1.0 0.403
3 30 1.0 0.395
3 31 1.0 0.407
3 32 1.0 0.429
3 33 1.0 0.414
3 34 1.0 0.414
3 35 1.0 0.423
3 36 1.0 0.409
3 37 1.0 0.422
3 38 1.0 0.391
3 39 1.0 0.399
3 40 1.0 0.407
3 41 1.0 0.402
3 42 1.0 0.391
3 43 1.0 0.401
3 44 1.0 0.421
3 45 1.0 0.418
3 46 1.0 0.424
3 47 1.0 0.428
3 48 1.0 0.402
3 49 1.0 0.427
4 5 1.0 0.418
4 6 1.0 0.293
4 7 1.0 0.41
4 8 1.0 0.407
4 9 1.0 0.426
4 10 1.0 0.405
4 11 1.0 0.413
4 12 1.0 0.427
4 13 1.0 0.429
4 14 1.0 0.287
4 15 1.0 0.417
4 16 1.0 0.4
4 17 1.0 0.425
4 18 1.0 0.415
4 19 1.0 0.413
4 20 1.0 0.423
4 21 1.0 0.414
4 22 1.0 0.425
4 23 1.0 0.414
4 24 1.0 0.404
4 25 1.0 0.426
4 26 1.0 0.401
4 27 1.0 0.421
4 28 1.0 0.281
4 29 1.0 0.429
4 30 1.0 0.402
4 31 1.0 0.31
4 32 1.0 0.421
4 33 1.0 0.402
4 34 1.0 0.426
4 35 1.0 0.407
4 36 1.0 0.411
4 37 1.0 0.301
4 38 1.0 0.428
4 39 1.0 0.403
4 40 1.0 0.41
4 41 1.0 0.409
4 42 1.0 0.406
4 43 1.0 0.406
4 44 1.0 0.41
4 45 1.0 0.413
4 46 1.0 0.42
4 47 1.0 0.402
4 48 1.0 0.408
4 49 1.0 0.293
5 6 1.0 0.403
5 7 1.0 0.392
5 8 1.0 0.426
5 9 1.0 0.407
5 10 1.0 0.429
5 11 1.0 0.429
5 12 1.0 0.408
5 13 1.0 0.41
5 14 1.0 0.401
5 15 1.0 0.424
5 16 1.0 0.428
5 17 1.0 0.404
5 18 1.0 0.4
5 19 1.0 0.412
5 20 1.0 0.416
5 21 1.0 0.414
5 22 1.0 0.42
5 23 1.0 0.409
5 24 1.0 0.401
5 25 1.0 0.428
5 26 1.0 0.415
5 27 1.0 0.409
5 28 1.0 0.427
5 29 1.0 0.407
5 30 1.0 0.413
5 31 1.0 0.402
5 32 1.0 0.421
5 33 1.0 0.42
5 34 1.0 0.408
5 35 1.0 0.387
5 36 1.0 0.406
5 37 1.0 0.403
5 38 1.0 0.404
5 39 1.0 0.401
5 40 1.0 0.403
5 41 1.0 0.419
5 42 1.0 0.428
5 43 1.0 0.407
5 44 1.0 0.383
5 45 1.0 0.427
5 46 1.0 0.413
5 47 1.0 0.416
5 48 1.0 0.424
5 49 1.0 0.409
6 7 1.0 0.406
6 8 1.0 0.406
6 9 1.0 0.428
6 10 1.0 0.427
6 11 1.0 0.4
6 12 1.0 0.412
6 13 1.0 0.401
6 14 1.0 0.291
6 15 1.0 0.417
6 16 1.0 0.413
6 17 1.0 0.422
6 18 1.0 0.41
6 19 1.0 0.416
6 20 1.0 0.405
6 21 1.0 0.402
6 22 1.0 0.417
6 23 1.0 0.402
6 24 1.0 0.415
6 25 1.0 0.418
6 26 1.0 0.407
6 27 1.0 0.425
6 28 1.0 0.284
6 29 1.0 0.405
6 30 1.0 0.404
6 31 1.0 0.292
6 32 1.0 0.426
6 33 1.0 0.404
6 34 1.0 0.412
6 35 1.0 0.423
6 36 1.0 0.429
6 37 1.0 0.284
6 38 1.0 0.428
6 39 1.0 0.414
6 40 1.0 0.413
6 41 1.0 0.413
6 42 1.0 0.401
6 43 1.0 0.423
6 44 1.0 0.424
6 45 1.0 0.428
6 46 1.0 0.408
6 47 1.0 0.409
6 48 1.0 0.427
6 49 1.0 0.303
7 8 1.0 0.413
7 9 1.0 0.411
7 10 1.0 0.423
7 11 1.0 0.413
7 12 1.0 0.404
7 13 1.0 0.427
7 14 1.0 0.423
7 15 1.0 0.413
7 16 1.0 0.4
7 17 1.0 0.412
7 18 1.0 0.408
7 19 1.0 0.407
7 20 1.0 0.427
7 21 1.0 0.421
7 22 1.0 0.414
7 23 1.0 0.383
7 24 1.0 0.42
7 25 1.0 0.42
7 26 1.0 0.416
7 27 1.0 0.427
7 28 1.0 0.41
7 29 1.0 0.429
7 30 1.0 0.41
7 31 1.0 0.424
7 32 1.0 0.401
7 33 1.0 0.4
7 34 1.0 0.41
7 35 1.0 0.404
7 36 1.0 0.402
7 37 1.0 0.416
7 38 1.0 0.426
7 39 1.0 0.415
7 40 1.0 0.421
7 41 1.0 0.428
7 42 1.0 0.42
7 43 1.0 0.429
7 44 1.0 0.409
7 45 1.0 0.414
7 46 1.0 0.415
7 47 1.0 0.409
7 48 1.0 0.419
7 49 1.0 0.404
8 9 1.0 0.42
8 10 1.0 0.409
8 11 1.0 0.41
8 12 1.0 0.401
8 13 1.0 0.406
8 14 1.0 0.424
8 15 1.0 0.4
8 16 1.0 0.42
8 17 1.0 0.41
8 18 1.0 0.401
8 19 1.0 0.408
8 20 1.0 0.413
8 21 1.0 0.401
8 22 1.0 0.405
8 23 1.0 0.407
8 24 1.0 0.415
8 25 1.0 0.405
8 26 1.0 0.416
8 27 1.0 0.402
8 28 1.0 0.427
8 29 1.0 0.429
8 30 1.0 0.408
8 31 1.0 0.428
8 32 1.0 0.411
8 33 1.0 0.428
8 34 1.0 0.425
8 35 1.0 0.414
8 36 1.0 0.389
8 37 1.0 0.428
8 38 1.0 0.41
8 39 1.0 0.404
8 40 1.0 0.412
8 41 1.0 0.389
8 42 1.0 0.421
8 43 1.0 0.409
8 44 1.0 0.426
8 45 1.0 0.424
8 46 1.0 0.424
8 47 1.0 0.401
8 48 1.0 0.383
8 49 1.0 0.408
9 10 1.0 0.405
9 11 1.0 0.403
9 12 1.0 0.423
9 13 1.0 0.382
9 14 1.0 0.415
9 15 1.0 0.403
9 16 1.0 0.413
9 17 1.0 0.411
9 18 1.0 0.404
9 19 1.0 0.392
9 20 1.0 0.425
9 21 1.0 0.402
9 22 1.0 0.426
9 23 1.0 0.41
9 24 1.0 0.416
9 25 1.0 0.423
9 26 1.0 0.407
9 27 1.0 0.405
9 28 1.0 0.413
9 29 1.0 0.41
9 30 1.0 0.415
9 31 1.0 0.428
9 32 1.0 0.408
9 33 1.0 0.42
9 34 1.0 0.421
9 35 1.0 0.403
9 36 1.0 0.41
9 37 1.0 0.418
9 38 1.0 0.419
9 39 1.0 0.401
9 40 1.0 0.413
9 41 1.0 0.424
9 42 1.0 0.41
9 43 1.0 0.4
9 44 1.0 0.405
9 45 1.0 0.413
9 46 1.0 0.405
9 47 1.0 0.417
9 48 1.0 0.423
9 49 1.0 0.406
10 11 1.0 0.421
10 12 1.0 0.41
10 13 1.0 0.4
10 14 1.0 0.4
10 15 1.0 0.4
10 16 1.0 0.391
10 17 1.0 0.411
10 18 1.0 0.415
10 19 1.0 0.403
10 20 1.0 0.405
10 21 1.0 0.421
10 22 1.0 0.405
10 23 1.0 0.411
10 24 1.0 0.41
10 25 1.0 0.427
10 26 1.0 0.412
10 27 1.0 0.404
10 28 1.0 0.409
10 29 1.0 0.427
10 30 1.0 0.411
10 31 1.0 0.406
10 32 1.0 0.384
10 33 1.0 0.41
10 34 1.0 0.402
10 35 1.0 0.419
10 36 1.0 0.401
10 37 1.0 0.416
10 38 1.0 0.404
10 39 1.0 0.403
10 40 1.0 0.409
10 41 1.0 0.421
10 42 1.0 0.412
10 43 1.0 0.407
10 44 1.0 0.406
10 45 1.0 0.409
10 46 1.0 0.413
10 47 1.0 0.427
10 48 1.0 0.428
10 49 1.0 0.407
11 12 1.0 0.427
11 13 1.0 0.405
11 14 1.0 0.402
11 15 1.0 0.386
11 16 1.0 0.412
11 17 1.0 0.389
11 18 1.0 0.405
11 19 1.0 0.401
11 20 1.0 0.422
11 21 1.0 0.399
11 22 1.0 0.406
11 23 1.0 0.418
11 24 1.0 0.395
11 25 1.0 0.427
11 26 1.0 0.403
11 27 1.0 0.415
11 28 1.0 0.403
11 29 1.0 0.402
11 30 1.0 0.412
11 31 1.0 0.422
11 32 1.0 0.402
11 33 1.0 0.417
11 34 1.0 0.42
11 35 1.0 0.415
11 36 1.0 0.412
11 37 1.0 0.413
11 38 1.0 0.42
11 39 1.0 0.425
11 40 1.0 0.385
11 41 1.0 0.414
11 42 1.0 0.402
11 43 1.0 0.429
11 44 1.0 0.418
11 45 1.0 0.402
11 46 1.0 0.392
11 47 1.0 0.413
11 48 1.0 0.407
11 49 1.0 0.426
12 13 1.0 0.406
12 14 1.0 0.4
12 15 1.0 0.41
12 16 1.0 0.405
12 17 1.0 0.429
12 18 1.0 0.42
12 19 1.0 0.406
12 20 1.0 0.424
12 21 1.0 0.413
12 22 1.0 0.409
12 23 1.0 0.428
12 24 1.0 0.425
12 25 1.0 0.386
12 26 1.0 0.412
12 27 1.0 0.416
12 28 1.0 0.407
12 29 1.0 0.424
12 30 1.0 0.386
12 31 1.0 0.404
12 32 1.0 0.413
12 33 1.0 0.414
12 34 1.0 0.409
12 35 1.0 0.41
12 36 1.0 0.412
12 37 1.0 0.426
12 38 1.0 0.403
12 39 1.0 0.405
12 40 1.0 0.403
12 41 1.0 0.421
12 42 1.0 0.395
12 43 1.0 0.417
12 44 1.0 0.4
12 45 1.0 0.422
12 46 1.0 0.416
12 47 1.0 0.424
12 48 1.0 0.412
12 49 1.0 0.4
13 14 1.0 0.407
13 15 1.0 0.407
13 16 1.0 0.416
13 17 1.0 0.427
13 18 1.0 0.42
13 19 1.0 0.393
13 20 1.0 0.425
13 21 1.0 0.402
13 22 1.0 0.409
13 23 1.0 0.422
13 24 1.0 0.41
13 25 1.0 0.404
13 26 1.0 0.407
13 27 1.0 0.401
13 28 1.0 0.4
13 29 1.0 0.389
13 30 1.0 0.405
13 31 1.0 0.411
13 32 1.0 0.412
13 33 1.0 0.423
13 34 1.0 0.411
13 35 1.0 0.403
13 36 1.0 0.424
13 37 1.0 0.405
13 38 1.0 0.413
13 39 1.0 0.409
13 40 1.0 0.411
13 41 1.0 0.405
13 42 1.0 0.406
13 43 1.0 0.426
13 44 1.0 0.408
13 45 1.0 0.421
13 46 1.0 0.417
13 47 1.0 0.429
13 48 1.0 0.412
13 49 1.0 0.425
14 15 1.0 0.401
14 16 1.0 0.428
14 17 1.0 0.412
14 18 1.0 0.413
14 19 1.0 0.418
14 20 1.0 0.422
14 21 1.0 0.411
14 22 1.0 0.423
14 23 1.0 0.415
14 24 1.0 0.42
14 25 1.0 0.425
14 26 1.0 0.429
14 27 1.0 0.41
14 28 1.0 0.288
14 29 1.0 0.424
14 30 1.0 0.422
14 31 1.0 0.302
14 32 1.0 0.427
14 33 1.0 0.419
14 34 1.0 0.418
14 35 1.0 0.422
14 36 1.0 0.427
14 37 1.0 0.298
14 38 1.0 0.423
14 39 1.0 0.429
14 40 1.0 0.414
14 41 1.0 0.421
14 42 1.0 0.417
14 43 1.0 0.426
14 44 1.0 0.421
14 45 1.0 0.4
14 46 1.0 0.4
14 47 1.0 0.416
14 48 1.0 0.427
14 49 1.0 0.303
15 16 1.0 0.419
15 17 1.0 0.407
15 18 1.0 0.411
15 19 1.0 0.426
15 20 1.0 0.422
15 21 1.0 0.384
15 22 1.0 0.425
15 23 1.0 0.421
15 24 1.0 0.391
15 25 1.0 0.418
15 26 1.0 0.407
15 27 1.0 0.426
15 28 1.0 0.401
15 29 1.0 0.421
15 30 1.0 0.406
15 31 1.0 0.411
15 32 1.0 0.405
15 33 1.0 0.413
15 34 1.0 0.405
15 35 1.0 0.429
15 36 1.0 0.403
15 37 1.0 0.406
15 38 1.0 0.42
15 39 1.0 0.418
15 40 1.0 0.395
15 41 1.0 0.405
15 42 1.0 0.414
15 43 1.0 0.417
15 44 1.0 0.404
15 45 1.0 0.42
15 46 1.0 0.383
15 47 1.0 0.424
15 48 1.0 0.413
15 49 1.0 0.427
16 17 1.0 0.422
16 18 1.0 0.404
16 19 1.0 0.422
16 20 1.0 0.382
16 21 1.0 0.402
16 22 1.0 0.425
16 23 1.0 0.416
16 24 1.0 0.413
16 25 1.0 0.423
16 26 1.0 0.418
16 27 1.0 0.404
16 28 1.0 0.415
16 29 1.0 0.408
16 30 1.0 0.414
16 31 1.0 0.4
16 32 1.0 0.408
16 33 1.0 0.407
16 34 1.0 0.415
16 35 1.0 0.415
16 36 1.0 0.411
16 37 1.0 0.421
16 38 1.0 0.414
16 39 1.0 0.401
16 40 1.0 0.418
16 41 1.0 0.408
16 42 1.0 0.425
16 43 1.0 0.399
16 44 1.0 0.427
16 45 1.0 0.395
16 46 1.0 0.402
16 47 1.0 0.418
16 48 1.0 0.406
16 49 1.0 0.415
17 18 1.0 0.416
17 19 1.0 0.4
17 20 1.0 0.425
17 21 1.0 0.394
17 22 1.0 0.418
17 23 1.0 0.426
17 24 1.0 0.404
17 25 1.0 0.413
17 26 1.0 0.4
17 27 1.0 0.426
17 28 1.0 0.418
17 29 1.0 0.411
17 30 1.0 0.417
17 31 1.0 0.411
17 32 1.0 0.409
17 33 1.0 0.401
17 34 1.0 0.413
17 35 1.0 0.411
17 36 1.0 0.408
17 37 1.0 0.409
17 38 1.0 0.405
17 39 1.0 0.419
17 40 1.0 0.382
17 41 1.0 0.415
17 42 1.0 0.41
17 43 1.0 0.42
17 44 1.0 0.422
17 45 1.0 0.423
17 46 1.0 0.41
17 47 1.0 0.422
17 48 1.0 0.419
17 49 1.0 0.42
18 19 1.0 0.428
18 20 1.0 0.401
18 21 1.0 0.42
18 22 1.0 0.385
18 23 1.0 0.405
18 24 1.0 0.419
18 25 1.0 0.422
18 26 1.0 0.406
18 27 1.0 0.422
18 28 1.0 0.422
18 29 1.0 0.422
18 30 1.0 0.401
18 31 1.0 0.404
18 32 1.0 0.427
18 33 1.0 0.425
18 34 1.0 0.411
18 35 1.0 0.429
18 36 1.0 0.398
18 37 1.0 0.41
18 38 1.0 0.422
18 39 1.0 0.409
18 40 1.0 0.418
18 41 1.0 0.409
18 42 1.0 0.419
18 43 1.0 0.424
18 44 1.0 0.403
18 45 1.0 0.427
18 46 1.0 0.413
18 47 1.0 0.41
18 48 1.0 0.387
18 49 1.0 0.41
19 20 1.0 0.411
19 21 1.0 0.416
19 22 1.0 0.406
19 23 1.0 0.414
19 24 1.0 0.402
19 25 1.0 0.408
19 26 1.0 0.41
19 27 1.0 0.401
19 28 1.0 0.427
19 29 1.0 0.392
19 30 1.0 0.415
19 31 1.0 0.418
19 32 1.0 0.4
19 33 1.0 0.402
19 34 1.0 0.418
19 35 1.0 0.418
19 36 1.0 0.4
19 37 1.0 0.407
19 38 1.0 0.424
19 39 1.0 0.427
19 40 1.0 0.424
19 41 1.0 0.403
19 42 1.0 0.409
19 43 1.0 0.418
19 44 1.0 0.403
19 45 1.0 0.426
19 46 1.0 0.423
19 47 1.0 0.41
19 48 1.0 0.412
19 49 1.0 0.405
20 21 1.0 0.414
20 22 1.0 0.412
20 23 1.0 0.406
20 24 1.0 0.428
20 25 1.0 0.412
20 26 1.0 0.411
20 27 1.0 0.422
20 28 1.0 0.408
20 29 1.0 0.428
20 30 1.0 0.427
20 31 1.0 0.422
20 32 1.0 0.395
20 33 1.0 0.388
20 34 1.0 0.406
20 35 1.0 0.42
20 36 1.0 0.422
20 37 1.0 0.429
20 38 1.0 0.42
20 39 1.0 0.414
20 40 1.0 0.41
20 41 1.0 0.418
20 42 1.0 0.414
20 43 1.0 0.407
20 44 1.0 0.416
20 45 1.0 0.41
20 46 1.0 0.421
20 47 1.0 0.425
20 48 1.0 0.422
20 49 1.0 0.404
21 22 1.0 0.42
21 23 1.0 0.423
21 24 1.0 0.407
21 25 1.0 0.407
21 26 1.0 0.407
21 27 1.0 0.415
21 28 1.0 0.41
21 29 1.0 0.417
21 30 1.0 0.41
21 31 1.0 0.412
21 32 1.0 0.421
21 33 1.0 0.408
21 34 1.0 0.4
21 35 1.0 0.424
21 36 1.0 0.424
21 37 1.0 0.415
21 38 1.0 0.405
21 39 1.0 0.407
21 40 1.0 0.4
21 41 1.0 0.429
21 42 1.0 0.404
21 43 1.0 0.423
21 44 1.0 0.421
21 45 1.0 0.401
21 46 1.0 0.405
21 47 1.0 0.403
21 48 1.0 0.4
21 49 1.0 0.413
22 23 1.0 0.42
22 24 1.0 0.422
22 25 1.0 0.422
22 26 1.0 0.424
22 27 1.0 0.427
22 28 1.0 0.428
22 29 1.0 0.421
22 30 1.0 0.401
22 31 1.0 0.412
22 32 1.0 0.427
22 33 1.0 0.423
22 34 1.0 0.408
22 35 1.0 0.401
22 36 1.0 0.39
22 37 1.0 0.409
22 38 1.0 0.402
22 39 1.0 0.41
22 40 1.0 0.403
22 41 1.0 0.408
22 42 1.0 0.427
22 43 1.0 0.411
22 44 1.0 0.421
22 45 1.0 0.417
22 46 1.0 0.425
22 47 1.0 0.39
22 48 1.0 0.386
22 49 1.0 0.414
23 24 1.0 0.421
23 25 1.0 0.411
23 26 1.0 0.401
23 27 1.0 0.424
23 28 1.0 0.402
23 29 1.0 0.402
23 30 1.0 0.416
23 31 1.0 0.4
23 32 1.0 0.403
23 33 1.0 0.429
23 34 1.0 0.41
23 35 1.0 0.398
23 36 1.0 0.407
23 37 1.0 0.413
23 38 1.0 0.429
23 39 1.0 0.424
23 40 1.0 0.413
23 41 1.0 0.423
23 42 1.0 0.414
23 43 1.0 0.414
23 44 1.0 0.385
23 45 1.0 0.405
23 46 1.0 0.416
23 47 1.0 0.414
23 48 1.0 0.403
23 49 1.0 0.412
24 25 1.0 0.409
24 26 1.0 0.42
24 27 1.0 0.417
24 28 1.0 0.407
24 29 1.0 0.424
24 30 1.0 0.402
24 31 1.0 0.405
24 32 1.0 0.424
24 33 1.0 0.426
24 34 1.0 0.411
24 35 1.0 0.428
24 36 1.0 0.421
24 37 1.0 0.41
24 38 1.0 0.424
24 39 1.0 0.428
24 40 1.0 0.407
24 41 1.0 0.429
24 42 1.0 0.407
24 43 1.0 0.42
24 44 1.0 0.429
24 45 1.0 0.425
24 46 1.0 0.403
24 47 1.0 0.418
24 48 1.0 0.411
24 49 1.0 0.418
25 26 1.0 0.41
25 27 1.0 0.409
25 28 1.0 0.406
25 29 1.0 0.408
25 30 1.0 0.394
25 31 1.0 0.424
25 32 1.0 0.42
25 33 1.0 0.415
25 34 1.0 0.404
25 35 1.0 0.411
25 36 1.0 0.421
25 37 1.0 0.415
25 38 1.0 0.401
25 39 1.0 0.409
25 40 1.0 0.427
25 41 1.0 0.423
25 42 1.0 0.39
25 43 1.0 0.417
25 44 1.0 0.403
25 45 1.0 0.413
25 46 1.0 0.414
25 47 1.0 0.414
25 48 1.0 0.415
25 49 1.0 0.408
26 27 1.0 0.399
26 28 1.0 0.407
26 29 1.0 0.386
26 30 1.0 0.407
26 31 1.0 0.426
26 32 1.0 0.42
26 33 1.0 0.405
26 34 1.0 0.418
26 35 1.0 0.414
26 36 1.0 0.403
26 37 1.0 0.4
26 38 1.0 0.404
26 39 1.0 0.401
26 40 1.0 0.407
26 41 1.0 0.424
26 42 1.0 0.404
26 43 1.0 0.406
26 44 1.0 0.416
26 45 1.0 0.401
26 46 1.0 0.401
26 47 1.0 0.402
26 48 1.0 0.404
26 49 1.0 0.421
27 28 1.0 0.429
27 29 1.0 0.388
27 30 1.0 0.401
27 31 1.0 0.407
27 32 1.0 0.401
27 33 1.0 0.424
27 34 1.0 0.407
27 35 1.0 0.421
27 36 1.0 0.415
27 37 1.0 0.411
27 38 1.0 0.429
27 39 1.0 0.424
27 40 1.0 0.407
27 41 1.0 0.424
27 42 1.0 0.401
27 43 1.0 0.418
27 44 1.0 0.422
27 45 1.0 0.416
27 46 1.0 0.424
27 47 1.0 0.427
27 48 1.0 0.416
27 49 1.0 0.412
28 29 1.0 0.417
28 30 1.0 0.419
28 31 1.0 0.291
28 32 1.0 0.424
28 33 1.0 0.417
28 34 1.0 0.416
28 35 1.0 0.404
28 36 1.0 0.413
28 37 1.0 0.281
28 38 1.0 0.424
28 39 1.0 0.429
28 40 1.0 0.402
28 41 1.0 0.422
28 42 1.0 0.407
28 43 1.0 0.402
28 44 1.0 0.421
28 45 1.0 0.41
28 46 1.0 0.404
28 47 1.0 0.4
28 48 1.0 0.425
28 49 1.0 0.297
29 30 1.0 0.406
29 31 1.0 0.422
29 32 1.0 0.41
29 33 1.0 0.418
29 34 1.0 0.408
29 35 1.0 0.415
29 36 1.0 0.425
29 37 1.0 0.422
29 38 1.0 0.422
29 39 1.0 0.428
29 40 1.0 0.424
29 41 1.0 0.405
29 42 1.0 0.404
29 43 1.0 0.41
29 44 1.0 0.407
29 45 1.0 0.427
29 46 1.0 0.417
29 47 1.0 0.412
29 48 1.0 0.413
29 49 1.0 0.418
30 31 1.0 0.416
30 32 1.0 0.4
30 33 1.0 0.426
30 34 1.0 0.419
30 35 1.0 0.401
30 36 1.0 0.405
30 37 1.0 0.403
30 38 1.0 0.399
30 39 1.0 0.399
30 40 1.0 0.422
30 41 1.0 0.42
30 42 1.0 0.41
30 43 1.0 0.42
30 44 1.0 0.422
30 45 1.0 0.426
30 46 1.0 0.417
30 47 1.0 0.404
30 48 1.0 0.409
30 49 1.0 0.407
31 32 1.0 0.415
31 33 1.0 0.426
31 34 1.0 0.403
31 35 1.0 0.425
31 36 1.0 0.421
31 37 1.0 0.282
31 38 1.0 0.421
31 39 1.0 0.403
31 40 1.0 0.427
31 41 1.0 0.414
31 42 1.0 0.429
31 43 1.0 0.426
31 44 1.0 0.413
31 45 1.0 0.403
31 46 1.0 0.417
31 47 1.0 0.408
31 48 1.0 0.404
31 49 1.0 0.294
32 33 1.0 0.396
32 34 1.0 0.427
32 35 1.0 0.427
32 36 1.0 0.425
32 37 1.0 0.416
32 38 1.0 0.404
32 39 1.0 0.427
32 40 1.0 0.411
32 41 1.0 0.423
32 42 1.0 0.405
32 43 1.0 0.381
32 44 1.0 0.417
32 45 1.0 0.385
32 46 1.0 0.424
32 47 1.0 0.407
32 48 1.0 0.427
32 49 1.0 0.427
33 34 1.0 0.417
33 35 1.0 0.411
33 36 1.0 0.422
33 37 1.0 0.418
33 38 1.0 0.413
33 39 1.0 0.407
33 40 1.0 0.408
33 41 1.0 0.415
33 42 1.0 0.4
33 43 1.0 0.381
33 44 1.0 0.413
33 45 1.0 0.385
33 46 1.0 0.428
33 47 1.0 0.423
33 48 1.0 0.405
33 49 1.0 0.428
34 35 1.0 0.39
34 36 1.0 0.415
34 37 1.0 0.413
34 38 1.0 0.422
34 39 1.0 0.415
34 40 1.0 0.422
34 41 1.0 0.41
34 42 1.0 0.411
34 43 1.0 0.413
34 44 1.0 0.41
34 45 1.0 0.422
34 46 1.0 0.415
34 47 1.0 0.406
34 48 1.0 0.42
34 49 1.0 0.408
35 36 1.0 0.406
35 37 1.0 0.413
35 38 1.0 0.415
35 39 1.0 0.421
35 40 1.0 0.424
35 41 1.0 0.413
35 42 1.0 0.41
35 43 1.0 0.417
35 44 1.0 0.381
35 45 1.0 0.42
35 46 1.0 0.406
35 47 1.0 0.413
35 48 1.0 0.418
35 49 1.0 0.406
36 37 1.0 0.414
36 38 1.0 0.419
36 39 1.0 0.405
36 40 1.0 0.409
36 41 1.0 0.403
36 42 1.0 0.427
36 43 1.0 0.407
36 44 1.0 0.414
36 45 1.0 0.408
36 46 1.0 0.426
36 47 1.0 0.387
36 48 1.0 0.392
36 49 1.0 0.409
37 38 1.0 0.418
37 39 1.0 0.416
37 40 1.0 0.411
37 41 1.0 0.414
37 42 1.0 0.423
37 43 1.0 0.415
37 44 1.0 0.401
37 45 1.0 0.402
37 46 1.0 0.428
37 47 1.0 0.412
37 48 1.0 0.404
37 49 1.0 0.289
38 39 1.0 0.388
38 40 1.0 0.411
38 41 1.0 0.417
38 42 1.0 0.392
38 43 1.0 0.409
38 44 1.0 0.407
38 45 1.0 0.427
38 46 1.0 0.414
38 47 1.0 0.407
38 48 1.0 0.41
38 49 1.0 0.409
39 40 1.0 0.428
39 41 1.0 0.421
39 42 1.0 0.41
39 43 1.0 0.429
39 44 1.0 0.404
39 45 1.0 0.414
39 46 1.0 0.411
39 47 1.0 0.424
39 48 1.0 0.412
39 49 1.0 0.428
40 41 1.0 0.424
40 42 1.0 0.417
40 43 1.0 0.4
40 44 1.0 0.417
40 45 1.0 0.418
40 46 1.0 0.386
40 47 1.0 0.425
40 48 1.0 0.409
40 49 1.0 0.41
41 42 1.0 0.421
41 43 1.0 0.41
41 44 1.0 0.42
41 45 1.0 0.423
41 46 1.0 0.412
41 47 1.0 0.399
41 48 1.0 0.383
41 49 1.0 0.411
42 43 1.0 0.421
42 44 1.0 0.4
42 45 1.0 0.402
42 46 1.0 0.402
42 47 1.0 0.412
42 48 1.0 0.421
42 49 1.0 0.42
43 44 1.0 0.404
43 45 1.0 0.401
43 46 1.0 0.417
43 47 1.0 0.419
43 48 1.0 0.428
43 49 1.0 0.423
44 45 1.0 0.428
44 46 1.0 0.412
44 47 1.0 0.427
44 48 1.0 0.412
44 49 1.0 0.417
45 46 1.0 0.414
45 47 1.0 0.42
45 48 1.0 0.426
45 49 1.0 0.42
46 47 1.0 0.415
46 48 1.0 0.42
46 49 1.0 0.429
47 48 1.0 0.39
47 49 1.0 0.403
48 49 1.0 0.429
