50
80.892
18 45 21.759 0.239
16 30 22.245 0.23
15 40 22.346 0.229
12 19 22.44 0.25
0 29 21.755 0.235
36 40 21.722 0.241
1 38 21.834 0.247
20 37 21.739 0.254
6 27 21.834 0.238
6 46 21.727 0.256
38 41 21.777 0.238
13 43 21.813 0.254
43 46 21.828 0.242
8 38 21.709 0.249
29 45 21.749 0.232
16 20 21.836 0.25
13 32 21.81 0.236
35 41 21.807 0.244
6 43 21.831 0.248
5 22 22.187 0.24
1 41 21.723 0.256
11 21 21.804 0.229
37 38 22.13 0.247
23 24 21.765 0.24
9 34 22.295 0.226
3 14 21.795 0.258
14 21 22.294 0.245
12 47 22.075 0.244
26 28 21.83 0.245
6 38 21.78 0.228
37 48 21.767 0.227
17 32 22.385 0.235
11 39 22.179 0.23
31 47 21.796 0.239
12 45 21.734 0.229
4 18 21.742 0.253
9 36 21.799 0.25
2 20 21.787 0.256
0 49 22.17 0.232
9 10 21.708 0.237
1 12 22.166 0.24
7 36 21.791 0.246
2 48 21.8 0.252
6 40 21.715 0.239
13 27 21.791 0.247
8 45 21.76 0.255
33 37 21.792 0.244
14 33 21.726 0.246
8 16 22.283 0.224
26 41 21.757 0.244
8 18 21.718 0.233
9 32 21.719 0.25
14 49 21.702 0.254
23 27 22.079 0.256
6 7 21.745 0.236
34 46 21.726 0.238
23 37 21.768 0.245
12 21 22.428 0.253
6 16 21.835 0.24
29 36 21.796 0.228
10 41 21.798 0.226
42 44 21.802 0.255
9 11 21.747 0.233
25 26 21.82 0.25
0 35 22.087 0.248
8 34 21.784 0.234
8 30 22.195 0.249
14 42 21.797 0.228
24 30 22.363 0.23
5 18 22.357 0.239
9 30 21.808 0.238
4 11 22.289 0.234
8 17 22.365 0.252
13 24 21.803 0.251
25 43 21.805 0.247
2 10 22.201 0.225
43 48 21.814 0.227
5 27 21.759 0.244
11 30 22.153 0.223
9 21 21.713 0.254
32 40 22.018 0.234
20 24 21.781 0.229
17 33 21.717 0.245
2 25 22.369 0.258
4 8 22.306 0.251
28 49 22.171 0.226
29 49 22.399 0.252
7 34 21.727 0.234
9 35 21.703 0.226
29 41 21.778 0.254
14 18 21.717 0.224
4 13 21.817 0.257
22 39 22.185 0.234
19 32 22.178 0.241
37 41 21.714 0.253
23 28 21.701 0.246
0 7 21.747 0.231
5 8 22.244 0.247
19 26 22.249 0.24
11 49 21.954 0.236
14 15 21.724 0.258
21 43 21.825 0.225
18 44 21.785 0.242
8 41 22.191 0.25
11 29 21.815 0.238
11 27 21.788 0.251
23 48 21.721 0.231
24 36 22.394 0.236
4 17 22.316 0.232
4 14 21.702 0.251
5 40 22.436 0.256
9 26 22.221 0.225
28 46 22.192 0.254
7 37 22.342 0.256
30 44 22.133 0.226
12 30 22.409 0.239
3 48 21.875 0.231
42 43 21.813 0.243
35 45 21.817 0.224
31 41 21.822 0.253
6 13 22.241 0.225
1 21 22.421 0.224
16 17 21.957 0.245
20 47 22.27 0.254
27 41 21.986 0.23
10 22 21.742 0.253
14 31 22.31 0.244
35 37 21.804 0.258
13 40 21.716 0.238
16 28 22.269 0.237
7 24 21.81 0.235
10 20 21.826 0.249
5 30 22.388 0.257
27 32 22.321 0.25
12 46 22.119 0.254
5 13 22.334 0.224
13 23 21.827 0.239
10 11 21.728 0.249
11 14 21.703 0.229
5 23 21.771 0.237
16 49 22.375 0.246
25 35 21.801 0.256
15 37 21.74 0.258
21 36 21.799 0.244
5 7 22.399 0.237
4 42 22.195 0.256
24 25 21.711 0.252
4 10 21.774 0.257
9 31 21.759 0.234
3 27 21.747 0.247
24 39 22.051 0.238
15 32 22.4 0.223
18 42 22.008 0.223
16 34 21.746 0.258
3 36 21.787 0.244
24 29 21.778 0.229
9 20 21.832 0.235
15 46 22.248 0.255
34 38 21.769 0.226
8 27 22.13 0.248
6 9 22.221 0.25
10 46 21.812 0.248
13 29 22.02 0.246
29 31 21.714 0.249
14 34 21.7 0.225
4 31 21.804 0.245
5 37 21.813 0.25
2 5 22.293 0.233
26 44 21.723 0.25
10 33 21.822 0.238
5 48 22.083 0.241
43 47 21.76 0.229
4 23 21.766 0.255
0 39 22.242 0.249
15 22 22.271 0.225
36 42 21.724 0.234
23 33 21.771 0.227
0 17 21.815 0.251
25 41 22.046 0.233
24 33 22.279 0.245
15 49 22.333 0.228
41 42 21.815 0.247
29 33 21.726 0.254
26 27 21.842 0.236
45 47 21.766 0.233
19 24 21.719 0.226
16 31 21.957 0.228
34 45 21.71 0.247
17 36 21.716 0.233
11 20 21.741 0.247
7 46 22.335 0.224
32 41 22.052 0.234
32 43 21.823 0.226
2 34 21.747 0.255
22 33 21.737 0.238
20 49 21.779 0.242
1 16 22.253 0.235
24 47 21.833 0.244
4 46 22.35 0.227
9 33 21.729 0.254
30 40 22.38 0.237
10 29 21.749 0.257
33 49 22.056 0.228
4 6 21.704 0.254
33 34 21.811 0.248
25 34 21.784 0.253
18 31 21.839 0.257
30 38 21.792 0.224
2 30 22.17 0.251
27 48 21.806 0.253
32 36 21.811 0.245
1 28 22.307 0.226
20 40 22.302 0.247
9 16 21.751 0.257
2 42 22.427 0.226
17 21 21.878 0.238
1 47 22.232 0.255
22 31 21.838 0.228
9 12 21.793 0.235
38 47 21.751 0.226
3 49 22.418 0.242
8 48 21.753 0.243
24 31 21.712 0.241
17 27 21.825 0.227
18 29 22.096 0.255
5 20 21.754 0.226
33 47 21.79 0.246
0 33 22.071 0.223
32 35 21.783 0.248
3 11 21.778 0.257
18 37 21.806 0.248
27 38 21.788 0.245
2 23 21.822 0.247
14 30 21.701 0.236
21 48 21.73 0.223
5 44 21.714 0.247
17 28 22.114 0.251
0 24 22.339 0.257
24 46 21.8 0.252
18 27 21.782 0.225
17 39 22.239 0.251
8 31 21.818 0.252
3 33 21.701 0.226
16 21 22.222 0.232
10 37 22.209 0.251
21 49 22.151 0.249
9 28 21.805 0.224
17 35 21.824 0.232
19 21 22.173 0.226
43 44 22.281 0.249
2 37 22.008 0.25
3 41 21.8 0.227
21 45 22.106 0.234
24 34 21.779 0.229
13 21 21.728 0.228
44 49 22.285 0.254
10 23 21.729 0.243
37 44 21.742 0.249
0 27 21.789 0.246
7 17 22.144 0.249
4 48 21.842 0.237
5 29 22.205 0.237
8 21 22.285 0.237
28 30 22.206 0.246
42 46 22.282 0.254
7 21 22.208 0.24
22 26 21.763 0.243
18 26 22.139 0.253
22 41 22.156 0.23
20 46 22.275 0.256
13 36 21.701 0.232
17 31 21.967 0.223
12 38 21.745 0.223
38 39 21.795 0.227
40 43 21.825 0.246
10 19 21.781 0.225
17 38 22.068 0.256
28 43 21.822 0.251
8 28 22.418 0.229
21 37 22.175 0.227
11 28 21.735 0.233
26 29 22.347 0.253
1 24 22.113 0.237
7 27 21.836 0.256
28 39 22.371 0.231
16 44 21.815 0.241
10 35 21.778 0.223
2 46 22.256 0.229
2 3 22.196 0.252
25 28 22.416 0.252
15 36 21.804 0.235
25 39 22.422 0.258
25 37 21.797 0.228
16 33 21.7 0.236
16 36 21.842 0.246
7 11 21.834 0.246
12 36 21.758 0.25
44 48 21.724 0.232
19 30 22.315 0.255
2 38 22.036 0.242
30 35 22.257 0.231
37 46 21.759 0.235
2 32 22.295 0.244
21 24 21.773 0.231
28 44 21.75 0.252
27 30 21.77 0.253
18 23 21.802 0.258
19 45 21.727 0.256
3 25 22.213 0.232
10 32 21.71 0.251
26 30 21.742 0.245
11 43 22.036 0.255
2 47 22.412 0.25
20 43 21.756 0.232
25 44 21.734 0.242
35 39 21.991 0.223
41 44 21.801 0.244
4 29 22.363 0.256
18 25 21.784 0.238
10 17 22.051 0.239
31 36 21.827 0.237
21 27 21.722 0.223
28 37 22.019 0.236
15 39 22.163 0.228
1 42 22.168 0.225
15 18 22.073 0.231
2 24 21.734 0.256
35 36 22.137 0.228
1 7 22.432 0.248
10 28 22.168 0.228
9 18 22.156 0.234
28 48 21.73 0.246
39 42 22.366 0.227
29 43 21.762 0.247
8 26 21.724 0.241
15 42 22.127 0.256
11 12 21.77 0.24
24 26 21.771 0.243
12 23 22.33 0.241
24 38 21.784 0.239
38 42 21.766 0.24
4 44 22.13 0.24
14 22 21.809 0.225
30 37 21.827 0.242
1 3 22.169 0.252
22 23 22.096 0.243
29 44 21.723 0.248
7 43 21.8 0.234
6 14 21.817 0.258
1 20 21.713 0.241
28 47 22.299 0.24
21 28 22.056 0.241
6 10 21.763 0.235
15 17 22.305 0.237
0 41 21.792 0.246
14 35 21.749 0.234
3 12 22.361 0.235
2 16 22.083 0.246
4 21 22.314 0.255
28 38 22.062 0.236
25 32 22.264 0.235
13 44 21.808 0.229
28 34 21.781 0.254
11 34 21.838 0.25
5 38 21.718 0.235
20 30 21.74 0.249
22 48 21.8 0.237
5 31 21.734 0.251
6 24 21.827 0.243
20 21 21.702 0.244
2 29 22.236 0.256
34 47 21.763 0.249
34 36 21.813 0.25
19 31 21.753 0.232
32 33 21.815 0.229
30 32 22.167 0.236
8 32 22.07 0.246
6 17 21.708 0.245
0 2 21.807 0.245
19 22 22.297 0.244
18 24 21.837 0.245
23 43 21.729 0.232
19 41 21.767 0.258
22 44 21.795 0.242
26 35 21.741 0.231
7 22 22.36 0.253
5 39 22.398 0.234
30 45 21.784 0.242
2 18 21.83 0.226
32 34 21.826 0.235
3 13 22.213 0.229
18 46 21.776 0.235
20 31 21.731 0.255
4 26 21.806 0.239
12 24 21.749 0.237
1 30 22.105 0.247
27 45 21.734 0.226
36 44 22.08 0.231
5 6 22.059 0.257
32 39 22.192 0.224
25 29 22.418 0.257
5 17 22.4 0.227
11 31 21.778 0.244
8 12 22.192 0.232
11 15 21.79 0.234
32 46 22.291 0.226
20 36 21.733 0.254
25 33 21.799 0.237
2 27 21.813 0.253
27 42 21.708 0.225
20 32 22.208 0.258
13 17 21.795 0.232
17 49 22.234 0.251
27 43 21.784 0.227
8 24 21.746 0.231
36 37 21.749 0.238
19 49 22.254 0.239
1 4 22.115 0.254
6 39 21.725 0.23
2 4 22.203 0.238
4 37 21.801 0.242
12 27 21.999 0.231
6 22 21.796 0.252
4 49 22.234 0.24
0 28 21.8 0.25
7 18 21.729 0.239
13 42 22.054 0.228
0 31 21.825 0.233
28 41 21.713 0.246
20 25 22.013 0.227
15 16 22.154 0.25
8 36 21.701 0.245
11 18 21.72 0.243
25 30 22.291 0.256
41 46 22.318 0.243
18 28 21.704 0.258
0 1 22.118 0.249
3 28 22.273 0.241
19 33 21.835 0.25
20 22 22.307 0.257
9 22 21.816 0.246
14 43 21.78 0.245
1 11 22.314 0.225
45 46 21.77 0.246
13 16 21.767 0.226
34 40 21.727 0.234
5 42 22.306 0.229
21 42 22.324 0.249
15 26 22.041 0.249
19 29 22.036 0.234
23 41 22.035 0.233
2 45 22.2 0.223
5 9 22.138 0.224
5 12 22.218 0.237
28 42 22.408 0.244
20 35 21.742 0.239
0 11 22.204 0.249
13 15 22.26 0.231
5 49 22.349 0.223
13 35 21.787 0.238
3 4 22.162 0.258
0 42 21.84 0.249
30 31 21.839 0.244
29 34 22.131 0.224
12 39 22.193 0.24
10 39 21.739 0.226
11 24 22.147 0.233
14 40 21.761 0.225
16 40 22.156 0.229
23 42 21.742 0.246
17 25 22.187 0.241
3 21 22.183 0.237
10 38 22.204 0.239
0 34 21.762 0.24
7 20 21.753 0.258
13 47 21.821 0.253
20 29 21.805 0.254
27 37 21.71 0.246
13 39 21.732 0.237
8 33 21.711 0.255
12 13 21.766 0.24
16 48 21.712 0.245
7 29 22.182 0.247
12 17 22.361 0.247
26 45 21.821 0.242
7 48 21.749 0.242
3 20 21.75 0.223
6 29 22.312 0.227
6 30 21.823 0.25
20 38 21.706 0.252
45 48 21.828 0.243
2 43 21.714 0.258
26 32 21.77 0.232
14 24 21.756 0.23
24 48 21.801 0.257
6 44 21.731 0.227
23 30 21.755 0.238
16 37 22.26 0.246
22 37 21.789 0.236
46 49 22.221 0.242
32 38 21.738 0.257
3 43 21.785 0.226
10 36 21.779 0.252
34 49 21.75 0.246
23 31 21.721 0.242
4 9 21.725 0.243
6 33 21.758 0.251
11 45 21.801 0.253
21 29 22.314 0.245
26 36 21.723 0.251
17 26 21.739 0.25
22 27 22.037 0.238
23 40 22.249 0.245
18 34 22.157 0.245
36 43 22.17 0.23
15 47 22.23 0.23
0 18 21.841 0.23
3 29 22.188 0.25
2 6 21.79 0.255
12 49 22.21 0.253
1 29 22.253 0.257
0 32 21.781 0.224
1 33 22.023 0.232
21 41 21.757 0.237
0 9 21.818 0.235
27 34 21.822 0.258
8 25 22.249 0.248
31 46 21.819 0.256
0 16 21.802 0.245
0 38 21.766 0.243
18 43 21.712 0.248
11 47 21.739 0.256
19 43 21.821 0.231
19 28 22.311 0.249
18 47 21.736 0.248
8 29 22.157 0.228
42 48 22.148 0.243
15 44 21.816 0.244
30 46 22.193 0.258
22 38 21.743 0.225
13 48 22.221 0.24
37 45 22.095 0.244
6 25 21.807 0.253
7 45 22.188 0.229
20 45 21.791 0.238
31 39 21.76 0.23
14 29 21.8 0.229
1 6 21.823 0.243
20 44 21.759 0.225
34 48 22.15 0.251
30 33 22.185 0.24
4 20 21.808 0.236
18 19 22.055 0.229
18 32 21.805 0.254
36 41 21.831 0.239
30 34 21.815 0.228
22 36 21.724 0.237
4 19 22.338 0.225
14 38 22.092 0.245
11 44 22.186 0.245
8 9 21.792 0.226
30 39 22.099 0.249
0 43 22.254 0.257
12 37 21.773 0.258
10 47 21.816 0.225
13 14 21.714 0.254
18 49 21.812 0.233
35 42 21.814 0.231
31 38 22.113 0.229
7 9 21.829 0.236
22 35 21.73 0.233
29 46 22.365 0.254
15 28 22.356 0.25
3 37 21.739 0.237
15 21 22.431 0.228
10 34 21.836 0.239
34 43 21.793 0.235
39 41 21.804 0.242
25 40 22.251 0.257
16 47 22.196 0.225
10 18 21.825 0.236
24 27 21.818 0.258
29 35 21.719 0.226
17 24 21.714 0.255
7 32 22.221 0.239
46 48 21.777 0.243
0 37 21.836 0.244
1 17 22.375 0.251
15 45 21.803 0.251
31 33 21.781 0.228
10 27 21.715 0.228
24 49 22.134 0.236
9 19 21.986 0.239
1 40 22.36 0.247
12 32 22.248 0.235
41 43 21.815 0.247
9 44 21.72 0.242
11 33 22.044 0.224
8 13 21.835 0.256
31 49 21.789 0.237
21 30 22.326 0.248
19 36 21.739 0.251
19 47 22.259 0.248
3 39 22.433 0.24
47 49 22.288 0.24
7 39 22.324 0.226
28 33 21.818 0.232
27 49 21.74 0.238
24 43 22.144 0.236
27 47 22.188 0.235
3 32 22.327 0.233
34 35 21.77 0.232
16 46 22.255 0.234
1 14 21.766 0.242
31 45 22.234 0.236
1 46 22.159 0.253
4 32 22.429 0.243
3 46 22.284 0.228
22 28 22.187 0.24
2 9 21.719 0.244
3 5 21.969 0.25
5 10 21.773 0.234
12 40 22.047 0.235
31 32 21.839 0.231
5 43 21.812 0.23
3 31 21.793 0.243
9 49 21.8 0.231
1 22 22.221 0.225
2 22 22.409 0.25
0 15 21.829 0.235
15 19 22.262 0.223
36 45 21.74 0.25
8 11 21.773 0.255
6 34 22.121 0.235
14 25 21.809 0.251
8 35 21.815 0.24
7 16 22.168 0.227
23 34 21.765 0.235
29 39 22.189 0.237
0 19 21.782 0.251
1 23 21.767 0.238
31 48 21.824 0.226
27 44 21.743 0.241
15 27 21.816 0.224
1 18 21.841 0.253
13 41 21.724 0.226
25 47 22.116 0.255
1 15 22.182 0.258
1 13 21.747 0.226
2 31 22.27 0.252
3 38 21.721 0.251
17 44 21.822 0.237
15 31 21.742 0.227
11 25 21.788 0.235
23 26 21.745 0.24
6 31 21.838 0.239
32 37 21.789 0.258
28 40 22.194 0.25
9 23 21.836 0.238
40 44 21.826 0.24
0 12 21.739 0.227
30 36 21.997 0.232
29 37 21.714 0.23
25 38 21.806 0.23
1 48 21.798 0.251
15 30 22.217 0.228
3 7 22.217 0.234
12 22 22.206 0.235
22 29 22.157 0.253
1 45 21.784 0.25
44 46 21.834 0.232
38 46 21.702 0.23
0 3 21.842 0.253
12 41 22.213 0.238
15 20 21.701 0.256
18 41 21.8 0.254
15 48 22.312 0.226
29 40 22.185 0.253
14 20 21.798 0.233
18 40 21.837 0.255
24 44 22.245 0.234
11 32 21.796 0.254
5 21 22.302 0.25
23 36 21.754 0.223
23 25 22.196 0.24
8 20 22.347 0.248
29 38 21.839 0.227
1 43 22.175 0.234
16 26 21.787 0.24
15 29 22.005 0.245
9 17 21.792 0.233
10 24 21.719 0.237
12 18 21.812 0.231
15 23 21.807 0.223
31 40 21.78 0.234
4 45 21.793 0.228
4 28 22.215 0.24
22 42 22.153 0.225
3 17 22.156 0.229
21 38 21.989 0.232
23 29 21.726 0.247
7 44 21.83 0.247
15 33 21.808 0.231
12 34 21.842 0.229
19 37 21.751 0.254
26 34 21.996 0.25
0 30 22.009 0.254
33 38 21.709 0.246
1 27 21.833 0.223
19 25 22.198 0.244
35 43 22.383 0.226
11 36 21.984 0.243
35 38 21.71 0.249
11 42 21.819 0.225
9 38 21.794 0.247
13 22 21.735 0.25
25 31 21.778 0.24
21 23 21.753 0.229
27 28 21.782 0.257
24 40 21.778 0.244
9 13 22.168 0.231
5 46 22.295 0.241
0 23 21.766 0.238
18 36 21.719 0.236
4 27 21.75 0.258
2 41 21.813 0.235
1 39 22.04 0.24
10 43 21.819 0.245
5 45 21.817 0.249
34 39 21.808 0.229
24 45 21.78 0.249
41 48 21.76 0.231
32 49 22.435 0.228
23 44 21.836 0.24
8 39 22.184 0.257
6 41 21.762 0.248
9 46 21.732 0.241
3 24 21.837 0.229
13 28 21.722 0.245
27 35 21.839 0.253
16 23 21.782 0.227
39 47 22.418 0.247
3 15 22.273 0.246
4 24 22.223 0.238
2 28 22.214 0.23
0 14 21.783 0.256
1 9 21.75 0.227
18 39 21.764 0.241
23 49 21.842 0.257
24 42 21.825 0.241
14 36 21.776 0.229
3 40 22.209 0.224
6 45 21.718 0.257
21 32 22.307 0.235
28 45 22.175 0.254
21 46 22.365 0.25
21 26 21.708 0.223
11 17 21.836 0.236
18 21 21.706 0.253
15 38 21.712 0.232
20 26 21.765 0.229
0 10 21.708 0.23
14 48 21.82 0.245
9 14 21.788 0.258
7 38 22.398 0.252
2 17 22.273 0.255
21 22 22.4 0.226
4 25 22.252 0.227
37 42 21.758 0.24
20 41 22.247 0.257
33 36 22.106 0.253
13 38 21.735 0.233
19 27 21.784 0.224
31 44 21.836 0.248
1 37 21.826 0.232
43 45 21.736 0.227
33 41 21.805 0.236
16 41 21.825 0.227
12 48 21.801 0.231
19 39 22.258 0.255
0 13 21.782 0.236
3 30 22.365 0.258
30 42 22.289 0.224
12 42 22.327 0.25
41 49 21.831 0.233
21 35 21.812 0.252
8 10 21.78 0.242
17 19 22.215 0.257
18 35 21.713 0.251
33 48 21.764 0.253
19 40 22.301 0.239
26 42 22.004 0.251
7 13 21.806 0.232
6 28 21.811 0.236
16 39 22.198 0.233
26 49 21.763 0.231
33 42 21.752 0.253
28 36 21.78 0.237
4 35 22.07 0.246
3 9 22.274 0.229
7 12 22.296 0.226
33 40 21.749 0.255
7 14 22.205 0.249
3 34 22.22 0.257
26 47 21.802 0.245
9 27 21.818 0.256
6 23 21.827 0.251
13 49 21.804 0.223
3 19 22.136 0.25
4 30 22.074 0.254
0 48 21.811 0.23
27 29 21.772 0.228
11 35 22.188 0.235
9 43 21.768 0.231
21 47 22.411 0.236
4 39 22.002 0.231
42 47 22.284 0.235
25 49 22.163 0.23
36 47 21.739 0.258
6 36 21.71 0.256
16 38 22.074 0.239
8 49 22.379 0.237
0 44 21.999 0.227
1 26 21.734 0.228
11 40 21.804 0.236
17 30 22.23 0.244
34 37 21.828 0.226
18 38 21.71 0.228
17 41 21.838 0.234
3 8 22.317 0.23
4 33 22.133 0.253
1 2 22.321 0.23
12 15 22.245 0.249
9 37 21.82 0.236
26 43 21.714 0.255
13 20 21.769 0.257
44 45 21.723 0.226
14 17 22.108 0.247
21 31 22.237 0.23
17 29 22.361 0.224
4 12 22.254 0.248
4 41 21.762 0.251
27 31 21.815 0.225
7 19 22.268 0.225
3 47 22.242 0.227
0 47 21.757 0.233
3 23 21.709 0.252
6 11 21.782 0.247
11 13 21.753 0.245
38 43 21.763 0.237
19 38 21.786 0.242
13 26 22.281 0.228
44 47 21.716 0.241
7 33 21.804 0.245
2 19 22.241 0.224
21 39 22.317 0.242
5 16 22.401 0.239
39 49 22.221 0.225
39 45 21.75 0.228
45 49 21.837 0.226
12 16 22.375 0.251
20 42 21.705 0.236
10 15 21.819 0.247
13 34 22.005 0.256
22 45 21.826 0.242
23 46 22.111 0.236
4 5 22.329 0.23
12 44 21.827 0.23
4 38 21.775 0.238
14 28 22.04 0.229
10 48 21.768 0.229
16 45 22.187 0.23
48 49 21.722 0.226
24 37 21.781 0.235
43 49 22.292 0.231
38 45 22.263 0.25
17 22 22.242 0.228
2 7 21.959 0.253
20 48 21.778 0.242
30 41 21.759 0.258
21 34 21.76 0.226
6 47 21.842 0.253
10 21 22.17 0.248
18 33 21.715 0.244
19 34 22.156 0.223
22 32 22.21 0.258
22 40 22.082 0.252
2 8 22.295 0.258
22 25 22.029 0.255
47 48 21.813 0.224
22 43 21.727 0.223
22 34 21.747 0.256
11 23 21.777 0.226
3 42 22.228 0.223
10 16 22.153 0.25
14 32 21.744 0.237
2 40 22.314 0.258
10 42 21.8 0.229
17 23 21.82 0.253
7 42 22.238 0.252
23 32 22.033 0.249
39 40 22.432 0.233
14 44 21.731 0.249
4 15 22.351 0.228
4 47 22.253 0.242
21 44 21.798 0.224
6 48 21.994 0.225
0 46 21.756 0.251
15 34 22.079 0.227
4 43 22.236 0.234
17 40 22.198 0.242
16 43 21.763 0.251
38 48 21.82 0.243
20 28 21.745 0.246
13 46 21.832 0.228
33 35 22.284 0.231
37 39 21.724 0.23
7 26 21.779 0.24
31 34 21.747 0.24
26 31 21.8 0.235
4 36 22.253 0.236
12 35 21.825 0.237
13 37 21.809 0.241
23 45 21.758 0.248
10 26 21.828 0.24
8 47 22.219 0.247
2 35 21.832 0.257
31 37 22.124 0.243
13 31 21.708 0.236
9 39 21.711 0.255
40 45 21.757 0.23
3 10 21.733 0.223
25 46 22.144 0.238
25 45 21.755 0.235
19 42 22.146 0.228
15 43 21.741 0.241
28 32 22.316 0.236
5 24 21.737 0.226
0 8 21.756 0.258
17 45 22.1 0.234
16 18 21.749 0.236
19 23 21.818 0.229
13 45 21.77 0.251
17 43 21.703 0.237
40 47 22.05 0.227
15 24 21.774 0.253
1 31 21.723 0.236
9 48 21.981 0.228
21 33 21.776 0.226
5 41 21.797 0.252
23 39 21.811 0.258
27 39 21.826 0.245
40 46 22.171 0.247
15 35 21.746 0.231
7 30 22.268 0.235
36 46 21.787 0.225
20 39 21.807 0.229
5 33 21.713 0.257
3 26 22.182 0.238
2 14 22.186 0.25
24 41 21.748 0.258
8 14 21.816 0.253
5 15 22.208 0.256
10 40 21.827 0.251
30 48 21.779 0.245
29 42 21.978 0.234
25 27 22.166 0.257
41 47 22.074 0.234
2 33 21.822 0.254
2 12 22.241 0.229
7 28 22.271 0.256
4 7 22.284 0.24
36 38 21.754 0.223
2 39 22.289 0.249
2 15 22.223 0.235
16 42 22.209 0.252
29 32 22.245 0.252
6 20 21.707 0.244
9 29 22.305 0.236
26 33 21.779 0.245
9 42 22.121 0.231
10 49 21.759 0.254
2 44 21.722 0.247
2 21 22.249 0.24
13 25 21.701 0.237
12 29 22.314 0.255
21 25 22.253 0.238
22 30 22.36 0.24
35 49 22.259 0.251
22 49 22.424 0.253
8 37 21.828 0.224
33 43 22.201 0.248
1 32 22.303 0.225
11 48 21.815 0.254
13 33 21.718 0.228
25 36 21.765 0.226
35 40 21.842 0.25
24 35 22.096 0.229
1 36 22.042 0.252
8 15 22.401 0.25
14 39 21.745 0.251
13 30 21.71 0.239
0 40 21.7 0.25
3 6 21.979 0.24
14 47 21.775 0.237
9 25 21.81 0.253
7 41 21.774 0.249
0 25 21.745 0.234
12 33 21.755 0.243
14 26 21.809 0.245
8 19 22.289 0.254
2 49 22.427 0.245
14 16 22.263 0.243
2 36 21.767 0.258
8 22 22.018 0.237
18 20 21.723 0.251
9 45 21.79 0.246
10 45 22.18 0.24
3 22 22.293 0.24
27 36 21.767 0.252
33 44 22.072 0.252
39 43 22.341 0.225
13 18 21.962 0.224
34 41 21.83 0.253
0 22 21.811 0.235
9 41 21.712 0.253
1 10 21.735 0.249
20 23 22.125 0.249
22 47 22.078 0.237
14 23 21.718 0.237
10 30 21.726 0.243
16 19 22.254 0.253
17 46 22.255 0.228
11 19 21.708 0.254
19 44 21.817 0.228
37 49 21.76 0.253
11 26 21.715 0.238
12 31 21.837 0.25
11 16 21.777 0.224
27 33 21.839 0.223
10 13 21.724 0.247
8 23 22.13 0.227
5 14 21.836 0.247
7 40 22.405 0.223
7 23 21.702 0.248
25 48 21.732 0.25
40 41 22.088 0.245
6 15 22.082 0.224
7 25 22.252 0.247
19 46 22.179 0.24
1 19 22.224 0.255
20 33 21.767 0.238
12 26 21.748 0.231
11 46 21.82 0.257
26 48 22.078 0.247
16 24 21.822 0.237
17 18 21.763 0.251
24 28 21.81 0.251
7 15 22.227 0.253
41 45 21.714 0.256
42 49 22.18 0.254
29 30 22.303 0.231
4 16 22.356 0.234
16 27 21.804 0.246
4 34 21.811 0.226
16 35 21.809 0.228
6 19 22.22 0.257
9 15 22.136 0.237
2 26 21.813 0.235
10 31 22.077 0.236
28 31 22.047 0.232
6 26 22.102 0.24
3 45 21.794 0.226
1 25 22.421 0.23
0 5 21.704 0.231
22 46 22.132 0.223
26 40 21.803 0.236
5 35 21.834 0.239
6 42 22.148 0.225
16 22 22.356 0.244
19 35 21.815 0.253
7 10 22.144 0.242
1 34 21.735 0.246
6 49 21.781 0.24
33 45 21.826 0.232
5 25 22.379 0.25
3 35 21.787 0.223
40 48 21.709 0.256
13 19 22.04 0.235
12 25 22.222 0.239
17 48 21.819 0.244
10 14 22.029 0.232
25 42 22.278 0.232
18 30 21.737 0.224
12 43 21.796 0.239
38 44 21.769 0.241
10 12 21.735 0.223
7 8 22.311 0.233
29 47 22.183 0.247
7 35 21.747 0.232
11 41 21.801 0.257
17 47 22.356 0.239
1 8 22.276 0.251
31 35 21.747 0.243
35 47 21.71 0.227
1 49 22.046 0.231
5 19 22.249 0.237
6 18 22.173 0.252
32 48 21.707 0.236
1 5 22.304 0.238
35 46 21.747 0.223
17 42 22.422 0.228
5 28 22.305 0.254
0 26 21.769 0.244
14 27 21.721 0.249
40 42 22.31 0.225
37 40 21.792 0.24
8 40 22.067 0.255
1 35 21.997 0.229
3 18 22.192 0.248
30 47 22.316 0.237
20 27 22.277 0.248
17 34 21.773 0.246
15 41 21.713 0.235
16 29 22.354 0.236
11 38 21.797 0.226
2 11 21.788 0.245
5 26 22.047 0.229
32 44 21.785 0.255
15 25 22.314 0.225
18 22 21.745 0.237
24 32 21.724 0.226
35 48 21.732 0.231
14 45 22.011 0.227
27 40 22.085 0.233
16 25 22.29 0.225
12 20 21.981 0.225
8 43 21.803 0.244
17 37 22.066 0.226
14 19 21.75 0.247
26 38 21.708 0.246
37 47 21.759 0.256
35 44 21.978 0.25
32 42 22.25 0.248
2 13 21.783 0.231
8 46 21.969 0.241
36 48 21.705 0.236
0 36 22.059 0.251
36 39 22.168 0.24
6 35 21.748 0.242
31 42 21.744 0.236
4 22 22.425 0.229
0 21 21.798 0.225
26 39 21.757 0.224
0 6 21.822 0.258
17 20 21.759 0.243
4 40 22.422 0.225
23 35 21.743 0.227
0 20 21.759 0.244
7 31 22.192 0.24
14 37 22.262 0.228
27 46 22.099 0.253
33 46 21.786 0.237
39 48 21.748 0.244
0 45 21.833 0.248
40 49 22.204 0.253
26 46 21.779 0.25
31 43 21.787 0.232
30 43 22.106 0.255
32 47 22.016 0.224
5 36 21.817 0.234
42 45 21.814 0.233
16 32 22.334 0.228
46 47 22.134 0.255
23 47 22.055 0.24
0 4 21.984 0.252
6 12 21.725 0.235
19 20 21.821 0.235
14 41 21.731 0.242
1 44 22.029 0.251
21 40 22.331 0.239
39 46 22.24 0.229
5 32 22.182 0.225
14 46 21.766 0.223
5 11 21.792 0.258
19 48 22.234 0.248
38 40 21.71 0.254
26 37 21.775 0.258
34 42 22.325 0.243
9 24 21.704 0.24
12 28 22.388 0.251
3 44 21.711 0.228
39 44 22.125 0.252
10 25 21.752 0.255
30 49 22.067 0.258
9 47 21.757 0.246
7 47 22.366 0.229
32 45 21.776 0.228
6 21 21.837 0.229
18 48 22.115 0.232
11 37 21.708 0.225
6 32 21.815 0.244
11 22 21.824 0.255
38 49 21.744 0.244
22 24 21.777 0.225
20 34 21.726 0.248
6 37 21.759 0.247
8 42 22.441 0.237
12 14 21.763 0.258
28 29 22.33 0.229
28 35 21.729 0.236
23 38 21.823 0.249
29 48 22.144 0.239
3 16 22.245 0.225
10 44 21.716 0.227
6 8 21.758 0.258
7 49 22.425 0.248
9 40 21.725 0.224
33 39 22.073 0.228
36 49 22.127 0.228
8 44 21.802 0.256
34 44 21.761 0.231
5 47 22.16 0.244
37 43 21.724 0.232
5 34 22.105 0.236