50
89.69
0 1 29.635 5.651
0 2 81.297 8.103
0 3 51.254 5.872
0 4 21.485 3.923
0 5 45.475 6.472
0 6 89.054 3.99
0 7 26.16 7.601
0 8 98.459 3.247
0 9 99.276 3.734
0 10 61.27 3.082
0 11 93.864 4.025
0 12 30.456 1.271
0 13 48.223 9.307
0 14 34.274 5.502
0 15 81.133 9.385
0 16 50.913 7.974
0 17 89.693 1.958
0 18 50.15 1.436
0 19 33.877 1.863
0 20 44.574 1.46
0 21 33.448 8.136
0 22 79.115 5.245
0 23 57.477 3.621
0 24 33.905 4.089
0 25 58.508 5.681
0 26 55.974 2.306
0 27 98.267 0.352
0 28 43.065 0.348
0 29 53.042 7.515
0 30 50.764 4.839
0 31 94.18 0.28
0 32 95.288 9.253
0 33 20.255 3.312
0 34 45.786 8.541
0 35 24.664 3.034
0 36 59.886 8.858
0 37 91.794 4.983
0 38 30.604 7.494
0 39 22.259 1.897
0 40 53.02 4.912
0 41 26.014 4.128
0 42 50.758 5.946
0 43 84.124 9.036
0 44 41.689 6.614
0 45 94.932 2.47
0 46 36.819 5.281
0 47 44.838 4.92
0 48 27.01 8.726
0 49 91.6 1.621
1 2 72.28 9.039
1 3 79.583 3.272
1 4 65.973 3.997
1 5 95.862 2.387
1 6 91.808 7.898
1 7 23.926 8.176
1 8 90.09 4.791
1 9 51.723 8.296
1 10 39.209 3.669
1 11 29.224 1.308
1 12 76.605 5.652
1 13 55.279 8.073
1 14 25.529 9.301
1 15 28.157 8.468
1 16 72.102 6.831
1 17 38.842 3.922
1 18 50.146 2.977
1 19 56.248 2.419
1 20 86.158 8.839
1 21 42.896 3.279
1 22 77.269 2.541
1 23 69.458 3.192
1 24 72.543 3.616
1 25 78.486 4.218
1 26 55.418 9.996
1 27 49.63 4.783
1 28 24.11 0.215
1 29 91.409 0.398
1 30 79.429 5.138
1 31 77.203 1.314
1 32 99.294 7.61
1 33 75.861 0.886
1 34 66.193 0.124
1 35 57.044 2.598
1 36 38.284 2.898
1 37 56.089 0.402
1 38 75.554 5.93
1 39 70.677 3.05
1 40 22.346 4.361
1 41 77.285 8.483
1 42 40.453 0.545
1 43 66.012 8.243
1 44 98.035 4.914
1 45 24.006 6.397
1 46 92.217 4.309
1 47 27.13 1.211
1 48 60.102 3.612
1 49 41.795 5.555
2 3 76.969 3.854
2 4 35.959 7.421
2 5 25.678 3.978
2 6 28.473 4.02
2 7 40.695 6.873
2 8 93.556 5.623
2 9 52.921 8.593
2 10 62.175 1.253
2 11 49.562 4.846
2 12 75.48 9.571
2 13 69.82 3.824
2 14 49.585 1.826
2 15 85.314 9.234
2 16 89.206 7.625
2 17 33.016 3.509
2 18 42.806 7.792
2 19 42.535 5.519
2 20 50.664 1.215
2 21 43.407 9.113
2 22 88.11 0.319
2 23 30.174 5.369
2 24 27.035 8.473
2 25 54.601 8.407
2 26 54.295 6.716
2 27 63.986 5.568
2 28 62.889 3.434
2 29 24.811 7.248
2 30 31.958 5.595
2 31 68.315 5.238
2 32 32.515 8.593
2 33 93.867 6.949
2 34 86.749 0.904
2 35 61.508 4.656
2 36 35.993 5.204
2 37 91.622 4.533
2 38 53.107 9.496
2 39 35.884 0.116
2 40 76.46 5.882
2 41 54.817 5.978
2 42 70.974 6.514
2 43 76.605 7.776
2 44 69.667 1.885
2 45 50.44 8.816
2 46 83.411 7.142
2 47 86.188 8.581
2 48 49.629 1.159
2 49 71.127 4.319
3 4 93.08 9.548
3 5 89.144 0.99
3 6 69.415 1.957
3 7 23.608 3.614
3 8 81.917 1.756
3 9 46.477 4.607
3 10 24.647 0.905
3 11 34.86 1.457
3 12 22.466 7.347
3 13 92.8 4.758
3 14 22.355 4.103
3 15 85.337 7.435
3 16 30.446 8.716
3 17 43.648 6.257
3 18 30.792 7.314
3 19 60.741 3.375
3 20 31.911 4.926
3 21 54.67 6.266
3 22 22.569 0.944
3 23 52.063 9.968
3 24 70.379 2.174
3 25 24.428 8.331
3 26 46.973 1.878
3 27 78.514 9.826
3 28 30.398 8.81
3 29 47.711 9.326
3 30 90.567 0.148
3 31 31.208 6.45
3 32 99.956 1.102
3 33 63.936 6.841
3 34 53.831 4.195
3 35 93.013 2.873
3 36 83.738 3.483
3 37 31.814 3.27
3 38 26.122 1.729
3 39 27.235 0.612
3 40 56.414 0.429
3 41 49.374 4.323
3 42 41.754 2.229
3 43 27.609 6.17
3 44 77.478 5.451
3 45 36.306 5.775
3 46 80.181 6.251
3 47 27.356 9.779
3 48 54.478 4.662
3 49 44.004 6.838
4 5 90.549 7.992
4 6 26.294 4.257
4 7 96.804 9.099
4 8 30.687 0.575
4 9 53.852 0.532
4 10 32.412 7.078
4 11 31.798 6.151
4 12 78.89 5.432
4 13 34.56 7.0
4 14 66.746 9.02
4 15 95.637 8.404
4 16 21.247 7.535
4 17 50.827 4.811
4 18 79.594 1.559
4 19 44.451 2.504
4 20 96.642 1.988
4 21 82.013 8.65
4 22 37.077 4.323
4 23 86.62 1.045
4 24 49.149 6.031
4 25 31.394 3.489
4 26 32.8 6.627
4 27 41.179 9.831
4 28 94.202 5.139
4 29 27.954 6.223
4 30 67.29 8.241
4 31 56.043 8.198
4 32 79.287 1.394
4 33 69.04 6.366
4 34 36.108 6.991
4 35 85.305 4.504
4 36 58.857 7.308
4 37 68.362 8.991
4 38 87.599 3.095
4 39 63.086 1.644
4 40 93.922 4.801
4 41 72.368 5.291
4 42 57.533 6.829
4 43 92.993 1.627
4 44 69.885 7.135
4 45 99.626 2.544
4 46 36.29 5.825
4 47 81.281 5.08
4 48 81.697 1.444
4 49 31.902 7.289
5 6 88.708 3.975
5 7 60.036 7.926
5 8 92.364 6.436
5 9 42.714 1.655
5 10 30.21 0.599
5 11 85.684 5.091
5 12 84.199 2.647
5 13 57.128 7.726
5 14 61.159 7.759
5 15 31.831 8.754
5 16 46.179 6.383
5 17 42.885 3.064
5 18 48.882 4.039
5 19 71.787 7.494
5 20 93.181 1.862
5 21 41.709 9.598
5 22 94.011 2.706
5 23 38.311 3.409
5 24 74.602 9.888
5 25 50.554 6.192
5 26 84.784 2.413
5 27 30.284 9.478
5 28 27.365 4.104
5 29 83.155 4.467
5 30 71.654 1.268
5 31 46.856 5.005
5 32 80.213 1.428
5 33 54.278 0.653
5 34 67.276 7.286
5 35 82.334 6.835
5 36 53.055 6.544
5 37 32.655 3.138
5 38 23.185 2.883
5 39 74.473 1.632
5 40 25.526 0.709
5 41 42.224 1.695
5 42 61.055 3.36
5 43 57.565 9.369
5 44 57.392 6.647
5 45 21.485 3.839
5 46 40.696 5.502
5 47 22.373 0.912
5 48 55.454 5.94
5 49 57.005 3.757
6 7 96.795 5.058
6 8 67.802 8.73
6 9 81.818 8.091
6 10 28.966 4.786
6 11 98.938 8.277
6 12 98.815 8.326
6 13 55.927 8.915
6 14 48.572 7.018
6 15 97.904 5.841
6 16 28.75 8.344
6 17 45.735 4.749
6 18 91.403 0.621
6 19 29.987 0.559
6 20 34.074 3.058
6 21 25.894 3.817
6 22 93.031 0.917
6 23 34.338 8.639
6 24 77.892 2.48
6 25 35.212 9.765
6 26 24.014 0.367
6 27 63.633 9.87
6 28 55.041 2.404
6 29 49.409 7.416
6 30 68.219 1.612
6 31 91.124 5.957
6 32 67.752 3.268
6 33 93.454 1.736
6 34 64.924 8.096
6 35 47.214 4.89
6 36 47.206 4.43
6 37 85.309 6.149
6 38 50.544 6.627
6 39 50.974 4.051
6 40 80.869 1.816
6 41 40.87 8.804
6 42 74.896 6.197
6 43 64.184 9.552
6 44 24.401 7.546
6 45 45.552 9.045
6 46 84.156 0.711
6 47 84.05 7.149
6 48 55.358 4.544
6 49 60.249 7.668
7 8 70.178 9.473
7 9 84.365 6.705
7 10 27.382 7.122
7 11 81.94 3.677
7 12 69.71 7.21
7 13 28.933 3.475
7 14 41.245 0.893
7 15 99.111 1.629
7 16 47.627 1.733
7 17 57.656 0.659
7 18 35.634 7.866
7 19 24.354 6.664
7 20 78.77 0.762
7 21 26.765 8.203
7 22 52.57 7.357
7 23 86.351 3.641
7 24 42.928 4.94
7 25 47.69 4.573
7 26 30.444 5.51
7 27 65.041 0.968
7 28 28.798 4.759
7 29 93.948 3.28
7 30 44.876 5.541
7 31 94.36 4.586
7 32 68.54 8.176
7 33 67.446 0.83
7 34 76.849 1.2
7 35 61.373 8.259
7 36 96.829 5.637
7 37 64.438 7.932
7 38 29.549 7.76
7 39 43.845 0.656
7 40 31.499 4.776
7 41 72.084 9.66
7 42 69.795 5.377
7 43 49.011 4.528
7 44 46.464 3.048
7 45 55.82 2.364
7 46 58.118 9.388
7 47 85.289 8.626
7 48 26.922 3.688
7 49 80.748 2.546
8 9 91.062 7.329
8 10 22.81 9.781
8 11 84.332 8.556
8 12 22.545 4.185
8 13 63.563 0.429
8 14 28.678 2.38
8 15 50.259 9.61
8 16 90.782 7.943
8 17 34.101 8.357
8 18 97.514 7.099
8 19 43.693 9.348
8 20 91.726 3.88
8 21 27.842 2.314
8 22 58.988 5.61
8 23 50.057 5.37
8 24 90.045 0.112
8 25 72.498 9.711
8 26 46.686 5.035
8 27 74.494 4.028
8 28 62.773 1.805
8 29 37.773 5.901
8 30 71.162 4.641
8 31 45.978 7.135
8 32 87.865 2.295
8 33 56.542 1.258
8 34 79.139 5.907
8 35 21.904 1.303
8 36 77.576 6.859
8 37 40.417 7.361
8 38 72.404 6.173
8 39 44.301 5.657
8 40 69.587 4.201
8 41 34.809 7.343
8 42 59.705 5.937
8 43 93.962 1.569
8 44 55.702 9.952
8 45 43.538 3.879
8 46 58.405 7.057
8 47 92.611 0.621
8 48 23.792 0.378
8 49 69.078 9.391
9 10 36.7 9.553
9 11 81.101 0.715
9 12 76.705 7.725
9 13 47.95 9.382
9 14 77.952 3.569
9 15 46.934 4.48
9 16 71.493 0.684
9 17 82.63 9.408
9 18 48.278 3.659
9 19 48.542 8.513
9 20 67.137 9.057
9 21 49.234 3.063
9 22 75.088 0.607
9 23 95.65 4.638
9 24 74.68 1.026
9 25 37.733 7.269
9 26 41.278 5.503
9 27 75.787 3.627
9 28 40.541 2.64
9 29 76.982 7.056
9 30 43.226 5.526
9 31 28.528 2.759
9 32 77.61 3.572
9 33 35.896 3.369
9 34 55.326 5.695
9 35 80.953 6.566
9 36 84.051 6.488
9 37 67.399 8.661
9 38 99.015 5.163
9 39 40.982 6.365
9 40 87.912 3.757
9 41 35.909 2.213
9 42 32.703 6.142
9 43 97.17 8.793
9 44 27.549 2.558
9 45 57.542 8.698
9 46 28.796 4.442
9 47 38.546 9.724
9 48 73.564 3.21
9 49 71.833 9.367
10 11 39.593 3.337
10 12 37.446 4.622
10 13 70.161 6.963
10 14 36.526 0.344
10 15 33.268 0.392
10 16 27.525 1.84
10 17 63.981 1.644
10 18 22.08 4.835
10 19 29.594 5.639
10 20 86.561 3.367
10 21 60.086 2.673
10 22 94.668 2.498
10 23 97.939 3.077
10 24 59.024 4.529
10 25 56.507 8.917
10 26 57.15 5.107
10 27 31.474 8.757
10 28 73.026 8.139
10 29 44.748 3.055
10 30 48.532 5.984
10 31 20.951 8.34
10 32 63.787 8.068
10 33 60.911 8.633
10 34 29.158 6.832
10 35 30.621 9.783
10 36 98.964 4.754
10 37 40.817 6.686
10 38 68.869 9.839
10 39 78.493 5.279
10 40 88.745 8.988
10 41 42.661 4.973
10 42 27.384 4.323
10 43 51.382 2.852
10 44 90.204 9.511
10 45 78.176 2.778
10 46 48.623 6.085
10 47 62.723 4.884
10 48 58.812 7.665
10 49 99.659 2.98
11 12 72.048 5.882
11 13 74.837 8.787
11 14 44.667 7.182
11 15 44.432 8.289
11 16 28.416 5.165
11 17 32.497 9.742
11 18 78.188 5.398
11 19 49.787 8.847
11 20 95.801 7.208
11 21 35.115 4.565
11 22 88.967 2.847
11 23 50.481 3.135
11 24 87.414 7.528
11 25 69.919 2.837
11 26 37.695 2.572
11 27 96.547 6.676
11 28 94.728 9.038
11 29 97.346 2.747
11 30 88.42 7.398
11 31 97.747 8.746
11 32 79.025 4.687
11 33 74.08 2.237
11 34 45.811 0.275
11 35 33.124 6.707
11 36 35.354 3.802
11 37 31.718 5.316
11 38 95.087 7.411
11 39 41.652 8.822
11 40 78.607 2.86
11 41 30.827 1.207
11 42 35.557 4.016
11 43 52.666 0.504
11 44 54.346 0.233
11 45 95.8 6.013
11 46 38.322 5.21
11 47 52.692 3.34
11 48 99.807 6.135
11 49 88.386 4.2
12 13 66.187 6.882
12 14 79.769 6.131
12 15 73.378 5.646
12 16 38.28 5.247
12 17 47.821 5.829
12 18 89.512 5.324
12 19 95.963 0.583
12 20 42.602 3.984
12 21 75.479 4.829
12 22 61.856 0.473
12 23 44.249 8.565
12 24 34.876 4.016
12 25 68.826 3.664
12 26 59.514 8.032
12 27 78.758 7.71
12 28 31.113 8.89
12 29 33.222 9.529
12 30 71.967 7.404
12 31 25.295 1.901
12 32 32.926 0.51
12 33 75.809 3.289
12 34 50.904 9.183
12 35 91.911 4.453
12 36 26.669 0.766
12 37 65.184 8.284
12 38 99.195 2.769
12 39 90.599 8.414
12 40 71.979 3.783
12 41 99.853 7.263
12 42 27.282 2.36
12 43 85.483 6.029
12 44 45.132 1.918
12 45 86.533 8.205
12 46 85.979 9.889
12 47 81.61 7.673
12 48 33.321 7.064
12 49 66.474 3.072
13 14 68.157 5.278
13 15 29.384 8.342
13 16 78.225 4.332
13 17 92.079 0.206
13 18 95.714 7.999
13 19 86.291 9.041
13 20 40.964 1.865
13 21 93.629 3.9
13 22 47.554 6.805
13 23 74.514 8.149
13 24 50.039 8.192
13 25 71.291 5.346
13 26 63.576 7.737
13 27 51.638 5.437
13 28 59.337 7.828
13 29 95.857 9.71
13 30 99.508 9.174
13 31 29.998 5.803
13 32 95.053 1.148
13 33 75.036 9.507
13 34 52.781 4.22
13 35 21.573 2.63
13 36 58.482 8.004
13 37 31.547 9.74
13 38 92.701 4.174
13 39 57.621 9.819
13 40 52.153 9.116
13 41 81.074 9.731
13 42 33.23 7.203
13 43 55.928 4.919
13 44 78.286 7.065
13 45 67.048 0.273
13 46 40.861 5.21
13 47 64.147 8.316
13 48 65.152 6.174
13 49 58.928 1.545
14 15 33.784 3.012
14 16 56.224 5.689
14 17 89.893 2.511
14 18 69.889 4.692
14 19 38.759 7.982
14 20 94.445 8.369
14 21 36.468 6.492
14 22 21.196 8.538
14 23 31.263 7.136
14 24 97.59 6.277
14 25 82.803 4.472
14 26 86.607 2.658
14 27 86.388 8.404
14 28 22.377 2.954
14 29 46.082 8.177
14 30 46.701 1.751
14 31 86.671 7.689
14 32 22.048 4.011
14 33 38.747 6.3
14 34 81.292 7.814
14 35 39.889 4.045
14 36 71.175 9.197
14 37 48.059 1.681
14 38 28.246 8.7
14 39 81.671 3.83
14 40 54.883 6.146
14 41 22.882 2.355
14 42 76.865 2.079
14 43 41.866 7.993
14 44 49.984 5.259
14 45 41.508 2.979
14 46 40.533 6.035
14 47 66.615 4.154
14 48 59.052 4.262
14 49 23.172 0.968
15 16 45.864 5.761
15 17 37.161 9.819
15 18 34.032 1.799
15 19 27.323 3.715
15 20 69.13 9.772
15 21 91.927 3.829
15 22 94.207 5.994
15 23 92.198 8.642
15 24 41.218 9.138
15 25 82.494 3.971
15 26 84.439 7.039
15 27 84.357 5.472
15 28 88.798 6.884
15 29 78.728 3.294
15 30 52.657 9.033
15 31 28.93 4.989
15 32 64.668 8.4
15 33 59.412 0.336
15 34 56.491 1.138
15 35 52.577 9.037
15 36 87.215 8.439
15 37 80.804 5.872
15 38 85.072 6.824
15 39 44.133 2.617
15 40 70.817 0.975
15 41 83.074 1.928
15 42 54.026 2.641
15 43 31.51 5.826
15 44 49.876 7.528
15 45 31.126 7.471
15 46 23.513 0.599
15 47 58.867 7.045
15 48 50.192 1.017
15 49 82.726 6.372
16 17 71.15 3.69
16 18 49.263 3.706
16 19 99.683 2.377
16 20 87.557 2.544
16 21 77.745 5.819
16 22 71.734 7.384
16 23 22.104 4.032
16 24 24.295 3.282
16 25 58.686 4.732
16 26 81.799 3.655
16 27 31.935 6.57
16 28 86.393 6.469
16 29 43.277 8.231
16 30 26.847 4.75
16 31 22.97 2.694
16 32 55.163 7.324
16 33 53.007 4.653
16 34 68.829 3.865
16 35 37.145 3.106
16 36 43.404 6.733
16 37 57.478 3.435
16 38 41.893 9.661
16 39 92.009 0.501
16 40 81.686 5.87
16 41 41.719 2.794
16 42 70.194 6.096
16 43 55.919 1.457
16 44 57.879 8.113
16 45 89.891 1.131
16 46 99.995 9.539
16 47 77.828 8.049
16 48 44.209 4.037
16 49 36.914 3.69
17 18 78.053 2.017
17 19 59.43 6.281
17 20 28.224 2.946
17 21 40.846 7.814
17 22 25.632 3.501
17 23 32.008 3.914
17 24 23.783 0.802
17 25 79.827 2.25
17 26 35.901 6.211
17 27 58.26 9.032
17 28 31.598 0.993
17 29 38.199 4.628
17 30 72.504 2.282
17 31 23.477 6.515
17 32 50.19 8.935
17 33 68.862 9.407
17 34 96.031 9.876
17 35 87.145 6.944
17 36 57.195 3.264
17 37 51.496 7.319
17 38 74.397 9.398
17 39 52.653 8.082
17 40 36.502 2.788
17 41 59.228 4.963
17 42 95.064 8.451
17 43 57.475 3.73
17 44 61.192 4.121
17 45 73.166 8.199
17 46 25.806 1.601
17 47 67.749 7.934
17 48 46.994 5.01
17 49 87.454 2.993
18 19 84.521 5.022
18 20 41.196 4.533
18 21 47.984 3.593
18 22 92.002 1.289
18 23 37.589 6.505
18 24 51.463 1.907
18 25 66.037 6.559
18 26 24.97 5.16
18 27 42.0 5.884
18 28 82.723 8.381
18 29 92.116 0.864
18 30 79.444 9.185
18 31 70.01 0.928
18 32 62.882 0.824
18 33 53.616 9.36
18 34 44.568 4.663
18 35 82.882 6.265
18 36 33.651 4.635
18 37 33.971 9.227
18 38 71.433 9.252
18 39 39.634 0.643
18 40 96.775 9.96
18 41 55.32 7.737
18 42 33.89 8.494
18 43 72.111 3.815
18 44 27.936 0.278
18 45 58.183 9.504
18 46 39.213 3.872
18 47 28.847 0.884
18 48 99.827 0.575
18 49 92.923 7.646
19 20 89.018 6.259
19 21 72.096 5.28
19 22 28.637 1.397
19 23 31.922 2.795
19 24 23.291 5.267
19 25 87.832 5.266
19 26 83.34 0.578
19 27 34.148 1.752
19 28 56.759 2.806
19 29 85.429 6.838
19 30 73.708 7.647
19 31 63.163 4.868
19 32 55.072 2.648
19 33 92.305 0.647
19 34 24.469 0.533
19 35 46.435 2.957
19 36 98.563 6.827
19 37 29.029 3.307
19 38 90.245 0.301
19 39 71.168 6.793
19 40 82.953 7.691
19 41 59.612 3.008
19 42 98.219 0.678
19 43 99.811 3.045
19 44 52.856 3.888
19 45 68.67 9.701
19 46 84.038 0.855
19 47 29.954 2.743
19 48 92.289 9.594
19 49 86.856 8.936
20 21 62.776 0.939
20 22 35.871 4.741
20 23 45.576 6.79
20 24 57.402 2.221
20 25 73.297 1.958
20 26 34.857 9.64
20 27 59.52 2.409
20 28 48.11 6.273
20 29 69.443 0.787
20 30 98.285 0.366
20 31 30.049 9.296
20 32 52.929 3.036
20 33 94.054 4.936
20 34 59.685 2.248
20 35 48.46 8.019
20 36 62.775 4.815
20 37 54.457 6.198
20 38 30.271 1.539
20 39 38.765 0.158
20 40 45.995 3.115
20 41 69.891 7.129
20 42 46.572 2.094
20 43 84.781 8.561
20 44 33.387 4.0
20 45 41.41 2.271
20 46 74.459 0.8
20 47 66.353 8.707
20 48 95.576 4.318
20 49 34.585 5.515
21 22 97.997 0.505
21 23 40.547 5.572
21 24 70.503 3.88
21 25 86.107 6.767
21 26 82.243 1.838
21 27 63.942 5.797
21 28 78.946 1.003
21 29 95.619 3.083
21 30 28.525 0.396
21 31 84.505 9.607
21 32 79.962 9.681
21 33 21.983 0.218
21 34 91.944 2.709
21 35 87.138 0.47
21 36 35.622 5.746
21 37 83.719 9.804
21 38 31.285 5.233
21 39 92.002 0.982
21 40 32.788 2.709
21 41 48.335 3.769
21 42 96.501 8.431
21 43 54.214 5.839
21 44 64.145 7.197
21 45 34.581 3.714
21 46 20.337 2.389
21 47 23.312 2.525
21 48 24.652 8.826
21 49 64.584 5.771
22 23 95.799 9.164
22 24 36.848 2.239
22 25 60.923 9.173
22 26 91.251 9.949
22 27 99.348 3.656
22 28 54.12 9.394
22 29 75.905 3.547
22 30 34.267 4.978
22 31 56.745 3.041
22 32 73.195 7.877
22 33 70.001 3.54
22 34 70.539 6.562
22 35 79.355 5.786
22 36 62.652 6.388
22 37 84.043 6.829
22 38 37.91 9.099
22 39 23.083 4.402
22 40 22.44 5.548
22 41 45.43 6.136
22 42 45.809 6.912
22 43 35.001 1.092
22 44 77.055 6.282
22 45 52.899 3.003
22 46 36.055 4.156
22 47 59.834 4.401
22 48 43.729 8.815
22 49 20.306 6.939
23 24 76.952 7.705
23 25 82.872 3.036
23 26 21.366 5.245
23 27 93.821 4.381
23 28 42.72 5.926
23 29 33.436 7.522
23 30 85.956 0.515
23 31 92.616 8.394
23 32 44.502 3.493
23 33 64.201 7.549
23 34 96.059 6.305
23 35 61.71 2.423
23 36 82.506 9.976
23 37 49.178 4.439
23 38 98.501 6.247
23 39 55.533 4.056
23 40 79.618 6.034
23 41 35.575 8.841
23 42 27.442 1.378
23 43 92.037 9.565
23 44 28.918 3.224
23 45 38.571 6.342
23 46 82.595 7.793
23 47 69.051 3.093
23 48 87.475 3.563
23 49 49.556 5.001
24 25 32.931 0.108
24 26 68.085 7.607
24 27 76.734 0.142
24 28 42.896 1.316
24 29 39.651 0.621
24 30 48.917 8.133
24 31 29.585 2.984
24 32 93.456 6.419
24 33 34.164 4.112
24 34 83.246 0.237
24 35 44.315 9.427
24 36 33.971 2.432
24 37 25.634 5.355
24 38 29.733 3.924
24 39 88.407 6.65
24 40 72.346 2.895
24 41 38.879 8.567
24 42 91.56 5.397
24 43 79.659 2.178
24 44 61.64 1.315
24 45 39.12 1.456
24 46 83.331 0.421
24 47 87.54 7.475
24 48 43.501 5.799
24 49 43.247 5.068
25 26 61.638 4.833
25 27 63.713 8.209
25 28 81.062 8.795
25 29 74.919 1.028
25 30 91.416 7.078
25 31 48.057 6.651
25 32 86.627 5.684
25 33 54.62 2.483
25 34 94.431 4.929
25 35 93.767 6.586
25 36 80.965 9.751
25 37 39.883 7.931
25 38 64.948 6.199
25 39 95.863 2.354
25 40 67.229 9.941
25 41 25.092 9.444
25 42 69.553 7.007
25 43 30.035 0.309
25 44 57.801 8.372
25 45 56.145 2.752
25 46 54.415 7.179
25 47 37.447 2.204
25 48 77.231 8.679
25 49 69.162 7.364
26 27 32.832 0.822
26 28 51.945 8.79
26 29 45.938 2.973
26 30 89.331 5.326
26 31 96.841 8.315
26 32 75.467 4.324
26 33 72.724 8.449
26 34 53.253 9.583
26 35 32.609 4.588
26 36 23.969 2.94
26 37 45.522 3.023
26 38 91.34 7.553
26 39 41.565 2.902
26 40 55.315 4.81
26 41 89.293 0.889
26 42 34.482 0.196
26 43 24.321 4.284
26 44 73.282 8.066
26 45 30.547 6.809
26 46 36.0 1.829
26 47 41.313 3.013
26 48 72.006 7.362
26 49 21.08 1.063
27 28 86.74 1.019
27 29 84.383 1.812
27 30 43.484 3.372
27 31 91.351 8.02
27 32 25.327 7.891
27 33 51.02 2.868
27 34 50.843 2.534
27 35 21.196 6.727
27 36 37.395 8.341
27 37 60.24 9.121
27 38 71.481 3.793
27 39 58.588 0.403
27 40 51.761 0.487
27 41 70.914 7.914
27 42 54.594 1.165
27 43 56.303 4.907
27 44 44.055 2.956
27 45 25.79 8.422
27 46 49.917 1.553
27 47 59.782 4.721
27 48 45.889 3.88
27 49 35.72 5.37
28 29 80.488 3.298
28 30 72.679 9.974
28 31 55.888 9.465
28 32 21.841 9.126
28 33 37.743 8.116
28 34 61.186 2.83
28 35 86.975 3.548
28 36 48.248 8.58
28 37 78.01 7.208
28 38 68.468 8.215
28 39 42.05 0.213
28 40 42.173 6.639
28 41 47.042 7.024
28 42 85.861 8.751
28 43 38.349 6.564
28 44 72.173 6.39
28 45 74.484 2.595
28 46 99.431 4.061
28 47 56.471 0.535
28 48 38.732 9.571
28 49 56.809 8.261
29 30 26.911 6.674
29 31 34.021 2.741
29 32 65.117 3.902
29 33 57.33 2.38
29 34 82.244 8.218
29 35 35.694 9.263
29 36 75.535 8.291
29 37 40.641 1.109
29 38 87.208 9.018
29 39 54.399 2.806
29 40 76.803 2.956
29 41 87.937 6.521
29 42 94.328 5.024
29 43 65.172 4.197
29 44 90.823 4.261
29 45 38.274 3.013
29 46 50.557 1.071
29 47 25.978 5.071
29 48 99.025 0.208
29 49 74.107 8.484
30 31 83.863 2.517
30 32 35.289 5.991
30 33 25.053 3.88
30 34 83.681 9.051
30 35 64.245 0.96
30 36 77.826 3.008
30 37 81.618 4.431
30 38 35.479 9.268
30 39 40.534 8.189
30 40 81.796 8.026
30 41 73.281 2.328
30 42 36.313 0.249
30 43 28.563 5.627
30 44 40.92 9.569
30 45 30.705 5.031
30 46 92.428 1.466
30 47 25.941 0.434
30 48 24.793 7.805
30 49 72.207 7.988
31 32 73.402 1.301
31 33 75.517 4.532
31 34 44.845 2.702
31 35 55.014 9.074
31 36 47.916 2.444
31 37 72.268 3.772
31 38 82.061 6.051
31 39 40.485 4.161
31 40 23.688 0.272
31 41 57.609 7.374
31 42 45.814 2.967
31 43 45.901 5.642
31 44 41.733 5.925
31 45 57.785 2.745
31 46 49.652 3.916
31 47 88.385 2.621
31 48 48.362 7.237
31 49 30.988 4.578
32 33 51.462 7.026
32 34 70.474 3.322
32 35 97.306 7.251
32 36 71.099 1.168
32 37 92.106 5.455
32 38 94.211 2.366
32 39 39.143 6.873
32 40 72.07 0.707
32 41 92.475 6.727
32 42 40.657 4.616
32 43 28.632 8.112
32 44 40.655 7.411
32 45 37.906 2.288
32 46 26.859 4.499
32 47 64.719 5.271
32 48 56.121 8.003
32 49 54.596 9.812
33 34 97.828 4.906
33 35 54.868 4.163
33 36 33.709 5.072
33 37 25.197 5.585
33 38 64.646 2.578
33 39 22.509 2.546
33 40 35.295 2.775
33 41 48.579 9.392
33 42 71.263 6.906
33 43 54.282 7.345
33 44 63.657 9.078
33 45 71.485 7.311
33 46 46.847 7.034
33 47 45.76 8.093
33 48 66.804 4.774
33 49 71.617 5.139
34 35 27.757 3.183
34 36 20.771 2.398
34 37 26.376 3.764
34 38 86.908 2.921
34 39 96.573 5.726
34 40 64.568 4.435
34 41 89.7 6.318
34 42 70.096 1.029
34 43 58.097 4.772
34 44 27.0 4.718
34 45 47.61 3.391
34 46 96.463 3.341
34 47 42.121 6.052
34 48 73.387 2.917
34 49 73.262 3.779
35 36 53.202 8.294
35 37 47.227 7.897
35 38 48.988 0.411
35 39 83.922 4.242
35 40 99.961 7.296
35 41 82.177 3.24
35 42 93.054 5.628
35 43 25.822 1.723
35 44 70.787 9.096
35 45 88.348 9.545
35 46 99.484 8.066
35 47 98.313 6.603
35 48 95.63 3.966
35 49 74.963 5.524
36 37 89.423 9.228
36 38 25.351 4.622
36 39 95.642 1.93
36 40 32.586 2.928
36 41 81.353 9.105
36 42 62.967 6.742
36 43 36.947 3.923
36 44 66.468 6.346
36 45 55.461 3.054
36 46 90.715 6.293
36 47 31.112 5.325
36 48 46.072 7.398
36 49 92.735 6.337
37 38 97.682 2.867
37 39 74.538 8.446
37 40 87.601 2.975
37 41 88.23 7.597
37 42 79.617 5.215
37 43 70.298 3.195
37 44 87.684 6.822
37 45 22.525 6.171
37 46 97.136 6.621
37 47 76.084 2.08
37 48 86.158 7.538
37 49 91.017 9.11
38 39 86.007 0.981
38 40 30.131 5.539
38 41 81.956 3.517
38 42 74.046 7.036
38 43 42.255 8.111
38 44 37.04 1.165
38 45 85.377 2.047
38 46 34.836 3.445
38 47 70.822 1.742
38 48 35.959 3.616
38 49 21.474 5.888
39 40 73.211 6.392
39 41 48.45 1.125
39 42 47.74 9.596
39 43 20.568 6.813
39 44 67.312 1.451
39 45 57.96 7.132
39 46 77.72 1.819
39 47 47.195 2.742
39 48 94.826 0.804
39 49 61.768 6.471
40 41 24.937 8.923
40 42 39.052 7.561
40 43 27.893 1.798
40 44 72.549 6.704
40 45 45.29 6.191
40 46 54.459 1.325
40 47 31.86 4.372
40 48 82.156 4.135
40 49 94.813 5.601
41 42 28.168 8.106
41 43 90.395 9.799
41 44 40.194 2.017
41 45 92.248 5.284
41 46 68.187 9.65
41 47 92.574 5.022
41 48 47.467 3.875
41 49 83.471 3.639
42 43 43.543 4.107
42 44 76.822 0.153
42 45 37.151 6.134
42 46 97.098 3.278
42 47 72.781 8.37
42 48 20.268 8.802
42 49 42.647 9.517
43 44 33.851 6.296
43 45 43.618 7.244
43 46 22.605 4.274
43 47 98.509 2.498
43 48 39.186 9.18
43 49 81.813 5.231
44 45 53.235 0.84
44 46 54.816 8.125
44 47 68.772 7.355
44 48 93.204 0.765
44 49 46.694 6.887
45 46 75.16 4.83
45 47 71.118 4.596
45 48 69.395 9.552
45 49 92.393 1.867
46 47 20.505 9.737
46 48 86.035 5.917
46 49 32.259 2.787
47 48 42.976 0.359
47 49 52.089 6.19
48 49 41.509 1.621