50 
99.999 
0 1 67.102 7.618
0 2 72.846 7.867
0 3 43.434 8.583
0 4 44.286 10.621
0 5 18.635 10.889
0 6 62.259 10.326
0 7 47.297 9.302
0 8 36.275 8.728
0 9 62.866 9.341
0 10 11.711 7.919
0 11 33.316 10.335
0 12 7.627 9.818
0 13 5.118 10.534
0 14 64.579 10.891
0 15 9.756 9.065
0 16 7.730 10.763
0 17 52.476 7.867
0 18 29.429 8.301
0 19 58.914 10.338
0 20 39.526 10.457
0 21 24.229 11.075
0 22 18.490 8.210
0 23 11.188 10.001
0 24 52.792 9.781
0 25 69.335 9.985
0 26 72.392 10.660
0 27 51.454 8.313
0 28 45.784 8.303
0 29 11.529 9.092
0 30 42.769 10.835
0 31 10.173 8.626
0 32 74.843 8.205
0 33 63.212 10.581
0 34 64.464 11.423
0 35 31.111 7.624
0 36 65.756 9.878
0 37 69.134 10.831
0 38 33.759 10.407
0 39 47.418 8.062
0 40 27.687 9.918
0 41 17.877 7.687
0 42 53.487 9.236
0 43 51.725 10.190
0 44 71.647 11.245
0 45 24.179 10.921
0 46 59.520 9.995
0 47 32.698 11.165
0 48 40.009 8.223
0 49 68.678 8.817
1 2 0.315 8.532
1 3 44.920 5.991
1 4 53.260 10.423
1 5 24.244 8.825
1 6 66.229 9.019
1 7 88.134 2.369
1 8 18.232 10.204
1 9 99.227 1.064
1 10 12.686 8.355
1 11 14.612 11.274
1 12 8.003 10.690
1 13 73.263 10.479
1 14 7.372 9.286
1 15 49.104 0.277
1 16 52.890 9.170
1 17 2.393 11.035
1 18 43.924 0.200
1 19 33.940 10.268
1 20 56.112 8.986
1 21 32.351 10.713
1 22 34.699 10.833
1 23 15.882 9.292
1 24 43.733 0.035
1 25 19.833 10.067
1 26 55.494 8.449
1 27 54.909 0.015
1 28 23.130 9.758
1 29 50.353 9.293
1 30 58.858 9.542
1 31 18.387 8.862
1 32 67.948 8.395
1 33 27.108 9.525
1 34 54.211 11.118
1 35 93.849 0.016
1 36 41.176 8.131
1 37 51.879 0.013
1 38 10.884 10.254
1 39 63.661 7.743
1 40 9.485 8.609
1 41 64.968 0.003
1 42 25.376 9.508
1 43 46.019 0.001
1 44 37.625 11.252
1 45 47.709 11.184
1 46 1.716 8.261
1 47 52.768 9.750
1 48 70.549 10.393
1 49 48.414 9.510
2 3 37.398 8.239
2 4 74.942 11.474
2 5 42.607 10.594
2 6 68.538 8.296
2 7 55.861 11.114
2 8 28.417 3.524
2 9 63.622 10.848
2 10 20.726 9.338
2 11 48.500 7.833
2 12 15.179 10.727
2 13 66.949 10.840
2 14 12.149 8.337
2 15 65.256 10.887
2 16 84.028 4.794
2 17 86.629 1.236
2 18 54.981 8.300
2 19 8.121 8.245
2 20 48.511 9.392
2 21 38.974 7.660
2 22 32.324 0.126
2 23 6.760 10.029
2 24 25.899 10.963
2 25 53.763 9.384
2 26 73.155 10.140
2 27 24.918 8.314
2 28 67.190 10.287
2 29 89.935 0.088
2 30 2.257 10.431
2 31 37.717 9.953
2 32 46.449 9.523
2 33 4.313 11.053
2 34 0.142 8.430
2 35 49.832 9.260
2 36 60.330 11.172
2 37 8.217 9.927
2 38 3.430 10.387
2 39 37.868 11.373
2 40 67.969 11.062
2 41 33.818 8.503
2 42 59.668 7.701
2 43 21.002 8.183
2 44 41.494 9.940
2 45 51.026 0.109
2 46 68.792 9.438
2 47 5.855 8.006
2 48 10.127 7.882
2 49 74.630 7.781
3 4 45.022 7.784
3 5 1.814 7.714
3 6 49.612 8.017
3 7 46.044 0.001
3 8 64.343 7.915
3 9 78.705 0.001
3 10 41.191 8.329
3 11 72.274 7.851
3 12 37.981 8.541
3 13 70.020 8.741
3 14 7.649 7.747
3 15 78.874 0.000
3 16 2.656 9.121
3 17 6.709 10.337
3 18 66.602 0.000
3 19 54.857 10.548
3 20 73.480 8.541
3 21 72.806 8.191
3 22 65.037 11.104
3 23 28.615 7.911
3 24 40.119 0.000
3 25 72.827 11.398
3 26 67.610 10.477
3 27 68.717 0.000
3 28 59.878 10.152
3 29 23.930 10.451
3 30 64.828 11.241
3 31 24.295 9.996
3 32 1.303 10.206
3 33 46.129 10.399
3 34 1.335 8.309
3 35 82.875 0.000
3 36 67.702 10.838
3 37 49.527 0.000
3 38 23.506 8.279
3 39 22.058 9.957
3 40 65.932 8.342
3 41 57.922 0.000
3 42 37.387 11.148
3 43 43.597 0.000
3 44 71.845 8.743
3 45 5.379 7.801
3 46 38.642 9.003
3 47 70.851 8.562
3 48 33.881 8.013
3 49 34.504 10.843
4 5 21.516 8.062
4 6 92.592 3.058
4 7 64.488 11.078
4 8 46.796 7.580
4 9 9.539 10.165
4 10 43.121 11.045
4 11 61.338 10.127
4 12 12.643 8.214
4 13 22.111 10.916
4 14 63.342 2.088
4 15 28.872 11.465
4 16 31.855 11.046
4 17 8.516 8.656
4 18 47.732 11.297
4 19 33.826 10.722
4 20 1.860 8.915
4 21 41.048 8.872
4 22 43.506 10.659
4 23 26.551 10.082
4 24 8.212 8.709
4 25 28.051 7.906
4 26 6.233 7.692
4 27 50.798 7.903
4 28 12.572 10.886
4 29 74.330 9.861
4 30 25.280 8.166
4 31 57.967 8.491
4 32 52.248 10.118
4 33 49.891 9.117
4 34 4.228 9.921
4 35 44.945 8.862
4 36 61.426 10.861
4 37 53.568 7.524
4 38 52.839 7.526
4 39 25.292 10.528
4 40 71.027 7.792
4 41 4.689 9.898
4 42 61.350 9.932
4 43 55.682 9.825
4 44 41.378 9.188
4 45 64.322 10.835
4 46 67.728 8.275
4 47 47.144 7.754
4 48 73.169 9.165
4 49 34.467 9.932
5 6 30.759 11.117
5 7 65.822 8.884
5 8 10.836 11.433
5 9 22.328 9.497
5 10 86.616 5.878
5 11 51.468 1.533
5 12 51.124 1.715
5 13 25.499 0.412
5 14 21.460 10.021
5 15 61.446 10.421
5 16 36.059 10.232
5 17 45.209 9.673
5 18 45.503 9.680
5 19 79.373 0.166
5 20 78.588 0.154
5 21 70.711 10.131
5 22 31.496 7.523
5 23 43.832 0.061
5 24 29.957 8.506
5 25 49.160 10.709
5 26 55.593 9.618
5 27 36.967 8.878
5 28 37.256 0.041
5 29 49.090 10.919
5 30 50.113 9.059
5 31 97.885 0.015
5 32 71.152 0.004
5 33 88.470 0.002
5 34 50.455 0.002
5 35 41.669 10.246
5 36 68.544 0.001
5 37 61.573 10.088
5 38 34.519 11.426
5 39 62.320 8.498
5 40 6.876 10.023
5 41 27.978 7.601
5 42 72.991 7.835
5 43 46.820 7.691
5 44 74.546 8.553
5 45 53.486 9.963
5 46 71.217 9.805
5 47 18.607 9.461
5 48 3.489 10.407
5 49 59.304 0.001
6 7 62.143 8.397
6 8 61.640 10.261
6 9 40.654 9.579
6 10 72.873 8.702
6 11 6.724 11.224
6 12 74.955 10.898
6 13 31.832 10.697
6 14 86.846 4.840
6 15 46.584 10.191
6 16 46.882 10.084
6 17 1.527 8.563
6 18 48.647 8.970
6 19 56.599 8.314
6 20 34.717 9.701
6 21 12.896 8.390
6 22 21.837 10.990
6 23 18.150 7.992
6 24 16.391 10.704
6 25 58.591 11.058
6 26 67.704 10.715
6 27 29.327 8.200
6 28 16.916 11.055
6 29 11.788 9.805
6 30 35.031 11.069
6 31 0.913 8.648
6 32 15.720 7.543
6 33 33.232 9.693
6 34 7.676 10.330
6 35 46.174 11.234
6 36 25.731 7.980
6 37 36.002 7.670
6 38 3.177 9.725
6 39 6.055 8.533
6 40 11.932 10.809
6 41 71.557 9.769
6 42 14.393 8.447
6 43 28.363 10.385
6 44 19.782 8.785
6 45 69.988 11.270
6 46 42.959 7.691
6 47 60.211 8.570
6 48 48.474 7.489
6 49 62.902 9.038
7 8 37.805 10.851
7 9 54.028 0.000
7 10 36.400 8.283
7 11 66.945 8.323
7 12 59.069 9.240
7 13 2.829 9.194
7 14 24.441 8.513
7 15 66.935 0.000
7 16 22.802 11.080
7 17 46.127 11.460
7 18 83.618 0.000
7 19 29.408 8.360
7 20 31.229 8.242
7 21 35.050 9.108
7 22 42.830 11.085
7 23 20.372 8.858
7 24 58.007 0.000
7 25 39.104 8.974
7 26 11.312 8.074
7 27 35.702 0.000
7 28 73.584 10.673
7 29 23.078 9.765
7 30 4.890 9.904
7 31 61.390 8.849
7 32 6.795 8.898
7 33 54.795 9.400
7 34 29.650 9.363
7 35 33.650 0.000
7 36 67.987 7.757
7 37 97.203 0.000
7 38 47.117 9.064
7 39 19.566 9.425
7 40 60.797 8.151
7 41 74.719 0.000
7 42 52.759 8.119
7 43 90.342 0.000
7 44 32.654 9.694
7 45 17.356 9.562
7 46 66.474 10.376
7 47 29.006 10.390
7 48 66.738 10.356
7 49 15.819 7.933
8 9 67.959 9.654
8 10 72.482 8.850
8 11 4.566 9.083
8 12 71.724 10.087
8 13 3.005 10.098
8 14 69.160 8.149
8 15 8.301 9.960
8 16 68.141 0.076
8 17 52.629 0.010
8 18 47.957 8.744
8 19 59.225 9.341
8 20 65.542 9.561
8 21 11.152 7.846
8 22 57.887 0.008
8 23 54.430 8.658
8 24 67.586 9.622
8 25 18.689 9.453
8 26 61.280 9.160
8 27 2.437 10.747
8 28 3.792 10.799
8 29 88.068 0.004
8 30 26.536 10.079
8 31 18.439 8.360
8 32 0.150 9.787
8 33 3.951 8.251
8 34 60.359 8.510
8 35 74.108 10.843
8 36 60.116 9.627
8 37 18.509 10.688
8 38 43.807 9.665
8 39 6.143 9.281
8 40 8.424 9.971
8 41 23.447 8.016
8 42 54.306 11.480
8 43 29.238 9.550
8 44 17.173 9.298
8 45 92.472 0.007
8 46 12.160 8.211
8 47 3.177 7.860
8 48 35.679 8.147
8 49 28.481 11.127
9 10 50.807 7.888
9 11 17.808 8.538
9 12 67.016 9.152
9 13 21.041 10.500
9 14 24.416 9.782
9 15 58.317 0.000
9 16 16.894 10.473
9 17 51.499 9.944
9 18 36.463 0.000
9 19 9.843 8.724
9 20 6.382 11.441
9 21 49.399 11.424
9 22 47.725 9.251
9 23 19.934 8.194
9 24 49.280 0.000
9 25 65.404 9.683
9 26 47.869 9.885
9 27 89.720 0.000
9 28 47.875 9.369
9 29 59.672 10.841
9 30 70.417 7.920
9 31 0.432 10.855
9 32 62.250 11.082
9 33 66.784 7.534
9 34 34.227 9.906
9 35 73.401 0.000
9 36 59.557 11.482
9 37 73.408 0.000
9 38 20.181 10.411
9 39 65.906 10.998
9 40 31.272 11.250
9 41 79.057 0.000
9 42 45.795 10.565
9 43 54.364 0.000
9 44 46.766 7.763
9 45 11.278 8.839
9 46 30.232 8.824
9 47 58.377 9.155
9 48 3.631 7.578
9 49 27.333 11.181
10 11 33.008 0.000
10 12 98.889 0.000
10 13 50.085 0.000
10 14 35.949 9.013
10 15 6.669 7.735
10 16 14.873 9.806
10 17 5.765 10.232
10 18 50.106 10.194
10 19 45.665 0.000
10 20 75.222 0.000
10 21 33.419 10.062
10 22 70.152 10.711
10 23 44.433 0.000
10 24 12.705 10.075
10 25 49.869 9.709
10 26 47.504 10.556
10 27 53.597 10.102
10 28 70.586 0.000
10 29 53.528 10.100
10 30 46.797 9.504
10 31 65.940 0.000
10 32 81.843 0.000
10 33 45.482 0.000
10 34 61.775 0.000
10 35 6.109 10.808
10 36 59.603 0.000
10 37 24.942 10.497
10 38 68.933 10.022
10 39 23.992 8.959
10 40 54.047 9.186
10 41 33.688 10.409
10 42 9.777 7.757
10 43 18.748 8.569
10 44 36.049 11.437
10 45 70.213 9.130
10 46 21.300 9.166
10 47 42.461 8.696
10 48 14.245 11.325
10 49 28.262 0.000
11 12 54.091 0.000
11 13 99.358 0.000
11 14 63.737 10.001
11 15 21.801 9.396
11 16 61.477 9.551
11 17 40.061 10.799
11 18 54.319 9.810
11 19 83.709 0.000
11 20 82.118 0.000
11 21 48.244 8.660
11 22 52.657 10.612
11 23 94.176 0.000
11 24 35.650 9.317
11 25 64.815 9.232
11 26 4.985 9.462
11 27 11.545 8.867
11 28 63.823 0.000
11 29 46.893 10.836
11 30 48.005 9.074
11 31 38.180 0.000
11 32 61.034 0.000
11 33 98.205 0.000
11 34 77.891 0.000
11 35 6.482 10.281
11 36 57.142 0.000
11 37 74.974 8.227
11 38 11.692 10.176
11 39 7.099 7.723
11 40 27.426 10.825
11 41 18.155 10.078
11 42 57.897 9.959
11 43 42.244 7.623
11 44 9.094 8.848
11 45 68.089 7.811
11 46 27.941 10.716
11 47 16.306 8.286
11 48 14.585 8.325
11 49 83.820 0.000
12 13 86.732 0.000
12 14 67.423 9.912
12 15 5.288 8.011
12 16 6.809 9.321
12 17 38.471 10.823
12 18 20.579 8.748
12 19 86.831 0.000
12 20 38.345 0.000
12 21 44.020 10.322
12 22 31.304 11.469
12 23 91.740 0.000
12 24 69.451 11.429
12 25 21.937 9.774
12 26 49.521 10.984
12 27 8.305 10.883
12 28 84.985 0.000
12 29 30.807 10.337
12 30 59.338 8.295
12 31 66.623 0.000
12 32 53.901 0.000
12 33 33.873 0.000
12 34 67.509 0.000
12 35 67.735 7.928
12 36 49.554 0.000
12 37 66.793 10.786
12 38 73.025 8.474
12 39 15.244 8.305
12 40 33.855 9.167
12 41 20.161 10.436
12 42 50.857 11.113
12 43 8.359 10.534
12 44 12.718 10.941
12 45 15.397 8.025
12 46 16.736 10.981
12 47 4.870 11.346
12 48 30.572 7.634
12 49 71.969 0.000
13 14 60.002 8.734
13 15 30.014 11.306
13 16 25.076 9.677
13 17 50.302 7.614
13 18 37.350 9.405
13 19 87.443 0.000
13 20 56.712 0.000
13 21 33.163 11.100
13 22 4.282 10.736
13 23 59.118 0.000
13 24 25.992 8.514
13 25 50.829 9.917
13 26 26.600 10.451
13 27 28.896 8.909
13 28 45.202 0.000
13 29 19.595 9.725
13 30 17.462 11.087
13 31 93.558 0.000
13 32 96.112 0.000
13 33 93.276 0.000
13 34 89.548 0.000
13 35 42.305 8.306
13 36 36.614 0.000
13 37 55.266 9.235
13 38 59.795 11.362
13 39 41.310 10.099
13 40 67.560 8.417
13 41 70.539 8.901
13 42 47.828 11.137
13 43 44.298 9.975
13 44 13.048 8.816
13 45 64.800 10.049
13 46 8.124 10.008
13 47 40.752 7.741
13 48 24.412 7.881
13 49 80.826 0.000
14 15 51.341 8.522
14 16 66.510 8.476
14 17 16.587 10.591
14 18 24.879 7.994
14 19 45.162 8.490
14 20 11.667 8.951
14 21 26.384 9.357
14 22 32.955 8.244
14 23 46.681 11.172
14 24 50.104 8.952
14 25 56.426 7.642
14 26 50.895 11.260
14 27 45.883 10.250
14 28 12.747 10.147
14 29 35.182 9.460
14 30 46.035 10.930
14 31 68.833 9.263
14 32 39.900 7.986
14 33 32.409 10.601
14 34 73.517 7.967
14 35 44.935 8.397
14 36 53.158 9.784
14 37 70.948 9.348
14 38 33.386 11.187
14 39 51.552 9.415
14 40 25.657 8.233
14 41 35.615 8.062
14 42 21.812 11.048
14 43 41.225 9.569
14 44 2.272 10.782
14 45 46.720 10.478
14 46 1.551 8.928
14 47 45.880 10.231
14 48 57.148 9.604
14 49 16.193 8.458
15 16 70.627 11.148
15 17 74.276 9.444
15 18 37.514 0.000
15 19 34.513 11.064
15 20 36.245 9.535
15 21 46.687 7.805
15 22 68.874 9.980
15 23 66.404 11.071
15 24 50.393 0.000
15 25 11.836 8.692
15 26 0.001 7.576
15 27 83.229 0.000
15 28 28.497 8.233
15 29 53.475 8.392
15 30 31.762 9.850
15 31 62.546 8.342
15 32 12.283 10.351
15 33 25.232 9.177
15 34 23.429 10.953
15 35 92.434 0.000
15 36 36.400 9.196
15 37 82.400 0.000
15 38 33.199 9.312
15 39 69.775 7.795
15 40 4.054 11.109
15 41 36.722 0.000
15 42 1.982 9.927
15 43 82.120 0.000
15 44 61.846 8.134
15 45 48.673 9.551
15 46 57.950 8.130
15 47 44.193 9.251
15 48 1.983 9.210
15 49 2.248 8.490
16 17 59.357 0.001
16 18 69.288 11.462
16 19 30.601 10.405
16 20 58.210 8.854
16 21 37.602 8.502
16 22 35.572 0.001
16 23 50.562 9.798
16 24 12.548 10.665
16 25 52.505 8.181
16 26 44.460 8.589
16 27 17.546 8.001
16 28 66.644 9.418
16 29 32.212 0.001
16 30 66.799 10.660
16 31 20.169 11.227
16 32 57.292 8.915
16 33 74.159 10.018
16 34 67.366 10.833
16 35 42.969 10.540
16 36 3.143 11.439
16 37 58.451 11.001
16 38 21.373 9.673
16 39 20.706 9.627
16 40 24.945 7.620
16 41 57.662 8.518
16 42 0.622 7.739
16 43 36.501 8.229
16 44 20.928 8.069
16 45 81.664 0.000
16 46 35.288 9.151
16 47 31.508 8.941
16 48 6.766 8.200
16 49 59.019 10.024
17 18 57.132 11.118
17 19 2.584 10.247
17 20 46.986 10.297
17 21 41.548 10.946
17 22 70.316 0.000
17 23 32.362 9.851
17 24 50.774 11.442
17 25 74.383 8.136
17 26 16.220 10.981
17 27 44.193 10.226
17 28 48.000 7.613
17 29 33.600 0.000
17 30 51.017 10.359
17 31 47.095 9.436
17 32 29.894 7.624
17 33 28.613 9.255
17 34 70.614 10.248
17 35 65.826 10.248
17 36 28.588 9.307
17 37 18.221 10.638
17 38 61.023 10.876
17 39 40.437 9.110
17 40 15.553 10.940
17 41 47.484 7.581
17 42 55.915 7.749
17 43 15.595 9.796
17 44 44.330 8.067
17 45 74.294 0.000
17 46 64.830 8.009
17 47 8.673 7.682
17 48 16.793 8.601
17 49 24.058 10.403
18 19 1.901 9.670
18 20 50.089 9.546
18 21 37.047 8.055
18 22 73.628 9.027
18 23 54.977 10.957
18 24 94.381 0.000
18 25 47.403 8.956
18 26 39.964 8.269
18 27 59.956 0.000
18 28 22.485 8.844
18 29 46.155 8.299
18 30 30.769 8.766
18 31 9.956 9.517
18 32 66.012 11.004
18 33 2.350 8.684
18 34 24.177 7.691
18 35 92.566 0.000
18 36 67.588 9.890
18 37 53.679 0.000
18 38 41.254 8.216
18 39 11.538 10.253
18 40 5.846 7.684
18 41 40.679 0.000
18 42 52.937 7.663
18 43 61.760 0.000
18 44 34.449 9.024
18 45 72.053 10.996
18 46 1.604 9.659
18 47 14.052 7.896
18 48 64.038 9.969
18 49 35.433 7.855
19 20 48.104 0.000
19 21 29.002 10.336
19 22 37.273 7.849
19 23 26.773 0.000
19 24 14.153 9.850
19 25 3.788 7.544
19 26 9.540 7.568
19 27 38.995 8.479
19 28 60.935 0.000
19 29 26.058 7.687
19 30 6.614 9.893
19 31 97.055 0.000
19 32 54.675 0.000
19 33 81.466 0.000
19 34 84.615 0.000
19 35 35.597 10.142
19 36 45.644 0.000
19 37 12.874 9.779
19 38 18.182 11.218
19 39 22.987 11.026
19 40 68.433 7.672
19 41 28.518 10.737
19 42 47.893 8.677
19 43 25.085 9.547
19 44 9.238 9.986
19 45 41.358 10.063
19 46 15.296 7.778
19 47 12.228 7.716
19 48 22.924 9.898
19 49 96.492 0.000
20 21 20.743 8.265
20 22 8.471 10.764
20 23 75.216 0.000
20 24 61.671 10.311
20 25 35.025 9.896
20 26 1.033 9.826
20 27 62.370 11.476
20 28 41.411 0.000
20 29 13.785 9.833
20 30 1.504 8.831
20 31 36.279 0.000
20 32 34.664 0.000
20 33 70.082 0.000
20 34 69.559 0.000
20 35 51.525 9.713
20 36 38.257 0.000
20 37 68.055 10.026
20 38 28.437 8.993
20 39 11.203 11.209
20 40 47.575 11.366
20 41 23.102 9.022
20 42 60.329 7.908
20 43 62.255 9.537
20 44 55.122 11.100
20 45 55.006 10.092
20 46 17.666 10.922
20 47 3.518 9.671
20 48 55.503 9.579
20 49 82.710 0.000
21 22 54.657 10.039
21 23 24.038 10.369
21 24 62.852 10.789
21 25 26.039 11.009
21 26 52.504 7.891
21 27 53.581 7.702
21 28 18.171 10.049
21 29 14.142 8.266
21 30 26.520 11.034
21 31 1.284 9.022
21 32 30.366 10.456
21 33 2.991 7.629
21 34 50.834 7.869
21 35 68.909 7.811
21 36 51.919 8.181
21 37 72.440 9.542
21 38 61.226 11.065
21 39 32.938 8.384
21 40 17.677 11.312
21 41 36.771 9.625
21 42 70.044 10.910
21 43 39.900 11.045
21 44 66.548 4.988
21 45 20.096 8.861
21 46 21.200 10.458
21 47 87.437 3.546
21 48 29.768 11.276
21 49 74.764 9.849
22 23 61.155 7.491
22 24 13.039 8.766
22 25 15.842 11.263
22 26 71.643 8.613
22 27 51.785 8.026
22 28 55.242 7.819
22 29 28.115 0.000
22 30 23.088 8.280
22 31 50.609 8.716
22 32 53.651 8.078
22 33 52.223 10.265
22 34 58.989 8.366
22 35 41.365 8.096
22 36 59.239 7.941
22 37 22.254 10.087
22 38 62.325 10.851
22 39 36.265 7.668
22 40 14.329 7.723
22 41 37.588 9.550
22 42 34.320 8.871
22 43 66.650 7.916
22 44 54.110 10.440
22 45 34.177 0.000
22 46 61.171 8.262
22 47 19.952 10.253
22 48 25.798 7.857
22 49 60.091 9.366
23 24 18.186 7.808
23 25 62.476 8.373
23 26 34.564 11.387
23 27 0.887 7.785
23 28 31.162 0.000
23 29 36.097 10.788
23 30 51.297 8.875
23 31 38.929 0.000
23 32 66.121 0.000
23 33 93.966 0.000
23 34 51.556 0.000
23 35 20.041 7.976
23 36 56.923 0.000
23 37 7.213 11.398
23 38 34.032 9.982
23 39 36.840 9.934
23 40 7.669 8.855
23 41 20.897 10.775
23 42 2.332 7.947
23 43 26.791 8.312
23 44 11.779 7.957
23 45 14.420 11.286
23 46 31.405 9.671
23 47 17.555 10.706
23 48 57.112 9.753
23 49 41.203 0.000
24 25 5.112 10.322
24 26 50.289 9.141
24 27 77.034 0.000
24 28 60.215 7.935
24 29 20.316 10.783
24 30 73.909 10.995
24 31 12.267 9.947
24 32 21.498 10.996
24 33 55.379 11.209
24 34 39.947 10.834
24 35 79.319 0.000
24 36 22.995 10.308
24 37 76.213 0.000
24 38 5.001 8.090
24 39 23.472 9.735
24 40 6.011 10.888
24 41 69.613 0.000
24 42 41.949 7.608
24 43 55.490 0.000
24 44 66.775 7.902
24 45 52.667 8.215
24 46 69.207 8.831
24 47 23.921 10.277
24 48 3.321 8.812
24 49 40.397 11.133
25 26 21.639 9.047
25 27 69.385 8.853
25 28 59.259 10.161
25 29 56.784 9.109
25 30 51.297 8.118
25 31 49.707 8.344
25 32 59.004 9.023
25 33 54.483 11.142
25 34 44.768 9.921
25 35 3.799 8.095
25 36 32.757 8.541
25 37 40.375 11.173
25 38 8.231 9.614
25 39 36.648 9.279
25 40 28.199 8.981
25 41 43.639 8.159
25 42 51.837 11.095
25 43 37.325 9.105
25 44 55.093 10.028
25 45 29.782 9.868
25 46 57.623 11.367
25 47 43.927 10.933
25 48 66.239 10.070
25 49 23.811 8.590
26 27 10.978 8.721
26 28 0.369 10.857
26 29 47.344 11.388
26 30 51.621 10.132
26 31 13.969 10.274
26 32 59.125 11.299
26 33 43.965 7.737
26 34 8.613 9.932
26 35 24.435 7.789
26 36 39.807 9.776
26 37 3.434 10.495
26 38 32.688 6.680
26 39 36.775 7.615
26 40 31.022 0.929
26 41 30.053 8.659
26 42 52.511 9.223
26 43 59.342 8.887
26 44 25.095 11.138
26 45 28.056 10.960
26 46 46.414 11.479
26 47 44.826 8.530
26 48 62.654 10.645
26 49 27.642 9.052
27 28 72.900 10.899
27 29 27.285 8.091
27 30 29.406 9.934
27 31 51.796 11.436
27 32 5.582 10.087
27 33 42.384 8.739
27 34 29.617 9.093
27 35 45.693 0.000
27 36 0.737 11.060
27 37 70.236 0.000
27 38 38.066 8.594
27 39 38.295 8.299
27 40 28.278 8.553
27 41 29.427 0.000
27 42 74.835 10.096
27 43 83.608 0.000
27 44 0.088 10.746
27 45 68.709 10.759
27 46 45.890 8.969
27 47 71.704 9.126
27 48 14.038 7.895
27 49 45.152 7.769
28 29 71.383 8.991
28 30 28.885 11.435
28 31 32.062 0.000
28 32 50.804 0.000
28 33 34.483 0.000
28 34 54.526 0.000
28 35 39.567 7.730
28 36 31.267 0.000
28 37 70.709 11.185
28 38 28.999 7.841
28 39 43.939 8.133
28 40 68.593 8.235
28 41 18.761 8.320
28 42 19.678 10.909
28 43 12.076 11.149
28 44 39.978 8.218
28 45 31.058 9.229
28 46 67.722 10.814
28 47 44.149 9.795
28 48 25.441 11.167
28 49 27.373 0.000
29 30 57.810 10.306
29 31 12.875 8.725
29 32 47.603 8.192
29 33 0.275 10.039
29 34 56.556 8.004
29 35 21.120 8.904
29 36 19.198 10.770
29 37 48.925 7.931
29 38 24.603 8.413
29 39 4.308 9.585
29 40 46.481 11.365
29 41 67.561 10.249
29 42 20.437 10.460
29 43 45.423 11.151
29 44 58.043 9.560
29 45 96.844 0.000
29 46 60.671 11.082
29 47 24.851 8.778
29 48 71.152 11.095
29 49 44.732 8.902
30 31 69.092 8.367
30 32 72.362 7.750
30 33 61.967 10.248
30 34 49.632 9.187
30 35 35.746 8.422
30 36 14.620 10.359
30 37 20.067 7.960
30 38 33.621 10.999
30 39 49.370 10.882
30 40 49.238 8.794
30 41 37.958 10.098
30 42 56.428 9.074
30 43 25.749 10.149
30 44 16.765 8.437
30 45 41.043 9.643
30 46 80.865 9.985
30 47 15.432 8.086
30 48 41.920 7.884
30 49 4.894 7.694
31 32 54.873 0.000
31 33 43.871 0.000
31 34 84.366 0.000
31 35 41.302 8.576
31 36 43.288 0.000
31 37 34.324 10.481
31 38 44.634 9.247
31 39 1.477 10.787
31 40 71.916 8.364
31 41 19.516 8.318
31 42 56.697 8.464
31 43 73.440 9.385
31 44 3.251 8.545
31 45 7.269 10.576
31 46 67.409 9.757
31 47 52.205 10.442
31 48 21.225 9.916
31 49 46.021 0.000
32 33 99.057 0.000
32 34 89.911 0.000
32 35 73.556 9.489
32 36 50.137 0.000
32 37 37.490 8.958
32 38 17.401 8.020
32 39 42.919 11.262
32 40 34.796 10.580
32 41 59.062 9.357
32 42 4.670 9.443
32 43 50.210 9.517
32 44 66.520 9.528
32 45 53.993 10.205
32 46 55.542 8.448
32 47 12.406 8.629
32 48 23.688 10.737
32 49 63.671 0.000
33 34 98.670 0.000
33 35 48.253 8.441
33 36 74.132 0.000
33 37 5.521 10.954
33 38 21.668 10.482
33 39 7.569 10.877
33 40 36.604 11.313
33 41 65.039 9.093
33 42 52.631 9.605
33 43 14.927 10.231
33 44 48.908 10.517
33 45 9.153 8.797
33 46 73.596 10.933
33 47 70.525 11.335
33 48 33.679 10.526
33 49 33.697 0.000
34 35 6.993 8.769
34 36 25.723 0.000
34 37 6.040 11.075
34 38 1.311 11.399
34 39 66.198 9.752
34 40 51.761 9.188
34 41 39.437 9.363
34 42 11.613 7.696
34 43 69.279 8.819
34 44 62.671 9.538
34 45 25.704 8.799
34 46 54.437 11.391
34 47 7.088 7.643
34 48 6.863 10.981
34 49 74.024 0.000
35 36 21.839 10.346
35 37 61.841 0.000
35 38 54.470 9.636
35 39 27.111 10.260
35 40 68.978 11.420
35 41 37.394 0.000
35 42 34.545 9.782
35 43 55.722 0.000
35 44 12.287 10.295
35 45 32.258 8.711
35 46 16.102 7.689
35 47 54.273 8.808
35 48 74.440 10.338
35 49 6.679 9.511
36 37 55.628 9.521
36 38 7.052 9.117
36 39 8.349 11.112
36 40 64.475 8.424
36 41 51.926 10.048
36 42 9.379 9.876
36 43 43.981 11.044
36 44 54.311 7.669
36 45 32.830 8.296
36 46 52.515 9.761
36 47 62.036 8.351
36 48 44.451 10.150
36 49 53.236 0.000
37 38 21.102 9.429
37 39 68.553 8.943
37 40 1.445 11.349
37 41 94.493 0.000
37 42 64.241 11.034
37 43 30.658 0.000
37 44 59.568 11.302
37 45 30.987 8.974
37 46 49.707 7.836
37 47 23.419 10.367
37 48 39.058 7.698
37 49 0.299 9.603
38 39 32.542 10.018
38 40 53.681 2.376
38 41 21.644 10.825
38 42 41.602 10.944
38 43 71.722 9.278
38 44 49.018 7.965
38 45 72.483 8.467
38 46 8.268 10.690
38 47 61.504 8.056
38 48 34.153 10.279
38 49 37.334 8.647
39 40 48.670 9.942
39 41 46.573 9.047
39 42 2.723 8.949
39 43 36.842 11.257
39 44 16.764 11.061
39 45 45.937 10.881
39 46 17.453 9.434
39 47 23.093 9.647
39 48 73.708 9.985
39 49 32.997 11.369
40 41 16.435 10.854
40 42 69.291 8.873
40 43 4.247 10.453
40 44 30.423 7.733
40 45 72.433 9.600
40 46 7.680 8.942
40 47 58.488 7.867
40 48 5.958 10.603
40 49 17.805 10.226
41 42 11.133 8.982
41 43 65.635 0.000
41 44 27.802 8.955
41 45 64.810 8.639
41 46 16.113 10.552
41 47 53.799 8.660
41 48 61.185 10.457
41 49 20.687 7.582
42 43 65.793 8.765
42 44 50.308 11.382
42 45 69.967 7.499
42 46 49.322 8.091
42 47 18.780 7.990
42 48 64.179 8.177
42 49 62.452 9.063
43 44 42.843 10.626
43 45 62.424 9.934
43 46 8.986 8.748
43 47 67.844 9.129
43 48 13.834 8.522
43 49 41.220 9.627
44 45 24.449 9.263
44 46 15.229 7.592
44 47 80.674 1.451
44 48 61.603 10.131
44 49 44.814 8.374
45 46 60.249 8.477
45 47 2.418 10.086
45 48 54.713 10.238
45 49 22.784 7.861
46 47 10.646 8.810
46 48 6.498 10.054
46 49 2.655 10.551
47 48 65.831 9.544
47 49 41.628 10.757
48 49 74.798 10.484
