50
99
0 1 47.918 2.745
0 2 57.267 32.088
0 3 22.906 3.932
0 4 76.665 17.41
0 5 66.605 3.345
0 6 85.726 2.828
0 7 96.207 10.398
0 8 31.075 2.227
0 9 75.894 9.083
0 10 45.314 1.804
0 11 48.439 8.013
0 12 41.485 21.112
0 13 88.656 16.222
0 14 26.937 15.279
0 15 81.989 2.351
0 16 98.624 25.683
0 17 64.117 15.286
0 18 96.552 8.2
0 19 85.038 13.072
0 20 91.298 10.449
0 21 52.715 20.923
0 22 75.944 8.62
0 23 84.635 4.53
0 24 86.052 5.427
0 25 46.262 9.706
0 26 18.568 7.179
0 27 21.904 8.311
0 28 31.136 19.329
0 29 57.73 17.592
0 30 2.385 12.418
0 31 76.622 6.516
0 32 9.592 14.901
0 33 46.741 5.071
0 34 59.56 23.375
0 35 76.932 3.891
0 36 63.471 7.467
0 37 52.236 4.696
0 38 80.519 9.046
0 39 2.812 22.472
0 40 21.124 5.268
0 41 70.429 18.157
0 42 4.562 9.035
0 43 63.52 15.044
0 44 47.36 14.801
0 45 31.392 8.264
0 46 7.92 15.481
0 47 9.057 4.193
0 48 14.919 20.029
0 49 21.905 12.484
1 2 2.435 8.568
1 3 37.488 16.73
1 4 90.239 5.193
1 5 99.795 4.219
1 6 40.303 12.94
1 7 72.32 25.955
1 8 51.933 8.061
1 9 71.983 4.203
1 10 71.368 21.041
1 11 41.324 9.573
1 12 63.868 4.371
1 13 0.33 11.0
1 14 45.322 8.242
1 15 12.647 4.871
1 16 13.333 13.095
1 17 11.261 10.835
1 18 83.807 2.059
1 19 67.49 7.236
1 20 19.503 11.726
1 21 54.215 7.224
1 22 1.07 10.473
1 23 72.513 19.332
1 24 96.182 13.951
1 25 64.424 15.55
1 26 39.519 5.881
1 27 19.463 1.59
1 28 0.39 10.379
1 29 6.641 16.366
1 30 49.078 14.856
1 31 28.928 16.355
1 32 34.627 7.352
1 33 28.864 7.693
1 34 92.646 9.32
1 35 51.995 17.836
1 36 59.406 3.039
1 37 20.533 3.19
1 38 29.315 22.11
1 39 62.328 8.714
1 40 15.41 30.751
1 41 73.486 15.275
1 42 87.683 14.208
1 43 32.3 17.675
1 44 59.431 18.91
1 45 59.814 18.747
1 46 35.873 13.336
1 47 29.661 19.119
1 48 7.782 12.836
1 49 80.179 28.23
2 3 34.697 2.137
2 4 15.008 7.182
2 5 16.869 12.049
2 6 50.387 6.564
2 7 50.381 20.813
2 8 4.952 4.129
2 9 95.35 7.305
2 10 37.765 15.216
2 11 81.521 25.234
2 12 26.536 16.445
2 13 61.691 4.046
2 14 29.248 8.862
2 15 13.041 10.669
2 16 64.909 25.427
2 17 37.759 5.4
2 18 35.797 3.311
2 19 99.115 6.124
2 20 69.367 13.663
2 21 83.856 1.835
2 22 17.96 3.895
2 23 29.564 2.735
2 24 25.579 8.306
2 25 20.405 7.325
2 26 76.445 1.919
2 27 95.964 15.837
2 28 17.991 8.765
2 29 13.988 7.748
2 30 3.09 18.739
2 31 30.233 7.501
2 32 73.999 8.832
2 33 46.852 12.467
2 34 59.855 5.139
2 35 7.23 11.133
2 36 46.224 19.511
2 37 62.093 23.276
2 38 80.066 2.164
2 39 93.499 20.462
2 40 68.683 11.119
2 41 20.276 5.284
2 42 98.201 3.97
2 43 56.558 17.364
2 44 11.947 10.037
2 45 49.617 4.635
2 46 36.352 7.058
2 47 72.07 23.14
2 48 88.235 11.31
2 49 36.074 9.946
3 4 26.561 29.8
3 5 20.374 30.915
3 6 52.588 1.328
3 7 82.12 12.467
3 8 69.776 18.606
3 9 99.812 8.715
3 10 31.833 23.128
3 11 68.288 19.674
3 12 67.567 18.841
3 13 8.8 19.307
3 14 65.39 18.406
3 15 72.088 8.577
3 16 62.443 7.697
3 17 93.891 18.147
3 18 3.08 12.688
3 19 54.309 8.52
3 20 26.682 2.0
3 21 96.002 13.511
3 22 0.586 12.361
3 23 31.652 7.122
3 24 2.954 16.801
3 25 26.033 3.152
3 26 41.246 5.284
3 27 78.714 8.235
3 28 34.136 16.46
3 29 87.851 3.472
3 30 69.354 12.649
3 31 7.794 18.733
3 32 6.282 4.969
3 33 94.071 14.736
3 34 56.123 18.946
3 35 45.54 2.802
3 36 50.444 11.521
3 37 92.975 10.238
3 38 78.286 3.128
3 39 37.218 9.506
3 40 26.237 15.487
3 41 9.853 9.881
3 42 3.983 1.882
3 43 57.472 3.113
3 44 23.032 3.454
3 45 63.602 3.778
3 46 91.482 6.693
3 47 38.706 12.475
3 48 50.024 4.001
3 49 7.004 12.864
4 5 67.25 8.171
4 6 14.493 12.01
4 7 82.291 13.451
4 8 90.954 2.233
4 9 66.695 5.91
4 10 31.526 16.753
4 11 94.902 15.519
4 12 72.599 28.677
4 13 77.508 12.927
4 14 82.748 11.509
4 15 40.481 17.175
4 16 24.44 10.051
4 17 94.334 2.06
4 18 59.456 7.252
4 19 89.783 14.524
4 20 48.485 26.893
4 21 24.762 3.414
4 22 97.462 14.171
4 23 14.096 6.016
4 24 36.178 13.223
4 25 79.322 2.929
4 26 21.627 1.464
4 27 43.078 6.62
4 28 74.95 8.749
4 29 8.602 19.828
4 30 22.026 13.052
4 31 47.19 15.262
4 32 65.025 6.985
4 33 6.887 1.991
4 34 44.885 5.539
4 35 15.367 10.157
4 36 72.019 2.082
4 37 50.457 13.403
4 38 44.387 14.081
4 39 47.536 5.806
4 40 45.163 20.232
4 41 28.913 13.477
4 42 69.839 9.425
4 43 87.833 10.349
4 44 30.704 10.501
4 45 37.833 8.385
4 46 44.428 22.519
4 47 56.925 3.872
4 48 48.524 8.249
4 49 59.235 5.046
5 6 25.442 13.681
5 7 98.951 1.291
5 8 49.778 12.059
5 9 0.583 4.746
5 10 79.721 20.555
5 11 78.679 16.131
5 12 18.827 4.354
5 13 86.211 9.703
5 14 47.393 10.868
5 15 25.228 8.52
5 16 62.245 7.565
5 17 45.18 1.098
5 18 89.909 3.516
5 19 44.164 9.189
5 20 41.545 22.595
5 21 68.287 8.311
5 22 3.258 3.194
5 23 93.312 2.567
5 24 39.395 16.855
5 25 33.487 11.866
5 26 5.054 13.261
5 27 63.874 2.219
5 28 32.322 2.997
5 29 29.059 1.436
5 30 45.292 6.459
5 31 20.169 3.259
5 32 97.241 10.324
5 33 18.688 4.127
5 34 31.508 33.728
5 35 55.816 23.91
5 36 93.249 2.288
5 37 52.201 23.649
5 38 81.041 5.719
5 39 95.384 1.233
5 40 53.913 3.138
5 41 75.456 6.82
5 42 80.916 4.411
5 43 60.71 20.684
5 44 67.655 24.463
5 45 56.348 14.728
5 46 66.54 13.022
5 47 54.139 14.499
5 48 97.907 4.089
5 49 99.072 11.345
6 7 50.811 18.095
6 8 89.783 5.79
6 9 97.745 6.254
6 10 10.053 2.495
6 11 36.891 21.599
6 12 6.404 11.145
6 13 56.006 5.434
6 14 89.611 2.716
6 15 20.839 6.958
6 16 39.879 13.381
6 17 33.248 3.84
6 18 21.996 11.716
6 19 13.673 7.208
6 20 95.112 5.27
6 21 47.386 21.453
6 22 48.839 16.271
6 23 48.132 15.817
6 24 98.396 1.483
6 25 63.591 19.329
6 26 14.177 2.914
6 27 94.8 15.009
6 28 16.043 7.953
6 29 86.471 13.999
6 30 52.524 11.194
6 31 66.044 19.749
6 32 71.078 4.964
6 33 66.63 8.585
6 34 65.335 22.316
6 35 24.285 26.272
6 36 11.969 5.058
6 37 93.735 3.497
6 38 24.842 12.849
6 39 47.817 20.766
6 40 86.997 18.603
6 41 53.935 12.619
6 42 69.413 13.989
6 43 76.592 4.557
6 44 6.865 21.847
6 45 9.297 15.564
6 46 71.693 11.38
6 47 57.452 16.397
6 48 3.124 6.049
6 49 9.083 23.811
7 8 81.167 9.766
7 9 95.399 14.293
7 10 10.73 3.833
7 11 59.979 12.935
7 12 67.806 7.58
7 13 3.586 23.326
7 14 10.799 13.259
7 15 32.679 1.177
7 16 77.486 2.879
7 17 72.846 6.995
7 18 41.522 7.599
7 19 86.743 16.022
7 20 45.983 19.88
7 21 55.271 15.805
7 22 48.799 12.487
7 23 9.469 9.943
7 24 43.967 9.935
7 25 14.451 6.878
7 26 47.561 5.145
7 27 22.369 15.456
7 28 0.081 7.879
7 29 12.257 18.668
7 30 56.385 8.311
7 31 79.861 14.647
7 32 93.887 1.844
7 33 67.216 28.369
7 34 96.864 9.291
7 35 53.589 8.64
7 36 54.564 25.665
7 37 85.663 7.218
7 38 98.038 16.338
7 39 0.878 9.417
7 40 23.496 8.872
7 41 91.392 27.868
7 42 10.679 4.984
7 43 84.824 27.839
7 44 72.733 11.204
7 45 56.997 7.291
7 46 57.963 16.632
7 47 76.129 16.563
7 48 83.722 4.507
7 49 46.845 24.403
8 9 7.906 5.507
8 10 51.986 22.145
8 11 8.511 2.572
8 12 3.829 7.906
8 13 16.895 6.367
8 14 74.529 17.374
8 15 22.133 25.197
8 16 23.65 6.1
8 17 34.671 16.767
8 18 7.689 16.867
8 19 62.869 7.714
8 20 69.918 1.19
8 21 31.544 7.836
8 22 96.747 10.52
8 23 38.873 15.793
8 24 7.297 11.537
8 25 19.138 14.261
8 26 31.564 5.567
8 27 7.042 3.919
8 28 46.168 6.396
8 29 96.032 12.267
8 30 68.883 16.534
8 31 52.306 16.579
8 32 42.545 19.427
8 33 1.037 8.8
8 34 75.73 10.955
8 35 51.483 4.251
8 36 78.487 12.217
8 37 34.572 2.229
8 38 39.316 18.58
8 39 20.795 14.253
8 40 81.373 2.783
8 41 16.905 5.77
8 42 47.968 14.441
8 43 11.331 17.665
8 44 61.798 2.613
8 45 91.889 4.389
8 46 77.855 12.915
8 47 18.454 13.947
8 48 14.006 6.071
8 49 4.328 6.215
9 10 83.148 12.977
9 11 99.381 4.844
9 12 97.775 6.641
9 13 70.086 18.099
9 14 74.278 6.451
9 15 32.909 19.336
9 16 70.55 6.958
9 17 69.261 11.334
9 18 2.545 7.88
9 19 45.897 1.726
9 20 59.647 1.874
9 21 90.5 19.473
9 22 0.289 15.483
9 23 68.748 10.955
9 24 53.728 13.961
9 25 75.266 3.84
9 26 35.704 2.212
9 27 91.469 6.37
9 28 14.02 23.406
9 29 68.606 12.426
9 30 27.287 14.439
9 31 25.239 5.103
9 32 21.168 3.914
9 33 90.083 3.74
9 34 59.273 18.136
9 35 10.125 3.827
9 36 40.194 9.509
9 37 84.182 8.913
9 38 17.271 6.909
9 39 72.726 2.204
9 40 95.802 11.012
9 41 49.219 12.483
9 42 19.605 8.654
9 43 13.51 13.157
9 44 98.578 10.606
9 45 33.273 1.194
9 46 65.642 13.615
9 47 16.261 1.515
9 48 95.666 11.013
9 49 83.381 3.579
10 11 32.462 4.835
10 12 17.236 19.15
10 13 3.095 19.77
10 14 12.621 13.819
10 15 64.607 2.369
10 16 56.461 3.135
10 17 23.291 5.853
10 18 63.587 18.706
10 19 51.708 25.561
10 20 98.312 26.778
10 21 3.979 11.813
10 22 36.222 12.171
10 23 13.624 4.102
10 24 8.014 6.977
10 25 61.32 8.604
10 26 52.221 7.032
10 27 61.684 19.957
10 28 73.833 10.181
10 29 7.494 16.585
10 30 0.646 20.437
10 31 94.194 30.14
10 32 77.379 1.681
10 33 26.372 8.124
10 34 63.735 5.579
10 35 8.723 4.864
10 36 63.834 14.217
10 37 2.047 5.45
10 38 49.464 10.153
10 39 79.393 2.07
10 40 49.901 17.125
10 41 60.429 2.989
10 42 8.572 7.468
10 43 26.996 10.568
10 44 19.168 15.563
10 45 34.212 5.953
10 46 94.823 18.151
10 47 82.935 9.476
10 48 78.951 10.429
10 49 97.393 10.126
11 12 98.735 2.64
11 13 55.932 33.625
11 14 66.983 9.995
11 15 98.828 13.401
11 16 43.448 30.735
11 17 56.172 1.679
11 18 40.822 2.394
11 19 19.263 18.839
11 20 50.125 23.949
11 21 29.09 13.934
11 22 89.38 2.809
11 23 93.698 3.044
11 24 30.057 7.477
11 25 28.476 21.764
11 26 75.692 7.959
11 27 95.632 7.472
11 28 61.13 11.822
11 29 97.456 8.106
11 30 94.206 15.372
11 31 83.275 12.777
11 32 18.669 2.399
11 33 23.703 6.388
11 34 57.979 10.746
11 35 99.214 1.574
11 36 68.684 28.616
11 37 30.031 18.72
11 38 85.322 9.197
11 39 84.072 16.131
11 40 95.235 5.701
11 41 67.724 15.9
11 42 3.406 7.424
11 43 88.331 10.273
11 44 57.447 17.441
11 45 55.707 13.058
11 46 9.2 17.07
11 47 25.546 17.25
11 48 75.568 24.572
11 49 49.162 20.399
12 13 6.711 2.801
12 14 37.073 6.46
12 15 31.092 3.648
12 16 76.053 14.756
12 17 80.556 8.251
12 18 14.038 6.716
12 19 80.061 1.234
12 20 96.532 12.205
12 21 75.757 8.131
12 22 19.309 21.658
12 23 83.244 1.54
12 24 64.742 18.788
12 25 49.966 14.876
12 26 83.705 9.164
12 27 2.504 25.867
12 28 90.295 6.634
12 29 7.33 19.725
12 30 81.387 15.097
12 31 66.212 11.663
12 32 10.218 26.545
12 33 65.295 21.808
12 34 47.582 8.841
12 35 9.803 5.763
12 36 58.032 10.297
12 37 36.319 13.535
12 38 25.507 11.669
12 39 57.309 12.248
12 40 85.813 12.467
12 41 63.655 9.086
12 42 5.784 12.665
12 43 52.417 6.322
12 44 87.847 11.445
12 45 2.308 19.489
12 46 52.716 11.433
12 47 29.419 8.489
12 48 79.616 5.757
12 49 0.663 4.759
13 14 83.408 9.818
13 15 70.797 16.533
13 16 22.598 23.755
13 17 45.708 11.98
13 18 23.986 33.146
13 19 51.246 17.578
13 20 95.239 13.534
13 21 81.822 9.766
13 22 99.396 8.673
13 23 5.088 8.477
13 24 52.479 18.531
13 25 53.657 8.089
13 26 83.209 3.346
13 27 95.615 4.763
13 28 71.764 1.683
13 29 31.021 3.177
13 30 98.706 24.407
13 31 82.194 14.516
13 32 97.044 12.463
13 33 20.857 8.815
13 34 16.196 10.636
13 35 8.562 6.385
13 36 97.782 13.103
13 37 84.022 1.887
13 38 22.825 22.839
13 39 14.943 14.616
13 40 96.925 25.864
13 41 3.332 5.515
13 42 11.214 2.291
13 43 46.933 13.907
13 44 2.761 4.932
13 45 63.789 1.123
13 46 18.332 18.091
13 47 61.832 8.671
13 48 76.044 1.38
13 49 61.469 10.906
14 15 10.918 21.424
14 16 55.868 29.564
14 17 21.088 7.669
14 18 76.214 11.391
14 19 63.477 4.706
14 20 36.794 6.696
14 21 60.869 9.487
14 22 8.582 11.943
14 23 34.226 6.061
14 24 24.652 3.432
14 25 74.407 7.573
14 26 57.533 8.634
14 27 76.089 16.238
14 28 84.719 10.409
14 29 89.903 16.218
14 30 2.476 3.588
14 31 49.317 3.144
14 32 25.294 3.456
14 33 49.35 1.865
14 34 31.554 15.554
14 35 82.311 3.3
14 36 65.746 10.83
14 37 11.779 3.369
14 38 37.341 7.292
14 39 30.566 30.122
14 40 86.946 8.797
14 41 13.985 15.256
14 42 7.339 9.193
14 43 43.772 1.759
14 44 82.38 6.094
14 45 53.217 10.888
14 46 60.888 5.181
14 47 98.276 23.884
14 48 42.19 12.645
14 49 33.623 3.951
15 16 37.377 10.63
15 17 59.297 8.789
15 18 30.615 7.914
15 19 46.303 7.832
15 20 92.955 8.676
15 21 32.881 9.926
15 22 70.227 3.053
15 23 12.432 6.383
15 24 69.429 13.82
15 25 33.967 11.142
15 26 51.187 3.368
15 27 15.633 9.127
15 28 64.261 1.674
15 29 81.615 6.043
15 30 80.269 2.216
15 31 57.074 25.105
15 32 27.148 18.161
15 33 56.804 29.372
15 34 9.616 29.891
15 35 40.741 15.338
15 36 38.915 16.461
15 37 37.172 2.857
15 38 18.271 9.49
15 39 31.164 26.59
15 40 90.526 5.089
15 41 97.749 9.462
15 42 31.934 12.766
15 43 4.258 8.303
15 44 5.603 16.61
15 45 81.775 5.223
15 46 93.206 5.212
15 47 99.947 5.881
15 48 58.652 5.551
15 49 75.013 12.81
16 17 87.402 20.802
16 18 65.158 10.971
16 19 27.477 5.352
16 20 3.331 6.213
16 21 50.133 8.812
16 22 80.813 14.059
16 23 2.622 13.699
16 24 46.015 4.012
16 25 6.545 5.299
16 26 70.486 11.896
16 27 96.731 4.925
16 28 70.315 26.031
16 29 27.309 10.168
16 30 61.764 15.628
16 31 28.117 15.609
16 32 49.077 7.198
16 33 9.585 12.027
16 34 88.69 22.399
16 35 3.888 12.314
16 36 98.251 3.068
16 37 89.9 2.723
16 38 95.084 10.3
16 39 72.011 2.994
16 40 53.46 9.555
16 41 34.019 5.666
16 42 3.471 7.418
16 43 20.03 3.761
16 44 17.51 3.997
16 45 57.613 1.72
16 46 16.453 15.687
16 47 48.667 3.681
16 48 92.192 9.803
16 49 22.462 11.973
17 18 28.945 9.481
17 19 10.052 26.139
17 20 69.927 11.92
17 21 72.702 12.865
17 22 22.445 6.698
17 23 74.722 14.806
17 24 14.639 36.359
17 25 23.637 5.864
17 26 75.742 1.261
17 27 32.031 11.722
17 28 33.779 9.59
17 29 64.163 12.985
17 30 2.433 7.265
17 31 14.644 25.647
17 32 98.226 11.881
17 33 61.281 5.073
17 34 82.063 13.755
17 35 58.249 1.662
17 36 33.858 7.087
17 37 80.086 5.918
17 38 52.805 9.223
17 39 17.144 15.487
17 40 36.193 13.879
17 41 38.225 18.535
17 42 17.694 17.145
17 43 67.049 7.51
17 44 25.227 25.627
17 45 98.677 9.855
17 46 27.734 14.252
17 47 36.28 4.392
17 48 99.984 7.571
17 49 92.117 2.371
18 19 17.814 3.785
18 20 78.515 10.31
18 21 78.106 4.215
18 22 81.823 4.536
18 23 6.838 10.604
18 24 81.389 1.405
18 25 33.406 30.543
18 26 75.034 10.908
18 27 59.28 7.36
18 28 29.279 24.493
18 29 36.835 24.83
18 30 1.582 2.106
18 31 82.516 6.499
18 32 19.124 9.708
18 33 61.226 11.649
18 34 73.883 12.009
18 35 58.477 11.508
18 36 71.732 1.893
18 37 62.266 21.983
18 38 87.417 7.32
18 39 64.658 14.362
18 40 53.419 6.245
18 41 7.467 26.993
18 42 52.076 15.039
18 43 41.287 25.684
18 44 0.271 2.909
18 45 26.416 1.27
18 46 77.95 5.381
18 47 55.157 11.119
18 48 38.815 10.61
18 49 51.443 5.944
19 20 9.932 6.986
19 21 79.094 14.897
19 22 98.88 2.184
19 23 60.285 4.696
19 24 36.714 24.388
19 25 60.817 3.468
19 26 40.926 23.014
19 27 99.026 15.786
19 28 55.769 4.467
19 29 83.494 13.819
19 30 13.086 19.442
19 31 29.382 9.982
19 32 90.435 23.977
19 33 17.208 22.712
19 34 72.099 4.585
19 35 60.345 22.777
19 36 41.99 15.012
19 37 45.125 6.899
19 38 75.281 16.938
19 39 62.834 12.772
19 40 62.871 6.234
19 41 27.054 15.889
19 42 55.369 6.312
19 43 58.942 13.957
19 44 7.264 8.207
19 45 73.257 1.515
19 46 57.789 14.325
19 47 22.578 5.133
19 48 85.993 16.489
19 49 67.716 12.293
20 21 22.374 14.684
20 22 70.434 17.042
20 23 98.87 10.533
20 24 44.669 20.408
20 25 60.606 1.247
20 26 10.285 9.526
20 27 79.776 19.955
20 28 0.289 6.399
20 29 52.294 4.073
20 30 61.524 17.744
20 31 39.996 4.878
20 32 50.869 1.813
20 33 55.731 7.725
20 34 28.047 10.563
20 35 75.061 10.964
20 36 55.608 17.953
20 37 63.172 11.155
20 38 48.164 17.718
20 39 6.915 7.489
20 40 49.599 15.684
20 41 78.287 5.932
20 42 49.927 23.599
20 43 30.828 25.12
20 44 63.569 8.871
20 45 50.386 7.102
20 46 3.427 11.488
20 47 68.553 13.905
20 48 52.311 9.205
20 49 46.855 24.232
21 22 33.086 21.933
21 23 82.77 5.998
21 24 86.141 10.761
21 25 79.354 2.518
21 26 12.215 4.751
21 27 98.386 9.616
21 28 48.747 3.049
21 29 94.283 22.127
21 30 44.431 11.604
21 31 10.641 4.026
21 32 43.989 4.065
21 33 8.84 25.784
21 34 89.929 11.288
21 35 96.742 4.865
21 36 78.521 16.945
21 37 32.872 16.605
21 38 73.217 7.654
21 39 36.798 4.481
21 40 37.338 19.808
21 41 14.652 7.389
21 42 52.144 10.588
21 43 11.083 5.991
21 44 39.023 4.27
21 45 20.617 5.293
21 46 60.244 13.857
21 47 56.43 1.145
21 48 99.459 2.35
21 49 73.548 11.565
22 23 60.332 15.986
22 24 65.613 2.16
22 25 41.576 5.358
22 26 5.66 33.598
22 27 67.107 7.385
22 28 25.045 6.066
22 29 28.707 12.647
22 30 22.534 11.345
22 31 4.661 10.808
22 32 16.614 9.665
22 33 58.913 1.437
22 34 44.825 29.198
22 35 86.935 5.406
22 36 21.954 24.657
22 37 62.222 15.119
22 38 16.496 5.213
22 39 53.125 10.443
22 40 58.894 29.164
22 41 26.391 21.415
22 42 56.437 3.359
22 43 83.985 12.121
22 44 59.418 7.244
22 45 48.101 2.069
22 46 97.997 14.389
22 47 88.605 19.573
22 48 74.706 15.612
22 49 81.126 17.706
23 24 65.483 8.452
23 25 37.199 24.31
23 26 48.563 3.488
23 27 8.198 26.043
23 28 91.981 3.292
23 29 27.821 5.72
23 30 75.668 15.427
23 31 13.415 11.905
23 32 92.017 3.52
23 33 2.689 4.33
23 34 46.618 7.755
23 35 31.133 27.616
23 36 99.176 9.94
23 37 30.366 3.018
23 38 21.779 5.466
23 39 40.902 7.825
23 40 24.848 14.648
23 41 66.377 5.03
23 42 83.416 7.012
23 43 64.705 13.133
23 44 7.666 3.508
23 45 38.107 4.857
23 46 24.512 18.413
23 47 40.925 7.805
23 48 81.904 6.938
23 49 48.998 2.231
24 25 28.656 2.329
24 26 1.898 9.603
24 27 45.895 28.084
24 28 10.678 1.352
24 29 76.407 3.448
24 30 17.9 16.138
24 31 75.945 3.139
24 32 22.197 9.218
24 33 68.655 20.042
24 34 3.615 5.852
24 35 58.887 1.18
24 36 84.288 6.534
24 37 68.392 7.131
24 38 10.47 6.448
24 39 13.735 4.922
24 40 60.192 21.203
24 41 28.326 1.189
24 42 56.439 21.056
24 43 27.561 9.113
24 44 21.103 13.21
24 45 93.46 2.422
24 46 84.967 7.006
24 47 88.248 7.603
24 48 1.459 14.206
24 49 55.824 7.443
25 26 61.137 2.263
25 27 25.029 13.604
25 28 0.803 18.427
25 29 69.114 11.285
25 30 9.4 17.082
25 31 58.385 15.317
25 32 90.405 31.587
25 33 60.027 10.971
25 34 22.63 2.171
25 35 93.073 6.36
25 36 55.069 13.094
25 37 99.176 2.151
25 38 16.187 6.384
25 39 38.046 7.89
25 40 74.673 3.037
25 41 78.006 15.871
25 42 47.406 7.999
25 43 99.485 11.617
25 44 83.899 24.123
25 45 93.671 9.664
25 46 3.401 10.295
25 47 16.281 3.176
25 48 73.196 15.041
25 49 90.382 19.656
26 27 94.761 3.293
26 28 23.206 7.13
26 29 28.324 31.978
26 30 18.239 2.841
26 31 61.584 23.515
26 32 19.397 10.015
26 33 19.824 13.176
26 34 69.979 13.648
26 35 46.656 6.964
26 36 28.579 21.421
26 37 78.394 10.975
26 38 4.307 8.037
26 39 76.758 1.948
26 40 65.333 10.166
26 41 48.891 3.735
26 42 39.253 2.22
26 43 38.817 18.571
26 44 4.703 5.455
26 45 37.68 15.493
26 46 52.48 17.877
26 47 34.14 6.628
26 48 32.086 5.45
26 49 63.917 17.554
27 28 43.395 15.943
27 29 86.517 12.297
27 30 33.419 11.03
27 31 27.151 14.219
27 32 57.06 10.766
27 33 9.489 7.343
27 34 71.362 11.112
27 35 80.863 13.774
27 36 13.304 16.617
27 37 15.333 23.654
27 38 92.028 3.151
27 39 73.389 16.045
27 40 26.016 5.207
27 41 93.679 13.383
27 42 82.844 27.23
27 43 21.338 1.42
27 44 2.16 13.521
27 45 94.017 10.349
27 46 44.082 4.195
27 47 65.821 18.396
27 48 68.008 3.757
27 49 35.457 5.265
28 29 38.106 22.032
28 30 90.266 5.868
28 31 75.302 8.077
28 32 31.0 6.962
28 33 40.394 21.134
28 34 99.656 20.659
28 35 61.052 1.027
28 36 61.233 1.295
28 37 80.054 10.229
28 38 75.945 30.154
28 39 50.074 4.611
28 40 87.225 4.774
28 41 10.629 5.04
28 42 91.781 7.812
28 43 98.765 15.778
28 44 11.404 2.958
28 45 70.401 3.993
28 46 50.618 8.83
28 47 61.299 7.349
28 48 40.665 20.654
28 49 59.0 22.135
29 30 59.16 12.975
29 31 48.718 5.188
29 32 49.338 29.84
29 33 58.365 12.732
29 34 2.743 10.621
29 35 28.609 15.663
29 36 61.851 2.189
29 37 70.885 9.167
29 38 42.075 2.593
29 39 44.24 1.871
29 40 10.028 6.451
29 41 50.119 16.536
29 42 11.393 18.303
29 43 99.228 3.558
29 44 60.455 20.228
29 45 2.539 15.929
29 46 22.077 2.585
29 47 4.332 5.305
29 48 88.772 21.275
29 49 54.493 19.34
30 31 93.734 12.841
30 32 81.344 11.045
30 33 36.38 4.43
30 34 63.933 15.634
30 35 48.234 3.984
30 36 37.437 2.167
30 37 58.518 8.689
30 38 84.226 6.363
30 39 62.697 3.857
30 40 52.059 8.893
30 41 69.746 3.559
30 42 86.015 19.323
30 43 62.673 20.777
30 44 50.442 1.303
30 45 20.141 20.315
30 46 1.993 7.751
30 47 24.688 19.309
30 48 84.848 4.799
30 49 35.85 16.919
31 32 92.912 1.429
31 33 47.237 14.334
31 34 5.711 11.746
31 35 26.461 8.537
31 36 83.637 1.506
31 37 63.916 5.742
31 38 43.493 13.738
31 39 64.672 21.288
31 40 32.442 16.111
31 41 40.053 13.592
31 42 80.47 7.117
31 43 65.697 8.879
31 44 44.69 9.155
31 45 24.291 12.99
31 46 20.232 10.997
31 47 58.11 4.054
31 48 8.413 14.543
31 49 82.932 18.547
32 33 59.702 1.586
32 34 95.409 2.892
32 35 3.673 2.467
32 36 45.018 2.968
32 37 14.661 13.083
32 38 1.189 21.292
32 39 34.203 6.13
32 40 11.807 4.723
32 41 33.213 1.403
32 42 2.918 10.445
32 43 29.791 3.228
32 44 36.245 16.837
32 45 61.091 15.125
32 46 39.415 8.639
32 47 53.35 4.278
32 48 39.495 10.679
32 49 3.644 16.588
33 34 48.043 3.943
33 35 89.659 19.087
33 36 69.941 19.108
33 37 89.812 9.577
33 38 2.735 12.721
33 39 29.024 25.071
33 40 66.242 1.672
33 41 86.263 6.97
33 42 25.452 6.765
33 43 86.353 23.006
33 44 50.007 15.757
33 45 14.758 12.751
33 46 58.362 13.595
33 47 22.519 2.123
33 48 48.265 1.765
33 49 61.953 10.753
34 35 46.572 11.808
34 36 80.319 3.612
34 37 86.327 27.433
34 38 80.436 7.591
34 39 85.271 6.472
34 40 86.78 6.11
34 41 81.25 6.511
34 42 34.823 27.09
34 43 33.116 14.63
34 44 7.355 5.253
34 45 55.846 11.81
34 46 97.94 1.243
34 47 11.7 5.191
34 48 81.654 13.999
34 49 4.955 25.531
35 36 12.327 10.862
35 37 29.223 15.204
35 38 57.86 25.136
35 39 5.766 16.891
35 40 51.398 21.202
35 41 2.448 12.696
35 42 40.053 7.735
35 43 1.823 5.301
35 44 91.02 3.883
35 45 92.093 7.575
35 46 51.676 4.791
35 47 17.451 2.991
35 48 49.233 9.151
35 49 49.542 15.84
36 37 24.448 21.503
36 38 33.468 1.767
36 39 78.918 9.258
36 40 86.266 7.17
36 41 80.593 4.377
36 42 27.997 20.863
36 43 66.824 15.832
36 44 87.641 11.795
36 45 22.962 19.32
36 46 29.425 3.99
36 47 86.467 5.012
36 48 83.436 1.321
36 49 25.992 12.63
37 38 85.55 3.891
37 39 40.607 11.759
37 40 28.321 26.441
37 41 35.259 2.137
37 42 92.422 19.116
37 43 63.742 18.808
37 44 31.679 10.335
37 45 87.599 1.711
37 46 52.973 9.621
37 47 23.194 34.309
37 48 22.883 2.655
37 49 67.507 8.064
38 39 94.8 12.825
38 40 25.175 3.627
38 41 19.767 19.178
38 42 43.261 20.983
38 43 8.39 2.905
38 44 61.172 24.348
38 45 77.692 11.364
38 46 29.05 9.677
38 47 85.03 7.272
38 48 21.988 11.09
38 49 42.936 7.839
39 40 38.247 19.295
39 41 63.207 6.009
39 42 28.38 7.028
39 43 53.116 17.942
39 44 45.626 10.958
39 45 52.471 11.738
39 46 46.422 3.104
39 47 23.316 3.337
39 48 81.141 9.293
39 49 61.837 8.764
40 41 26.519 22.359
40 42 30.461 14.007
40 43 74.946 2.403
40 44 11.843 4.236
40 45 7.657 8.747
40 46 64.159 12.235
40 47 75.651 8.86
40 48 50.685 2.655
40 49 5.148 9.688
41 42 2.865 7.983
41 43 46.241 21.392
41 44 67.757 5.701
41 45 28.763 32.85
41 46 75.493 10.409
41 47 85.746 6.728
41 48 33.445 32.847
41 49 99.375 16.165
42 43 31.138 8.771
42 44 55.958 13.397
42 45 97.891 18.284
42 46 52.493 8.404
42 47 59.781 9.235
42 48 29.548 18.946
42 49 43.94 10.561
43 44 14.091 13.139
43 45 75.712 2.629
43 46 72.153 10.095
43 47 91.987 14.094
43 48 20.78 9.015
43 49 67.025 12.187
44 45 55.147 14.966
44 46 72.379 8.124
44 47 95.638 23.138
44 48 7.606 21.004
44 49 4.913 1.492
45 46 10.74 9.82
45 47 10.769 33.946
45 48 88.64 9.219
45 49 88.122 8.893
46 47 92.276 2.222
46 48 83.229 10.891
46 49 10.998 10.75
47 48 78.306 13.856
47 49 88.865 14.566
48 49 97.152 13.299