50
61.864
0 1 4.979 0.518
0 2 1.665 0.72
0 3 1.241 1.864
0 4 5.927 0.021
0 5 2.724 2.116
0 6 4.329 1.944
0 7 6.424 0.908
0 8 6.806 2.08
0 9 0.583 1.225
0 10 0.547 0.358
0 11 6.848 1.672
0 12 6.397 0.359
0 13 6.491 1.689
0 14 1.641 0.979
0 15 2.738 1.434
0 16 5.147 0.899
0 17 6.196 1.542
0 18 4.615 1.654
0 19 6.942 1.103
0 20 4.107 1.631
0 21 5.22 1.942
0 22 0.761 0.177
0 23 1.929 0.738
0 24 7.176 1.429
0 25 2.815 1.36
0 26 6.196 0.996
0 27 15.892 0.2
0 28 8.394 0.473
0 29 2.476 1.393
0 30 0.852 0.428
0 31 6.545 0.09
0 32 5.837 0.076
0 33 7.027 1.91
0 34 3.652 0.108
0 35 6.584 1.017
0 36 4.008 0.402
0 37 0.259 1.82
0 38 0.482 1.795
0 39 4.04 0.028
0 40 4.063 1.646
0 41 6.813 0.654
0 42 0.528 0.154
0 43 1.396 1.188
0 44 2.797 1.061
0 45 5.273 0.61
0 46 5.355 2.178
0 47 3.401 0.153
0 48 1.103 0.941
0 49 1.232 0.301
1 2 4.295 0.784
1 3 0.515 0.056
1 4 5.991 2.173
1 5 0.965 1.681
1 6 0.448 0.757
1 7 1.424 1.181
1 8 4.664 1.906
1 9 0.771 0.483
1 10 2.688 0.384
1 11 6.846 0.915
1 12 5.907 1.794
1 13 5.967 0.316
1 14 2.142 1.272
1 15 0.081 0.831
1 16 1.984 1.218
1 17 12.737 1.099
1 18 2.491 0.716
1 19 2.371 1.021
1 20 4.611 0.557
1 21 3.928 2.112
1 22 1.097 0.169
1 23 0.798 0.785
1 24 2.592 1.242
1 25 0.863 0.88
1 26 4.006 1.363
1 27 4.298 1.077
1 28 7.421 1.721
1 29 5.68 1.697
1 30 4.287 0.644
1 31 5.972 2.197
1 32 1.934 1.798
1 33 3.355 0.713
1 34 0.847 1.448
1 35 3.942 0.93
1 36 1.473 1.327
1 37 6.037 0.143
1 38 4.772 1.28
1 39 10.637 0.41
1 40 5.402 1.674
1 41 3.36 0.077
1 42 2.418 0.246
1 43 6.521 1.045
1 44 4.01 1.291
1 45 5.991 0.443
1 46 3.954 1.532
1 47 1.844 1.939
1 48 0.438 0.344
1 49 6.534 1.433
2 3 2.987 0.803
2 4 4.719 2.065
2 5 4.291 1.92
2 6 6.345 0.757
2 7 13.968 1.899
2 8 3.273 1.691
2 9 1.006 1.534
2 10 4.757 2.137
2 11 1.057 0.882
2 12 6.573 1.936
2 13 1.223 1.157
2 14 4.672 1.718
2 15 1.077 1.514
2 16 1.228 1.163
2 17 1.668 2.088
2 18 2.913 0.889
2 19 2.899 1.6
2 20 14.043 0.525
2 21 3.289 2.131
2 22 6.88 1.575
2 23 2.12 2.103
2 24 6.315 0.107
2 25 6.141 0.113
2 26 6.486 1.718
2 27 7.374 0.406
2 28 0.554 0.652
2 29 0.386 1.626
2 30 3.955 0.238
2 31 3.476 1.046
2 32 2.945 0.074
2 33 2.743 1.218
2 34 0.388 1.162
2 35 5.951 1.669
2 36 4.353 0.804
2 37 3.555 1.305
2 38 1.08 0.721
2 39 3.13 0.493
2 40 6.773 0.453
2 41 3.322 1.712
2 42 6.403 1.457
2 43 2.328 1.679
2 44 7.04 1.857
2 45 2.526 1.949
2 46 3.744 1.346
2 47 1.566 2.055
2 48 0.127 1.683
2 49 4.816 0.299
3 4 0.089 0.256
3 5 1.129 0.336
3 6 3.797 1.03
3 7 6.167 1.646
3 8 2.991 0.269
3 9 9.798 0.359
3 10 2.896 0.823
3 11 3.663 1.766
3 12 0.381 1.109
3 13 7.398 1.371
3 14 4.463 1.833
3 15 6.246 0.6
3 16 2.202 2.136
3 17 1.021 1.181
3 18 0.048 2.121
3 19 0.971 0.54
3 20 1.484 1.99
3 21 11.598 0.485
3 22 6.524 1.461
3 23 2.083 1.222
3 24 8.242 0.353
3 25 1.783 0.993
3 26 4.353 0.335
3 27 1.234 1.186
3 28 2.38 0.099
3 29 6.785 1.509
3 30 5.322 0.74
3 31 5.894 0.503
3 32 3.882 0.862
3 33 7.352 0.844
3 34 7.496 0.333
3 35 6.748 0.127
3 36 3.944 0.111
3 37 2.229 1.193
3 38 4.952 1.426
3 39 2.723 0.479
3 40 6.916 0.082
3 41 5.264 1.582
3 42 5.323 0.88
3 43 3.537 1.009
3 44 7.114 1.025
3 45 1.457 0.943
3 46 0.537 0.716
3 47 6.044 1.432
3 48 2.311 0.169
3 49 6.649 1.427
4 5 4.536 0.562
4 6 5.749 1.87
4 7 6.889 0.514
4 8 5.196 1.79
4 9 1.237 1.597
4 10 1.457 1.247
4 11 4.336 2.183
4 12 0.879 0.055
4 13 3.087 1.842
4 14 5.804 1.976
4 15 3.074 1.982
4 16 1.848 1.974
4 17 2.607 0.66
4 18 0.994 0.259
4 19 7.497 2.062
4 20 5.475 0.919
4 21 6.258 1.862
4 22 7.467 0.84
4 23 2.023 1.423
4 24 4.227 0.789
4 25 4.234 1.058
4 26 0.47 0.795
4 27 1.722 0.386
4 28 5.898 2.104
4 29 6.148 2.041
4 30 1.741 0.634
4 31 3.501 2.05
4 32 1.348 0.942
4 33 1.674 0.911
4 34 1.63 0.961
4 35 3.211 0.225
4 36 3.656 1.615
4 37 4.617 0.299
4 38 4.267 1.616
4 39 18.699 0.917
4 40 0.735 1.302
4 41 0.804 0.035
4 42 7.397 1.439
4 43 3.208 1.03
4 44 7.095 0.237
4 45 3.057 1.597
4 46 6.397 2.16
4 47 5.78 1.943
4 48 6.776 0.115
4 49 6.3 1.12
5 6 6.322 0.471
5 7 5.606 0.612
5 8 0.075 2.176
5 9 3.853 0.63
5 10 3.152 2.067
5 11 3.081 1.169
5 12 4.742 0.411
5 13 4.539 2.036
5 14 3.322 1.782
5 15 3.547 2.118
5 16 1.183 1.59
5 17 1.253 2.16
5 18 11.413 0.98
5 19 4.344 1.19
5 20 4.533 1.809
5 21 1.312 1.903
5 22 3.927 1.462
5 23 7.29 0.003
5 24 6.799 2.03
5 25 3.544 1.541
5 26 2.809 2.013
5 27 4.959 0.037
5 28 1.05 1.182
5 29 6.555 1.142
5 30 5.547 1.335
5 31 4.129 2.196
5 32 5.484 0.507
5 33 4.239 1.09
5 34 3.527 1.318
5 35 6.492 0.357
5 36 1.035 0.051
5 37 4.698 1.214
5 38 7.233 0.324
5 39 0.974 1.874
5 40 4.673 0.488
5 41 6.721 2.2
5 42 5.949 0.41
5 43 2.437 0.163
5 44 3.394 1.235
5 45 2.187 0.931
5 46 3.718 0.195
5 47 0.277 1.459
5 48 7.195 0.555
5 49 7.313 1.294
6 7 2.304 2.121
6 8 2.053 0.303
6 9 2.273 2.199
6 10 16.53 2.22
6 11 3.171 1.538
6 12 6.677 0.135
6 13 7.396 0.014
6 14 2.215 1.142
6 15 1.149 1.857
6 16 7.494 0.788
6 17 0.935 0.43
6 18 1.644 1.167
6 19 3.898 0.864
6 20 4.448 0.034
6 21 3.659 1.445
6 22 6.598 1.402
6 23 4.067 0.003
6 24 4.69 1.798
6 25 0.882 1.633
6 26 5.484 0.93
6 27 6.483 1.362
6 28 4.379 2.172
6 29 3.722 1.561
6 30 2.53 2.146
6 31 0.169 0.315
6 32 1.51 0.606
6 33 6.948 0.563
6 34 5.375 0.681
6 35 4.781 1.38
6 36 1.451 1.663
6 37 4.849 0.699
6 38 3.761 0.964
6 39 3.368 0.646
6 40 3.373 1.713
6 41 0.922 0.227
6 42 0.134 0.908
6 43 0.235 2.198
6 44 6.096 0.502
6 45 5.331 1.779
6 46 5.358 2.114
6 47 5.034 1.059
6 48 1.011 0.102
6 49 4.188 1.392
7 8 1.783 1.744
7 9 0.682 0.142
7 10 0.905 1.943
7 11 2.141 1.822
7 12 1.709 0.167
7 13 4.171 1.457
7 14 3.251 1.202
7 15 1.034 1.032
7 16 2.404 1.031
7 17 5.878 1.111
7 18 1.922 0.346
7 19 4.907 0.902
7 20 7.813 1.391
7 21 5.301 1.52
7 22 1.457 1.582
7 23 1.307 0.418
7 24 4.549 0.355
7 25 0.335 0.045
7 26 6.752 1.891
7 27 0.654 0.736
7 28 5.544 0.439
7 29 1.805 1.879
7 30 4.979 2.036
7 31 2.502 0.419
7 32 6.744 1.13
7 33 3.013 1.51
7 34 5.153 2.041
7 35 3.736 1.634
7 36 7.327 0.995
7 37 4.314 0.201
7 38 3.732 0.156
7 39 6.672 0.431
7 40 3.987 1.024
7 41 3.079 0.789
7 42 3.292 1.239
7 43 3.026 0.998
7 44 5.178 0.881
7 45 0.69 1.36
7 46 3.859 1.348
7 47 0.509 1.392
7 48 4.758 0.944
7 49 3.157 0.005
8 9 1.752 2.045
8 10 2.649 1.009
8 11 17.431 1.799
8 12 3.911 1.806
8 13 1.319 0.639
8 14 4.695 0.573
8 15 3.568 1.499
8 16 3.155 1.629
8 17 3.998 0.744
8 18 2.586 0.659
8 19 2.77 1.558
8 20 2.429 2.003
8 21 1.772 0.369
8 22 6.283 1.381
8 23 5.413 1.06
8 24 3.621 1.339
8 25 4.717 1.913
8 26 12.798 0.654
8 27 0.33 1.504
8 28 4.691 1.145
8 29 2.835 0.692
8 30 3.86 1.215
8 31 3.964 1.241
8 32 4.615 0.321
8 33 2.607 1.464
8 34 9.079 0.958
8 35 4.604 1.59
8 36 6.326 0.842
8 37 0.485 0.137
8 38 1.931 0.441
8 39 4.039 0.092
8 40 0.589 0.544
8 41 5.701 0.486
8 42 1.884 0.343
8 43 5.643 0.171
8 44 5.975 1.679
8 45 4.333 2.118
8 46 3.239 2.149
8 47 4.014 0.172
8 48 5.045 0.102
8 49 3.022 2.113
9 10 2.028 1.736
9 11 5.206 1.427
9 12 2.237 0.517
9 13 2.794 1.241
9 14 4.4 0.63
9 15 3.601 1.937
9 16 1.038 1.51
9 17 2.583 0.487
9 18 1.808 0.031
9 19 3.186 1.104
9 20 4.732 0.108
9 21 5.019 0.007
9 22 0.477 0.129
9 23 4.735 1.417
9 24 0.571 0.091
9 25 0.537 0.349
9 26 7.369 0.503
9 27 2.46 1.069
9 28 0.593 0.108
9 29 2.743 0.254
9 30 6.279 1.521
9 31 6.972 2.165
9 32 0.81 0.198
9 33 0.437 0.023
9 34 2.918 2.134
9 35 5.627 0.368
9 36 4.308 1.329
9 37 2.093 2.015
9 38 3.436 0.2
9 39 6.064 1.545
9 40 0.973 0.168
9 41 4.242 0.642
9 42 1.668 0.899
9 43 7.159 2.022
9 44 6.72 0.271
9 45 4.003 0.158
9 46 1.05 0.532
9 47 6.125 0.203
9 48 0.518 0.543
9 49 7.343 0.137
10 11 3.058 1.397
10 12 5.324 1.267
10 13 28.036 3.259
10 14 4.793 1.638
10 15 2.304 1.45
10 16 4.686 1.648
10 17 0.849 2.204
10 18 2.798 1.559
10 19 0.354 0.728
10 20 1.045 1.556
10 21 0.953 1.003
10 22 2.658 1.025
10 23 4.995 0.248
10 24 2.916 1.732
10 25 5.308 1.493
10 26 6.407 1.839
10 27 7.283 1.835
10 28 6.395 1.493
10 29 2.945 0.21
10 30 7.145 0.262
10 31 2.663 1.094
10 32 4.858 1.247
10 33 3.394 2.103
10 34 2.74 0.933
10 35 6.79 1.435
10 36 0.395 1.416
10 37 1.634 1.817
10 38 6.479 2.073
10 39 0.687 0.216
10 40 4.396 1.994
10 41 3.425 0.288
10 42 0.324 1.493
10 43 5.657 1.11
10 44 5.693 1.034
10 45 4.395 0.182
10 46 5.104 0.311
10 47 3.451 2.153
10 48 1.664 0.662
10 49 4.706 1.254
11 12 1.524 1.488
11 13 6.849 1.726
11 14 2.095 2.204
11 15 3.594 1.15
11 16 3.791 0.845
11 17 5.371 1.722
11 18 7.062 0.047
11 19 0.963 0.138
11 20 4.572 1.314
11 21 4.635 0.325
11 22 4.843 2.194
11 23 5.139 1.628
11 24 5.72 2.147
11 25 4.559 1.181
11 26 3.159 0.071
11 27 4.393 0.668
11 28 1.455 0.222
11 29 5.205 0.176
11 30 4.906 0.786
11 31 5.965 1.775
11 32 2.717 1.343
11 33 3.879 0.306
11 34 3.312 0.17
11 35 0.836 0.448
11 36 1.336 0.168
11 37 1.237 0.605
11 38 4.047 1.014
11 39 1.488 1.829
11 40 1.04 0.195
11 41 6.84 1.314
11 42 1.237 1.165
11 43 0.36 1.117
11 44 3.294 1.638
11 45 1.82 0.047
11 46 5.267 0.85
11 47 3.952 1.738
11 48 6.72 0.26
11 49 0.788 1.773
12 13 0.845 0.441
12 14 6.099 0.32
12 15 0.392 1.304
12 16 2.833 0.683
12 17 6.351 0.397
12 18 4.62 1.154
12 19 1.171 1.863
12 20 5.484 1.248
12 21 0.557 1.146
12 22 3.705 2.161
12 23 2.651 1.897
12 24 3.222 2.108
12 25 2.603 1.421
12 26 1.68 2.152
12 27 1.18 0.425
12 28 0.2 1.499
12 29 6.212 0.404
12 30 5.489 0.083
12 31 15.209 2.534
12 32 7.349 2.01
12 33 4.82 0.063
12 34 5.31 1.366
12 35 0.805 1.74
12 36 5.835 1.071
12 37 3.135 2.018
12 38 6.553 1.298
12 39 1.448 1.4
12 40 5.844 0.258
12 41 6.789 0.413
12 42 1.46 0.322
12 43 7.291 2.01
12 44 1.4 0.791
12 45 5.097 2.14
12 46 6.102 1.649
12 47 5.253 0.644
12 48 6.73 0.056
12 49 1.991 0.645
13 14 3.391 0.348
13 15 3.843 1.015
13 16 3.857 0.245
13 17 6.117 0.443
13 18 1.496 0.767
13 19 5.064 0.371
13 20 4.441 0.924
13 21 6.357 2.201
13 22 2.679 2.171
13 23 1.974 1.954
13 24 4.394 0.382
13 25 6.145 0.96
13 26 6.57 1.018
13 27 3.477 0.77
13 28 2.833 2.099
13 29 1.649 1.365
13 30 2.849 1.83
13 31 3.256 1.066
13 32 5.931 0.126
13 33 4.34 0.843
13 34 0.514 0.512
13 35 5.499 1.86
13 36 5.033 1.337
13 37 4.422 0.846
13 38 4.538 1.518
13 39 1.183 1.499
13 40 2.48 1.291
13 41 1.119 0.729
13 42 1.906 2.051
13 43 3.555 1.183
13 44 6.214 0.672
13 45 4.126 0.794
13 46 3.394 1.493
13 47 4.225 1.72
13 48 5.917 0.915
13 49 4.177 2.136
14 15 1.69 0.397
14 16 3.521 1.222
14 17 1.042 0.915
14 18 5.281 0.822
14 19 6.461 0.678
14 20 3.795 0.717
14 21 1.754 0.031
14 22 3.225 0.082
14 23 3.308 0.396
14 24 1.725 0.089
14 25 7.064 1.188
14 26 4.998 2.192
14 27 2.724 0.207
14 28 4.582 0.31
14 29 3.002 1.652
14 30 5.688 0.604
14 31 7.195 0.343
14 32 1.232 0.427
14 33 0.825 1.355
14 34 4.827 0.098
14 35 5.878 2.131
14 36 3.076 1.969
14 37 5.172 0.784
14 38 4.39 0.618
14 39 3.499 1.517
14 40 5.414 1.244
14 41 1.356 1.238
14 42 4.235 0.744
14 43 2.146 0.264
14 44 3.471 0.163
14 45 3.352 0.453
14 46 0.332 0.069
14 47 6.114 1.139
14 48 3.517 1.414
14 49 6.201 2.17
15 16 45.607 5.493
15 17 3.838 0.304
15 18 7.445 1.698
15 19 4.885 0.494
15 20 3.82 1.73
15 21 1.368 1.456
15 22 1.351 1.614
15 23 5.747 1.405
15 24 0.419 0.989
15 25 7.219 1.786
15 26 3.946 1.5
15 27 7.208 0.476
15 28 2.967 0.019
15 29 2.583 1.664
15 30 1.528 1.77
15 31 4.069 0.79
15 32 0.443 1.996
15 33 2.103 1.2
15 34 3.92 1.521
15 35 6.72 1.014
15 36 1.726 1.989
15 37 7.261 1.79
15 38 5.62 0.544
15 39 3.257 1.477
15 40 6.908 1.012
15 41 2.085 1.175
15 42 2.381 0.331
15 43 3.532 2.012
15 44 5.328 1.425
15 45 3.294 1.293
15 46 3.87 0.194
15 47 4.506 0.397
15 48 2.436 0.922
15 49 4.123 0.201
16 17 3.543 1.817
16 18 5.475 2.096
16 19 5.716 1.603
16 20 2.947 0.047
16 21 1.262 1.696
16 22 2.754 1.228
16 23 0.694 1.33
16 24 7.291 0.54
16 25 2.933 0.814
16 26 5.481 0.689
16 27 2.181 1.282
16 28 4.991 0.554
16 29 3.097 1.763
16 30 4.743 1.841
16 31 0.397 0.362
16 32 4.245 0.448
16 33 2.462 1.217
16 34 6.697 1.426
16 35 6.736 1.999
16 36 2.844 1.42
16 37 3.903 1.059
16 38 2.339 2.144
16 39 4.464 1.179
16 40 2.74 0.214
16 41 0.691 2.073
16 42 1.366 1.754
16 43 3.975 2.098
16 44 1.629 1.172
16 45 5.566 1.433
16 46 3.635 0.61
16 47 1.988 1.96
16 48 3.196 1.715
16 49 3.032 1.143
17 18 0.119 0.999
17 19 7.483 2.195
17 20 6.866 1.613
17 21 2.645 2.164
17 22 6.388 0.747
17 23 6.216 1.529
17 24 5.699 0.228
17 25 2.758 1.967
17 26 0.527 1.995
17 27 6.919 1.097
17 28 5.852 2.112
17 29 4.194 1.477
17 30 2.301 1.512
17 31 2.081 1.681
17 32 3.464 0.15
17 33 7.464 1.388
17 34 3.892 0.584
17 35 0.15 0.504
17 36 7.328 1.436
17 37 3.981 0.76
17 38 1.161 0.942
17 39 8.431 0.155
17 40 1.617 0.993
17 41 2.008 1.742
17 42 6.547 1.222
17 43 0.649 1.186
17 44 6.264 1.666
17 45 3.687 0.136
17 46 3.405 0.938
17 47 1.899 0.123
17 48 0.863 0.05
17 49 3.295 0.391
18 19 2.697 0.203
18 20 0.579 1.466
18 21 3.993 1.172
18 22 3.691 1.104
18 23 7.017 1.431
18 24 1.807 0.184
18 25 2.352 0.542
18 26 3.538 0.593
18 27 6.178 0.325
18 28 4.491 0.906
18 29 0.363 1.662
18 30 4.161 0.223
18 31 4.136 0.207
18 32 3.606 0.442
18 33 0.556 1.149
18 34 3.249 0.201
18 35 5.306 1.745
18 36 7.234 0.345
18 37 2.113 1.201
18 38 1.494 1.135
18 39 4.91 0.823
18 40 5.785 1.566
18 41 4.388 1.617
18 42 6.889 0.634
18 43 0.979 0.124
18 44 0.308 0.396
18 45 6.57 0.719
18 46 6.806 1.973
18 47 6.506 0.056
18 48 6.849 1.569
18 49 0.022 0.157
19 20 0.524 1.142
19 21 2.574 1.395
19 22 13.322 1.003
19 23 12.661 1.225
19 24 5.385 0.493
19 25 4.884 1.444
19 26 1.021 2.043
19 27 2.516 2.049
19 28 4.363 1.396
19 29 3.21 0.861
19 30 2.07 1.834
19 31 4.381 0.944
19 32 0.319 0.139
19 33 2.322 1.669
19 34 0.811 1.942
19 35 6.722 1.746
19 36 4.579 1.648
19 37 4.53 1.63
19 38 2.153 0.031
19 39 3.458 0.784
19 40 4.289 0.381
19 41 2.299 0.275
19 42 7.214 0.948
19 43 1.66 0.358
19 44 5.621 0.25
19 45 0.699 1.097
19 46 3.593 1.328
19 47 1.102 0.558
19 48 1.649 0.66
19 49 3.933 1.06
20 21 4.336 0.88
20 22 6.364 1.404
20 23 5.332 0.469
20 24 4.17 1.572
20 25 17.292 1.568
20 26 7.096 0.704
20 27 6.493 0.327
20 28 1.483 1.439
20 29 2.438 0.267
20 30 7.376 0.387
20 31 6.116 1.791
20 32 2.211 2.024
20 33 6.349 2.012
20 34 3.344 1.134
20 35 1.302 1.501
20 36 6.205 0.584
20 37 2.849 0.234
20 38 5.529 1.193
20 39 1.737 0.535
20 40 1.18 2.039
20 41 3.944 1.821
20 42 4.374 0.429
20 43 2.359 1.838
20 44 3.463 1.385
20 45 1.394 0.875
20 46 3.75 0.6
20 47 2.954 1.394
20 48 4.727 0.457
20 49 1.525 2.185
21 22 4.104 1.455
21 23 7.162 1.853
21 24 0.026 0.028
21 25 6.714 1.586
21 26 0.819 0.133
21 27 5.323 1.083
21 28 0.66 0.88
21 29 5.067 1.918
21 30 3.911 1.906
21 31 4.417 1.466
21 32 6.759 0.635
21 33 2.165 0.077
21 34 1.745 0.285
21 35 6.351 0.724
21 36 4.758 0.824
21 37 1.928 1.698
21 38 2.243 0.733
21 39 2.912 1.711
21 40 6.041 1.172
21 41 0.397 0.557
21 42 4.001 0.054
21 43 1.391 1.616
21 44 7.428 2.025
21 45 5.272 0.482
21 46 0.574 0.069
21 47 5.176 0.462
21 48 5.816 0.397
21 49 7.086 2.186
22 23 1.25 0.298
22 24 4.639 2.154
22 25 6.885 1.823
22 26 3.94 0.273
22 27 2.179 1.229
22 28 6.959 1.02
22 29 2.445 1.383
22 30 4.558 1.2
22 31 4.975 1.152
22 32 7.095 1.099
22 33 0.552 0.216
22 34 0.527 0.31
22 35 3.591 0.786
22 36 6.751 0.751
22 37 5.606 0.326
22 38 1.064 0.959
22 39 5.916 1.701
22 40 1.623 0.283
22 41 3.655 1.864
22 42 5.493 0.802
22 43 4.547 1.718
22 44 3.38 1.296
22 45 2.455 1.185
22 46 7.463 0.69
22 47 7.385 1.52
22 48 7.423 0.193
22 49 3.387 0.186
23 24 2.459 0.546
23 25 2.483 1.133
23 26 3.615 1.907
23 27 7.44 0.394
23 28 4.514 0.451
23 29 7.127 1.844
23 30 3.106 1.178
23 31 6.15 0.537
23 32 2.76 1.738
23 33 0.148 1.084
23 34 0.939 1.164
23 35 5.667 1.836
23 36 1.991 1.284
23 37 1.602 0.133
23 38 4.686 2.204
23 39 1.57 1.356
23 40 3.54 0.139
23 41 6.637 1.575
23 42 2.04 1.288
23 43 4.513 1.814
23 44 3.993 2.169
23 45 2.242 0.874
23 46 5.693 1.303
23 47 0.056 0.127
23 48 5.496 1.6
23 49 6.495 1.942
24 25 1.508 0.97
24 26 7.12 0.658
24 27 6.762 0.077
24 28 3.585 0.703
24 29 3.574 0.561
24 30 7.354 0.607
24 31 0.142 1.327
24 32 7.276 2.186
24 33 6.829 1.174
24 34 1.026 0.115
24 35 6.389 1.422
24 36 3.246 0.994
24 37 6.674 1.821
24 38 4.408 1.863
24 39 2.664 0.95
24 40 1.744 2.159
24 41 0.392 0.303
24 42 1.917 0.271
24 43 3.506 1.129
24 44 0.239 0.355
24 45 0.39 1.996
24 46 4.159 0.292
24 47 0.58 1.421
24 48 5.35 0.796
24 49 6.2 0.158
25 26 2.959 1.101
25 27 0.286 0.881
25 28 6.483 0.431
25 29 5.854 0.483
25 30 3.964 1.472
25 31 1.874 1.034
25 32 4.451 1.407
25 33 3.909 0.554
25 34 0.725 0.932
25 35 6.669 1.639
25 36 0.611 1.443
25 37 0.69 0.78
25 38 0.998 0.88
25 39 0.713 1.17
25 40 6.248 1.562
25 41 1.685 0.473
25 42 6.679 0.819
25 43 4.785 1.293
25 44 4.377 1.803
25 45 4.675 1.669
25 46 6.85 1.601
25 47 4.109 0.776
25 48 2.888 1.746
25 49 7.377 0.5
26 27 0.84 1.315
26 28 0.306 0.084
26 29 5.002 1.537
26 30 4.865 1.733
26 31 6.607 1.667
26 32 4.992 2.161
26 33 2.525 1.947
26 34 1.102 0.163
26 35 1.281 0.222
26 36 1.42 0.384
26 37 4.871 2.041
26 38 3.646 1.148
26 39 5.962 1.988
26 40 0.109 0.883
26 41 6.118 1.518
26 42 3.394 0.503
26 43 0.991 0.406
26 44 2.593 1.035
26 45 5.565 0.657
26 46 2.147 0.468
26 47 7.256 1.218
26 48 5.485 0.112
26 49 2.126 1.029
27 28 2.801 0.328
27 29 7.195 1.458
27 30 3.112 0.221
27 31 2.644 1.555
27 32 2.968 1.863
27 33 0.879 0.094
27 34 7.031 0.59
27 35 5.212 0.223
27 36 0.284 1.033
27 37 2.137 0.677
27 38 5.577 1.595
27 39 2.68 1.812
27 40 5.297 0.233
27 41 3.317 1.464
27 42 2.154 0.148
27 43 3.29 1.794
27 44 1.148 0.03
27 45 1.863 0.01
27 46 5.669 1.347
27 47 1.205 0.037
27 48 3.085 0.097
27 49 3.54 1.821
28 29 2.935 0.867
28 30 6.638 1.924
28 31 4.962 1.323
28 32 0.431 0.749
28 33 0.501 0.026
28 34 4.495 0.395
28 35 0.359 0.185
28 36 5.384 0.635
28 37 3.182 1.769
28 38 0.271 1.017
28 39 0.696 0.233
28 40 5.139 1.063
28 41 6.873 0.717
28 42 1.173 0.065
28 43 6.085 1.966
28 44 0.585 0.026
28 45 0.44 0.018
28 46 7.218 1.229
28 47 0.25 0.005
28 48 6.463 1.528
28 49 3.894 0.543
29 30 1.693 0.138
29 31 1.933 1.344
29 32 2.362 2.089
29 33 1.396 2.133
29 34 3.571 2.167
29 35 8.558 2.774
29 36 5.371 0.845
29 37 4.944 1.312
29 38 5.596 1.201
29 39 3.883 1.309
29 40 1.18 1.612
29 41 8.617 0.776
29 42 1.684 2.106
29 43 7.402 1.614
29 44 5.153 0.069
29 45 3.247 1.721
29 46 5.928 0.836
29 47 6.961 0.801
29 48 4.398 0.138
29 49 1.275 0.664
30 31 2.083 0.806
30 32 2.279 0.051
30 33 6.453 1.493
30 34 1.311 0.255
30 35 7.461 0.476
30 36 1.184 1.916
30 37 5.357 1.325
30 38 1.258 0.82
30 39 2.669 0.159
30 40 4.806 1.289
30 41 2.801 0.016
30 42 3.284 1.493
30 43 1.388 0.004
30 44 6.329 2.194
30 45 2.394 0.304
30 46 4.211 1.79
30 47 6.342 0.134
30 48 5.196 0.674
30 49 1.542 0.054
31 32 7.06 0.918
31 33 0.451 1.792
31 34 0.462 2.065
31 35 0.738 0.454
31 36 0.271 0.743
31 37 4.29 1.42
31 38 5.399 0.102
31 39 0.089 1.593
31 40 3.109 0.079
31 41 3.675 0.36
31 42 6.388 1.653
31 43 0.76 1.293
31 44 5.924 0.174
31 45 7.46 1.184
31 46 4.751 1.695
31 47 4.541 2.048
31 48 31.846 2.884
31 49 5.3 1.669
32 33 6.445 0.909
32 34 1.212 0.409
32 35 1.089 0.763
32 36 4.296 0.292
32 37 1.384 1.263
32 38 6.424 2.114
32 39 7.415 2.138
32 40 5.471 0.367
32 41 2.836 0.686
32 42 3.903 1.061
32 43 1.448 0.033
32 44 4.275 0.935
32 45 3.127 0.916
32 46 0.588 0.563
32 47 4.018 1.812
32 48 2.426 1.572
32 49 0.07 0.038
33 34 6.188 1.431
33 35 7.261 1.724
33 36 1.919 0.106
33 37 6.29 1.985
33 38 3.774 0.76
33 39 7.328 0.453
33 40 6.388 1.416
33 41 2.858 2.014
33 42 0.404 0.003
33 43 5.9 2.199
33 44 0.177 0.007
33 45 0.161 0.001
33 46 0.395 0.304
33 47 0.13 0.005
33 48 0.1 0.113
33 49 2.191 0.823
34 35 0.955 0.744
34 36 3.405 0.41
34 37 4.234 0.556
34 38 2.458 1.879
34 39 2.43 1.812
34 40 0.248 1.438
34 41 2.245 1.474
34 42 5.728 0.963
34 43 0.945 0.745
34 44 6.064 1.729
34 45 2.363 0.101
34 46 0.825 1.894
34 47 6.197 1.738
34 48 5.689 0.677
34 49 2.829 1.356
35 36 6.066 1.953
35 37 0.941 1.374
35 38 5.849 0.176
35 39 0.749 1.395
35 40 5.858 1.26
35 41 8.786 0.096
35 42 0.165 0.777
35 43 1.467 0.437
35 44 4.361 1.43
35 45 2.031 0.268
35 46 3.121 1.702
35 47 5.266 1.087
35 48 1.279 1.85
35 49 5.719 0.95
36 37 0.836 0.977
36 38 5.57 0.979
36 39 4.264 0.521
36 40 0.439 0.397
36 41 2.143 0.519
36 42 6.793 1.312
36 43 2.627 0.046
36 44 5.863 0.348
36 45 7.027 1.292
36 46 1.602 0.102
36 47 2.113 1.157
36 48 4.606 0.506
36 49 0.654 1.686
37 38 1.819 0.866
37 39 6.36 1.376
37 40 8.761 0.178
37 41 1.645 0.764
37 42 3.787 0.281
37 43 2.057 1.601
37 44 4.059 1.66
37 45 4.743 0.402
37 46 0.494 0.77
37 47 0.673 0.407
37 48 3.276 0.15
37 49 0.612 0.674
38 39 5.981 1.726
38 40 6.915 1.343
38 41 20.891 0.591
38 42 1.054 0.929
38 43 5.85 1.628
38 44 3.8 1.483
38 45 3.959 1.278
38 46 1.695 1.43
38 47 5.846 0.004
38 48 4.488 0.202
38 49 0.305 0.203
39 40 3.156 1.136
39 41 3.701 1.404
39 42 1.588 1.669
39 43 1.182 0.431
39 44 5.49 1.149
39 45 0.778 1.497
39 46 4.593 0.385
39 47 6.19 1.41
39 48 0.487 2.19
39 49 0.427 1.686
40 41 4.379 0.317
40 42 5.304 1.584
40 43 6.291 1.323
40 44 3.593 1.395
40 45 5.394 0.383
40 46 6.482 0.376
40 47 4.541 0.244
40 48 0.597 1.935
40 49 5.966 1.749
41 42 3.094 1.57
41 43 1.7 1.389
41 44 3.393 1.347
41 45 0.293 0.38
41 46 0.986 1.221
41 47 2.44 0.455
41 48 1.089 0.427
41 49 1.23 1.644
42 43 3.273 1.552
42 44 0.119 0.003
42 45 0.022 0.002
42 46 3.983 1.863
42 47 0.027 0.001
42 48 7.056 0.382
42 49 7.288 0.121
43 44 1.245 1.768
43 45 0.388 0.448
43 46 7.391 0.847
43 47 0.09 1.339
43 48 3.107 1.292
43 49 3.275 0.121
44 45 0.071 0.003
44 46 1.345 1.052
44 47 0.048 0.003
44 48 1.149 1.799
44 49 2.705 2.058
45 46 4.438 2.124
45 47 0.19 0.003
45 48 7.326 2.204
45 49 0.197 1.881
46 47 3.98 0.443
46 48 6.624 1.823
46 49 3.463 0.406
47 48 3.241 0.755
47 49 1.141 1.862
48 49 5.312 1.017