50
99.0
0 1 0.273 3.475
0 2 0.053 4.323
0 3 0.346 0.208
0 4 0.024 3.551
0 5 0.261 1.795
0 6 0.084 1.688
0 7 0.268 1.405
0 8 0.174 2.658
0 9 0.328 2.029
0 10 0.301 2.936
0 11 0.058 2.756
0 12 0.285 0.028
0 13 0.282 1.352
0 14 0.172 2.013
0 15 0.322 2.084
0 16 0.314 3.474
0 17 0.291 0.113
0 18 0.278 0.102
0 19 0.016 1.933
0 20 0.31 1.928
0 21 0.102 3.472
0 22 0.255 0.058
0 23 0.275 1.491
0 24 0.08 0.248
0 25 0.353 2.075
0 26 0.247 2.724
0 27 0.191 1.895
0 28 0.278 1.783
0 29 0.33 1.371
0 30 0.297 2.617
0 31 0.448 0.026
0 32 0.563 0.101
0 33 0.134 3.708
0 34 0.164 0.273
0 35 0.351 0.185
0 36 0.061 2.428
0 37 0.294 2.596
0 38 0.28 2.473
0 39 0.287 1.945
0 40 0.331 3.758
0 41 0.057 0.323
0 42 0.215 0.334
0 43 0.245 1.984
0 44 0.109 3.614
0 45 0.22 3.596
0 46 0.293 1.825
0 47 0.311 0.289
0 48 0.112 2.002
0 49 0.279 1.39
1 2 0.18 0.35
1 3 0.022 0.248
1 4 0.179 2.729
1 5 0.021 0.205
1 6 0.085 0.279
1 7 0.014 3.483
1 8 0.209 0.016
1 9 0.211 0.342
1 10 0.304 2.956
1 11 0.107 3.02
1 12 0.004 0.302
1 13 0.023 3.429
1 14 0.195 0.264
1 15 0.135 0.106
1 16 0.397 0.294
1 17 0.31 0.342
1 18 0.226 0.265
1 19 0.209 0.085
1 20 0.105 0.081
1 21 0.205 0.191
1 22 0.353 0.061
1 23 0.22 3.455
1 24 0.121 3.264
1 25 0.186 0.289
1 26 0.242 0.252
1 27 0.121 0.307
1 28 0.292 0.175
1 29 0.045 3.686
1 30 0.101 2.689
1 31 0.231 0.28
1 32 0.332 0.154
1 33 0.008 0.147
1 34 0.168 3.219
1 35 0.074 0.229
1 36 0.094 2.982
1 37 0.247 0.06
1 38 0.229 0.043
1 39 0.215 0.212
1 40 0.072 0.061
1 41 0.351 0.327
1 42 0.057 3.269
1 43 0.307 2.894
1 44 0.315 0.325
1 45 0.35 0.345
1 46 0.089 0.252
1 47 0.025 3.25
1 48 0.021 0.207
1 49 0.183 3.672
2 3 0.315 0.124
2 4 0.087 5.155
2 5 0.179 1.956
2 6 0.141 1.836
2 7 0.274 3.575
2 8 0.146 2.856
2 9 0.215 1.875
2 10 0.285 4.643
2 11 0.289 4.596
2 12 0.048 0.059
2 13 0.011 3.52
2 14 0.14 1.993
2 15 0.083 1.912
2 16 0.271 0.337
2 17 0.034 0.214
2 18 0.28 0.173
2 19 0.291 2.108
2 20 0.072 1.841
2 21 0.131 3.6
2 22 0.328 0.128
2 23 0.295 3.609
2 24 0.234 4.117
2 25 0.176 1.901
2 26 0.082 2.535
2 27 0.166 1.977
2 28 0.085 1.866
2 29 0.239 3.616
2 30 0.011 4.819
2 31 0.345 0.738
2 32 0.202 0.964
2 33 0.308 3.658
2 34 0.337 3.905
2 35 0.326 0.065
2 36 0.238 4.754
2 37 0.055 2.525
2 38 0.325 2.842
2 39 0.244 1.812
2 40 0.281 3.716
2 41 0.242 0.182
2 42 0.169 3.929
2 43 0.224 4.768
2 44 0.02 0.109
2 45 0.147 3.522
2 46 0.016 1.742
2 47 0.302 3.92
2 48 0.107 1.801
2 49 0.09 3.471
3 4 0.329 0.22
3 5 0.042 0.142
3 6 0.244 0.032
3 7 0.151 0.321
3 8 0.001 0.121
3 9 0.092 0.313
3 10 0.034 0.245
3 11 0.349 0.176
3 12 0.262 0.196
3 13 0.074 0.108
3 14 0.186 0.007
3 15 0.262 0.21
3 16 0.222 0.161
3 17 0.047 0.126
3 18 0.092 0.185
3 19 0.261 0.244
3 20 0.26 0.302
3 21 0.169 0.236
3 22 0.225 0.288
3 23 0.323 0.121
3 24 0.254 0.068
3 25 0.059 0.03
3 26 0.153 0.211
3 27 0.167 0.15
3 28 0.343 0.343
3 29 0.332 0.322
3 30 0.298 0.144
3 31 0.177 0.27
3 32 0.137 0.322
3 33 0.027 0.22
3 34 0.342 0.175
3 35 0.247 0.223
3 36 0.047 0.215
3 37 0.01 0.269
3 38 0.325 0.08
3 39 0.081 0.256
3 40 0.008 0.33
3 41 0.077 0.329
3 42 0.282 0.27
3 43 0.231 0.143
3 44 0.155 0.168
3 45 0.004 0.056
3 46 0.031 0.336
3 47 0.031 0.113
3 48 0.317 0.11
3 49 0.231 0.102
4 5 0.169 1.85
4 6 0.086 1.769
4 7 0.222 2.581
4 8 1.473 0.009
4 9 0.012 1.794
4 10 0.35 4.04
4 11 0.178 3.989
4 12 0.195 0.075
4 13 0.023 2.72
4 14 0.193 1.943
4 15 0.112 2.097
4 16 0.297 2.667
4 17 0.01 0.138
4 18 0.078 0.114
4 19 0.162 1.916
4 20 0.182 1.941
4 21 0.079 3.567
4 22 0.25 0.117
4 23 0.32 2.736
4 24 0.065 3.299
4 25 0.159 2.075
4 26 0.629 0.287
4 27 0.268 1.869
4 28 0.143 1.82
4 29 0.075 2.581
4 30 0.069 4.005
4 31 0.244 1.088
4 32 0.04 0.989
4 33 0.057 3.807
4 34 0.135 3.143
4 35 0.068 0.097
4 36 0.123 3.913
4 37 0.419 0.029
4 38 0.284 0.324
4 39 0.33 1.771
4 40 0.276 3.621
4 41 0.346 0.028
4 42 0.324 3.327
4 43 0.106 4.12
4 44 0.163 4.58
4 45 0.127 3.599
4 46 0.109 1.8
4 47 0.228 3.234
4 48 0.052 1.899
4 49 0.305 2.602
5 6 0.282 0.199
5 7 0.057 2.04
5 8 0.309 0.051
5 9 0.077 0.323
5 10 0.057 0.142
5 11 0.238 1.597
5 12 0.186 0.139
5 13 0.342 1.844
5 14 0.262 0.251
5 15 0.224 0.315
5 16 0.349 0.116
5 17 0.184 0.018
5 18 0.247 0.097
5 19 0.207 0.022
5 20 0.078 0.008
5 21 0.181 0.131
5 22 0.196 0.151
5 23 0.324 2.029
5 24 0.052 1.64
5 25 0.339 0.098
5 26 0.104 0.151
5 27 0.304 0.065
5 28 0.13 0.182
5 29 0.075 1.955
5 30 0.217 1.433
5 31 0.227 0.112
5 32 0.331 0.253
5 33 0.29 0.014
5 34 0.079 1.63
5 35 0.163 0.108
5 36 0.148 1.692
5 37 0.26 0.21
5 38 0.184 0.318
5 39 0.201 0.042
5 40 0.154 0.307
5 41 0.051 0.179
5 42 0.013 1.622
5 43 0.168 1.654
5 44 0.32 1.365
5 45 0.047 0.044
5 46 0.109 0.195
5 47 0.317 1.69
5 48 0.224 0.328
5 49 0.139 1.915
6 7 0.348 1.852
6 8 0.019 0.324
6 9 0.098 0.179
6 10 0.293 1.854
6 11 0.048 0.28
6 12 0.342 0.339
6 13 0.195 1.828
6 14 0.312 0.228
6 15 0.206 0.274
6 16 0.034 0.223
6 17 0.241 0.22
6 18 0.201 0.055
6 19 0.128 0.055
6 20 0.167 0.26
6 21 0.026 0.047
6 22 0.033 0.315
6 23 0.192 1.682
6 24 0.022 1.592
6 25 0.073 0.199
6 26 0.223 0.178
6 27 0.048 0.26
6 28 0.028 0.329
6 29 0.251 1.818
6 30 0.096 1.404
6 31 0.061 0.026
6 32 0.065 0.035
6 33 0.03 0.013
6 34 0.237 1.733
6 35 0.143 0.115
6 36 0.309 0.181
6 37 0.258 0.234
6 38 0.147 0.049
6 39 0.302 0.046
6 40 0.343 0.104
6 41 0.301 0.287
6 42 0.091 1.519
6 43 0.196 1.144
6 44 0.176 0.559
6 45 0.143 0.077
6 46 0.237 0.266
6 47 0.319 1.623
6 48 0.193 0.092
6 49 0.186 1.861
7 8 0.02 2.567
7 9 0.117 1.961
7 10 0.151 1.858
7 11 0.323 1.907
7 12 0.231 0.074
7 13 0.163 0.064
7 14 0.14 1.89
7 15 0.322 2.088
7 16 0.238 3.522
7 17 0.099 0.152
7 18 0.196 0.062
7 19 0.013 1.986
7 20 0.142 1.734
7 21 0.31 3.765
7 22 0.132 0.08
7 23 0.017 0.321
7 24 0.017 1.35
7 25 0.028 2.031
7 26 0.055 2.68
7 27 0.022 1.713
7 28 0.274 1.816
7 29 0.0 0.296
7 30 0.211 1.925
7 31 0.014 1.433
7 32 0.304 1.352
7 33 0.174 3.678
7 34 0.157 1.566
7 35 0.182 0.333
7 36 0.209 1.715
7 37 0.121 2.902
7 38 0.186 2.614
7 39 0.099 1.97
7 40 0.021 3.618
7 41 0.112 0.236
7 42 0.19 1.492
7 43 0.341 1.984
7 44 0.061 3.503
7 45 0.255 3.555
7 46 0.329 1.872
7 47 0.213 1.434
7 48 0.027 1.97
7 49 0.225 0.103
8 9 0.307 0.131
8 10 0.116 2.328
8 11 0.131 2.101
8 12 0.276 0.142
8 13 0.25 2.539
8 14 0.072 0.279
8 15 0.128 0.296
8 16 0.211 0.109
8 17 0.043 0.134
8 18 0.271 0.319
8 19 0.06 0.342
8 20 0.237 0.138
8 21 0.084 0.196
8 22 0.159 0.338
8 23 0.078 2.687
8 24 0.216 2.476
8 25 0.037 0.317
8 26 0.418 0.336
8 27 0.332 0.022
8 28 0.084 0.215
8 29 0.124 2.483
8 30 0.206 2.092
8 31 0.079 0.284
8 32 0.271 0.267
8 33 0.022 0.338
8 34 0.292 2.437
8 35 0.34 0.242
8 36 0.169 2.29
8 37 0.535 0.088
8 38 0.39 0.104
8 39 0.136 0.204
8 40 0.189 0.218
8 41 0.341 0.327
8 42 0.151 2.332
8 43 0.158 2.145
8 44 0.223 2.017
8 45 0.048 0.17
8 46 0.233 0.241
8 47 0.27 2.483
8 48 0.144 0.024
8 49 0.128 2.711
9 10 0.154 2.057
9 11 0.229 2.176
9 12 0.041 0.079
9 13 0.174 2.019
9 14 0.326 0.336
9 15 0.353 0.153
9 16 0.26 0.054
9 17 0.059 0.034
9 18 0.27 0.187
9 19 0.17 0.169
9 20 0.058 0.042
9 21 0.242 0.346
9 22 0.336 0.212
9 23 0.345 1.928
9 24 0.074 1.921
9 25 0.094 0.198
9 26 0.058 0.15
9 27 0.206 0.197
9 28 0.12 0.242
9 29 0.242 1.953
9 30 0.099 0.072
9 31 0.025 0.037
9 32 0.035 0.349
9 33 0.287 0.312
9 34 0.125 1.963
9 35 0.294 0.049
9 36 0.013 1.787
9 37 0.155 0.281
9 38 0.299 0.275
9 39 0.234 0.073
9 40 0.0 0.003
9 41 0.291 0.285
9 42 0.119 2.031
9 43 0.051 0.016
9 44 0.2 0.93
9 45 0.134 0.002
9 46 0.24 0.147
9 47 0.331 1.923
9 48 0.125 0.175
9 49 0.243 1.836
10 11 0.166 3.293
10 12 0.043 0.257
10 13 0.207 1.988
10 14 0.163 0.191
10 15 0.321 1.988
10 16 0.23 2.891
10 17 0.083 0.113
10 18 0.264 0.172
10 19 0.078 2.086
10 20 0.302 1.705
10 21 0.049 3.668
10 22 0.059 0.277
10 23 0.046 1.89
10 24 0.22 2.707
10 25 0.011 1.819
10 26 0.021 2.097
10 27 0.186 0.093
10 28 0.321 1.959
10 29 0.338 1.831
10 30 0.138 3.414
10 31 0.04 1.073
10 32 0.342 1.072
10 33 0.177 3.607
10 34 0.262 2.648
10 35 0.218 0.268
10 36 0.079 3.04
10 37 0.015 2.195
10 38 0.251 2.148
10 39 0.169 1.828
10 40 0.072 3.707
10 41 0.087 0.226
10 42 0.128 2.891
10 43 0.151 3.304
10 44 0.274 4.198
10 45 0.002 3.615
10 46 0.141 0.223
10 47 0.144 2.602
10 48 0.351 0.342
10 49 0.008 1.904
11 12 0.044 0.189
11 13 0.184 1.831
11 14 0.311 1.398
11 15 0.022 2.068
11 16 0.232 2.79
11 17 0.212 0.055
11 18 0.204 0.02
11 19 0.104 1.975
11 20 0.174 0.32
11 21 0.231 3.532
11 22 0.147 0.141
11 23 0.086 1.833
11 24 0.215 2.521
11 25 0.282 1.838
11 26 0.053 2.301
11 27 0.166 1.571
11 28 0.127 0.153
11 29 0.051 1.889
11 30 0.337 3.234
11 31 0.084 1.005
11 32 0.29 1.072
11 33 0.333 3.602
11 34 0.014 2.723
11 35 0.152 0.207
11 36 0.049 0.025
11 37 0.256 2.17
11 38 0.141 2.221
11 39 0.305 0.199
11 40 0.201 3.749
11 41 0.339 0.054
11 42 0.311 2.629
11 43 0.226 2.953
11 44 0.111 3.618
11 45 0.02 3.698
11 46 0.214 1.516
11 47 0.099 2.539
11 48 0.021 1.604
11 49 0.229 1.857
12 13 0.284 0.268
12 14 0.213 0.301
12 15 0.196 0.077
12 16 0.197 0.03
12 17 0.337 0.256
12 18 0.053 0.06
12 19 0.091 0.033
12 20 0.206 0.342
12 21 0.206 0.293
12 22 0.31 0.268
12 23 0.33 0.159
12 24 0.01 0.173
12 25 0.105 0.064
12 26 0.177 0.172
12 27 0.215 0.162
12 28 0.186 0.144
12 29 0.233 0.35
12 30 0.328 0.214
12 31 0.332 0.353
12 32 0.337 0.068
12 33 0.157 0.077
12 34 0.269 0.121
12 35 0.145 0.099
12 36 0.114 0.264
12 37 0.248 0.115
12 38 0.021 0.15
12 39 0.23 0.185
12 40 0.279 0.262
12 41 0.28 0.204
12 42 0.177 0.253
12 43 0.298 0.252
12 44 0.285 0.189
12 45 0.244 0.046
12 46 0.352 0.089
12 47 0.299 0.0
12 48 0.253 0.165
12 49 0.099 0.224
13 14 0.169 1.812
13 15 0.029 2.006
13 16 0.132 3.591
13 17 0.179 0.348
13 18 0.048 0.321
13 19 0.047 2.041
13 20 0.027 1.768
13 21 0.122 3.795
13 22 0.276 0.017
13 23 0.22 0.33
13 24 0.251 1.379
13 25 0.2 1.997
13 26 0.032 2.71
13 27 0.273 1.836
13 28 0.111 1.945
13 29 0.05 0.253
13 30 0.046 2.007
13 31 0.015 1.442
13 32 0.139 1.454
13 33 0.085 3.513
13 34 0.351 1.284
13 35 0.006 0.295
13 36 0.347 1.965
13 37 0.036 2.595
13 38 0.308 2.594
13 39 0.066 1.775
13 40 0.162 3.63
13 41 0.308 0.053
13 42 0.193 1.506
13 43 0.299 1.902
13 44 0.023 3.565
13 45 0.18 3.674
13 46 0.017 1.978
13 47 0.175 1.526
13 48 0.054 1.948
13 49 0.22 0.299
14 15 0.194 0.125
14 16 0.089 0.058
14 17 0.315 0.283
14 18 0.071 0.002
14 19 0.21 0.254
14 20 0.108 0.13
14 21 0.096 0.14
14 22 0.211 0.31
14 23 0.248 1.819
14 24 0.036 1.841
14 25 0.135 0.106
14 26 0.13 0.298
14 27 0.155 0.186
14 28 0.282 0.165
14 29 0.348 1.778
14 30 0.095 1.551
14 31 0.209 0.144
14 32 0.143 0.217
14 33 0.329 0.084
14 34 0.035 1.794
14 35 0.116 0.316
14 36 0.271 1.444
14 37 0.34 0.1
14 38 0.298 0.043
14 39 0.003 0.025
14 40 0.276 0.348
14 41 0.017 0.143
14 42 0.144 1.739
14 43 0.214 1.674
14 44 0.039 1.46
14 45 0.056 0.277
14 46 0.036 0.025
14 47 0.026 1.746
14 48 0.232 0.156
14 49 0.346 1.785
15 16 0.053 0.175
15 17 0.162 0.024
15 18 0.105 0.192
15 19 0.104 0.034
15 20 0.324 0.26
15 21 0.14 0.262
15 22 0.203 0.348
15 23 0.291 2.048
15 24 0.185 2.043
15 25 0.309 0.141
15 26 0.138 0.141
15 27 0.185 0.02
15 28 0.229 0.183
15 29 0.047 2.12
15 30 0.134 0.102
15 31 0.062 0.123
15 32 0.125 0.059
15 33 0.252 0.327
15 34 0.315 1.778
15 35 0.282 0.131
15 36 0.15 1.613
15 37 0.301 0.101
15 38 0.058 0.118
15 39 0.123 0.004
15 40 0.159 0.251
15 41 0.176 0.277
15 42 0.351 1.732
15 43 0.077 0.015
15 44 0.147 0.905
15 45 0.158 0.024
15 46 0.256 0.163
15 47 0.056 1.771
15 48 0.028 0.17
15 49 0.001 1.948
16 17 0.311 0.328
16 18 0.226 0.118
16 19 0.06 0.318
16 20 0.199 0.208
16 21 0.329 0.082
16 22 0.03 0.175
16 23 0.121 3.655
16 24 0.069 3.232
16 25 0.142 0.305
16 26 0.322 0.304
16 27 0.107 0.097
16 28 0.312 0.193
16 29 0.349 3.346
16 30 0.266 2.965
16 31 0.002 0.265
16 32 0.347 0.154
16 33 0.246 0.172
16 34 0.173 3.475
16 35 0.067 0.106
16 36 0.321 2.911
16 37 0.246 0.059
16 38 0.065 0.319
16 39 0.249 0.105
16 40 0.066 0.219
16 41 0.207 0.349
16 42 0.104 3.228
16 43 0.032 2.813
16 44 0.161 0.232
16 45 0.113 0.226
16 46 0.122 0.124
16 47 0.085 3.273
16 48 0.319 0.191
16 49 0.006 3.564
17 18 0.017 0.077
17 19 0.076 0.098
17 20 0.24 0.346
17 21 0.171 0.247
17 22 0.322 0.061
17 23 0.208 0.074
17 24 0.22 0.107
17 25 0.325 0.277
17 26 0.02 0.286
17 27 0.196 0.2
17 28 0.047 0.17
17 29 0.306 0.33
17 30 0.072 0.146
17 31 0.283 0.116
17 32 0.077 0.347
17 33 0.022 0.201
17 34 0.23 0.34
17 35 0.198 0.069
17 36 0.35 0.245
17 37 0.126 0.028
17 38 0.298 0.175
17 39 0.282 0.172
17 40 0.087 0.063
17 41 0.047 0.285
17 42 0.259 0.147
17 43 0.215 0.126
17 44 0.073 0.285
17 45 0.231 0.245
17 46 0.316 0.005
17 47 0.071 0.129
17 48 0.181 0.127
17 49 0.249 0.003
18 19 0.247 0.284
18 20 0.242 0.068
18 21 0.212 0.163
18 22 0.085 0.225
18 23 0.032 0.134
18 24 0.008 0.171
18 25 0.338 0.139
18 26 0.116 0.246
18 27 0.116 0.193
18 28 0.218 0.187
18 29 0.216 0.226
18 30 0.274 0.13
18 31 0.2 0.121
18 32 0.126 0.336
18 33 0.204 0.263
18 34 0.196 0.08
18 35 0.222 0.236
18 36 0.229 0.018
18 37 0.197 0.301
18 38 0.192 0.092
18 39 0.202 0.335
18 40 0.041 0.072
18 41 0.085 0.314
18 42 0.022 0.199
18 43 0.108 0.002
18 44 0.178 0.286
18 45 0.284 0.302
18 46 0.299 0.262
18 47 0.025 0.346
18 48 0.097 0.351
18 49 0.333 0.17
19 20 0.068 0.232
19 21 0.231 0.324
19 22 0.316 0.19
19 23 0.053 1.932
19 24 0.172 2.007
19 25 0.186 0.157
19 26 0.1 0.269
19 27 0.28 0.177
19 28 0.158 0.31
19 29 0.169 1.943
19 30 0.312 0.059
19 31 0.228 0.064
19 32 0.03 0.306
19 33 0.297 0.292
19 34 0.283 1.789
19 35 0.033 0.252
19 36 0.071 1.653
19 37 0.29 0.223
19 38 0.006 0.103
19 39 0.144 0.101
19 40 0.29 0.087
19 41 0.094 0.054
19 42 0.01 1.93
19 43 0.078 0.322
19 44 0.082 0.802
19 45 0.277 0.11
19 46 0.054 0.002
19 47 0.281 1.717
19 48 0.286 0.248
19 49 0.096 1.906
20 21 0.149 0.156
20 22 0.092 0.102
20 23 0.127 1.875
20 24 0.145 1.807
20 25 0.037 0.314
20 26 0.084 0.051
20 27 0.029 0.218
20 28 0.146 0.048
20 29 0.216 1.636
20 30 0.004 1.561
20 31 0.238 0.217
20 32 0.228 0.078
20 33 0.189 0.048
20 34 0.193 1.619
20 35 0.069 0.353
20 36 0.257 0.345
20 37 0.035 0.017
20 38 0.053 0.022
20 39 0.12 0.314
20 40 0.004 0.221
20 41 0.053 0.053
20 42 0.13 1.59
20 43 0.256 1.265
20 44 0.085 0.74
20 45 0.277 0.05
20 46 0.105 0.182
20 47 0.261 1.532
20 48 0.074 0.336
20 49 0.332 1.901
21 22 0.346 0.018
21 23 0.02 3.707
21 24 0.066 3.832
21 25 0.103 0.27
21 26 0.13 0.154
21 27 0.243 0.129
21 28 0.193 0.042
21 29 0.118 3.612
21 30 0.254 3.745
21 31 0.005 0.053
21 32 0.006 0.241
21 33 0.347 0.045
21 34 0.175 3.837
21 35 0.155 0.348
21 36 0.103 3.778
21 37 0.035 0.105
21 38 0.303 0.352
21 39 0.011 0.085
21 40 0.177 0.198
21 41 0.2 0.092
21 42 0.348 3.579
21 43 0.151 3.683
21 44 0.181 3.648
21 45 0.156 0.188
21 46 0.261 0.325
21 47 0.03 3.639
21 48 0.273 0.303
21 49 0.305 3.72
22 23 0.168 0.33
22 24 0.178 0.154
22 25 0.141 0.123
22 26 0.265 0.347
22 27 0.31 0.158
22 28 0.29 0.283
22 29 0.166 0.032
22 30 0.219 0.123
22 31 0.013 0.07
22 32 0.094 0.102
22 33 0.263 0.097
22 34 0.262 0.075
22 35 0.293 0.12
22 36 0.267 0.009
22 37 0.269 0.263
22 38 0.181 0.2
22 39 0.202 0.246
22 40 0.319 0.026
22 41 0.101 0.008
22 42 0.222 0.066
22 43 0.309 0.142
22 44 0.241 0.007
22 45 0.167 0.01
22 46 0.132 0.136
22 47 0.063 0.227
22 48 0.126 0.013
22 49 0.169 0.042
23 24 0.017 1.439
23 25 0.208 2.004
23 26 0.046 2.586
23 27 0.326 2.037
23 28 0.275 1.935
23 29 0.166 0.259
23 30 0.24 1.911
23 31 0.115 1.315
23 32 0.109 1.517
23 33 0.342 3.527
23 34 0.236 1.503
23 35 0.105 0.19
23 36 0.351 1.793
23 37 0.326 2.596
23 38 0.279 2.748
23 39 0.049 1.877
23 40 0.272 3.782
23 41 0.298 0.241
23 42 0.025 1.426
23 43 0.173 2.16
23 44 0.351 3.339
23 45 0.198 3.618
23 46 0.32 1.795
23 47 0.068 1.258
23 48 0.307 1.856
23 49 0.124 0.068
24 25 0.224 2.099
24 26 0.294 2.397
24 27 0.024 1.606
24 28 0.313 1.629
24 29 0.284 1.367
24 30 0.129 2.624
24 31 0.637 0.154
24 32 0.488 0.333
24 33 0.023 3.642
24 34 0.162 0.023
24 35 0.018 0.035
24 36 0.202 2.272
24 37 0.205 2.394
24 38 0.033 2.495
24 39 0.105 1.519
24 40 0.153 3.598
24 41 0.013 0.217
24 42 0.006 0.015
24 43 0.338 1.962
24 44 0.193 3.248
24 45 0.035 3.554
24 46 0.212 1.568
24 47 0.046 0.038
24 48 0.092 1.833
24 49 0.246 1.392
25 26 0.063 0.105
25 27 0.258 0.147
25 28 0.171 0.3
25 29 0.193 1.885
25 30 0.22 0.268
25 31 0.13 0.047
25 32 0.012 0.295
25 33 0.329 0.217
25 34 0.224 1.787
25 35 0.203 0.206
25 36 0.291 1.74
25 37 0.27 0.242
25 38 0.023 0.061
25 39 0.349 0.067
25 40 0.171 0.233
25 41 0.065 0.032
25 42 0.219 1.842
25 43 0.257 0.312
25 44 0.236 0.798
25 45 0.129 0.312
25 46 0.0 0.31
25 47 0.164 1.76
25 48 0.039 0.259
25 49 0.338 2.078
26 27 0.185 0.015
26 28 0.122 0.31
26 29 0.102 2.731
26 30 0.011 2.251
26 31 0.165 0.106
26 32 0.047 0.099
26 33 0.27 0.264
26 34 0.018 2.555
26 35 0.065 0.3
26 36 0.036 2.392
26 37 0.426 0.063
26 38 0.374 0.287
26 39 0.311 0.178
26 40 0.299 0.211
26 41 0.229 0.284
26 42 0.254 2.568
26 43 0.207 2.273
26 44 0.26 1.928
26 45 0.263 0.131
26 46 0.337 0.223
26 47 0.112 2.473
26 48 0.22 0.074
26 49 0.131 2.568
27 28 0.036 0.245
27 29 0.296 1.971
27 30 0.285 1.655
27 31 0.271 0.139
27 32 0.129 0.304
27 33 0.008 0.084
27 34 0.25 1.888
27 35 0.318 0.167
27 36 0.34 1.561
27 37 0.145 0.098
27 38 0.05 0.118
27 39 0.278 0.25
27 40 0.191 0.195
27 41 0.333 0.225
27 42 0.33 1.668
27 43 0.254 1.458
27 44 0.177 1.271
27 45 0.022 0.141
27 46 0.013 0.168
27 47 0.332 1.688
27 48 0.282 0.171
27 49 0.073 1.811
28 29 0.239 1.921
28 30 0.28 1.44
28 31 0.27 0.3
28 32 0.187 0.322
28 33 0.295 0.216
28 34 0.327 1.423
28 35 0.221 0.011
28 36 0.271 0.148
28 37 0.255 0.097
28 38 0.094 0.044
28 39 0.022 0.165
28 40 0.121 0.255
28 41 0.31 0.013
28 42 0.003 1.494
28 43 0.125 1.257
28 44 0.28 0.727
28 45 0.348 0.326
28 46 0.105 0.235
28 47 0.084 1.542
28 48 0.194 0.318
28 49 0.196 1.642
29 30 0.235 2.04
29 31 0.041 1.399
29 32 0.347 1.577
29 33 0.026 3.585
29 34 0.238 1.312
29 35 0.295 0.233
29 36 0.281 1.887
29 37 0.232 2.785
29 38 0.31 2.649
29 39 0.084 1.843
29 40 0.282 3.593
29 41 0.158 0.303
29 42 0.343 1.416
29 43 0.209 1.967
29 44 0.305 3.41
29 45 0.269 3.819
29 46 0.224 1.826
29 47 0.084 1.566
29 48 0.258 2.053
29 49 0.233 0.122
30 31 0.011 0.789
30 32 0.302 0.894
30 33 0.227 3.676
30 34 0.283 2.547
30 35 0.051 0.071
30 36 0.321 3.186
30 37 0.105 2.31
30 38 0.331 2.169
30 39 0.058 1.419
30 40 0.211 3.584
30 41 0.137 0.045
30 42 0.343 2.454
30 43 0.293 0.245
30 44 0.227 3.613
30 45 0.146 3.609
30 46 0.029 1.442
30 47 0.19 2.504
30 48 0.174 1.517
30 49 0.145 2.074
31 32 0.554 0.143
31 33 0.125 0.002
31 34 0.296 0.205
31 35 0.151 0.341
31 36 0.229 0.571
31 37 0.113 0.32
31 38 0.094 0.041
31 39 0.332 0.207
31 40 0.312 0.149
31 41 0.022 0.196
31 42 0.166 0.239
31 43 0.172 0.2
31 44 0.298 0.329
31 45 0.043 0.156
31 46 0.253 0.155
31 47 0.145 0.311
31 48 0.26 0.01
31 49 0.022 1.522
32 33 0.118 0.174
32 34 0.037 0.104
32 35 0.251 0.269
32 36 0.22 0.592
32 37 0.026 0.221
32 38 0.059 0.234
32 39 0.056 0.082
32 40 0.052 0.004
32 41 0.003 0.04
32 42 0.287 0.352
32 43 0.098 0.264
32 44 0.17 0.104
32 45 0.318 0.347
32 46 0.043 0.119
32 47 0.1 0.16
32 48 0.114 0.34
32 49 0.204 1.359
33 34 0.209 3.613
33 35 0.287 0.183
33 36 0.317 3.595
33 37 0.288 0.295
33 38 0.067 0.192
33 39 0.146 0.234
33 40 0.253 0.309
33 41 0.126 0.315
33 42 0.015 3.73
33 43 0.295 3.699
33 44 0.254 3.614
33 45 0.142 0.294
33 46 0.052 0.301
33 47 0.269 3.51
33 48 0.073 0.072
33 49 0.005 3.625
34 35 0.041 0.059
34 36 0.277 2.195
34 37 0.134 2.559
34 38 0.276 2.304
34 39 0.135 1.567
34 40 0.279 3.602
34 41 0.299 0.01
34 42 0.072 0.159
34 43 0.271 2.058
34 44 0.244 3.308
34 45 0.285 3.599
34 46 0.029 1.592
34 47 0.228 0.017
34 48 0.339 1.634
34 49 0.296 1.362
35 36 0.012 0.188
35 37 0.21 0.18
35 38 0.138 0.294
35 39 0.113 0.336
35 40 0.209 0.153
35 41 0.057 0.164
35 42 0.307 0.239
35 43 0.025 0.048
35 44 0.345 0.32
35 45 0.129 0.119
35 46 0.112 0.29
35 47 0.164 0.133
35 48 0.069 0.155
35 49 0.239 0.156
36 37 0.226 2.097
36 38 0.034 2.157
36 39 0.134 0.179
36 40 0.058 3.75
36 41 0.268 0.311
36 42 0.114 1.872
36 43 0.02 2.519
36 44 0.065 3.41
36 45 0.265 3.516
36 46 0.057 1.566
36 47 0.145 1.966
36 48 0.073 1.7
36 49 0.311 1.915
37 38 0.361 0.059
37 39 0.06 0.279
37 40 0.119 0.21
37 41 0.182 0.013
37 42 0.225 2.526
37 43 0.165 2.222
37 44 0.055 2.126
37 45 0.122 0.299
37 46 0.257 0.098
37 47 0.301 2.482
37 48 0.162 0.29
37 49 0.118 2.716
38 39 0.263 0.09
38 40 0.061 0.345
38 41 0.299 0.208
38 42 0.095 2.294
38 43 0.124 2.128
38 44 0.228 1.909
38 45 0.216 0.27
38 46 0.079 0.262
38 47 0.24 2.477
38 48 0.138 0.112
38 49 0.303 2.704
39 40 0.074 0.023
39 41 0.084 0.022
39 42 0.32 1.587
39 43 0.313 1.153
39 44 0.224 0.841
39 45 0.091 0.206
39 46 0.057 0.267
39 47 0.109 1.535
39 48 0.252 0.087
39 49 0.122 1.824
40 41 0.248 0.013
40 42 0.023 3.75
40 43 0.058 3.685
40 44 0.236 3.651
40 45 0.289 0.209
40 46 0.028 0.306
40 47 0.1 3.725
40 48 0.045 0.249
40 49 0.312 3.493
41 42 0.122 0.154
41 43 0.247 0.109
41 44 0.072 0.321
41 45 0.058 0.283
41 46 0.102 0.079
41 47 0.226 0.14
41 48 0.287 0.03
41 49 0.004 0.024
42 43 0.255 1.929
42 44 0.334 3.402
42 45 0.32 3.636
42 46 0.103 1.638
42 47 0.273 0.116
42 48 0.235 1.621
42 49 0.163 1.535
43 44 0.297 3.747
43 45 0.149 3.42
43 46 0.185 1.413
43 47 0.228 2.024
43 48 0.016 1.536
43 49 0.342 2.09
44 45 0.289 3.533
44 46 0.035 1.245
44 47 0.206 3.324
44 48 0.209 1.265
44 49 0.06 3.455
45 46 0.133 0.067
45 47 0.194 3.712
45 48 0.033 0.039
45 49 0.161 3.745
46 47 0.171 1.679
46 48 0.305 0.178
46 49 0.29 1.894
47 48 0.231 1.795
47 49 0.277 1.381
48 49 0.341 1.937
