50
50.001
0 1 2 2
0 2 1.278 1.278
0 3 1.037 1.037
0 4 1.778 1.778
0 5 1.717 1.717
0 6 1.174 1.174
0 7 1.393 1.393
0 8 1.105 1.105
0 9 1.669 1.669
0 10 1.077 1.077
0 11 1.589 1.589
0 12 1.483 1.483
0 13 1.085 1.085
0 14 1.205 1.205
0 15 1.608 1.608
0 16 1.464 1.464
0 17 1.266 1.266
0 18 1.833 1.833
0 19 1.822 1.822
0 20 1.901 1.901
0 21 1.593 1.593
0 22 1.17 1.17
0 23 1.751 1.751
0 24 1.159 1.159
0 25 1.272 1.272
0 26 1.691 1.691
0 27 1.202 1.202
0 28 1.114 1.114
0 29 1.125 1.125
0 30 1.385 1.385
0 31 1.058 1.058
0 32 1.213 1.213
0 33 1.033 1.033
0 34 1.57 1.57
0 35 1.901 1.901
0 36 1.961 1.961
0 37 1.137 1.137
0 38 1.967 1.967
0 39 1.964 1.964
0 40 1.524 1.524
0 41 1.421 1.421
0 42 1.264 1.264
0 43 1.137 1.137
0 44 1.929 1.929
0 45 1.113 1.113
0 46 1.677 1.677
0 47 1.678 1.678
0 48 1.354 1.354
0 49 1.677 1.677
1 2 1.622 1.622
1 3 1.665 1.665
1 4 1.433 1.433
1 5 1.79 1.79
1 6 1.53 1.53
1 7 1.525 1.525
1 8 1.835 1.835
1 9 1.85 1.85
1 10 1.387 1.387
1 11 1.414 1.414
1 12 1.016 1.016
1 13 1.431 1.431
1 14 1.427 1.427
1 15 1.507 1.507
1 16 1.143 1.143
1 17 1.735 1.735
1 18 1.924 1.924
1 19 1.113 1.113
1 20 1.518 1.518
1 21 1.809 1.809
1 22 1.397 1.397
1 23 1.79 1.79
1 24 1.174 1.174
1 25 1.58 1.58
1 26 1.699 1.699
1 27 1.342 1.342
1 28 1.48 1.48
1 29 1.175 1.175
1 30 1.232 1.232
1 31 1.12 1.12
1 32 1.894 1.894
1 33 1.663 1.663
1 34 1.317 1.317
1 35 1.963 1.963
1 36 1.473 1.473
1 37 1.978 1.978
1 38 1.418 1.418
1 39 1.496 1.496
1 40 1.662 1.662
1 41 1.468 1.468
1 42 1.566 1.566
1 43 1.824 1.824
1 44 1.537 1.537
1 45 1.681 1.681
1 46 1.486 1.486
1 47 1.36 1.36
1 48 1.131 1.131
1 49 1.66 1.66
2 3 2 2
2 4 1.253 1.253
2 5 1.07 1.07
2 6 1.253 1.253
2 7 1.765 1.765
2 8 1.055 1.055
2 9 1.029 1.029
2 10 1.38 1.38
2 11 1.087 1.087
2 12 1.356 1.356
2 13 1.729 1.729
2 14 1.684 1.684
2 15 1.082 1.082
2 16 1.453 1.453
2 17 1.991 1.991
2 18 1.981 1.981
2 19 1.107 1.107
2 20 1.065 1.065
2 21 1.851 1.851
2 22 1.936 1.936
2 23 1.666 1.666
2 24 1.845 1.845
2 25 1.784 1.784
2 26 1.779 1.779
2 27 1.029 1.029
2 28 1.172 1.172
2 29 1.028 1.028
2 30 1.245 1.245
2 31 1.11 1.11
2 32 1.033 1.033
2 33 1.315 1.315
2 34 1.978 1.978
2 35 1.173 1.173
2 36 1.597 1.597
2 37 1.299 1.299
2 38 1.472 1.472
2 39 1.012 1.012
2 40 1.014 1.014
2 41 1.462 1.462
2 42 1.944 1.944
2 43 1.394 1.394
2 44 1.417 1.417
2 45 1.203 1.203
2 46 1.222 1.222
2 47 1.293 1.293
2 48 1.493 1.493
2 49 1.631 1.631
3 4 1.113 1.113
3 5 1.799 1.799
3 6 1.975 1.975
3 7 1.889 1.889
3 8 1.862 1.862
3 9 1.625 1.625
3 10 1.049 1.049
3 11 1.164 1.164
3 12 1.819 1.819
3 13 1.602 1.602
3 14 1.411 1.411
3 15 1.786 1.786
3 16 1.511 1.511
3 17 1.171 1.171
3 18 1.327 1.327
3 19 1.441 1.441
3 20 1.768 1.768
3 21 1.664 1.664
3 22 1.454 1.454
3 23 1.238 1.238
3 24 1.402 1.402
3 25 1.356 1.356
3 26 1.894 1.894
3 27 1.544 1.544
3 28 1.094 1.094
3 29 1.422 1.422
3 30 1.702 1.702
3 31 1.262 1.262
3 32 1.496 1.496
3 33 1.489 1.489
3 34 1.93 1.93
3 35 1.611 1.611
3 36 1.042 1.042
3 37 1.396 1.396
3 38 1.122 1.122
3 39 1.834 1.834
3 40 1.287 1.287
3 41 1.477 1.477
3 42 1.671 1.671
3 43 1.054 1.054
3 44 1.079 1.079
3 45 1.897 1.897
3 46 1.762 1.762
3 47 1.542 1.542
3 48 1.51 1.51
3 49 1.059 1.059
4 5 2 2
4 6 1.508 1.508
4 7 1.633 1.633
4 8 1.208 1.208
4 9 1.096 1.096
4 10 1.433 1.433
4 11 1.559 1.559
4 12 1.472 1.472
4 13 1.322 1.322
4 14 1.896 1.896
4 15 1.705 1.705
4 16 1.343 1.343
4 17 1.257 1.257
4 18 1.025 1.025
4 19 1.047 1.047
4 20 1.063 1.063
4 21 1.385 1.385
4 22 1.236 1.236
4 23 1.404 1.404
4 24 1.446 1.446
4 25 1.969 1.969
4 26 1.036 1.036
4 27 1.002 1.002
4 28 1.511 1.511
4 29 1.763 1.763
4 30 1.97 1.97
4 31 1.2 1.2
4 32 1.289 1.289
4 33 1.439 1.439
4 34 1.697 1.697
4 35 1.591 1.591
4 36 1.655 1.655
4 37 1.599 1.599
4 38 1.178 1.178
4 39 1.184 1.184
4 40 1.707 1.707
4 41 1.408 1.408
4 42 1.576 1.576
4 43 1.91 1.91
4 44 1.511 1.511
4 45 1.279 1.279
4 46 1.194 1.194
4 47 1.455 1.455
4 48 1.37 1.37
4 49 1.982 1.982
5 6 1.047 1.047
5 7 1.44 1.44
5 8 1.447 1.447
5 9 1.394 1.394
5 10 1.892 1.892
5 11 1.476 1.476
5 12 1.76 1.76
5 13 1.431 1.431
5 14 1.274 1.274
5 15 1.746 1.746
5 16 1.905 1.905
5 17 1.987 1.987
5 18 1.594 1.594
5 19 1.323 1.323
5 20 1.335 1.335
5 21 1.993 1.993
5 22 1.65 1.65
5 23 1.739 1.739
5 24 1.36 1.36
5 25 1.869 1.869
5 26 1.838 1.838
5 27 1.091 1.091
5 28 1.934 1.934
5 29 1.025 1.025
5 30 1.333 1.333
5 31 1.616 1.616
5 32 1.647 1.647
5 33 1.859 1.859
5 34 1.013 1.013
5 35 1.193 1.193
5 36 1.516 1.516
5 37 1.559 1.559
5 38 1.276 1.276
5 39 1.112 1.112
5 40 1.415 1.415
5 41 1.443 1.443
5 42 1.538 1.538
5 43 1.863 1.863
5 44 1.879 1.879
5 45 1.086 1.086
5 46 1.511 1.511
5 47 1.534 1.534
5 48 1.711 1.711
5 49 1.044 1.044
6 7 2 2
6 8 1.323 1.323
6 9 1.834 1.834
6 10 1.012 1.012
6 11 1.25 1.25
6 12 1.333 1.333
6 13 1.113 1.113
6 14 1.767 1.767
6 15 1.978 1.978
6 16 1.021 1.021
6 17 1.917 1.917
6 18 1.172 1.172
6 19 1.427 1.427
6 20 1.89 1.89
6 21 1.919 1.919
6 22 1.655 1.655
6 23 1.581 1.581
6 24 1.319 1.319
6 25 1.479 1.479
6 26 1.028 1.028
6 27 1.929 1.929
6 28 1.543 1.543
6 29 1.676 1.676
6 30 1.923 1.923
6 31 1.975 1.975
6 32 1.483 1.483
6 33 1.591 1.591
6 34 1.385 1.385
6 35 1.05 1.05
6 36 1.16 1.16
6 37 1.47 1.47
6 38 1.29 1.29
6 39 1.396 1.396
6 40 1.286 1.286
6 41 1.228 1.228
6 42 1.914 1.914
6 43 1.992 1.992
6 44 1.71 1.71
6 45 1.624 1.624
6 46 1.857 1.857
6 47 1.354 1.354
6 48 1.176 1.176
6 49 1.09 1.09
7 8 1.131 1.131
7 9 1.749 1.749
7 10 1.263 1.263
7 11 1.797 1.797
7 12 1.949 1.949
7 13 1.615 1.615
7 14 1.439 1.439
7 15 1.863 1.863
7 16 1.663 1.663
7 17 1.363 1.363
7 18 1.083 1.083
7 19 1.848 1.848
7 20 1.527 1.527
7 21 1.691 1.691
7 22 1.101 1.101
7 23 1.604 1.604
7 24 1.38 1.38
7 25 1.384 1.384
7 26 1.087 1.087
7 27 1.448 1.448
7 28 1.343 1.343
7 29 1.996 1.996
7 30 1.166 1.166
7 31 1.16 1.16
7 32 1.262 1.262
7 33 1.678 1.678
7 34 1.475 1.475
7 35 1.866 1.866
7 36 1.895 1.895
7 37 1.926 1.926
7 38 1.827 1.827
7 39 1.36 1.36
7 40 1.127 1.127
7 41 1.905 1.905
7 42 1.665 1.665
7 43 1.688 1.688
7 44 1.16 1.16
7 45 1.018 1.018
7 46 1.406 1.406
7 47 1.162 1.162
7 48 1.144 1.144
7 49 1.05 1.05
8 9 2 2
8 10 1.264 1.264
8 11 1.576 1.576
8 12 1.043 1.043
8 13 1.711 1.711
8 14 1.783 1.783
8 15 1.821 1.821
8 16 1.008 1.008
8 17 1.888 1.888
8 18 1.28 1.28
8 19 1.507 1.507
8 20 1.663 1.663
8 21 1.319 1.319
8 22 1.675 1.675
8 23 1.175 1.175
8 24 1.885 1.885
8 25 1.299 1.299
8 26 1.572 1.572
8 27 1.351 1.351
8 28 1.674 1.674
8 29 1.453 1.453
8 30 1.958 1.958
8 31 1.836 1.836
8 32 1.45 1.45
8 33 1.366 1.366
8 34 1.868 1.868
8 35 1.511 1.511
8 36 1.188 1.188
8 37 1.888 1.888
8 38 1.973 1.973
8 39 1.839 1.839
8 40 1.248 1.248
8 41 1.33 1.33
8 42 1.595 1.595
8 43 1.436 1.436
8 44 1.251 1.251
8 45 1.11 1.11
8 46 1.487 1.487
8 47 1.31 1.31
8 48 1.258 1.258
8 49 1.676 1.676
9 10 1.772 1.772
9 11 1.139 1.139
9 12 1.432 1.432
9 13 1.789 1.789
9 14 1.102 1.102
9 15 1.751 1.751
9 16 1.689 1.689
9 17 1.79 1.79
9 18 1.134 1.134
9 19 1.607 1.607
9 20 1.422 1.422
9 21 1.353 1.353
9 22 1.896 1.896
9 23 1.064 1.064
9 24 1.59 1.59
9 25 1.949 1.949
9 26 1.649 1.649
9 27 1.411 1.411
9 28 1.64 1.64
9 29 1.027 1.027
9 30 1.346 1.346
9 31 1.083 1.083
9 32 1.294 1.294
9 33 1.753 1.753
9 34 1.841 1.841
9 35 1.27 1.27
9 36 1.294 1.294
9 37 1.365 1.365
9 38 1.521 1.521
9 39 1.325 1.325
9 40 1.858 1.858
9 41 1.93 1.93
9 42 1.312 1.312
9 43 1.674 1.674
9 44 1.555 1.555
9 45 1.064 1.064
9 46 1.074 1.074
9 47 1.709 1.709
9 48 1.546 1.546
9 49 1.778 1.778
10 11 2 2
10 12 1.663 1.663
10 13 1.472 1.472
10 14 1.66 1.66
10 15 1.848 1.848
10 16 1.973 1.973
10 17 1.113 1.113
10 18 1.268 1.268
10 19 1.58 1.58
10 20 1.931 1.931
10 21 1.68 1.68
10 22 1.121 1.121
10 23 1.939 1.939
10 24 1.228 1.228
10 25 1.933 1.933
10 26 1.321 1.321
10 27 2.0 2.0
10 28 1.087 1.087
10 29 1.593 1.593
10 30 1.102 1.102
10 31 1.801 1.801
10 32 1.286 1.286
10 33 1.34 1.34
10 34 1.811 1.811
10 35 1.026 1.026
10 36 1.16 1.16
10 37 1.947 1.947
10 38 1.382 1.382
10 39 1.858 1.858
10 40 1.823 1.823
10 41 1.265 1.265
10 42 1.267 1.267
10 43 1.458 1.458
10 44 1.046 1.046
10 45 1.424 1.424
10 46 1.71 1.71
10 47 1.401 1.401
10 48 1.737 1.737
10 49 1.001 1.001
11 12 1.886 1.886
11 13 1.869 1.869
11 14 1.2 1.2
11 15 1.869 1.869
11 16 1.657 1.657
11 17 1.862 1.862
11 18 1.698 1.698
11 19 1.878 1.878
11 20 1.406 1.406
11 21 1.032 1.032
11 22 1.539 1.539
11 23 1.13 1.13
11 24 1.982 1.982
11 25 1.013 1.013
11 26 1.659 1.659
11 27 1.298 1.298
11 28 1.947 1.947
11 29 1.506 1.506
11 30 1.857 1.857
11 31 1.656 1.656
11 32 1.488 1.488
11 33 1.73 1.73
11 34 1.3 1.3
11 35 1.613 1.613
11 36 1.083 1.083
11 37 1.12 1.12
11 38 1.402 1.402
11 39 1.191 1.191
11 40 1.108 1.108
11 41 1.548 1.548
11 42 1.55 1.55
11 43 1.16 1.16
11 44 1.386 1.386
11 45 1.422 1.422
11 46 1.622 1.622
11 47 1.687 1.687
11 48 1.656 1.656
11 49 1.178 1.178
12 13 2 2
12 14 1.34 1.34
12 15 1.607 1.607
12 16 1.632 1.632
12 17 1.817 1.817
12 18 1.175 1.175
12 19 1.383 1.383
12 20 1.403 1.403
12 21 1.373 1.373
12 22 1.624 1.624
12 23 1.413 1.413
12 24 1.938 1.938
12 25 1.074 1.074
12 26 1.577 1.577
12 27 1.341 1.341
12 28 1.427 1.427
12 29 1.848 1.848
12 30 1.015 1.015
12 31 1.709 1.709
12 32 1.593 1.593
12 33 1.674 1.674
12 34 1.11 1.11
12 35 1.226 1.226
12 36 1.219 1.219
12 37 1.267 1.267
12 38 1.792 1.792
12 39 1.091 1.091
12 40 1.92 1.92
12 41 1.023 1.023
12 42 1.381 1.381
12 43 1.134 1.134
12 44 1.004 1.004
12 45 1.779 1.779
12 46 1.69 1.69
12 47 1.994 1.994
12 48 1.92 1.92
12 49 1.958 1.958
13 14 1.717 1.717
13 15 1.04 1.04
13 16 1.767 1.767
13 17 1.164 1.164
13 18 1.768 1.768
13 19 1.577 1.577
13 20 1.656 1.656
13 21 1.046 1.046
13 22 1.283 1.283
13 23 1.59 1.59
13 24 1.823 1.823
13 25 1.65 1.65
13 26 1.72 1.72
13 27 1.06 1.06
13 28 1.469 1.469
13 29 1.21 1.21
13 30 1.415 1.415
13 31 1.611 1.611
13 32 1.69 1.69
13 33 1.156 1.156
13 34 1.253 1.253
13 35 1.466 1.466
13 36 1.94 1.94
13 37 1.058 1.058
13 38 1.786 1.786
13 39 1.936 1.936
13 40 1.975 1.975
13 41 1.802 1.802
13 42 1.33 1.33
13 43 1.614 1.614
13 44 1.188 1.188
13 45 1.926 1.926
13 46 1.317 1.317
13 47 1.814 1.814
13 48 1.153 1.153
13 49 1.477 1.477
14 15 2 2
14 16 1.692 1.692
14 17 1.826 1.826
14 18 1.582 1.582
14 19 1.122 1.122
14 20 1.75 1.75
14 21 1.97 1.97
14 22 1.716 1.716
14 23 1.192 1.192
14 24 1.973 1.973
14 25 1.024 1.024
14 26 1.224 1.224
14 27 1.271 1.271
14 28 1.074 1.074
14 29 1.976 1.976
14 30 1.069 1.069
14 31 1.505 1.505
14 32 1.813 1.813
14 33 1.85 1.85
14 34 1.526 1.526
14 35 1.299 1.299
14 36 1.66 1.66
14 37 1.144 1.144
14 38 1.769 1.769
14 39 1.459 1.459
14 40 1.262 1.262
14 41 1.146 1.146
14 42 1.859 1.859
14 43 1.892 1.892
14 44 1.569 1.569
14 45 1.696 1.696
14 46 1.521 1.521
14 47 1.409 1.409
14 48 1.172 1.172
14 49 1.328 1.328
15 16 1.129 1.129
15 17 1.754 1.754
15 18 1.436 1.436
15 19 1.936 1.936
15 20 1.054 1.054
15 21 1.892 1.892
15 22 1.138 1.138
15 23 1.129 1.129
15 24 1.506 1.506
15 25 1.954 1.954
15 26 1.302 1.302
15 27 1.826 1.826
15 28 1.916 1.916
15 29 1.641 1.641
15 30 1.392 1.392
15 31 1.195 1.195
15 32 1.962 1.962
15 33 1.823 1.823
15 34 1.877 1.877
15 35 1.058 1.058
15 36 1.669 1.669
15 37 1.438 1.438
15 38 1.327 1.327
15 39 1.784 1.784
15 40 1.157 1.157
15 41 1.15 1.15
15 42 1.871 1.871
15 43 1.468 1.468
15 44 1.576 1.576
15 45 1.051 1.051
15 46 1.039 1.039
15 47 1.593 1.593
15 48 1.126 1.126
15 49 1.55 1.55
16 17 2 2
16 18 1.684 1.684
16 19 1.391 1.391
16 20 1.125 1.125
16 21 1.763 1.763
16 22 1.196 1.196
16 23 1.542 1.542
16 24 1.163 1.163
16 25 1.079 1.079
16 26 1.2 1.2
16 27 1.985 1.985
16 28 1.398 1.398
16 29 1.663 1.663
16 30 1.002 1.002
16 31 1.276 1.276
16 32 1.117 1.117
16 33 1.275 1.275
16 34 1.536 1.536
16 35 1.477 1.477
16 36 1.282 1.282
16 37 1.145 1.145
16 38 1.557 1.557
16 39 1.5 1.5
16 40 1.033 1.033
16 41 1.777 1.777
16 42 1.185 1.185
16 43 1.634 1.634
16 44 1.475 1.475
16 45 1.052 1.052
16 46 1.928 1.928
16 47 1.894 1.894
16 48 1.501 1.501
16 49 1.16 1.16
17 18 1.49 1.49
17 19 1.042 1.042
17 20 1.985 1.985
17 21 1.793 1.793
17 22 1.716 1.716
17 23 1.868 1.868
17 24 1.8 1.8
17 25 1.461 1.461
17 26 1.193 1.193
17 27 1.31 1.31
17 28 1.725 1.725
17 29 1.435 1.435
17 30 1.111 1.111
17 31 1.215 1.215
17 32 1.162 1.162
17 33 1.33 1.33
17 34 1.294 1.294
17 35 1.886 1.886
17 36 1.452 1.452
17 37 1.616 1.616
17 38 1.367 1.367
17 39 1.155 1.155
17 40 1.947 1.947
17 41 1.528 1.528
17 42 1.618 1.618
17 43 1.184 1.184
17 44 1.532 1.532
17 45 1.782 1.782
17 46 1.055 1.055
17 47 1.226 1.226
17 48 1.194 1.194
17 49 1.145 1.145
18 19 2 2
18 20 1.483 1.483
18 21 1.882 1.882
18 22 1.268 1.268
18 23 1.638 1.638
18 24 1.258 1.258
18 25 1.641 1.641
18 26 1.089 1.089
18 27 1.878 1.878
18 28 1.987 1.987
18 29 1.115 1.115
18 30 1.289 1.289
18 31 1.073 1.073
18 32 1.572 1.572
18 33 1.067 1.067
18 34 1.059 1.059
18 35 1.558 1.558
18 36 1.827 1.827
18 37 1.512 1.512
18 38 1.014 1.014
18 39 1.039 1.039
18 40 1.789 1.789
18 41 1.326 1.326
18 42 1.919 1.919
18 43 1.214 1.214
18 44 1.588 1.588
18 45 1.991 1.991
18 46 1.148 1.148
18 47 1.411 1.411
18 48 1.441 1.441
18 49 1.499 1.499
19 20 1.753 1.753
19 21 1.783 1.783
19 22 1.509 1.509
19 23 1.393 1.393
19 24 1.389 1.389
19 25 1.943 1.943
19 26 1.411 1.411
19 27 1.338 1.338
19 28 1.416 1.416
19 29 1.02 1.02
19 30 1.526 1.526
19 31 1.47 1.47
19 32 1.515 1.515
19 33 1.224 1.224
19 34 1.464 1.464
19 35 1.923 1.923
19 36 1.533 1.533
19 37 1.126 1.126
19 38 1.358 1.358
19 39 1.386 1.386
19 40 1.063 1.063
19 41 1.808 1.808
19 42 1.085 1.085
19 43 1.897 1.897
19 44 1.747 1.747
19 45 1.005 1.005
19 46 1.815 1.815
19 47 1.675 1.675
19 48 1.561 1.561
19 49 1.611 1.611
20 21 2 2
20 22 1.978 1.978
20 23 1.68 1.68
20 24 1.868 1.868
20 25 1.24 1.24
20 26 1.764 1.764
20 27 1.219 1.219
20 28 1.13 1.13
20 29 1.601 1.601
20 30 1.082 1.082
20 31 1.793 1.793
20 32 1.83 1.83
20 33 1.224 1.224
20 34 1.156 1.156
20 35 1.394 1.394
20 36 1.112 1.112
20 37 1.058 1.058
20 38 1.522 1.522
20 39 1.602 1.602
20 40 1.474 1.474
20 41 1.613 1.613
20 42 1.655 1.655
20 43 1.859 1.859
20 44 1.527 1.527
20 45 1.836 1.836
20 46 1.437 1.437
20 47 1.477 1.477
20 48 1.603 1.603
20 49 1.599 1.599
21 22 1.151 1.151
21 23 1.378 1.378
21 24 1.764 1.764
21 25 1.136 1.136
21 26 1.292 1.292
21 27 1.531 1.531
21 28 1.789 1.789
21 29 1.252 1.252
21 30 1.137 1.137
21 31 1.276 1.276
21 32 1.646 1.646
21 33 1.707 1.707
21 34 1.367 1.367
21 35 1.7 1.7
21 36 1.652 1.652
21 37 1.797 1.797
21 38 1.596 1.596
21 39 1.566 1.566
21 40 1.923 1.923
21 41 1.582 1.582
21 42 1.63 1.63
21 43 1.945 1.945
21 44 1.824 1.824
21 45 1.954 1.954
21 46 1.107 1.107
21 47 1.662 1.662
21 48 1.027 1.027
21 49 1.818 1.818
22 23 2 2
22 24 1.203 1.203
22 25 1.25 1.25
22 26 1.589 1.589
22 27 1.274 1.274
22 28 1.715 1.715
22 29 1.672 1.672
22 30 1.534 1.534
22 31 1.212 1.212
22 32 1.637 1.637
22 33 1.116 1.116
22 34 1.676 1.676
22 35 1.002 1.002
22 36 1.158 1.158
22 37 1.249 1.249
22 38 1.818 1.818
22 39 1.637 1.637
22 40 1.505 1.505
22 41 1.33 1.33
22 42 1.585 1.585
22 43 1.046 1.046
22 44 1.634 1.634
22 45 1.69 1.69
22 46 1.928 1.928
22 47 1.988 1.988
22 48 1.831 1.831
22 49 1.301 1.301
23 24 1.455 1.455
23 25 1.36 1.36
23 26 1.303 1.303
23 27 1.484 1.484
23 28 1.641 1.641
23 29 1.751 1.751
23 30 1.016 1.016
23 31 1.579 1.579
23 32 1.967 1.967
23 33 1.327 1.327
23 34 1.185 1.185
23 35 1.953 1.953
23 36 1.887 1.887
23 37 1.387 1.387
23 38 1.238 1.238
23 39 1.979 1.979
23 40 1.549 1.549
23 41 1.604 1.604
23 42 1.457 1.457
23 43 1.53 1.53
23 44 1.674 1.674
23 45 1.543 1.543
23 46 1.381 1.381
23 47 1.033 1.033
23 48 1.297 1.297
23 49 1.187 1.187
24 25 2 2
24 26 1.065 1.065
24 27 1.566 1.566
24 28 1.891 1.891
24 29 1.822 1.822
24 30 1.713 1.713
24 31 1.557 1.557
24 32 1.223 1.223
24 33 1.879 1.879
24 34 1.202 1.202
24 35 1.025 1.025
24 36 1.151 1.151
24 37 1.934 1.934
24 38 1.877 1.877
24 39 1.158 1.158
24 40 1.828 1.828
24 41 1.169 1.169
24 42 1.97 1.97
24 43 1.122 1.122
24 44 1.008 1.008
24 45 1.443 1.443
24 46 1.705 1.705
24 47 1.299 1.299
24 48 1.215 1.215
24 49 1.262 1.262
25 26 1.304 1.304
25 27 1.119 1.119
25 28 1.617 1.617
25 29 1.031 1.031
25 30 1.794 1.794
25 31 1.01 1.01
25 32 1.389 1.389
25 33 1.723 1.723
25 34 1.932 1.932
25 35 1.708 1.708
25 36 1.807 1.807
25 37 1.552 1.552
25 38 1.63 1.63
25 39 1.564 1.564
25 40 1.267 1.267
25 41 1.872 1.872
25 42 1.987 1.987
25 43 1.594 1.594
25 44 1.932 1.932
25 45 1.506 1.506
25 46 1.05 1.05
25 47 1.894 1.894
25 48 1.103 1.103
25 49 1.496 1.496
26 27 2 2
26 28 1.198 1.198
26 29 1.043 1.043
26 30 1.055 1.055
26 31 1.165 1.165
26 32 1.566 1.566
26 33 1.16 1.16
26 34 1.629 1.629
26 35 1.547 1.547
26 36 1.211 1.211
26 37 1.743 1.743
26 38 1.548 1.548
26 39 1.93 1.93
26 40 1.542 1.542
26 41 1.698 1.698
26 42 1.856 1.856
26 43 1.187 1.187
26 44 1.901 1.901
26 45 1.533 1.533
26 46 1.078 1.078
26 47 1.727 1.727
26 48 1.138 1.138
26 49 1.869 1.869
27 28 1.369 1.369
27 29 1.849 1.849
27 30 1.269 1.269
27 31 1.894 1.894
27 32 1.301 1.301
27 33 1.255 1.255
27 34 1.935 1.935
27 35 1.039 1.039
27 36 1.796 1.796
27 37 1.624 1.624
27 38 1.048 1.048
27 39 1.607 1.607
27 40 1.287 1.287
27 41 1.815 1.815
27 42 1.966 1.966
27 43 1.313 1.313
27 44 1.017 1.017
27 45 1.633 1.633
27 46 1.936 1.936
27 47 1.257 1.257
27 48 1.659 1.659
27 49 1.948 1.948
28 29 2 2
28 30 1.948 1.948
28 31 1.66 1.66
28 32 1.379 1.379
28 33 1.5 1.5
28 34 1.826 1.826
28 35 1.334 1.334
28 36 1.657 1.657
28 37 1.869 1.869
28 38 1.079 1.079
28 39 1.638 1.638
28 40 1.533 1.533
28 41 1.603 1.603
28 42 1.639 1.639
28 43 1.726 1.726
28 44 1.379 1.379
28 45 1.357 1.357
28 46 1.308 1.308
28 47 1.633 1.633
28 48 1.115 1.115
28 49 1.935 1.935
29 30 1.408 1.408
29 31 1.942 1.942
29 32 1.499 1.499
29 33 1.987 1.987
29 34 1.583 1.583
29 35 1.819 1.819
29 36 1.594 1.594
29 37 1.524 1.524
29 38 1.957 1.957
29 39 1.482 1.482
29 40 1.567 1.567
29 41 1.391 1.391
29 42 1.083 1.083
29 43 1.4 1.4
29 44 1.396 1.396
29 45 1.251 1.251
29 46 1.579 1.579
29 47 1.779 1.779
29 48 1.497 1.497
29 49 1.612 1.612
30 31 2 2
30 32 1.024 1.024
30 33 1.503 1.503
30 34 1.916 1.916
30 35 1.132 1.132
30 36 1.485 1.485
30 37 1.845 1.845
30 38 1.146 1.146
30 39 1.387 1.387
30 40 1.162 1.162
30 41 1.172 1.172
30 42 1.508 1.508
30 43 1.007 1.007
30 44 1.175 1.175
30 45 1.388 1.388
30 46 1.105 1.105
30 47 1.216 1.216
30 48 1.481 1.481
30 49 1.908 1.908
31 32 1.729 1.729
31 33 1.769 1.769
31 34 1.928 1.928
31 35 1.482 1.482
31 36 1.617 1.617
31 37 1.013 1.013
31 38 1.802 1.802
31 39 1.993 1.993
31 40 1.219 1.219
31 41 1.522 1.522
31 42 1.562 1.562
31 43 1.318 1.318
31 44 1.423 1.423
31 45 1.66 1.66
31 46 1.173 1.173
31 47 1.191 1.191
31 48 1.372 1.372
31 49 1.355 1.355
32 33 2 2
32 34 1.781 1.781
32 35 1.258 1.258
32 36 1.97 1.97
32 37 1.232 1.232
32 38 1.378 1.378
32 39 1.276 1.276
32 40 1.816 1.816
32 41 1.668 1.668
32 42 1.239 1.239
32 43 1.964 1.964
32 44 1.447 1.447
32 45 1.329 1.329
32 46 1.776 1.776
32 47 1.705 1.705
32 48 1.398 1.398
32 49 1.423 1.423
33 34 1.502 1.502
33 35 1.794 1.794
33 36 1.755 1.755
33 37 1.443 1.443
33 38 1.15 1.15
33 39 1.642 1.642
33 40 1.052 1.052
33 41 1.05 1.05
33 42 1.226 1.226
33 43 1.16 1.16
33 44 1.851 1.851
33 45 1.865 1.865
33 46 1.315 1.315
33 47 1.231 1.231
33 48 1.072 1.072
33 49 1.323 1.323
34 35 2 2
34 36 1.565 1.565
34 37 1.24 1.24
34 38 1.599 1.599
34 39 1.888 1.888
34 40 1.71 1.71
34 41 1.141 1.141
34 42 1.577 1.577
34 43 1.446 1.446
34 44 1.001 1.001
34 45 1.0 1.0
34 46 1.41 1.41
34 47 1.596 1.596
34 48 1.936 1.936
34 49 1.63 1.63
35 36 1.522 1.522
35 37 1.221 1.221
35 38 1.856 1.856
35 39 1.156 1.156
35 40 1.224 1.224
35 41 1.688 1.688
35 42 1.424 1.424
35 43 1.277 1.277
35 44 1.007 1.007
35 45 1.765 1.765
35 46 1.79 1.79
35 47 1.46 1.46
35 48 1.447 1.447
35 49 1.132 1.132
36 37 2 2
36 38 1.225 1.225
36 39 1.652 1.652
36 40 1.312 1.312
36 41 1.314 1.314
36 42 1.212 1.212
36 43 1.854 1.854
36 44 1.897 1.897
36 45 1.119 1.119
36 46 1.978 1.978
36 47 1.555 1.555
36 48 1.619 1.619
36 49 1.337 1.337
37 38 1.601 1.601
37 39 1.01 1.01
37 40 1.412 1.412
37 41 1.432 1.432
37 42 1.73 1.73
37 43 1.417 1.417
37 44 1.431 1.431
37 45 1.776 1.776
37 46 1.909 1.909
37 47 1.006 1.006
37 48 1.439 1.439
37 49 1.762 1.762
38 39 2 2
38 40 1.941 1.941
38 41 1.426 1.426
38 42 1.633 1.633
38 43 1.491 1.491
38 44 1.783 1.783
38 45 1.376 1.376
38 46 1.795 1.795
38 47 1.052 1.052
38 48 1.726 1.726
38 49 1.776 1.776
39 40 1.276 1.276
39 41 1.242 1.242
39 42 1.136 1.136
39 43 1.031 1.031
39 44 1.21 1.21
39 45 1.833 1.833
39 46 1.756 1.756
39 47 1.224 1.224
39 48 1.177 1.177
39 49 1.528 1.528
40 41 2 2
40 42 1.178 1.178
40 43 1.179 1.179
40 44 1.314 1.314
40 45 1.599 1.599
40 46 1.49 1.49
40 47 1.059 1.059
40 48 1.495 1.495
40 49 1.269 1.269
41 42 1.935 1.935
41 43 1.383 1.383
41 44 1.042 1.042
41 45 1.408 1.408
41 46 1.791 1.791
41 47 1.203 1.203
41 48 1.491 1.491
41 49 1.463 1.463
42 43 2 2
42 44 1.472 1.472
42 45 1.179 1.179
42 46 1.712 1.712
42 47 1.568 1.568
42 48 1.645 1.645
42 49 1.063 1.063
43 44 1.057 1.057
43 45 1.969 1.969
43 46 1.985 1.985
43 47 1.753 1.753
43 48 1.558 1.558
43 49 1.949 1.949
44 45 2 2
44 46 1.589 1.589
44 47 1.877 1.877
44 48 1.927 1.927
44 49 1.254 1.254
45 46 1.541 1.541
45 47 1.693 1.693
45 48 1.067 1.067
45 49 1.01 1.01
46 47 2 2
46 48 1.456 1.456
46 49 1.519 1.519
47 48 1.375 1.375
47 49 1.027 1.027
48 49 2 2
