50
60
0 1 7 0.532
0 2 7 0.496
0 3 9 0.519
0 4 5 0.543
0 5 6 0.524
0 6 4 0.52
0 7 5 0.501
0 8 10 0.349
0 9 5 0.544
0 10 9 0.544
0 11 3 0.51
0 12 2 0.539
0 13 6 0.518
0 14 2 0.512
0 15 6 0.525
0 16 4 0.543
0 17 8 0.517
0 18 10 0.371
0 19 10 0.348
0 20 9 0.54
0 21 2 0.53
0 22 7 0.53
0 23 1 0.525
0 24 6 0.507
0 25 6 0.53
0 26 2 0.504
0 27 4 0.506
0 28 3 0.535
0 29 8 0.499
0 30 6 0.538
0 31 8 0.5
0 32 9 0.509
0 33 2 0.522
0 34 9 0.505
0 35 9 0.524
0 36 8 0.499
0 37 7 0.51
0 38 4 0.509
0 39 4 0.536
0 40 1 0.525
0 41 5 0.518
0 42 2 0.528
0 43 10 0.351
0 44 3 0.541
0 45 2 0.539
0 46 9 0.529
0 47 9 0.508
0 48 4 0.537
0 49 10 0.389
1 2 7 0.523
1 3 8 0.519
1 4 6 0.499
1 5 2 0.519
1 6 6 0.537
1 7 4 0.495
1 8 5 0.5
1 9 4 0.513
1 10 3 0.511
1 11 1 0.499
1 12 3 0.537
1 13 4 0.497
1 14 9 0.525
1 15 2 0.496
1 16 10 0.376
1 17 2 0.514
1 18 6 0.536
1 19 2 0.496
1 20 10 0.346
1 21 10 0.392
1 22 3 0.53
1 23 8 0.505
1 24 1 0.541
1 25 1 0.522
1 26 2 0.536
1 27 2 0.505
1 28 5 0.512
1 29 3 0.497
1 30 8 0.496
1 31 2 0.529
1 32 7 0.504
1 33 6 0.54
1 34 8 0.536
1 35 3 0.529
1 36 10 0.355
1 37 1 0.534
1 38 3 0.537
1 39 6 0.521
1 40 2 0.524
1 41 8 0.528
1 42 1 0.518
1 43 7 0.539
1 44 9 0.54
1 45 6 0.514
1 46 5 0.502
1 47 1 0.517
1 48 2 0.511
1 49 1 0.522
2 3 3 0.506
2 4 10 0.392
2 5 6 0.525
2 6 6 0.524
2 7 3 0.53
2 8 7 0.532
2 9 2 0.495
2 10 4 0.529
2 11 3 0.506
2 12 8 0.513
2 13 7 0.496
2 14 10 0.388
2 15 7 0.533
2 16 1 0.503
2 17 2 0.507
2 18 3 0.517
2 19 8 0.54
2 20 1 0.539
2 21 8 0.511
2 22 8 0.497
2 23 7 0.504
2 24 2 0.536
2 25 3 0.544
2 26 7 0.542
2 27 7 0.51
2 28 10 0.355
2 29 10 0.38
2 30 1 0.543
2 31 9 0.525
2 32 4 0.5
2 33 4 0.538
2 34 5 0.529
2 35 3 0.499
2 36 7 0.526
2 37 1 0.508
2 38 8 0.534
2 39 2 0.538
2 40 3 0.527
2 41 6 0.5
2 42 3 0.508
2 43 1 0.497
2 44 4 0.528
2 45 10 0.372
2 46 6 0.541
2 47 1 0.537
2 48 8 0.53
2 49 8 0.526
3 4 6 0.538
3 5 3 0.505
3 6 5 0.495
3 7 3 0.508
3 8 6 0.534
3 9 10 0.38
3 10 10 0.361
3 11 1 0.497
3 12 3 0.502
3 13 5 0.512
3 14 9 0.501
3 15 2 0.518
3 16 4 0.541
3 17 5 0.503
3 18 9 0.531
3 19 5 0.515
3 20 6 0.509
3 21 2 0.499
3 22 8 0.518
3 23 6 0.501
3 24 2 0.529
3 25 7 0.496
3 26 6 0.531
3 27 10 0.389
3 28 3 0.526
3 29 7 0.535
3 30 2 0.498
3 31 10 0.349
3 32 4 0.498
3 33 1 0.499
3 34 9 0.52
3 35 8 0.54
3 36 4 0.516
3 37 6 0.505
3 38 5 0.524
3 39 3 0.516
3 40 6 0.5
3 41 1 0.54
3 42 8 0.532
3 43 4 0.5
3 44 10 0.364
3 45 4 0.526
3 46 4 0.526
3 47 2 0.504
3 48 7 0.513
3 49 3 0.5
4 5 8 0.502
4 6 7 0.526
4 7 7 0.538
4 8 8 0.528
4 9 6 0.536
4 10 8 0.526
4 11 4 0.522
4 12 4 0.495
4 13 6 0.535
4 14 10 0.346
4 15 3 0.538
4 16 3 0.537
4 17 5 0.53
4 18 8 0.498
4 19 2 0.52
4 20 1 0.498
4 21 3 0.496
4 22 1 0.532
4 23 8 0.511
4 24 3 0.534
4 25 8 0.543
4 26 9 0.514
4 27 9 0.52
4 28 10 0.373
4 29 10 0.378
4 30 9 0.532
4 31 2 0.532
4 32 4 0.509
4 33 7 0.536
4 34 8 0.537
4 35 7 0.525
4 36 4 0.537
4 37 1 0.527
4 38 1 0.531
4 39 5 0.52
4 40 5 0.511
4 41 8 0.537
4 42 5 0.533
4 43 7 0.535
4 44 1 0.503
4 45 10 0.391
4 46 4 0.509
4 47 6 0.497
4 48 1 0.519
4 49 3 0.519
5 6 2 0.528
5 7 3 0.535
5 8 6 0.515
5 9 8 0.514
5 10 1 0.5
5 11 3 0.495
5 12 3 0.526
5 13 2 0.529
5 14 6 0.504
5 15 8 0.5
5 16 1 0.525
5 17 8 0.525
5 18 6 0.527
5 19 5 0.534
5 20 3 0.542
5 21 7 0.534
5 22 2 0.52
5 23 4 0.496
5 24 7 0.517
5 25 10 0.382
5 26 8 0.512
5 27 2 0.542
5 28 1 0.519
5 29 1 0.542
5 30 4 0.506
5 31 9 0.529
5 32 7 0.52
5 33 2 0.502
5 34 7 0.541
5 35 2 0.515
5 36 2 0.515
5 37 10 0.352
5 38 10 0.392
5 39 10 0.384
5 40 7 0.529
5 41 1 0.519
5 42 6 0.531
5 43 2 0.512
5 44 2 0.512
5 45 1 0.512
5 46 3 0.495
5 47 4 0.535
5 48 2 0.524
5 49 3 0.505
6 7 10 0.355
6 8 2 0.532
6 9 5 0.513
6 10 1 0.541
6 11 4 0.537
6 12 3 0.517
6 13 8 0.512
6 14 5 0.501
6 15 4 0.513
6 16 8 0.542
6 17 5 0.541
6 18 9 0.526
6 19 3 0.524
6 20 2 0.5
6 21 5 0.502
6 22 3 0.542
6 23 10 0.385
6 24 6 0.52
6 25 4 0.532
6 26 5 0.513
6 27 1 0.537
6 28 1 0.514
6 29 2 0.501
6 30 10 0.359
6 31 7 0.531
6 32 3 0.524
6 33 5 0.526
6 34 10 0.349
6 35 8 0.526
6 36 9 0.497
6 37 7 0.495
6 38 6 0.517
6 39 6 0.509
6 40 8 0.499
6 41 3 0.534
6 42 5 0.5
6 43 3 0.534
6 44 8 0.541
6 45 3 0.533
6 46 10 0.366
6 47 4 0.542
6 48 6 0.541
6 49 3 0.512
7 8 2 0.519
7 9 4 0.509
7 10 8 0.525
7 11 1 0.505
7 12 2 0.533
7 13 5 0.522
7 14 3 0.516
7 15 8 0.499
7 16 8 0.532
7 17 4 0.522
7 18 7 0.508
7 19 1 0.5
7 20 1 0.494
7 21 7 0.521
7 22 7 0.517
7 23 10 0.382
7 24 6 0.509
7 25 4 0.524
7 26 1 0.498
7 27 5 0.51
7 28 6 0.5
7 29 4 0.539
7 30 10 0.383
7 31 2 0.515
7 32 5 0.509
7 33 3 0.523
7 34 10 0.376
7 35 9 0.5
7 36 9 0.515
7 37 5 0.509
7 38 6 0.523
7 39 3 0.502
7 40 2 0.514
7 41 8 0.501
7 42 5 0.512
7 43 8 0.532
7 44 4 0.518
7 45 9 0.51
7 46 10 0.377
7 47 1 0.517
7 48 3 0.532
7 49 1 0.539
8 9 4 0.496
8 10 8 0.514
8 11 1 0.537
8 12 2 0.529
8 13 2 0.529
8 14 7 0.495
8 15 1 0.5
8 16 1 0.544
8 17 5 0.531
8 18 10 0.356
8 19 10 0.382
8 20 5 0.504
8 21 7 0.517
8 22 6 0.514
8 23 6 0.516
8 24 7 0.502
8 25 3 0.521
8 26 3 0.505
8 27 3 0.517
8 28 7 0.516
8 29 8 0.514
8 30 4 0.534
8 31 8 0.541
8 32 1 0.54
8 33 1 0.506
8 34 2 0.538
8 35 6 0.497
8 36 3 0.506
8 37 5 0.525
8 38 9 0.532
8 39 6 0.515
8 40 1 0.526
8 41 9 0.528
8 42 9 0.541
8 43 10 0.391
8 44 8 0.519
8 45 8 0.505
8 46 5 0.497
8 47 1 0.503
8 48 1 0.509
8 49 10 0.345
9 10 10 0.348
9 11 7 0.528
9 12 7 0.522
9 13 4 0.517
9 14 6 0.525
9 15 2 0.534
9 16 6 0.521
9 17 6 0.507
9 18 9 0.497
9 19 6 0.498
9 20 9 0.512
9 21 4 0.507
9 22 5 0.51
9 23 7 0.507
9 24 6 0.538
9 25 4 0.497
9 26 9 0.498
9 27 10 0.367
9 28 8 0.497
9 29 7 0.543
9 30 8 0.516
9 31 10 0.349
9 32 4 0.499
9 33 3 0.515
9 34 4 0.516
9 35 2 0.535
9 36 9 0.532
9 37 7 0.496
9 38 3 0.507
9 39 4 0.501
9 40 5 0.541
9 41 6 0.544
9 42 2 0.522
9 43 5 0.525
9 44 10 0.384
9 45 5 0.533
9 46 9 0.525
9 47 9 0.526
9 48 5 0.506
9 49 2 0.525
10 11 2 0.503
10 12 7 0.507
10 13 5 0.538
10 14 1 0.532
10 15 9 0.516
10 16 1 0.501
10 17 5 0.5
10 18 6 0.506
10 19 9 0.527
10 20 4 0.531
10 21 4 0.498
10 22 5 0.528
10 23 4 0.513
10 24 8 0.509
10 25 3 0.501
10 26 1 0.522
10 27 10 0.361
10 28 1 0.535
10 29 7 0.502
10 30 3 0.52
10 31 10 0.348
10 32 4 0.534
10 33 8 0.523
10 34 4 0.506
10 35 3 0.535
10 36 7 0.512
10 37 3 0.526
10 38 2 0.525
10 39 1 0.521
10 40 6 0.519
10 41 5 0.495
10 42 4 0.522
10 43 3 0.527
10 44 10 0.369
10 45 8 0.522
10 46 2 0.507
10 47 7 0.53
10 48 6 0.534
10 49 7 0.542
11 12 4 0.496
11 13 4 0.512
11 14 8 0.528
11 15 4 0.507
11 16 3 0.51
11 17 6 0.523
11 18 1 0.531
11 19 3 0.512
11 20 8 0.526
11 21 1 0.507
11 22 1 0.506
11 23 6 0.498
11 24 10 0.348
11 25 7 0.501
11 26 4 0.517
11 27 3 0.512
11 28 3 0.527
11 29 7 0.514
11 30 7 0.539
11 31 9 0.521
11 32 8 0.532
11 33 10 0.373
11 34 2 0.515
11 35 7 0.503
11 36 9 0.501
11 37 9 0.536
11 38 3 0.498
11 39 4 0.536
11 40 3 0.507
11 41 10 0.346
11 42 10 0.385
11 43 3 0.532
11 44 9 0.503
11 45 2 0.516
11 46 2 0.525
11 47 8 0.53
11 48 1 0.507
11 49 7 0.496
12 13 10 0.391
12 14 1 0.519
12 15 6 0.509
12 16 3 0.517
12 17 10 0.37
12 18 3 0.531
12 19 7 0.511
12 20 8 0.542
12 21 1 0.51
12 22 5 0.522
12 23 1 0.533
12 24 9 0.508
12 25 1 0.517
12 26 2 0.515
12 27 8 0.497
12 28 5 0.531
12 29 1 0.507
12 30 5 0.544
12 31 4 0.533
12 32 10 0.37
12 33 7 0.543
12 34 5 0.505
12 35 6 0.535
12 36 4 0.524
12 37 9 0.529
12 38 6 0.503
12 39 3 0.511
12 40 1 0.524
12 41 1 0.523
12 42 6 0.513
12 43 5 0.511
12 44 7 0.524
12 45 3 0.494
12 46 3 0.523
12 47 8 0.501
12 48 10 0.391
12 49 8 0.54
13 14 5 0.532
13 15 4 0.498
13 16 7 0.508
13 17 10 0.386
13 18 9 0.503
13 19 3 0.523
13 20 9 0.526
13 21 9 0.525
13 22 7 0.508
13 23 5 0.495
13 24 5 0.542
13 25 9 0.521
13 26 6 0.544
13 27 4 0.53
13 28 7 0.534
13 29 1 0.532
13 30 3 0.534
13 31 7 0.512
13 32 10 0.392
13 33 9 0.54
13 34 4 0.539
13 35 6 0.521
13 36 3 0.528
13 37 6 0.526
13 38 8 0.495
13 39 4 0.523
13 40 4 0.508
13 41 7 0.498
13 42 8 0.506
13 43 8 0.538
13 44 2 0.542
13 45 3 0.516
13 46 2 0.541
13 47 7 0.541
13 48 10 0.357
13 49 6 0.525
14 15 2 0.51
14 16 8 0.495
14 17 5 0.505
14 18 7 0.514
14 19 7 0.529
14 20 1 0.524
14 21 6 0.536
14 22 3 0.523
14 23 5 0.511
14 24 1 0.514
14 25 9 0.501
14 26 2 0.523
14 27 6 0.512
14 28 10 0.348
14 29 10 0.38
14 30 9 0.518
14 31 6 0.541
14 32 1 0.51
14 33 3 0.544
14 34 5 0.515
14 35 3 0.524
14 36 7 0.538
14 37 9 0.497
14 38 3 0.539
14 39 8 0.53
14 40 1 0.531
14 41 9 0.497
14 42 9 0.529
14 43 7 0.542
14 44 6 0.534
14 45 10 0.385
14 46 2 0.522
14 47 5 0.505
14 48 5 0.511
14 49 5 0.534
15 16 9 0.541
15 17 3 0.532
15 18 8 0.522
15 19 1 0.526
15 20 3 0.527
15 21 1 0.539
15 22 10 0.36
15 23 2 0.504
15 24 8 0.525
15 25 8 0.521
15 26 10 0.38
15 27 3 0.518
15 28 9 0.497
15 29 2 0.535
15 30 6 0.495
15 31 2 0.5
15 32 6 0.523
15 33 6 0.536
15 34 9 0.513
15 35 10 0.387
15 36 2 0.501
15 37 1 0.504
15 38 3 0.495
15 39 4 0.497
15 40 10 0.377
15 41 5 0.534
15 42 1 0.524
15 43 3 0.512
15 44 2 0.515
15 45 8 0.512
15 46 5 0.528
15 47 10 0.373
15 48 8 0.515
15 49 1 0.517
16 17 5 0.504
16 18 7 0.498
16 19 2 0.501
16 20 10 0.362
16 21 10 0.353
16 22 1 0.511
16 23 9 0.532
16 24 8 0.518
16 25 1 0.521
16 26 7 0.534
16 27 5 0.496
16 28 9 0.499
16 29 2 0.511
16 30 2 0.518
16 31 1 0.502
16 32 9 0.526
16 33 5 0.542
16 34 1 0.513
16 35 3 0.542
16 36 10 0.379
16 37 3 0.503
16 38 3 0.526
16 39 4 0.542
16 40 6 0.542
16 41 8 0.542
16 42 7 0.497
16 43 4 0.526
16 44 6 0.503
16 45 4 0.512
16 46 3 0.538
16 47 8 0.513
16 48 3 0.514
16 49 1 0.503
17 18 1 0.529
17 19 3 0.544
17 20 1 0.496
17 21 6 0.52
17 22 1 0.497
17 23 2 0.523
17 24 3 0.533
17 25 7 0.534
17 26 7 0.516
17 27 6 0.53
17 28 3 0.513
17 29 4 0.521
17 30 2 0.501
17 31 6 0.543
17 32 10 0.366
17 33 7 0.507
17 34 7 0.506
17 35 7 0.506
17 36 8 0.514
17 37 2 0.536
17 38 5 0.539
17 39 6 0.522
17 40 8 0.538
17 41 5 0.496
17 42 6 0.538
17 43 7 0.543
17 44 2 0.521
17 45 1 0.502
17 46 7 0.496
17 47 7 0.531
17 48 10 0.393
17 49 7 0.541
18 19 10 0.38
18 20 8 0.503
18 21 6 0.518
18 22 3 0.524
18 23 5 0.533
18 24 2 0.541
18 25 6 0.502
18 26 6 0.533
18 27 9 0.532
18 28 4 0.538
18 29 5 0.503
18 30 6 0.509
18 31 1 0.509
18 32 7 0.496
18 33 7 0.508
18 34 4 0.512
18 35 3 0.5
18 36 6 0.503
18 37 7 0.523
18 38 8 0.498
18 39 2 0.533
18 40 9 0.531
18 41 3 0.503
18 42 4 0.503
18 43 10 0.346
18 44 3 0.535
18 45 6 0.539
18 46 5 0.53
18 47 6 0.529
18 48 7 0.533
18 49 10 0.358
19 20 3 0.512
19 21 9 0.543
19 22 9 0.529
19 23 7 0.544
19 24 9 0.51
19 25 7 0.512
19 26 8 0.52
19 27 7 0.544
19 28 2 0.529
19 29 3 0.502
19 30 9 0.5
19 31 4 0.524
19 32 9 0.5
19 33 3 0.513
19 34 1 0.495
19 35 6 0.535
19 36 8 0.51
19 37 8 0.513
19 38 5 0.528
19 39 4 0.541
19 40 9 0.522
19 41 2 0.533
19 42 9 0.54
19 43 10 0.353
19 44 3 0.538
19 45 9 0.515
19 46 4 0.516
19 47 7 0.508
19 48 3 0.54
19 49 10 0.353
20 21 10 0.366
20 22 1 0.54
20 23 2 0.527
20 24 7 0.511
20 25 9 0.538
20 26 1 0.518
20 27 2 0.508
20 28 9 0.519
20 29 7 0.518
20 30 3 0.506
20 31 6 0.502
20 32 3 0.517
20 33 2 0.518
20 34 7 0.522
20 35 5 0.519
20 36 10 0.385
20 37 5 0.501
20 38 2 0.501
20 39 1 0.536
20 40 3 0.524
20 41 4 0.495
20 42 7 0.522
20 43 8 0.53
20 44 2 0.541
20 45 9 0.512
20 46 6 0.538
20 47 1 0.507
20 48 8 0.536
20 49 5 0.508
21 22 1 0.519
21 23 9 0.541
21 24 2 0.498
21 25 7 0.506
21 26 6 0.543
21 27 3 0.506
21 28 4 0.532
21 29 8 0.527
21 30 6 0.509
21 31 3 0.536
21 32 2 0.515
21 33 9 0.538
21 34 4 0.527
21 35 6 0.526
21 36 10 0.362
21 37 5 0.512
21 38 7 0.533
21 39 5 0.538
21 40 8 0.54
21 41 2 0.517
21 42 6 0.541
21 43 3 0.541
21 44 6 0.519
21 45 2 0.528
21 46 7 0.518
21 47 8 0.543
21 48 4 0.528
21 49 9 0.51
22 23 4 0.51
22 24 1 0.499
22 25 6 0.514
22 26 10 0.392
22 27 7 0.544
22 28 1 0.515
22 29 5 0.504
22 30 6 0.503
22 31 3 0.534
22 32 6 0.496
22 33 1 0.495
22 34 9 0.495
22 35 10 0.35
22 36 4 0.499
22 37 8 0.504
22 38 1 0.52
22 39 7 0.498
22 40 10 0.353
22 41 4 0.506
22 42 7 0.514
22 43 1 0.516
22 44 7 0.543
22 45 1 0.525
22 46 5 0.496
22 47 10 0.362
22 48 6 0.536
22 49 8 0.526
23 24 9 0.499
23 25 2 0.53
23 26 5 0.496
23 27 3 0.525
23 28 3 0.513
23 29 6 0.505
23 30 10 0.37
23 31 2 0.522
23 32 8 0.501
23 33 8 0.518
23 34 10 0.367
23 35 6 0.501
23 36 5 0.513
23 37 9 0.511
23 38 4 0.517
23 39 6 0.518
23 40 7 0.496
23 41 1 0.522
23 42 8 0.506
23 43 4 0.507
23 44 8 0.501
23 45 8 0.509
23 46 10 0.377
23 47 3 0.543
23 48 9 0.529
23 49 4 0.509
24 25 9 0.526
24 26 2 0.542
24 27 3 0.512
24 28 6 0.538
24 29 3 0.533
24 30 8 0.514
24 31 4 0.515
24 32 4 0.503
24 33 10 0.347
24 34 6 0.539
24 35 9 0.504
24 36 6 0.504
24 37 9 0.53
24 38 7 0.502
24 39 8 0.539
24 40 4 0.524
24 41 10 0.346
24 42 10 0.369
24 43 6 0.522
24 44 4 0.494
24 45 1 0.501
24 46 8 0.538
24 47 4 0.527
24 48 2 0.538
24 49 9 0.516
25 26 5 0.539
25 27 6 0.519
25 28 4 0.503
25 29 9 0.537
25 30 8 0.514
25 31 6 0.537
25 32 8 0.498
25 33 4 0.532
25 34 3 0.542
25 35 7 0.542
25 36 9 0.505
25 37 10 0.363
25 38 10 0.347
25 39 10 0.365
25 40 2 0.537
25 41 7 0.521
25 42 1 0.542
25 43 3 0.521
25 44 8 0.51
25 45 9 0.521
25 46 2 0.525
25 47 8 0.532
25 48 4 0.515
25 49 6 0.51
26 27 1 0.533
26 28 4 0.525
26 29 1 0.524
26 30 9 0.513
26 31 8 0.507
26 32 8 0.508
26 33 4 0.514
26 34 9 0.541
26 35 10 0.356
26 36 5 0.541
26 37 1 0.502
26 38 8 0.498
26 39 9 0.518
26 40 10 0.36
26 41 1 0.5
26 42 3 0.533
26 43 1 0.5
26 44 7 0.507
26 45 5 0.508
26 46 2 0.512
26 47 10 0.363
26 48 4 0.532
26 49 9 0.522
27 28 6 0.52
27 29 1 0.503
27 30 8 0.535
27 31 10 0.376
27 32 5 0.511
27 33 6 0.544
27 34 2 0.525
27 35 7 0.542
27 36 2 0.507
27 37 2 0.52
27 38 3 0.519
27 39 9 0.536
27 40 4 0.512
27 41 9 0.536
27 42 4 0.544
27 43 4 0.514
27 44 10 0.375
27 45 8 0.512
27 46 5 0.53
27 47 6 0.543
27 48 9 0.537
27 49 4 0.518
28 29 10 0.36
28 30 3 0.508
28 31 1 0.499
28 32 6 0.51
28 33 6 0.496
28 34 1 0.509
28 35 2 0.503
28 36 5 0.543
28 37 9 0.522
28 38 8 0.499
28 39 9 0.521
28 40 7 0.501
28 41 8 0.544
28 42 3 0.509
28 43 7 0.528
28 44 5 0.496
28 45 10 0.386
28 46 5 0.498
28 47 6 0.51
28 48 9 0.527
28 49 5 0.497
29 30 4 0.537
29 31 9 0.501
29 32 1 0.534
29 33 7 0.508
29 34 4 0.507
29 35 6 0.54
29 36 9 0.519
29 37 8 0.53
29 38 7 0.513
29 39 9 0.497
29 40 8 0.514
29 41 4 0.498
29 42 2 0.536
29 43 3 0.542
29 44 1 0.539
29 45 10 0.363
29 46 7 0.501
29 47 4 0.519
29 48 5 0.515
29 49 8 0.529
30 31 1 0.503
30 32 9 0.512
30 33 4 0.502
30 34 10 0.384
30 35 3 0.504
30 36 5 0.522
30 37 3 0.506
30 38 7 0.541
30 39 3 0.507
30 40 9 0.501
30 41 3 0.532
30 42 9 0.544
30 43 5 0.534
30 44 1 0.531
30 45 4 0.498
30 46 10 0.353
30 47 9 0.514
30 48 7 0.521
30 49 8 0.5
31 32 2 0.521
31 33 2 0.495
31 34 4 0.532
31 35 8 0.528
31 36 7 0.543
31 37 7 0.507
31 38 2 0.539
31 39 3 0.524
31 40 4 0.537
31 41 1 0.52
31 42 2 0.529
31 43 4 0.517
31 44 10 0.383
31 45 3 0.524
31 46 9 0.509
31 47 3 0.512
31 48 6 0.513
31 49 5 0.52
32 33 5 0.501
32 34 8 0.535
32 35 4 0.525
32 36 6 0.518
32 37 8 0.501
32 38 5 0.541
32 39 6 0.512
32 40 7 0.514
32 41 7 0.529
32 42 9 0.509
32 43 4 0.504
32 44 4 0.508
32 45 3 0.52
32 46 9 0.532
32 47 9 0.533
32 48 10 0.37
32 49 8 0.54
33 34 5 0.516
33 35 8 0.54
33 36 9 0.497
33 37 4 0.543
33 38 8 0.529
33 39 1 0.505
33 40 2 0.537
33 41 10 0.393
33 42 10 0.392
33 43 4 0.541
33 44 3 0.525
33 45 6 0.525
33 46 5 0.495
33 47 1 0.495
33 48 3 0.536
33 49 5 0.543
34 35 4 0.514
34 36 8 0.531
34 37 6 0.499
34 38 7 0.534
34 39 1 0.533
34 40 1 0.524
34 41 5 0.512
34 42 4 0.538
34 43 7 0.504
34 44 3 0.534
34 45 8 0.527
34 46 10 0.375
34 47 9 0.515
34 48 4 0.54
34 49 1 0.516
35 36 1 0.527
35 37 3 0.52
35 38 7 0.51
35 39 4 0.53
35 40 10 0.361
35 41 3 0.51
35 42 5 0.519
35 43 8 0.525
35 44 6 0.508
35 45 2 0.517
35 46 3 0.539
35 47 10 0.37
35 48 9 0.53
35 49 8 0.516
36 37 3 0.525
36 38 7 0.533
36 39 2 0.524
36 40 2 0.536
36 41 8 0.509
36 42 2 0.529
36 43 7 0.508
36 44 2 0.526
36 45 9 0.536
36 46 2 0.495
36 47 1 0.543
36 48 3 0.539
36 49 7 0.514
37 38 10 0.393
37 39 10 0.389
37 40 6 0.526
37 41 3 0.499
37 42 7 0.527
37 43 4 0.497
37 44 7 0.54
37 45 1 0.497
37 46 7 0.501
37 47 5 0.515
37 48 9 0.497
37 49 8 0.538
38 39 10 0.352
38 40 3 0.527
38 41 3 0.536
38 42 8 0.509
38 43 5 0.505
38 44 1 0.538
38 45 1 0.521
38 46 2 0.538
38 47 5 0.502
38 48 3 0.536
38 49 9 0.501
39 40 2 0.542
39 41 1 0.531
39 42 6 0.536
39 43 6 0.523
39 44 2 0.499
39 45 4 0.507
39 46 6 0.529
39 47 8 0.521
39 48 2 0.498
39 49 8 0.514
40 41 7 0.522
40 42 9 0.516
40 43 2 0.54
40 44 3 0.527
40 45 9 0.51
40 46 2 0.502
40 47 10 0.346
40 48 2 0.528
40 49 9 0.508
41 42 10 0.36
41 43 8 0.515
41 44 6 0.532
41 45 8 0.52
41 46 4 0.533
41 47 1 0.531
41 48 6 0.512
41 49 9 0.495
42 43 2 0.518
42 44 6 0.516
42 45 4 0.522
42 46 9 0.52
42 47 1 0.523
42 48 1 0.542
42 49 3 0.511
43 44 8 0.519
43 45 7 0.495
43 46 4 0.527
43 47 8 0.532
43 48 6 0.529
43 49 10 0.387
44 45 3 0.541
44 46 8 0.521
44 47 3 0.536
44 48 5 0.529
44 49 8 0.505
45 46 1 0.53
45 47 3 0.525
45 48 6 0.523
45 49 7 0.523
46 47 3 0.52
46 48 7 0.506
46 49 7 0.509
47 48 4 0.507
47 49 4 0.521
48 49 6 0.542