50
90
0 1 14.209 0.122
0 2 12.908 0.117
0 3 14.124 0.041
0 4 14.504 0.121
0 5 12.515 0.014
0 6 14.694 0.124
0 7 14.02 0.234
0 8 13.48 0.037
0 9 13.121 0.289
0 10 12.101 0.102
0 11 12.271 0.063
0 12 13.827 0.2
0 13 12.044 0.143
0 14 13.768 0.158
0 15 12.417 0.098
0 16 13.717 0.054
0 17 13.298 0.083
0 18 13.807 0.045
0 19 13.745 0.319
0 20 13.478 0.017
0 21 12.002 0.158
0 22 14.247 0.094
0 23 14.109 0.124
0 24 13.299 0.195
0 25 1.169 0.034
0 26 1.073 0.167
0 27 2.898 0.19
0 28 2.709 0.044
0 29 1.488 0.106
0 30 2.98 0.091
0 31 2.598 0.107
0 32 0.071 0.087
0 33 3.373 0.171
0 34 4.307 0.06
0 35 3.71 0.193
0 36 1.777 0.001
0 37 4.856 0.156
0 38 4.202 0.174
0 39 4.296 0.072
0 40 0.349 0.205
0 41 3.049 0.116
0 42 1.854 0.133
0 43 1.94 0.097
0 44 3.814 0.096
0 45 1.197 0.192
0 46 2.505 0.14
0 47 2.374 0.015
0 48 0.736 0.01
0 49 0.075 0.135
1 2 14.611 0.138
1 3 13.07 0.294
1 4 14.512 0.135
1 5 14.944 0.079
1 6 13.232 0.11
1 7 13.926 0.097
1 8 12.268 0.008
1 9 12.999 0.029
1 10 14.127 0.071
1 11 12.098 0.116
1 12 13.374 0.118
1 13 13.823 0.027
1 14 12.132 0.084
1 15 14.244 0.001
1 16 12.517 0.171
1 17 12.132 0.028
1 18 12.585 0.122
1 19 13.326 0.0
1 20 14.715 0.18
1 21 14.072 0.006
1 22 13.214 0.155
1 23 13.942 0.007
1 24 14.55 0.086
1 25 4.728 0.052
1 26 0.384 0.048
1 27 4.196 0.136
1 28 1.051 0.009
1 29 3.826 0.006
1 30 4.436 0.2
1 31 4.779 0.18
1 32 1.751 0.108
1 33 4.045 0.132
1 34 1.731 0.103
1 35 1.996 0.088
1 36 4.778 0.1
1 37 1.978 0.066
1 38 0.553 0.11
1 39 2.526 0.082
1 40 3.892 0.115
1 41 4.698 0.18
1 42 0.425 0.031
1 43 2.997 0.083
1 44 1.809 0.041
1 45 4.9 0.12
1 46 0.761 0.164
1 47 4.327 0.213
1 48 3.752 0.065
1 49 1.358 0.132
2 3 14.12 0.232
2 4 13.303 0.066
2 5 14.482 0.091
2 6 14.585 0.138
2 7 13.417 0.018
2 8 13.035 0.1
2 9 12.46 0.061
2 10 13.431 0.097
2 11 12.937 0.045
2 12 14.778 0.061
2 13 13.734 0.078
2 14 13.456 0.002
2 15 13.763 0.02
2 16 13.838 0.133
2 17 14.784 0.005
2 18 12.617 0.133
2 19 12.543 0.004
2 20 13.445 0.115
2 21 13.874 0.092
2 22 13.722 0.137
2 23 14.278 0.278
2 24 13.84 0.096
2 25 2.671 0.139
2 26 1.778 0.189
2 27 4.461 0.067
2 28 3.62 0.202
2 29 2.228 0.209
2 30 3.498 0.068
2 31 4.242 0.146
2 32 4.226 0.05
2 33 4.174 0.151
2 34 2.954 0.129
2 35 3.553 0.118
2 36 3.512 0.123
2 37 1.637 0.109
2 38 4.063 0.165
2 39 0.365 0.008
2 40 2.057 0.037
2 41 1.491 0.005
2 42 4.331 0.048
2 43 2.074 0.037
2 44 2.894 0.18
2 45 1.991 0.069
2 46 3.461 0.075
2 47 2.422 0.009
2 48 3.847 0.0
2 49 2.702 0.093
3 4 13.853 0.122
3 5 14.544 0.008
3 6 13.971 0.099
3 7 13.23 0.218
3 8 12.901 0.123
3 9 12.421 0.192
3 10 14.007 0.118
3 11 14.291 0.319
3 12 14.942 0.053
3 13 14.62 0.118
3 14 12.496 0.099
3 15 13.43 0.148
3 16 12.364 0.018
3 17 12.403 0.12
3 18 14.661 0.081
3 19 14.908 0.071
3 20 13.496 0.059
3 21 13.373 0.104
3 22 13.628 0.159
3 23 14.642 0.002
3 24 13.314 0.09
3 25 3.219 0.056
3 26 3.76 0.154
3 27 0.234 0.01
3 28 2.094 0.175
3 29 1.011 0.001
3 30 2.917 0.081
3 31 2.987 0.033
3 32 2.004 0.068
3 33 0.185 0.146
3 34 1.966 0.093
3 35 1.997 0.13
3 36 0.74 0.004
3 37 1.871 0.235
3 38 4.919 0.162
3 39 2.092 0.062
3 40 1.612 0.016
3 41 0.927 0.105
3 42 3.885 0.158
3 43 4.453 0.139
3 44 1.392 0.128
3 45 4.004 0.12
3 46 4.908 0.188
3 47 1.75 0.044
3 48 1.734 0.142
3 49 4.819 0.275
4 5 14.878 0.202
4 6 13.943 0.119
4 7 14.554 0.083
4 8 14.415 0.2
4 9 13.363 0.0
4 10 13.274 0.052
4 11 13.686 0.058
4 12 14.034 0.095
4 13 14.115 0.071
4 14 12.87 0.097
4 15 13.412 0.053
4 16 13.047 0.09
4 17 13.822 0.068
4 18 12.24 0.093
4 19 14.819 0.009
4 20 14.861 0.111
4 21 13.834 0.349
4 22 12.024 0.136
4 23 12.789 0.058
4 24 12.959 0.11
4 25 1.769 0.072
4 26 2.655 0.112
4 27 0.842 0.004
4 28 1.243 0.135
4 29 2.622 0.089
4 30 2.358 0.01
4 31 2.187 0.015
4 32 0.666 0.049
4 33 4.86 0.157
4 34 0.157 0.14
4 35 1.45 0.246
4 36 1.376 0.068
4 37 2.117 0.001
4 38 2.535 0.075
4 39 2.985 0.166
4 40 3.975 0.166
4 41 1.732 0.127
4 42 3.541 0.089
4 43 4.746 0.101
4 44 4.572 0.043
4 45 1.882 0.123
4 46 2.932 0.017
4 47 0.923 0.049
4 48 3.001 0.06
4 49 0.974 0.032
5 6 14.551 0.044
5 7 12.624 0.006
5 8 13.409 0.007
5 9 12.268 0.208
5 10 14.871 0.265
5 11 13.521 0.006
5 12 14.645 0.001
5 13 14.85 0.009
5 14 13.59 0.177
5 15 12.57 0.248
5 16 12.362 0.175
5 17 13.506 0.084
5 18 13.2 0.01
5 19 12.49 0.118
5 20 13.412 0.037
5 21 12.89 0.029
5 22 13.36 0.009
5 23 13.749 0.109
5 24 13.662 0.002
5 25 0.974 0.15
5 26 4.153 0.095
5 27 2.601 0.011
5 28 4.449 0.183
5 29 1.842 0.018
5 30 2.796 0.143
5 31 3.46 0.005
5 32 0.187 0.048
5 33 3.158 0.225
5 34 0.349 0.21
5 35 4.188 0.049
5 36 1.756 0.087
5 37 4.45 0.001
5 38 0.526 0.097
5 39 2.284 0.128
5 40 4.423 0.114
5 41 0.902 0.01
5 42 3.772 0.132
5 43 3.462 0.197
5 44 0.211 0.135
5 45 0.893 0.131
5 46 0.698 0.078
5 47 2.122 0.127
5 48 4.37 0.16
5 49 2.073 0.195
6 7 13.001 0.407
6 8 13.076 0.155
6 9 14.807 0.21
6 10 13.122 0.092
6 11 12.552 0.174
6 12 12.873 0.153
6 13 12.116 0.132
6 14 13.055 0.106
6 15 13.223 0.114
6 16 13.438 0.155
6 17 12.556 0.046
6 18 14.542 0.064
6 19 14.775 0.176
6 20 13.831 0.313
6 21 13.19 0.086
6 22 14.7 0.057
6 23 12.732 0.017
6 24 12.36 0.004
6 25 0.177 0.026
6 26 4.362 0.084
6 27 1.848 0.002
6 28 3.664 0.134
6 29 1.699 0.009
6 30 0.043 0.035
6 31 3.584 0.111
6 32 2.708 0.021
6 33 0.242 0.092
6 34 1.303 0.115
6 35 1.567 0.124
6 36 3.64 0.008
6 37 2.201 0.021
6 38 1.461 0.019
6 39 2.994 0.019
6 40 3.127 0.024
6 41 3.547 0.137
6 42 1.115 0.191
6 43 3.486 0.067
6 44 2.696 0.025
6 45 0.229 0.036
6 46 3.242 0.109
6 47 1.313 0.058
6 48 4.913 0.238
6 49 3.928 0.04
7 8 14.06 0.314
7 9 13.598 0.065
7 10 12.08 0.009
7 11 14.861 0.163
7 12 14.883 0.004
7 13 12.446 0.079
7 14 13.97 0.061
7 15 13.438 0.164
7 16 12.08 0.031
7 17 12.161 0.051
7 18 13.659 0.005
7 19 13.575 0.028
7 20 14.614 0.002
7 21 13.095 0.081
7 22 13.535 0.005
7 23 13.242 0.078
7 24 14.798 0.319
7 25 2.779 0.147
7 26 0.766 0.115
7 27 4.852 0.23
7 28 3.348 0.045
7 29 2.309 0.138
7 30 0.198 0.119
7 31 2.762 0.212
7 32 2.919 0.118
7 33 2.934 0.037
7 34 2.553 0.116
7 35 0.11 0.055
7 36 2.178 0.001
7 37 3.39 0.19
7 38 2.164 0.121
7 39 1.084 0.051
7 40 1.186 0.104
7 41 2.916 0.187
7 42 0.079 0.083
7 43 0.806 0.035
7 44 4.591 0.108
7 45 3.454 0.009
7 46 3.078 0.06
7 47 3.241 0.002
7 48 1.323 0.004
7 49 4.362 0.26
8 9 14.957 0.165
8 10 14.781 0.162
8 11 12.685 0.091
8 12 12.558 0.275
8 13 12.116 0.128
8 14 12.124 0.208
8 15 13.682 0.005
8 16 12.614 0.009
8 17 13.293 0.004
8 18 12.798 0.161
8 19 14.228 0.23
8 20 13.82 0.191
8 21 13.919 0.066
8 22 12.027 0.12
8 23 14.952 0.104
8 24 12.916 0.073
8 25 2.622 0.189
8 26 3.027 0.177
8 27 4.582 0.06
8 28 2.012 0.191
8 29 0.637 0.023
8 30 1.248 0.03
8 31 0.716 0.274
8 32 0.676 0.023
8 33 4.231 0.176
8 34 3.964 0.029
8 35 3.528 0.006
8 36 2.814 0.017
8 37 0.705 0.079
8 38 0.252 0.101
8 39 3.117 0.222
8 40 2.846 0.107
8 41 3.782 0.171
8 42 3.955 0.075
8 43 4.711 0.053
8 44 2.426 0.201
8 45 0.55 0.012
8 46 0.379 0.143
8 47 4.018 0.019
8 48 1.637 0.078
8 49 4.067 0.164
9 10 13.114 0.029
9 11 14.984 0.225
9 12 13.431 0.064
9 13 12.267 0.001
9 14 13.125 0.008
9 15 13.246 0.0
9 16 12.744 0.016
9 17 12.065 0.123
9 18 12.919 0.306
9 19 13.937 0.007
9 20 12.407 0.282
9 21 12.145 0.02
9 22 12.148 0.259
9 23 12.231 0.097
9 24 12.954 0.111
9 25 2.138 0.083
9 26 0.439 0.126
9 27 3.847 0.009
9 28 2.692 0.188
9 29 2.648 0.15
9 30 3.026 0.009
9 31 0.548 0.072
9 32 3.766 0.001
9 33 0.104 0.014
9 34 1.752 0.16
9 35 2.663 0.1
9 36 2.031 0.001
9 37 2.462 0.141
9 38 3.591 0.007
9 39 3.265 0.075
9 40 2.119 0.111
9 41 0.266 0.348
9 42 2.332 0.112
9 43 1.967 0.011
9 44 3.901 0.05
9 45 0.283 0.066
9 46 3.104 0.021
9 47 4.207 0.067
9 48 2.387 0.075
9 49 3.152 0.166
10 11 13.152 0.237
10 12 13.35 0.06
10 13 13.79 0.016
10 14 12.726 0.136
10 15 14.584 0.253
10 16 12.364 0.158
10 17 12.373 0.114
10 18 13.111 0.139
10 19 14.771 0.204
10 20 14.454 0.0
10 21 14.154 0.017
10 22 14.491 0.2
10 23 13.996 0.254
10 24 12.489 0.07
10 25 0.366 0.048
10 26 4.762 0.052
10 27 1.104 0.105
10 28 0.158 0.203
10 29 4.213 0.186
10 30 2.771 0.002
10 31 3.118 0.13
10 32 0.2 0.098
10 33 4.697 0.024
10 34 3.233 0.204
10 35 4.72 0.097
10 36 1.727 0.007
10 37 2.663 0.066
10 38 3.388 0.008
10 39 0.907 0.011
10 40 2.94 0.001
10 41 0.438 0.173
10 42 3.208 0.17
10 43 1.341 0.063
10 44 1.882 0.156
10 45 0.536 0.23
10 46 4.318 0.032
10 47 0.459 0.094
10 48 2.356 0.09
10 49 2.339 0.044
11 12 13.489 0.062
11 13 14.118 0.23
11 14 14.553 0.162
11 15 12.648 0.086
11 16 13.393 0.231
11 17 14.186 0.136
11 18 13.623 0.004
11 19 14.325 0.051
11 20 12.67 0.028
11 21 14.616 0.004
11 22 12.265 0.139
11 23 13.844 0.075
11 24 12.15 0.108
11 25 0.654 0.044
11 26 3.945 0.167
11 27 4.519 0.127
11 28 3.859 0.171
11 29 0.184 0.134
11 30 4.064 0.198
11 31 4.421 0.118
11 32 0.868 0.21
11 33 2.771 0.01
11 34 2.232 0.05
11 35 1.387 0.082
11 36 1.127 0.033
11 37 4.776 0.092
11 38 1.563 0.196
11 39 2.23 0.001
11 40 4.312 0.07
11 41 2.425 0.025
11 42 3.66 0.188
11 43 3.218 0.03
11 44 3.095 0.021
11 45 2.911 0.015
11 46 3.989 0.027
11 47 0.815 0.036
11 48 1.634 0.01
11 49 1.289 0.119
12 13 12.52 0.171
12 14 14.349 0.096
12 15 14.79 0.3
12 16 13.568 0.139
12 17 13.696 0.041
12 18 13.396 0.329
12 19 14.329 0.121
12 20 12.425 0.027
12 21 12.104 0.328
12 22 13.592 0.084
12 23 12.043 0.181
12 24 12.584 0.147
12 25 4.302 0.006
12 26 0.482 0.01
12 27 2.94 0.009
12 28 1.137 0.115
12 29 0.095 0.124
12 30 2.475 0.039
12 31 0.661 0.009
12 32 2.891 0.134
12 33 1.486 0.111
12 34 3.608 0.123
12 35 3.157 0.129
12 36 2.963 0.064
12 37 4.775 0.07
12 38 0.652 0.128
12 39 0.767 0.115
12 40 0.422 0.114
12 41 4.368 0.112
12 42 1.493 0.029
12 43 3.802 0.07
12 44 1.645 0.195
12 45 2.217 0.087
12 46 1.566 0.008
12 47 2.653 0.22
12 48 2.618 0.058
12 49 3.617 0.112
13 14 13.283 0.016
13 15 12.395 0.115
13 16 14.495 0.168
13 17 12.254 0.121
13 18 12.229 0.125
13 19 14.92 0.337
13 20 12.175 0.039
13 21 14.094 0.172
13 22 14.449 0.117
13 23 13.51 0.038
13 24 14.638 0.251
13 25 1.856 0.138
13 26 0.0 0.123
13 27 2.55 0.156
13 28 3.683 0.124
13 29 2.059 0.29
13 30 1.532 0.054
13 31 3.13 0.033
13 32 1.048 0.239
13 33 0.252 0.109
13 34 1.254 0.172
13 35 3.111 0.006
13 36 0.842 0.013
13 37 0.698 0.136
13 38 0.517 0.007
13 39 4.695 0.153
13 40 2.856 0.038
13 41 4.696 0.21
13 42 4.023 0.026
13 43 0.031 0.238
13 44 2.579 0.103
13 45 3.878 0.009
13 46 0.329 0.03
13 47 3.538 0.071
13 48 3.161 0.162
13 49 4.44 0.006
14 15 14.549 0.005
14 16 14.038 0.127
14 17 13.857 0.029
14 18 14.315 0.03
14 19 13.658 0.083
14 20 14.071 0.001
14 21 13.548 0.063
14 22 13.111 0.007
14 23 12.634 0.129
14 24 12.887 0.041
14 25 4.216 0.254
14 26 4.426 0.113
14 27 1.917 0.068
14 28 4.211 0.001
14 29 3.89 0.072
14 30 4.997 0.202
14 31 0.225 0.041
14 32 1.531 0.138
14 33 4.285 0.0
14 34 3.932 0.148
14 35 1.437 0.011
14 36 2.75 0.056
14 37 4.67 0.088
14 38 3.655 0.076
14 39 0.212 0.064
14 40 4.302 0.144
14 41 3.464 0.103
14 42 0.848 0.07
14 43 3.838 0.064
14 44 4.823 0.07
14 45 4.779 0.105
14 46 1.245 0.155
14 47 3.29 0.108
14 48 3.847 0.086
14 49 0.044 0.11
15 16 12.979 0.039
15 17 13.659 0.101
15 18 12.576 0.114
15 19 12.462 0.009
15 20 12.581 0.027
15 21 13.815 0.001
15 22 13.046 0.002
15 23 14.068 0.009
15 24 14.107 0.167
15 25 2.016 0.09
15 26 3.264 0.005
15 27 2.065 0.078
15 28 1.723 0.081
15 29 0.874 0.293
15 30 4.905 0.112
15 31 0.786 0.174
15 32 0.311 0.175
15 33 4.726 0.032
15 34 4.66 0.144
15 35 1.505 0.037
15 36 0.101 0.11
15 37 0.769 0.246
15 38 2.092 0.019
15 39 2.333 0.003
15 40 1.913 0.014
15 41 4.154 0.142
15 42 2.267 0.251
15 43 1.478 0.084
15 44 1.955 0.08
15 45 1.78 0.009
15 46 1.32 0.015
15 47 2.981 0.112
15 48 3.869 0.052
15 49 1.478 0.08
16 17 14.689 0.009
16 18 13.183 0.233
16 19 12.997 0.092
16 20 14.465 0.181
16 21 12.414 0.149
16 22 14.622 0.066
16 23 13.856 0.009
16 24 14.108 0.108
16 25 5.0 0.009
16 26 3.035 0.0
16 27 3.368 0.032
16 28 2.42 0.142
16 29 0.905 0.069
16 30 1.428 0.15
16 31 3.457 0.115
16 32 0.749 0.018
16 33 4.948 0.079
16 34 3.831 0.171
16 35 4.606 0.26
16 36 0.815 0.123
16 37 1.026 0.041
16 38 2.657 0.065
16 39 4.413 0.002
16 40 2.916 0.134
16 41 3.489 0.002
16 42 3.609 0.179
16 43 2.051 0.134
16 44 3.573 0.087
16 45 2.949 0.027
16 46 2.549 0.176
16 47 3.727 0.181
16 48 0.885 0.01
16 49 4.57 0.147
17 18 13.855 0.12
17 19 12.123 0.198
17 20 13.721 0.095
17 21 12.278 0.236
17 22 13.356 0.046
17 23 12.008 0.045
17 24 13.183 0.038
17 25 2.561 0.115
17 26 3.489 0.088
17 27 4.449 0.094
17 28 0.738 0.009
17 29 2.043 0.087
17 30 0.532 0.18
17 31 3.843 0.061
17 32 2.948 0.005
17 33 0.91 0.107
17 34 1.837 0.241
17 35 2.662 0.094
17 36 4.595 0.102
17 37 4.72 0.144
17 38 4.406 0.024
17 39 2.842 0.006
17 40 4.23 0.069
17 41 1.147 0.165
17 42 3.504 0.117
17 43 0.597 0.133
17 44 3.468 0.119
17 45 2.002 0.025
17 46 2.637 0.008
17 47 4.969 0.091
17 48 1.268 0.039
17 49 1.807 0.068
18 19 13.783 0.004
18 20 14.215 0.089
18 21 14.561 0.044
18 22 13.317 0.028
18 23 12.428 0.033
18 24 13.868 0.197
18 25 0.355 0.019
18 26 2.314 0.086
18 27 4.528 0.209
18 28 3.495 0.162
18 29 3.944 0.065
18 30 1.797 0.049
18 31 2.339 0.089
18 32 1.285 0.149
18 33 1.078 0.05
18 34 2.726 0.146
18 35 3.576 0.216
18 36 3.668 0.093
18 37 3.147 0.096
18 38 4.46 0.213
18 39 4.19 0.026
18 40 1.499 0.003
18 41 1.152 0.084
18 42 4.887 0.046
18 43 1.493 0.029
18 44 1.743 0.055
18 45 3.324 0.03
18 46 3.803 0.089
18 47 1.91 0.028
18 48 0.439 0.138
18 49 0.23 0.291
19 20 13.248 0.039
19 21 12.662 0.103
19 22 12.313 0.094
19 23 12.983 0.071
19 24 12.716 0.007
19 25 3.032 0.073
19 26 4.195 0.036
19 27 4.231 0.113
19 28 2.635 0.075
19 29 4.921 0.082
19 30 2.408 0.001
19 31 2.372 0.091
19 32 4.333 0.004
19 33 3.809 0.142
19 34 2.59 0.066
19 35 3.761 0.096
19 36 1.964 0.202
19 37 1.898 0.02
19 38 2.48 0.114
19 39 1.305 0.142
19 40 3.425 0.177
19 41 3.14 0.081
19 42 3.56 0.053
19 43 2.894 0.064
19 44 0.065 0.325
19 45 4.446 0.224
19 46 1.164 0.075
19 47 3.37 0.042
19 48 1.175 0.073
19 49 4.447 0.033
20 21 13.609 0.159
20 22 14.024 0.0
20 23 14.223 0.043
20 24 13.673 0.023
20 25 1.843 0.078
20 26 1.25 0.091
20 27 4.88 0.126
20 28 1.033 0.163
20 29 1.219 0.049
20 30 3.647 0.166
20 31 0.195 0.002
20 32 4.527 0.06
20 33 0.485 0.176
20 34 0.487 0.124
20 35 2.977 0.048
20 36 4.634 0.064
20 37 4.827 0.115
20 38 0.838 0.052
20 39 4.763 0.001
20 40 4.465 0.074
20 41 2.35 0.006
20 42 2.914 0.146
20 43 1.496 0.013
20 44 4.202 0.005
20 45 1.879 0.304
20 46 4.055 0.092
20 47 2.203 0.024
20 48 4.505 0.015
20 49 3.787 0.056
21 22 12.826 0.229
21 23 14.824 0.181
21 24 13.357 0.007
21 25 1.767 0.033
21 26 0.553 0.168
21 27 3.212 0.03
21 28 4.402 0.121
21 29 4.69 0.19
21 30 1.295 0.245
21 31 1.014 0.009
21 32 4.847 0.034
21 33 1.824 0.033
21 34 4.87 0.029
21 35 4.933 0.162
21 36 1.658 0.084
21 37 3.3 0.146
21 38 3.133 0.149
21 39 3.278 0.096
21 40 1.201 0.073
21 41 2.832 0.009
21 42 1.27 0.01
21 43 2.995 0.034
21 44 2.32 0.01
21 45 2.923 0.238
21 46 0.927 0.077
21 47 4.502 0.105
21 48 4.252 0.009
21 49 0.045 0.016
22 23 12.379 0.096
22 24 13.714 0.059
22 25 3.864 0.093
22 26 4.02 0.183
22 27 4.516 0.002
22 28 1.975 0.134
22 29 1.033 0.267
22 30 4.192 0.032
22 31 0.02 0.136
22 32 3.675 0.18
22 33 3.898 0.062
22 34 1.647 0.07
22 35 2.976 0.093
22 36 1.282 0.125
22 37 0.417 0.189
22 38 4.709 0.119
22 39 0.447 0.078
22 40 4.749 0.152
22 41 4.424 0.245
22 42 2.989 0.111
22 43 1.215 0.086
22 44 0.34 0.007
22 45 4.524 0.031
22 46 4.871 0.181
22 47 2.053 0.007
22 48 0.314 0.281
22 49 0.55 0.014
23 24 12.36 0.122
23 25 1.023 0.005
23 26 1.441 0.018
23 27 4.566 0.064
23 28 3.007 0.001
23 29 2.923 0.112
23 30 1.115 0.154
23 31 1.703 0.106
23 32 4.889 0.212
23 33 3.857 0.02
23 34 2.091 0.08
23 35 0.635 0.055
23 36 0.389 0.075
23 37 0.828 0.178
23 38 3.94 0.213
23 39 2.709 0.002
23 40 2.493 0.107
23 41 1.992 0.081
23 42 1.516 0.185
23 43 0.606 0.06
23 44 4.041 0.18
23 45 0.037 0.062
23 46 1.049 0.099
23 47 1.203 0.004
23 48 3.722 0.142
23 49 2.588 0.187
24 25 2.171 0.099
24 26 4.835 0.085
24 27 1.325 0.009
24 28 0.668 0.089
24 29 4.097 0.009
24 30 3.494 0.018
24 31 2.642 0.08
24 32 1.624 0.006
24 33 0.514 0.192
24 34 4.624 0.047
24 35 2.801 0.245
24 36 4.002 0.078
24 37 2.041 0.008
24 38 1.436 0.321
24 39 0.738 0.372
24 40 1.54 0.16
24 41 2.392 0.192
24 42 4.887 0.044
24 43 1.331 0.183
24 44 1.524 0.003
24 45 0.548 0.219
24 46 0.18 0.2
24 47 4.342 0.257
24 48 3.252 0.204
24 49 0.523 0.184
25 26 9.866 0.176
25 27 9.099 0.01
25 28 9.156 0.04
25 29 8.76 0.149
25 30 9.738 0.001
25 31 9.098 0.207
25 32 8.027 0.212
25 33 8.912 0.397
25 34 9.677 0.044
25 35 8.324 0.151
25 36 9.665 0.124
25 37 9.881 0.066
25 38 9.272 0.137
25 39 8.839 0.12
25 40 8.98 0.031
25 41 9.294 0.039
25 42 9.754 0.228
25 43 9.188 0.105
25 44 9.893 0.318
25 45 9.711 0.283
25 46 9.723 0.015
25 47 8.302 0.204
25 48 9.852 0.132
25 49 9.378 0.148
26 27 9.618 0.15
26 28 9.626 0.047
26 29 8.696 0.267
26 30 8.674 0.039
26 31 8.483 0.137
26 32 9.85 0.059
26 33 8.501 0.099
26 34 8.559 0.132
26 35 9.385 0.187
26 36 8.094 0.128
26 37 9.251 0.169
26 38 9.282 0.198
26 39 9.274 0.146
26 40 8.392 0.167
26 41 9.689 0.169
26 42 9.011 0.007
26 43 8.159 0.111
26 44 8.619 0.147
26 45 9.301 0.025
26 46 8.735 0.073
26 47 8.714 0.273
26 48 9.889 0.199
26 49 8.737 0.069
27 28 8.901 0.127
27 29 8.009 0.114
27 30 9.786 0.104
27 31 8.838 0.055
27 32 8.624 0.077
27 33 9.689 0.001
27 34 8.693 0.194
27 35 8.149 0.302
27 36 8.316 0.248
27 37 8.923 0.067
27 38 9.836 0.009
27 39 8.294 0.142
27 40 9.478 0.048
27 41 8.748 0.196
27 42 9.229 0.007
27 43 9.339 0.035
27 44 9.438 0.043
27 45 9.334 0.06
27 46 8.864 0.008
27 47 8.247 0.001
27 48 8.613 0.095
27 49 9.436 0.15
28 29 8.609 0.01
28 30 9.67 0.149
28 31 9.02 0.016
28 32 9.209 0.187
28 33 9.668 0.03
28 34 8.954 0.069
28 35 8.266 0.108
28 36 9.202 0.081
28 37 8.412 0.146
28 38 9.052 0.071
28 39 9.972 0.121
28 40 9.421 0.164
28 41 8.991 0.116
28 42 9.996 0.01
28 43 8.246 0.104
28 44 9.836 0.069
28 45 8.269 0.154
28 46 9.604 0.06
28 47 9.617 0.009
28 48 9.366 0.112
28 49 9.476 0.034
29 30 9.661 0.137
29 31 8.445 0.002
29 32 8.247 0.083
29 33 9.293 0.202
29 34 9.093 0.111
29 35 9.66 0.029
29 36 9.259 0.029
29 37 8.72 0.049
29 38 9.665 0.081
29 39 9.215 0.054
29 40 9.763 0.01
29 41 9.234 0.131
29 42 9.935 0.142
29 43 8.361 0.036
29 44 9.838 0.267
29 45 9.942 0.064
29 46 9.609 0.155
29 47 8.44 0.195
29 48 9.269 0.032
29 49 8.018 0.253
30 31 9.878 0.156
30 32 8.629 0.149
30 33 8.402 0.189
30 34 8.576 0.116
30 35 8.389 0.083
30 36 8.715 0.122
30 37 9.796 0.026
30 38 9.349 0.005
30 39 9.37 0.021
30 40 9.418 0.131
30 41 8.477 0.123
30 42 8.845 0.007
30 43 8.751 0.066
30 44 8.978 0.102
30 45 9.149 0.012
30 46 8.72 0.004
30 47 8.501 0.167
30 48 8.252 0.268
30 49 8.104 0.159
31 32 9.757 0.049
31 33 8.152 0.002
31 34 8.261 0.005
31 35 9.368 0.018
31 36 8.64 0.163
31 37 8.072 0.067
31 38 9.335 0.132
31 39 8.253 0.063
31 40 9.512 0.131
31 41 8.464 0.018
31 42 9.421 0.228
31 43 9.229 0.132
31 44 8.754 0.194
31 45 8.564 0.044
31 46 9.681 0.014
31 47 8.925 0.033
31 48 8.333 0.059
31 49 9.304 0.007
32 33 9.341 0.005
32 34 9.205 0.005
32 35 8.532 0.099
32 36 8.851 0.171
32 37 8.191 0.124
32 38 9.917 0.164
32 39 8.551 0.118
32 40 8.487 0.038
32 41 8.799 0.16
32 42 8.907 0.111
32 43 8.139 0.137
32 44 8.639 0.155
32 45 9.864 0.208
32 46 8.393 0.002
32 47 8.233 0.09
32 48 8.527 0.225
32 49 9.792 0.229
33 34 8.174 0.043
33 35 8.445 0.005
33 36 8.048 0.099
33 37 8.199 0.017
33 38 8.238 0.009
33 39 9.405 0.345
33 40 8.701 0.031
33 41 9.997 0.078
33 42 8.882 0.175
33 43 9.782 0.088
33 44 9.939 0.032
33 45 8.069 0.122
33 46 8.476 0.019
33 47 9.395 0.099
33 48 9.46 0.282
33 49 8.932 0.097
34 35 9.261 0.104
34 36 9.833 0.216
34 37 9.543 0.076
34 38 9.27 0.051
34 39 8.982 0.123
34 40 8.456 0.096
34 41 9.647 0.106
34 42 9.983 0.027
34 43 9.775 0.08
34 44 9.18 0.137
34 45 9.723 0.002
34 46 9.135 0.09
34 47 9.298 0.057
34 48 9.024 0.228
34 49 8.567 0.146
35 36 8.401 0.164
35 37 8.024 0.151
35 38 9.901 0.099
35 39 9.788 0.031
35 40 9.033 0.037
35 41 8.531 0.119
35 42 9.431 0.165
35 43 9.345 0.104
35 44 8.734 0.087
35 45 8.959 0.062
35 46 9.457 0.194
35 47 8.133 0.282
35 48 9.178 0.273
35 49 9.511 0.012
36 37 8.32 0.171
36 38 8.534 0.119
36 39 9.876 0.155
36 40 8.53 0.011
36 41 8.76 0.006
36 42 8.265 0.12
36 43 8.991 0.049
36 44 8.959 0.174
36 45 9.124 0.106
36 46 9.167 0.141
36 47 8.651 0.056
36 48 9.196 0.004
36 49 8.261 0.117
37 38 8.963 0.07
37 39 8.539 0.099
37 40 9.515 0.074
37 41 8.542 0.074
37 42 8.359 0.057
37 43 8.162 0.119
37 44 8.344 0.111
37 45 9.992 0.062
37 46 9.761 0.008
37 47 9.315 0.093
37 48 8.164 0.215
37 49 8.932 0.086
38 39 8.776 0.032
38 40 9.846 0.191
38 41 8.155 0.009
38 42 9.652 0.001
38 43 9.54 0.006
38 44 9.991 0.065
38 45 9.98 0.002
38 46 8.559 0.009
38 47 8.46 0.175
38 48 9.603 0.092
38 49 8.396 0.008
39 40 9.222 0.007
39 41 9.079 0.128
39 42 9.435 0.037
39 43 8.026 0.04
39 44 8.332 0.023
39 45 8.509 0.152
39 46 9.734 0.004
39 47 8.299 0.253
39 48 9.234 0.066
39 49 8.498 0.021
40 41 8.009 0.177
40 42 9.11 0.184
40 43 9.324 0.13
40 44 8.886 0.001
40 45 8.331 0.152
40 46 8.134 0.19
40 47 9.039 0.263
40 48 8.145 0.05
40 49 8.1 0.266
41 42 8.554 0.149
41 43 9.728 0.11
41 44 9.735 0.068
41 45 8.58 0.064
41 46 9.327 0.071
41 47 8.976 0.328
41 48 8.313 0.011
41 49 8.921 0.101
42 43 8.771 0.033
42 44 9.788 0.054
42 45 9.27 0.009
42 46 9.502 0.171
42 47 9.015 0.137
42 48 9.254 0.01
42 49 9.345 0.008
43 44 9.124 0.076
43 45 8.696 0.198
43 46 8.367 0.067
43 47 9.095 0.064
43 48 9.987 0.005
43 49 8.017 0.01
44 45 8.417 0.167
44 46 8.629 0.167
44 47 9.112 0.004
44 48 8.757 0.141
44 49 8.233 0.01
45 46 8.216 0.004
45 47 9.374 0.049
45 48 9.885 0.072
45 49 9.586 0.053
46 47 8.042 0.045
46 48 9.186 0.152
46 49 8.64 0.174
47 48 9.527 0.017
47 49 8.662 0.09
48 49 9.203 0.098