50
98
0 1 1.865 0.257
0 2 1.339 0.832
0 3 1.856 0.107
0 4 1.56 0.954
0 5 1.603 0.994
0 6 0.078 5.926
0 7 0.347 4.279
0 8 0.191 5.144
0 9 0.166 3.796
0 10 0.193 5.078
0 11 0.478 4.362
0 12 0.264 4.355
0 13 0.317 5.934
0 14 0.366 4.74
0 15 0.324 4.353
0 16 0.297 5.573
0 17 0.047 3.791
0 18 0.028 5.308
0 19 0.433 5.745
0 20 0.449 5.827
0 21 0.051 4.112
0 22 0.307 5.156
0 23 0.078 5.361
0 24 0.067 4.345
0 25 0.223 4.722
0 26 0.481 4.864
0 27 0.249 5.278
0 28 0.361 5.929
0 29 0.383 4.392
0 30 0.174 5.216
0 31 0.414 5.393
0 32 0.454 5.055
0 33 0.245 4.689
0 34 0.024 5.005
0 35 0.095 5.05
0 36 0.427 4.396
0 37 0.261 4.798
0 38 0.287 5.17
0 39 0.462 5.522
0 40 0.348 4.143
0 41 0.391 5.522
0 42 0.15 4.792
0 43 0.273 5.824
0 44 0.464 4.548
0 45 0.375 5.459
0 46 0.137 3.767
0 47 0.273 4.49
0 48 0.467 4.198
0 49 0.114 3.838
1 2 0.644 0.19
1 3 1.45 0.158
1 4 1.324 1.134
1 5 0.885 0.704
1 6 0.24 5.338
1 7 0.036 4.641
1 8 0.368 5.981
1 9 0.091 4.527
1 10 0.458 5.735
1 11 0.204 5.29
1 12 0.14 4.322
1 13 0.168 4.584
1 14 0.431 4.831
1 15 0.433 4.917
1 16 0.097 5.321
1 17 0.228 5.001
1 18 0.451 4.89
1 19 0.409 5.788
1 20 0.208 5.228
1 21 0.391 4.907
1 22 0.323 5.519
1 23 0.157 5.868
1 24 0.109 5.186
1 25 0.135 5.971
1 26 0.146 4.832
1 27 0.235 4.554
1 28 0.434 5.203
1 29 0.147 5.614
1 30 0.301 4.991
1 31 0.328 5.414
1 32 0.019 4.401
1 33 0.469 4.87
1 34 0.253 5.031
1 35 0.146 4.191
1 36 0.41 3.988
1 37 0.215 3.852
1 38 0.059 5.913
1 39 0.142 4.02
1 40 0.163 4.405
1 41 0.425 4.358
1 42 0.14 5.63
1 43 0.294 4.629
1 44 0.493 5.47
1 45 0.246 5.101
1 46 0.499 4.414
1 47 0.347 4.232
1 48 0.329 4.867
1 49 0.448 4.994
2 3 0.287 0.064
2 4 2.094 0.448
2 5 2.037 1.036
2 6 0.377 5.312
2 7 0.106 5.926
2 8 0.391 5.039
2 9 0.066 3.901
2 10 0.481 5.474
2 11 0.273 5.16
2 12 0.256 4.572
2 13 0.483 4.995
2 14 0.47 5.931
2 15 0.384 5.177
2 16 0.147 4.271
2 17 0.187 5.847
2 18 0.121 5.851
2 19 0.005 5.419
2 20 0.368 5.642
2 21 0.115 4.22
2 22 0.393 4.881
2 23 0.248 5.739
2 24 0.491 5.942
2 25 0.486 5.174
2 26 0.169 4.536
2 27 0.402 5.045
2 28 0.119 4.637
2 29 0.186 4.221
2 30 0.206 3.994
2 31 0.039 3.711
2 32 0.498 4.985
2 33 0.178 4.025
2 34 0.219 5.207
2 35 0.151 4.156
2 36 0.455 5.248
2 37 0.222 4.639
2 38 0.284 5.826
2 39 0.38 4.363
2 40 0.201 5.138
2 41 0.091 4.563
2 42 0.069 5.194
2 43 0.094 5.221
2 44 0.071 5.07
2 45 0.094 5.981
2 46 0.03 5.784
2 47 0.389 5.816
2 48 0.486 5.219
2 49 0.194 5.208
3 4 1.104 1.13
3 5 1.066 0.529
3 6 0.393 5.272
3 7 0.36 5.475
3 8 0.483 4.098
3 9 0.183 4.008
3 10 0.406 4.353
3 11 0.421 4.335
3 12 0.444 5.751
3 13 0.391 4.393
3 14 0.049 5.894
3 15 0.398 5.234
3 16 0.02 5.983
3 17 0.431 4.539
3 18 0.16 4.429
3 19 0.048 3.753
3 20 0.253 4.911
3 21 0.165 4.195
3 22 0.459 5.61
3 23 0.374 3.806
3 24 0.201 5.763
3 25 0.444 5.795
3 26 0.452 4.787
3 27 0.458 5.155
3 28 0.251 4.29
3 29 0.435 4.981
3 30 0.281 4.324
3 31 0.088 4.953
3 32 0.099 3.741
3 33 0.092 5.587
3 34 0.192 3.907
3 35 0.29 5.006
3 36 0.027 4.904
3 37 0.152 4.84
3 38 0.001 3.884
3 39 0.401 5.646
3 40 0.128 3.764
3 41 0.206 5.241
3 42 0.348 4.037
3 43 0.378 4.847
3 44 0.216 3.825
3 45 0.383 3.977
3 46 0.241 4.212
3 47 0.094 5.423
3 48 0.238 5.216
3 49 0.163 5.892
4 5 2.231 1.197
4 6 0.247 5.753
4 7 0.003 5.832
4 8 0.178 4.077
4 9 0.325 4.285
4 10 0.011 5.398
4 11 0.056 4.995
4 12 0.3 5.911
4 13 0.223 5.941
4 14 0.312 5.516
4 15 0.292 4.879
4 16 0.474 4.016
4 17 0.35 5.793
4 18 0.241 4.634
4 19 0.368 4.082
4 20 0.282 4.215
4 21 0.04 4.777
4 22 0.231 5.915
4 23 0.15 5.416
4 24 0.279 5.325
4 25 0.003 4.924
4 26 0.171 4.488
4 27 0.406 3.765
4 28 0.386 5.555
4 29 0.152 4.241
4 30 0.284 3.893
4 31 0.173 5.206
4 32 0.198 4.381
4 33 0.179 4.163
4 34 0.321 4.527
4 35 0.277 4.877
4 36 0.411 5.624
4 37 0.2 4.946
4 38 0.021 4.226
4 39 0.092 4.309
4 40 0.14 5.222
4 41 0.227 3.896
4 42 0.237 4.825
4 43 0.324 5.866
4 44 0.39 5.669
4 45 0.22 5.385
4 46 0.053 5.519
4 47 0.487 4.499
4 48 0.471 5.264
4 49 0.391 5.045
5 6 0.004 4.288
5 7 0.164 5.588
5 8 0.03 5.596
5 9 0.219 5.122
5 10 0.213 4.176
5 11 0.498 5.83
5 12 0.347 4.144
5 13 0.391 5.966
5 14 0.272 5.137
5 15 0.071 5.302
5 16 0.394 4.218
5 17 0.18 4.291
5 18 0.415 5.417
5 19 0.389 4.814
5 20 0.24 4.008
5 21 0.026 5.322
5 22 0.418 4.704
5 23 0.046 5.945
5 24 0.288 3.792
5 25 0.132 5.43
5 26 0.139 3.876
5 27 0.076 5.045
5 28 0.339 4.3
5 29 0.446 4.716
5 30 0.479 5.25
5 31 0.166 4.768
5 32 0.418 4.396
5 33 0.158 5.578
5 34 0.24 4.224
5 35 0.118 4.205
5 36 0.043 4.422
5 37 0.493 4.519
5 38 0.457 5.183
5 39 0.02 4.21
5 40 0.183 5.232
5 41 0.233 4.421
5 42 0.239 4.781
5 43 0.303 4.474
5 44 0.109 4.763
5 45 0.167 5.077
5 46 0.141 4.142
5 47 0.281 5.118
5 48 0.365 4.931
5 49 0.219 5.016
6 7 4.784 0.675
6 8 1.612 0.096
6 9 0.337 2.094
6 10 0.425 4.116
6 11 0.302 3.758
6 12 0.266 4.339
6 13 0.455 4.458
6 14 0.438 4.532
6 15 0.04 5.041
6 16 0.274 4.513
6 17 0.287 4.862
6 18 0.494 5.034
6 19 0.498 5.469
6 20 0.497 4.358
6 21 0.01 5.76
6 22 0.471 5.21
6 23 0.402 3.928
6 24 0.452 5.058
6 25 0.209 4.406
6 26 0.337 5.702
6 27 0.467 4.917
6 28 0.475 4.947
6 29 0.313 4.803
6 30 0.334 5.993
6 31 0.161 5.517
6 32 0.102 4.024
6 33 0.125 5.293
6 34 0.368 5.348
6 35 0.312 4.886
6 36 0.434 4.793
6 37 0.086 4.792
6 38 0.059 3.922
6 39 0.41 3.781
6 40 0.495 4.845
6 41 0.469 3.912
6 42 0.325 5.261
6 43 0.269 5.002
6 44 0.303 5.742
6 45 0.443 4.515
6 46 0.312 3.754
6 47 0.398 5.137
6 48 0.302 3.733
6 49 0.484 5.801
7 8 4.744 1.919
7 9 5.93 1.126
7 10 0.227 4.101
7 11 0.183 4.927
7 12 0.033 3.818
7 13 0.42 3.963
7 14 0.05 5.551
7 15 0.254 4.359
7 16 0.266 3.95
7 17 0.092 5.169
7 18 0.379 5.915
7 19 0.085 3.9
7 20 0.265 5.969
7 21 0.485 5.895
7 22 0.483 5.841
7 23 0.41 4.37
7 24 0.024 5.403
7 25 0.417 5.163
7 26 0.047 4.038
7 27 0.25 3.963
7 28 0.36 5.175
7 29 0.06 4.19
7 30 0.493 4.779
7 31 0.399 5.916
7 32 0.484 5.123
7 33 0.449 5.252
7 34 0.245 4.446
7 35 0.2 4.871
7 36 0.476 3.904
7 37 0.21 5.977
7 38 0.487 5.103
7 39 0.009 3.94
7 40 0.003 3.74
7 41 0.035 4.691
7 42 0.027 4.119
7 43 0.282 4.281
7 44 0.243 5.13
7 45 0.357 4.968
7 46 0.384 5.739
7 47 0.205 3.866
7 48 0.131 4.246
7 49 0.368 5.414
8 9 2.373 3.804
8 10 0.148 5.718
8 11 0.246 4.444
8 12 0.109 4.056
8 13 0.263 5.21
8 14 0.465 5.492
8 15 0.226 5.525
8 16 0.115 4.459
8 17 0.14 4.447
8 18 0.431 5.33
8 19 0.157 3.788
8 20 0.076 3.99
8 21 0.151 5.592
8 22 0.008 4.493
8 23 0.011 4.587
8 24 0.087 5.158
8 25 0.311 4.773
8 26 0.305 5.277
8 27 0.122 3.818
8 28 0.027 5.321
8 29 0.483 5.347
8 30 0.34 4.629
8 31 0.081 5.291
8 32 0.122 4.875
8 33 0.477 4.514
8 34 0.089 5.84
8 35 0.403 3.916
8 36 0.289 4.157
8 37 0.38 3.994
8 38 0.116 4.069
8 39 0.498 5.988
8 40 0.299 4.242
8 41 0.058 4.916
8 42 0.26 3.781
8 43 0.262 5.144
8 44 0.467 3.708
8 45 0.199 4.446
8 46 0.202 5.965
8 47 0.276 5.675
8 48 0.392 5.471
8 49 0.19 5.099
9 10 0.128 5.706
9 11 0.187 5.825
9 12 0.391 4.332
9 13 0.11 5.214
9 14 0.116 3.985
9 15 0.365 4.096
9 16 0.381 4.375
9 17 0.152 5.94
9 18 0.499 4.797
9 19 0.318 5.658
9 20 0.135 4.369
9 21 0.187 4.987
9 22 0.412 4.772
9 23 0.311 4.103
9 24 0.318 4.957
9 25 0.219 4.759
9 26 0.142 5.264
9 27 0.381 3.815
9 28 0.347 4.315
9 29 0.24 3.773
9 30 0.4 3.765
9 31 0.471 5.123
9 32 0.265 5.272
9 33 0.281 4.14
9 34 0.018 5.035
9 35 0.162 5.56
9 36 0.157 4.602
9 37 0.136 4.156
9 38 0.091 5.898
9 39 0.245 4.898
9 40 0.491 5.232
9 41 0.191 4.689
9 42 0.375 4.027
9 43 0.461 4.972
9 44 0.481 3.742
9 45 0.321 4.3
9 46 0.042 3.765
9 47 0.097 5.849
9 48 0.401 5.852
9 49 0.319 4.703
10 11 7.927 2.751
10 12 7.441 4.885
10 13 0.101 5.178
10 14 0.257 5.083
10 15 0.265 5.664
10 16 0.262 4.362
10 17 0.352 5.898
10 18 0.077 3.723
10 19 0.39 4.27
10 20 0.487 3.868
10 21 0.261 4.196
10 22 0.411 4.563
10 23 0.238 5.896
10 24 0.208 4.67
10 25 0.231 4.104
10 26 0.289 4.793
10 27 0.261 4.909
10 28 0.332 5.473
10 29 0.309 5.829
10 30 0.041 5.616
10 31 0.425 3.967
10 32 0.412 4.964
10 33 0.084 3.701
10 34 0.493 4.927
10 35 0.142 5.842
10 36 0.317 5.45
10 37 0.458 5.419
10 38 0.027 4.451
10 39 0.3 5.704
10 40 0.176 5.203
10 41 0.183 5.948
10 42 0.436 5.659
10 43 0.077 4.015
10 44 0.441 5.828
10 45 0.085 5.51
10 46 0.188 5.768
10 47 0.39 5.842
10 48 0.13 4.636
10 49 0.264 4.98
11 12 4.853 2.088
11 13 0.258 3.743
11 14 0.17 4.152
11 15 0.29 3.879
11 16 0.457 5.005
11 17 0.192 4.82
11 18 0.323 5.112
11 19 0.232 5.207
11 20 0.422 5.547
11 21 0.013 5.72
11 22 0.103 3.807
11 23 0.255 4.545
11 24 0.325 4.26
11 25 0.496 3.898
11 26 0.117 5.104
11 27 0.204 4.307
11 28 0.183 5.94
11 29 0.364 3.76
11 30 0.091 4.279
11 31 0.265 5.372
11 32 0.421 5.63
11 33 0.396 4.642
11 34 0.21 4.501
11 35 0.406 5.962
11 36 0.331 4.823
11 37 0.308 4.657
11 38 0.298 4.889
11 39 0.159 4.094
11 40 0.068 5.039
11 41 0.479 4.891
11 42 0.17 4.543
11 43 0.372 5.031
11 44 0.33 3.928
11 45 0.36 4.903
11 46 0.104 4.961
11 47 0.451 5.227
11 48 0.395 3.849
11 49 0.071 4.592
12 13 0.466 4.362
12 14 0.477 4.419
12 15 0.121 5.05
12 16 0.037 5.54
12 17 0.45 3.97
12 18 0.496 5.615
12 19 0.248 5.514
12 20 0.455 5.642
12 21 0.431 5.21
12 22 0.269 4.698
12 23 0.416 5.758
12 24 0.126 5.39
12 25 0.472 4.182
12 26 0.202 5.661
12 27 0.349 4.383
12 28 0.154 4.631
12 29 0.278 5.856
12 30 0.271 3.906
12 31 0.467 4.347
12 32 0.105 5.513
12 33 0.454 4.588
12 34 0.123 5.335
12 35 0.078 4.636
12 36 0.02 3.762
12 37 0.039 5.401
12 38 0.19 4.762
12 39 0.043 5.156
12 40 0.048 5.789
12 41 0.132 5.411
12 42 0.19 5.392
12 43 0.251 4.191
12 44 0.151 4.866
12 45 0.384 5.172
12 46 0.125 3.766
12 47 0.108 3.75
12 48 0.125 3.744
12 49 0.314 4.722
13 14 3.517 0.724
13 15 4.599 0.955
13 16 0.892 0.834
13 17 0.423 5.043
13 18 0.428 5.877
13 19 0.196 5.521
13 20 0.101 5.066
13 21 0.28 4.097
13 22 0.434 5.043
13 23 0.35 5.879
13 24 0.417 5.921
13 25 0.06 5.452
13 26 0.065 5.964
13 27 0.255 4.477
13 28 0.108 5.629
13 29 0.482 5.228
13 30 0.113 4.822
13 31 0.481 5.565
13 32 0.189 5.278
13 33 0.183 5.623
13 34 0.339 5.639
13 35 0.295 5.921
13 36 0.073 5.047
13 37 0.082 5.714
13 38 0.171 4.653
13 39 0.301 5.732
13 40 0.337 3.917
13 41 0.379 5.804
13 42 0.172 5.897
13 43 0.272 4.389
13 44 0.471 4.784
13 45 0.475 3.777
13 46 0.018 5.942
13 47 0.498 3.801
13 48 0.149 4.074
13 49 0.444 5.384
14 15 3.05 1.088
14 16 2.873 1.353
14 17 0.32 4.608
14 18 0.175 3.852
14 19 0.049 5.702
14 20 0.178 5.789
14 21 0.046 4.434
14 22 0.263 3.994
14 23 0.316 5.905
14 24 0.03 4.834
14 25 0.394 5.278
14 26 0.092 4.791
14 27 0.119 5.925
14 28 0.094 3.854
14 29 0.078 5.963
14 30 0.344 4.321
14 31 0.134 5.269
14 32 0.239 4.959
14 33 0.12 5.202
14 34 0.049 4.999
14 35 0.45 4.688
14 36 0.092 3.854
14 37 0.201 4.75
14 38 0.036 5.709
14 39 0.192 4.572
14 40 0.165 5.524
14 41 0.118 4.757
14 42 0.25 5.125
14 43 0.087 4.692
14 44 0.209 5.568
14 45 0.489 3.737
14 46 0.376 5.007
14 47 0.486 5.476
14 48 0.202 5.642
14 49 0.133 5.41
15 16 4.708 4.838
15 17 0.215 4.587
15 18 0.246 5.385
15 19 0.473 4.6
15 20 0.393 5.024
15 21 0.475 3.871
15 22 0.316 5.996
15 23 0.06 4.599
15 24 0.217 4.328
15 25 0.207 4.149
15 26 0.204 4.07
15 27 0.22 4.566
15 28 0.343 4.727
15 29 0.317 4.838
15 30 0.473 3.872
15 31 0.156 4.129
15 32 0.239 3.829
15 33 0.193 3.97
15 34 0.045 3.805
15 35 0.187 4.584
15 36 0.045 3.723
15 37 0.113 5.035
15 38 0.299 5.699
15 39 0.033 5.361
15 40 0.12 3.9
15 41 0.293 5.81
15 42 0.357 3.874
15 43 0.296 4.322
15 44 0.129 4.047
15 45 0.268 5.884
15 46 0.439 3.957
15 47 0.477 3.753
15 48 0.092 5.917
15 49 0.114 4.464
16 17 0.128 3.842
16 18 0.054 4.086
16 19 0.371 3.854
16 20 0.383 4.824
16 21 0.196 4.123
16 22 0.411 5.766
16 23 0.299 4.04
16 24 0.03 3.888
16 25 0.464 5.205
16 26 0.273 5.186
16 27 0.314 3.903
16 28 0.192 5.649
16 29 0.411 4.683
16 30 0.44 4.063
16 31 0.363 4.752
16 32 0.235 3.738
16 33 0.145 4.003
16 34 0.341 5.024
16 35 0.027 5.183
16 36 0.141 4.446
16 37 0.117 5.47
16 38 0.473 4.741
16 39 0.053 5.531
16 40 0.048 4.367
16 41 0.41 4.638
16 42 0.396 5.063
16 43 0.484 4.163
16 44 0.487 5.724
16 45 0.102 4.319
16 46 0.332 4.886
16 47 0.446 5.744
16 48 0.027 4.25
16 49 0.178 5.81
17 18 6.984 3.558
17 19 4.139 1.923
17 20 0.058 4.549
17 21 0.358 4.141
17 22 0.366 4.565
17 23 0.208 5.907
17 24 0.243 4.947
17 25 0.31 5.764
17 26 0.09 5.666
17 27 0.248 4.977
17 28 0.29 5.142
17 29 0.19 5.59
17 30 0.246 5.959
17 31 0.058 4.304
17 32 0.35 4.927
17 33 0.341 5.917
17 34 0.426 4.713
17 35 0.1 4.9
17 36 0.42 4.53
17 37 0.042 4.061
17 38 0.303 4.576
17 39 0.013 5.753
17 40 0.317 5.172
17 41 0.291 5.257
17 42 0.302 4.462
17 43 0.077 5.837
17 44 0.423 4.017
17 45 0.394 4.597
17 46 0.09 4.532
17 47 0.22 3.938
17 48 0.093 5.096
17 49 0.119 4.573
18 19 9.911 4.247
18 20 0.326 5.218
18 21 0.393 4.374
18 22 0.438 4.667
18 23 0.387 5.662
18 24 0.483 5.223
18 25 0.379 4.441
18 26 0.367 4.565
18 27 0.459 5.413
18 28 0.438 4.245
18 29 0.289 5.602
18 30 0.392 5.923
18 31 0.275 5.383
18 32 0.31 5.5
18 33 0.018 5.827
18 34 0.079 4.302
18 35 0.138 5.566
18 36 0.455 4.838
18 37 0.2 4.861
18 38 0.282 4.786
18 39 0.305 4.485
18 40 0.299 5.587
18 41 0.448 5.101
18 42 0.439 4.467
18 43 0.104 4.184
18 44 0.378 5.432
18 45 0.19 5.369
18 46 0.065 5.374
18 47 0.014 5.957
18 48 0.414 3.808
18 49 0.351 4.121
19 20 0.144 5.798
19 21 0.024 5.025
19 22 0.466 5.947
19 23 0.168 5.37
19 24 0.136 5.499
19 25 0.167 5.381
19 26 0.267 4.68
19 27 0.486 4.474
19 28 0.367 3.972
19 29 0.291 4.728
19 30 0.027 5.377
19 31 0.323 4.926
19 32 0.396 4.87
19 33 0.015 5.942
19 34 0.117 4.086
19 35 0.013 3.851
19 36 0.49 5.477
19 37 0.373 4.93
19 38 0.073 4.701
19 39 0.261 3.836
19 40 0.108 4.366
19 41 0.119 3.948
19 42 0.229 4.92
19 43 0.431 5.816
19 44 0.09 4.746
19 45 0.226 4.78
19 46 0.466 3.722
19 47 0.279 4.775
19 48 0.014 4.603
19 49 0.051 5.08
20 21 1.543 0.253
20 22 0.343 0.348
20 23 1.137 0.616
20 24 0.261 1.017
20 25 0.375 4.295
20 26 0.193 5.232
20 27 0.058 5.601
20 28 0.449 5.695
20 29 0.453 5.376
20 30 0.189 4.087
20 31 0.114 5.808
20 32 0.048 4.843
20 33 0.469 5.369
20 34 0.433 5.251
20 35 0.041 5.432
20 36 0.029 4.196
20 37 0.276 5.921
20 38 0.228 4.691
20 39 0.333 5.899
20 40 0.075 5.419
20 41 0.352 5.37
20 42 0.463 5.831
20 43 0.086 5.897
20 44 0.127 3.943
20 45 0.24 5.897
20 46 0.346 3.859
20 47 0.379 4.006
20 48 0.368 4.793
20 49 0.475 4.383
21 22 1.683 1.02
21 23 4.3 1.108
21 24 1.81 1.851
21 25 0.398 5.006
21 26 0.072 4.309
21 27 0.474 4.326
21 28 0.411 4.377
21 29 0.299 4.875
21 30 0.108 5.736
21 31 0.264 3.723
21 32 0.031 5.373
21 33 0.22 4.157
21 34 0.388 5.008
21 35 0.189 5.501
21 36 0.447 5.303
21 37 0.343 3.893
21 38 0.323 3.773
21 39 0.434 5.062
21 40 0.474 4.235
21 41 0.481 4.223
21 42 0.429 4.113
21 43 0.332 4.799
21 44 0.265 3.956
21 45 0.086 5.216
21 46 0.252 5.576
21 47 0.1 5.196
21 48 0.165 3.981
21 49 0.343 4.067
22 23 2.196 1.105
22 24 0.1 1.378
22 25 0.263 5.73
22 26 0.053 4.228
22 27 0.037 5.27
22 28 0.474 4.924
22 29 0.151 4.85
22 30 0.166 5.173
22 31 0.077 5.474
22 32 0.227 4.121
22 33 0.499 4.489
22 34 0.341 4.417
22 35 0.234 5.026
22 36 0.448 3.833
22 37 0.213 5.408
22 38 0.242 5.059
22 39 0.057 4.115
22 40 0.211 4.522
22 41 0.214 5.777
22 42 0.467 5.879
22 43 0.255 4.131
22 44 0.149 5.024
22 45 0.276 4.306
22 46 0.302 5.795
22 47 0.153 5.731
22 48 0.083 5.841
22 49 0.171 5.316
23 24 11.683 1.042
23 25 0.102 5.247
23 26 0.198 4.509
23 27 0.379 4.568
23 28 0.069 5.747
23 29 0.099 5.276
23 30 0.158 3.836
23 31 0.492 4.609
23 32 0.143 5.658
23 33 0.144 4.85
23 34 0.413 4.859
23 35 0.063 5.813
23 36 0.392 5.984
23 37 0.409 4.839
23 38 0.415 4.735
23 39 0.158 4.505
23 40 0.464 4.903
23 41 0.361 4.444
23 42 0.424 5.993
23 43 0.46 4.28
23 44 0.444 4.34
23 45 0.286 4.876
23 46 0.45 4.65
23 47 0.137 5.821
23 48 0.257 5.787
23 49 0.493 4.276
24 25 0.291 5.74
24 26 0.331 5.078
24 27 0.321 4.039
24 28 0.189 5.662
24 29 0.007 4.859
24 30 0.438 5.419
24 31 0.253 4.453
24 32 0.161 5.77
24 33 0.173 5.257
24 34 0.346 5.865
24 35 0.393 4.993
24 36 0.357 5.205
24 37 0.181 5.113
24 38 0.122 4.24
24 39 0.107 4.986
24 40 0.395 5.011
24 41 0.256 4.496
24 42 0.131 4.944
24 43 0.225 5.889
24 44 0.296 4.466
24 45 0.494 4.15
24 46 0.445 4.647
24 47 0.15 5.382
24 48 0.347 5.827
24 49 0.037 5.199
25 26 1.479 0.636
25 27 2.391 0.094
25 28 1.886 0.741
25 29 1.965 0.467
25 30 0.995 0.167
25 31 0.049 5.195
25 32 0.442 4.073
25 33 0.183 4.704
25 34 0.319 4.36
25 35 0.453 5.424
25 36 0.262 5.372
25 37 0.259 3.865
25 38 0.12 5.83
25 39 0.089 4.675
25 40 0.155 4.167
25 41 0.321 4.182
25 42 0.004 5.816
25 43 0.447 5.303
25 44 0.079 4.0
25 45 0.128 4.847
25 46 0.134 5.496
25 47 0.489 4.318
25 48 0.156 4.454
25 49 0.291 4.163
26 27 0.947 0.734
26 28 0.439 0.859
26 29 0.133 1.014
26 30 1.208 0.449
26 31 0.039 4.08
26 32 0.074 3.904
26 33 0.119 5.274
26 34 0.171 3.818
26 35 0.107 4.368
26 36 0.301 3.968
26 37 0.009 4.968
26 38 0.147 4.498
26 39 0.36 5.256
26 40 0.355 5.047
26 41 0.004 5.106
26 42 0.146 3.924
26 43 0.258 3.945
26 44 0.424 5.45
26 45 0.254 4.054
26 46 0.049 4.858
26 47 0.021 5.134
26 48 0.257 5.067
26 49 0.083 5.926
27 28 1.518 0.089
27 29 3.439 0.358
27 30 3.13 0.896
27 31 0.187 4.675
27 32 0.481 5.608
27 33 0.376 5.821
27 34 0.224 5.348
27 35 0.163 3.868
27 36 0.144 4.747
27 37 0.206 5.137
27 38 0.25 3.816
27 39 0.453 5.047
27 40 0.349 3.733
27 41 0.21 5.211
27 42 0.055 4.429
27 43 0.376 5.452
27 44 0.149 4.967
27 45 0.46 5.421
27 46 0.473 3.808
27 47 0.387 5.853
27 48 0.005 4.071
27 49 0.331 3.868
28 29 1.921 0.688
28 30 3.27 0.405
28 31 0.183 5.694
28 32 0.038 4.37
28 33 0.001 4.283
28 34 0.315 5.565
28 35 0.101 5.045
28 36 0.383 3.949
28 37 0.458 4.494
28 38 0.078 4.315
28 39 0.269 4.261
28 40 0.068 5.876
28 41 0.214 5.24
28 42 0.421 5.805
28 43 0.154 5.925
28 44 0.045 4.78
28 45 0.36 5.275
28 46 0.44 4.426
28 47 0.139 5.989
28 48 0.257 4.747
28 49 0.012 5.677
29 30 1.972 2.146
29 31 0.143 5.709
29 32 0.364 5.694
29 33 0.019 4.996
29 34 0.301 3.825
29 35 0.063 5.653
29 36 0.404 5.916
29 37 0.202 5.373
29 38 0.407 5.593
29 39 0.28 3.845
29 40 0.198 4.286
29 41 0.081 4.286
29 42 0.222 5.731
29 43 0.257 4.096
29 44 0.035 4.43
29 45 0.358 5.207
29 46 0.088 3.952
29 47 0.419 4.216
29 48 0.251 4.428
29 49 0.365 5.089
30 31 0.38 5.368
30 32 0.115 3.821
30 33 0.259 5.236
30 34 0.402 4.211
30 35 0.402 4.739
30 36 0.145 5.186
30 37 0.148 5.365
30 38 0.386 4.115
30 39 0.369 5.116
30 40 0.113 5.367
30 41 0.332 5.66
30 42 0.399 4.094
30 43 0.49 4.017
30 44 0.467 4.869
30 45 0.291 5.244
30 46 0.028 5.156
30 47 0.41 3.937
30 48 0.089 3.804
30 49 0.339 5.369
31 32 1.72 0.405
31 33 1.466 0.907
31 34 0.71 0.161
31 35 2.487 0.184
31 36 1.826 0.463
31 37 0.011 5.071
31 38 0.365 5.572
31 39 0.368 5.178
31 40 0.249 4.607
31 41 0.386 5.093
31 42 0.23 4.928
31 43 0.182 5.52
31 44 0.302 5.397
31 45 0.405 3.761
31 46 0.327 3.846
31 47 0.365 5.579
31 48 0.299 5.255
31 49 0.219 3.906
32 33 2.089 0.846
32 34 0.179 0.425
32 35 0.513 0.172
32 36 1.349 0.441
32 37 0.172 5.779
32 38 0.103 5.404
32 39 0.141 5.184
32 40 0.176 4.187
32 41 0.045 4.596
32 42 0.437 5.136
32 43 0.261 5.001
32 44 0.466 3.868
32 45 0.009 4.301
32 46 0.476 3.971
32 47 0.177 4.493
32 48 0.072 4.389
32 49 0.347 5.904
33 34 3.097 0.615
33 35 0.243 0.518
33 36 0.243 0.335
33 37 0.399 5.534
33 38 0.294 5.145
33 39 0.384 4.878
33 40 0.392 4.63
33 41 0.379 4.017
33 42 0.323 5.479
33 43 0.199 4.319
33 44 0.314 3.917
33 45 0.06 5.412
33 46 0.132 5.685
33 47 0.022 5.767
33 48 0.34 4.56
33 49 0.146 4.756
34 35 1.634 0.189
34 36 3.656 1.13
34 37 0.143 5.166
34 38 0.271 5.221
34 39 0.459 4.435
34 40 0.269 4.924
34 41 0.203 4.362
34 42 0.221 4.725
34 43 0.073 3.738
34 44 0.471 5.775
34 45 0.498 3.91
34 46 0.126 4.173
34 47 0.334 4.971
34 48 0.048 5.796
34 49 0.118 4.471
35 36 3.823 2.992
35 37 0.46 4.298
35 38 0.04 4.489
35 39 0.227 3.933
35 40 0.453 5.751
35 41 0.348 5.582
35 42 0.412 4.843
35 43 0.421 5.773
35 44 0.348 4.218
35 45 0.455 5.485
35 46 0.441 5.772
35 47 0.449 4.06
35 48 0.144 4.01
35 49 0.065 4.348
36 37 0.266 4.333
36 38 0.059 4.908
36 39 0.391 5.859
36 40 0.37 5.889
36 41 0.084 4.349
36 42 0.023 4.146
36 43 0.315 4.15
36 44 0.271 4.724
36 45 0.482 4.524
36 46 0.488 4.335
36 47 0.324 4.61
36 48 0.099 5.281
36 49 0.241 3.961
37 38 1.319 0.31
37 39 0.517 0.644
37 40 0.627 0.098
37 41 2.1 0.694
37 42 1.943 0.126
37 43 1.218 0.672
37 44 0.436 4.569
37 45 0.067 4.773
37 46 0.457 5.974
37 47 0.377 3.897
37 48 0.0 5.896
37 49 0.069 4.149
38 39 1.464 0.387
38 40 1.696 0.565
38 41 0.097 0.55
38 42 1.005 0.359
38 43 1.345 0.592
38 44 0.391 4.906
38 45 0.33 4.987
38 46 0.296 5.954
38 47 0.414 3.826
38 48 0.101 5.495
38 49 0.419 4.765
39 40 0.126 0.183
39 41 1.782 0.244
39 42 0.685 0.664
39 43 1.111 0.535
39 44 0.232 3.983
39 45 0.283 4.304
39 46 0.105 4.993
39 47 0.292 5.48
39 48 0.035 5.101
39 49 0.122 5.417
40 41 0.157 0.433
40 42 2.749 0.245
40 43 1.644 0.517
40 44 0.081 4.513
40 45 0.473 4.085
40 46 0.298 4.334
40 47 0.12 3.95
40 48 0.106 3.875
40 49 0.336 3.994
41 42 2.955 0.003
41 43 0.058 0.233
41 44 0.031 5.163
41 45 0.249 4.759
41 46 0.304 4.261
41 47 0.092 5.704
41 48 0.438 4.227
41 49 0.091 4.583
42 43 3.347 1.699
42 44 0.428 5.287
42 45 0.07 3.996
42 46 0.445 4.661
42 47 0.435 4.322
42 48 0.379 4.232
42 49 0.392 5.58
43 44 0.375 5.853
43 45 0.274 4.3
43 46 0.024 4.6
43 47 0.396 5.991
43 48 0.077 4.883
43 49 0.191 4.468
44 45 1.862 0.727
44 46 2.351 0.581
44 47 0.805 0.018
44 48 2.323 0.794
44 49 1.392 0.976
45 46 1.568 0.204
45 47 2.24 0.594
45 48 0.346 0.516
45 49 1.783 0.379
46 47 0.081 0.518
46 48 1.756 1.1
46 49 2.003 1.074
47 48 2.98 0.478
47 49 2.946 1.314
48 49 1.588 0.526
