50
99.999
0 1 5.366 0.232
0 2 4.256 0.238
0 3 15.784 0.245
0 4 6.627 0.259
0 5 11.553 0.26
0 6 11.65 0.267
0 7 5.525 0.256
0 8 6.478 0.256
0 9 10.856 0.243
0 10 11.485 0.201
0 11 5.717 0.349
0 12 6.704 0.286
0 13 8.661 0.275
0 14 9.311 0.323
0 15 11.655 0.268
0 16 19.906 0.241
0 17 5.128 0.283
0 18 17.192 0.21
0 19 19.595 0.2
0 20 6.536 0.333
0 21 16.609 0.225
0 22 6.447 0.337
0 23 16.098 0.243
0 24 19.719 0.232
0 25 10.303 0.228
0 26 11.99 0.349
0 27 11.201 0.246
0 28 10.076 0.314
0 29 8.759 0.22
0 30 7.833 0.269
0 31 4.378 0.231
0 32 12.664 0.343
0 33 10.913 0.35
0 34 13.009 0.224
0 35 4.849 0.232
0 36 11.301 0.277
0 37 7.976 0.264
0 38 5.117 0.259
0 39 16.34 0.243
0 40 12.424 0.223
0 41 17.929 0.245
0 42 10.27 0.265
0 43 10.441 0.313
0 44 4.62 0.257
0 45 9.691 0.343
0 46 19.498 0.247
0 47 17.572 0.21
0 48 7.203 0.279
0 49 5.72 0.333
1 2 7.903 0.339
1 3 5.345 0.332
1 4 8.891 0.238
1 5 7.921 0.298
1 6 11.135 0.265
1 7 10.235 0.231
1 8 6.285 0.347
1 9 7.382 0.339
1 10 9.46 0.344
1 11 9.835 0.233
1 12 17.045 0.242
1 13 11.172 0.324
1 14 16.116 0.238
1 15 15.424 0.239
1 16 7.45 0.298
1 17 6.191 0.319
1 18 4.179 0.295
1 19 8.115 0.333
1 20 15.541 0.237
1 21 5.05 0.347
1 22 11.381 0.339
1 23 10.042 0.338
1 24 5.86 0.332
1 25 10.298 0.331
1 26 14.618 0.262
1 27 9.643 0.3
1 28 8.243 0.295
1 29 7.689 0.349
1 30 9.309 0.316
1 31 4.791 0.312
1 32 19.114 0.253
1 33 4.627 0.313
1 34 5.82 0.317
1 35 11.637 0.266
1 36 14.181 0.263
1 37 11.22 0.267
1 38 12.68 0.342
1 39 5.515 0.283
1 40 5.596 0.281
1 41 8.252 0.293
1 42 5.066 0.311
1 43 7.374 0.34
1 44 5.997 0.335
1 45 11.922 0.335
1 46 6.336 0.336
1 47 10.222 0.35
1 48 11.774 0.258
1 49 19.94 0.232
2 3 5.487 0.304
2 4 11.414 0.338
2 5 8.848 0.21
2 6 7.698 0.267
2 7 6.793 0.327
2 8 19.391 0.239
2 9 11.644 0.226
2 10 4.183 0.305
2 11 4.228 0.286
2 12 9.684 0.32
2 13 8.393 0.232
2 14 5.481 0.274
2 15 10.192 0.344
2 16 6.168 0.333
2 17 14.172 0.217
2 18 9.042 0.314
2 19 11.918 0.317
2 20 8.801 0.286
2 21 8.114 0.343
2 22 17.219 0.202
2 23 7.012 0.249
2 24 7.383 0.274
2 25 9.233 0.24
2 26 9.437 0.291
2 27 13.569 0.217
2 28 10.902 0.243
2 29 10.082 0.269
2 30 16.415 0.205
2 31 12.904 0.221
2 32 7.731 0.273
2 33 18.858 0.213
2 34 6.725 0.251
2 35 7.781 0.239
2 36 9.17 0.26
2 37 11.836 0.255
2 38 10.794 0.235
2 39 7.264 0.28
2 40 11.498 0.328
2 41 9.4 0.277
2 42 10.579 0.234
2 43 13.684 0.205
2 44 12.809 0.204
2 45 8.696 0.231
2 46 8.286 0.249
2 47 7.716 0.232
2 48 11.465 0.271
2 49 10.987 0.25
3 4 12.249 0.295
3 5 7.299 0.283
3 6 8.013 0.301
3 7 6.107 0.336
3 8 6.811 0.319
3 9 9.636 0.346
3 10 18.095 0.229
3 11 5.691 0.27
3 12 12.542 0.291
3 13 7.836 0.262
3 14 7.987 0.344
3 15 4.526 0.347
3 16 19.417 0.228
3 17 7.133 0.249
3 18 11.119 0.222
3 19 14.862 0.244
3 20 8.112 0.279
3 21 16.538 0.226
3 22 12.197 0.248
3 23 13.442 0.216
3 24 17.787 0.238
3 25 16.572 0.215
3 26 11.791 0.298
3 27 5.659 0.255
3 28 11.991 0.304
3 29 19.552 0.234
3 30 11.442 0.319
3 31 5.301 0.313
3 32 11.768 0.345
3 33 4.426 0.28
3 34 9.152 0.238
3 35 7.057 0.275
3 36 8.805 0.315
3 37 10.485 0.312
3 38 8.405 0.231
3 39 18.72 0.233
3 40 8.742 0.211
3 41 10.282 0.246
3 42 4.558 0.241
3 43 6.592 0.306
3 44 12.517 0.254
3 45 9.321 0.292
3 46 14.374 0.243
3 47 10.279 0.235
3 48 7.138 0.33
3 49 12.968 0.302
4 5 5.784 0.32
4 6 8.662 0.243
4 7 14.117 0.258
4 8 6.891 0.302
4 9 10.3 0.334
4 10 7.657 0.334
4 11 11.637 0.236
4 12 16.516 0.261
4 13 10.068 0.326
4 14 17.59 0.244
4 15 11.731 0.255
4 16 12.029 0.317
4 17 11.591 0.285
4 18 4.542 0.346
4 19 10.781 0.343
4 20 17.123 0.257
4 21 11.459 0.35
4 22 5.236 0.343
4 23 8.339 0.324
4 24 4.229 0.293
4 25 4.348 0.32
4 26 14.623 0.261
4 27 7.484 0.326
4 28 9.13 0.318
4 29 8.707 0.311
4 30 10.113 0.315
4 31 9.239 0.305
4 32 8.617 0.256
4 33 4.056 0.302
4 34 5.686 0.32
4 35 14.855 0.253
4 36 14.19 0.249
4 37 9.395 0.252
4 38 7.76 0.323
4 39 4.083 0.287
4 40 6.829 0.291
4 41 12.445 0.285
4 42 7.653 0.317
4 43 11.65 0.324
4 44 5.067 0.332
4 45 11.18 0.316
4 46 9.393 0.318
4 47 9.604 0.346
4 48 17.292 0.247
4 49 10.318 0.27
5 6 6.407 0.287
5 7 9.542 0.331
5 8 13.711 0.246
5 9 12.94 0.232
5 10 10.38 0.326
5 11 7.884 0.324
5 12 4.389 0.26
5 13 16.475 0.216
5 14 12.384 0.322
5 15 7.264 0.337
5 16 6.851 0.245
5 17 16.614 0.246
5 18 4.674 0.322
5 19 11.638 0.294
5 20 12.519 0.323
5 21 11.042 0.281
5 22 12.409 0.236
5 23 4.998 0.31
5 24 12.874 0.332
5 25 4.3 0.264
5 26 12.264 0.287
5 27 17.778 0.221
5 28 9.85 0.247
5 29 6.001 0.254
5 30 13.042 0.248
5 31 19.484 0.239
5 32 7.727 0.341
5 33 19.31 0.233
5 34 7.487 0.234
5 35 7.105 0.24
5 36 10.794 0.345
5 37 5.174 0.323
5 38 10.579 0.212
5 39 6.96 0.287
5 40 9.248 0.273
5 41 6.24 0.251
5 42 19.77 0.2
5 43 13.942 0.218
5 44 19.249 0.219
5 45 8.388 0.22
5 46 4.793 0.345
5 47 11.093 0.299
5 48 10.417 0.294
5 49 9.422 0.319
6 7 19.208 0.232
6 8 11.199 0.34
6 9 9.345 0.294
6 10 12.034 0.327
6 11 8.349 0.248
6 12 10.591 0.259
6 13 9.873 0.319
6 14 17.099 0.248
6 15 10.089 0.254
6 16 7.197 0.321
6 17 12.057 0.29
6 18 5.853 0.31
6 19 6.904 0.318
6 20 8.004 0.247
6 21 5.99 0.316
6 22 10.465 0.314
6 23 9.243 0.333
6 24 8.872 0.35
6 25 7.549 0.348
6 26 15.774 0.234
6 27 11.918 0.327
6 28 9.775 0.327
6 29 12.224 0.288
6 30 11.569 0.316
6 31 6.379 0.292
6 32 15.009 0.269
6 33 11.363 0.327
6 34 10.396 0.29
6 35 14.654 0.254
6 36 13.101 0.267
6 37 8.345 0.245
6 38 4.741 0.298
6 39 9.801 0.332
6 40 7.454 0.335
6 41 11.051 0.305
6 42 12.178 0.325
6 43 7.234 0.289
6 44 5.384 0.347
6 45 5.226 0.335
6 46 9.126 0.292
6 47 12.064 0.297
6 48 11.5 0.231
6 49 11.635 0.253
7 8 5.833 0.346
7 9 4.395 0.281
7 10 4.674 0.302
7 11 11.178 0.262
7 12 15.002 0.265
7 13 4.131 0.336
7 14 17.232 0.26
7 15 18.778 0.269
7 16 8.052 0.286
7 17 10.59 0.306
7 18 4.967 0.282
7 19 4.937 0.334
7 20 11.714 0.241
7 21 11.186 0.309
7 22 9.931 0.317
7 23 4.226 0.293
7 24 11.398 0.338
7 25 6.979 0.332
7 26 18.958 0.252
7 27 8.165 0.306
7 28 9.108 0.332
7 29 6.682 0.304
7 30 6.801 0.293
7 31 10.526 0.311
7 32 16.796 0.239
7 33 4.226 0.335
7 34 8.624 0.308
7 35 19.529 0.26
7 36 13.894 0.23
7 37 12.962 0.251
7 38 10.173 0.341
7 39 6.847 0.309
7 40 10.603 0.281
7 41 12.955 0.339
7 42 6.058 0.295
7 43 4.734 0.329
7 44 11.348 0.308
7 45 6.271 0.287
7 46 11.428 0.328
7 47 6.711 0.3
7 48 15.845 0.259
7 49 15.441 0.268
8 9 19.262 0.242
8 10 11.138 0.241
8 11 11.074 0.269
8 12 11.972 0.271
8 13 13.045 0.204
8 14 6.434 0.245
8 15 7.049 0.301
8 16 7.154 0.254
8 17 14.284 0.207
8 18 12.554 0.328
8 19 8.76 0.301
8 20 11.274 0.342
8 21 6.166 0.312
8 22 19.365 0.222
8 23 6.544 0.339
8 24 11.482 0.305
8 25 8.793 0.268
8 26 12.192 0.321
8 27 10.996 0.216
8 28 10.062 0.204
8 29 11.19 0.24
8 30 10.168 0.238
8 31 18.537 0.221
8 32 12.736 0.311
8 33 17.624 0.246
8 34 12.756 0.261
8 35 12.915 0.293
8 36 12.58 0.283
8 37 4.372 0.281
8 38 19.385 0.239
8 39 4.165 0.26
8 40 8.714 0.319
8 41 4.995 0.313
8 42 18.22 0.232
8 43 8.065 0.207
8 44 13.292 0.209
8 45 10.824 0.221
8 46 11.296 0.323
8 47 9.986 0.33
8 48 4.94 0.238
8 49 4.118 0.333
9 10 5.663 0.305
9 11 6.972 0.283
9 12 6.194 0.309
9 13 19.785 0.205
9 14 8.014 0.234
9 15 12.466 0.269
9 16 5.503 0.291
9 17 8.412 0.229
9 18 5.686 0.258
9 19 5.883 0.231
9 20 5.872 0.277
9 21 9.915 0.259
9 22 19.035 0.21
9 23 5.272 0.283
9 24 6.667 0.288
9 25 12.368 0.345
9 26 7.295 0.299
9 27 9.127 0.233
9 28 8.936 0.217
9 29 12.202 0.256
9 30 11.106 0.213
9 31 17.499 0.213
9 32 9.064 0.274
9 33 14.846 0.205
9 34 8.08 0.29
9 35 9.442 0.245
9 36 9.033 0.338
9 37 12.123 0.347
9 38 13.974 0.247
9 39 9.196 0.305
9 40 12.955 0.3
9 41 12.379 0.275
9 42 18.069 0.228
9 43 17.952 0.202
9 44 16.668 0.222
9 45 19.224 0.245
9 46 6.758 0.339
9 47 7.497 0.284
9 48 5.857 0.249
9 49 6.028 0.299
10 11 12.877 0.285
10 12 6.122 0.317
10 13 8.52 0.259
10 14 10.6 0.244
10 15 10.068 0.256
10 16 14.575 0.244
10 17 9.097 0.239
10 18 15.307 0.237
10 19 8.71 0.226
10 20 11.054 0.287
10 21 14.44 0.209
10 22 5.142 0.313
10 23 9.893 0.214
10 24 15.647 0.213
10 25 15.359 0.228
10 26 11.712 0.238
10 27 5.947 0.263
10 28 4.069 0.238
10 29 8.37 0.21
10 30 4.5 0.262
10 31 5.122 0.239
10 32 5.128 0.343
10 33 4.229 0.3
10 34 11.59 0.249
10 35 9.819 0.267
10 36 4.809 0.264
10 37 10.387 0.288
10 38 12.65 0.328
10 39 11.5 0.202
10 40 10.921 0.208
10 41 16.259 0.24
10 42 12.37 0.258
10 43 4.93 0.33
10 44 5.55 0.273
10 45 12.729 0.268
10 46 18.479 0.232
10 47 11.057 0.225
10 48 11.398 0.253
10 49 9.609 0.237
11 12 8.999 0.263
11 13 9.576 0.336
11 14 13.46 0.262
11 15 10.112 0.254
11 16 9.1 0.286
11 17 11.101 0.293
11 18 9.71 0.323
11 19 5.821 0.324
11 20 8.98 0.25
11 21 4.92 0.301
11 22 9.71 0.3
11 23 7.48 0.313
11 24 6.012 0.315
11 25 11.846 0.29
11 26 8.898 0.254
11 27 12.188 0.31
11 28 11.274 0.33
11 29 12.121 0.291
11 30 5.452 0.334
11 31 9.206 0.334
11 32 13.687 0.266
11 33 4.523 0.317
11 34 8.948 0.295
11 35 16.762 0.266
11 36 13.986 0.262
11 37 10.435 0.247
11 38 12.965 0.316
11 39 11.527 0.334
11 40 4.69 0.29
11 41 10.529 0.313
11 42 5.152 0.302
11 43 7.661 0.315
11 44 9.733 0.345
11 45 12.009 0.29
11 46 12.943 0.344
11 47 12.364 0.31
11 48 10.643 0.264
11 49 18.671 0.257
12 13 10.119 0.338
12 14 8.526 0.251
12 15 9.931 0.231
12 16 11.122 0.282
12 17 5.986 0.32
12 18 8.737 0.297
12 19 7.638 0.331
12 20 19.423 0.263
12 21 6.807 0.296
12 22 10.265 0.337
12 23 9.628 0.312
12 24 8.881 0.332
12 25 8.343 0.304
12 26 12.133 0.233
12 27 8.392 0.308
12 28 10.33 0.31
12 29 4.558 0.346
12 30 4.42 0.284
12 31 6.914 0.346
12 32 18.398 0.27
12 33 6.641 0.337
12 34 7.8 0.332
12 35 9.158 0.251
12 36 13.598 0.266
12 37 11.443 0.242
12 38 7.095 0.316
12 39 4.071 0.303
12 40 4.482 0.336
12 41 12.226 0.318
12 42 6.825 0.291
12 43 7.122 0.331
12 44 9.666 0.296
12 45 9.053 0.308
12 46 11.862 0.345
12 47 7.217 0.315
12 48 18.909 0.258
12 49 19.985 0.26
13 14 11.218 0.244
13 15 10.105 0.236
13 16 8.805 0.334
13 17 13.136 0.208
13 18 12.402 0.349
13 19 9.901 0.261
13 20 9.331 0.243
13 21 12.964 0.311
13 22 18.896 0.217
13 23 11.702 0.346
13 24 11.985 0.27
13 25 6.711 0.271
13 26 4.946 0.332
13 27 13.939 0.245
13 28 8.312 0.228
13 29 11.494 0.297
13 30 10.019 0.218
13 31 10.905 0.213
13 32 9.682 0.301
13 33 8.245 0.229
13 34 9.221 0.263
13 35 7.433 0.278
13 36 12.338 0.319
13 37 5.406 0.241
13 38 19.778 0.229
13 39 11.547 0.333
13 40 6.872 0.318
13 41 5.225 0.262
13 42 19.558 0.228
13 43 14.487 0.248
13 44 11.483 0.219
13 45 17.653 0.241
13 46 9.65 0.321
13 47 12.69 0.332
13 48 10.671 0.274
13 49 4.109 0.341
14 15 12.642 0.245
14 16 9.663 0.349
14 17 9.809 0.311
14 18 5.654 0.306
14 19 7.442 0.322
14 20 13.648 0.232
14 21 4.158 0.298
14 22 9.411 0.342
14 23 6.668 0.335
14 24 6.478 0.282
14 25 8.227 0.295
14 26 9.95 0.256
14 27 7.914 0.323
14 28 9.599 0.32
14 29 10.597 0.29
14 30 10.695 0.312
14 31 11.852 0.293
14 32 18.999 0.251
14 33 11.752 0.305
14 34 8.019 0.322
14 35 11.674 0.233
14 36 11.982 0.241
14 37 19.472 0.24
14 38 7.652 0.32
14 39 4.627 0.345
14 40 4.066 0.334
14 41 8.792 0.325
14 42 6.147 0.335
14 43 8.73 0.295
14 44 12.997 0.325
14 45 4.848 0.325
14 46 5.668 0.289
14 47 12.589 0.337
14 48 9.805 0.246
14 49 11.855 0.24
15 16 12.085 0.346
15 17 11.028 0.349
15 18 11.173 0.34
15 19 9.028 0.288
15 20 18.526 0.252
15 21 10.798 0.309
15 22 6.065 0.318
15 23 11.762 0.299
15 24 6.867 0.314
15 25 6.882 0.288
15 26 16.833 0.257
15 27 10.155 0.309
15 28 12.082 0.326
15 29 9.627 0.293
15 30 11.774 0.305
15 31 9.488 0.328
15 32 14.473 0.23
15 33 5.537 0.29
15 34 12.944 0.318
15 35 11.089 0.24
15 36 19.807 0.238
15 37 8.633 0.247
15 38 4.98 0.295
15 39 7.004 0.343
15 40 4.153 0.336
15 41 7.614 0.322
15 42 9.948 0.348
15 43 5.385 0.296
15 44 10.182 0.299
15 45 8.78 0.324
15 46 12.992 0.315
15 47 5.366 0.313
15 48 11.687 0.268
15 49 15.419 0.259
16 17 8.423 0.338
16 18 14.808 0.248
16 19 17.746 0.246
16 20 4.579 0.237
16 21 12.975 0.228
16 22 8.541 0.323
16 23 8.653 0.23
16 24 13.104 0.239
16 25 11.99 0.223
16 26 12.113 0.343
16 27 10.699 0.308
16 28 8.79 0.24
16 29 13.804 0.204
16 30 5.096 0.306
16 31 9.74 0.324
16 32 9.917 0.275
16 33 4.134 0.236
16 34 16.893 0.245
16 35 12.436 0.242
16 36 5.155 0.349
16 37 10.463 0.287
16 38 12.785 0.35
16 39 14.442 0.237
16 40 12.584 0.213
16 41 10.493 0.203
16 42 10.555 0.29
16 43 12.613 0.313
16 44 10.247 0.329
16 45 10.15 0.33
16 46 17.989 0.248
16 47 9.594 0.232
16 48 10.754 0.258
16 49 10.279 0.302
17 18 6.642 0.257
17 19 8.899 0.316
17 20 11.352 0.263
17 21 9.039 0.281
17 22 15.235 0.208
17 23 8.539 0.26
17 24 8.238 0.337
17 25 11.327 0.349
17 26 8.377 0.304
17 27 19.032 0.217
17 28 13.588 0.227
17 29 8.266 0.243
17 30 19.626 0.241
17 31 13.736 0.215
17 32 12.29 0.33
17 33 13.51 0.245
17 34 10.247 0.32
17 35 11.983 0.305
17 36 8.287 0.311
17 37 7.753 0.345
17 38 10.716 0.233
17 39 8.634 0.261
17 40 9.579 0.284
17 41 9.051 0.313
17 42 11.737 0.214
17 43 18.11 0.206
17 44 15.872 0.213
17 45 17.142 0.215
17 46 10.182 0.259
17 47 11.312 0.329
17 48 5.115 0.323
17 49 8.16 0.298
18 19 16.33 0.205
18 20 7.844 0.232
18 21 10.248 0.222
18 22 5.796 0.31
18 23 8.484 0.248
18 24 17.519 0.225
18 25 9.476 0.227
18 26 4.887 0.301
18 27 6.122 0.322
18 28 11.886 0.234
18 29 16.718 0.219
18 30 8.239 0.303
18 31 9.928 0.296
18 32 6.426 0.31
18 33 9.962 0.262
18 34 8.499 0.234
18 35 7.803 0.34
18 36 11.908 0.26
18 37 4.757 0.319
18 38 8.773 0.264
18 39 10.088 0.217
18 40 9.13 0.232
18 41 14.093 0.235
18 42 4.676 0.281
18 43 6.829 0.269
18 44 5.37 0.272
18 45 10.616 0.296
18 46 13.741 0.225
18 47 9.454 0.224
18 48 8.087 0.286
18 49 8.193 0.259
19 20 6.511 0.236
19 21 12.762 0.246
19 22 4.744 0.281
19 23 16.525 0.225
19 24 17.7 0.241
19 25 18.623 0.217
19 26 6.162 0.242
19 27 11.975 0.244
19 28 11.54 0.321
19 29 14.897 0.211
19 30 9.317 0.348
19 31 5.451 0.349
19 32 4.984 0.282
19 33 5.551 0.266
19 34 14.914 0.203
19 35 7.752 0.312
19 36 9.65 0.345
19 37 10.427 0.252
19 38 11.407 0.236
19 39 12.817 0.227
19 40 11.642 0.221
19 41 15.576 0.206
19 42 4.977 0.286
19 43 6.918 0.3
19 44 12.734 0.326
19 45 6.61 0.303
19 46 16.092 0.207
19 47 14.811 0.213
19 48 8.955 0.292
19 49 11.86 0.305
20 21 9.555 0.303
20 22 7.533 0.324
20 23 10.687 0.348
20 24 11.123 0.285
20 25 9.772 0.315
20 26 18.679 0.256
20 27 11.415 0.316
20 28 11.671 0.349
20 29 9.497 0.315
20 30 12.123 0.284
20 31 11.262 0.334
20 32 16.142 0.261
20 33 10.965 0.306
20 34 7.044 0.292
20 35 10.867 0.245
20 36 15.728 0.246
20 37 14.745 0.267
20 38 6.814 0.334
20 39 6.088 0.304
20 40 8.794 0.287
20 41 9.068 0.286
20 42 12.008 0.322
20 43 6.721 0.285
20 44 11.242 0.292
20 45 12.242 0.324
20 46 11.101 0.34
20 47 9.075 0.342
20 48 11.972 0.243
20 49 9.862 0.243
21 22 9.891 0.347
21 23 10.074 0.218
21 24 8.172 0.216
21 25 9.276 0.24
21 26 11.736 0.267
21 27 12.506 0.284
21 28 6.38 0.317
21 29 12.841 0.249
21 30 12.197 0.315
21 31 12.836 0.348
21 32 11.808 0.264
21 33 8.74 0.344
21 34 12.246 0.24
21 35 7.909 0.251
21 36 7.857 0.264
21 37 9.271 0.312
21 38 4.406 0.343
21 39 9.92 0.236
21 40 13.125 0.249
21 41 11.471 0.201
21 42 5.72 0.266
21 43 9.775 0.273
21 44 10.533 0.304
21 45 4.024 0.254
21 46 17.0 0.224
21 47 9.514 0.218
21 48 6.208 0.314
21 49 5.313 0.334
22 23 6.056 0.349
22 24 7.167 0.346
22 25 12.433 0.29
22 26 12.359 0.292
22 27 11.094 0.23
22 28 18.174 0.244
22 29 12.271 0.338
22 30 9.358 0.246
22 31 9.822 0.217
22 32 12.747 0.292
22 33 16.47 0.222
22 34 5.113 0.304
22 35 5.268 0.317
22 36 9.436 0.327
22 37 5.147 0.277
22 38 11.564 0.246
22 39 7.921 0.263
22 40 4.135 0.346
22 41 6.587 0.31
22 42 16.121 0.234
22 43 15.642 0.201
22 44 9.316 0.249
22 45 19.244 0.222
22 46 11.157 0.272
22 47 10.969 0.237
22 48 11.494 0.314
22 49 8.286 0.348
23 24 11.323 0.205
23 25 18.165 0.249
23 26 9.043 0.343
23 27 11.319 0.305
23 28 5.114 0.336
23 29 17.034 0.226
23 30 8.189 0.237
23 31 9.545 0.239
23 32 12.701 0.281
23 33 8.639 0.33
23 34 18.326 0.249
23 35 12.589 0.296
23 36 8.889 0.32
23 37 4.658 0.286
23 38 5.813 0.338
23 39 17.814 0.216
23 40 8.735 0.232
23 41 18.198 0.218
23 42 5.99 0.333
23 43 11.521 0.232
23 44 7.61 0.279
23 45 12.156 0.271
23 46 16.873 0.242
23 47 17.96 0.213
23 48 12.146 0.253
23 49 9.215 0.243
24 25 14.537 0.211
24 26 6.522 0.298
24 27 10.376 0.323
24 28 5.992 0.24
24 29 17.379 0.215
24 30 7.996 0.307
24 31 5.595 0.284
24 32 10.636 0.26
24 33 12.455 0.288
24 34 18.521 0.231
24 35 12.89 0.236
24 36 11.376 0.349
24 37 7.604 0.327
24 38 12.471 0.285
24 39 11.704 0.25
24 40 8.295 0.224
24 41 15.883 0.226
24 42 10.476 0.279
24 43 9.131 0.314
24 44 12.94 0.338
24 45 6.885 0.279
24 46 18.835 0.248
24 47 11.025 0.22
24 48 9.383 0.284
24 49 7.874 0.287
25 26 4.426 0.305
25 27 7.853 0.31
25 28 5.54 0.282
25 29 17.72 0.202
25 30 5.743 0.317
25 31 12.192 0.326
25 32 10.654 0.246
25 33 4.165 0.238
25 34 14.786 0.203
25 35 5.466 0.312
25 36 6.547 0.286
25 37 5.292 0.294
25 38 7.547 0.294
25 39 14.617 0.245
25 40 12.867 0.24
25 41 16.081 0.202
25 42 5.206 0.285
25 43 5.758 0.332
25 44 8.123 0.248
25 45 11.001 0.279
25 46 16.06 0.238
25 47 19.04 0.248
25 48 10.824 0.24
25 49 11.024 0.287
26 27 7.219 0.333
26 28 9.098 0.322
26 29 10.239 0.296
26 30 12.555 0.292
26 31 4.437 0.313
26 32 14.195 0.245
26 33 12.409 0.335
26 34 6.506 0.321
26 35 11.035 0.252
26 36 10.382 0.245
26 37 17.274 0.258
26 38 4.307 0.332
26 39 12.928 0.284
26 40 12.448 0.284
26 41 8.2 0.327
26 42 8.662 0.312
26 43 11.467 0.317
26 44 8.558 0.335
26 45 7.091 0.319
26 46 4.479 0.318
26 47 10.357 0.28
26 48 11.104 0.233
26 49 10.61 0.231
27 28 18.398 0.208
27 29 7.419 0.241
27 30 9.006 0.223
27 31 16.718 0.202
27 32 4.337 0.346
27 33 13.273 0.234
27 34 4.941 0.339
27 35 9.608 0.269
27 36 9.324 0.318
27 37 4.044 0.306
27 38 8.243 0.236
27 39 6.097 0.329
27 40 12.818 0.329
27 41 10.356 0.245
27 42 12.68 0.227
27 43 16.135 0.212
27 44 12.009 0.229
27 45 13.143 0.239
27 46 7.279 0.313
27 47 6.858 0.281
27 48 8.055 0.283
27 49 10.121 0.269
28 29 12.288 0.28
28 30 10.906 0.214
28 31 10.632 0.229
28 32 9.137 0.276
28 33 15.878 0.203
28 34 7.357 0.247
28 35 5.97 0.324
28 36 9.073 0.316
28 37 6.249 0.244
28 38 18.336 0.233
28 39 8.783 0.276
28 40 5.169 0.291
28 41 11.024 0.291
28 42 13.592 0.223
28 43 13.048 0.224
28 44 15.346 0.228
28 45 12.998 0.217
28 46 12.755 0.281
28 47 8.617 0.345
28 48 10.314 0.287
28 49 7.251 0.285
29 30 12.156 0.251
29 31 10.223 0.305
29 32 6.96 0.23
29 33 9.528 0.281
29 34 11.1 0.25
29 35 12.471 0.298
29 36 9.048 0.279
29 37 8.313 0.248
29 38 10.003 0.261
29 39 15.2 0.214
29 40 18.444 0.216
29 41 12.081 0.234
29 42 10.832 0.232
29 43 7.354 0.322
29 44 7.078 0.261
29 45 12.885 0.264
29 46 14.069 0.232
29 47 10.436 0.231
29 48 9.9 0.27
29 49 9.857 0.245
30 31 19.213 0.247
30 32 6.6 0.325
30 33 15.474 0.203
30 34 8.628 0.346
30 35 10.172 0.25
30 36 8.934 0.302
30 37 12.626 0.318
30 38 12.06 0.2
30 39 8.355 0.283
30 40 12.667 0.311
30 41 10.383 0.242
30 42 15.059 0.223
30 43 10.872 0.223
30 44 19.297 0.2
30 45 8.07 0.224
30 46 7.555 0.286
30 47 5.813 0.241
30 48 12.558 0.266
30 49 8.282 0.296
31 32 4.953 0.233
31 33 15.408 0.224
31 34 11.009 0.261
31 35 4.647 0.332
31 36 9.993 0.327
31 37 9.338 0.332
31 38 19.646 0.246
31 39 11.65 0.317
31 40 12.579 0.29
31 41 6.027 0.322
31 42 17.28 0.239
31 43 15.747 0.204
31 44 8.445 0.219
31 45 13.977 0.231
31 46 4.175 0.32
31 47 9.373 0.276
31 48 6.019 0.289
31 49 4.188 0.257
32 33 6.741 0.29
32 34 11.513 0.342
32 35 18.843 0.269
32 36 18.574 0.237
32 37 16.666 0.253
32 38 6.014 0.294
32 39 12.154 0.286
32 40 4.453 0.326
32 41 10.342 0.328
32 42 10.656 0.318
32 43 5.257 0.337
32 44 4.751 0.303
32 45 7.503 0.312
32 46 12.182 0.294
32 47 6.741 0.293
32 48 16.542 0.248
32 49 9.21 0.232
33 34 7.452 0.319
33 35 12.869 0.275
33 36 8.675 0.281
33 37 5.474 0.336
33 38 12.57 0.208
33 39 6.987 0.346
33 40 5.874 0.245
33 41 5.824 0.253
33 42 14.507 0.213
33 43 19.255 0.219
33 44 9.945 0.236
33 45 19.99 0.21
33 46 7.678 0.24
33 47 9.287 0.322
33 48 9.576 0.296
33 49 8.067 0.242
34 35 4.307 0.274
34 36 7.792 0.331
34 37 10.01 0.263
34 38 5.996 0.343
34 39 18.467 0.242
34 40 16.009 0.216
34 41 17.199 0.246
34 42 5.722 0.255
34 43 9.992 0.267
34 44 7.55 0.294
34 45 9.716 0.266
34 46 12.3 0.212
34 47 19.589 0.247
34 48 6.251 0.291
34 49 11.604 0.257
35 36 9.7 0.261
35 37 14.349 0.255
35 38 7.209 0.328
35 39 7.117 0.348
35 40 12.167 0.297
35 41 7.326 0.304
35 42 10.407 0.295
35 43 5.821 0.283
35 44 6.992 0.296
35 45 4.007 0.285
35 46 9.089 0.316
35 47 12.659 0.327
35 48 18.131 0.24
35 49 8.783 0.253
36 37 14.19 0.265
36 38 9.531 0.33
36 39 9.772 0.323
36 40 5.809 0.324
36 41 6.161 0.349
36 42 6.474 0.331
36 43 7.953 0.281
36 44 7.748 0.329
36 45 8.022 0.337
36 46 11.842 0.295
36 47 11.308 0.285
36 48 17.169 0.253
36 49 19.862 0.251
37 38 9.856 0.309
37 39 4.233 0.286
37 40 6.421 0.3
37 41 11.858 0.307
37 42 5.089 0.3
37 43 4.669 0.301
37 44 4.466 0.343
37 45 11.434 0.321
37 46 10.57 0.33
37 47 11.335 0.333
37 48 17.069 0.239
37 49 9.79 0.263
38 39 4.851 0.254
38 40 10.65 0.316
38 41 5.319 0.261
38 42 8.494 0.217
38 43 14.375 0.245
38 44 18.022 0.229
38 45 15.605 0.216
38 46 8.526 0.243
38 47 7.772 0.302
38 48 11.747 0.289
38 49 6.266 0.276
39 40 18.586 0.215
39 41 14.0 0.24
39 42 10.973 0.344
39 43 7.447 0.316
39 44 6.532 0.252
39 45 11.698 0.254
39 46 10.712 0.228
39 47 11.023 0.2
39 48 11.073 0.336
39 49 11.876 0.311
40 41 12.554 0.204
40 42 4.099 0.303
40 43 10.059 0.231
40 44 5.37 0.272
40 45 12.03 0.232
40 46 18.586 0.234
40 47 14.719 0.236
40 48 10.483 0.32
40 49 4.904 0.266
41 42 11.396 0.251
41 43 9.385 0.331
41 44 10.785 0.339
41 45 4.746 0.236
41 46 13.183 0.223
41 47 10.466 0.249
41 48 10.491 0.299
41 49 5.124 0.28
42 43 16.291 0.246
42 44 14.361 0.2
42 45 14.244 0.223
42 46 9.803 0.335
42 47 12.505 0.315
42 48 12.367 0.322
42 49 12.257 0.268
43 44 15.676 0.218
43 45 13.668 0.209
43 46 11.642 0.303
43 47 4.644 0.277
43 48 7.009 0.268
43 49 7.12 0.259
44 45 19.616 0.203
44 46 8.604 0.296
44 47 7.197 0.279
44 48 4.112 0.253
44 49 11.576 0.248
45 46 10.064 0.335
45 47 5.382 0.339
45 48 7.572 0.278
45 49 10.602 0.286
46 47 10.95 0.237
46 48 10.839 0.292
46 49 5.755 0.327
47 48 9.301 0.326
47 49 4.111 0.317
48 49 15.441 0.239
