50
50
0 1 39 0.065
0 2 59 0.079
0 3 54 0.052
0 4 84 0.028
0 5 49 0.084
0 6 82 0.073
0 7 98 0.026
0 8 72 0.022
0 9 68 0.037
0 10 99 0.047
0 11 98 0.042
0 12 51 0.066
0 13 72 0.088
0 14 85 0.031
0 15 57 0.068
0 16 27 0.096
0 17 5 0.097
0 18 7 0.042
0 19 36 0.033
0 20 12 0.038
0 21 84 0.005
0 22 12 0.041
0 23 68 0.067
0 24 85 0.089
0 25 62 0.007
0 26 58 0.079
0 27 17 0.052
0 28 7 0.079
0 29 20 0.05
0 30 92 0.061
0 31 31 0.03
0 32 23 0.066
0 33 95 0.009
0 34 72 0.087
0 35 7 0.076
0 36 66 0.077
0 37 28 0.006
0 38 57 0.026
0 39 22 0.041
0 40 52 0.069
0 41 79 0.095
0 42 98 0.075
0 43 71 0.028
0 44 63 0.021
0 45 76 0.038
0 46 7 0.052
0 47 18 0.095
0 48 35 0.097
0 49 96 0.095
1 2 39 0.072
1 3 47 0.06
1 4 96 0.01
1 5 47 0.076
1 6 24 0.08
1 7 75 0.09
1 8 48 0.089
1 9 99 0.012
1 10 48 0.058
1 11 28 0.055
1 12 66 0.086
1 13 63 0.032
1 14 38 0.021
1 15 27 0.06
1 16 61 0.058
1 17 60 0.04
1 18 10 0.029
1 19 88 0.025
1 20 92 0.085
1 21 45 0.092
1 22 7 0.043
1 23 65 0.026
1 24 51 0.096
1 25 85 0.051
1 26 3 0.008
1 27 68 0.043
1 28 44 0.057
1 29 5 0.019
1 30 61 0.086
1 31 56 0.029
1 32 59 0.07
1 33 96 0.07
1 34 18 0.085
1 35 57 0.008
1 36 22 0.072
1 37 65 0.091
1 38 55 0.068
1 39 2 0.08
1 40 53 0.033
1 41 21 0.04
1 42 34 0.092
1 43 54 0.009
1 44 41 0.002
1 45 83 0.005
1 46 63 0.012
1 47 6 0.044
1 48 11 0.082
1 49 55 0.069
2 3 92 0.089
2 4 91 0.031
2 5 59 0.021
2 6 69 0.003
2 7 29 0.008
2 8 19 0.031
2 9 71 0.022
2 10 1 0.099
2 11 56 0.007
2 12 78 0.031
2 13 8 0.012
2 14 49 0.047
2 15 15 0.055
2 16 20 0.083
2 17 32 0.036
2 18 58 0.002
2 19 1 0.047
2 20 92 0.074
2 21 30 0.002
2 22 96 0.04
2 23 44 0.041
2 24 54 0.022
2 25 1 0.08
2 26 5 0.008
2 27 34 0.049
2 28 49 0.047
2 29 80 0.013
2 30 30 0.062
2 31 14 0.086
2 32 49 0.019
2 33 19 0.094
2 34 42 0.048
2 35 95 0.006
2 36 73 0.021
2 37 47 0.094
2 38 74 0.074
2 39 35 0.004
2 40 4 0.034
2 41 50 0.074
2 42 40 0.062
2 43 43 0.045
2 44 95 0.056
2 45 13 0.051
2 46 36 0.097
2 47 34 0.076
2 48 1 0.042
2 49 31 0.013
3 4 99 0.057
3 5 49 0.038
3 6 39 0.057
3 7 82 0.018
3 8 91 0.034
3 9 82 0.069
3 10 79 0.073
3 11 86 0.004
3 12 62 0.063
3 13 74 0.035
3 14 87 0.068
3 15 94 0.058
3 16 58 0.078
3 17 59 0.088
3 18 84 0.1
3 19 71 0.092
3 20 1 0.071
3 21 26 0.008
3 22 97 0.033
3 23 65 0.043
3 24 37 0.002
3 25 42 0.09
3 26 99 0.094
3 27 59 0.044
3 28 85 0.082
3 29 90 0.085
3 30 20 0.077
3 31 59 0.031
3 32 40 0.059
3 33 81 0.015
3 34 67 0.095
3 35 19 0.028
3 36 70 0.065
3 37 63 0.039
3 38 39 0.056
3 39 88 0.008
3 40 74 0.015
3 41 20 0.075
3 42 24 0.057
3 43 54 0.003
3 44 2 0.089
3 45 4 0.051
3 46 15 0.078
3 47 8 0.092
3 48 24 0.039
3 49 83 0.05
4 5 33 0.046
4 6 92 0.046
4 7 95 0.022
4 8 76 0.093
4 9 71 0.058
4 10 37 0.036
4 11 70 0.064
4 12 61 0.1
4 13 49 0.088
4 14 34 0.078
4 15 36 0.03
4 16 38 0.048
4 17 49 0.042
4 18 48 0.01
4 19 35 0.026
4 20 24 0.077
4 21 32 0.02
4 22 28 0.003
4 23 75 0.02
4 24 89 0.04
4 25 35 0.049
4 26 46 0.039
4 27 17 0.077
4 28 55 0.04
4 29 1 0.012
4 30 11 0.008
4 31 3 0.009
4 32 69 0.093
4 33 12 0.018
4 34 50 0.089
4 35 55 0.064
4 36 37 0.021
4 37 11 0.059
4 38 36 0.072
4 39 71 0.014
4 40 23 0.092
4 41 24 0.059
4 42 4 0.033
4 43 67 0.021
4 44 75 0.093
4 45 33 0.052
4 46 83 0.052
4 47 17 0.091
4 48 15 0.099
4 49 14 0.037
5 6 49 0.071
5 7 59 0.044
5 8 67 0.099
5 9 59 0.087
5 10 34 0.057
5 11 38 0.041
5 12 56 0.005
5 13 62 0.031
5 14 17 0.012
5 15 79 0.042
5 16 97 0.039
5 17 51 0.029
5 18 19 0.055
5 19 72 0.045
5 20 61 0.071
5 21 20 0.024
5 22 67 0.006
5 23 5 0.077
5 24 26 0.057
5 25 28 0.06
5 26 49 0.002
5 27 35 0.063
5 28 72 0.086
5 29 55 0.01
5 30 41 0.061
5 31 85 0.055
5 32 1 0.019
5 33 16 0.001
5 34 7 0.071
5 35 1 0.083
5 36 9 0.016
5 37 15 0.052
5 38 25 0.076
5 39 33 0.089
5 40 29 0.087
5 41 25 0.095
5 42 81 0.081
5 43 66 0.05
5 44 47 0.063
5 45 92 0.046
5 46 36 0.095
5 47 24 0.038
5 48 3 0.071
5 49 38 0.029
6 7 72 0.058
6 8 74 0.076
6 9 91 0.066
6 10 98 0.085
6 11 80 0.084
6 12 68 0.073
6 13 81 0.048
6 14 57 0.095
6 15 10 0.099
6 16 30 0.051
6 17 67 0.099
6 18 63 0.008
6 19 38 0.054
6 20 99 0.087
6 21 1 0.035
6 22 98 0.057
6 23 84 0.059
6 24 19 0.045
6 25 48 0.086
6 26 81 0.006
6 27 78 0.042
6 28 16 0.009
6 29 21 0.056
6 30 78 0.038
6 31 42 0.027
6 32 68 0.011
6 33 25 0.057
6 34 49 0.07
6 35 45 0.004
6 36 83 0.048
6 37 80 0.012
6 38 53 0.038
6 39 81 0.043
6 40 51 0.052
6 41 94 0.002
6 42 14 0.022
6 43 24 0.02
6 44 69 0.028
6 45 26 0.002
6 46 9 0.028
6 47 21 0.061
6 48 45 0.032
6 49 36 0.047
7 8 62 0.017
7 9 57 0.007
7 10 3 0.031
7 11 63 0.046
7 12 9 0.054
7 13 52 0.07
7 14 15 0.059
7 15 32 0.084
7 16 46 0.082
7 17 33 0.048
7 18 54 0.093
7 19 22 0.01
7 20 44 0.003
7 21 75 0.069
7 22 7 0.087
7 23 79 0.016
7 24 81 0.091
7 25 65 0.068
7 26 90 0.059
7 27 57 0.064
7 28 57 0.001
7 29 35 0.087
7 30 65 0.007
7 31 74 0.063
7 32 15 0.066
7 33 61 0.062
7 34 4 0.009
7 35 74 0.06
7 36 97 0.053
7 37 16 0.074
7 38 95 0.028
7 39 35 0.065
7 40 78 0.072
7 41 70 0.083
7 42 31 0.029
7 43 17 0.091
7 44 48 0.049
7 45 86 0.093
7 46 42 0.047
7 47 69 0.072
7 48 95 0.024
7 49 90 0.057
8 9 63 0.004
8 10 16 0.022
8 11 92 0.093
8 12 70 0.084
8 13 83 0.058
8 14 58 0.087
8 15 77 0.043
8 16 55 0.024
8 17 7 0.068
8 18 53 0.027
8 19 25 0.088
8 20 36 0.014
8 21 55 0.023
8 22 18 0.022
8 23 27 0.067
8 24 45 0.082
8 25 5 0.024
8 26 20 0.082
8 27 36 0.098
8 28 89 0.061
8 29 12 0.056
8 30 92 0.083
8 31 78 0.021
8 32 6 0.048
8 33 80 0.02
8 34 82 0.047
8 35 73 0.015
8 36 34 0.078
8 37 63 0.088
8 38 26 0.085
8 39 25 0.048
8 40 52 0.08
8 41 70 0.039
8 42 62 0.063
8 43 89 0.091
8 44 2 0.002
8 45 16 0.058
8 46 96 0.086
8 47 63 0.028
8 48 57 0.016
8 49 7 0.001
9 10 28 0.068
9 11 21 0.046
9 12 10 0.093
9 13 78 0.099
9 14 93 0.014
9 15 33 0.086
9 16 48 0.074
9 17 23 0.071
9 18 21 0.057
9 19 79 0.046
9 20 54 0.065
9 21 56 0.058
9 22 42 0.094
9 23 90 0.032
9 24 77 0.058
9 25 53 0.095
9 26 51 0.092
9 27 64 0.036
9 28 40 0.049
9 29 74 0.024
9 30 61 0.04
9 31 22 0.009
9 32 72 0.042
9 33 56 0.057
9 34 88 0.03
9 35 8 0.036
9 36 3 0.07
9 37 99 0.071
9 38 70 0.015
9 39 44 0.1
9 40 35 0.018
9 41 57 0.09
9 42 11 0.014
9 43 43 0.042
9 44 15 0.006
9 45 85 0.069
9 46 78 0.022
9 47 33 0.031
9 48 47 0.03
9 49 27 0.036
10 11 57 0.077
10 12 89 0.049
10 13 82 0.041
10 14 72 0.06
10 15 74 0.053
10 16 32 0.027
10 17 81 0.063
10 18 74 0.077
10 19 62 0.072
10 20 30 0.082
10 21 40 0.048
10 22 95 0.084
10 23 32 0.029
10 24 3 0.086
10 25 6 0.003
10 26 38 0.022
10 27 15 0.014
10 28 61 0.052
10 29 49 0.094
10 30 58 0.044
10 31 4 0.094
10 32 12 0.038
10 33 63 0.05
10 34 23 0.051
10 35 73 0.04
10 36 88 0.048
10 37 5 0.002
10 38 0 0.027
10 39 79 0.008
10 40 79 0.076
10 41 62 0.035
10 42 53 0.078
10 43 45 0.047
10 44 83 0.063
10 45 10 0.075
10 46 19 0.021
10 47 81 0.079
10 48 77 0.086
10 49 31 0.072
11 12 38 0.094
11 13 23 0.038
11 14 45 0.096
11 15 56 0.057
11 16 67 0.088
11 17 78 0.032
11 18 99 0.021
11 19 49 0.072
11 20 59 0.029
11 21 50 0.069
11 22 95 0.083
11 23 80 0.093
11 24 28 0.069
11 25 18 0.061
11 26 72 0.073
11 27 67 0.034
11 28 55 0.032
11 29 3 0.08
11 30 31 0.017
11 31 7 0.03
11 32 47 0.098
11 33 2 0.055
11 34 51 0.01
11 35 65 0.043
11 36 1 0.068
11 37 21 0.051
11 38 20 0.069
11 39 68 0.017
11 40 17 0.029
11 41 46 0.092
11 42 77 0.085
11 43 34 0.033
11 44 95 0.082
11 45 41 0.084
11 46 10 0.049
11 47 15 0.062
11 48 1 0.078
11 49 34 0.016
12 13 45 0.077
12 14 87 0.078
12 15 82 0.041
12 16 62 0.034
12 17 94 0.081
12 18 92 0.026
12 19 42 0.069
12 20 96 0.084
12 21 14 0.011
12 22 15 0.033
12 23 98 0.057
12 24 16 0.034
12 25 86 0.006
12 26 9 0.059
12 27 43 0.011
12 28 96 0.056
12 29 1 0.084
12 30 87 0.077
12 31 59 0.021
12 32 83 0.055
12 33 65 0.016
12 34 86 0.036
12 35 59 0.08
12 36 64 0.039
12 37 77 0.092
12 38 55 0.073
12 39 28 0.066
12 40 76 0.048
12 41 79 0.014
12 42 18 0.082
12 43 17 0.025
12 44 20 0.06
12 45 40 0.051
12 46 48 0.035
12 47 85 0
12 48 54 0.044
12 49 64 0.005
13 14 72 0.034
13 15 91 0.06
13 16 81 0.044
13 17 71 0.007
13 18 61 0.034
13 19 51 0.039
13 20 72 0.003
13 21 73 0.089
13 22 56 0.07
13 23 83 0.031
13 24 73 0.013
13 25 77 0.086
13 26 37 0.003
13 27 22 0.07
13 28 60 0.077
13 29 37 0.056
13 30 31 0.092
13 31 84 0.094
13 32 60 0.069
13 33 11 0.003
13 34 59 0.058
13 35 14 0.079
13 36 96 0.022
13 37 16 0.003
13 38 75 0.047
13 39 36 0.063
13 40 91 0.059
13 41 97 0.001
13 42 76 0.064
13 43 46 0.057
13 44 46 0.09
13 45 46 0.063
13 46 6 0.057
13 47 11 0.018
13 48 99 0.031
13 49 36 0.034
14 15 81 0.01
14 16 72 0.091
14 17 83 0.012
14 18 74 0.009
14 19 65 0.044
14 20 55 0.086
14 21 77 0.083
14 22 47 0.005
14 23 34 0.032
14 24 67 0.041
14 25 63 0.069
14 26 37 0.098
14 27 91 0.03
14 28 80 0.032
14 29 38 0.089
14 30 17 0.041
14 31 18 0.003
14 32 16 0.067
14 33 79 0.023
14 34 54 0.03
14 35 98 0.044
14 36 25 0.002
14 37 31 0.055
14 38 91 0.035
14 39 14 0.013
14 40 70 0.075
14 41 23 0.079
14 42 59 0.074
14 43 34 0.066
14 44 41 0.015
14 45 37 0.005
14 46 83 0.009
14 47 65 0.032
14 48 19 0.006
14 49 83 0.062
15 16 91 0.032
15 17 82 0.013
15 18 73 0.048
15 19 64 0.03
15 20 19 0.032
15 21 43 0.092
15 22 42 0.073
15 23 93 0.094
15 24 8 0.047
15 25 26 0.087
15 26 36 0.037
15 27 26 0.068
15 28 9 0.081
15 29 3 0.008
15 30 19 0.02
15 31 90 0.073
15 32 19 0.035
15 33 7 0.004
15 34 32 0.068
15 35 60 0.05
15 36 89 0.008
15 37 86 0.022
15 38 91 0.052
15 39 20 0.044
15 40 52 0.076
15 41 75 0.065
15 42 13 0.073
15 43 90 0.077
15 44 98 0.007
15 45 8 0.058
15 46 13 0.035
15 47 30 0.079
15 48 78 0.033
15 49 52 0.015
16 17 86 0.017
16 18 20 0.035
16 19 27 0.041
16 20 20 0.034
16 21 74 0.029
16 22 69 0.1
16 23 39 0.076
16 24 48 0.03
16 25 98 0.079
16 26 20 0.03
16 27 81 0.056
16 28 63 0.05
16 29 51 0.092
16 30 79 0.04
16 31 23 0.026
16 32 34 0.065
16 33 69 0.013
16 34 2 0.04
16 35 2 0.088
16 36 7 0.099
16 37 63 0.015
16 38 98 0.039
16 39 19 0.036
16 40 37 0.01
16 41 54 0.072
16 42 8 0.053
16 43 75 0.033
16 44 84 0.063
16 45 46 0.028
16 46 40 0.082
16 47 76 0.082
16 48 95 0.004
16 49 25 0.054
17 18 39 0.003
17 19 90 0.021
17 20 65 0.005
17 21 89 0.059
17 22 7 0.084
17 23 6 0.069
17 24 29 0.096
17 25 72 0.027
17 26 56 0.086
17 27 83 0.072
17 28 70 0.089
17 29 92 0.053
17 30 45 0.086
17 31 57 0.091
17 32 76 0.07
17 33 49 0.062
17 34 84 0.038
17 35 72 0.022
17 36 45 0.035
17 37 39 0.032
17 38 44 0.096
17 39 40 0.028
17 40 64 0.004
17 41 40 0.084
17 42 57 0.093
17 43 28 0.086
17 44 33 0.062
17 45 18 0.087
17 46 46 0.05
17 47 86 0.068
17 48 34 0.072
17 49 54 0.023
18 19 79 0.026
18 20 75 0.077
18 21 41 0.052
18 22 97 0.053
18 23 36 0.072
18 24 92 0.006
18 25 54 0.071
18 26 81 0.023
18 27 74 0.064
18 28 73 0.014
18 29 44 0.037
18 30 69 0.018
18 31 89 0.074
18 32 70 0.026
18 33 40 0.044
18 34 99 0.033
18 35 8 0.017
18 36 66 0.073
18 37 90 0.03
18 38 30 0.098
18 39 94 0.07
18 40 55 0.001
18 41 93 0.004
18 42 55 0.064
18 43 62 0.04
18 44 84 0.079
18 45 38 0.065
18 46 60 0.07
18 47 74 0.012
18 48 84 0.019
18 49 89 0.02
19 20 20 0.074
19 21 45 0.05
19 22 96 0.08
19 23 96 0.096
19 24 11 0.044
19 25 39 0.07
19 26 21 0.016
19 27 82 0.069
19 28 18 0.082
19 29 5 0.068
19 30 89 0.063
19 31 68 0.041
19 32 40 0.022
19 33 50 0.094
19 34 62 0.032
19 35 38 0.005
19 36 99 0.077
19 37 44 0.037
19 38 3 0.065
19 39 64 0.059
19 40 78 0.041
19 41 53 0.036
19 42 58 0.015
19 43 67 0.099
19 44 4 0.057
19 45 91 0.062
19 46 58 0.05
19 47 20 0.021
19 48 77 0.005
19 49 71 0.031
20 21 49 0.064
20 22 56 0.047
20 23 78 0.039
20 24 86 0.095
20 25 57 0.094
20 26 64 0.041
20 27 74 0.007
20 28 66 0.041
20 29 55 0.071
20 30 12 0.046
20 31 50 0.092
20 32 63 0.041
20 33 53 0.093
20 34 6 0.028
20 35 51 0.065
20 36 28 0.035
20 37 35 0.029
20 38 58 0.053
20 39 78 0.011
20 40 34 0.095
20 41 93 0.087
20 42 28 0.049
20 43 81 0.099
20 44 12 0.079
20 45 76 0.07
20 46 38 0.01
20 47 86 0.071
20 48 32 0.059
20 49 44 0.026
21 22 67 0.001
21 23 68 0.068
21 24 78 0.02
21 25 98 0.083
21 26 56 0.079
21 27 75 0.072
21 28 76 0.079
21 29 98 0.05
21 30 91 0.044
21 31 72 0.098
21 32 8 0.051
21 33 75 0.052
21 34 10 0.019
21 35 25 0.048
21 36 2 0.058
21 37 79 0.091
21 38 32 0.059
21 39 87 0.099
21 40 24 0.078
21 41 8 0.034
21 42 76 0.096
21 43 87 0.057
21 44 32 0.06
21 45 83 0.01
21 46 85 0.095
21 47 76 0.013
21 48 16 0.033
21 49 67 0.004
22 23 98 0.054
22 24 45 0.067
22 25 39 0.092
22 26 68 0.088
22 27 74 0.07
22 28 66 0.061
22 29 99 0.038
22 30 67 0.007
22 31 16 0.022
22 32 87 0.095
22 33 2 0.097
22 34 21 0.096
22 35 62 0.025
22 36 56 0.094
22 37 3 0.035
22 38 67 0.048
22 39 28 0.021
22 40 35 0.079
22 41 24 0.02
22 42 34 0.047
22 43 4 0.058
22 44 3 0.093
22 45 82 0.043
22 46 27 0.064
22 47 88 0.055
22 48 34 0.079
22 49 59 0.03
23 24 99 0.07
23 25 76 0.089
23 26 56 0.099
23 27 77 0.021
23 28 58 0.079
23 29 57 0.033
23 30 46 0.002
23 31 74 0.067
23 32 72 0.08
23 33 77 0.093
23 34 66 0.054
23 35 96 0.025
23 36 4 0.006
23 37 28 0.062
23 38 73 0.093
23 39 4 0.096
23 40 69 0.089
23 41 84 0.044
23 42 81 0.078
23 43 55 0.047
23 44 95 0.038
23 45 92 0.052
23 46 9 0.013
23 47 51 0.08
23 48 37 0.074
23 49 30 0.036
24 25 66 0.036
24 26 77 0.044
24 27 65 0
24 28 54 0.098
24 29 48 0.033
24 30 11 0.073
24 31 15 0.053
24 32 17 0.089
24 33 29 0.036
24 34 80 0.038
24 35 97 0.042
24 36 37 0.089
24 37 35 0.003
24 38 91 0.048
24 39 35 0.02
24 40 50 0.035
24 41 6 0.031
24 42 10 0.025
24 43 85 0.019
24 44 44 0.07
24 45 72 0.019
24 46 81 0.016
24 47 11 0.072
24 48 14 0.002
24 49 80 0.018
25 26 76 0.015
25 27 83 0.097
25 28 82 0.08
25 29 65 0.025
25 30 72 0.065
25 31 82 0.098
25 32 68 0.096
25 33 63 0.019
25 34 5 0.014
25 35 88 0.072
25 36 99 0.06
25 37 55 0.094
25 38 72 0.093
25 39 48 0.05
25 40 3 0.091
25 41 27 0.02
25 42 93 0.03
25 43 40 0.069
25 44 57 0.077
25 45 79 0.092
25 46 3 0.029
25 47 89 0.059
25 48 79 0.089
25 49 57 0.098
26 27 73 0.037
26 28 29 0.079
26 29 37 0.073
26 30 28 0.035
26 31 29 0.024
26 32 28 0.086
26 33 12 0.027
26 34 88 0.096
26 35 64 0.083
26 36 45 0.086
26 37 90 0.024
26 38 66 0.038
26 39 79 0.04
26 40 12 0.073
26 41 44 0.037
26 42 58 0.05
26 43 38 0.027
26 44 91 0.008
26 45 22 0.09
26 46 21 0.023
26 47 78 0.079
26 48 90 0.018
26 49 31 0.055
27 28 82 0.051
27 29 29 0.024
27 30 5 0.088
27 31 10 0.008
27 32 63 0.032
27 33 40 0.018
27 34 86 0.038
27 35 21 0.007
27 36 11 0.001
27 37 92 0.054
27 38 93 0.079
27 39 56 0.02
27 40 31 0.073
27 41 56 0.006
27 42 86 0.073
27 43 77 0.073
27 44 51 0.021
27 45 96 0.067
27 46 27 0.073
27 47 84 0.096
27 48 82 0.003
27 49 16 0.058
28 29 62 0.066
28 30 94 0.027
28 31 50 0.056
28 32 53 0.086
28 33 88 0.008
28 34 23 0.087
28 35 17 0.094
28 36 33 0.073
28 37 76 0.003
28 38 9 0.03
28 39 43 0.077
28 40 64 0.057
28 41 60 0.083
28 42 8 0.015
28 43 61 0.035
28 44 52 0.098
28 45 73 0.094
28 46 75 0.052
28 47 0 0.09
28 48 56 0.04
28 49 92 0.034
29 30 5 0.013
29 31 39 0.037
29 32 78 0.06
29 33 47 0.007
29 34 82 0.003
29 35 63 0.006
29 36 22 0.087
29 37 89 0.031
29 38 57 0.023
29 39 33 0.02
29 40 59 0.057
29 41 75 0.076
29 42 96 0.09
29 43 54 0.018
29 44 41 0.024
29 45 67 0.075
29 46 54 0.059
29 47 7 0.061
29 48 41 0.028
29 49 22 0.078
30 31 93 0.025
30 32 45 0.07
30 33 82 0.043
30 34 73 0.074
30 35 73 0.081
30 36 82 0.087
30 37 59 0.092
30 38 82 0.068
30 39 71 0.049
30 40 71 0.008
30 41 48 0.081
30 42 75 0.077
30 43 6 0.045
30 44 71 0.008
30 45 66 0.049
30 46 89 0.021
30 47 87 0.095
30 48 5 0.025
30 49 95 0.019
31 32 82 0.07
31 33 72 0.025
31 34 93 0.051
31 35 92 0.044
31 36 64 0.011
31 37 72 0.055
31 38 54 0.084
31 39 82 0.057
31 40 57 0.073
31 41 95 0.069
31 42 0 0.091
31 43 21 0.087
31 44 4 0.038
31 45 25 0.086
31 46 74 0.065
31 47 45 0.048
31 48 82 0.086
31 49 35 0.094
32 33 49 0.034
32 34 99 0.006
32 35 84 0.056
32 36 75 0.073
32 37 72 0.029
32 38 82 0.086
32 39 73 0.059
32 40 3 0.085
32 41 56 0.005
32 42 94 0.048
32 43 58 0.064
32 44 91 0.024
32 45 13 0.021
32 46 62 0.021
32 47 47 0.041
32 48 84 0.076
32 49 36 0.071
33 34 32 0.019
33 35 34 0.007
33 36 46 0.013
33 37 57 0.018
33 38 68 0.052
33 39 99 0.049
33 40 47 0.012
33 41 19 0.038
33 42 59 0.045
33 43 50 0.009
33 44 68 0.021
33 45 83 0.023
33 46 88 0.006
33 47 57 0.086
33 48 60 0.061
33 49 89 0.087
34 35 57 0.076
34 36 56 0.066
34 37 68 0.017
34 38 65 0.001
34 39 47 0.061
34 40 8 0.082
34 41 64 0.084
34 42 88 0.044
34 43 60 0.051
34 44 68 0.044
34 45 7 0.067
34 46 55 0.014
34 47 84 0.08
34 48 8 0.082
34 49 6 0.021
35 36 45 0.011
35 37 56 0.096
35 38 56 0.006
35 39 67 0.044
35 40 49 0.037
35 41 87 0.054
35 42 1 0.071
35 43 24 0.072
35 44 93 0.08
35 45 65 0.033
35 46 8 0.017
35 47 8 0.024
35 48 40 0.067
35 49 15 0.035
36 37 99 0.014
36 38 49 0.056
36 39 69 0.083
36 40 5 0.092
36 41 75 0.014
36 42 4 0.011
36 43 10 0.055
36 44 47 0.023
36 45 16 0.032
36 46 5 0.023
36 47 73 0.049
36 48 62 0.081
36 49 53 0.011
37 38 79 0.083
37 39 99 0.048
37 40 4 0.032
37 41 68 0.036
37 42 88 0.079
37 43 69 0.033
37 44 18 0.058
37 45 0 0.065
37 46 96 0.053
37 47 72 0.074
37 48 69 0.023
37 49 23 0.034
38 39 47 0.01
38 40 68 0.087
38 41 45 0.089
38 42 11 0.067
38 43 34 0.055
38 44 45 0.029
38 45 18 0.098
38 46 4 0.075
38 47 38 0.02
38 48 24 0.072
38 49 65 0.029
39 40 86 0.031
39 41 22 0.014
39 42 57 0.02
39 43 8 0.095
39 44 90 0.046
39 45 58 0.079
39 46 67 0.073
39 47 18 0.049
39 48 71 0.026
39 49 46 0.027
40 41 39 0.035
40 42 34 0.004
40 43 34 0.098
40 44 45 0.087
40 45 62 0.006
40 46 71 0.007
40 47 92 0.038
40 48 82 0.071
40 49 63 0.026
41 42 34 0.028
41 43 43 0.086
41 44 95 0.04
41 45 45 0.076
41 46 56 0.053
41 47 57 0.087
41 48 43 0.009
41 49 32 0.083
42 43 36 0.063
42 44 35 0.039
42 45 57 0.094
42 46 67 0.062
42 47 67 0.048
42 48 76 0.009
42 49 82 0.059
43 44 99 0.092
43 45 57 0.041
43 46 47 0.083
43 47 42 0.043
43 48 36 0.057
43 49 29 0.026
44 45 39 0.062
44 46 98 0.025
44 47 72 0.052
44 48 49 0.029
44 49 69 0.048
45 46 91 0.054
45 47 80 0.009
45 48 70 0.055
45 49 65 0.079
46 47 50 0.063
46 48 40 0.041
46 49 54 0.055
47 48 32 0.022
47 49 21 0.027
48 49 23 0.076