50
85.381
0 1 3.838 1.879
0 2 1.999 0.593
0 3 5.963 0.964
0 4 10.187 0.258
0 5 3.285 5.742
0 6 4.284 1.292
0 7 3.583 2.671
0 8 2.674 0.626
0 9 3.285 1.292
0 10 2.156 1.892
0 11 1.792 0.979
0 12 1.662 2.291
0 13 1.041 2.104
0 14 0.941 2.084
0 15 1.022 2.080
0 16 1.684 1.186
0 17 1.239 1.996
0 18 0.345 1.569
0 19 0.937 2.261
0 20 0.497 1.640
0 21 1.770 1.999
0 22 1.525 2.157
0 23 0.349 1.437
0 24 2.281 1.680
0 25 2.021 1.039
0 26 1.549 2.213
0 27 0.825 1.507
0 28 0.367 1.125
0 29 1.354 2.167
0 30 0.672 1.981
0 31 0.878 1.958
0 32 0.386 1.370
0 33 1.066 1.531
0 34 2.641 1.571
0 35 0.370 1.557
0 36 0.326 1.268
0 37 1.240 2.048
0 38 0.211 2.016
0 39 2.483 2.042
0 40 0.569 1.318
0 41 1.776 2.220
0 42 2.257 1.044
0 43 0.886 1.091
0 44 1.228 1.351
0 45 0.719 1.928
0 46 1.321 1.586
0 47 0.168 1.260
0 48 1.544 2.019
0 49 2.358 1.286
1 2 9.63 1.244
1 3 6.498 2.675
1 4 9.838 2.464
1 5 3.738 1.924
1 6 8.849 4.468
1 7 4.381 2.680
1 8 0.389 4.418
1 9 4.838 2.374
1 10 1.219 3.609
1 11 2.771 3.204
1 12 2.661 3.147
1 13 1.817 4.767
1 14 2.957 3.202
1 15 3.328 3.300
1 16 0.510 2.708
1 17 3.600 2.710
1 18 0.630 4.469
1 19 2.770 4.679
1 20 2.706 4.592
1 21 2.865 3.498
1 22 2.499 3.019
1 23 2.780 4.230
1 24 3.194 3.646
1 25 1.387 3.032
1 26 0.742 2.840
1 27 3.580 2.702
1 28 2.838 3.954
1 29 3.590 4.577
1 30 2.430 3.417
1 31 0.944 4.489
1 32 1.368 4.392
1 33 1.355 3.026
1 34 4.001 2.820
1 35 1.773 3.387
1 36 0.966 3.760
1 37 1.634 3.005
1 38 3.845 4.304
1 39 2.282 2.736
1 40 2.435 2.872
1 41 0.452 3.410
1 42 0.861 3.826
1 43 1.134 3.310
1 44 4.255 2.897
1 45 0.720 4.254
1 46 0.266 4.815
1 47 1.327 3.630
1 48 3.884 4.213
1 49 2.165 4.183
2 3 0.373 1.292
2 4 0.174 1.587
2 5 3.728 3.969
2 6 8.483 4.188
2 7 2.875 0.268
2 8 1.593 0.524
2 9 7.928 2.136
2 10 0.181 1.740
2 11 0.160 1.639
2 12 1.547 1.785
2 13 1.289 1.409
2 14 2.593 2.114
2 15 2.296 2.528
2 16 0.837 1.893
2 17 2.621 2.197
2 18 2.651 2.590
2 19 1.094 2.611
2 20 1.200 2.093
2 21 2.783 1.298
2 22 0.951 1.966
2 23 1.911 2.672
2 24 1.375 1.927
2 25 2.587 1.642
2 26 2.472 1.540
2 27 1.823 1.561
2 28 1.125 1.704
2 29 1.254 2.667
2 30 2.798 1.502
2 31 2.595 1.350
2 32 1.126 2.365
2 33 0.796 2.450
2 34 2.664 1.384
2 35 1.380 1.583
2 36 1.222 2.641
2 37 0.834 2.598
2 38 0.654 2.448
2 39 2.760 2.384
2 40 1.740 2.357
2 41 2.423 1.929
2 42 2.864 1.429
2 43 1.897 2.599
2 44 2.278 1.276
2 45 1.102 1.264
2 46 2.497 1.873
2 47 1.243 2.177
2 48 0.335 1.934
2 49 0.775 1.957
3 4 1.385 0.392
3 5 4.278 7.191
3 6 3.827 2.191
3 7 3.748 2.418
3 8 4.126 0.683
3 9 7.389 3.192
3 10 0.755 1.222
3 11 0.904 1.033
3 12 0.086 1.303
3 13 1.070 1.262
3 14 0.885 1.345
3 15 0.919 1.206
3 16 0.785 1.082
3 17 0.430 1.484
3 18 0.758 1.243
3 19 1.160 1.567
3 20 0.053 1.304
3 21 0.359 1.105
3 22 0.523 0.983
3 23 0.315 1.652
3 24 0.349 1.226
3 25 1.176 1.032
3 26 1.067 1.111
3 27 0.190 1.119
3 28 1.196 1.153
3 29 0.383 1.207
3 30 0.781 1.050
3 31 1.141 1.526
3 32 0.290 1.521
3 33 0.252 1.117
3 34 1.053 1.549
3 35 0.108 1.029
3 36 0.763 1.332
3 37 0.775 1.183
3 38 0.474 1.224
3 39 0.152 1.260
3 40 0.959 1.575
3 41 1.372 1.267
3 42 0.632 1.077
3 43 0.492 1.162
3 44 0.074 1.626
3 45 1.221 1.057
3 46 0.052 1.105
3 47 1.252 1.089
3 48 1.262 1.212
3 49 1.208 1.130
4 5 5.383 3.241
4 6 6.383 2.191
4 7 2.473 0.698
4 8 9.328 1.246
4 9 4.013 0.739
4 10 1.313 1.737
4 11 1.369 1.433
4 12 0.471 1.400
4 13 0.771 1.864
4 14 1.073 1.295
4 15 0.995 1.849
4 16 0.890 1.539
4 17 0.828 1.797
4 18 0.148 1.519
4 19 0.789 1.326
4 20 1.164 1.445
4 21 1.027 1.615
4 22 0.408 1.771
4 23 0.725 1.716
4 24 1.164 1.672
4 25 1.044 1.775
4 26 0.984 1.394
4 27 0.579 1.349
4 28 0.358 1.404
4 29 0.198 1.413
4 30 0.743 1.786
4 31 0.111 1.718
4 32 0.979 1.615
4 33 0.991 1.725
4 34 0.465 1.906
4 35 0.542 1.380
4 36 0.402 1.560
4 37 1.346 1.398
4 38 0.812 1.702
4 39 0.941 1.899
4 40 1.055 1.909
4 41 0.195 1.470
4 42 0.382 1.331
4 43 0.938 1.740
4 44 0.826 1.547
4 45 0.571 1.857
4 46 0.247 1.616
4 47 0.395 1.388
4 48 0.061 1.757
4 49 0.409 1.695
5 6 7.48 7.292
5 7 3.583 8.749
5 8 0.038 0.192
5 9 4.382 5.742
5 10 0.097 49.501
5 11 0.060 49.522
5 12 0.022 49.540
5 13 0.028 49.516
5 14 0.030 49.538
5 15 0.002 49.537
5 16 0.031 49.514
5 17 0.044 49.538
5 18 0.034 49.506
5 19 0.011 49.533
5 20 0.022 49.544
5 21 0.010 49.535
5 22 0.018 49.528
5 23 0.057 49.539
5 24 0.016 49.527
5 25 0.004 49.517
5 26 0.072 49.540
5 27 0.069 49.506
5 28 0.043 49.536
5 29 0.085 49.511
5 30 0.012 49.518
5 31 0.030 49.508
5 32 0.003 49.510
5 33 0.077 49.549
5 34 0.032 49.538
5 35 0.095 49.546
5 36 0.082 49.537
5 37 0.064 49.519
5 38 0.028 49.527
5 39 0.030 49.546
5 40 0.079 49.546
5 41 0.086 49.520
5 42 0.027 49.513
5 43 0.067 49.504
5 44 0.092 49.541
5 45 0.067 49.523
5 46 0.010 49.545
5 47 0.046 49.508
5 48 0.026 49.506
5 49 0.085 49.510
6 7 2.389 3.974
6 8 7.489 1.423
6 9 12.51 4.218
6 10 4.316 5.578
6 11 12.436 6.253
6 12 9.824 5.852
6 13 9.394 5.587
6 14 7.673 8.929
6 15 2.925 6.479
6 16 10.534 9.996
6 17 9.259 9.369
6 18 8.355 8.836
6 19 2.507 4.570
6 20 7.908 8.492
6 21 7.698 10.292
6 22 3.654 9.764
6 23 0.239 9.358
6 24 9.389 7.969
6 25 6.406 8.502
6 26 3.562 9.571
6 27 5.215 9.639
6 28 1.777 9.498
6 29 5.048 6.145
6 30 12.299 5.995
6 31 1.697 8.752
6 32 2.224 8.789
6 33 12.098 4.760
6 34 7.614 5.337
6 35 1.575 6.497
6 36 2.384 4.523
6 37 4.509 8.631
6 38 0.349 6.824
6 39 6.490 4.458
6 40 10.935 9.163
6 41 0.130 8.272
6 42 7.017 6.242
6 43 5.754 7.400
6 44 6.298 6.634
6 45 9.244 10.373
6 46 7.882 8.378
6 47 5.279 5.981
6 48 1.628 6.913
6 49 0.884 8.148
7 8 4.483 1.474
7 9 9.473 5.242
7 10 1.087 3.094
7 11 0.119 3.426
7 12 1.530 3.593
7 13 2.045 3.899
7 14 1.069 4.006
7 15 0.941 3.975
7 16 1.707 3.558
7 17 0.860 2.916
7 18 1.342 3.686
7 19 1.205 3.766
7 20 2.193 2.955
7 21 1.676 3.741
7 22 0.574 3.430
7 23 1.576 3.904
7 24 0.115 3.042
7 25 2.396 3.969
7 26 0.081 2.855
7 27 2.683 2.894
7 28 0.911 3.234
7 29 0.494 3.763
7 30 2.673 2.973
7 31 1.375 3.480
7 32 0.193 3.211
7 33 0.772 3.330
7 34 2.682 3.306
7 35 0.620 2.704
7 36 1.596 2.829
7 37 1.665 2.846
7 38 2.273 3.294
7 39 0.810 3.382
7 40 0.330 3.605
7 41 1.935 3.393
7 42 0.485 3.689
7 43 2.502 3.855
7 44 1.279 2.751
7 45 2.636 3.603
7 46 2.426 3.501
7 47 2.302 2.781
7 48 0.502 3.996
7 49 0.324 3.049
8 9 6.383 2.188
8 10 0.910 2.496
8 11 2.545 2.430
8 12 2.358 1.779
8 13 0.003 2.485
8 14 2.600 2.044
8 15 1.550 2.153
8 16 0.601 2.113
8 17 1.551 1.899
8 18 2.209 1.763
8 19 1.641 2.053
8 20 2.495 1.728
8 21 1.144 2.406
8 22 1.904 1.292
8 23 1.407 2.155
8 24 2.636 2.352
8 25 1.501 1.930
8 26 0.732 1.612
8 27 1.738 1.872
8 28 0.268 1.983
8 29 0.753 1.331
8 30 0.461 1.553
8 31 2.484 1.261
8 32 2.439 1.957
8 33 1.810 2.437
8 34 0.438 1.859
8 35 0.065 1.760
8 36 0.737 1.984
8 37 1.735 2.234
8 38 0.642 1.580
8 39 2.448 2.268
8 40 0.530 2.228
8 41 0.694 1.672
8 42 1.815 2.513
8 43 1.567 2.025
8 44 2.366 2.364
8 45 0.110 2.344
8 46 1.391 1.742
8 47 0.415 2.559
8 48 0.561 2.149
8 49 1.352 2.336
9 10 11.535 9.317
9 11 6.262 9.887
9 12 4.136 6.297
9 13 1.263 8.215
9 14 9.326 9.903
9 15 0.064 7.155
9 16 6.807 9.692
9 17 5.602 7.256
9 18 8.472 8.710
9 19 0.613 6.447
9 20 1.516 4.439
9 21 10.488 7.639
9 22 11.633 7.081
9 23 8.962 4.930
9 24 0.165 9.942
9 25 2.878 9.776
9 26 11.241 9.121
9 27 8.632 10.362
9 28 0.379 8.215
9 29 5.361 6.596
9 30 8.157 9.692
9 31 4.360 6.772
9 32 8.014 8.419
9 33 12.356 5.812
9 34 0.158 7.003
9 35 7.389 5.699
9 36 0.329 9.789
9 37 12.419 9.850
9 38 0.043 9.071
9 39 6.148 6.074
9 40 0.531 6.422
9 41 0.947 9.357
9 42 10.037 7.722
9 43 5.866 8.062
9 44 3.363 6.931
9 45 0.913 9.009
9 46 8.645 7.078
9 47 6.911 8.574
9 48 1.060 8.938
9 49 5.335 4.446
10 11 3.841 1.881
10 12 2.002 0.594
10 13 5.966 0.965
10 14 10.19 0.260
10 15 3.288 5.743
10 16 4.287 1.293
10 17 3.586 2.672
10 18 2.677 0.628
10 19 3.288 1.293
10 20 1.686 1.178
10 21 0.578 1.015
10 22 1.255 1.854
10 23 0.641 1.652
10 24 0.230 1.217
10 25 2.511 2.059
10 26 2.233 1.973
10 27 0.847 1.518
10 28 0.697 2.197
10 29 1.809 1.892
10 30 2.464 2.096
10 31 2.336 1.839
10 32 1.549 1.861
10 33 2.025 1.259
10 34 1.771 2.136
10 35 0.634 1.205
10 36 0.325 2.020
10 37 1.577 2.093
10 38 1.589 2.068
10 39 0.117 2.062
10 40 1.364 2.101
10 41 2.257 2.184
10 42 1.051 1.038
10 43 1.998 1.969
10 44 1.780 2.112
10 45 2.237 2.202
10 46 1.266 2.145
10 47 0.911 1.608
10 48 2.089 1.578
10 49 0.217 1.929
11 12 9.633 1.245
11 13 6.501 2.676
11 14 9.841 2.466
11 15 3.741 1.925
11 16 8.852 4.470
11 17 4.384 2.682
11 18 0.392 4.420
11 19 4.841 2.376
11 20 1.322 2.882
11 21 2.897 4.031
11 22 3.710 3.563
11 23 2.015 2.866
11 24 3.505 2.935
11 25 0.932 2.778
11 26 1.790 2.859
11 27 2.636 3.602
11 28 0.288 3.535
11 29 0.176 4.091
11 30 0.929 3.199
11 31 2.237 4.240
11 32 2.700 4.327
11 33 0.119 4.567
11 34 4.290 4.340
11 35 4.177 3.888
11 36 2.619 4.521
11 37 2.914 4.716
11 38 4.010 4.312
11 39 2.824 4.413
11 40 2.525 3.528
11 41 2.977 4.536
11 42 2.736 3.052
11 43 0.274 3.345
11 44 0.533 3.099
11 45 2.669 3.881
11 46 1.579 2.911
11 47 4.014 4.382
11 48 2.880 3.857
11 49 3.419 3.460
12 13 0.376 1.293
12 14 0.177 1.589
12 15 3.731 3.970
12 16 8.486 4.189
12 17 2.878 0.270
12 18 1.596 0.525
12 19 7.931 2.138
12 20 1.905 2.219
12 21 2.739 1.538
12 22 0.551 1.914
12 23 0.273 2.604
12 24 0.994 2.546
12 25 1.702 2.330
12 26 1.524 1.294
12 27 0.420 2.532
12 28 0.216 2.330
12 29 2.225 1.752
12 30 0.770 2.637
12 31 0.929 1.889
12 32 2.085 2.680
12 33 0.007 2.293
12 34 2.845 1.536
12 35 2.713 2.656
12 36 1.191 2.053
12 37 2.250 1.426
12 38 2.836 2.329
12 39 2.663 1.955
12 40 0.461 1.979
12 41 2.319 2.444
12 42 2.340 2.127
12 43 1.015 2.139
12 44 0.712 2.632
12 45 1.872 2.589
12 46 1.300 1.891
12 47 0.757 2.019
12 48 0.816 2.674
12 49 1.371 1.904
13 14 1.388 0.394
13 15 4.281 7.193
13 16 3.83 2.192
13 17 3.751 2.420
13 18 4.129 0.685
13 19 7.392 3.193
13 20 1.374 1.622
13 21 0.358 1.242
13 22 0.428 1.508
13 23 1.302 1.320
13 24 0.369 1.370
13 25 0.310 1.032
13 26 0.680 1.407
13 27 0.403 1.621
13 28 0.232 1.198
13 29 0.202 1.451
13 30 0.018 1.079
13 31 0.095 1.071
13 32 1.282 1.171
13 33 0.296 1.541
13 34 0.539 1.145
13 35 1.270 1.035
13 36 1.379 1.226
13 37 1.362 1.421
13 38 0.534 1.351
13 39 0.071 1.283
13 40 1.187 1.423
13 41 0.316 1.216
13 42 0.723 1.439
13 43 0.380 1.588
13 44 1.054 1.475
13 45 0.730 0.967
13 46 0.099 1.403
13 47 0.338 1.555
13 48 0.130 1.620
13 49 0.804 1.614
14 15 5.386 3.243
14 16 6.386 2.192
14 17 2.476 0.699
14 18 9.331 1.248
14 19 4.016 0.741
14 20 0.806 1.812
14 21 0.446 1.370
14 22 0.272 1.286
14 23 1.115 1.536
14 24 1.187 1.669
14 25 0.074 1.444
14 26 0.516 1.536
14 27 1.197 1.773
14 28 1.066 1.552
14 29 0.206 1.616
14 30 0.994 1.480
14 31 1.229 1.369
14 32 0.074 1.440
14 33 0.749 1.705
14 34 0.634 1.563
14 35 0.134 1.764
14 36 0.685 1.454
14 37 0.648 1.923
14 38 1.067 1.925
14 39 0.610 1.294
14 40 0.669 1.516
14 41 0.150 1.277
14 42 0.669 1.468
14 43 0.237 1.281
14 44 0.834 1.589
14 45 0.352 1.487
14 46 0.704 1.604
14 47 0.651 1.322
14 48 0.887 1.494
14 49 0.800 1.376
15 16 7.483 7.293
15 17 3.586 8.751
15 18 0.041 0.193
15 19 4.385 5.743
15 20 0.069 49.538
15 21 0.072 49.541
15 22 0.039 49.540
15 23 0.089 49.520
15 24 0.088 49.513
15 25 0.058 49.549
15 26 0.007 49.537
15 27 0.046 49.533
15 28 0.041 49.548
15 29 0.039 49.545
15 30 0.030 49.529
15 31 0.021 49.539
15 32 0.007 49.502
15 33 0.015 49.540
15 34 0.044 49.536
15 35 0.003 49.534
15 36 0.024 49.512
15 37 0.098 49.504
15 38 0.025 49.535
15 39 0.058 49.506
15 40 0.032 49.534
15 41 0.010 49.515
15 42 0.078 49.504
15 43 0.086 49.515
15 44 0.049 49.512
15 45 0.035 49.501
15 46 0.033 49.504
15 47 0.082 49.526
15 48 0.070 49.513
15 49 0.039 49.544
16 17 2.392 3.975
16 18 7.492 1.425
16 19 12.513 4.220
16 20 10.056 8.862
16 21 11.092 9.284
16 22 7.170 8.934
16 23 12.317 4.702
16 24 4.185 4.688
16 25 7.647 5.799
16 26 10.667 7.720
16 27 9.143 7.250
16 28 8.518 8.685
16 29 5.372 6.333
16 30 2.089 6.339
16 31 12.018 5.557
16 32 0.309 9.623
16 33 1.274 5.433
16 34 6.842 9.384
16 35 4.883 5.932
16 36 11.523 4.514
16 37 6.601 9.925
16 38 1.868 6.897
16 39 10.491 4.409
16 40 3.407 5.184
16 41 5.036 5.074
16 42 4.548 5.826
16 43 1.684 4.848
16 44 5.255 9.486
16 45 6.166 4.517
16 46 1.036 5.366
16 47 7.481 5.583
16 48 3.533 4.226
16 49 8.895 6.076
17 18 4.486 1.475
17 19 9.476 5.243
17 20 1.905 3.486
17 21 1.774 3.186
17 22 0.435 3.950
17 23 0.023 3.478
17 24 0.182 4.112
17 25 2.596 2.827
17 26 0.714 3.665
17 27 1.392 2.823
17 28 1.762 3.136
17 29 2.491 4.031
17 30 0.249 3.462
17 31 0.663 3.231
17 32 2.546 3.253
17 33 0.072 2.969
17 34 1.232 3.282
17 35 1.218 4.100
17 36 1.857 3.633
17 37 0.092 3.702
17 38 0.248 3.986
17 39 0.521 3.296
17 40 0.843 4.013
17 41 2.494 3.023
17 42 2.047 2.901
17 43 1.627 4.001
17 44 1.920 4.067
17 45 1.198 3.854
17 46 1.551 2.918
17 47 0.657 3.048
17 48 0.337 2.911
17 49 2.305 3.155
18 19 6.386 2.189
18 20 0.983 1.901
18 21 2.622 2.087
18 22 0.355 1.888
18 23 0.043 1.708
18 24 1.829 1.865
18 25 1.720 2.235
18 26 1.034 2.107
18 27 0.884 2.245
18 28 1.194 1.261
18 29 0.090 1.596
18 30 0.368 2.581
18 31 0.727 1.268
18 32 2.140 1.387
18 33 0.412 1.422
18 34 0.757 2.056
18 35 2.051 1.933
18 36 0.922 2.488
18 37 1.950 1.660
18 38 0.968 1.907
18 39 1.460 1.429
18 40 0.182 1.893
18 41 0.689 1.593
18 42 1.339 1.247
18 43 0.318 1.461
18 44 1.783 2.379
18 45 1.218 2.341
18 46 2.559 2.139
18 47 1.913 1.846
18 48 2.335 1.699
18 49 1.290 2.189
19 20 0.775 6.876
19 21 8.908 7.227
19 22 7.283 8.657
19 23 3.674 9.341
19 24 9.542 9.466
19 25 7.414 6.683
19 26 0.504 10.382
19 27 9.761 5.327
19 28 8.378 8.583
19 29 0.964 6.930
19 30 1.982 5.042
19 31 8.613 5.152
19 32 2.704 8.634
19 33 8.698 5.007
19 34 11.640 8.877
19 35 11.701 5.637
19 36 4.014 8.489
19 37 8.684 9.711
19 38 5.968 6.493
19 39 0.356 5.485
19 40 5.442 4.337
19 41 11.890 7.136
19 42 8.370 4.625
19 43 1.305 8.727
19 44 6.879 6.461
19 45 7.458 5.821
19 46 6.955 10.211
19 47 9.592 10.280
19 48 9.819 7.728
19 49 8.483 8.341
20 21 3.843 1.881
20 22 2.004 0.595
20 23 5.968 0.966
20 24 10.192 0.261
20 25 3.29 5.744
20 26 4.289 1.294
20 27 3.588 2.674
20 28 2.679 0.629
20 29 3.29 1.294
20 30 0.982 1.503
20 31 0.375 1.956
20 32 0.485 1.235
20 33 1.322 2.285
20 34 0.200 1.496
20 35 1.565 1.661
20 36 0.852 2.087
20 37 1.893 1.167
20 38 0.071 2.016
20 39 1.199 1.537
20 40 1.355 1.988
20 41 0.572 1.687
20 42 1.392 1.918
20 43 2.636 1.617
20 44 0.347 2.079
20 45 1.907 1.430
20 46 0.604 1.455
20 47 1.335 1.869
20 48 0.706 1.723
20 49 2.510 1.198
21 22 9.635 1.246
21 23 6.503 2.677
21 24 9.843 2.466
21 25 3.743 1.927
21 26 8.854 4.471
21 27 4.386 2.683
21 28 0.394 4.421
21 29 4.843 2.377
21 30 1.112 2.763
21 31 1.991 2.718
21 32 1.785 3.923
21 33 1.252 3.725
21 34 2.511 4.321
21 35 0.298 4.328
21 36 3.618 3.883
21 37 2.389 3.030
21 38 3.868 3.423
21 39 2.429 3.417
21 40 0.816 4.288
21 41 3.824 4.489
21 42 2.916 3.683
21 43 1.933 3.470
21 44 3.388 3.598
21 45 3.080 3.644
21 46 3.643 2.845
21 47 1.976 3.844
21 48 0.127 2.709
21 49 4.071 4.856
22 23 0.378 1.294
22 24 0.179 1.589
22 25 3.733 3.971
22 26 8.488 4.190
22 27 2.88 0.271
22 28 1.598 0.526
22 29 7.933 2.139
22 30 0.189 1.780
22 31 1.609 1.891
22 32 2.827 2.650
22 33 2.284 1.433
22 34 1.857 1.628
22 35 0.438 1.805
22 36 0.322 2.059
22 37 1.974 1.322
22 38 2.768 1.910
22 39 1.529 1.435
22 40 0.297 1.442
22 41 0.008 2.262
22 42 1.047 2.472
22 43 2.492 2.013
22 44 1.412 1.811
22 45 1.929 2.290
22 46 1.850 2.387
22 47 0.800 1.956
22 48 0.635 2.454
22 49 1.819 2.493
23 24 1.39 0.395
23 25 4.283 7.194
23 26 3.832 2.193
23 27 3.753 2.421
23 28 4.131 0.686
23 29 7.394 3.194
23 30 0.943 1.212
23 31 0.930 1.467
23 32 0.207 1.123
23 33 0.218 1.562
23 34 1.201 1.653
23 35 1.145 1.346
23 36 0.392 1.517
23 37 1.376 1.147
23 38 0.875 1.382
23 39 0.897 1.406
23 40 0.930 1.250
23 41 0.045 1.249
23 42 0.142 1.635
23 43 0.246 1.285
23 44 0.568 1.316
23 45 0.289 0.973
23 46 1.045 1.295
23 47 0.597 1.643
23 48 1.325 1.375
23 49 0.080 1.206
24 25 5.388 3.244
24 26 6.388 2.193
24 27 2.478 0.700
24 28 9.333 1.248
24 29 4.018 0.742
24 30 1.106 1.471
24 31 0.262 1.565
24 32 1.128 1.780
24 33 0.312 1.268
24 34 1.147 1.282
24 35 0.686 1.433
24 36 0.550 1.918
24 37 0.900 1.595
24 38 1.285 1.544
24 39 0.605 1.921
24 40 1.084 1.613
24 41 1.309 1.692
24 42 0.996 1.515
24 43 0.129 1.780
24 44 1.072 1.271
24 45 1.354 1.779
24 46 1.224 1.729
24 47 0.738 1.550
24 48 1.371 1.664
24 49 1.067 1.411
25 26 7.485 7.294
25 27 3.588 8.752
25 28 0.043 0.194
25 29 4.387 5.744
25 30 0.075 49.542
25 31 0.061 49.534
25 32 0.092 49.509
25 33 0.094 49.520
25 34 0.022 49.520
25 35 0.064 49.544
25 36 0.027 49.525
25 37 0.029 49.532
25 38 0.080 49.549
25 39 0.075 49.505
25 40 0.095 49.503
25 41 0.033 49.527
25 42 0.030 49.511
25 43 0.095 49.518
25 44 0.035 49.541
25 45 0.013 49.542
25 46 0.009 49.545
25 47 0.085 49.540
25 48 0.054 49.519
25 49 0.093 49.513
26 27 2.394 3.977
26 28 7.494 1.426
26 29 12.515 4.221
26 30 7.090 7.800
26 31 3.388 4.391
26 32 4.339 6.642
26 33 11.300 8.695
26 34 7.582 4.203
26 35 9.933 7.481
26 36 10.946 9.703
26 37 1.960 9.846
26 38 0.112 5.644
26 39 4.129 9.555
26 40 10.444 6.077
26 41 3.603 10.332
26 42 2.583 7.390
26 43 9.316 5.448
26 44 7.810 9.004
26 45 9.201 8.854
26 46 7.093 4.452
26 47 2.599 7.966
26 48 0.956 10.351
26 49 0.962 5.030
27 28 4.488 1.476
27 29 9.478 5.244
27 30 2.289 4.030
27 31 1.681 3.087
27 32 2.099 2.876
27 33 1.572 3.332
27 34 1.117 2.801
27 35 2.314 3.469
27 36 1.851 3.699
27 37 0.724 3.887
27 38 0.625 3.299
27 39 2.440 3.057
27 40 1.905 3.280
27 41 2.377 2.966
27 42 2.202 2.682
27 43 0.385 3.499
27 44 2.188 3.518
27 45 1.409 3.209
27 46 1.201 3.502
27 47 2.554 2.711
27 48 0.039 3.939
27 49 2.301 3.276
28 29 6.388 2.190
28 30 1.889 2.078
28 31 0.100 2.450
28 32 1.820 1.588
28 33 0.270 1.383
28 34 0.378 1.967
28 35 0.114 1.740
28 36 2.657 2.537
28 37 0.663 2.153
28 38 0.630 1.704
28 39 2.153 1.301
28 40 2.651 1.990
28 41 0.769 2.119
28 42 0.377 1.288
28 43 0.757 2.052
28 44 0.769 2.311
28 45 1.132 2.147
28 46 0.947 1.730
28 47 1.165 1.546
28 48 1.473 1.930
28 49 0.613 1.580
29 30 9.849 4.327
29 31 2.954 4.453
29 32 5.611 10.007
29 33 7.945 8.284
29 34 11.018 5.342
29 35 2.887 6.845
29 36 7.367 7.368
29 37 10.053 5.169
29 38 6.915 4.561
29 39 3.694 6.776
29 40 11.328 8.921
29 41 11.974 10.152
29 42 8.480 10.291
29 43 1.857 7.518
29 44 3.717 6.485
29 45 7.452 5.433
29 46 9.805 8.059
29 47 10.837 7.470
29 48 0.302 6.026
29 49 8.276 7.944
30 31 3.845 1.883
30 32 2.006 0.596
30 33 5.97 0.967
30 34 10.194 0.262
30 35 3.292 5.745
30 36 4.291 1.295
30 37 3.59 2.675
30 38 2.681 0.630
30 39 3.292 1.295
30 40 0.506 2.060
30 41 0.980 1.101
30 42 2.113 1.319
30 43 0.443 1.139
30 44 1.921 1.348
30 45 2.087 1.372
30 46 0.511 1.030
30 47 0.049 1.512
30 48 1.921 2.185
30 49 0.005 1.046
31 32 9.637 1.247
31 33 6.505 2.678
31 34 9.845 2.467
31 35 3.745 1.927
31 36 8.856 4.472
31 37 4.388 2.684
31 38 0.396 4.422
31 39 4.845 2.377
31 40 4.164 4.827
31 41 2.898 3.671
31 42 1.873 3.017
31 43 1.828 3.445
31 44 0.408 3.318
31 45 3.813 3.288
31 46 0.853 4.558
31 47 1.982 3.141
31 48 2.400 4.274
31 49 2.734 4.087
32 33 0.38 1.295
32 34 0.181 1.591
32 35 3.735 3.973
32 36 8.49 4.191
32 37 2.882 0.272
32 38 1.6 0.527
32 39 7.935 2.140
32 40 2.459 1.551
32 41 1.298 1.448
32 42 0.652 1.439
32 43 2.276 1.628
32 44 1.863 2.028
32 45 0.774 2.222
32 46 1.991 2.133
32 47 1.433 2.415
32 48 2.663 2.444
32 49 2.051 1.283
33 34 1.392 0.396
33 35 4.285 7.195
33 36 3.834 2.195
33 37 3.755 2.422
33 38 4.133 0.687
33 39 7.396 3.195
33 40 0.735 1.064
33 41 0.880 1.453
33 42 0.944 1.188
33 43 0.267 1.631
33 44 1.337 1.185
33 45 0.692 1.368
33 46 0.517 1.514
33 47 0.120 1.588
33 48 0.935 1.456
33 49 1.320 1.174
34 35 5.39 3.245
34 36 6.39 2.195
34 37 2.48 0.701
34 38 9.335 1.250
34 39 4.02 0.743
34 40 0.862 1.567
34 41 0.174 1.644
34 42 0.608 1.774
34 43 0.706 1.331
34 44 1.241 1.845
34 45 0.649 1.532
34 46 0.288 1.640
34 47 0.342 1.262
34 48 0.696 1.474
34 49 1.276 1.393
35 36 7.487 7.295
35 37 3.59 8.752
35 38 0.045 0.195
35 39 4.389 5.745
35 40 0.097 49.543
35 41 0.047 49.506
35 42 0.001 49.508
35 43 0.050 49.530
35 44 0.015 49.540
35 45 0.033 49.507
35 46 0.018 49.508
35 47 0.053 49.524
35 48 0.088 49.529
35 49 0.054 49.542
36 37 2.396 3.978
36 38 7.496 1.427
36 39 12.517 4.222
36 40 2.401 9.245
36 41 8.552 7.219
36 42 4.295 6.281
36 43 6.382 8.209
36 44 0.547 7.637
36 45 12.144 8.016
36 46 11.435 8.842
36 47 4.063 8.213
36 48 3.726 10.114
36 49 0.967 10.029
37 38 4.49 1.477
37 39 9.48 5.245
37 40 2.014 2.706
37 41 0.902 3.239
37 42 1.104 2.743
37 43 1.022 3.221
37 44 2.422 3.368
37 45 2.659 3.265
37 46 1.609 3.477
37 47 0.459 3.936
37 48 1.311 3.771
37 49 0.566 3.378
38 39 6.39 2.191
38 40 0.216 1.808
38 41 0.215 1.476
38 42 1.825 2.424
38 43 2.571 2.126
38 44 1.381 2.388
38 45 0.732 2.311
38 46 2.228 2.326
38 47 2.503 1.763
38 48 2.277 2.374
38 49 0.002 2.002
39 40 3.008 6.834
39 41 5.111 4.314
39 42 0.131 5.975
39 43 6.683 6.108
39 44 10.978 4.956
39 45 12.263 7.426
39 46 9.506 8.293
39 47 0.620 8.371
39 48 2.450 6.037
39 49 3.072 8.800
40 41 3.847 1.883
40 42 2.008 0.597
40 43 5.972 0.968
40 44 10.196 0.263
40 45 3.294 5.746
40 46 4.293 1.296
40 47 3.592 2.675
40 48 2.683 0.631
40 49 3.294 1.296
41 42 9.639 1.248
41 43 6.507 2.679
41 44 9.847 2.469
41 45 3.747 1.929
41 46 8.858 4.473
41 47 4.39 2.685
41 48 0.398 4.423
41 49 4.847 2.378
42 43 0.382 1.296
42 44 0.183 1.591
42 45 3.737 3.974
42 46 8.492 4.192
42 47 2.884 0.273
42 48 1.602 0.528
42 49 7.937 2.141
43 44 1.394 0.397
43 45 4.287 7.196
43 46 3.836 2.196
43 47 3.757 2.423
43 48 4.135 0.688
43 49 7.398 3.196
44 45 5.392 3.246
44 46 6.392 2.196
44 47 2.482 0.702
44 48 9.337 1.250
44 49 4.022 0.744
45 46 7.489 7.296
45 47 3.592 8.754
45 48 0.047 0.196
45 49 4.391 5.746
46 47 2.398 3.978
46 48 7.498 1.428
46 49 12.519 4.223
47 48 4.492 1.478
47 49 9.482 5.246
48 49 6.392 2.192
