50
99
0 1 11 5
0 2 16 7
0 3 24 3
0 4 50 7
0 5 35 10
0 6 26 4
0 7 25 3
0 8 65 4
0 9 23 5
0 10 54 7
0 11 31 2
0 12 19 2
0 13 20 9
0 14 58 7
0 15 41 2
0 16 31 3
0 17 9 28
0 18 44 5
0 19 27 9
0 20 60 8
0 21 26 8
0 22 21 4
0 23 2 4
0 24 71 1
0 25 71 1
0 26 33 5
0 27 50 6
0 28 26 4
0 29 61 7
0 30 56 5
0 31 5 3
0 32 3 7
0 33 51 4
0 34 12 4
0 35 34 5
0 36 68 5
0 37 62 5
0 38 2 10
0 39 67 3
0 40 14 5
0 41 34 10
0 42 56 6
0 43 27 4
0 44 4 1
0 45 61 5
0 46 31 5
0 47 28 5
0 48 16 5
0 49 96 1
1 2 69 10
1 3 49 9
1 4 66 7
1 5 7 4
1 6 70 9
1 7 13 9
1 8 40 3
1 9 17 7
1 10 29 1
1 11 20 3
1 12 52 9
1 13 58 10
1 14 53 8
1 15 36 4
1 16 57 2
1 17 19 9
1 18 7 7
1 19 55 2
1 20 47 3
1 21 54 9
1 22 38 4
1 23 56 9
1 24 34 10
1 25 38 5
1 26 12 3
1 27 3 7
1 28 16 8
1 29 45 1
1 30 18 6
1 31 9 5
1 32 5 7
1 33 47 3
1 34 45 1
1 35 49 1
1 36 4 2
1 37 29 5
1 38 40 2
1 39 16 7
1 40 25 2
1 41 46 6
1 42 42 9
1 43 31 2
1 44 3 7
1 45 51 4
1 46 2 4
1 47 19 7
1 48 98 1
1 49 5 7
2 3 8 4
2 4 35 1
2 5 31 5
2 6 28 3
2 7 12 4
2 8 5 3
2 9 38 3
2 10 58 1
2 11 35 7
2 12 62 7
2 13 15 7
2 14 3 3
2 15 23 8
2 16 47 7
2 17 30 4
2 18 20 10
2 19 69 2
2 20 13 2
2 21 25 2
2 22 14 5
2 23 42 5
2 24 62 10
2 25 29 2
2 26 56 4
2 27 54 8
2 28 68 3
2 29 45 7
2 30 55 4
2 31 35 9
2 32 25 5
2 33 27 5
2 34 34 6
2 35 21 6
2 36 7 9
2 37 1 4
2 38 46 2
2 39 34 3
2 40 61 3
2 41 10 3
2 42 38 1
2 43 60 3
2 44 60 3
2 45 24 2
2 46 60 6
2 47 90 1
2 48 22 4
2 49 67 5
3 4 64 4
3 5 17 4
3 6 68 7
3 7 51 6
3 8 54 7
3 9 3 8
3 10 38 6
3 11 17 4
3 12 9 6
3 13 51 5
3 14 70 8
3 15 56 8
3 16 68 1
3 17 44 6
3 18 4 4
3 19 47 2
3 20 3 7
3 21 36 2
3 22 44 9
3 23 69 8
3 24 46 10
3 25 32 7
3 26 38 6
3 27 8 9
3 28 20 7
3 29 34 8
3 30 46 9
3 31 20 3
3 32 43 6
3 33 17 6
3 34 51 3
3 35 45 3
3 36 60 3
3 37 33 8
3 38 50 9
3 39 9 6
3 40 23 6
3 41 15 4
3 42 38 1
3 43 21 4
3 44 27 2
3 45 31 1
3 46 88 2
3 47 61 1
3 48 40 7
3 49 46 5
4 5 33 4
4 6 55 9
4 7 40 9
4 8 56 3
4 9 21 9
4 10 24 6
4 11 17 6
4 12 22 4
4 13 43 10
4 14 53 6
4 15 53 3
4 16 30 6
4 17 70 4
4 18 4 6
4 19 44 1
4 20 64 6
4 21 35 5
4 22 20 10
4 23 11 5
4 24 67 9
4 25 7 9
4 26 63 10
4 27 24 4
4 28 34 4
4 29 29 6
4 30 67 10
4 31 48 8
4 32 65 9
4 33 8 5
4 34 68 2
4 35 53 7
4 36 64 9
4 37 70 6
4 38 70 4
4 39 13 7
4 40 58 9
4 41 53 2
4 42 58 3
4 43 5 5
4 44 17 2
4 45 82 2
4 46 13 3
4 47 9 27
4 48 69 4
4 49 29 10
5 6 2 4
5 7 12 7
5 8 44 4
5 9 55 7
5 10 55 5
5 11 19 4
5 12 33 1
5 13 13 1
5 14 19 9
5 15 66 9
5 16 33 7
5 17 47 1
5 18 6 7
5 19 38 8
5 20 37 4
5 21 41 7
5 22 52 5
5 23 38 10
5 24 47 7
5 25 37 6
5 26 25 5
5 27 11 8
5 28 26 9
5 29 15 6
5 30 53 5
5 31 59 2
5 32 21 8
5 33 9 7
5 34 26 1
5 35 69 7
5 36 43 2
5 37 10 5
5 38 52 6
5 39 19 3
5 40 65 3
5 41 65 4
5 42 1 1
5 43 14 8
5 44 93 2
5 45 22 9
5 46 67 7
5 47 49 5
5 48 49 3
5 49 52 6
6 7 23 9
6 8 66 7
6 9 47 5
6 10 42 6
6 11 61 1
6 12 38 8
6 13 18 9
6 14 38 5
6 15 6 6
6 16 19 7
6 17 54 10
6 18 37 3
6 19 47 9
6 20 19 7
6 21 7 1
6 22 48 7
6 23 27 9
6 24 55 3
6 25 34 5
6 26 11 10
6 27 61 9
6 28 39 5
6 29 38 8
6 30 60 4
6 31 21 8
6 32 17 2
6 33 62 3
6 34 14 7
6 35 43 6
6 36 23 3
6 37 57 8
6 38 10 7
6 39 52 9
6 40 46 7
6 41 58 9
6 42 61 3
6 43 86 3
6 44 5 3
6 45 9 7
6 46 58 7
6 47 42 2
6 48 4 8
6 49 67 6
7 8 37 6
7 9 63 8
7 10 48 3
7 11 66 7
7 12 54 1
7 13 6 4
7 14 29 10
7 15 47 8
7 16 53 4
7 17 56 8
7 18 20 3
7 19 44 6
7 20 3 10
7 21 10 6
7 22 42 3
7 23 62 3
7 24 61 2
7 25 2 8
7 26 30 7
7 27 23 9
7 28 47 7
7 29 55 2
7 30 1 4
7 31 37 10
7 32 30 9
7 33 33 2
7 34 36 9
7 35 26 4
7 36 19 9
7 37 9 3
7 38 1 6
7 39 54 8
7 40 32 8
7 41 19 9
7 42 84 2
7 43 69 3
7 44 33 6
7 45 56 4
7 46 20 2
7 47 13 2
7 48 69 8
7 49 31 4
8 9 16 5
8 10 25 2
8 11 8 7
8 12 66 6
8 13 53 4
8 14 23 2
8 15 47 3
8 16 63 7
8 17 24 5
8 18 28 1
8 19 7 3
8 20 65 4
8 21 33 6
8 22 59 8
8 23 62 5
8 24 23 7
8 25 68 5
8 26 9 8
8 27 36 9
8 28 40 9
8 29 65 5
8 30 68 2
8 31 42 4
8 32 68 10
8 33 21 8
8 34 34 2
8 35 31 9
8 36 57 10
8 37 53 10
8 38 4 5
8 39 5 6
8 40 39 7
8 41 85 2
8 42 32 3
8 43 32 10
8 44 42 9
8 45 47 2
8 46 67 4
8 47 19 1
8 48 46 6
8 49 56 5
9 10 40 7
9 11 53 4
9 12 2 7
9 13 41 7
9 14 38 4
9 15 47 7
9 16 45 2
9 17 40 1
9 18 33 7
9 19 23 7
9 20 12 7
9 21 37 4
9 22 46 3
9 23 31 5
9 24 3 6
9 25 18 6
9 26 6 6
9 27 32 8
9 28 14 9
9 29 36 8
9 30 3 9
9 31 58 7
9 32 10 6
9 33 63 4
9 34 18 2
9 35 14 5
9 36 63 3
9 37 44 3
9 38 52 6
9 39 31 3
9 40 82 2
9 41 27 7
9 42 46 7
9 43 22 3
9 44 29 7
9 45 5 5
9 46 42 5
9 47 42 9
9 48 58 5
9 49 56 1
10 11 16 6
10 12 35 10
10 13 44 2
10 14 2 6
10 15 12 4
10 16 10 6
10 17 14 7
10 18 63 4
10 19 47 9
10 20 58 5
10 21 45 7
10 22 68 7
10 23 56 9
10 24 6 5
10 25 28 1
10 26 69 5
10 27 2 6
10 28 34 3
10 29 20 5
10 30 48 5
10 31 68 2
10 32 18 8
10 33 14 5
10 34 10 1
10 35 2 9
10 36 67 5
10 37 29 5
10 38 5 1
10 39 80 1
10 40 48 4
10 41 15 5
10 42 67 4
10 43 6 3
10 44 58 5
10 45 13 7
10 46 49 6
10 47 22 4
10 48 5 2
10 49 47 2
11 12 40 9
11 13 8 9
11 14 68 2
11 15 13 9
11 16 50 4
11 17 33 6
11 18 55 7
11 19 17 9
11 20 25 9
11 21 24 8
11 22 32 9
11 23 31 4
11 24 34 10
11 25 33 5
11 26 42 6
11 27 41 3
11 28 12 4
11 29 65 3
11 30 3 4
11 31 30 8
11 32 12 4
11 33 51 3
11 34 40 3
11 35 25 6
11 36 51 1
11 37 48 3
11 38 84 2
11 39 8 9
11 40 27 3
11 41 53 4
11 42 68 9
11 43 9 3
11 44 50 8
11 45 47 7
11 46 20 5
11 47 29 5
11 48 37 9
11 49 1 8
12 13 48 6
12 14 28 9
12 15 9 7
12 16 35 7
12 17 56 1
12 18 68 10
12 19 15 4
12 20 8 9
12 21 53 6
12 22 28 7
12 23 6 1
12 24 36 9
12 25 43 2
12 26 28 4
12 27 43 6
12 28 2 6
12 29 41 3
12 30 24 2
12 31 7 4
12 32 11 5
12 33 41 9
12 34 4 7
12 35 5 6
12 36 46 1
12 37 86 2
12 38 46 3
12 39 15 10
12 40 17 2
12 41 55 5
12 42 24 10
12 43 20 8
12 44 34 8
12 45 2 1
12 46 59 4
12 47 30 6
12 48 11 5
12 49 33 2
13 14 68 8
13 15 15 7
13 16 37 3
13 17 16 2
13 18 20 7
13 19 8 5
13 20 51 10
13 21 10 4
13 22 15 4
13 23 21 3
13 24 20 8
13 25 43 5
13 26 35 8
13 27 17 6
13 28 5 9
13 29 43 9
13 30 42 7
13 31 38 8
13 32 11 9
13 33 39 7
13 34 41 1
13 35 55 7
13 36 87 2
13 37 14 5
13 38 8 8
13 39 25 5
13 40 2 6
13 41 19 6
13 42 18 2
13 43 26 5
13 44 54 7
13 45 39 7
13 46 68 2
13 47 64 3
13 48 63 2
13 49 29 8
14 15 12 3
14 16 48 5
14 17 62 5
14 18 26 9
14 19 27 2
14 20 63 3
14 21 63 4
14 22 52 9
14 23 26 2
14 24 64 1
14 25 34 9
14 26 5 7
14 27 44 3
14 28 67 3
14 29 44 10
14 30 40 10
14 31 57 7
14 32 21 1
14 33 47 4
14 34 45 9
14 35 88 2
14 36 18 5
14 37 70 8
14 38 60 9
14 39 9 2
14 40 8 6
14 41 23 6
14 42 3 8
14 43 12 10
14 44 42 8
14 45 65 10
14 46 63 7
14 47 54 5
14 48 46 3
14 49 9 1
15 16 50 2
15 17 60 9
15 18 56 10
15 19 59 9
15 20 4 10
15 21 18 4
15 22 11 9
15 23 10 6
15 24 3 10
15 25 45 6
15 26 21 7
15 27 17 6
15 28 32 9
15 29 6 2
15 30 19 7
15 31 51 9
15 32 11 9
15 33 45 3
15 34 80 2
15 35 7 1
15 36 19 2
15 37 25 5
15 38 8 7
15 39 7 4
15 40 16 3
15 41 67 9
15 42 65 9
15 43 52 6
15 44 67 2
15 45 61 10
15 46 37 4
15 47 41 2
15 48 18 4
15 49 4 3
16 17 42 7
16 18 36 6
16 19 10 7
16 20 46 4
16 21 33 3
16 22 54 7
16 23 27 4
16 24 4 3
16 25 3 8
16 26 67 6
16 27 39 9
16 28 59 7
16 29 9 9
16 30 51 5
16 31 52 7
16 32 22 1
16 33 92 2
16 34 62 2
16 35 41 5
16 36 6 6
16 37 45 6
16 38 37 2
16 39 70 4
16 40 8 6
16 41 65 4
16 42 19 5
16 43 63 10
16 44 46 7
16 45 8 10
16 46 61 10
16 47 38 6
16 48 18 5
16 49 4 5
17 18 47 3
17 19 20 1
17 20 47 8
17 21 12 7
17 22 56 8
17 23 53 7
17 24 61 7
17 25 35 6
17 26 20 7
17 27 39 2
17 28 31 10
17 29 4 7
17 30 70 7
17 31 19 6
17 32 91 2
17 33 66 4
17 34 58 4
17 35 51 1
17 36 66 7
17 37 30 7
17 38 10 10
17 39 47 4
17 40 55 4
17 41 16 8
17 42 16 10
17 43 68 9
17 44 29 4
17 45 58 5
17 46 12 6
17 47 8 7
17 48 69 1
17 49 42 9
18 19 36 6
18 20 65 5
18 21 62 7
18 22 58 2
18 23 60 9
18 24 41 8
18 25 20 2
18 26 37 10
18 27 66 3
18 28 21 7
18 29 29 5
18 30 47 2
18 31 93 2
18 32 49 6
18 33 59 1
18 34 65 8
18 35 16 1
18 36 3 10
18 37 25 4
18 38 30 2
18 39 41 4
18 40 55 9
18 41 17 6
18 42 62 4
18 43 3 5
18 44 51 7
18 45 24 7
18 46 59 9
18 47 17 3
18 48 60 8
18 49 14 1
19 20 24 1
19 21 39 9
19 22 18 8
19 23 10 5
19 24 55 8
19 25 26 7
19 26 18 8
19 27 62 10
19 28 36 9
19 29 37 7
19 30 80 2
19 31 49 6
19 32 18 4
19 33 48 4
19 34 67 6
19 35 22 5
19 36 40 6
19 37 44 6
19 38 42 3
19 39 56 3
19 40 49 8
19 41 53 3
19 42 9 8
19 43 3 3
19 44 31 3
19 45 1 6
19 46 38 3
19 47 8 1
19 48 44 7
19 49 68 3
20 21 26 7
20 22 3 8
20 23 12 2
20 24 10 9
20 25 55 1
20 26 5 5
20 27 53 6
20 28 52 1
20 29 80 2
20 30 20 8
20 31 12 9
20 32 16 6
20 33 24 9
20 34 26 8
20 35 64 7
20 36 14 10
20 37 2 7
20 38 46 4
20 39 59 6
20 40 37 8
20 41 6 6
20 42 55 5
20 43 43 4
20 44 63 8
20 45 50 9
20 46 30 8
20 47 3 5
20 48 63 2
20 49 69 2
21 22 35 9
21 23 51 10
21 24 40 1
21 25 63 7
21 26 21 7
21 27 26 6
21 28 97 2
21 29 26 8
21 30 26 8
21 31 41 2
21 32 54 3
21 33 65 3
21 34 11 4
21 35 42 4
21 36 63 1
21 37 49 2
21 38 19 2
21 39 16 8
21 40 37 2
21 41 40 4
21 42 57 3
21 43 61 1
21 44 44 4
21 45 29 8
21 46 51 6
21 47 49 8
21 48 5 4
21 49 33 5
22 23 68 3
22 24 57 6
22 25 33 6
22 26 45 9
22 27 80 2
22 28 31 5
22 29 8 6
22 30 24 3
22 31 65 10
22 32 34 7
22 33 9 4
22 34 39 1
22 35 46 4
22 36 9 7
22 37 14 1
22 38 46 7
22 39 45 7
22 40 14 10
22 41 32 5
22 42 56 7
22 43 30 2
22 44 11 1
22 45 3 2
22 46 19 8
22 47 53 2
22 48 55 5
22 49 41 4
23 24 50 9
23 25 8 2
23 26 81 2
23 27 20 7
23 28 43 2
23 29 14 8
23 30 22 10
23 31 61 5
23 32 55 8
23 33 13 8
23 34 42 1
23 35 17 1
23 36 34 9
23 37 40 4
23 38 2 2
23 39 52 8
23 40 47 6
23 41 50 4
23 42 63 4
23 43 67 5
23 44 35 9
23 45 37 7
23 46 34 4
23 47 4 3
23 48 45 9
23 49 4 7
24 25 80 1
24 26 2 8
24 27 32 4
24 28 58 10
24 29 31 8
24 30 22 5
24 31 3 7
24 32 12 2
24 33 60 6
24 34 64 6
24 35 30 9
24 36 35 9
24 37 69 4
24 38 12 8
24 39 29 2
24 40 53 7
24 41 50 9
24 42 55 7
24 43 17 9
24 44 35 3
24 45 3 5
24 46 3 9
24 47 35 6
24 48 57 1
24 49 60 1
25 26 11 4
25 27 4 7
25 28 30 7
25 29 5 9
25 30 35 2
25 31 34 2
25 32 8 1
25 33 25 4
25 34 16 7
25 35 37 4
25 36 14 1
25 37 8 5
25 38 8 9
25 39 12 7
25 40 68 5
25 41 54 8
25 42 41 9
25 43 8 6
25 44 67 10
25 45 62 7
25 46 22 2
25 47 9 1
25 48 41 6
25 49 72 1
26 27 6 2
26 28 44 1
26 29 46 8
26 30 25 3
26 31 11 9
26 32 11 5
26 33 34 6
26 34 36 8
26 35 62 1
26 36 2 9
26 37 61 6
26 38 63 10
26 39 63 7
26 40 63 5
26 41 14 7
26 42 8 8
26 43 57 5
26 44 29 2
26 45 49 6
26 46 63 7
26 47 6 9
26 48 28 6
26 49 55 2
27 28 70 6
27 29 28 4
27 30 36 3
27 31 1 4
27 32 53 10
27 33 4 5
27 34 68 5
27 35 63 9
27 36 39 6
27 37 18 8
27 38 30 1
27 39 12 8
27 40 26 8
27 41 43 4
27 42 32 6
27 43 22 7
27 44 53 5
27 45 14 6
27 46 5 1
27 47 59 9
27 48 63 5
27 49 21 3
28 29 40 4
28 30 66 8
28 31 34 3
28 32 45 7
28 33 15 4
28 34 53 5
28 35 29 7
28 36 3 6
28 37 25 2
28 38 46 1
28 39 55 7
28 40 24 2
28 41 41 4
28 42 30 9
28 43 5 5
28 44 27 2
28 45 61 9
28 46 26 2
28 47 23 2
28 48 52 8
28 49 66 5
29 30 52 8
29 31 31 6
29 32 68 8
29 33 44 3
29 34 20 7
29 35 70 5
29 36 30 10
29 37 69 3
29 38 70 7
29 39 5 6
29 40 7 5
29 41 26 1
29 42 25 3
29 43 27 9
29 44 47 9
29 45 9 3
29 46 43 2
29 47 54 8
29 48 51 4
29 49 29 4
30 31 39 2
30 32 36 5
30 33 53 9
30 34 55 7
30 35 31 1
30 36 59 8
30 37 62 9
30 38 69 4
30 39 22 8
30 40 33 10
30 41 69 7
30 42 8 6
30 43 32 7
30 44 2 5
30 45 68 2
30 46 35 4
30 47 54 4
30 48 42 6
30 49 49 8
31 32 57 4
31 33 11 1
31 34 23 3
31 35 23 1
31 36 56 3
31 37 18 6
31 38 56 8
31 39 45 7
31 40 3 4
31 41 30 9
31 42 25 8
31 43 14 9
31 44 4 1
31 45 44 10
31 46 14 4
31 47 5 2
31 48 9 2
31 49 20 2
32 33 60 9
32 34 45 2
32 35 30 5
32 36 49 7
32 37 8 3
32 38 45 6
32 39 20 6
32 40 22 8
32 41 47 2
32 42 13 7
32 43 51 2
32 44 23 2
32 45 7 6
32 46 58 5
32 47 26 6
32 48 41 4
32 49 20 2
33 34 44 6
33 35 51 2
33 36 5 6
33 37 29 7
33 38 62 7
33 39 41 2
33 40 62 3
33 41 60 8
33 42 13 10
33 43 21 7
33 44 67 5
33 45 5 3
33 46 6 5
33 47 54 4
33 48 12 5
33 49 39 7
34 35 37 7
34 36 35 3
34 37 35 3
34 38 51 3
34 39 65 3
34 40 39 9
34 41 44 4
34 42 49 6
34 43 15 1
34 44 44 2
34 45 48 4
34 46 58 6
34 47 45 6
34 48 41 7
34 49 2 7
35 36 44 5
35 37 31 8
35 38 26 5
35 39 47 2
35 40 62 2
35 41 45 10
35 42 16 7
35 43 2 4
35 44 45 6
35 45 47 2
35 46 52 4
35 47 29 8
35 48 46 10
35 49 61 2
36 37 45 3
36 38 52 7
36 39 46 6
36 40 6 6
36 41 18 9
36 42 16 5
36 43 19 8
36 44 41 3
36 45 11 4
36 46 61 3
36 47 18 9
36 48 25 8
36 49 39 6
37 38 6 10
37 39 52 5
37 40 40 5
37 41 35 2
37 42 66 4
37 43 4 4
37 44 20 2
37 45 33 4
37 46 57 10
37 47 61 5
37 48 60 7
37 49 50 9
38 39 17 5
38 40 21 6
38 41 31 6
38 42 60 8
38 43 30 6
38 44 33 5
38 45 70 6
38 46 29 5
38 47 35 3
38 48 12 7
38 49 68 3
39 40 28 6
39 41 70 1
39 42 19 7
39 43 11 3
39 44 20 6
39 45 3 2
39 46 56 4
39 47 30 7
39 48 31 4
39 49 66 9
40 41 35 9
40 42 21 10
40 43 6 8
40 44 56 7
40 45 43 3
40 46 29 2
40 47 14 3
40 48 48 6
40 49 24 8
41 42 42 9
41 43 49 3
41 44 42 3
41 45 58 5
41 46 13 7
41 47 43 5
41 48 4 2
41 49 21 9
42 43 48 1
42 44 5 7
42 45 17 6
42 46 39 6
42 47 26 2
42 48 45 4
42 49 3 6
43 44 6 5
43 45 52 4
43 46 57 10
43 47 48 1
43 48 33 10
43 49 11 6
44 45 11 5
44 46 67 2
44 47 51 4
44 48 65 5
44 49 34 8
45 46 40 5
45 47 23 5
45 48 38 6
45 49 15 4
46 47 58 2
46 48 4 9
46 49 66 3
47 48 47 1
47 49 12 8
48 49 30 5