50
80
0 1 16.8 6
0 2 25.2 9
0 3 11.2 4
0 4 5.6 2
0 5 22.4 8
0 6 5.6 2
0 7 5.6 2
0 8 11.2 4
0 9 22.4 8
0 10 14.0 5
0 11 25.2 9
0 12 14.0 5
0 13 25.2 9
0 14 22.4 8
0 15 22.4 8
0 16 5.6 2
0 17 28.0 10
0 18 28.0 10
0 19 25.2 9
0 20 14.0 5
0 21 1.293 0.431
0 22 16.8 6
0 23 21.35 7
0 24 14.0 5
0 25 8.4 3
0 26 8.4 3
0 27 5.6 2
0 28 14.0 5
0 29 19.6 7
0 30 1.14 0.38
0 31 28.0 10
0 32 1.128 0.376
0 33 1.113 0.371
0 34 8.4 3
0 35 8.4 3
0 36 22.4 8
0 37 11.2 4
0 38 0.906 0.302
0 39 5.6 2
0 40 28.0 10
0 41 28.0 10
0 42 0.963 0.321
0 43 8.4 3
0 44 2.8 1
0 45 8.4 3
0 46 8.4 3
0 47 5.6 2
0 48 28.0 10
0 49 2.8 1
1 2 2.8 1
1 3 5.403 1.801
1 4 8.4 3
1 5 8.4 3
1 6 22.4 8
1 7 5.6 2
1 8 19.6 7
1 9 22.4 8
1 10 2.8 1
1 11 11.2 4
1 12 16.8 6
1 13 28.0 10
1 14 14.0 5
1 15 28.0 10
1 16 5.6 2
1 17 22.4 8
1 18 28.0 10
1 19 14.0 5
1 20 5.6 2
1 21 16.8 6
1 22 14.0 5
1 23 22.4 8
1 24 5.6 2
1 25 11.2 4
1 26 25.2 9
1 27 19.6 7
1 28 14.0 5
1 29 16.8 6
1 30 11.2 4
1 31 19.6 7
1 32 14.0 5
1 33 19.6 7
1 34 8.4 3
1 35 16.8 6
1 36 8.4 3
1 37 8.058 2.686
1 38 11.2 4
1 39 8.4 3
1 40 25.2 9
1 41 25.2 9
1 42 25.2 9
1 43 21.35 7
1 44 8.4 3
1 45 14.0 5
1 46 14.0 5
1 47 19.6 7
1 48 22.4 8
1 49 19.6 7
2 3 22.4 8
2 4 28.0 10
2 5 8.4 3
2 6 22.4 8
2 7 2.8 1
2 8 16.8 6
2 9 5.6 2
2 10 22.4 8
2 11 25.2 9
2 12 19.6 7
2 13 5.6 2
2 14 25.2 9
2 15 16.8 6
2 16 14.0 5
2 17 2.16 0.72
2 18 2.8 1
2 19 5.6 2
2 20 5.6 2
2 21 16.8 6
2 22 5.6 2
2 23 14.0 5
2 24 8.4 3
2 25 2.8 1
2 26 1.59 0.53
2 27 8.4 3
2 28 22.4 8
2 29 22.4 8
2 30 28.0 10
2 31 2.76 0.92
2 32 5.6 2
2 33 16.8 6
2 34 25.2 9
2 35 14.0 5
2 36 5.6 2
2 37 2.8 1
2 38 28.0 10
2 39 8.4 3
2 40 25.2 9
2 41 28.0 10
2 42 22.4 8
2 43 11.2 4
2 44 2.8 1
2 45 16.8 6
2 46 14.0 5
2 47 1.92 0.64
2 48 28.0 10
2 49 25.2 9
3 4 11.2 4
3 5 5.6 2
3 6 5.6 2
3 7 14.0 5
3 8 11.2 4
3 9 5.6 2
3 10 28.0 10
3 11 28.0 10
3 12 11.2 4
3 13 8.4 3
3 14 25.2 9
3 15 11.2 4
3 16 28.0 10
3 17 25.2 9
3 18 28.0 10
3 19 11.2 4
3 20 28.0 10
3 21 19.6 7
3 22 16.8 6
3 23 14.0 5
3 24 2.8 1
3 25 19.6 7
3 26 5.6 2
3 27 19.6 7
3 28 25.2 9
3 29 19.6 7
3 30 14.0 5
3 31 28.0 10
3 32 28.0 10
3 33 2.8 1
3 34 16.8 6
3 35 16.8 6
3 36 16.8 6
3 37 8.352 2.784
3 38 22.4 8
3 39 5.6 2
3 40 8.4 3
3 41 14.0 5
3 42 22.4 8
3 43 25.2 9
3 44 2.8 1
3 45 25.2 9
3 46 22.4 8
3 47 28.0 10
3 48 16.8 6
3 49 2.8 1
4 5 19.6 7
4 6 22.4 8
4 7 22.4 8
4 8 2.01 0.67
4 9 1.23 0.41
4 10 28.0 10
4 11 8.4 3
4 12 5.6 2
4 13 16.8 6
4 14 16.8 6
4 15 11.2 4
4 16 25.2 9
4 17 14.0 5
4 18 28.0 10
4 19 28.0 10
4 20 11.2 4
4 21 19.6 7
4 22 8.4 3
4 23 19.6 7
4 24 28.0 10
4 25 1.065 0.355
4 26 14.0 5
4 27 25.2 9
4 28 11.2 4
4 29 28.0 10
4 30 5.6 2
4 31 11.2 4
4 32 16.8 6
4 33 5.6 2
4 34 22.4 8
4 35 14.0 5
4 36 1.395 0.465
4 37 14.0 5
4 38 19.6 7
4 39 14.0 5
4 40 22.4 8
4 41 25.2 9
4 42 11.2 4
4 43 19.6 7
4 44 11.2 4
4 45 1.167 0.389
4 46 25.2 9
4 47 8.4 3
4 48 22.4 8
4 49 14.0 5
5 6 25.2 9
5 7 28.0 10
5 8 2.8 1
5 9 14.0 5
5 10 5.6 2
5 11 28.0 10
5 12 11.2 4
5 13 8.4 3
5 14 22.4 8
5 15 5.6 2
5 16 16.8 6
5 17 25.2 9
5 18 2.8 1
5 19 28.0 10
5 20 2.8 1
5 21 5.6 2
5 22 11.2 4
5 23 11.2 4
5 24 19.6 7
5 25 28.0 10
5 26 2.8 1
5 27 6.696 2.232
5 28 28.0 10
5 29 22.4 8
5 30 19.6 7
5 31 11.2 4
5 32 8.4 3
5 33 14.0 5
5 34 22.4 8
5 35 8.4 3
5 36 2.8 1
5 37 16.8 6
5 38 16.8 6
5 39 8.4 3
5 40 22.4 8
5 41 19.6 7
5 42 11.2 4
5 43 22.4 8
5 44 14.0 5
5 45 14.0 5
5 46 8.4 3
5 47 14.0 5
5 48 2.8 1
5 49 7.71 2.57
6 7 8.4 3
6 8 8.4 3
6 9 25.2 9
6 10 22.4 8
6 11 16.8 6
6 12 25.2 9
6 13 19.6 7
6 14 1.563 0.521
6 15 11.2 4
6 16 11.2 4
6 17 19.6 7
6 18 16.8 6
6 19 0.996 0.332
6 20 14.0 5
6 21 5.6 2
6 22 5.6 2
6 23 8.4 3
6 24 1.524 0.508
6 25 11.2 4
6 26 2.8 1
6 27 5.6 2
6 28 1.8 0.6
6 29 16.8 6
6 30 25.2 9
6 31 5.6 2
6 32 16.8 6
6 33 11.2 4
6 34 25.2 9
6 35 1.152 0.384
6 36 19.6 7
6 37 5.6 2
6 38 16.8 6
6 39 19.6 7
6 40 16.8 6
6 41 22.4 8
6 42 28.0 10
6 43 25.2 9
6 44 28.0 10
6 45 14.0 5
6 46 11.2 4
6 47 16.8 6
6 48 19.6 7
6 49 8.4 3
7 8 25.2 9
7 9 14.0 5
7 10 2.8 1
7 11 28.0 10
7 12 2.8 1
7 13 16.8 6
7 14 19.6 7
7 15 8.4 3
7 16 16.8 6
7 17 11.2 4
7 18 3.666 1.222
7 19 11.2 4
7 20 19.6 7
7 21 28.0 10
7 22 4.743 1.581
7 23 14.0 5
7 24 28.0 10
7 25 25.2 9
7 26 22.4 8
7 27 16.8 6
7 28 11.2 4
7 29 2.8 1
7 30 2.8 1
7 31 11.2 4
7 32 11.2 4
7 33 25.2 9
7 34 22.4 8
7 35 28.0 10
7 36 25.2 9
7 37 5.6 2
7 38 16.8 6
7 39 14.0 5
7 40 11.2 4
7 41 25.2 9
7 42 5.6 2
7 43 4.059 1.353
7 44 28.0 10
7 45 11.2 4
7 46 19.6 7
7 47 22.4 8
7 48 5.6 2
7 49 22.4 8
8 9 1.044 0.348
8 10 2.8 1
8 11 25.2 9
8 12 8.4 3
8 13 25.2 9
8 14 8.4 3
8 15 22.4 8
8 16 25.2 9
8 17 25.2 9
8 18 2.8 1
8 19 21.35 7
8 20 25.2 9
8 21 19.6 7
8 22 2.8 1
8 23 8.4 3
8 24 22.4 8
8 25 1.866 0.622
8 26 22.4 8
8 27 16.8 6
8 28 25.2 9
8 29 5.6 2
8 30 16.8 6
8 31 11.2 4
8 32 2.8 1
8 33 25.2 9
8 34 11.2 4
8 35 14.0 5
8 36 1.395 0.465
8 37 8.4 3
8 38 16.8 6
8 39 16.8 6
8 40 28.0 10
8 41 28.0 10
8 42 28.0 10
8 43 8.4 3
8 44 28.0 10
8 45 1.578 0.526
8 46 28.0 10
8 47 2.8 1
8 48 14.0 5
8 49 28.0 10
9 10 11.2 4
9 11 19.6 7
9 12 5.6 2
9 13 11.2 4
9 14 11.2 4
9 15 11.2 4
9 16 19.6 7
9 17 22.4 8
9 18 5.6 2
9 19 22.4 8
9 20 19.6 7
9 21 14.0 5
9 22 22.4 8
9 23 28.0 10
9 24 28.0 10
9 25 1.662 0.554
9 26 11.2 4
9 27 2.8 1
9 28 11.2 4
9 29 2.8 1
9 30 25.2 9
9 31 2.8 1
9 32 22.4 8
9 33 11.2 4
9 34 2.8 1
9 35 19.6 7
9 36 1.149 0.383
9 37 28.0 10
9 38 28.0 10
9 39 5.6 2
9 40 11.2 4
9 41 5.6 2
9 42 2.8 1
9 43 8.4 3
9 44 8.4 3
9 45 2.01 0.67
9 46 5.6 2
9 47 5.6 2
9 48 16.8 6
9 49 22.4 8
10 11 28.0 10
10 12 5.6 2
10 13 19.6 7
10 14 28.0 10
10 15 2.154 0.718
10 16 1.941 0.647
10 17 11.2 4
10 18 14.0 5
10 19 16.8 6
10 20 1.788 0.596
10 21 2.8 1
10 22 8.4 3
10 23 2.8 1
10 24 28.0 10
10 25 2.8 1
10 26 22.4 8
10 27 8.4 3
10 28 19.6 7
10 29 2.8 1
10 30 8.4 3
10 31 28.0 10
10 32 19.6 7
10 33 11.2 4
10 34 16.8 6
10 35 8.4 3
10 36 14.0 5
10 37 25.2 9
10 38 5.6 2
10 39 2.8 1
10 40 2.091 0.697
10 41 28.0 10
10 42 28.0 10
10 43 11.2 4
10 44 5.6 2
10 45 16.8 6
10 46 28.0 10
10 47 25.2 9
10 48 28.0 10
10 49 22.4 8
11 12 5.6 2
11 13 11.2 4
11 14 22.4 8
11 15 14.0 5
11 16 19.6 7
11 17 22.4 8
11 18 2.8 1
11 19 2.8 1
11 20 8.4 3
11 21 25.2 9
11 22 11.2 4
11 23 5.6 2
11 24 8.4 3
11 25 5.6 2
11 26 25.2 9
11 27 22.4 8
11 28 11.2 4
11 29 4.476 1.492
11 30 22.4 8
11 31 2.8 1
11 32 2.8 1
11 33 5.6 2
11 34 25.2 9
11 35 2.8 1
11 36 19.6 7
11 37 28.0 10
11 38 14.0 5
11 39 14.0 5
11 40 2.8 1
11 41 14.0 5
11 42 8.4 3
11 43 28.0 10
11 44 28.0 10
11 45 19.6 7
11 46 2.544 0.848
11 47 14.0 5
11 48 3.909 1.303
11 49 19.6 7
12 13 28.0 10
12 14 14.0 5
12 15 19.6 7
12 16 5.6 2
12 17 22.4 8
12 18 5.6 2
12 19 22.4 8
12 20 19.6 7
12 21 22.4 8
12 22 19.6 7
12 23 19.6 7
12 24 5.6 2
12 25 22.4 8
12 26 22.4 8
12 27 11.2 4
12 28 8.4 3
12 29 28.0 10
12 30 8.4 3
12 31 2.8 1
12 32 5.6 2
12 33 16.8 6
12 34 3.135 1.045
12 35 19.6 7
12 36 11.2 4
12 37 25.2 9
12 38 2.8 1
12 39 14.0 5
12 40 25.2 9
12 41 4.305 1.435
12 42 22.4 8
12 43 14.0 5
12 44 3.744 1.248
12 45 16.8 6
12 46 16.8 6
12 47 8.4 3
12 48 28.0 10
12 49 28.0 10
13 14 14.0 5
13 15 28.0 10
13 16 14.0 5
13 17 25.2 9
13 18 16.8 6
13 19 5.6 2
13 20 5.6 2
13 21 5.6 2
13 22 28.0 10
13 23 8.598 2.866
13 24 2.8 1
13 25 2.8 1
13 26 8.4 3
13 27 22.4 8
13 28 5.6 2
13 29 28.0 10
13 30 11.2 4
13 31 28.0 10
13 32 28.0 10
13 33 2.8 1
13 34 22.4 8
13 35 28.0 10
13 36 11.2 4
13 37 11.2 4
13 38 19.6 7
13 39 6.876 2.292
13 40 25.2 9
13 41 5.6 2
13 42 16.8 6
13 43 8.4 3
13 44 28.0 10
13 45 2.8 1
13 46 19.6 7
13 47 8.4 3
13 48 2.8 1
13 49 2.8 1
14 15 5.6 2
14 16 14.0 5
14 17 19.6 7
14 18 22.4 8
14 19 1.23 0.41
14 20 16.8 6
14 21 11.2 4
14 22 8.4 3
14 23 8.4 3
14 24 1.311 0.437
14 25 19.6 7
14 26 16.8 6
14 27 11.2 4
14 28 1.935 0.645
14 29 14.0 5
14 30 19.6 7
14 31 22.4 8
14 32 25.2 9
14 33 2.8 1
14 34 11.2 4
14 35 1.485 0.495
14 36 19.6 7
14 37 25.2 9
14 38 22.4 8
14 39 25.2 9
14 40 11.2 4
14 41 14.0 5
14 42 14.0 5
14 43 2.8 1
14 44 5.6 2
14 45 19.6 7
14 46 8.4 3
14 47 14.0 5
14 48 11.2 4
14 49 11.2 4
15 16 2.061 0.687
15 17 2.8 1
15 18 22.4 8
15 19 25.2 9
15 20 2.67 0.89
15 21 2.8 1
15 22 8.4 3
15 23 28.0 10
15 24 14.0 5
15 25 14.0 5
15 26 11.2 4
15 27 2.8 1
15 28 22.4 8
15 29 8.4 3
15 30 25.2 9
15 31 11.2 4
15 32 28.0 10
15 33 8.4 3
15 34 8.4 3
15 35 22.4 8
15 36 25.2 9
15 37 8.4 3
15 38 19.6 7
15 39 14.0 5
15 40 2.973 0.991
15 41 8.4 3
15 42 5.6 2
15 43 8.4 3
15 44 5.6 2
15 45 22.4 8
15 46 2.8 1
15 47 22.4 8
15 48 5.6 2
15 49 8.4 3
16 17 25.2 9
16 18 14.0 5
16 19 5.6 2
16 20 2.154 0.718
16 21 14.0 5
16 22 19.6 7
16 23 14.0 5
16 24 5.6 2
16 25 19.6 7
16 26 25.2 9
16 27 8.4 3
16 28 16.8 6
16 29 11.2 4
16 30 5.6 2
16 31 2.8 1
16 32 5.6 2
16 33 19.6 7
16 34 2.8 1
16 35 8.4 3
16 36 2.8 1
16 37 28.0 10
16 38 28.0 10
16 39 25.2 9
16 40 2.244 0.748
16 41 11.2 4
16 42 11.2 4
16 43 22.4 8
16 44 19.6 7
16 45 19.6 7
16 46 22.4 8
16 47 2.8 1
16 48 2.8 1
16 49 5.6 2
17 18 28.0 10
17 19 14.0 5
17 20 28.0 10
17 21 8.4 3
17 22 22.4 8
17 23 8.4 3
17 24 14.0 5
17 25 28.0 10
17 26 1.56 0.52
17 27 16.8 6
17 28 14.0 5
17 29 5.6 2
17 30 16.8 6
17 31 1.83 0.61
17 32 8.4 3
17 33 5.6 2
17 34 28.0 10
17 35 16.8 6
17 36 14.0 5
17 37 25.2 9
17 38 8.4 3
17 39 14.0 5
17 40 11.2 4
17 41 2.8 1
17 42 22.4 8
17 43 25.2 9
17 44 28.0 10
17 45 22.4 8
17 46 2.8 1
17 47 2.82 0.94
17 48 11.2 4
17 49 28.0 10
18 19 2.8 1
18 20 19.6 7
18 21 25.2 9
18 22 3.033 1.011
18 23 19.6 7
18 24 19.6 7
18 25 14.0 5
18 26 19.6 7
18 27 8.4 3
18 28 25.2 9
18 29 16.8 6
18 30 22.4 8
18 31 16.8 6
18 32 8.4 3
18 33 16.8 6
18 34 11.2 4
18 35 11.2 4
18 36 28.0 10
18 37 11.2 4
18 38 11.2 4
18 39 2.8 1
18 40 16.8 6
18 41 8.4 3
18 42 22.4 8
18 43 3.717 1.239
18 44 19.6 7
18 45 19.6 7
18 46 16.8 6
18 47 8.4 3
18 48 16.8 6
18 49 19.6 7
19 20 28.0 10
19 21 28.0 10
19 22 11.2 4
19 23 5.6 2
19 24 1.29 0.43
19 25 16.8 6
19 26 16.8 6
19 27 22.4 8
19 28 1.35 0.45
19 29 22.4 8
19 30 19.6 7
19 31 22.4 8
19 32 25.2 9
19 33 14.0 5
19 34 11.2 4
19 35 1.839 0.613
19 36 14.0 5
19 37 8.4 3
19 38 22.4 8
19 39 19.6 7
19 40 5.6 2
19 41 8.4 3
19 42 19.6 7
19 43 5.6 2
19 44 8.4 3
19 45 28.0 10
19 46 19.6 7
19 47 16.8 6
19 48 25.2 9
19 49 25.2 9
20 21 28.0 10
20 22 8.4 3
20 23 2.8 1
20 24 16.8 6
20 25 16.8 6
20 26 8.4 3
20 27 25.2 9
20 28 14.0 5
20 29 28.0 10
20 30 2.8 1
20 31 8.4 3
20 32 5.6 2
20 33 19.6 7
20 34 25.2 9
20 35 2.8 1
20 36 5.6 2
20 37 2.8 1
20 38 2.8 1
20 39 22.4 8
20 40 1.728 0.576
20 41 19.6 7
20 42 22.4 8
20 43 19.6 7
20 44 5.6 2
20 45 28.0 10
20 46 16.8 6
20 47 5.6 2
20 48 5.6 2
20 49 5.6 2
21 22 22.4 8
21 23 11.2 4
21 24 28.0 10
21 25 28.0 10
21 26 22.4 8
21 27 25.2 9
21 28 8.4 3
21 29 19.6 7
21 30 1.128 0.376
21 31 22.4 8
21 32 0.729 0.243
21 33 1.059 0.353
21 34 11.2 4
21 35 8.4 3
21 36 2.8 1
21 37 25.2 9
21 38 1.017 0.339
21 39 5.6 2
21 40 2.8 1
21 41 25.2 9
21 42 0.756 0.252
21 43 19.6 7
21 44 2.8 1
21 45 19.6 7
21 46 19.6 7
21 47 2.8 1
21 48 5.6 2
21 49 8.4 3
22 23 28.0 10
22 24 16.8 6
22 25 5.6 2
22 26 2.8 1
22 27 16.8 6
22 28 16.8 6
22 29 22.4 8
22 30 14.0 5
22 31 14.0 5
22 32 19.6 7
22 33 8.4 3
22 34 14.0 5
22 35 25.2 9
22 36 25.2 9
22 37 11.2 4
22 38 16.8 6
22 39 11.2 4
22 40 2.8 1
22 41 8.4 3
22 42 14.0 5
22 43 2.592 0.864
22 44 5.6 2
22 45 21.35 7
22 46 28.0 10
22 47 8.4 3
22 48 2.8 1
22 49 14.0 5
23 24 11.2 4
23 25 8.4 3
23 26 22.4 8
23 27 28.0 10
23 28 2.8 1
23 29 5.6 2
23 30 22.4 8
23 31 25.2 9
23 32 16.8 6
23 33 22.4 8
23 34 28.0 10
23 35 16.8 6
23 36 16.8 6
23 37 2.8 1
23 38 19.6 7
23 39 6.339 2.113
23 40 22.4 8
23 41 8.4 3
23 42 22.4 8
23 43 8.4 3
23 44 16.8 6
23 45 2.8 1
23 46 5.6 2
23 47 19.6 7
23 48 14.0 5
23 49 2.8 1
24 25 22.4 8
24 26 8.4 3
24 27 19.6 7
24 28 1.173 0.391
24 29 14.0 5
24 30 2.8 1
24 31 5.6 2
24 32 2.8 1
24 33 16.8 6
24 34 16.8 6
24 35 1.584 0.528
24 36 16.8 6
24 37 25.2 9
24 38 19.6 7
24 39 19.6 7
24 40 22.4 8
24 41 8.4 3
24 42 22.4 8
24 43 28.0 10
24 44 5.6 2
24 45 2.8 1
24 46 5.6 2
24 47 19.6 7
24 48 2.8 1
24 49 22.4 8
25 26 2.8 1
25 27 28.0 10
25 28 11.2 4
25 29 5.6 2
25 30 5.6 2
25 31 11.2 4
25 32 28.0 10
25 33 25.2 9
25 34 14.0 5
25 35 2.8 1
25 36 1.209 0.403
25 37 16.8 6
25 38 8.4 3
25 39 14.0 5
25 40 25.2 9
25 41 25.2 9
25 42 5.6 2
25 43 19.6 7
25 44 25.2 9
25 45 1.128 0.376
25 46 16.8 6
25 47 19.6 7
25 48 5.6 2
25 49 14.0 5
26 27 22.4 8
26 28 19.6 7
26 29 19.6 7
26 30 28.0 10
26 31 2.46 0.82
26 32 28.0 10
26 33 11.2 4
26 34 11.2 4
26 35 16.8 6
26 36 25.2 9
26 37 25.2 9
26 38 28.0 10
26 39 25.2 9
26 40 5.6 2
26 41 25.2 9
26 42 28.0 10
26 43 25.2 9
26 44 28.0 10
26 45 2.8 1
26 46 2.8 1
26 47 2.16 0.72
26 48 19.6 7
26 49 16.8 6
27 28 25.2 9
27 29 16.8 6
27 30 22.4 8
27 31 11.2 4
27 32 28.0 10
27 33 11.2 4
27 34 19.6 7
27 35 8.4 3
27 36 25.2 9
27 37 8.4 3
27 38 19.6 7
27 39 19.6 7
27 40 22.4 8
27 41 14.0 5
27 42 5.6 2
27 43 22.4 8
27 44 16.8 6
27 45 2.8 1
27 46 14.0 5
27 47 11.2 4
27 48 22.4 8
27 49 7.407 2.469
28 29 22.4 8
28 30 19.6 7
28 31 16.8 6
28 32 14.0 5
28 33 5.6 2
28 34 22.4 8
28 35 1.563 0.521
28 36 5.6 2
28 37 28.0 10
28 38 8.4 3
28 39 28.0 10
28 40 22.4 8
28 41 11.2 4
28 42 19.6 7
28 43 16.8 6
28 44 28.0 10
28 45 19.6 7
28 46 11.2 4
28 47 22.4 8
28 48 14.0 5
28 49 22.4 8
29 30 2.8 1
29 31 2.8 1
29 32 22.4 8
29 33 5.6 2
29 34 19.6 7
29 35 8.4 3
29 36 22.4 8
29 37 11.2 4
29 38 14.0 5
29 39 5.6 2
29 40 22.4 8
29 41 5.6 2
29 42 19.6 7
29 43 14.0 5
29 44 16.8 6
29 45 25.2 9
29 46 4.38 1.46
29 47 19.6 7
29 48 3.675 1.225
29 49 8.4 3
30 31 19.6 7
30 32 1.224 0.408
30 33 0.768 0.256
30 34 14.0 5
30 35 16.8 6
30 36 16.8 6
30 37 11.2 4
30 38 1.209 0.403
30 39 11.2 4
30 40 11.2 4
30 41 16.8 6
30 42 1.362 0.454
30 43 19.6 7
30 44 8.4 3
30 45 16.8 6
30 46 19.6 7
30 47 16.8 6
30 48 22.4 8
30 49 22.4 8
31 32 16.8 6
31 33 8.4 3
31 34 28.0 10
31 35 11.2 4
31 36 2.8 1
31 37 25.2 9
31 38 5.6 2
31 39 25.2 9
31 40 19.6 7
31 41 22.4 8
31 42 5.6 2
31 43 11.2 4
31 44 16.8 6
31 45 19.6 7
31 46 22.4 8
31 47 2.55 0.85
31 48 22.4 8
31 49 16.8 6
32 33 0.936 0.312
32 34 22.4 8
32 35 14.0 5
32 36 16.8 6
32 37 25.2 9
32 38 0.936 0.312
32 39 19.6 7
32 40 5.6 2
32 41 28.0 10
32 42 0.975 0.325
32 43 11.2 4
32 44 11.2 4
32 45 28.0 10
32 46 2.8 1
32 47 22.4 8
32 48 22.4 8
32 49 16.8 6
33 34 25.2 9
33 35 22.4 8
33 36 25.2 9
33 37 25.2 9
33 38 1.14 0.38
33 39 14.0 5
33 40 19.6 7
33 41 28.0 10
33 42 1.002 0.334
33 43 16.8 6
33 44 19.6 7
33 45 28.0 10
33 46 19.6 7
33 47 11.2 4
33 48 11.2 4
33 49 19.6 7
34 35 16.8 6
34 36 14.0 5
34 37 5.6 2
34 38 2.8 1
34 39 8.4 3
34 40 5.6 2
34 41 3.603 1.201
34 42 19.6 7
34 43 11.2 4
34 44 3.417 1.139
34 45 19.6 7
34 46 16.8 6
34 47 19.6 7
34 48 28.0 10
34 49 8.4 3
35 36 16.8 6
35 37 2.8 1
35 38 11.2 4
35 39 19.6 7
35 40 5.6 2
35 41 5.6 2
35 42 19.6 7
35 43 8.4 3
35 44 19.6 7
35 45 8.4 3
35 46 2.8 1
35 47 8.4 3
35 48 19.6 7
35 49 2.8 1
36 37 16.8 6
36 38 22.4 8
36 39 8.4 3
36 40 16.8 6
36 41 14.0 5
36 42 2.8 1
36 43 25.2 9
36 44 14.0 5
36 45 1.887 0.629
36 46 22.4 8
36 47 16.8 6
36 48 25.2 9
36 49 28.0 10
37 38 25.2 9
37 39 19.6 7
37 40 2.8 1
37 41 5.6 2
37 42 25.2 9
37 43 19.6 7
37 44 2.8 1
37 45 25.2 9
37 46 25.2 9
37 47 19.6 7
37 48 8.4 3
37 49 22.4 8
38 39 14.0 5
38 40 19.6 7
38 41 25.2 9
38 42 1.002 0.334
38 43 22.4 8
38 44 25.2 9
38 45 16.8 6
38 46 2.8 1
38 47 25.2 9
38 48 16.8 6
38 49 5.6 2
39 40 11.2 4
39 41 11.2 4
39 42 28.0 10
39 43 8.4 3
39 44 14.0 5
39 45 11.2 4
39 46 19.6 7
39 47 28.0 10
39 48 8.4 3
39 49 8.4 3
40 41 14.0 5
40 42 19.6 7
40 43 16.8 6
40 44 14.0 5
40 45 2.8 1
40 46 28.0 10
40 47 2.8 1
40 48 22.4 8
40 49 22.4 8
41 42 28.0 10
41 43 16.8 6
41 44 3.603 1.201
41 45 11.2 4
41 46 11.2 4
41 47 21.35 7
41 48 8.4 3
41 49 8.4 3
42 43 16.8 6
42 44 8.4 3
42 45 5.6 2
42 46 19.6 7
42 47 16.8 6
42 48 5.6 2
42 49 8.4 3
43 44 2.8 1
43 45 22.4 8
43 46 22.4 8
43 47 14.0 5
43 48 16.8 6
43 49 22.4 8
44 45 14.0 5
44 46 5.6 2
44 47 25.2 9
44 48 14.0 5
44 49 14.0 5
45 46 28.0 10
45 47 14.0 5
45 48 19.6 7
45 49 8.4 3
46 47 25.2 9
46 48 2.826 0.942
46 49 11.2 4
47 48 25.2 9
47 49 5.6 2
48 49 25.2 9
