50
80
0 1 3 1
0 2 1.282 0.43
0 3 1.74 0.828
0 4 0.022 0.01
0 5 0.91 1.118
0 6 1.023 0.008
0 7 1.449 0.391
0 8 0.245 0.685
0 9 0.128 0.409
0 10 0.183 1.423
0 11 3 1
0 12 1.063 1.455
0 13 0.661 0.596
0 14 0.743 0.642
0 15 1.506 0.898
0 16 1.012 1.177
0 17 1.768 0.098
0 18 1.692 0.29
0 19 0.914 1.255
0 20 0.542 1.305
0 21 3 1
0 22 0.731 0.945
0 23 1.274 0.535
0 24 0.004 1.16
0 25 0.025 0.069
0 26 0.853 0.721
0 27 1.056 0.893
0 28 0.713 1.444
0 29 0.709 1.31
0 30 1.311 0.553
0 31 3 1
0 32 1.325 1.026
0 33 1.505 1.483
0 34 0.503 0.701
0 35 0.868 1.264
0 36 1.179 1.316
0 37 0.2 0.571
0 38 1.907 1.109
0 39 0.928 0.054
0 40 1.886 1.399
0 41 3 1
0 42 0.169 1.46
0 43 0.827 0.422
0 44 1.988 0.863
0 45 0.243 0.481
0 46 1.741 1.344
0 47 0.948 1.358
0 48 1.058 0.727
0 49 1.391 1.485
1 2 1.699 0.574
1 3 1.586 1.203
1 4 1.103 0.393
1 5 0.797 0.317
1 6 0.137 0.919
1 7 1.372 0.754
1 8 1.183 0.731
1 9 0.411 1.472
1 10 1.623 0.161
1 11 1.432 0.306
1 12 0.687 0.855
1 13 0.8 0.124
1 14 1.258 0.362
1 15 0.042 0.854
1 16 0.103 0.954
1 17 1.204 1.113
1 18 0.453 0.281
1 19 1.681 1.269
1 20 0.407 0.872
1 21 1.985 0.485
1 22 1.604 0.264
1 23 1.931 1.054
1 24 1.996 0.774
1 25 0.266 0.371
1 26 0.502 1.425
1 27 0.067 0.996
1 28 0.356 0.228
1 29 1.117 0.983
1 30 1.8 1.179
1 31 1.796 1.213
1 32 1.562 0.026
1 33 1.06 1.331
1 34 1.044 0.635
1 35 0.332 0.35
1 36 1.933 0.296
1 37 0.988 0.142
1 38 1.4 0.783
1 39 1.875 0.727
1 40 1.276 0.848
1 41 1.219 1.075
1 42 1.136 1.076
1 43 1.551 0.236
1 44 0.635 0.305
1 45 1.36 0.217
1 46 0.757 1.078
1 47 1.901 0.387
1 48 0.751 0.179
1 49 0.661 1.065
2 3 3 1.5
2 4 1.491 0.321
2 5 1.031 1.369
2 6 1.046 0.246
2 7 0.66 1.374
2 8 1.054 0.401
2 9 0.718 0.215
2 10 0.2 0.699
2 11 0.942 0.507
2 12 1.473 0.343
2 13 3 1.5
2 14 1.737 1.07
2 15 0.26 1.41
2 16 1.909 1.283
2 17 1.71 1.014
2 18 1.642 0.988
2 19 1.266 0.24
2 20 1.029 0.385
2 21 1.317 1.177
2 22 1.63 1.206
2 23 3 1.5
2 24 1.161 0.551
2 25 1.017 0.25
2 26 1.057 0.129
2 27 0.182 0.222
2 28 1.609 1.02
2 29 1.088 0.505
2 30 1.569 0.224
2 31 0.303 0.501
2 32 1.168 0.896
2 33 3 1.5
2 34 0.763 1.478
2 35 0.181 1.346
2 36 0.364 1.436
2 37 1.822 0.873
2 38 0.252 1.447
2 39 0.02 1.031
2 40 0.656 0.883
2 41 0.899 0.39
2 42 0.476 1.099
2 43 3 1.5
2 44 0.085 0.335
2 45 0.628 0.843
2 46 1.306 1.358
2 47 0.023 0.796
2 48 0.738 0.221
2 49 0.902 0.408
3 4 1.857 0.163
3 5 0.077 0.216
3 6 1.082 0.693
3 7 1.557 1.131
3 8 0.629 1.4
3 9 1.193 0.458
3 10 0.308 0.362
3 11 0.445 0.464
3 12 0.08 0.814
3 13 1.686 0.119
3 14 1.165 1.141
3 15 1.009 0.321
3 16 1.454 0.077
3 17 0.583 1.157
3 18 0.163 1.297
3 19 1.335 0.811
3 20 0.028 0.099
3 21 0.533 0.431
3 22 1.277 0.882
3 23 1.507 0.805
3 24 0.703 0.091
3 25 1.009 0.801
3 26 0.137 0.079
3 27 0.376 0.461
3 28 1.842 0.918
3 29 1.267 0.905
3 30 0.296 1.353
3 31 1.265 0.547
3 32 0.917 1.298
3 33 1.605 0.341
3 34 1.993 0.249
3 35 1.483 0.838
3 36 0.883 1.444
3 37 0.835 0.57
3 38 1.104 1.116
3 39 0.867 0.932
3 40 0.375 0.013
3 41 0.683 0.703
3 42 0.741 0.737
3 43 1.303 0.917
3 44 0.439 1.127
3 45 0.031 0.343
3 46 0.771 0.412
3 47 1.1 0.406
3 48 1.127 0.869
3 49 1.333 1.354
4 5 1 0.5
4 6 2 1
4 7 0.952 1.234
4 8 0.55 0.029
4 9 0.566 1.227
4 10 1.08 0.053
4 11 1.68 1.397
4 12 1.931 1.312
4 13 1.491 0.058
4 14 1.69 0.113
4 15 1 0.5
4 16 2 1
4 17 0.04 1.362
4 18 0.243 0.875
4 19 1.25 0.253
4 20 0.155 0.242
4 21 0.942 0.869
4 22 1.705 0.173
4 23 1.47 1.251
4 24 0.629 0.946
4 25 1 0.5
4 26 2 1
4 27 1.343 0.519
4 28 1.375 0.941
4 29 0.498 1.426
4 30 1.81 1.281
4 31 1.651 0.016
4 32 1.766 1.464
4 33 1.667 0.701
4 34 1.791 0.402
4 35 1 0.5
4 36 2 1
4 37 1.456 0.797
4 38 1.628 0.6
4 39 1.383 1.472
4 40 0.035 0.363
4 41 1.292 0.168
4 42 1.195 0.889
4 43 1.634 0.545
4 44 0.663 1.479
4 45 1 0.5
4 46 2 1
4 47 1.474 0.845
4 48 1.187 0.425
4 49 1.126 1.367
5 6 1 0.5
5 7 1.279 1.115
5 8 1.259 0.604
5 9 0.1 0.371
5 10 1.936 0.839
5 11 1.435 0.084
5 12 1.46 0.89
5 13 0.501 0.755
5 14 1.487 0.49
5 15 1.322 1.263
5 16 1 0.5
5 17 1.602 0.186
5 18 1.323 0.334
5 19 0.764 0.347
5 20 1.858 1.409
5 21 0.31 0.949
5 22 1.855 0.451
5 23 0.075 1.146
5 24 0.268 0.919
5 25 0.788 1.146
5 26 1 0.5
5 27 0.682 0.521
5 28 0.436 0.455
5 29 0.491 0.529
5 30 0.213 1.162
5 31 0.433 0.783
5 32 0.336 0.611
5 33 1.002 1.144
5 34 1.485 0.292
5 35 1.831 0.79
5 36 1 0.5
5 37 0.531 0.853
5 38 1.198 0.781
5 39 0.624 0.325
5 40 1.893 1.47
5 41 0.645 0.262
5 42 0.736 0.45
5 43 1.969 1.143
5 44 0.712 0.529
5 45 0.33 1.353
5 46 1 0.5
5 47 1.284 1.139
5 48 1.016 0.829
5 49 0.797 1.005
6 7 0.098 0.121
6 8 1.868 0.728
6 9 0.124 0.505
6 10 0.796 0.74
6 11 1.022 1.474
6 12 1.676 0.793
6 13 1.049 1.468
6 14 0.093 1.482
6 15 0.498 1.178
6 16 0.8 0.928
6 17 0.963 0.409
6 18 0.257 0.547
6 19 0.902 0.406
6 20 0.327 0.177
6 21 1.227 0.058
6 22 1.436 0.66
6 23 0.628 0.217
6 24 0.098 0.527
6 25 0.309 1.355
6 26 0.537 1.113
6 27 0.06 0.299
6 28 0.329 0.635
6 29 0.47 0.667
6 30 1.925 0.211
6 31 1.615 1.076
6 32 1.633 1.301
6 33 1.011 0.191
6 34 1.182 0.293
6 35 0.482 0.493
6 36 0.233 1.113
6 37 0.026 0.066
6 38 1.661 0.864
6 39 1.409 1.006
6 40 1.214 0.261
6 41 1.088 0.512
6 42 0.227 0.997
6 43 1.032 0.622
6 44 1.828 1.168
6 45 1.715 0.814
6 46 0.726 1.24
6 47 0.333 0.886
6 48 1.156 0.57
6 49 0.233 0.738
7 8 1.5 0.5
7 9 2 1
7 10 0.69 1.005
7 11 1.58 0.109
7 12 0.6 0.26
7 13 0.487 0.482
7 14 1.086 0.657
7 15 0.397 1.194
7 16 1.401 0.534
7 17 1.536 0.293
7 18 1.5 0.5
7 19 2 1
7 20 1.927 1.307
7 21 0.073 0.274
7 22 0.417 0.835
7 23 1.702 0.376
7 24 1.013 0.316
7 25 1.282 1.252
7 26 0.109 0.536
7 27 1.136 0.884
7 28 1.5 0.5
7 29 2 1
7 30 1.004 1.255
7 31 1.731 0.237
7 32 1.772 0.019
7 33 1.514 0.518
7 34 0.311 0.731
7 35 1.917 0.628
7 36 1.598 1.141
7 37 1.522 1.276
7 38 1.5 0.5
7 39 2 1
7 40 0.295 0.409
7 41 0.116 0.117
7 42 1.43 0.357
7 43 1.93 0.673
7 44 1.979 0.822
7 45 1.784 0.078
7 46 0.927 1.165
7 47 0.543 1.17
7 48 1.5 0.5
7 49 2 1
8 9 1 0.5
8 10 0.48 0.695
8 11 1.838 0.802
8 12 1.254 1.099
8 13 1.096 0.125
8 14 0.925 1.047
8 15 0.762 0.643
8 16 1.695 0.877
8 17 0.347 0.282
8 18 0.864 0.598
8 19 1 0.5
8 20 0.331 1.287
8 21 0.626 0.504
8 22 0.953 0.353
8 23 0.865 1.182
8 24 1.15 0.425
8 25 1.53 0.162
8 26 1.523 0.295
8 27 1.998 0.896
8 28 0.589 0.298
8 29 1 0.5
8 30 1.647 0.232
8 31 1.295 0.171
8 32 1.274 1.263
8 33 0.805 1.459
8 34 1.858 0.559
8 35 0.331 0.05
8 36 1.582 1.266
8 37 1.822 1.365
8 38 0.356 0.785
8 39 1 0.5
8 40 0.036 0.017
8 41 0.15 0.798
8 42 1.234 0.463
8 43 0.738 1.323
8 44 0.204 1.174
8 45 1.392 1.009
8 46 0.269 1.185
8 47 0.631 0.353
8 48 1.392 1.302
8 49 1 0.5
9 10 0.046 0.535
9 11 0.114 0.226
9 12 1.805 0.549
9 13 0.954 0.504
9 14 1.974 1.354
9 15 1.182 1.46
9 16 1.424 0.599
9 17 1.505 1.051
9 18 0.695 1.44
9 19 1.815 0.6
9 20 0.964 1.421
9 21 0.443 0.191
9 22 0.338 0.89
9 23 0.488 0.957
9 24 0.83 1.012
9 25 1.133 0.123
9 26 1.216 0.781
9 27 0.647 0.388
9 28 0.839 0.452
9 29 0.208 0.727
9 30 0.214 0.185
9 31 1.919 0.458
9 32 1.558 1.289
9 33 1.223 0.458
9 34 1.116 0.582
9 35 0.925 1.487
9 36 1.098 0.021
9 37 0.883 1.367
9 38 1.497 0.302
9 39 1.029 1.334
9 40 1.818 1.078
9 41 1.043 1.235
9 42 1.275 0.866
9 43 0.379 0.843
9 44 0.657 0.361
9 45 1.696 0.675
9 46 0.929 1.289
9 47 1.498 1.259
9 48 1.891 0.935
9 49 1.905 0.407
10 11 3 1
10 12 0.965 0.399
10 13 0.006 1.186
10 14 1.664 0.426
10 15 0.833 0.225
10 16 0.402 1.186
10 17 0.546 0.426
10 18 1.82 1.141
10 19 0.626 1.248
10 20 0.042 0.521
10 21 3 1
10 22 1.364 0.281
10 23 0.309 0.193
10 24 1.416 0.34
10 25 1.204 1.138
10 26 0.826 1.256
10 27 0.611 0.501
10 28 1.143 0.798
10 29 0.431 1.258
10 30 0.855 0.283
10 31 3 1
10 32 0.335 0.513
10 33 0.693 0.903
10 34 0.511 0.216
10 35 1.3 0.184
10 36 1.201 0.911
10 37 0.451 0.76
10 38 0.912 0.973
10 39 1.242 0.971
10 40 1.553 0.084
10 41 3 1
10 42 0.064 0.221
10 43 0.186 0.413
10 44 0.051 0.389
10 45 1.204 0.327
10 46 1.0 0.254
10 47 0.668 1.053
10 48 1.831 0.807
10 49 0.268 1.316
11 12 0.271 0.805
11 13 1.178 1.438
11 14 0.938 0.086
11 15 0.65 0.463
11 16 1.981 0.864
11 17 0.39 0.67
11 18 0.125 0.679
11 19 1.577 0.832
11 20 0.002 1.393
11 21 1.512 0.112
11 22 1.641 0.697
11 23 1.752 0.217
11 24 0.952 1.391
11 25 1.488 0.831
11 26 0.009 0.52
11 27 0.893 0.758
11 28 0.961 0.994
11 29 0.28 0.414
11 30 0.788 0.837
11 31 0.21 1.076
11 32 1.551 1.305
11 33 1.411 0.805
11 34 1.025 0.541
11 35 1.221 0.071
11 36 1.081 1.022
11 37 1.248 0.687
11 38 0.019 0.939
11 39 1.108 1.045
11 40 0.792 0.888
11 41 1.266 0.095
11 42 1.717 1.429
11 43 1.041 0.872
11 44 1.249 0.958
11 45 0.799 0.694
11 46 0.26 0.888
11 47 1.507 0.472
11 48 0.583 0.529
11 49 0.781 0.015
12 13 3 1.5
12 14 0.41 1.295
12 15 0.36 0.233
12 16 1.494 1.039
12 17 1.739 0.11
12 18 0.302 0.746
12 19 1.282 1.484
12 20 0.481 0.84
12 21 1.3 1.203
12 22 1.627 0.602
12 23 3 1.5
12 24 0.794 1.085
12 25 1.356 1.135
12 26 0.864 0.041
12 27 1.131 0.538
12 28 1.231 1.264
12 29 0.189 0.484
12 30 0.775 0.294
12 31 1.282 0.765
12 32 1.801 1.014
12 33 3 1.5
12 34 1.964 1.249
12 35 0.995 1.167
12 36 0.421 0.106
12 37 1.929 1.054
12 38 0.679 0.053
12 39 1.594 1.48
12 40 1.618 0.401
12 41 0.92 1.016
12 42 1.118 1.228
12 43 3 1.5
12 44 0.354 1.241
12 45 1.147 0.188
12 46 1.887 1.354
12 47 0.133 0.506
12 48 1.332 0.492
12 49 0.025 1.467
13 14 1.284 0.14
13 15 0.6 1.279
13 16 0.21 1.449
13 17 1.744 0.852
13 18 0.891 1.383
13 19 1.818 0.689
13 20 0.761 1.095
13 21 0.106 0.891
13 22 1.781 0.875
13 23 1.073 1.335
13 24 0.629 0.415
13 25 0.803 0.494
13 26 0.551 0.009
13 27 1.665 0.885
13 28 1.474 0.707
13 29 0.715 0.286
13 30 1.67 1.281
13 31 0.756 0.121
13 32 1.863 0.331
13 33 0.722 0.61
13 34 1.994 0.158
13 35 0.286 1.244
13 36 1.478 1.397
13 37 1.985 1.069
13 38 0.105 1.294
13 39 1.609 0.549
13 40 1.577 0.923
13 41 1.339 0.933
13 42 1.886 1.441
13 43 1.431 1.422
13 44 1.405 1.087
13 45 0.248 0.002
13 46 0.936 0.429
13 47 1.687 0.122
13 48 1.37 0.421
13 49 1.008 1.203
14 15 1 0.5
14 16 2 1
14 17 0.393 0.321
14 18 1.584 0.599
14 19 1.941 0.605
14 20 0.708 0.283
14 21 1.111 0.964
14 22 1.644 0.89
14 23 1.134 1.296
14 24 0.822 0.006
14 25 1 0.5
14 26 2 1
14 27 1.369 0.993
14 28 1.641 0.804
14 29 0.116 0.897
14 30 1.0 0.938
14 31 0.58 1.391
14 32 1.776 0.43
14 33 1.342 0.644
14 34 0.956 1.354
14 35 1 0.5
14 36 2 1
14 37 0.384 1.24
14 38 0.409 0.871
14 39 1.358 0.066
14 40 1.055 1.209
14 41 1.678 0.217
14 42 1.37 0.676
14 43 0.302 0.045
14 44 0.051 1.158
14 45 1 0.5
14 46 2 1
14 47 0.284 0.902
14 48 1.113 1.343
14 49 1.594 1.467
15 16 1 0.5
15 17 1.124 1.31
15 18 0.621 0.629
15 19 0.531 1.478
15 20 0.9 0.216
15 21 1.928 0.347
15 22 0.531 0.044
15 23 1.967 1.448
15 24 0.315 0.283
15 25 1.804 0.072
15 26 1 0.5
15 27 1.921 0.627
15 28 0.043 0.171
15 29 1.681 1.24
15 30 1.647 1.143
15 31 1.717 1.418
15 32 1.078 1.269
15 33 1.376 0.013
15 34 0.757 0.334
15 35 1.118 0.548
15 36 1 0.5
15 37 1.461 1.28
15 38 1.103 0.096
15 39 1.27 0.304
15 40 1.511 1.114
15 41 0.056 0.994
15 42 0.473 0.173
15 43 1.39 1.176
15 44 1.215 1.318
15 45 0.951 1.398
15 46 1 0.5
15 47 0.19 1.142
15 48 0.601 0.882
15 49 0.2 1.146
16 17 1.277 0.666
16 18 1.694 1.184
16 19 0.046 0.907
16 20 0.997 1.284
16 21 1.78 0.089
16 22 0.342 0.807
16 23 1.131 1.279
16 24 0.08 1.49
16 25 1.925 1.453
16 26 0.201 1.461
16 27 0.88 1.269
16 28 1.731 0.672
16 29 1.901 0.813
16 30 0.907 0.933
16 31 1.066 0.653
16 32 0.572 1.133
16 33 1.866 0.225
16 34 0.451 0.965
16 35 1.713 1.22
16 36 1.444 1.254
16 37 1.749 0.175
16 38 1.93 0.794
16 39 0.899 0.195
16 40 0.14 0.345
16 41 1.737 0.857
16 42 1.619 1.009
16 43 0.489 0.098
16 44 1.976 0.178
16 45 1.031 1.288
16 46 1.748 0.333
16 47 1.133 1.132
16 48 0.504 1.49
16 49 1.696 0.65
17 18 1.5 0.5
17 19 2 1
17 20 0.892 0.922
17 21 1.184 1.208
17 22 1.109 0.306
17 23 0.574 1.43
17 24 1.553 0.648
17 25 1.706 0.23
17 26 1.284 0.736
17 27 1.632 0.122
17 28 1.5 0.5
17 29 2 1
17 30 1.03 1.068
17 31 1.072 1.188
17 32 0.134 0.88
17 33 1.005 0.035
17 34 1.604 0.828
17 35 1.661 0.393
17 36 0.042 1.497
17 37 1.714 1.135
17 38 1.5 0.5
17 39 2 1
17 40 1.085 0.814
17 41 0.868 0.408
17 42 0.432 1.164
17 43 0.698 0.949
17 44 1.327 1.463
17 45 1.798 0.824
17 46 0.247 1.034
17 47 1.456 0.627
17 48 1.5 0.5
17 49 2 1
18 19 1 0.5
18 20 0.41 0.628
18 21 0.674 1.031
18 22 0.672 0.596
18 23 0.974 0.37
18 24 0.066 0.279
18 25 0.754 0.194
18 26 1.589 0.205
18 27 0.522 1.315
18 28 1.318 0.488
18 29 1 0.5
18 30 0.766 1.068
18 31 0.657 0.951
18 32 0.24 0.196
18 33 1.342 1.091
18 34 1.062 1.155
18 35 0.695 0.931
18 36 0.269 1.156
18 37 0.197 1.344
18 38 1.446 0.858
18 39 1 0.5
18 40 0.63 0.077
18 41 1.543 0.952
18 42 0.898 1.028
18 43 1.084 0.352
18 44 1.15 1.233
18 45 1.158 0.914
18 46 1.697 1.417
18 47 1.165 1.263
18 48 0.828 0.378
18 49 1 0.5
19 20 0.6 1.091
19 21 0.33 0.577
19 22 0.388 1.337
19 23 0.668 0.171
19 24 0.298 0.186
19 25 0.267 0.008
19 26 0.782 0.003
19 27 1.15 0.893
19 28 0.439 0.536
19 29 0.289 0.341
19 30 1.15 1.286
19 31 0.012 1.347
19 32 0.833 0.476
19 33 1.024 0.897
19 34 0.369 0.178
19 35 0.881 0.295
19 36 1.288 0.638
19 37 0.549 0.363
19 38 1.016 1.241
19 39 0.353 1.179
19 40 0.442 0.815
19 41 1.379 0.168
19 42 1.389 0.21
19 43 1.74 0.166
19 44 1.517 1.274
19 45 0.58 1.256
19 46 1.428 1.001
19 47 1.765 0.384
19 48 1.265 1.228
19 49 1.621 0.818
20 21 3 1
20 22 1.645 1.278
20 23 1.32 0.435
20 24 1.732 0.907
20 25 0.928 0.986
20 26 1.801 0.906
20 27 0.888 0.336
20 28 0.721 0.718
20 29 1.867 0.909
20 30 0.855 0.052
20 31 3 1
20 32 0.634 0.645
20 33 1.636 0.265
20 34 1.426 0.265
20 35 1.688 0.921
20 36 0.718 0.158
20 37 0.006 0.789
20 38 0.689 0.602
20 39 1.545 0.797
20 40 1.922 0.206
20 41 3 1
20 42 0.008 0.01
20 43 0.584 0.811
20 44 0.065 1.435
20 45 0.118 0.735
20 46 0.151 0.057
20 47 0.401 0.149
20 48 1.283 0.512
20 49 0.906 0.952
21 22 1.997 1.135
21 23 1.269 0.072
21 24 1.753 0.24
21 25 0.098 0.118
21 26 0.096 0.999
21 27 1.642 1.254
21 28 1.087 1.354
21 29 0.33 0.978
21 30 1.496 0.201
21 31 0.111 1.191
21 32 0.1 0.946
21 33 0.539 0.636
21 34 0.163 1.234
21 35 1.093 0.024
21 36 1.586 0.628
21 37 0.345 0.924
21 38 0.403 0.407
21 39 1.262 0.642
21 40 0.385 1.413
21 41 1.231 0.168
21 42 0.578 0.734
21 43 1.263 1.184
21 44 0.557 0.279
21 45 0.346 0.76
21 46 0.025 1.385
21 47 0.705 0.189
21 48 1.272 1.47
21 49 0.796 1.083
22 23 3 1.5
22 24 1.646 1.221
22 25 1.457 0.945
22 26 0.365 1.374
22 27 0.522 0.574
22 28 1.842 0.935
22 29 1.481 0.235
22 30 1.616 0.08
22 31 0.059 1.259
22 32 1.479 0.349
22 33 3 1.5
22 34 1.556 0.347
22 35 0.048 0.316
22 36 1.003 0.47
22 37 0.392 0.782
22 38 0.378 0.408
22 39 1.262 1.481
22 40 0.617 0.934
22 41 1.864 0.085
22 42 0.796 0.248
22 43 3 1.5
22 44 1.038 0.686
22 45 0.262 1.083
22 46 0.413 0.137
22 47 1.933 1.188
22 48 0.69 0.715
22 49 1.138 1.364
23 24 1.849 0.054
23 25 1.508 0.913
23 26 0.767 0.541
23 27 0.734 0.209
23 28 1.809 1.358
23 29 1.76 1.341
23 30 0.657 0.849
23 31 1.836 0.005
23 32 1.56 0.501
23 33 0.828 0.745
23 34 0.124 0.246
23 35 1.944 0.834
23 36 0.353 1.452
23 37 1.324 0.5
23 38 0.978 1.116
23 39 1.698 1.214
23 40 1.046 0.545
23 41 0.951 0.396
23 42 0.388 1.329
23 43 1.328 0.985
23 44 0.037 1.178
23 45 0.801 0.258
23 46 1.479 0.589
23 47 1.436 0.146
23 48 1.08 1.043
23 49 1.089 0.15
24 25 1 0.5
24 26 2 1
24 27 1.72 0.162
24 28 1.693 1.084
24 29 1.623 1.466
24 30 0.631 0.641
24 31 1.715 1.391
24 32 1.422 0.886
24 33 1.712 0.968
24 34 0.518 0.503
24 35 1 0.5
24 36 2 1
24 37 1.562 1.29
24 38 0.273 1.42
24 39 0.783 1.102
24 40 0.768 1.389
24 41 0.852 1.046
24 42 1.805 0.208
24 43 1.09 0.198
24 44 1.404 0.963
24 45 1 0.5
24 46 2 1
24 47 0.5 0.099
24 48 1.923 1.274
24 49 1.347 0.311
25 26 1 0.5
25 27 1.796 0.263
25 28 1.607 0.283
25 29 0.07 0.249
25 30 0.603 0.198
25 31 1.166 0.249
25 32 0.67 0.718
25 33 1.763 1.212
25 34 1.081 0.329
25 35 1.402 0.412
25 36 1 0.5
25 37 1.533 1.459
25 38 1.232 0.256
25 39 1.972 1.466
25 40 1.698 0.523
25 41 0.072 1.0
25 42 1.403 0.12
25 43 1.668 0.056
25 44 1.622 0.826
25 45 1.593 0.424
25 46 1 0.5
25 47 1.033 0.668
25 48 0.204 0.707
25 49 1.567 1.454
26 27 0.771 0.513
26 28 0.538 0.863
26 29 0.77 0.631
26 30 1.198 1.291
26 31 0.268 0.826
26 32 0.631 0.418
26 33 0.602 0.358
26 34 0.434 1.047
26 35 1.315 1.043
26 36 1.176 1.142
26 37 0.428 0.271
26 38 1.67 0.245
26 39 1.65 0.715
26 40 0.773 1.335
26 41 1.662 0.394
26 42 1.782 0.335
26 43 0.771 1.126
26 44 1.667 0.803
26 45 1.548 1.18
26 46 1.63 1.349
26 47 1.322 0.898
26 48 0.176 0.906
26 49 0.356 0.137
27 28 1.5 0.5
27 29 2 1
27 30 1.904 0.796
27 31 1.903 1.497
27 32 0.924 0.655
27 33 0.037 0.816
27 34 0.133 1.058
27 35 0.394 0.096
27 36 1.947 0.63
27 37 1.448 1.032
27 38 1.5 0.5
27 39 2 1
27 40 0.075 0.456
27 41 0.933 0.453
27 42 0.142 1.031
27 43 1.695 0.087
27 44 1.964 0.756
27 45 1.246 1.27
27 46 0.213 0.206
27 47 1.216 0.624
27 48 1.5 0.5
27 49 2 1
28 29 1 0.5
28 30 1.47 1.127
28 31 1.698 0.074
28 32 0.493 0.729
28 33 0.075 0.544
28 34 1.177 1.003
28 35 0.513 1.4
28 36 1.039 0.071
28 37 1.91 0.166
28 38 1.95 0.724
28 39 1 0.5
28 40 0.552 0.54
28 41 0.996 1.466
28 42 1.584 0.788
28 43 0.859 1.288
28 44 0.776 0.025
28 45 0.433 0.867
28 46 0.559 0.402
28 47 1.009 0.33
28 48 1.223 1.206
28 49 1 0.5
29 30 0.079 0.11
29 31 1.387 1.024
29 32 1.297 1.167
29 33 1.985 1.133
29 34 0.575 0.297
29 35 1.271 0.658
29 36 1.035 0.525
29 37 1.679 0.629
29 38 0.569 0.725
29 39 1.594 0.323
29 40 1.731 0.535
29 41 1.379 0.743
29 42 0.299 0.243
29 43 0.917 0.616
29 44 1.744 1.095
29 45 0.212 0.168
29 46 1.155 1.336
29 47 1.18 0.835
29 48 0.794 1.217
29 49 0.102 0.424
30 31 3 1
30 32 0.285 1.329
30 33 0.14 0.901
30 34 0.14 0.794
30 35 0.414 0.751
30 36 0.259 1.2
30 37 1.384 1.418
30 38 0.698 1.289
30 39 0.341 0.481
30 40 0.129 0.188
30 41 3 1
30 42 0.511 0.152
30 43 1.015 0.971
30 44 1.486 0.284
30 45 1.693 0.159
30 46 1.751 0.803
30 47 1.51 0.185
30 48 0.56 0.953
30 49 1.004 0.619
31 32 0.954 0.658
31 33 1.794 0.645
31 34 0.696 0.103
31 35 1.652 1.03
31 36 1.785 0.588
31 37 0.045 0.271
31 38 0.077 1.007
31 39 1.782 1.287
31 40 1.107 0.42
31 41 0.585 1.291
31 42 0.346 0.016
31 43 0.104 0.303
31 44 0.572 0.225
31 45 0.152 0.186
31 46 0.294 1.279
31 47 0.677 1.17
31 48 1.052 0.985
31 49 1.344 0.336
32 33 3 1.5
32 34 1.352 1.203
32 35 1.789 0.609
32 36 1.306 0.068
32 37 0.524 1.419
32 38 1.456 0.528
32 39 1.951 0.782
32 40 0.883 0.125
32 41 1.924 0.208
32 42 1.825 1.279
32 43 3 1.5
32 44 0.457 0.325
32 45 0.847 0.304
32 46 1.393 0.116
32 47 0.865 0.602
32 48 0.706 0.782
32 49 1.395 0.044
33 34 1.248 0.534
33 35 0.965 0.448
33 36 0.982 0.146
33 37 1.301 1.064
33 38 0.983 0.69
33 39 0.925 0.727
33 40 1.009 1.467
33 41 1.727 0.737
33 42 0.367 0.931
33 43 1.415 1.195
33 44 1.377 1.345
33 45 1.207 0.734
33 46 1.888 0.127
33 47 1.108 1.49
33 48 0.977 0.128
33 49 0.844 0.406
34 35 1 0.5
34 36 2 1
34 37 1.308 0.1
34 38 0.872 0.874
34 39 1.462 0.766
34 40 1.298 0.009
34 41 0.814 1.258
34 42 0.13 0.385
34 43 1.341 1.016
34 44 1.492 0.063
34 45 1 0.5
34 46 2 1
34 47 0.002 0.25
34 48 1.92 0.883
34 49 0.079 0.728
35 36 1 0.5
35 37 0.951 0.516
35 38 0.523 0.982
35 39 1.214 0.373
35 40 0.317 1.069
35 41 0.29 1.464
35 42 0.124 0.959
35 43 0.827 1.11
35 44 1.807 0.413
35 45 1.009 0.487
35 46 1 0.5
35 47 1.925 1.426
35 48 1.439 1.08
35 49 0.313 0.329
36 37 0.279 0.292
36 38 1.963 1.276
36 39 1.438 1.123
36 40 1.721 1.124
36 41 1.703 0.66
36 42 1.811 1.034
36 43 0.143 1.488
36 44 0.08 0.61
36 45 1.669 0.815
36 46 1.547 1.153
36 47 0.08 1.459
36 48 1.593 1.183
36 49 1.546 0.139
37 38 1.5 0.5
37 39 2 1
37 40 1.396 0.224
37 41 1.813 0.528
37 42 1.218 0.523
37 43 1.547 1.301
37 44 1.901 1.263
37 45 0.188 0.236
37 46 0.916 0.21
37 47 0.074 1.158
37 48 1.5 0.5
37 49 2 1
38 39 1 0.5
38 40 1.76 0.843
38 41 0.796 0.929
38 42 0.503 1.415
38 43 0.944 0.063
38 44 1.666 1.082
38 45 1.471 0.186
38 46 0.51 1.394
38 47 1.922 1.369
38 48 1.783 0.351
38 49 1 0.5
39 40 1.732 1.154
39 41 1.647 1.206
39 42 1.203 0.864
39 43 1.079 1.097
39 44 1.13 0.38
39 45 0.585 0.062
39 46 0.957 0.877
39 47 1.423 0.796
39 48 1.925 1.031
39 49 1.5 0.781
40 41 3 1
40 42 0.479 0.692
40 43 1.666 1.081
40 44 1.126 0.123
40 45 1.731 0.411
40 46 1.663 0.393
40 47 1.426 0.57
40 48 0.313 0.48
40 49 0.386 0.906
41 42 0.552 0.97
41 43 0.827 1.222
41 44 1.006 1.273
41 45 1.358 1.496
41 46 1.931 0.504
41 47 1.845 0.452
41 48 1.081 1.495
41 49 0.316 1.162
42 43 3 1.5
42 44 0.94 0.605
42 45 0.214 0.045
42 46 0.121 0.163
42 47 0.79 0.249
42 48 0.745 0.896
42 49 1.039 0.936
43 44 1.942 0.732
43 45 1.67 0.263
43 46 0.973 0.533
43 47 0.8 1.25
43 48 0.618 0.761
43 49 1.931 0.285
44 45 1 0.5
44 46 2 1
44 47 0.639 0.296
44 48 1.049 0.585
44 49 0.852 1.492
45 46 1 0.5
45 47 0.533 1.474
45 48 1.282 0.969
45 49 0.731 0.552
46 47 0.699 0.298
46 48 0.046 1.123
46 49 0.818 0.807
47 48 1.5 0.5
47 49 2 1
48 49 1 0.5
