50
99
0 1 18.665 1.134
0 2 19.721 0.882
0 3 18.243 2.114
0 4 17.838 2.049
0 5 19.79 0.963
0 6 17.816 1.26
0 7 5 6.92
0 8 19.471 1.202
0 9 20.33 1
0 10 18.696 0.95
0 11 17.924 0.918
0 12 19.257 1.319
0 13 18.046 1.143
0 14 17.738 1.08
0 15 19.708 1.683
0 16 19.781 1.637
0 17 17.925 1.175
0 18 19.347 1.592
0 19 19.305 1.301
0 20 18.385 1.585
0 21 19.651 1.981
0 22 19.702 0.966
0 23 17.409 2.072
0 24 17.235 1.09
0 25 18.25 1.38
0 26 18.039 0.764
0 27 17.611 0.891
0 28 19.886 1.28
0 29 17.392 0.794
0 30 18.877 1.679
0 31 19.67 2
0 32 19.333 2
0 33 19.364 0.828
0 34 18.698 2.084
0 35 18.611 1.504
0 36 18.539 1.827
0 37 19.959 1.895
0 38 17.602 0.955
0 39 18.476 1.149
0 40 17.29 1.594
0 41 19.221 1.271
0 42 18.984 0.99
0 43 18.745 2.002
0 44 17.753 2.128
0 45 19.204 1.797
0 46 19.22 0.901
0 47 17.947 0.767
0 48 19.671 0.796
0 49 19.969 1.15
1 2 17.905 1.687
1 3 18.9 2.15
1 4 17.124 0.917
1 5 19.989 1.157
1 6 17.903 1.177
1 7 18.884 2.28
1 8 19.443 1.667
1 9 18.876 1.313
1 10 18.004 1.366
1 11 18.35 1.916
1 12 19.825 1.262
1 13 17.903 1.662
1 14 17.615 1.613
1 15 17.522 0.786
1 16 19.559 0.817
1 17 17.398 2.085
1 18 18.45 1.144
1 19 17.067 1.8
1 20 17.963 2.201
1 21 19.504 2.272
1 22 17.882 0.776
1 23 19.164 1.318
1 24 18.444 1.251
1 25 28.4 1.1
1 26 17.458 1.257
1 27 17.995 2.047
1 28 17.802 1.985
1 29 17.965 1.534
1 30 18.288 1.765
1 31 19.549 1.823
1 32 17.526 1.546
1 33 19.853 1.184
1 34 18.357 1.456
1 35 18.352 1.987
1 36 17.791 1.287
1 37 19.284 2.089
1 38 18.33 1.305
1 39 18.571 0.94
1 40 23.6 1.11
1 41 17.874 1.138
1 42 43.122 7.001
1 43 18.576 1.809
1 44 19.248 1.887
1 45 18.7 1.1
1 46 19.031 1.32
1 47 19.939 2.132
1 48 19.784 2.277
1 49 18.049 1.7
2 3 19.968 2.212
2 4 19.536 0.929
2 5 18.25 1.946
2 6 18.399 1.857
2 7 19.23 1.293
2 8 18.011 1.203
2 9 19.743 1.667
2 10 19.073 2.1
2 11 18.586 1.987
2 12 17.964 1.378
2 13 17.109 1.967
2 14 19.919 1.637
2 15 19.336 1.85
2 16 18.631 1.438
2 17 19.041 2.241
2 18 18.96 1.081
2 19 17.216 1.606
2 20 19.299 1.569
2 21 18.764 1
2 22 18.952 1.179
2 23 18.626 1.579
2 24 19.577 1.177
2 25 17.394 1.761
2 26 17.769 0.8
2 27 19.678 1.039
2 28 17.4 1.543
2 29 17.627 1.725
2 30 18.976 0.883
2 31 18.133 1.411
2 32 19.966 1.758
2 33 19.714 1.741
2 34 18.928 0.896
2 35 17.953 1.114
2 36 18.575 1.445
2 37 21.236 1
2 38 19.079 1.961
2 39 19.606 1.716
2 40 17.01 1.28
2 41 19.652 1.216
2 42 18.247 1.971
2 43 17.36 2.093
2 44 17.587 2.072
2 45 17.032 2.01
2 46 17.939 0.89
2 47 17.042 1.356
2 48 18.056 1.488
2 49 19.324 2
3 4 19.391 1.48
3 5 17.025 1.772
3 6 17.898 1.857
3 7 3 6.65
3 8 17.723 1.77
3 9 18.43 0.857
3 10 19.283 0.771
3 11 17.508 2.144
3 12 19.202 2.155
3 13 3.1 6.87
3 14 17.667 1.824
3 15 19.155 2.02
3 16 19.426 1.58
3 17 12.455 0.688
3 18 13.55 0.688
3 19 17.006 1.737
3 20 3.34 6.91
3 21 19.027 1.529
3 22 18.446 1.035
3 23 17.507 1.6
3 24 19.775 1.783
3 25 19.941 1.835
3 26 18.041 2.146
3 27 19.69 1.407
3 28 17.836 0.951
3 29 18.498 1.281
3 30 18.791 1.664
3 31 17.817 0.862
3 32 19.603 0.783
3 33 11.545 0.712
3 34 17.356 1.959
3 35 17.139 1.847
3 36 19.222 1.751
3 37 17.713 1.157
3 38 17.228 1.525
3 39 12.24 0.741
3 40 19.545 0.751
3 41 19.146 0.812
3 42 18.127 0.923
3 43 18.908 1.89
3 44 19.15 1.39
3 45 17.73 1.848
3 46 19.529 0.788
3 47 11.76 0.659
3 48 17.85 0.786
3 49 17.116 1.993
4 5 17.683 1.51
4 6 19.475 1.978
4 7 19.571 1.743
4 8 17.371 0.765
4 9 17.531 1.347
4 10 19.219 0.829
4 11 12.111 0.8
4 12 19.733 1.342
4 13 19.938 1.249
4 14 19.867 1.922
4 15 18.741 1.58
4 16 19.011 1.677
4 17 17.228 2.166
4 18 19.961 1.32
4 19 18.639 1.654
4 20 19.414 1.473
4 21 18.102 0.919
4 22 18.36 1.716
4 23 19.343 0.983
4 24 18.935 1.826
4 25 19.053 0.998
4 26 11.889 0.6
4 27 11.799 0.66
4 28 12.201 0.74
4 29 17.926 1.659
4 30 18.566 0.852
4 31 19.512 1.765
4 32 19.673 1.383
4 33 17.593 1.555
4 34 19.317 1.061
4 35 17.112 1.534
4 36 19.541 1.13
4 37 18.436 1.031
4 38 17.049 2.009
4 39 19.259 1.815
4 40 19.196 2.29
4 41 18.013 1.867
4 42 18.198 1.836
4 43 17.5 1.979
4 44 18.429 1.642
4 45 17.237 1.512
4 46 19.242 1.407
4 47 19.221 1.255
4 48 17.349 1.253
4 49 17.272 1.004
5 6 19.21 1.949
5 7 17.831 2.266
5 8 18.077 1.287
5 9 19.139 1.782
5 10 22.562 2
5 11 19.208 1.321
5 12 17.187 1.902
5 13 17.138 2.295
5 14 18.524 2.214
5 15 17.683 1.961
5 16 3.4 6.93
5 17 18.5 1.697
5 18 17.829 2.224
5 19 19.907 1.392
5 20 17.823 0.793
5 21 17.622 1.968
5 22 18.416 0.923
5 23 18.227 1.419
5 24 18.638 1.737
5 25 18.058 1.491
5 26 17.805 1.371
5 27 17.885 0.847
5 28 18.142 1.011
5 29 19.276 2.084
5 30 17.59 1.387
5 31 18.707 1.204
5 32 17.969 1.962
5 33 17.303 1.568
5 34 17.689 1.503
5 35 17.164 2.0
5 36 20.676 2
5 37 19.337 1.585
5 38 17.253 0.917
5 39 18.765 0.845
5 40 18.548 1.552
5 41 19.033 1.315
5 42 21.236 1
5 43 18.466 0.875
5 44 18.181 2.139
5 45 18.264 1.139
5 46 19.83 1.726
5 47 17.608 1.728
5 48 19.674 1.428
5 49 19.474 1.982
6 7 19.023 2.283
6 8 17.512 1.951
6 9 17.728 1.945
6 10 18.097 1.762
6 11 19.163 1.374
6 12 19.198 1.039
6 13 17.446 2.214
6 14 17.344 1.007
6 15 17.049 1.37
6 16 17.145 0.98
6 17 17.101 1.5
6 18 19.078 1.275
6 19 17.592 1.711
6 20 17.969 1.955
6 21 17.512 2.108
6 22 30 7.05
6 23 19.964 1.887
6 24 19.564 1.092
6 25 18.502 2.239
6 26 18.008 1.078
6 27 17.603 1.426
6 28 17.176 0.997
6 29 17.561 0.837
6 30 18.355 2.185
6 31 18.443 1.127
6 32 17.61 1.371
6 33 17.836 1.786
6 34 19.087 1.793
6 35 18.314 1.566
6 36 19.088 1.039
6 37 18.36 1.814
6 38 17.651 2.269
6 39 17.729 2.114
6 40 17.598 2.065
6 41 18.206 1.901
6 42 17.749 1.005
6 43 18.463 1.606
6 44 18.775 2.129
6 45 18.7 0.844
6 46 17.059 1.229
6 47 17.333 1.581
6 48 17.124 0.975
6 49 18.081 1.535
7 8 17.531 1.382
7 9 4.2 6.93
7 10 17.218 1.19
7 11 19.093 1.091
7 12 19.785 0.897
7 13 19.324 0.4
7 14 18.166 1.279
7 15 17.583 1.35
7 16 18.714 1.092
7 17 18.698 1.559
7 18 18.764 2
7 19 17.716 2.15
7 20 17.438 0.6
7 21 19.32 1.067
7 22 19.858 1.051
7 23 17.417 1.184
7 24 17.88 1.696
7 25 17.48 0.787
7 26 19.293 1.292
7 27 18.76 1.367
7 28 19.272 1.294
7 29 18.07 1.81
7 30 17.453 1.286
7 31 20.1 0.4
7 32 5.1 6.94
7 33 18.581 1.025
7 34 19.53 1.474
7 35 17.096 0.963
7 36 18.414 2.131
7 37 17.516 0.84
7 38 19.901 1.851
7 39 17.323 0.871
7 40 17.989 1.437
7 41 17.917 2.178
7 42 18.861 2.067
7 43 19.474 1.847
7 44 17.921 0.925
7 45 19.03 1.193
7 46 19.762 2.272
7 47 19.562 1.028
7 48 18.872 1.989
7 49 18.868 0.872
8 9 19.005 7.056
8 10 19.165 7.029
8 11 19.346 7.066
8 12 19.892 7.024
8 13 19.684 7.034
8 14 17.836 7.051
8 15 19.161 7.056
8 16 19.803 7.05
8 17 19.585 7.061
8 18 17.798 7.042
8 19 17.941 7.061
8 20 18.806 7.02
8 21 18.257 7.029
8 22 17.348 7.059
8 23 17.704 7.069
8 24 18.816 7.031
8 25 18.67 7.041
8 26 19.843 7.042
8 27 19.502 7.065
8 28 18.021 7.056
8 29 17.17 7.012
8 30 17.767 7.068
8 31 17.809 7.033
8 32 19.951 7.053
8 33 19.231 7.005
8 34 19.716 7.025
8 35 18.336 7.01
8 36 17.794 7.027
8 37 18.998 7.032
8 38 19.769 7.014
8 39 18.066 7.048
8 40 17.73 7.039
8 41 18.847 7.016
8 42 17.859 7.068
8 43 18.153 7.058
8 44 18.166 7.063
8 45 17.351 7.034
8 46 19.346 7.052
8 47 18.807 7.03
8 48 17.044 7.003
8 49 18.507 7.05
9 10 19.473 1.588
9 11 17.62 0.904
9 12 17.22 1.18
9 13 17.441 0.917
9 14 19.156 0.757
9 15 17.445 1.59
9 16 19.725 1.888
9 17 17.758 1.695
9 18 19.108 1.165
9 19 19.731 1.417
9 20 19.248 2.279
9 21 19.043 1.577
9 22 17.647 2.056
9 23 18.714 2.252
9 24 19.572 1.141
9 25 17.953 1.577
9 26 19.228 1.043
9 27 19.203 1.918
9 28 18.559 1.852
9 29 19.211 1.623
9 30 19.265 2.087
9 31 20.667 0.7
9 32 21.01 0.3
9 33 18.835 1.606
9 34 19.393 1.66
9 35 18.321 1.601
9 36 17.901 2.017
9 37 18.886 1.749
9 38 19.381 2.271
9 39 17.061 0.804
9 40 19.648 1.611
9 41 19.587 1.201
9 42 17.74 1.794
9 43 19.393 1.63
9 44 17.539 1.87
9 45 18.431 2.205
9 46 19.223 2.257
9 47 17.593 2.22
9 48 17.674 1.563
9 49 17.425 2.157
10 11 17.472 1.683
10 12 19.116 1.073
10 13 18.22 1.325
10 14 17.718 2.081
10 15 19.082 1.939
10 16 4.3 6.97
10 17 18.188 1.673
10 18 19.469 0.793
10 19 17.019 0.828
10 20 17.176 1.779
10 21 18.196 1.182
10 22 18.694 1.261
10 23 19.314 2.299
10 24 19.33 1.972
10 25 19.997 0.863
10 26 19.714 2.075
10 27 19.249 1.63
10 28 18.701 1.487
10 29 18.376 1.184
10 30 17.511 1.334
10 31 17.412 0.989
10 32 19.914 2.091
10 33 19.189 2.227
10 34 17.408 2.233
10 35 19.14 1.54
10 36 18.764 1
10 37 17.778 2.138
10 38 19.328 0.984
10 39 19.606 2.085
10 40 18.769 0.873
10 41 19.162 1.874
10 42 19.324 0.4
10 43 17.196 1.164
10 44 17.602 0.906
10 45 19.727 1.267
10 46 19.194 1.399
10 47 17.585 2.208
10 48 19.97 1.562
10 49 19.435 1.806
11 12 17.849 2.264
11 13 19.773 2.006
11 14 18.082 1.407
11 15 17.519 1.221
11 16 17.044 1.417
11 17 17.535 2.247
11 18 17.771 1.088
11 19 18.815 0.854
11 20 19.44 1.962
11 21 17.571 2.067
11 22 19.329 0.974
11 23 17.003 1.478
11 24 19.338 1.737
11 25 19.978 1.861
11 26 11.999 0.69
11 27 12.001 0.71
11 28 12.151 0.751
11 29 18.923 1.539
11 30 17.607 1.117
11 31 18.483 1.399
11 32 17.002 0.834
11 33 19.378 1.919
11 34 17.777 1.368
11 35 18.056 1.516
11 36 17.536 0.909
11 37 17.678 1.523
11 38 19.236 2.09
11 39 17.654 1.545
11 40 19.221 0.992
11 41 18.185 2.147
11 42 17.264 1.885
11 43 17.909 1.121
11 44 18.176 1.062
11 45 17.209 2.129
11 46 19.826 1.242
11 47 19.959 1.823
11 48 18.36 1.997
11 49 17.539 1.576
12 13 19.816 1.686
12 14 19.968 1.997
12 15 12.013 0.731
12 16 19.608 1.319
12 17 19.293 1.931
12 18 19.848 1.52
12 19 19.378 1.798
12 20 18.124 1.453
12 21 18.586 1.884
12 22 18.061 2.044
12 23 11.987 0.669
12 24 17.545 1.642
12 25 18.136 1.586
12 26 19.728 1.358
12 27 18.128 2.17
12 28 17.116 1.028
12 29 18.56 0.917
12 30 18.412 1.865
12 31 19.47 1.835
12 32 19.072 1.747
12 33 17.343 2.129
12 34 17.768 1.959
12 35 19.944 1.941
12 36 19.623 0.991
12 37 18.675 2.289
12 38 17.569 2.022
12 39 17.32 1.781
12 40 18.08 1.593
12 41 19.538 0.945
12 42 19.353 0.909
12 43 17.644 1.009
12 44 11.323 0.63
12 45 17.974 2.214
12 46 12.677 0.77
12 47 19.941 1.413
12 48 19.464 1.244
12 49 18.005 1.704
13 14 17.525 1.925
13 15 19.475 2.182
13 16 19.629 1.845
13 17 17.773 1.523
13 18 22.562 1
13 19 19.159 1.382
13 20 20.676 2
13 21 19.975 1.089
13 22 19.98 2.169
13 23 18.242 1.284
13 24 17.118 1.961
13 25 17.29 2.163
13 26 18.552 2.121
13 27 18.572 1.421
13 28 19.379 2.214
13 29 18.659 1.102
13 30 18.69 2.172
13 31 17.692 1.551
13 32 18.045 0.944
13 33 17.034 0.963
13 34 18.595 0.918
13 35 19.656 1.448
13 36 18.273 1.593
13 37 19.039 2.211
13 38 19.047 0.849
13 39 18.873 1.811
13 40 18.679 1.841
13 41 18.111 1.345
13 42 19.512 2.234
13 43 19.595 1.747
13 44 17.908 1.375
13 45 18.658 0.751
13 46 19.729 1.125
13 47 19.086 0.803
13 48 18.037 1.671
13 49 19.751 2.098
14 15 18.215 0.963
14 16 18.724 1.035
14 17 17.282 1.746
14 18 17.355 0.983
14 19 19.331 1.568
14 20 18.718 0.876
14 21 19.988 1.124
14 22 18.313 0.913
14 23 18.782 1.776
14 24 18.673 1.106
14 25 19.035 2.09
14 26 18.938 2.022
14 27 17.248 1.371
14 28 19.809 1.684
14 29 17.672 1.006
14 30 21.236 2
14 31 18.767 1.772
14 32 17.775 1.429
14 33 19.537 0.806
14 34 18.697 0.799
14 35 19.292 1.232
14 36 19.517 2.063
14 37 17.088 1.054
14 38 22.562 2
14 39 17.429 1.625
14 40 17.458 1.718
14 41 19.208 0.957
14 42 19.235 1.997
14 43 18.306 0.78
14 44 17.205 1.684
14 45 18.402 1.674
14 46 19.762 1.728
14 47 19.884 2.148
14 48 17.438 1
14 49 19.463 1.85
15 16 19.927 1.63
15 17 19.834 1.299
15 18 17.939 2.225
15 19 18.831 2.145
15 20 18.186 1.104
15 21 19.168 0.766
15 22 18.021 2.298
15 23 11.861 0.696
15 24 17.879 0.875
15 25 17.313 1.518
15 26 19.35 0.909
15 27 17.666 1.201
15 28 18.747 1.47
15 29 18.316 1.161
15 30 19.208 2.289
15 31 19.628 1.808
15 32 17.434 1.153
15 33 19.626 2.17
15 34 19.345 1.167
15 35 19.587 1.884
15 36 19.887 1.49
15 37 18.097 1.593
15 38 18.851 2.113
15 39 18.07 1.326
15 40 19.111 0.805
15 41 17.992 0.974
15 42 18.643 1.158
15 43 18.942 1.535
15 44 12.139 0.704
15 45 19.434 1.588
15 46 12.255 0.72
15 47 18.652 1.277
15 48 19.441 1.4
15 49 18.539 1.988
16 17 17.469 1.569
16 18 18.399 1.779
16 19 17.438 1
16 20 18.351 1.985
16 21 18.319 1.361
16 22 18.053 1.418
16 23 19.748 1.465
16 24 19.245 1.617
16 25 18.025 1.162
16 26 19.466 0.835
16 27 19.163 2.136
16 28 17.724 0.765
16 29 18.995 2.103
16 30 19.328 1.634
16 31 18.699 1.625
16 32 18.54 2.391
16 33 17.934 1.14
16 34 19.207 2.093
16 35 18.764 1
16 36 4.4 6.99
16 37 18.039 1.027
16 38 19.867 0.785
16 39 19.381 1.419
16 40 19.272 2.147
16 41 21.236 1
16 42 22.2 1
16 43 17.608 1.488
16 44 19.978 2.004
16 45 19.316 1.843
16 46 17.785 1.969
16 47 18.817 1.316
16 48 18.48 1.067
16 49 18.917 1.1
17 18 18.468 0.997
17 19 17.09 1.119
17 20 19.403 0.829
17 21 17.813 1.003
17 22 19.772 2.275
17 23 19.648 0.886
17 24 17.793 1.813
17 25 17.018 1.361
17 26 19.242 2.1
17 27 19.734 1.572
17 28 17.536 0.766
17 29 18.29 1.374
17 30 19.863 1.526
17 31 19.321 0.849
17 32 18.61 1.971
17 33 12.1 0.694
17 34 17.267 1.296
17 35 17.708 1.789
17 36 18.656 1.486
17 37 17.227 1.426
17 38 18.114 0.897
17 39 11.9 0.706
17 40 18.289 1.085
17 41 18.299 1.595
17 42 19.329 2.199
17 43 19.189 1.718
17 44 17.045 1.652
17 45 17.821 1.693
17 46 17.998 0.885
17 47 12.33 0.716
17 48 18.155 1.058
17 49 19.521 1.39
18 19 19.171 1.544
18 20 21.236 1
18 21 18.258 1.464
18 22 18.503 1.575
18 23 19.1 2.115
18 24 17.418 1.555
18 25 18.56 1.881
18 26 19.177 1.118
18 27 18.976 1.207
18 28 19.099 1.917
18 29 19.041 1.728
18 30 19.982 0.783
18 31 18.321 1.31
18 32 18.407 0.984
18 33 17.878 0.825
18 34 19.458 1.62
18 35 17.914 1.517
18 36 18.904 0.784
18 37 18.745 0.827
18 38 17.044 1.6
18 39 17.542 0.781
18 40 17.609 0.858
18 41 19.263 1.814
18 42 18.391 1.898
18 43 18.716 1.819
18 44 19.082 1.066
18 45 19.539 1.518
18 46 17.618 0.833
18 47 17.523 2.228
18 48 17.847 1.019
18 49 18.005 1.615
19 20 19.812 0.796
19 21 17.788 2.263
19 22 17.813 1.341
19 23 19.892 0.966
19 24 17.055 1.485
19 25 18.747 2.014
19 26 19.788 0.883
19 27 18.825 1.711
19 28 18.771 1.927
19 29 17.976 1.922
19 30 18.439 2.031
19 31 19.374 1.514
19 32 17.652 1.509
19 33 19.83 1.395
19 34 17.595 1.891
19 35 20.676 1
19 36 19.292 1.269
19 37 19.059 2.088
19 38 19.142 1.564
19 39 19.325 1.013
19 40 17.152 2.166
19 41 19.324 1
19 42 19.016 0.954
19 43 17.467 0.774
19 44 19.013 0.85
19 45 18.443 0.931
19 46 18.911 2.0
19 47 18.944 1.538
19 48 18.022 2.268
19 49 19.071 1.737
20 21 19.649 1.318
20 22 17.504 2.133
20 23 19.654 1.022
20 24 17.441 1.701
20 25 17.788 1.978
20 26 19.829 1.286
20 27 17.956 1.016
20 28 19.969 1.77
20 29 18.669 0.897
20 30 18.608 1.903
20 31 18.496 0.904
20 32 17.516 1.38
20 33 18.66 1.79
20 34 17.517 0.943
20 35 17.13 1.831
20 36 17.154 0.818
20 37 17.167 1.698
20 38 18.238 0.806
20 39 18.201 1.557
20 40 17.403 0.82
20 41 18.638 1.664
20 42 17.312 1.287
20 43 17.292 2.126
20 44 19.188 1.501
20 45 19.252 1.356
20 46 18.159 1.181
20 47 17.704 2.039
20 48 17.173 1.563
20 49 17.892 1.702
21 22 17.894 1.387
21 23 17.148 1.235
21 24 17.745 1.87
21 25 18.015 0.857
21 26 18.759 1.975
21 27 18.055 0.762
21 28 17.863 1.48
21 29 17.578 1.963
21 30 17.36 0.973
21 31 18.796 1.377
21 32 17.373 1.619
21 33 17.678 1.352
21 34 18.789 0.922
21 35 17.237 1.037
21 36 17.436 2.239
21 37 20.676 2
21 38 17.06 2.234
21 39 17.859 1.175
21 40 18.61 1.185
21 41 19.394 1.486
21 42 17.415 1.944
21 43 17.57 0.812
21 44 19.449 1.14
21 45 18.504 2.16
21 46 17.748 1.012
21 47 17.341 1.042
21 48 18.948 0.887
21 49 17.438 0.4
22 23 17.391 1.036
22 24 18.017 2.136
22 25 19.959 1.539
22 26 19.777 1.138
22 27 18.144 1.201
22 28 17.327 1.963
22 29 17.477 1.187
22 30 19.335 1.429
22 31 19.753 2.104
22 32 18.754 2.299
22 33 19.934 2.13
22 34 19.389 2.299
22 35 19.642 1.652
22 36 18.484 2.226
22 37 18.587 1.824
22 38 17.807 1.074
22 39 18.158 2.103
22 40 18.25 2.255
22 41 18.769 0.883
22 42 19.071 1.946
22 43 17.855 1.371
22 44 19.331 1.344
22 45 19.542 1.54
22 46 17.474 1.914
22 47 17.152 1.055
22 48 18.454 1.955
22 49 17.445 2.054
23 24 19.666 1.588
23 25 17.497 2.215
23 26 17.488 1.988
23 27 18.269 2.292
23 28 19.531 1.122
23 29 18.525 1.581
23 30 17.831 1.379
23 31 18.078 1.804
23 32 17.832 1.016
23 33 18.92 0.992
23 34 19.537 0.848
23 35 18.754 2.241
23 36 19.715 2.111
23 37 17.492 1.682
23 38 17.532 1.484
23 39 18.107 0.803
23 40 19.053 1.51
23 41 19.849 1.587
23 42 19.498 1.978
23 43 17.561 1.615
23 44 11.745 0.68
23 45 19.174 2.042
23 46 12.114 0.7
23 47 19.204 1.13
23 48 17.803 1.701
23 49 17.996 1.072
24 25 19.419 7.04
24 26 18.068 7.047
24 27 18.308 7.042
24 28 17.6 7.038
24 29 17.907 7.022
24 30 17.63 7.015
24 31 19.207 7.023
24 32 17.065 7.047
24 33 17.518 7.038
24 34 19.276 7.043
24 35 18.67 7.061
24 36 19.252 7.031
24 37 18.532 7.011
24 38 21.2 0.3
24 39 17.896 7.052
24 40 17.183 7.02
24 41 17.145 7.054
24 42 17.385 7.012
24 43 18.253 7.024
24 44 17.651 7.052
24 45 18.965 7.02
24 46 17.744 7.047
24 47 17.33 7.055
24 48 18.995 7.039
24 49 18.892 7.015
25 26 18.552 1.509
25 27 17.788 0.801
25 28 19.592 1.223
25 29 18.799 2.265
25 30 19.879 1.544
25 31 17.345 1.491
25 32 19.397 1.416
25 33 17.528 1.446
25 34 19.721 1.431
25 35 17.194 1.035
25 36 19.642 1.674
25 37 19.031 2.106
25 38 17.392 1.216
25 39 18.617 1.934
25 40 19.3 1.1
25 41 19.148 0.835
25 42 18.933 1.156
25 43 17.509 1.677
25 44 18.436 1.589
25 45 27.42 1
25 46 19.488 1.403
25 47 19.225 0.875
25 48 17.474 2.029
25 49 19.079 1.938
26 27 11.849 0.649
26 28 11.923 0.671
26 29 19.961 1.095
26 30 18.715 0.769
26 31 18.876 0.887
26 32 18.953 1.892
26 33 18.853 0.987
26 34 17.919 1.842
26 35 17.418 2.154
26 36 17.055 0.785
26 37 17.787 2.181
26 38 18.877 2.006
26 39 18.702 1.515
26 40 19.434 0.759
26 41 19.757 2.025
26 42 17.078 2.011
26 43 18.796 2.106
26 44 19.307 2.04
26 45 17.389 2.165
26 46 18.771 1.03
26 47 18.171 1.864
26 48 19.784 2.227
26 49 19.894 1.433
27 28 12.077 0.729
27 29 19.03 1.177
27 30 17.291 1.172
27 31 18.34 1.776
27 32 18.788 0.842
27 33 17.284 0.762
27 34 18.684 1.171
27 35 17.06 1.441
27 36 19.025 0.825
27 37 19.861 0.952
27 38 17.16 1.715
27 39 18.751 1.801
27 40 17.169 0.826
27 41 18.658 1.892
27 42 17.617 2.229
27 43 19.902 1.859
27 44 18.182 0.972
27 45 17.532 1.833
27 46 18.055 1.967
27 47 17.33 1.182
27 48 18.299 1.653
27 49 18.717 1.274
28 29 19.154 1.28
28 30 18.529 0.81
28 31 17.641 2.087
28 32 18.827 1.295
28 33 19.572 2.254
28 34 19.15 2.284
28 35 19.53 1.61
28 36 18.472 2.232
28 37 17.796 2.19
28 38 17.708 0.821
28 39 17.315 1.161
28 40 17.67 1.907
28 41 17.493 1.241
28 42 17.706 1.581
28 43 18.528 1.842
28 44 19.482 1.906
28 45 19.663 0.959
28 46 18.612 2.125
28 47 19.073 1.952
28 48 19.528 2.255
28 49 18.554 1.677
29 30 19.717 1.149
29 31 18.815 2.116
29 32 17.895 1.801
29 33 18.851 0.956
29 34 24 2.3
29 35 19.908 1.913
29 36 18.604 1.125
29 37 17.507 2.108
29 38 17.069 1.073
29 39 19.093 1.504
29 40 19.459 1.836
29 41 18.269 1.909
29 42 17.824 2.285
29 43 27 2.3
29 44 17.713 1.423
29 45 17.52 1.049
29 46 19.852 2.234
29 47 19.477 1.095
29 48 17.145 1.558
29 49 17.036 1.269
30 31 19.56 1.515
30 32 18.726 2.173
30 33 17.401 1.927
30 34 18.998 0.846
30 35 18.739 2.065
30 36 18.354 1.637
30 37 19.974 1.024
30 38 18.764 1
30 39 18.731 1.591
30 40 18.713 0.792
30 41 19.003 1.315
30 42 19.062 1.324
30 43 19.184 1.873
30 44 17.654 0.936
30 45 19.662 1.849
30 46 17.114 2.049
30 47 18.963 1.754
30 48 19.324 0.7
30 49 19.919 2.029
31 32 18.99 1
31 33 17.093 1.425
31 34 17.832 1.428
31 35 19.06 0.874
31 36 17.343 1.343
31 37 19.207 1.48
31 38 18.658 0.842
31 39 19.444 1.257
31 40 17.792 1.844
31 41 18.607 1.158
31 42 18.231 1.182
31 43 17.145 1.76
31 44 19.923 2.15
31 45 17.633 0.834
31 46 19.952 1.567
31 47 17.783 1.312
31 48 18.362 1.762
31 49 19.555 1.07
32 33 17.672 1.437
32 34 17.636 1.174
32 35 17.004 1.765
32 36 18.522 2.046
32 37 18.487 2.125
32 38 18.678 1.286
32 39 17.636 1.771
32 40 17.882 1.955
32 41 17.746 0.85
32 42 17.436 1.877
32 43 17.948 0.953
32 44 18.499 1.178
32 45 18.547 1.794
32 46 19.579 1.79
32 47 19.361 1.196
32 48 19.1 0.902
32 49 17.755 0.991
33 34 18.145 1.383
33 35 19.766 0.883
33 36 17.672 1.344
33 37 19.686 0.899
33 38 18.601 1.615
33 39 11.67 0.684
33 40 19.852 1.8
33 41 18.217 1.333
33 42 18.939 1.177
33 43 19.514 1.123
33 44 19.885 0.911
33 45 19.398 2.041
33 46 19.558 1.356
33 47 12.5 0.666
33 48 18.871 1.487
33 49 17.427 1.627
34 35 19.206 1.842
34 36 17.573 1.272
34 37 18.172 2.135
34 38 19.216 1.201
34 39 18.378 1.062
34 40 17.933 1.972
34 41 17.993 1.237
34 42 18.552 0.979
34 43 29 2.3
34 44 18.728 1.186
34 45 19.31 2.185
34 46 18.147 1.488
34 47 18.094 1.922
34 48 17.276 1.172
34 49 17.069 1.547
35 36 18.209 1.001
35 37 18.61 1.557
35 38 19.388 1.594
35 39 19.622 0.795
35 40 19.983 1.836
35 41 22.562 2
35 42 19.072 2.023
35 43 18.54 1.611
35 44 17.234 1.71
35 45 18.917 2.162
35 46 17.348 2.036
35 47 18.1 2.227
35 48 18.337 1.718
35 49 18.421 1.771
36 37 18.778 2.015
36 38 19.276 1.019
36 39 17.032 1.391
36 40 17.869 2.185
36 41 18.608 1.314
36 42 17.438 0.6
36 43 19.043 1.219
36 44 18.43 2.191
36 45 18.008 2.27
36 46 17.73 1.016
36 47 17.637 1.817
36 48 19.456 1.482
36 49 18.546 1.379
37 38 18.108 1.498
37 39 18.741 0.996
37 40 17.071 1.781
37 41 18.769 1.646
37 42 19.919 1.399
37 43 19.376 1.889
37 44 19.775 1.989
37 45 19.994 2.228
37 46 17.627 2.076
37 47 18.309 1.381
37 48 19.871 0.792
37 49 22.562 0.6
38 39 17.523 1.311
38 40 19.021 0.833
38 41 19.228 1.37
38 42 17.019 1.978
38 43 17.05 1.328
38 44 18.575 2.222
38 45 18.03 1.151
38 46 17.712 0.813
38 47 18.534 1.47
38 48 20.676 0.3
38 49 17.892 2.245
39 40 18.674 0.866
39 41 19.816 1.445
39 42 18.335 1.965
39 43 19.503 1.401
39 44 17.76 2.007
39 45 19.98 1.994
39 46 18.66 2.102
39 47 11.5 0.734
39 48 19.34 0.924
39 49 17.892 1.687
40 41 19.356 2.135
40 42 17.154 1.476
40 43 18.518 1.392
40 44 17.492 2.1
40 45 22.58 1.1
40 46 18.793 1.522
40 47 18.861 1.091
40 48 18.012 2.105
40 49 19.244 1.421
41 42 18.128 0.974
41 43 17.785 0.86
41 44 18.627 1.627
41 45 19.98 1.709
41 46 17.747 1.767
41 47 19.556 1.141
41 48 19.27 2.284
41 49 19.488 1.873
42 43 19.704 1.155
42 44 17.464 0.993
42 45 18.372 0.935
42 46 18.085 1.485
42 47 17.049 1.652
42 48 17.267 1.005
42 49 19.403 1.464
43 44 19.164 1.478
43 45 19.796 1.021
43 46 17.222 2.195
43 47 17.921 1.143
43 48 17.133 0.968
43 49 19.241 2.045
44 45 18.213 2.255
44 46 11.886 0.7
44 47 18.57 0.835
44 48 18.19 1.404
44 49 19.516 1.352
45 46 19.906 1.79
45 47 17.307 1.087
45 48 18.675 1.513
45 49 18.407 1.786
46 47 18.085 1.932
46 48 19.016 0.947
46 49 18.429 2.04
47 48 18.795 1.012
47 49 18.83 2.289
48 49 18.062 1.685