50
90
0 1 19.892 0.236
0 2 16.528 0.236
0 3 17.601 0.229
0 4 17.45 0.238
0 5 15.143 0.236
0 6 16.718 0.238
0 7 18.608 0.229
0 8 18.273 0.238
0 9 16.272 0.235
0 10 18.134 0.237
0 11 20.812 0.239
0 12 15.626 0.239
0 13 20.207 0.237
0 14 15.048 0.239
0 15 18.294 0.23
0 16 18.281 0.23
0 17 19.323 0.235
0 18 19.558 0.237
0 19 17.765 0.236
0 20 15.778 0.239
0 21 18.296 0.235
0 22 19.613 0.238
0 23 15.655 0.238
0 24 16.557 0.239
0 25 16.332 0.229
0 26 15.365 0.229
0 27 14.716 0.229
0 28 17.265 0.229
0 29 20.469 0.239
0 30 19.906 0.236
0 31 17.295 0.239
0 32 14.386 0.236
0 33 16.256 0.23
0 34 16.95 0.239
0 35 16.864 0.237
0 36 18.397 0.239
0 37 15.555 0.229
0 38 18.341 0.229
0 39 20.612 0.238
0 40 20.526 0.238
0 41 18.084 0.239
0 42 17.221 0.235
0 43 16.093 0.239
0 44 15.764 0.238
0 45 13.946 0.229
0 46 20.34 0.236
0 47 18.506 0.239
0 48 18.936 0.238
0 49 19.823 0.237
1 2 22.183 0.28
1 3 19.143 0.287
1 4 18.212 0.286
1 5 24.556 0.279
1 6 23.791 0.284
1 7 17.349 0.285
1 8 21.653 0.286
1 9 16.962 0.282
1 10 21.872 0.285
1 11 16.616 0.282
1 12 21.757 0.284
1 13 24.301 0.286
1 14 20.183 0.283
1 15 15.985 0.284
1 16 22.411 0.28
1 17 20.225 0.269
1 18 16.248 0.267
1 19 24.558 0.268
1 20 23.056 0.268
1 21 14.935 0.268
1 22 21.006 0.287
1 23 19.144 0.284
1 24 20.442 0.285
1 25 15.457 0.283
1 26 20.897 0.285
1 27 18.446 0.286
1 28 18.797 0.284
1 29 18.948 0.281
1 30 21.566 0.285
1 31 22.681 0.285
1 32 24.425 0.279
1 33 24.667 0.287
1 34 18.662 0.282
1 35 25.374 0.287
1 36 17.17 0.284
1 37 21.447 0.285
1 38 18.298 0.279
1 39 15.453 0.268
1 40 21.377 0.279
1 41 24.111 0.266
1 42 19.9 0.282
1 43 24.712 0.285
1 44 17.878 0.27
1 45 21.196 0.284
1 46 23.083 0.266
1 47 15.584 0.27
1 48 17.669 0.279
1 49 16.46 0.267
2 3 25.232 0.507
2 4 26.255 0.506
2 5 25.403 0.507
2 6 23.658 0.496
2 7 26.025 0.505
2 8 25.058 0.499
2 9 23.675 0.495
2 10 25.846 0.495
2 11 23.539 0.497
2 12 24.63 0.494
2 13 25.832 0.497
2 14 26.579 0.509
2 15 24.348 0.508
2 16 26.536 0.507
2 17 24.523 0.509
2 18 24.89 0.508
2 19 25.555 0.506
2 20 24.939 0.505
2 21 24.306 0.508
2 22 25.799 0.508
2 23 26.116 0.505
2 24 25.159 0.506
2 25 25.766 0.509
2 26 24.542 0.506
2 27 26.596 0.505
2 28 24.543 0.508
2 29 23.954 0.499
2 30 26.51 0.506
2 31 24.462 0.508
2 32 25.615 0.507
2 33 25.584 0.505
2 34 25.446 0.506
2 35 25.049 0.509
2 36 26.543 0.509
2 37 24.393 0.505
2 38 24.379 0.506
2 39 26.132 0.508
2 40 25.262 0.506
2 41 24.17 0.509
2 42 26.384 0.508
2 43 24.736 0.505
2 44 26.959 0.506
2 45 25.636 0.508
2 46 24.037 0.508
2 47 26.944 0.508
2 48 26.008 0.508
2 49 24.527 0.505
3 4 17.747 0.237
3 5 14.837 0.238
3 6 14.944 0.235
3 7 18.982 0.229
3 8 18.398 0.239
3 9 18.674 0.235
3 10 18.262 0.236
3 11 16.016 0.238
3 12 14.876 0.237
3 13 20.744 0.237
3 14 19.615 0.237
3 15 15.087 0.229
3 16 16.377 0.23
3 17 19.845 0.237
3 18 14.777 0.238
3 19 17.033 0.236
3 20 16.858 0.237
3 21 18.72 0.238
3 22 20.358 0.235
3 23 19.423 0.237
3 24 20.092 0.237
3 25 15.947 0.23
3 26 19.503 0.23
3 27 14.33 0.23
3 28 18.758 0.229
3 29 16.923 0.239
3 30 14.001 0.236
3 31 18.435 0.238
3 32 14.405 0.235
3 33 13.254 0.23
3 34 14.094 0.237
3 35 20.428 0.239
3 36 18.115 0.235
3 37 14.527 0.229
3 38 15.472 0.23
3 39 14.847 0.235
3 40 18.076 0.236
3 41 15.149 0.237
3 42 17.369 0.236
3 43 19.406 0.239
3 44 18.667 0.236
3 45 13.091 0.23
3 46 14.212 0.239
3 47 16.131 0.239
3 48 16.414 0.236
3 49 18.355 0.239
4 5 24.025 0.4
4 6 19.52 0.406
4 7 20.929 0.406
4 8 19.333 0.408
4 9 27.514 0.41
4 10 28.86 0.406
4 11 19.212 0.408
4 12 22.386 0.41
4 13 21.685 0.407
4 14 18.265 0.397
4 15 26.119 0.409
4 16 24.717 0.407
4 17 23.527 0.407
4 18 25.241 0.41
4 19 19.701 0.408
4 20 21.144 0.406
4 21 19.499 0.406
4 22 18.573 0.4
4 23 20.184 0.397
4 24 24.851 0.399
4 25 22.344 0.408
4 26 23.61 0.406
4 27 25.662 0.406
4 28 29.587 0.406
4 29 24.184 0.407
4 30 20.936 0.406
4 31 19.227 0.409
4 32 28.406 0.397
4 33 23.327 0.408
4 34 22.284 0.4
4 35 29.214 0.409
4 36 18.855 0.399
4 37 24.224 0.41
4 38 26.093 0.408
4 39 26.582 0.41
4 40 27.631 0.409
4 41 23.073 0.41
4 42 21.748 0.407
4 43 22.375 0.41
4 44 29.717 0.406
4 45 24.563 0.409
4 46 22.991 0.406
4 47 23.926 0.406
4 48 25.423 0.395
4 49 26.904 0.41
5 6 19.15 0.408
5 7 29.659 0.41
5 8 22.369 0.406
5 9 19.433 0.406
5 10 19.322 0.408
5 11 23.955 0.406
5 12 20.634 0.408
5 13 24.205 0.41
5 14 24.568 0.398
5 15 23.482 0.409
5 16 22.438 0.409
5 17 21.159 0.407
5 18 29.7 0.409
5 19 29.95 0.407
5 20 24.064 0.408
5 21 29.498 0.406
5 22 23.06 0.398
5 23 21.446 0.398
5 24 28.852 0.397
5 25 24.734 0.408
5 26 23.415 0.409
5 27 23.789 0.409
5 28 24.226 0.41
5 29 19.636 0.409
5 30 23.667 0.409
5 31 23.085 0.407
5 32 28.055 0.395
5 33 19.536 0.408
5 34 28.132 0.396
5 35 21.384 0.41
5 36 19.549 0.4
5 37 25.79 0.408
5 38 22.426 0.41
5 39 28.952 0.406
5 40 22.728 0.407
5 41 26.973 0.407
5 42 22.673 0.408
5 43 29.217 0.408
5 44 20.067 0.407
5 45 20.834 0.408
5 46 22.457 0.406
5 47 21.487 0.41
5 48 18.365 0.4
5 49 27.622 0.407
6 7 26.665 0.508
6 8 24.219 0.494
6 9 24.641 0.499
6 10 23.222 0.498
6 11 23.441 0.5
6 12 23.453 0.495
6 13 23.644 0.494
6 14 25.911 0.508
6 15 26.67 0.506
6 16 24.508 0.507
6 17 26.139 0.508
6 18 26.654 0.508
6 19 26.605 0.509
6 20 25.842 0.507
6 21 24.189 0.506
6 22 26.852 0.506
6 23 25.584 0.509
6 24 24.455 0.508
6 25 24.41 0.509
6 26 24.477 0.505
6 27 25.292 0.509
6 28 25.241 0.509
6 29 24.124 0.495
6 30 24.36 0.508
6 31 26.554 0.505
6 32 25.137 0.508
6 33 25.476 0.505
6 34 24.594 0.509
6 35 25.357 0.509
6 36 25.759 0.509
6 37 26.041 0.505
6 38 25.198 0.509
6 39 26.432 0.505
6 40 24.689 0.506
6 41 26.316 0.505
6 42 25.119 0.508
6 43 26.395 0.508
6 44 26.816 0.506
6 45 25.935 0.506
6 46 24.411 0.505
6 47 26.555 0.508
6 48 25.328 0.508
6 49 25.4 0.506
7 8 16.917 0.236
7 9 20.232 0.236
7 10 18.53 0.236
7 11 19.359 0.235
7 12 18.343 0.239
7 13 17.715 0.238
7 14 16.981 0.238
7 15 14.436 0.229
7 16 14.122 0.23
7 17 14.855 0.239
7 18 20.622 0.239
7 19 16.15 0.235
7 20 19.119 0.235
7 21 18.768 0.236
7 22 19.27 0.237
7 23 20.639 0.236
7 24 18.292 0.235
7 25 15.655 0.23
7 26 14.379 0.23
7 27 16.08 0.23
7 28 18.08 0.229
7 29 14.634 0.235
7 30 20.295 0.238
7 31 15.65 0.236
7 32 19.613 0.239
7 33 13.916 0.23
7 34 20.951 0.239
7 35 17.217 0.236
7 36 20.807 0.237
7 37 13.819 0.23
7 38 15.379 0.229
7 39 20.681 0.236
7 40 16.482 0.236
7 41 18.47 0.239
7 42 18.287 0.238
7 43 19.857 0.235
7 44 20.113 0.238
7 45 16.759 0.229
7 46 18.735 0.238
7 47 14.962 0.238
7 48 18.656 0.237
7 49 18.972 0.237
8 9 24.856 0.494
8 10 23.751 0.5
8 11 24.922 0.495
8 12 24.008 0.498
8 13 25.573 0.497
8 14 26.007 0.506
8 15 26.901 0.508
8 16 24.776 0.507
8 17 24.166 0.509
8 18 25.875 0.507
8 19 25.095 0.507
8 20 25.989 0.505
8 21 24.154 0.507
8 22 25.935 0.505
8 23 26.72 0.508
8 24 26.232 0.507
8 25 26.702 0.508
8 26 24.96 0.507
8 27 26.816 0.507
8 28 26.408 0.505
8 29 23.279 0.498
8 30 25.821 0.505
8 31 26.768 0.509
8 32 25.497 0.505
8 33 26.43 0.506
8 34 25.873 0.509
8 35 26.692 0.509
8 36 26.307 0.509
8 37 24.058 0.506
8 38 25.55 0.507
8 39 25.517 0.505
8 40 24.63 0.505
8 41 25.409 0.506
8 42 25.197 0.509
8 43 24.898 0.506
8 44 25.609 0.507
8 45 25.772 0.507
8 46 24.765 0.505
8 47 24.156 0.505
8 48 25.334 0.506
8 49 25.362 0.506
9 10 24.69 0.497
9 11 24.351 0.5
9 12 25.673 0.496
9 13 24.364 0.5
9 14 24.395 0.508
9 15 24.073 0.509
9 16 26.668 0.506
9 17 25.446 0.506
9 18 24.685 0.505
9 19 26.298 0.506
9 20 25.951 0.505
9 21 25.86 0.508
9 22 24.691 0.505
9 23 26.903 0.506
9 24 25.976 0.507
9 25 26.487 0.506
9 26 25.692 0.509
9 27 26.414 0.505
9 28 24.629 0.506
9 29 25.295 0.499
9 30 25.79 0.507
9 31 25.983 0.505
9 32 26.476 0.509
9 33 24.65 0.507
9 34 26.068 0.505
9 35 26.223 0.505
9 36 24.967 0.509
9 37 25.122 0.509
9 38 26.791 0.506
9 39 25.453 0.507
9 40 26.328 0.505
9 41 26.425 0.509
9 42 24.482 0.508
9 43 25.051 0.506
9 44 25.882 0.507
9 45 26.775 0.509
9 46 25.061 0.508
9 47 24.237 0.507
9 48 24.036 0.508
9 49 26.927 0.505
10 11 24.218 0.495
10 12 25.432 0.494
10 13 24.183 0.498
10 14 24.659 0.505
10 15 25.393 0.507
10 16 24.202 0.506
10 17 25.551 0.505
10 18 24.766 0.509
10 19 25.737 0.507
10 20 26.046 0.507
10 21 26.991 0.507
10 22 26.099 0.505
10 23 25.069 0.506
10 24 24.835 0.506
10 25 26.061 0.505
10 26 24.565 0.509
10 27 26.669 0.506
10 28 26.836 0.507
10 29 23.079 0.494
10 30 26.337 0.507
10 31 25.775 0.505
10 32 26.693 0.505
10 33 25.605 0.506
10 34 26.137 0.509
10 35 24.62 0.506
10 36 26.69 0.506
10 37 24.375 0.509
10 38 26.627 0.508
10 39 24.385 0.507
10 40 25.684 0.508
10 41 24.687 0.508
10 42 26.331 0.507
10 43 24.629 0.505
10 44 26.998 0.505
10 45 24.083 0.505
10 46 24.337 0.507
10 47 24.778 0.509
10 48 25.065 0.508
10 49 24.392 0.506
11 12 23.738 0.497
11 13 24.877 0.499
11 14 24.492 0.505
11 15 25.457 0.508
11 16 26.271 0.508
11 17 25.022 0.507
11 18 25.303 0.507
11 19 24.192 0.508
11 20 26.548 0.509
11 21 24.644 0.506
11 22 24.186 0.506
11 23 26.762 0.508
11 24 25.333 0.509
11 25 26.512 0.508
11 26 25.332 0.505
11 27 26.834 0.506
11 28 25.549 0.509
11 29 25.195 0.495
11 30 25.638 0.508
11 31 26.6 0.508
11 32 24.783 0.505
11 33 26.751 0.507
11 34 25.91 0.505
11 35 24.408 0.509
11 36 26.09 0.506
11 37 25.092 0.509
11 38 25.654 0.509
11 39 25.47 0.505
11 40 24.983 0.506
11 41 24.579 0.509
11 42 25.397 0.509
11 43 26.516 0.506
11 44 26.638 0.508
11 45 24.007 0.508
11 46 24.139 0.508
11 47 26.766 0.508
11 48 25.174 0.509
11 49 24.158 0.506
12 13 23.31 0.5
12 14 25.457 0.507
12 15 25.832 0.506
12 16 26.953 0.507
12 17 26.974 0.505
12 18 25.233 0.505
12 19 24.828 0.505
12 20 25.746 0.506
12 21 25.262 0.505
12 22 24.943 0.508
12 23 25.248 0.509
12 24 24.174 0.505
12 25 24.679 0.505
12 26 24.349 0.507
12 27 25.404 0.506
12 28 24.3 0.507
12 29 24.256 0.494
12 30 25.329 0.508
12 31 25.11 0.506
12 32 25.294 0.507
12 33 25.523 0.506
12 34 24.131 0.509
12 35 25.893 0.505
12 36 24.562 0.506
12 37 24.227 0.505
12 38 26.457 0.506
12 39 26.42 0.505
12 40 25.28 0.505
12 41 24.514 0.508
12 42 24.605 0.508
12 43 26.244 0.509
12 44 24.942 0.509
12 45 24.63 0.509
12 46 26.249 0.508
12 47 24.577 0.505
12 48 26.334 0.505
12 49 24.306 0.506
13 14 26.814 0.505
13 15 26.419 0.507
13 16 24.996 0.507
13 17 26.159 0.507
13 18 25.298 0.507
13 19 25.991 0.506
13 20 25.914 0.506
13 21 25.19 0.507
13 22 24.608 0.506
13 23 26.414 0.508
13 24 25.025 0.505
13 25 24.431 0.509
13 26 24.544 0.505
13 27 24.13 0.509
13 28 25.086 0.509
13 29 24.907 0.495
13 30 25.696 0.508
13 31 26.232 0.505
13 32 25.934 0.506
13 33 25.283 0.505
13 34 24.154 0.506
13 35 24.334 0.509
13 36 26.628 0.505
13 37 24.34 0.507
13 38 24.745 0.506
13 39 24.226 0.509
13 40 25.288 0.505
13 41 25.041 0.506
13 42 24.59 0.508
13 43 25.844 0.506
13 44 25.66 0.509
13 45 24.772 0.509
13 46 24.315 0.509
13 47 25.467 0.508
13 48 26.067 0.508
13 49 25.837 0.505
14 15 19.021 0.407
14 16 20.927 0.41
14 17 27.821 0.409
14 18 19.61 0.41
14 19 27.713 0.408
14 20 25.265 0.407
14 21 29.865 0.407
14 22 21.369 0.399
14 23 23.348 0.396
14 24 19.135 0.4
14 25 29.569 0.406
14 26 22.304 0.408
14 27 27.532 0.407
14 28 29.711 0.406
14 29 21.667 0.406
14 30 20.916 0.409
14 31 25.975 0.408
14 32 18.996 0.397
14 33 28.587 0.409
14 34 19.601 0.395
14 35 19.939 0.407
14 36 18.837 0.396
14 37 29.497 0.407
14 38 19.429 0.41
14 39 29.893 0.408
14 40 20.013 0.408
14 41 21.55 0.41
14 42 28.346 0.406
14 43 28.399 0.41
14 44 28.407 0.408
14 45 23.734 0.408
14 46 23.834 0.406
14 47 25.602 0.407
14 48 18.306 0.395
14 49 26.208 0.407
15 16 15.184 0.229
15 17 19.595 0.235
15 18 15.335 0.238
15 19 19.191 0.239
15 20 15.562 0.235
15 21 20.684 0.235
15 22 20.38 0.236
15 23 19.204 0.239
15 24 17.777 0.238
15 25 19.255 0.229
15 26 14.664 0.23
15 27 16.152 0.23
15 28 18.061 0.229
15 29 15.458 0.237
15 30 15.065 0.235
15 31 16.033 0.239
15 32 19.702 0.237
15 33 15.856 0.229
15 34 15.5 0.235
15 35 17.749 0.235
15 36 17.451 0.239
15 37 16.588 0.23
15 38 17.281 0.23
15 39 14.214 0.239
15 40 16.847 0.237
15 41 16.501 0.236
15 42 20.152 0.235
15 43 14.83 0.237
15 44 16.248 0.237
15 45 17.331 0.229
15 46 19.839 0.238
15 47 19.432 0.239
15 48 15.261 0.239
15 49 14.232 0.235
16 17 16.802 0.239
16 18 16.172 0.235
16 19 19.235 0.238
16 20 14.654 0.236
16 21 15.339 0.237
16 22 19.99 0.236
16 23 15.223 0.237
16 24 17.748 0.239
16 25 17.186 0.229
16 26 13.178 0.229
16 27 15.939 0.23
16 28 16.991 0.229
16 29 18.502 0.235
16 30 15.044 0.236
16 31 19.524 0.236
16 32 19.495 0.238
16 33 18.287 0.23
16 34 20.437 0.238
16 35 20.891 0.238
16 36 15.476 0.236
16 37 14.204 0.229
16 38 16.877 0.229
16 39 18.087 0.239
16 40 16.333 0.235
16 41 17.85 0.239
16 42 20.253 0.237
16 43 17.222 0.235
16 44 20.753 0.235
16 45 15.303 0.229
16 46 18.476 0.238
16 47 14.252 0.238
16 48 14.715 0.236
16 49 16.489 0.235
17 18 19.758 0.268
17 19 19.682 0.268
17 20 21.314 0.272
17 21 18.148 0.267
17 22 23.545 0.287
17 23 19.24 0.279
17 24 16.031 0.286
17 25 23.848 0.284
17 26 25.772 0.282
17 27 18.06 0.287
17 28 18.392 0.285
17 29 22.955 0.285
17 30 23.442 0.28
17 31 17.058 0.281
17 32 25.075 0.286
17 33 18.485 0.286
17 34 25.008 0.285
17 35 24.839 0.279
17 36 20.428 0.284
17 37 22.995 0.287
17 38 25.847 0.287
17 39 14.631 0.267
17 40 22.975 0.287
17 41 22.774 0.27
17 42 16.493 0.287
17 43 17.498 0.286
17 44 22.021 0.269
17 45 15.943 0.286
17 46 21.095 0.267
17 47 20.121 0.271
17 48 23.773 0.286
17 49 17.838 0.268
18 19 19.231 0.269
18 20 24.612 0.268
18 21 21.524 0.269
18 22 15.461 0.279
18 23 21.345 0.287
18 24 23.86 0.284
18 25 21.408 0.28
18 26 19.684 0.281
18 27 18.286 0.279
18 28 25.366 0.283
18 29 24.142 0.283
18 30 18.868 0.279
18 31 16.997 0.283
18 32 18.347 0.284
18 33 20.248 0.279
18 34 25.86 0.287
18 35 20.003 0.279
18 36 22.051 0.282
18 37 22.607 0.284
18 38 21.996 0.283
18 39 17.105 0.266
18 40 18.482 0.282
18 41 24.272 0.272
18 42 21.485 0.286
18 43 16.184 0.281
18 44 20.136 0.268
18 45 18.82 0.281
18 46 20.494 0.267
18 47 22.237 0.268
18 48 17.099 0.28
18 49 17.683 0.271
19 20 24.579 0.269
19 21 21.165 0.272
19 22 16.706 0.281
19 23 22.667 0.284
19 24 23.678 0.28
19 25 25.842 0.279
19 26 24.139 0.286
19 27 15.658 0.286
19 28 22.111 0.285
19 29 23.181 0.279
19 30 25.721 0.282
19 31 16.77 0.282
19 32 15.824 0.281
19 33 23.578 0.287
19 34 21.298 0.279
19 35 24.067 0.28
19 36 19.24 0.286
19 37 23.331 0.285
19 38 18.306 0.287
19 39 23.788 0.268
19 40 21.187 0.286
19 41 19.866 0.269
19 42 25.888 0.281
19 43 21.031 0.284
19 44 22.022 0.272
19 45 23.648 0.286
19 46 21.895 0.272
19 47 21.839 0.272
19 48 15.637 0.283
19 49 15.427 0.266
20 21 14.053 0.271
20 22 20.732 0.282
20 23 19.457 0.283
20 24 17.896 0.282
20 25 22.964 0.287
20 26 17.151 0.284
20 27 20.657 0.282
20 28 17.546 0.28
20 29 18.338 0.279
20 30 21.77 0.283
20 31 25.113 0.287
20 32 22.888 0.279
20 33 18.689 0.284
20 34 24.626 0.285
20 35 24.853 0.283
20 36 24.594 0.283
20 37 24.131 0.284
20 38 23.813 0.279
20 39 18.261 0.271
20 40 15.856 0.286
20 41 19.487 0.268
20 42 23.962 0.28
20 43 24.395 0.283
20 44 24.483 0.267
20 45 19.454 0.281
20 46 17.536 0.269
20 47 17.691 0.272
20 48 15.258 0.287
20 49 22.039 0.267
21 22 21.541 0.282
21 23 17.902 0.283
21 24 23.353 0.284
21 25 22.254 0.287
21 26 16.96 0.284
21 27 15.724 0.284
21 28 15.719 0.286
21 29 15.522 0.283
21 30 20.956 0.28
21 31 21.757 0.284
21 32 25.04 0.282
21 33 17.318 0.28
21 34 19.533 0.281
21 35 15.123 0.287
21 36 18.049 0.281
21 37 25.661 0.284
21 38 15.301 0.281
21 39 24.517 0.269
21 40 23.273 0.281
21 41 18.869 0.268
21 42 25.552 0.279
21 43 25.062 0.287
21 44 18.898 0.266
21 45 16.196 0.282
21 46 20.901 0.271
21 47 16.128 0.271
21 48 20.828 0.281
21 49 21.255 0.266
22 23 26.234 0.4
22 24 18.664 0.396
22 25 19.988 0.406
22 26 28.439 0.406
22 27 25.454 0.406
22 28 21.244 0.408
22 29 21.023 0.407
22 30 26.221 0.41
22 31 25.469 0.409
22 32 22.815 0.397
22 33 20.398 0.41
22 34 27.812 0.398
22 35 27.115 0.408
22 36 21.68 0.397
22 37 23.517 0.408
22 38 27.474 0.407
22 39 20.375 0.408
22 40 21.53 0.408
22 41 22.596 0.408
22 42 27.774 0.406
22 43 24.249 0.406
22 44 26.904 0.406
22 45 28.345 0.408
22 46 20.052 0.407
22 47 24.491 0.41
22 48 26.903 0.398
22 49 20.039 0.407
23 24 28.902 0.4
23 25 22.688 0.41
23 26 25.112 0.408
23 27 22.101 0.408
23 28 29.008 0.409
23 29 23.176 0.407
23 30 29.804 0.41
23 31 23.34 0.407
23 32 22.644 0.395
23 33 19.544 0.41
23 34 26.277 0.395
23 35 25.247 0.41
23 36 24.209 0.399
23 37 26.637 0.407
23 38 25.049 0.406
23 39 21.888 0.407
23 40 22.607 0.406
23 41 28.924 0.407
23 42 25.921 0.41
23 43 21.46 0.41
23 44 21.143 0.41
23 45 28.524 0.409
23 46 24.451 0.408
23 47 27.738 0.409
23 48 27.378 0.395
23 49 20.094 0.407
24 25 23.453 0.409
24 26 24.41 0.41
24 27 26.3 0.406
24 28 23.91 0.407
24 29 28.368 0.407
24 30 21.966 0.409
24 31 19.15 0.407
24 32 27.211 0.4
24 33 22.009 0.407
24 34 19.546 0.399
24 35 20.458 0.408
24 36 22.129 0.398
24 37 28.801 0.409
24 38 28.952 0.41
24 39 22.96 0.408
24 40 27.481 0.409
24 41 19.173 0.408
24 42 29.964 0.409
24 43 27.38 0.409
24 44 19.428 0.407
24 45 21.123 0.407
24 46 23.144 0.407
24 47 26.77 0.407
24 48 25.228 0.398
24 49 24.794 0.408
25 26 15.082 0.23
25 27 17.934 0.23
25 28 19.867 0.229
25 29 14.168 0.235
25 30 18.833 0.236
25 31 17.725 0.235
25 32 15.002 0.236
25 33 14.483 0.229
25 34 19.088 0.237
25 35 17.301 0.235
25 36 14.214 0.235
25 37 19.849 0.229
25 38 14.672 0.23
25 39 19.684 0.239
25 40 15.717 0.238
25 41 17.857 0.235
25 42 17.466 0.237
25 43 16.378 0.238
25 44 16.532 0.235
25 45 18.171 0.23
25 46 19.971 0.238
25 47 15.014 0.235
25 48 15.45 0.236
25 49 16.258 0.238
26 27 16.599 0.229
26 28 14.812 0.23
26 29 19.54 0.237
26 30 15.901 0.238
26 31 19.789 0.236
26 32 20.157 0.239
26 33 15.611 0.23
26 34 16.003 0.237
26 35 19.587 0.237
26 36 20.635 0.235
26 37 15.481 0.23
26 38 18.138 0.229
26 39 16.994 0.239
26 40 19.27 0.237
26 41 15.736 0.237
26 42 18.165 0.237
26 43 15.263 0.239
26 44 16.466 0.235
26 45 15.38 0.229
26 46 14.677 0.236
26 47 19.855 0.237
26 48 19.192 0.237
26 49 20.254 0.238
27 28 18.397 0.23
27 29 18.257 0.239
27 30 18.894 0.238
27 31 14.687 0.235
27 32 17.534 0.238
27 33 17.226 0.229
27 34 19.05 0.239
27 35 17.67 0.238
27 36 18.355 0.237
27 37 15.553 0.229
27 38 13.751 0.229
27 39 16.655 0.239
27 40 18.334 0.238
27 41 16.617 0.236
27 42 18.065 0.235
27 43 18.71 0.238
27 44 20.59 0.238
27 45 16.084 0.229
27 46 15.481 0.235
27 47 14.126 0.235
27 48 19.419 0.235
27 49 20.218 0.235
28 29 19.659 0.239
28 30 17.955 0.236
28 31 14.261 0.237
28 32 19.447 0.236
28 33 17.315 0.23
28 34 20.31 0.237
28 35 15.633 0.236
28 36 19.745 0.236
28 37 18.892 0.229
28 38 15.692 0.229
28 39 15.631 0.237
28 40 16.418 0.239
28 41 17.875 0.237
28 42 18.046 0.235
28 43 18.388 0.237
28 44 15.627 0.235
28 45 17.601 0.229
28 46 16.54 0.235
28 47 18.355 0.237
28 48 15.414 0.235
28 49 15.425 0.239
29 30 25.089 0.508
29 31 25.599 0.507
29 32 26.43 0.509
29 33 24.132 0.509
29 34 25.628 0.506
29 35 26.417 0.509
29 36 26.688 0.509
29 37 24.807 0.509
29 38 25.162 0.509
29 39 26.519 0.509
29 40 25.8 0.505
29 41 26.438 0.507
29 42 24.468 0.506
29 43 24.793 0.508
29 44 26.441 0.509
29 45 24.02 0.507
29 46 26.3 0.508
29 47 25.546 0.505
29 48 24.954 0.505
29 49 24.207 0.508
30 31 17.595 1.194
30 32 19.615 1.25
30 33 29.229 1.213
30 34 10.576 1.257
30 35 19.57 1.199
30 36 26.187 1.262
30 37 12.578 1.25
30 38 11.931 1.221
30 39 17.521 1.251
30 40 14.396 1.198
30 41 9.434 1.269
30 42 28.311 1.197
30 43 14.414 1.197
30 44 16.166 1.221
30 45 8.22 1.294
30 46 20.186 1.215
30 47 9.353 1.279
30 48 17.013 1.246
30 49 9.79 1.227
31 32 25.524 1.231
31 33 13.427 1.296
31 34 6.654 1.275
31 35 10.352 1.191
31 36 8.45 1.257
31 37 27.827 1.238
31 38 8.42 1.281
31 39 18.67 1.231
31 40 25.555 1.19
31 41 25.45 1.215
31 42 26.505 1.197
31 43 29.963 1.191
31 44 15.527 1.213
31 45 13.34 1.281
31 46 23.011 1.216
31 47 29.822 1.293
31 48 10.721 1.278
31 49 12.274 1.28
32 33 22.985 0.409
32 34 23.719 0.395
32 35 19.955 0.409
32 36 18.173 0.398
32 37 21.151 0.407
32 38 27.961 0.408
32 39 27.041 0.406
32 40 28.648 0.409
32 41 19.904 0.407
32 42 27.565 0.407
32 43 22.324 0.408
32 44 23.134 0.408
32 45 29.029 0.409
32 46 23.122 0.407
32 47 27.921 0.409
32 48 22.914 0.396
32 49 25.529 0.41
33 34 17.098 0.236
33 35 18.272 0.238
33 36 16.397 0.235
33 37 13.841 0.229
33 38 14.599 0.229
33 39 19.771 0.239
33 40 17.661 0.235
33 41 15.486 0.235
33 42 15.005 0.239
33 43 17.298 0.235
33 44 20.177 0.239
33 45 18.211 0.229
33 46 17.762 0.239
33 47 15.331 0.239
33 48 17.147 0.236
33 49 20.592 0.238
34 35 26.33 0.407
34 36 28.36 0.397
34 37 21.032 0.409
34 38 20.52 0.41
34 39 19.575 0.409
34 40 24.178 0.41
34 41 28.199 0.408
34 42 19.793 0.41
34 43 29.497 0.407
34 44 24.154 0.406
34 45 24.63 0.408
34 46 19.64 0.407
34 47 19.881 0.407
34 48 24.909 0.395
34 49 20.184 0.407
35 36 17.775 1.207
35 37 18.147 1.23
35 38 20.302 1.282
35 39 16.787 1.226
35 40 22.568 1.195
35 41 17.277 1.284
35 42 9.79 1.193
35 43 17.216 1.196
35 44 28.463 1.292
35 45 17.048 1.278
35 46 18.349 1.253
35 47 31.037 1.236
35 48 19.504 1.271
35 49 24.615 1.222
36 37 26.527 0.408
36 38 19.486 0.406
36 39 19.142 0.41
36 40 22.012 0.408
36 41 21.572 0.408
36 42 20.415 0.407
36 43 27.97 0.408
36 44 29.451 0.407
36 45 29.345 0.409
36 46 29.886 0.407
36 47 23.015 0.409
36 48 18.381 0.398
36 49 27.849 0.407
37 38 14.193 0.229
37 39 20.958 0.239
37 40 16.769 0.238
37 41 18.71 0.238
37 42 16.572 0.236
37 43 19.631 0.235
37 44 16.966 0.238
37 45 18.6 0.23
37 46 14.219 0.238
37 47 20.882 0.237
37 48 15.456 0.235
37 49 16.403 0.235
38 39 16.233 0.236
38 40 20.873 0.238
38 41 20.713 0.239
38 42 14.775 0.236
38 43 19.933 0.236
38 44 20.401 0.236
38 45 17.593 0.23
38 46 20.069 0.238
38 47 18.781 0.236
38 48 17.677 0.239
38 49 19.106 0.238
39 40 22.088 0.285
39 41 23.674 0.267
39 42 25.433 0.283
39 43 22.103 0.286
39 44 15.071 0.271
39 45 24.006 0.281
39 46 22.414 0.268
39 47 22.74 0.268
39 48 25.625 0.284
39 49 21.355 0.268
40 41 11.426 1.26
40 42 10.016 1.191
40 43 28.177 1.191
40 44 25.131 1.23
40 45 8.794 1.236
40 46 6.749 1.253
40 47 22.231 1.238
40 48 22.159 1.213
40 49 29.449 1.273
41 42 20.527 0.285
41 43 22.384 0.285
41 44 19.541 0.27
41 45 15.877 0.283
41 46 22.27 0.266
41 47 15.689 0.268
41 48 20.175 0.284
41 49 22.323 0.266
42 43 11.042 1.198
42 44 15.84 1.22
42 45 20.947 1.244
42 46 30.958 1.244
42 47 19.961 1.244
42 48 6.64 1.243
42 49 29.345 1.28
43 44 27.123 1.243
43 45 17.001 1.234
43 46 31.597 1.242
43 47 13.381 1.237
43 48 9.578 1.28
43 49 25.857 1.264
44 45 22.368 0.286
44 46 21.053 0.266
44 47 18.849 0.267
44 48 24.001 0.287
44 49 21.397 0.269
45 46 18.038 0.235
45 47 19.598 0.235
45 48 20.197 0.238
45 49 14.738 0.235
46 47 14.68 0.271
46 48 23.659 0.284
46 49 21.18 0.268
47 48 20.812 0.284
47 49 20.615 0.269
48 49 23.015 0.406