50
25.116
0 1 41.217 55.903
0 2 86.101 63.007
0 3 11.401 39.708
0 4 23.288 80.055
0 5 14.212 75.009
0 6 84.604 52.216
0 7 18.021 21.231
0 8 77.399 13.905
0 9 18.36 22.688
0 10 75.236 73.248
0 11 48.153 58.75
0 12 72.663 5.244
0 13 73.231 32.961
0 14 3.414 33.272
0 15 14.216 19.544
0 16 75.882 66.657
0 17 57.374 74.009
0 18 97.479 30.208
0 19 5.538 98.638
0 20 60.19 96.489
0 21 70.527 71.327
0 22 13.309 56.934
0 23 56.353 37.869
0 24 18.707 34.196
0 25 67.636 76.661
0 26 89.608 79.303
0 27 86.175 16.226
0 28 79.352 2.073
0 29 35.876 11.656
0 30 99.984 66.628
0 31 73.274 92.883
0 32 31.928 20.997
0 33 50.141 2.119
0 34 80.438 95.205
0 35 47.855 19.415
0 36 85.763 35.925
0 37 47.89 38.606
0 38 94.318 7.156
0 39 21.006 16.632
0 40 25.617 69.368
0 41 60.232 89.541
0 42 21.423 29.782
0 43 4.402 80.954
0 44 11.681 88.997
0 45 40.145 75.387
0 46 61.014 83.369
0 47 60.684 43.224
0 48 12.669 88.996
0 49 3.242 10.317
1 2 45.816 52.22
1 3 13.896 96.932
1 4 15.116 77.533
1 5 71.199 13.064
1 6 9.751 18.293
1 7 11.308 86.087
1 8 86.747 42.887
1 9 27.774 8.561
1 10 78.996 20.419
1 11 27.198 42.121
1 12 63.821 13.853
1 13 5.515 9.023
1 14 75.248 90.204
1 15 23.321 68.517
1 16 38.59 81.045
1 17 85.52 65.259
1 18 70.869 16.942
1 19 76.427 29.114
1 20 8.018 15.197
1 21 38.066 22.857
1 22 43.014 89.594
1 23 16.776 59.045
1 24 14.878 29.493
1 25 30.097 11.361
1 26 13.9 7.656
1 27 30.847 35.165
1 28 44.533 30.87
1 29 16.567 47.618
1 30 55.334 91.209
1 31 72.358 46.933
1 32 82.484 32.46
1 33 69.543 19.508
1 34 47.613 39.082
1 35 18.867 5.439
1 36 80.029 78.167
1 37 67.737 41.942
1 38 67.319 52.774
1 39 28.095 48.568
1 40 1.258 90.143
1 41 57.317 40.66
1 42 63.335 19.946
1 43 68.865 19.906
1 44 17.625 89.021
1 45 5.018 29.283
1 46 59.461 88.314
1 47 4.18 77.738
1 48 96.553 88.128
1 49 39.642 61.548
2 3 7.628 21.587
2 4 93.085 26.536
2 5 41.264 16.284
2 6 54.184 59.858
2 7 19.972 87.614
2 8 92.699 60.796
2 9 70.123 91.446
2 10 25.712 0.396
2 11 51.367 63.556
2 12 43.926 33.208
2 13 27.145 63.657
2 14 7.377 82.272
2 15 26.945 52.151
2 16 71.968 88.056
2 17 79.699 33.416
2 18 42.808 49.519
2 19 9.268 5.96
2 20 29.454 60.301
2 21 37.287 90.28
2 22 39.393 81.8
2 23 35.131 5.049
2 24 51.284 79.881
2 25 45.07 60.452
2 26 77.853 2.451
2 27 9.866 84.499
2 28 63.724 57.325
2 29 62.49 23.829
2 30 35.541 45.525
2 31 68.877 28.429
2 32 13.154 59.022
2 33 64.173 80.861
2 34 28.698 45.063
2 35 13.989 10.741
2 36 26.178 87.276
2 37 80.661 38.31
2 38 95.151 62.584
2 39 63.368 43.801
2 40 91.029 18.695
2 41 32.161 50.523
2 42 59.823 72.284
2 43 38.761 78.931
2 44 13.528 13.485
2 45 64.256 69.111
2 46 16.997 35.181
2 47 8.106 75.123
2 48 61.074 47.088
2 49 63.235 58.498
3 4 36.21 4.853
3 5 91.584 79.763
3 6 8.452 72.078
3 7 42.579 67.687
3 8 70.108 49.272
3 9 74.92 41.236
3 10 24.284 76.855
3 11 10.528 24.474
3 12 58.296 19.375
3 13 98.578 7.412
3 14 94.858 96.322
3 15 10.033 44.058
3 16 62.616 5.361
3 17 87.181 76.679
3 18 53.025 76.787
3 19 81.886 10.912
3 20 89.657 92.462
3 21 83.12 5.33
3 22 58.56 4.113
3 23 74.045 19.046
3 24 53.977 51.226
3 25 85.805 82.283
3 26 83.067 17.581
3 27 99.343 28.828
3 28 59.853 66.605
3 29 33.903 97.809
3 30 41.173 52.202
3 31 10.973 13.739
3 32 87.324 94.54
3 33 52.008 11.808
3 34 60.571 52.195
3 35 1.77 44.758
3 36 12.94 7.782
3 37 63.818 26.141
3 38 36.434 49.521
3 39 63.894 42.618
3 40 61.55 13.215
3 41 9.965 52.002
3 42 2.344 18.786
3 43 31.719 82.764
3 44 90.556 14.538
3 45 44.979 27.332
3 46 50.944 84.824
3 47 4.348 23.92
3 48 37.908 68.436
3 49 84.125 32.444
4 5 75.156 69.214
4 6 22.35 7.664
4 7 69.106 66.822
4 8 64.193 69.329
4 9 99.93 26.853
4 10 17.686 60.35
4 11 43.304 54.37
4 12 31.802 96.697
4 13 93.281 98.488
4 14 58.518 16.384
4 15 69.453 37.791
4 16 59.759 55.941
4 17 21.774 77.978
4 18 42.855 61.689
4 19 40.246 57.535
4 20 73.894 46.2
4 21 89.323 46.209
4 22 77.287 32.989
4 23 87.592 75.341
4 24 97.33 5.913
4 25 75.624 55.244
4 26 32.438 84.591
4 27 7.328 25.265
4 28 11.694 98.603
4 29 26.732 34.687
4 30 7.351 93.646
4 31 69.875 19.493
4 32 61.837 91.687
4 33 5.488 79.759
4 34 74.518 69.583
4 35 8.241 70.401
4 36 75.852 68.477
4 37 11.526 83.813
4 38 50.878 51.32
4 39 47.021 41.792
4 40 99.892 72.757
4 41 90.651 16.711
4 42 24.407 11.36
4 43 64.34 45.585
4 44 43.014 92.692
4 45 63.84 57.87
4 46 31.976 78.376
4 47 64.438 38.481
4 48 6.715 90.473
4 49 52.056 49.523
5 6 95.553 23.989
5 7 47.172 5.077
5 8 79.539 42.305
5 9 24.561 73.823
5 10 80.825 75.913
5 11 97.353 6.675
5 12 47.805 27.364
5 13 96.664 70.589
5 14 23.678 3.153
5 15 70.704 66.054
5 16 54.962 11.48
5 17 62.456 21.187
5 18 86.478 73.461
5 19 76.006 55.622
5 20 90.15 61.733
5 21 18.25 96.93
5 22 46.906 56.772
5 23 43.214 79.674
5 24 84.436 94.526
5 25 28.161 22.801
5 26 34.001 52.297
5 27 47.467 7.733
5 28 94.442 70.681
5 29 47.249 36.481
5 30 88.223 71.338
5 31 80.277 43.801
5 32 81.041 97.753
5 33 66.509 35.669
5 34 45.363 55.647
5 35 29.481 55.466
5 36 60.88 36.019
5 37 85.251 86.199
5 38 16.003 17.976
5 39 54.597 89.547
5 40 67.199 43.522
5 41 88.989 44.715
5 42 84.377 22.052
5 43 68.355 75.87
5 44 16.667 89.165
5 45 72.058 24.529
5 46 9.706 11.445
5 47 59.039 14.878
5 48 22.38 69.433
5 49 78.773 53.247
6 7 16.984 81.679
6 8 22.448 50.519
6 9 18.613 14.064
6 10 62.824 27.119
6 11 23.821 87.578
6 12 65.582 91.485
6 13 16.469 17.687
6 14 36.063 70.374
6 15 43.425 32.644
6 16 92.322 22.217
6 17 83.624 46.129
6 18 50.617 9.025
6 19 94.218 88.687
6 20 1.718 96.818
6 21 91.571 72.871
6 22 50.719 18.664
6 23 95.968 68.764
6 24 51.35 88.085
6 25 49.421 18.884
6 26 7.865 29.021
6 27 86.129 59.169
6 28 62.445 27.862
6 29 28.909 8.228
6 30 6.263 60.817
6 31 67.305 78.432
6 32 42.089 95.938
6 33 41.473 2.768
6 34 77.277 76.055
6 35 64.252 99.713
6 36 13.082 27.312
6 37 16.265 24.585
6 38 98.546 5.554
6 39 47.019 34.856
6 40 92.735 23.631
6 41 17.44 72.112
6 42 58.743 8.778
6 43 77.737 10.691
6 44 86.1 13.443
6 45 99.468 77.242
6 46 40.457 40.18
6 47 6.105 88.508
6 48 3.183 46.429
6 49 29.331 10.641
7 8 91.28 67.227
7 9 4.747 68.92
7 10 42.057 99.498
7 11 55.083 42.991
7 12 49.222 33.979
7 13 77.805 35.134
7 14 32.331 93.308
7 15 57.722 49.549
7 16 82.691 26.982
7 17 89.597 90.208
7 18 64.472 16.431
7 19 28.446 72.481
7 20 89.568 19.619
7 21 24.826 5.553
7 22 15.205 45.811
7 23 93.966 63.155
7 24 92.258 73.914
7 25 63.505 0.597
7 26 9.257 5.825
7 27 82.42 92.961
7 28 82.381 35.775
7 29 49.831 97.798
7 30 25.896 93.605
7 31 38.981 68.485
7 32 22.561 86.59
7 33 51.394 93.383
7 34 51.765 2.845
7 35 74.525 15.913
7 36 51.212 50.213
7 37 20.286 91.471
7 38 11.627 24.888
7 39 4.171 46.731
7 40 16.622 65.872
7 41 50.634 92.419
7 42 50.028 69.936
7 43 45.776 51.661
7 44 24.78 94.902
7 45 58.467 64.185
7 46 35.559 40.101
7 47 17.791 71.954
7 48 86.177 78.225
7 49 15.28 26.396
8 9 27.25 20.132
8 10 23.316 5.917
8 11 93.1 59.626
8 12 47.459 87.402
8 13 44.201 29.528
8 14 50.676 5.824
8 15 52.578 50.954
8 16 27.351 57.133
8 17 31.877 38.257
8 18 89.355 94.145
8 19 92.203 57.412
8 20 2.509 92.152
8 21 74.239 16.276
8 22 90.79 84.238
8 23 35.339 2.589
8 24 67.778 19.818
8 25 44.111 16.461
8 26 68.046 43.811
8 27 49.77 5.802
8 28 10.171 46.926
8 29 1.886 69.981
8 30 45.703 44.21
8 31 16.021 36.863
8 32 64.566 45.046
8 33 58.61 61.375
8 34 55.797 0.131
8 35 54.976 19.523
8 36 6.769 89.078
8 37 98.711 6.523
8 38 26.176 84.023
8 39 61.689 31.526
8 40 16.209 52.123
8 41 30.43 66.185
8 42 79.938 91.627
8 43 15.682 25.912
8 44 47.3 68.91
8 45 40.682 19.934
8 46 90.059 4.35
8 47 20.574 27.008
8 48 84.888 87.468
8 49 35.763 98.893
9 10 26.891 74.257
9 11 10.165 69.75
9 12 80.502 28.222
9 13 93.972 18.636
9 14 28.534 11.566
9 15 3.282 66.786
9 16 15.047 26.521
9 17 51.295 81.07
9 18 21.966 15.92
9 19 77.427 94.305
9 20 3.037 20.613
9 21 18.286 29.696
9 22 41.836 68.03
9 23 19.951 31.573
9 24 7.779 67.971
9 25 79.063 67.982
9 26 19.132 41.16
9 27 11.086 79.514
9 28 97.455 2.353
9 29 47.025 16.58
9 30 59.569 51.69
9 31 4.765 69.906
9 32 89.966 79.993
9 33 73.406 71.347
9 34 61.646 2.288
9 35 8.207 13.737
9 36 35.51 38.118
9 37 92.971 37.262
9 38 92.65 20.322
9 39 62.881 37.798
9 40 38.81 36.581
9 41 49.079 4.237
9 42 16.003 91.733
9 43 55.844 83.84
9 44 52.677 37.029
9 45 72.782 1.259
9 46 29.773 57.528
9 47 13.646 80.105
9 48 79.449 20.13
9 49 74.499 69.484
10 11 42.442 51.355
10 12 33.292 41.042
10 13 10.111 15.251
10 14 56.181 58.911
10 15 99.459 38.894
10 16 13.648 17.393
10 17 72.045 11.805
10 18 27.596 7.454
10 19 60.575 27.626
10 20 97.506 53.788
10 21 1.811 94.35
10 22 31.085 60.167
10 23 96.501 87.298
10 24 66.879 25.318
10 25 6.862 36.862
10 26 17.766 3.605
10 27 39.796 41.847
10 28 92.961 43.719
10 29 11.199 71.03
10 30 60.266 11.888
10 31 48.004 17.33
10 32 76.358 84.821
10 33 87.545 37.334
10 34 51.156 16.475
10 35 51.479 4.84
10 36 7.201 40.995
10 37 19.639 92.901
10 38 92.471 67.62
10 39 41.312 4.646
10 40 14.459 32.933
10 41 83.62 17.079
10 42 87.084 39.64
10 43 38.564 72.846
10 44 48.451 80.442
10 45 28.574 63.391
10 46 92.117 71.213
10 47 25.723 46.232
10 48 24.702 55.672
10 49 93.685 19.579
11 12 13.89 78.252
11 13 28.901 20.896
11 14 89.548 37.422
11 15 40.466 31.272
11 16 96.274 29.801
11 17 92.007 10.365
11 18 70.705 75.638
11 19 80.388 22.487
11 20 7.503 31.339
11 21 83.978 9.454
11 22 29.371 64.572
11 23 72.936 73.708
11 24 67.305 54.384
11 25 65.61 26.801
11 26 43.502 84.095
11 27 33.738 30.355
11 28 47.17 41.141
11 29 55.531 87.046
11 30 74.527 17.696
11 31 19.718 87.874
11 32 51.147 62.898
11 33 6.337 32.899
11 34 6.868 12.452
11 35 87.117 37.105
11 36 73.799 11.815
11 37 15.645 77.118
11 38 55.839 86.037
11 39 10.898 66.304
11 40 41.444 26.667
11 41 28.98 97.253
11 42 19.55 54.5
11 43 36.426 91.162
11 44 31.713 79.594
11 45 85.493 5.902
11 46 16.78 25.855
11 47 87.711 6.899
11 48 76.876 18.17
11 49 53.835 23.022
12 13 1.521 87.02
12 14 16.153 40.163
12 15 27.701 64.505
12 16 94.85 97.875
12 17 59.682 90.345
12 18 21.209 70.521
12 19 10.468 66.684
12 20 71.528 25.748
12 21 9.875 72.62
12 22 44.728 43.179
12 23 50.753 1.133
12 24 91.689 60.323
12 25 60.31 51.897
12 26 14.219 65.394
12 27 63.883 86.191
12 28 7.029 42.822
12 29 5.235 78.922
12 30 23.489 67.885
12 31 41.786 83.408
12 32 49.509 62.647
12 33 10.475 23.321
12 34 79.026 9.771
12 35 81.685 84.18
12 36 31.956 78.131
12 37 15.854 82.93
12 38 92.629 39.503
12 39 14.606 49.762
12 40 0.01 36.598
12 41 26.442 14.282
12 42 33.756 1.705
12 43 41.394 33.213
12 44 93.324 68.136
12 45 1.525 78.139
12 46 68.065 54.688
12 47 20.978 7.948
12 48 79.386 50.391
12 49 81.58 33.489
13 14 95.532 6.372
13 15 52.399 24.745
13 16 14.407 2.427
13 17 93.185 32.407
13 18 94.322 58.066
13 19 33.739 85.797
13 20 62.786 40.858
13 21 2.902 40.238
13 22 74.619 92.929
13 23 2.588 53.674
13 24 96.753 74.468
13 25 57.893 60.549
13 26 96.993 23.077
13 27 90.849 49.036
13 28 62.033 35.018
13 29 88.838 21.825
13 30 62.033 44.635
13 31 70.251 47.281
13 32 5.328 23.11
13 33 24.578 7.768
13 34 59.524 32.253
13 35 33.552 82.633
13 36 88.954 77.303
13 37 13.38 87.097
13 38 96.104 20.497
13 39 78.933 2.18
13 40 39.685 15.073
13 41 27.13 65.934
13 42 62.069 27.297
13 43 13.915 81.133
13 44 1.2 43.971
13 45 62.323 72.505
13 46 82.048 41.14
13 47 9.398 0.12
13 48 66.801 43.366
13 49 54.628 55.947
14 15 58.809 10.705
14 16 65.305 28.977
14 17 80.456 91.44
14 18 7.647 70.156
14 19 78.335 47.684
14 20 16.582 8.579
14 21 97.187 35.564
14 22 18.798 66.405
14 23 61.947 91.284
14 24 82.661 62.797
14 25 42.439 16.461
14 26 33.95 92.761
14 27 45.827 93.689
14 28 89.45 25.133
14 29 18.479 69.869
14 30 22.799 52.624
14 31 82.163 56.518
14 32 84.553 84.621
14 33 56.663 27.685
14 34 40.716 10.433
14 35 22.014 8.412
14 36 45.719 58.352
14 37 73.88 85.105
14 38 81.46 40.502
14 39 91.108 28.704
14 40 88.857 76.135
14 41 66.963 43.916
14 42 78.549 84.204
14 43 19.727 55.233
14 44 48.627 45.963
14 45 79.317 12.858
14 46 56.95 64.363
14 47 43.298 19.604
14 48 42.072 46.922
14 49 82.999 48.013
15 16 46.967 7.626
15 17 73.732 52.203
15 18 52.356 26.472
15 19 83.26 21.413
15 20 35.532 16.195
15 21 12.857 73.852
15 22 63.932 1.812
15 23 75.733 2.086
15 24 29.089 12.47
15 25 37.014 98.167
15 26 1.496 88.48
15 27 47.122 32.899
15 28 15.917 77.791
15 29 84.975 59.558
15 30 4.589 92.426
15 31 2.398 68.361
15 32 21.576 98.743
15 33 72.23 62.708
15 34 21.1 90.793
15 35 90.821 89.156
15 36 8.758 49.398
15 37 9.813 67.888
15 38 44.131 53.88
15 39 66.976 83.126
15 40 30.553 22.129
15 41 49.866 1.621
15 42 48.164 79.282
15 43 21.649 13.579
15 44 76.542 58.554
15 45 96.058 15.253
15 46 91.739 21.111
15 47 3.02 66.142
15 48 75.334 39.744
15 49 91.947 4.854
16 17 37.178 72.106
16 18 57.767 24.121
16 19 96.721 79.456
16 20 93.096 79.04
16 21 91.58 91.766
16 22 5.388 24.83
16 23 49.795 68.963
16 24 88.656 86.876
16 25 68.2 28.429
16 26 85.43 2.899
16 27 54.23 94.523
16 28 46.42 2.184
16 29 24.313 84.345
16 30 33.118 37.25
16 31 94.67 6.547
16 32 21.441 61.622
16 33 99.213 67.883
16 34 47.656 44.096
16 35 54.497 2.182
16 36 23.975 18.705
16 37 2.265 35.099
16 38 22.121 25.975
16 39 30.337 87.221
16 40 75.158 51.696
16 41 94.923 20.421
16 42 89.018 93.515
16 43 39.05 38.047
16 44 39.894 48.617
16 45 80.424 95.765
16 46 8.416 13.264
16 47 34.132 24.375
16 48 67.627 98.224
16 49 93.795 52.619
17 18 98.917 88.125
17 19 98.014 6.713
17 20 66.0 25.976
17 21 79.053 84.207
17 22 36.523 40.607
17 23 84.36 75.33
17 24 53.698 95.668
17 25 19.735 46.148
17 26 83.757 62.171
17 27 10.836 37.04
17 28 6.588 79.092
17 29 99.075 31.508
17 30 68.753 88.616
17 31 90.774 72.964
17 32 96.997 86.471
17 33 60.344 22.011
17 34 31.449 3.472
17 35 73.453 79.61
17 36 62.062 46.855
17 37 42.893 44.354
17 38 27.03 41.765
17 39 55.287 13.357
17 40 17.501 78.972
17 41 10.416 2.719
17 42 66.927 95.785
17 43 62.109 79.382
17 44 85.499 77.552
17 45 54.659 32.192
17 46 23.201 46.738
17 47 86.404 13.201
17 48 9.517 55.283
17 49 25.901 7.564
18 19 71.714 88.021
18 20 77.7 32.306
18 21 75.133 31.655
18 22 15.365 56.668
18 23 43.983 38.666
18 24 98.333 88.057
18 25 58.108 74.417
18 26 24.872 85.383
18 27 6.982 11.018
18 28 67.581 56.693
18 29 65.748 30.965
18 30 10.45 43.358
18 31 54.83 36.276
18 32 95.594 76.595
18 33 24.701 81.444
18 34 84.613 15.339
18 35 80.632 83.23
18 36 6.684 55.981
18 37 7.115 90.228
18 38 45.182 77.778
18 39 81.5 53.305
18 40 82.248 58.226
18 41 40.773 14.647
18 42 62.686 28.774
18 43 84.111 30.647
18 44 23.525 90.921
18 45 87.043 10.123
18 46 9.351 71.781
18 47 85.97 6.654
18 48 52.324 88.445
18 49 86.564 70.941
19 20 46.228 70.271
19 21 21.866 47.434
19 22 16.009 64.165
19 23 6.626 46.214
19 24 87.484 42.476
19 25 84.913 78.491
19 26 17.7 87.55
19 27 99.806 19.055
19 28 26.453 24.159
19 29 52.756 30.697
19 30 47.556 71.489
19 31 16.245 94.498
19 32 12.188 68.415
19 33 52.536 43.029
19 34 2.422 40.184
19 35 92.237 79.111
19 36 5.439 18.748
19 37 83.361 35.215
19 38 86.851 5.375
19 39 93.787 24.857
19 40 5.458 17.607
19 41 23.272 49.248
19 42 54.524 45.277
19 43 79.99 46.521
19 44 85.555 86.165
19 45 34.214 53.112
19 46 70.053 52.593
19 47 56.625 38.34
19 48 14.014 60.237
19 49 24.293 30.727
20 21 93.141 57.047
20 22 80.59 1.624
20 23 90.982 52.753
20 24 91.983 15.64
20 25 20.111 5.604
20 26 84.426 50.008
20 27 20.7 64.344
20 28 69.402 58.051
20 29 60.237 79.241
20 30 1.454 47.05
20 31 14.741 52.342
20 32 26.058 88.607
20 33 87.147 95.862
20 34 71.252 26.509
20 35 92.867 60.332
20 36 96.067 15.28
20 37 98.84 81.881
20 38 99.41 1.595
20 39 8.831 61.913
20 40 79.434 0.152
20 41 51.598 61.746
20 42 38.475 11.414
20 43 74.767 15.95
20 44 60.704 95.47
20 45 52.416 90.411
20 46 3.09 21.527
20 47 44.642 69.445
20 48 36.159 0.098
20 49 91.446 29.128
21 22 65.773 21.661
21 23 28.097 78.152
21 24 85.737 81.383
21 25 82.872 41.35
21 26 71.356 17.576
21 27 22.336 70.292
21 28 87.119 50.093
21 29 97.739 80.787
21 30 93.307 83.348
21 31 27.135 81.422
21 32 85.803 78.298
21 33 27.709 63.682
21 34 3.567 36.45
21 35 57.577 98.881
21 36 36.667 42.97
21 37 96.987 25.465
21 38 1.074 24.51
21 39 41.183 83.16
21 40 85.164 0.622
21 41 59.316 0.058
21 42 20.051 24.85
21 43 31.117 33.138
21 44 52.468 70.074
21 45 28.444 27.26
21 46 30.225 0.587
21 47 22.827 70.665
21 48 56.611 61.296
21 49 65.698 51.285
22 23 43.859 69.525
22 24 75.17 54.344
22 25 51.381 78.247
22 26 88.933 79.043
22 27 75.866 7.347
22 28 31.946 96.825
22 29 97.304 71.19
22 30 13.112 42.657
22 31 73.762 6.971
22 32 67.695 87.753
22 33 28.529 83.435
22 34 82.338 87.891
22 35 94.751 84.846
22 36 52.838 33.885
22 37 56.863 65.957
22 38 3.1 0.003
22 39 25.107 39.444
22 40 2.496 70.316
22 41 97.989 64.143
22 42 71.938 5.982
22 43 38.192 24.19
22 44 96.38 60.003
22 45 56.028 97.315
22 46 83.662 75.27
22 47 89.411 71.379
22 48 72.532 40.322
22 49 5.585 30.857
23 24 10.155 99.99
23 25 73.887 63.644
23 26 50.399 75.703
23 27 50.622 94.742
23 28 29.013 43.192
23 29 28.381 80.874
23 30 23.824 25.511
23 31 90.629 96.72
23 32 35.936 56.028
23 33 47.723 9.219
23 34 60.858 38.575
23 35 18.864 97.386
23 36 29.468 80.665
23 37 51.76 64.359
23 38 33.845 56.159
23 39 41.644 31.548
23 40 72.165 57.489
23 41 41.026 88.548
23 42 44.267 10.883
23 43 36.694 93.796
23 44 66.792 35.946
23 45 91.907 0.404
23 46 60.524 63.822
23 47 8.174 53.068
23 48 70.782 8.83
23 49 2.336 60.637
24 25 4.291 81.076
24 26 55.034 34.184
24 27 98.3 95.624
24 28 98.959 73.776
24 29 6.306 67.91
24 30 27.781 59.072
24 31 12.009 61.277
24 32 73.312 32.87
24 33 0.786 71.031
24 34 76.009 60.843
24 35 21.155 31.595
24 36 91.208 72.275
24 37 14.905 66.738
24 38 33.753 40.012
24 39 88.878 34.98
24 40 74.557 58.264
24 41 75.82 34.914
24 42 41.343 36.958
24 43 54.851 60.211
24 44 22.244 87.506
24 45 44.529 65.786
24 46 47.781 69.874
24 47 71.254 73.924
24 48 40.954 96.276
24 49 9.105 51.607
25 26 54.579 26.385
25 27 82.193 66.091
25 28 25.4 94.083
25 29 38.765 19.62
25 30 48.752 6.178
25 31 41.428 26.543
25 32 22.504 17.884
25 33 97.292 1.564
25 34 31.561 16.303
25 35 16.531 55.129
25 36 76.892 96.764
25 37 53.231 16.695
25 38 87.367 91.771
25 39 63.202 76.781
25 40 11.268 92.644
25 41 39.53 10.919
25 42 53.049 96.11
25 43 91.13 56.053
25 44 33.112 48.613
25 45 74.504 10.122
25 46 15.187 10.496
25 47 63.152 52.523
25 48 52.118 1.536
25 49 58.194 61.848
26 27 6.418 68.267
26 28 27.006 69.557
26 29 42.896 99.291
26 30 12.128 63.82
26 31 28.841 66.499
26 32 78.674 18.943
26 33 27.074 76.97
26 34 32.555 0.749
26 35 1.841 22.264
26 36 3.488 21.996
26 37 78.942 39.461
26 38 22.222 76.299
26 39 0.359 11.359
26 40 88.763 16.679
26 41 81.761 49.955
26 42 97.061 15.529
26 43 64.6 60.148
26 44 5.561 89.684
26 45 29.444 49.298
26 46 3.655 6.68
26 47 63.01 26.754
26 48 88.966 80.744
26 49 14.468 82.987
27 28 41.813 88.732
27 29 55.245 19.779
27 30 86.611 16.746
27 31 70.03 47.558
27 32 22.466 88.592
27 33 65.402 27.319
27 34 95.516 36.036
27 35 26.997 90.721
27 36 60.811 95.178
27 37 40.056 57.621
27 38 57.217 45.951
27 39 35.17 42.636
27 40 19.959 19.642
27 41 59.354 88.766
27 42 4.716 1.879
27 43 45.964 72.523
27 44 84.894 30.635
27 45 77.105 57.61
27 46 66.594 13.044
27 47 10.057 72.925
27 48 49.416 70.51
27 49 76.372 53.309
28 29 16.682 30.322
28 30 3.591 72.585
28 31 26.057 50.784
28 32 95.796 72.575
28 33 13.525 91.893
28 34 24.768 40.734
28 35 2.362 62.834
28 36 56.521 94.573
28 37 39.08 93.086
28 38 18.284 66.091
28 39 66.9 67.833
28 40 34.474 23.256
28 41 79.89 52.412
28 42 39.361 56.007
28 43 90.413 80.402
28 44 91.067 11.489
28 45 69.992 17.974
28 46 85.169 68.421
28 47 52.972 82.304
28 48 68.021 18.201
28 49 5.332 80.53
29 30 94.325 16.158
29 31 77.613 51.028
29 32 18.85 96.916
29 33 76.478 81.875
29 34 60.411 11.594
29 35 77.014 5.457
29 36 5.391 32.324
29 37 62.436 19.008
29 38 56.218 45.091
29 39 61.45 37.51
29 40 33.299 39.189
29 41 45.022 46.005
29 42 26.21 49.125
29 43 22.5 65.583
29 44 48.444 29.934
29 45 3.462 17.969
29 46 84.949 39.773
29 47 39.044 59.776
29 48 99.525 27.48
29 49 65.079 85.635
30 31 92.672 81.597
30 32 85.686 71.232
30 33 2.052 11.949
30 34 7.493 28.837
30 35 46.83 29.327
30 36 73.417 12.739
30 37 90.651 66.213
30 38 17.695 8.039
30 39 75.594 4.381
30 40 17.875 48.016
30 41 85.536 33.539
30 42 51.989 14.029
30 43 7.356 49.237
30 44 5.819 3.423
30 45 82.162 64.9
30 46 98.241 5.661
30 47 19.33 42.032
30 48 72.667 69.105
30 49 55.245 70.129
31 32 47.54 20.148
31 33 35.099 5.867
31 34 73.154 90.201
31 35 29.431 89.85
31 36 58.64 13.249
31 37 34.073 27.226
31 38 11.139 67.021
31 39 47.108 5.483
31 40 91.203 15.563
31 41 5.548 4.654
31 42 39.195 9.451
31 43 5.881 38.198
31 44 33.641 90.667
31 45 51.576 91.615
31 46 32.049 15.245
31 47 59.547 55.822
31 48 5.671 30.763
31 49 28.819 42.912
32 33 14.762 76.898
32 34 90.623 7.289
32 35 11.653 44.441
32 36 8.916 4.657
32 37 29.755 73.819
32 38 73.996 19.382
32 39 5.092 39.287
32 40 64.143 47.095
32 41 45.459 39.434
32 42 12.506 24.144
32 43 7.521 77.629
32 44 83.891 34.79
32 45 11.593 18.305
32 46 33.077 57.447
32 47 46.717 49.07
32 48 26.578 74.835
32 49 39.973 51.517
33 34 41.55 76.119
33 35 77.304 67.744
33 36 63.447 93.092
33 37 51.423 74.939
33 38 61.572 55.038
33 39 45.83 30.605
33 40 95.891 36.299
33 41 78.597 1.363
33 42 66.131 10.872
33 43 28.248 51.698
33 44 68.597 60.804
33 45 95.216 77.033
33 46 28.635 38.72
33 47 4.688 20.083
33 48 97.564 56.112
33 49 11.85 39.293
34 35 1.258 70.286
34 36 54.003 76.478
34 37 55.018 59.37
34 38 68.074 70.734
34 39 20.221 42.387
34 40 70.333 58.136
34 41 26.873 80.031
34 42 16.842 55.19
34 43 10.772 17.865
34 44 34.943 31.231
34 45 32.121 23.267
34 46 1.12 26.965
34 47 80.714 77.461
34 48 79.653 10.488
34 49 46.611 84.177
35 36 66.991 19.736
35 37 10.601 7.267
35 38 13.939 10.001
35 39 84.009 23.844
35 40 29.199 17.303
35 41 57.625 89.253
35 42 74.558 25.025
35 43 67.057 85.927
35 44 79.487 82.71
35 45 37.523 73.577
35 46 19.729 51.452
35 47 59.397 86.948
35 48 48.299 61.918
35 49 32.06 12.086
36 37 7.009 56.316
36 38 0.511 70.062
36 39 25.176 48.399
36 40 11.849 74.794
36 41 79.875 55.411
36 42 26.745 58.699
36 43 31.461 84.528
36 44 17.598 87.108
36 45 66.037 24.571
36 46 78.922 44.778
36 47 39.476 2.557
36 48 16.829 38.682
36 49 54.499 65.277
37 38 17.475 90.812
37 39 47.164 26.869
37 40 28.695 61.609
37 41 13.71 73.297
37 42 77.134 99.46
37 43 74.196 33.268
37 44 54.401 80.695
37 45 24.682 11.411
37 46 17.289 49.358
37 47 50.41 92.363
37 48 17.861 91.015
37 49 28.829 55.387
38 39 78.359 34.936
38 40 91.937 81.528
38 41 84.679 34.471
38 42 36.818 35.218
38 43 71.966 79.959
38 44 40.789 31.183
38 45 26.218 84.797
38 46 84.829 60.252
38 47 66.597 89.444
38 48 46.644 63.647
38 49 26.103 61.492
39 40 62.543 1.786
39 41 51.191 37.834
39 42 19.454 41.758
39 43 10.774 32.692
39 44 99.21 77.856
39 45 30.173 47.499
39 46 68.297 89.722
39 47 16.685 33.073
39 48 94.936 38.197
39 49 58.767 39.422
40 41 82.299 61.208
40 42 60.595 7.326
40 43 24.439 82.012
40 44 85.736 69.347
40 45 43.693 64.545
40 46 96.454 8.178
40 47 65.59 27.498
40 48 75.67 43.442
40 49 6.46 15.36
41 42 54.98 43.659
41 43 54.312 14.79
41 44 72.139 14.946
41 45 12.832 8.901
41 46 63.662 56.185
41 47 71.481 64.937
41 48 86.006 80.551
41 49 50.063 51.206
42 43 30.962 17.733
42 44 23.859 24.058
42 45 33.015 55.533
42 46 74.168 2.029
42 47 48.221 36.567
42 48 79.678 91.235
42 49 24.409 76.737
43 44 60.267 84.472
43 45 28.279 29.213
43 46 21.065 8.174
43 47 86.146 12.626
43 48 70.342 70.584
43 49 52.271 74.291
44 45 19.852 58.132
44 46 91.433 61.025
44 47 31.217 67.911
44 48 2.685 30.176
44 49 0.656 44.7
45 46 53.561 39.045
45 47 40.575 20.734
45 48 33.871 70.92
45 49 60.216 48.708
46 47 89.757 94.159
46 48 75.718 53.362
46 49 76.018 2.459
47 48 63.507 54.21
47 49 0.26 73.55
48 49 15.992 68.097