50
50
0 1 7.517 32.347
0 2 8.999 30.460
0 3 8.500 29.518
0 4 9.556 21.355
0 5 7.097 28.320
0 6 11.660 13.076
0 7 8.287 31.208
0 8 9.522 18.248
0 9 8.415 25.795
0 10 9.051 28.998
0 11 9.156 22.729
0 12 13.451 1.744
0 13 10.492 16.747
0 14 10.223 26.507
0 15 9.603 14.358
0 16 8.365 15.167
0 17 11.079 21.216
0 18 11.063 13.820
0 19 7.815 19.650
0 20 10.366 1.225
0 21 8.182 12.866
0 22 8.767 22.839
0 23 10.459 25.379
0 24 8.252 15.149
0 25 7.614 18.667
0 26 7.509 25.175
0 27 7.554 32.253
0 28 9.916 13.546
0 29 10.831 22.211
0 30 11.472 32.012
0 31 11.737 27.298
0 32 9.504 17.083
0 33 9.869 29.178
0 34 8.592 31.940
0 35 8.250 21.859
0 36 7.256 20.604
0 37 8.086 29.026
0 38 11.590 20.978
0 39 7.435 29.370
0 40 10.567 30.593
0 41 9.957 20.954
0 42 10.852 15.457
0 43 7.601 23.776
0 44 8.856 15.917
0 45 7.712 16.213
0 46 10.362 20.744
0 47 9.918 22.150
0 48 8.771 30.446
0 49 10.762 31.019
1 2 11.997 12.857
1 3 7.022 16.310
1 4 13.110 0.035
1 5 7.171 25.079
1 6 7.988 27.957
1 7 10.870 28.835
1 8 11.254 20.990
1 9 10.888 29.605
1 10 9.243 22.877
1 11 9.137 24.855
1 12 9.600 24.756
1 13 10.883 18.953
1 14 8.953 19.123
1 15 11.813 22.677
1 16 10.994 17.167
1 17 7.573 28.703
1 18 9.115 31.197
1 19 11.415 23.076
1 20 7.454 12.891
1 21 9.507 24.045
1 22 9.097 25.015
1 23 12.889 0.537
1 24 10.779 13.728
1 25 9.401 31.497
1 26 11.930 25.161
1 27 8.933 30.596
1 28 8.774 30.507
1 29 8.922 22.230
1 30 13.623 1.687
1 31 10.742 24.161
1 32 10.996 27.208
1 33 10.680 28.840
1 34 8.016 15.538
1 35 7.436 23.447
1 36 10.686 13.313
1 37 10.197 28.073
1 38 8.562 21.632
1 39 10.281 12.909
1 40 8.276 12.908
1 41 13.622 0.321
1 42 10.831 16.453
1 43 8.311 15.450
1 44 10.003 0.215
1 45 12.725 0.104
1 46 7.763 20.727
1 47 7.491 28.410
1 48 11.859 16.784
1 49 12.746 0.070
2 3 9.404 17.974
2 4 7.214 21.263
2 5 8.285 25.613
2 6 7.250 24.714
2 7 13.420 2.969
2 8 11.165 25.276
2 9 9.243 15.557
2 10 10.579 21.492
2 11 7.059 24.507
2 12 11.556 16.775
2 13 8.325 19.902
2 14 11.905 30.462
2 15 10.953 31.262
2 16 8.511 19.711
2 17 7.587 14.279
2 18 10.268 30.810
2 19 9.882 13.432
2 20 9.987 19.864
2 21 10.267 23.367
2 22 9.996 12.906
2 23 8.529 13.475
2 24 9.737 28.655
2 25 10.935 20.905
2 26 8.528 26.101
2 27 10.967 21.129
2 28 11.750 18.865
2 29 7.307 13.699
2 30 11.874 17.858
2 31 7.100 21.419
2 32 11.311 30.081
2 33 9.550 15.917
2 34 7.621 30.281
2 35 7.541 19.559
2 36 9.770 22.602
2 37 11.814 21.811
2 38 10.958 26.615
2 39 10.639 27.452
2 40 7.107 14.356
2 41 7.933 24.181
2 42 11.278 13.719
2 43 11.715 28.503
2 44 8.404 20.158
2 45 8.438 17.683
2 46 9.287 20.346
2 47 7.140 30.550
2 48 11.620 27.491
2 49 11.591 15.640
3 4 9.358 18.263
3 5 11.118 28.525
3 6 11.601 17.832
3 7 10.912 16.562
3 8 8.121 22.448
3 9 10.838 19.789
3 10 10.283 20.521
3 11 7.462 26.778
3 12 7.005 15.747
3 13 10.052 26.561
3 14 7.189 29.191
3 15 7.383 31.385
3 16 9.178 17.279
3 17 7.428 29.757
3 18 11.314 31.738
3 19 10.684 23.632
3 20 11.214 30.293
3 21 11.707 16.351
3 22 7.902 30.314
3 23 8.817 23.085
3 24 11.011 16.067
3 25 7.716 18.001
3 26 11.913 12.712
3 27 9.169 22.063
3 28 11.833 19.724
3 29 13.871 1.376
3 30 8.666 26.157
3 31 7.303 17.141
3 32 7.993 14.186
3 33 10.552 19.428
3 34 10.494 1.593
3 35 10.344 21.800
3 36 11.758 17.037
3 37 7.559 29.390
3 38 11.749 15.427
3 39 9.513 27.200
3 40 9.041 19.677
3 41 9.783 21.416
3 42 10.495 23.183
3 43 7.312 31.137
3 44 10.307 32.217
3 45 8.082 30.677
3 46 8.705 16.560
3 47 9.750 17.930
3 48 7.573 22.485
3 49 9.953 14.566
4 5 7.586 13.782
4 6 9.395 16.731
4 7 8.467 28.457
4 8 9.308 16.387
4 9 7.249 13.542
4 10 8.659 18.771
4 11 11.807 28.077
4 12 9.732 14.190
4 13 9.427 20.085
4 14 10.687 25.850
4 15 8.473 18.004
4 16 8.306 31.427
4 17 10.717 21.672
4 18 8.618 16.109
4 19 11.316 26.959
4 20 8.097 24.800
4 21 7.511 29.827
4 22 11.679 18.007
4 23 11.104 0.000
4 24 7.864 21.804
4 25 11.765 22.456
4 26 9.835 28.106
4 27 10.628 19.325
4 28 7.061 17.929
4 29 8.875 29.784
4 30 12.561 0.000
4 31 11.964 28.565
4 32 11.202 16.780
4 33 10.487 14.098
4 34 9.343 25.813
4 35 9.104 18.831
4 36 10.974 15.697
4 37 7.020 19.236
4 38 9.343 28.222
4 39 8.940 22.755
4 40 11.772 16.763
4 41 13.462 0.000
4 42 7.055 19.568
4 43 7.488 16.835
4 44 12.034 0.000
4 45 10.261 0.000
4 46 10.095 14.521
4 47 10.024 30.152
4 48 9.810 22.651
4 49 13.063 0.000
5 6 10.379 19.906
5 7 8.494 19.217
5 8 11.871 27.209
5 9 7.514 13.581
5 10 9.085 24.668
5 11 10.906 16.408
5 12 7.975 30.552
5 13 7.192 14.823
5 14 10.863 20.229
5 15 7.684 21.995
5 16 7.463 31.104
5 17 11.051 14.798
5 18 10.506 29.923
5 19 8.613 14.063
5 20 11.232 19.174
5 21 9.777 30.513
5 22 11.740 15.978
5 23 8.297 29.857
5 24 10.537 19.974
5 25 10.189 30.317
5 26 7.765 15.213
5 27 7.139 24.873
5 28 11.457 29.484
5 29 10.929 26.145
5 30 9.426 32.347
5 31 10.971 23.011
5 32 10.125 16.176
5 33 7.038 24.595
5 34 7.384 13.028
5 35 11.241 29.790
5 36 11.497 14.220
5 37 11.027 23.180
5 38 10.027 27.373
5 39 7.923 22.067
5 40 11.833 12.833
5 41 8.198 21.624
5 42 12.715 2.969
5 43 8.760 18.187
5 44 8.176 29.991
5 45 11.187 29.179
5 46 7.806 17.046
5 47 10.291 18.266
5 48 10.485 25.991
5 49 8.737 20.153
6 7 7.352 30.239
6 8 8.214 23.273
6 9 7.271 18.950
6 10 11.814 19.886
6 11 10.418 14.946
6 12 10.812 15.711
6 13 8.447 14.377
6 14 9.311 22.239
6 15 7.432 21.473
6 16 9.257 31.013
6 17 9.061 14.099
6 18 7.490 29.478
6 19 7.714 28.184
6 20 7.142 16.257
6 21 8.496 20.926
6 22 11.220 25.223
6 23 9.404 31.430
6 24 8.410 27.984
6 25 9.649 18.253
6 26 12.896 1.001
6 27 11.416 29.492
6 28 10.975 32.400
6 29 11.393 19.249
6 30 10.504 25.164
6 31 13.039 1.967
6 32 10.631 15.115
6 33 11.655 20.849
6 34 7.827 13.237
6 35 7.553 32.326
6 36 10.363 14.513
6 37 9.573 28.534
6 38 9.665 28.673
6 39 8.559 13.310
6 40 11.574 19.283
6 41 11.840 17.749
6 42 8.835 21.969
6 43 8.229 30.000
6 44 8.701 17.926
6 45 7.947 26.879
6 46 7.705 16.379
6 47 9.827 20.771
6 48 10.241 19.048
6 49 9.175 29.604
7 8 7.833 19.660
7 9 11.083 18.246
7 10 11.441 32.222
7 11 7.166 24.207
7 12 9.964 12.798
7 13 10.684 17.151
7 14 7.415 24.527
7 15 10.471 31.482
7 16 11.816 25.946
7 17 8.144 19.729
7 18 8.231 21.533
7 19 9.648 18.048
7 20 8.770 19.462
7 21 11.805 19.909
7 22 10.529 26.341
7 23 7.729 31.720
7 24 11.922 29.272
7 25 10.892 22.778
7 26 10.230 23.449
7 27 10.089 24.764
7 28 9.811 13.301
7 29 10.375 19.348
7 30 8.971 16.849
7 31 7.588 16.320
7 32 10.079 28.151
7 33 9.510 29.861
7 34 8.571 31.410
7 35 7.434 12.947
7 36 8.506 12.779
7 37 10.391 21.099
7 38 8.173 23.064
7 39 9.647 28.000
7 40 7.977 17.917
7 41 8.083 21.616
7 42 11.385 23.721
7 43 10.050 19.857
7 44 10.385 17.923
7 45 8.606 20.000
7 46 10.344 24.075
7 47 10.550 17.530
7 48 10.637 13.464
7 49 9.695 27.482
8 9 11.496 29.333
8 10 8.126 14.216
8 11 11.106 16.597
8 12 10.665 27.055
8 13 7.864 12.629
8 14 8.317 17.524
8 15 11.979 24.713
8 16 7.030 16.702
8 17 12.125 2.594
8 18 8.853 32.104
8 19 9.712 26.776
8 20 7.934 14.689
8 21 7.378 22.516
8 22 8.878 14.582
8 23 11.171 22.321
8 24 9.324 24.050
8 25 9.864 12.768
8 26 10.380 19.653
8 27 7.473 31.534
8 28 9.184 13.121
8 29 8.299 20.311
8 30 8.126 20.741
8 31 11.448 27.424
8 32 11.661 23.578
8 33 9.960 25.394
8 34 10.039 14.516
8 35 10.004 18.196
8 36 7.383 18.687
8 37 10.705 12.811
8 38 10.913 13.031
8 39 11.938 0.375
8 40 8.369 13.232
8 41 10.161 26.247
8 42 9.698 21.295
8 43 11.758 30.131
8 44 7.498 21.893
8 45 8.787 29.561
8 46 11.101 23.284
8 47 7.139 13.641
8 48 11.277 30.341
8 49 11.417 16.650
9 10 8.597 31.024
9 11 8.508 32.061
9 12 11.042 27.663
9 13 11.814 27.533
9 14 7.874 27.093
9 15 11.917 15.122
9 16 8.673 15.456
9 17 11.706 26.760
9 18 7.068 19.713
9 19 10.694 12.690
9 20 8.345 15.654
9 21 8.769 12.780
9 22 11.173 13.241
9 23 10.641 22.332
9 24 9.645 30.013
9 25 9.649 24.969
9 26 7.021 21.275
9 27 10.961 23.495
9 28 8.906 19.255
9 29 9.957 15.515
9 30 7.049 23.449
9 31 10.176 15.464
9 32 10.766 21.085
9 33 10.926 17.904
9 34 8.065 28.651
9 35 10.785 15.412
9 36 7.714 30.739
9 37 7.929 21.442
9 38 8.978 27.338
9 39 10.894 16.508
9 40 7.785 18.824
9 41 9.058 19.800
9 42 10.097 19.722
9 43 8.252 23.057
9 44 10.713 32.429
9 45 8.306 13.424
9 46 9.727 15.975
9 47 13.952 2.969
9 48 7.089 28.381
9 49 10.824 20.223
10 11 11.713 31.996
10 12 8.151 18.655
10 13 7.428 30.865
10 14 10.438 28.600
10 15 10.885 17.623
10 16 9.158 26.663
10 17 9.692 16.407
10 18 8.515 31.965
10 19 9.130 31.407
10 20 11.775 17.499
10 21 7.554 19.838
10 22 11.613 20.252
10 23 11.992 22.496
10 24 8.462 16.138
10 25 7.426 15.977
10 26 7.643 23.090
10 27 9.394 20.366
10 28 7.260 13.516
10 29 9.786 24.390
10 30 7.774 26.701
10 31 9.857 15.587
10 32 8.056 29.496
10 33 13.056 2.969
10 34 8.477 22.830
10 35 11.117 24.925
10 36 9.714 17.423
10 37 8.259 19.255
10 38 11.695 26.006
10 39 10.345 27.710
10 40 11.356 16.116
10 41 8.877 18.862
10 42 7.863 15.165
10 43 7.444 15.870
10 44 10.171 14.966
10 45 10.950 22.070
10 46 7.432 29.028
10 47 8.070 21.269
10 48 11.076 23.179
10 49 8.403 24.692
11 12 7.962 22.976
11 13 9.917 20.556
11 14 11.179 14.543
11 15 11.147 20.848
11 16 8.454 19.230
11 17 10.220 19.018
11 18 8.079 17.698
11 19 10.961 32.338
11 20 11.440 25.379
11 21 11.940 12.691
11 22 7.088 26.804
11 23 8.643 24.146
11 24 11.869 30.572
11 25 7.231 32.126
11 26 8.595 18.072
11 27 10.392 13.908
11 28 9.768 31.833
11 29 10.058 14.913
11 30 7.639 14.180
11 31 9.750 25.906
11 32 10.477 0.698
11 33 9.409 30.947
11 34 11.644 18.173
11 35 10.268 2.271
11 36 8.889 22.615
11 37 8.522 30.970
11 38 9.442 13.033
11 39 8.037 31.253
11 40 9.966 26.342
11 41 10.399 22.198
11 42 8.802 19.579
11 43 11.799 31.070
11 44 10.303 12.722
11 45 9.282 23.135
11 46 11.999 16.005
11 47 9.099 24.349
11 48 11.105 27.213
11 49 8.710 17.574
12 13 10.746 29.960
12 14 8.068 14.548
12 15 11.259 29.245
12 16 7.346 20.422
12 17 9.160 30.165
12 18 7.131 28.899
12 19 11.115 28.355
12 20 10.679 0.000
12 21 8.454 13.783
12 22 7.713 16.817
12 23 10.961 20.299
12 24 10.875 13.702
12 25 7.206 31.557
12 26 10.755 18.988
12 27 9.670 23.141
12 28 10.121 29.619
12 29 8.404 13.666
12 30 11.502 28.759
12 31 7.127 22.033
12 32 9.058 12.605
12 33 7.273 29.531
12 34 8.631 27.985
12 35 10.448 30.974
12 36 9.454 29.372
12 37 7.644 28.991
12 38 9.816 25.044
12 39 11.086 31.694
12 40 8.054 25.698
12 41 8.885 27.312
12 42 9.500 12.725
12 43 11.486 22.516
12 44 7.629 27.553
12 45 10.493 23.957
12 46 9.533 26.568
12 47 10.657 16.963
12 48 8.233 14.678
12 49 8.842 14.587
13 14 12.180 1.314
13 15 10.117 0.638
13 16 8.627 19.560
13 17 10.996 19.442
13 18 11.388 21.758
13 19 8.618 15.217
13 20 10.314 14.597
13 21 9.566 18.882
13 22 11.686 29.387
13 23 11.190 30.112
13 24 8.141 15.062
13 25 10.626 20.647
13 26 11.284 26.899
13 27 10.767 27.136
13 28 7.181 25.444
13 29 8.163 22.553
13 30 9.834 26.467
13 31 8.632 19.569
13 32 7.988 30.612
13 33 7.719 13.660
13 34 7.484 21.596
13 35 9.576 27.537
13 36 8.729 19.687
13 37 8.064 25.840
13 38 9.801 31.396
13 39 7.710 17.985
13 40 11.625 18.615
13 41 8.555 26.731
13 42 7.736 25.227
13 43 10.054 31.388
13 44 8.934 12.660
13 45 10.134 22.050
13 46 11.220 1.017
13 47 9.543 21.700
13 48 8.476 27.694
13 49 9.507 20.880
14 15 10.703 0.000
14 16 7.300 31.558
14 17 9.786 25.653
14 18 9.316 31.179
14 19 8.317 28.060
14 20 11.616 20.757
14 21 10.384 30.596
14 22 10.157 26.576
14 23 8.387 17.796
14 24 8.411 13.143
14 25 10.507 28.473
14 26 9.525 24.040
14 27 8.359 30.259
14 28 10.962 23.903
14 29 11.031 20.787
14 30 7.492 14.117
14 31 8.450 26.710
14 32 7.889 32.472
14 33 11.684 28.192
14 34 9.577 16.745
14 35 11.943 15.142
14 36 7.300 17.010
14 37 11.387 13.019
14 38 8.106 28.314
14 39 10.814 17.691
14 40 11.856 22.848
14 41 11.163 16.094
14 42 10.527 22.214
14 43 8.476 28.335
14 44 10.848 30.140
14 45 9.263 24.655
14 46 12.500 0.000
14 47 11.688 20.792
14 48 10.663 32.296
14 49 10.242 22.808
15 16 8.508 19.436
15 17 9.540 27.885
15 18 11.428 14.151
15 19 11.996 19.234
15 20 11.286 27.142
15 21 9.126 19.030
15 22 11.022 25.110
15 23 8.154 29.678
15 24 8.806 27.521
15 25 11.530 31.422
15 26 11.048 21.129
15 27 11.086 25.754
15 28 11.354 15.946
15 29 11.612 27.887
15 30 10.610 25.297
15 31 9.372 21.075
15 32 8.524 22.879
15 33 10.902 27.924
15 34 7.097 31.632
15 35 9.671 28.499
15 36 7.802 18.529
15 37 7.383 12.563
15 38 10.711 30.492
15 39 7.743 20.767
15 40 9.509 14.673
15 41 9.686 14.330
15 42 9.165 30.626
15 43 7.111 21.483
15 44 7.311 20.971
15 45 9.788 15.260
15 46 10.938 0.000
15 47 7.490 16.505
15 48 9.432 28.947
15 49 7.656 28.351
16 17 8.803 27.984
16 18 10.722 21.768
16 19 13.096 0.919
16 20 7.709 31.826
16 21 13.182 0.713
16 22 13.590 0.872
16 23 10.847 24.202
16 24 13.328 0.465
16 25 8.089 20.459
16 26 8.856 31.524
16 27 11.029 18.231
16 28 10.255 13.441
16 29 10.670 13.093
16 30 10.657 24.271
16 31 9.121 22.643
16 32 9.687 29.620
16 33 10.756 31.458
16 34 9.334 14.199
16 35 11.194 17.269
16 36 8.933 25.850
16 37 10.891 27.510
16 38 7.029 13.310
16 39 11.482 28.108
16 40 8.973 25.644
16 41 11.329 24.198
16 42 11.990 30.195
16 43 10.936 25.207
16 44 9.156 22.399
16 45 10.134 30.763
16 46 8.230 16.960
16 47 9.119 19.612
16 48 10.865 16.248
16 49 9.280 23.871
17 18 10.537 22.992
17 19 9.328 29.431
17 20 10.490 32.131
17 21 10.708 17.908
17 22 7.790 14.925
17 23 9.016 19.273
17 24 7.238 16.425
17 25 8.695 26.054
17 26 7.517 14.827
17 27 10.903 21.239
17 28 9.246 21.340
17 29 11.575 29.627
17 30 9.644 13.503
17 31 8.719 24.454
17 32 8.501 30.345
17 33 8.775 28.699
17 34 8.218 14.795
17 35 8.884 27.087
17 36 7.097 25.423
17 37 7.773 25.902
17 38 11.802 21.398
17 39 10.223 0.000
17 40 10.618 29.781
17 41 11.461 31.696
17 42 7.969 27.195
17 43 7.711 28.388
17 44 7.349 15.772
17 45 11.807 24.668
17 46 7.866 17.334
17 47 9.978 24.533
17 48 9.263 24.968
17 49 10.758 23.235
18 19 10.025 30.142
18 20 8.628 16.350
18 21 8.051 22.363
18 22 7.037 22.877
18 23 7.693 25.875
18 24 10.066 25.587
18 25 9.603 27.862
18 26 9.048 16.578
18 27 8.308 14.555
18 28 7.163 25.586
18 29 9.651 21.358
18 30 10.459 32.172
18 31 11.913 25.001
18 32 10.854 21.958
18 33 10.066 20.537
18 34 9.026 28.332
18 35 10.188 28.821
18 36 8.533 23.688
18 37 11.494 29.472
18 38 11.958 14.007
18 39 9.561 12.546
18 40 10.401 23.548
18 41 9.416 29.498
18 42 10.585 29.705
18 43 10.698 31.020
18 44 8.785 25.930
18 45 10.521 25.950
18 46 10.602 20.797
18 47 10.687 20.344
18 48 7.010 17.923
18 49 7.411 30.456
19 20 10.606 12.890
19 21 13.718 0.000
19 22 10.667 0.000
19 23 9.684 30.124
19 24 13.553 0.000
19 25 9.208 21.110
19 26 10.733 27.223
19 27 7.110 25.380
19 28 7.932 28.766
19 29 8.674 27.971
19 30 8.325 15.597
19 31 11.379 31.308
19 32 9.029 25.272
19 33 10.120 26.210
19 34 8.094 32.107
19 35 8.773 18.943
19 36 8.824 27.101
19 37 10.747 20.444
19 38 11.372 15.153
19 39 7.324 18.532
19 40 11.617 18.365
19 41 9.207 28.742
19 42 10.879 31.794
19 43 8.380 22.929
19 44 8.079 26.187
19 45 10.079 23.469
19 46 10.466 28.947
19 47 9.961 29.225
19 48 10.128 14.211
19 49 8.017 27.814
20 21 11.239 20.421
20 22 9.583 25.405
20 23 9.089 28.981
20 24 11.987 28.253
20 25 7.174 20.049
20 26 10.963 15.508
20 27 10.450 17.737
20 28 10.741 16.824
20 29 11.017 29.941
20 30 11.731 31.126
20 31 7.017 21.891
20 32 10.993 21.888
20 33 11.498 17.693
20 34 7.768 18.901
20 35 10.790 13.643
20 36 7.065 13.926
20 37 8.797 30.523
20 38 11.562 29.520
20 39 10.775 29.444
20 40 7.472 15.650
20 41 8.861 26.009
20 42 8.424 24.520
20 43 11.721 22.673
20 44 10.138 16.170
20 45 9.366 31.854
20 46 7.074 24.927
20 47 11.034 23.313
20 48 9.573 22.163
20 49 9.562 31.328
21 22 12.864 0.000
21 23 11.191 20.747
21 24 13.568 0.000
21 25 7.353 15.806
21 26 8.261 26.324
21 27 7.364 20.448
21 28 8.730 17.643
21 29 7.212 19.917
21 30 10.268 28.543
21 31 7.287 19.011
21 32 11.379 19.772
21 33 8.798 31.622
21 34 8.974 23.418
21 35 7.564 19.126
21 36 10.948 26.703
21 37 9.288 28.207
21 38 8.625 28.732
21 39 11.362 25.274
21 40 8.730 16.793
21 41 8.908 26.466
21 42 7.142 12.661
21 43 10.164 20.230
21 44 8.118 29.051
21 45 11.964 17.126
21 46 7.880 29.258
21 47 10.227 28.756
21 48 11.813 32.454
21 49 7.087 12.525
22 23 11.551 21.706
22 24 12.123 0.000
22 25 10.413 21.933
22 26 7.230 22.433
22 27 10.893 21.666
22 28 11.661 31.216
22 29 11.533 28.850
22 30 8.649 25.048
22 31 7.891 31.489
22 32 11.493 14.516
22 33 8.954 23.355
22 34 9.054 30.865
22 35 11.403 18.521
22 36 8.597 25.634
22 37 11.584 15.714
22 38 7.277 13.196
22 39 7.183 22.918
22 40 7.716 27.793
22 41 9.761 30.461
22 42 7.843 23.678
22 43 11.546 20.842
22 44 8.178 20.404
22 45 8.679 13.619
22 46 10.705 30.813
22 47 8.791 13.918
22 48 9.658 31.213
22 49 10.602 18.708
23 24 8.889 25.116
23 25 8.650 27.894
23 26 7.329 25.880
23 27 11.321 32.206
23 28 11.148 24.332
23 29 11.520 25.965
23 30 12.401 0.000
23 31 10.549 14.738
23 32 11.289 12.654
23 33 10.061 32.190
23 34 11.499 18.190
23 35 11.633 13.643
23 36 8.346 26.993
23 37 9.885 25.403
23 38 8.560 13.911
23 39 8.819 25.246
23 40 10.281 20.032
23 41 10.023 0.000
23 42 8.268 29.664
23 43 7.882 23.560
23 44 12.933 0.000
23 45 13.640 0.000
23 46 7.114 18.323
23 47 11.508 30.353
23 48 10.294 28.703
23 49 10.412 0.000
24 25 10.805 32.480
24 26 8.119 24.131
24 27 10.224 17.552
24 28 11.529 25.784
24 29 9.200 18.088
24 30 11.799 24.277
24 31 11.639 30.386
24 32 9.753 24.600
24 33 10.362 23.386
24 34 8.350 15.660
24 35 7.412 16.250
24 36 10.230 18.634
24 37 8.133 19.421
24 38 10.261 14.008
24 39 8.984 29.696
24 40 9.697 30.493
24 41 9.971 19.390
24 42 11.469 29.121
24 43 8.779 20.615
24 44 7.739 19.660
24 45 8.006 30.991
24 46 8.506 31.806
24 47 7.371 28.965
24 48 8.827 13.471
24 49 9.742 13.028
25 26 7.152 16.975
25 27 7.324 16.991
25 28 13.897 1.925
25 29 8.409 23.679
25 30 10.560 18.834
25 31 7.216 29.576
25 32 9.981 26.921
25 33 7.086 23.073
25 34 7.160 28.319
25 35 9.049 31.613
25 36 8.084 24.482
25 37 13.637 0.806
25 38 10.779 29.488
25 39 7.526 22.683
25 40 8.536 25.131
25 41 11.379 27.607
25 42 7.577 21.296
25 43 12.719 0.237
25 44 7.020 27.260
25 45 10.538 15.749
25 46 8.850 28.977
25 47 11.645 20.992
25 48 10.459 30.072
25 49 11.542 30.413
26 27 11.970 17.785
26 28 11.710 18.483
26 29 7.108 27.608
26 30 9.570 14.760
26 31 12.609 0.000
26 32 10.822 18.445
26 33 10.447 18.171
26 34 10.142 28.548
26 35 11.199 28.803
26 36 8.947 15.819
26 37 7.674 15.131
26 38 8.772 28.693
26 39 11.147 12.836
26 40 10.490 23.927
26 41 8.283 26.987
26 42 11.346 16.805
26 43 11.232 28.689
26 44 11.710 17.056
26 45 11.050 25.757
26 46 11.489 24.650
26 47 11.300 19.023
26 48 7.791 17.520
26 49 11.986 23.231
27 28 11.874 17.193
27 29 9.022 19.862
27 30 7.735 13.127
27 31 7.344 25.747
27 32 11.782 25.191
27 33 11.550 21.944
27 34 9.961 26.414
27 35 7.595 27.532
27 36 12.877 2.969
27 37 10.011 26.728
27 38 10.340 21.782
27 39 10.627 14.859
27 40 9.652 26.220
27 41 11.719 22.447
27 42 9.212 32.438
27 43 9.940 28.788
27 44 10.513 25.386
27 45 7.553 30.008
27 46 7.682 22.602
27 47 8.464 19.700
27 48 10.409 16.857
27 49 11.266 23.173
28 29 8.910 24.910
28 30 7.364 24.532
28 31 7.577 13.076
28 32 10.525 19.208
28 33 9.670 12.762
28 34 10.583 26.316
28 35 10.456 15.935
28 36 9.628 21.106
28 37 12.778 0.000
28 38 9.693 16.000
28 39 7.748 17.844
28 40 10.221 32.041
28 41 11.383 29.383
28 42 7.088 29.629
28 43 11.117 0.000
28 44 7.220 17.699
28 45 8.114 20.025
28 46 11.139 25.940
28 47 11.789 22.100
28 48 9.180 16.614
28 49 11.460 16.914
29 30 9.941 27.203
29 31 8.726 18.078
29 32 11.800 30.777
29 33 10.189 20.751
29 34 12.973 0.000
29 35 10.157 21.622
29 36 10.915 27.231
29 37 8.633 15.627
29 38 11.148 29.910
29 39 8.776 27.578
29 40 8.771 19.458
29 41 7.124 27.301
29 42 7.758 30.705
29 43 8.496 12.934
29 44 9.075 22.920
29 45 10.748 17.321
29 46 7.066 25.559
29 47 7.015 15.019
29 48 11.987 28.792
29 49 7.082 19.195
30 31 9.974 27.480
30 32 10.420 25.530
30 33 8.649 23.686
30 34 7.532 18.569
30 35 7.839 31.734
30 36 9.443 31.914
30 37 7.182 24.732
30 38 7.508 25.269
30 39 7.228 31.529
30 40 11.704 17.546
30 41 10.872 0.000
30 42 11.431 18.810
30 43 7.467 24.814
30 44 12.401 0.000
30 45 10.732 0.000
30 46 7.906 13.339
30 47 9.800 22.674
30 48 10.181 15.830
30 49 13.264 0.000
31 32 9.302 14.542
31 33 8.422 20.414
31 34 9.943 18.246
31 35 9.752 26.259
31 36 7.305 21.516
31 37 8.265 17.386
31 38 7.004 28.823
31 39 9.515 16.965
31 40 10.733 19.106
31 41 10.663 28.436
31 42 10.861 13.907
31 43 11.480 12.583
31 44 11.698 23.015
31 45 11.114 25.160
31 46 11.704 26.880
31 47 9.313 17.487
31 48 9.932 27.296
31 49 9.177 28.244
32 33 7.723 27.625
32 34 9.475 31.131
32 35 11.556 0.000
32 36 10.257 29.298
32 37 7.817 17.277
32 38 9.293 18.445
32 39 11.154 23.343
32 40 10.110 31.384
32 41 7.550 29.573
32 42 9.612 29.755
32 43 11.682 31.127
32 44 7.936 12.644
32 45 7.942 17.859
32 46 8.378 32.177
32 47 11.176 15.140
32 48 10.788 17.821
32 49 9.325 21.553
33 34 9.165 27.298
33 35 7.010 29.238
33 36 11.579 18.628
33 37 8.440 27.105
33 38 10.210 30.123
33 39 8.757 31.669
33 40 9.936 12.732
33 41 11.752 21.291
33 42 11.739 29.164
33 43 9.173 27.619
33 44 10.304 27.500
33 45 11.084 25.850
33 46 11.975 25.636
33 47 9.192 24.335
33 48 8.918 18.566
33 49 10.033 14.712
34 35 7.887 17.218
34 36 11.994 26.496
34 37 9.001 25.528
34 38 11.728 30.167
34 39 11.486 15.165
34 40 7.217 28.011
34 41 7.358 18.051
34 42 7.526 21.185
34 43 9.715 26.266
34 44 8.107 15.282
34 45 7.491 15.763
34 46 10.041 14.083
34 47 7.160 20.133
34 48 9.869 20.150
34 49 10.530 32.432
35 36 9.447 24.562
35 37 11.057 17.800
35 38 7.099 24.456
35 39 7.870 24.697
35 40 8.487 26.978
35 41 8.294 20.415
35 42 11.498 23.988
35 43 7.457 30.770
35 44 7.982 26.328
35 45 11.659 28.297
35 46 8.077 22.788
35 47 9.575 13.931
35 48 8.441 30.422
35 49 9.306 23.282
36 37 11.521 13.728
36 38 9.770 29.274
36 39 10.314 18.390
36 40 7.220 16.931
36 41 9.917 20.836
36 42 7.250 16.005
36 43 8.191 25.411
36 44 11.744 26.232
36 45 11.444 22.421
36 46 10.758 21.994
36 47 8.829 16.145
36 48 8.937 28.617
36 49 7.112 31.464
37 38 10.560 27.648
37 39 9.822 31.260
37 40 9.867 28.459
37 41 9.349 17.026
37 42 8.714 23.809
37 43 12.589 0.000
37 44 11.940 31.426
37 45 7.475 31.338
37 46 11.673 27.356
37 47 7.974 21.490
37 48 10.014 16.668
37 49 8.138 16.624
38 39 8.810 14.286
38 40 12.639 1.530
38 41 7.712 29.549
38 42 10.644 28.659
38 43 8.709 28.166
38 44 11.018 19.219
38 45 9.400 21.241
38 46 9.156 29.833
38 47 11.384 18.858
38 48 10.231 1.439
38 49 8.055 26.451
39 40 7.772 30.345
39 41 8.736 29.062
39 42 9.381 12.743
39 43 11.918 18.145
39 44 9.711 22.573
39 45 8.509 16.661
39 46 10.643 27.283
39 47 9.597 28.211
39 48 7.642 16.610
39 49 11.272 30.923
40 41 9.072 22.038
40 42 11.725 21.169
40 43 11.779 18.836
40 44 10.708 20.266
40 45 9.511 23.545
40 46 8.424 15.090
40 47 7.295 17.818
40 48 11.358 0.000
40 49 10.081 15.808
41 42 7.333 13.613
41 43 11.915 24.678
41 44 11.875 0.000
41 45 10.769 0.000
41 46 8.293 21.511
41 47 10.415 13.645
41 48 7.174 15.641
41 49 10.701 0.000
42 43 10.501 31.060
42 44 10.782 27.083
42 45 10.717 26.090
42 46 7.254 26.435
42 47 9.870 32.201
42 48 11.554 14.204
42 49 7.317 22.308
43 44 10.221 20.114
43 45 9.665 20.089
43 46 11.641 31.876
43 47 8.598 23.227
43 48 9.574 31.964
43 49 10.345 18.213
44 45 10.135 0.000
44 46 9.616 18.971
44 47 9.850 16.781
44 48 10.537 32.434
44 49 12.272 0.000
45 46 8.103 15.877
45 47 10.996 14.476
45 48 7.020 28.130
45 49 13.868 0.000
46 47 11.770 26.206
46 48 11.695 32.436
46 49 11.487 23.963
47 48 8.549 18.779
47 49 8.720 31.253
48 49 10.596 14.423
