50
90
0 1 80 2.78
0 2 30 0.64
0 3 1 10
0 4 35 0.6
0 5 1 11
0 6 33 0.45
0 7 1 12
0 8 37 0.66
0 9 2 19
0 10 90 90
0 11 63 92
0 12 62 96
0 13 96 96
0 14 90 96
0 15 57 91
0 16 56 92
0 17 87 90
0 18 84 90
0 19 72 99
0 20 56 94
0 21 90 96
0 22 97 96
0 23 57 90
0 24 68 93
0 25 64 95
0 26 71 99
0 27 56 98
0 28 79 95
0 29 89 95
0 30 70 95
0 31 58 96
0 32 65 96
0 33 93 98
0 34 71 98
0 35 78 98
0 36 60 97
0 37 71 97
0 38 59 92
0 39 93 92
0 40 61 97
0 41 89 92
0 42 65 98
0 43 96 99
0 44 70 93
0 45 92 96
0 46 62 92
0 47 95 92
0 48 92 96
0 49 81 98
1 2 2 20
1 3 25 0.65
1 4 1 29
1 5 26 0.64
1 6 3 34
1 7 27 0.63
1 8 2 30
1 9 26 0.62
1 10 96 98
1 11 80 99
1 12 83 98
1 13 74 99
1 14 72 95
1 15 81 96
1 16 73 94
1 17 66 97
1 18 55 96
1 19 80 94
1 20 72 99
1 21 69 93
1 22 64 97
1 23 74 92
1 24 82 97
1 25 61 96
1 26 83 98
1 27 80 91
1 28 91 98
1 29 96 91
1 30 64 94
1 31 70 95
1 32 94 94
1 33 92 94
1 34 94 93
1 35 94 99
1 36 84 96
1 37 99 98
1 38 68 98
1 39 70 93
1 40 69 98
1 41 68 92
1 42 67 94
1 43 72 99
1 44 99 95
1 45 66 98
1 46 87 92
1 47 87 93
1 48 95 99
1 49 60 93
2 3 60 2.78
2 4 25 0.6
2 5 3 10
2 6 26 0.59
2 7 2 25
2 8 29 0.61
2 9 1 30
2 10 84 97
2 11 82 94
2 12 76 91
2 13 98 99
2 14 78 95
2 15 82 92
2 16 56 97
2 17 84 99
2 18 58 90
2 19 93 99
2 20 66 92
2 21 72 97
2 22 84 98
2 23 75 93
2 24 81 93
2 25 78 90
2 26 60 91
2 27 80 93
2 28 67 93
2 29 95 90
2 30 99 92
2 31 92 92
2 32 99 99
2 33 96 93
2 34 97 95
2 35 91 95
2 36 71 92
2 37 67 94
2 38 70 95
2 39 58 95
2 40 93 93
2 41 67 95
2 42 75 99
2 43 78 99
2 44 76 99
2 45 80 93
2 46 99 91
2 47 81 96
2 48 58 92
2 49 94 94
3 4 1 25
3 5 25 0.65
3 6 1 27
3 7 25 0.64
3 8 1 20
3 9 28 0.62
3 10 96 90
3 11 62 99
3 12 69 94
3 13 90 99
3 14 92 90
3 15 96 92
3 16 99 95
3 17 68 99
3 18 95 99
3 19 78 90
3 20 62 90
3 21 84 97
3 22 89 95
3 23 70 93
3 24 55 92
3 25 64 97
3 26 94 97
3 27 89 92
3 28 63 95
3 29 91 99
3 30 66 99
3 31 90 95
3 32 55 99
3 33 81 91
3 34 64 93
3 35 87 97
3 36 74 96
3 37 67 96
3 38 66 92
3 39 89 95
3 40 70 99
3 41 58 94
3 42 70 94
3 43 72 92
3 44 65 99
3 45 88 97
3 46 87 99
3 47 84 91
3 48 56 90
3 49 99 96
4 5 75 2.78
4 6 30 0.63
4 7 1 10
4 8 26 0.64
4 9 1 15
4 10 99 97
4 11 63 99
4 12 60 92
4 13 79 96
4 14 62 93
4 15 71 95
4 16 75 92
4 17 85 96
4 18 79 92
4 19 58 91
4 20 67 96
4 21 81 96
4 22 83 90
4 23 89 94
4 24 88 92
4 25 94 91
4 26 57 99
4 27 87 96
4 28 86 90
4 29 70 96
4 30 57 93
4 31 59 96
4 32 88 99
4 33 90 97
4 34 55 90
4 35 55 90
4 36 61 91
4 37 91 93
4 38 77 95
4 39 73 99
4 40 55 90
4 41 71 99
4 42 92 93
4 43 78 96
4 44 63 90
4 45 81 92
4 46 72 95
4 47 99 97
4 48 81 98
4 49 89 99
5 6 2 19
5 7 28 0.63
5 8 1 20
5 9 25 0.61
5 10 59 93
5 11 72 91
5 12 60 93
5 13 57 93
5 14 94 97
5 15 62 95
5 16 69 95
5 17 91 98
5 18 94 92
5 19 97 97
5 20 69 96
5 21 77 90
5 22 73 93
5 23 74 94
5 24 55 96
5 25 73 91
5 26 80 96
5 27 61 95
5 28 97 93
5 29 94 91
5 30 59 99
5 31 77 96
5 32 62 91
5 33 61 91
5 34 77 90
5 35 60 94
5 36 65 94
5 37 59 90
5 38 94 90
5 39 65 92
5 40 98 98
5 41 84 91
5 42 99 91
5 43 79 96
5 44 69 92
5 45 86 96
5 46 79 94
5 47 63 98
5 48 60 98
5 49 71 92
6 7 70 2.78
6 8 28 0.68
6 9 1 25
6 10 91 98
6 11 92 94
6 12 58 96
6 13 94 96
6 14 66 96
6 15 60 99
6 16 81 96
6 17 66 96
6 18 82 90
6 19 75 92
6 20 88 91
6 21 58 99
6 22 68 91
6 23 90 96
6 24 93 99
6 25 74 95
6 26 57 94
6 27 83 90
6 28 66 90
6 29 91 92
6 30 55 94
6 31 79 91
6 32 56 98
6 33 92 97
6 34 90 90
6 35 57 97
6 36 60 94
6 37 68 91
6 38 81 95
6 39 60 92
6 40 92 96
6 41 96 94
6 42 96 95
6 43 88 90
6 44 60 99
6 45 60 97
6 46 93 99
6 47 87 94
6 48 59 92
6 49 97 91
7 8 1 16
7 9 25 0.62
7 10 64 93
7 11 82 95
7 12 72 93
7 13 83 96
7 14 62 97
7 15 65 94
7 16 84 98
7 17 60 92
7 18 70 91
7 19 94 99
7 20 84 97
7 21 81 97
7 22 96 94
7 23 72 95
7 24 59 91
7 25 91 90
7 26 66 92
7 27 92 93
7 28 61 93
7 29 95 91
7 30 93 93
7 31 91 91
7 32 60 91
7 33 60 99
7 34 63 93
7 35 79 98
7 36 72 95
7 37 66 95
7 38 73 97
7 39 99 91
7 40 71 95
7 41 92 95
7 42 97 96
7 43 94 95
7 44 97 98
7 45 72 91
7 46 79 99
7 47 57 99
7 48 63 90
7 49 73 93
8 9 60 2.78
8 10 85 99
8 11 92 98
8 12 78 91
8 13 97 99
8 14 63 95
8 15 79 99
8 16 58 97
8 17 58 97
8 18 82 98
8 19 57 90
8 20 58 91
8 21 57 93
8 22 68 94
8 23 96 98
8 24 74 98
8 25 95 91
8 26 79 95
8 27 68 98
8 28 87 98
8 29 65 97
8 30 75 90
8 31 64 98
8 32 79 94
8 33 71 94
8 34 58 90
8 35 76 97
8 36 57 97
8 37 81 99
8 38 98 97
8 39 86 94
8 40 65 95
8 41 86 93
8 42 92 93
8 43 78 96
8 44 80 92
8 45 93 94
8 46 87 94
8 47 91 93
8 48 88 93
8 49 87 95
9 10 59 95
9 11 85 91
9 12 64 96
9 13 65 95
9 14 56 96
9 15 72 91
9 16 56 93
9 17 65 98
9 18 82 92
9 19 68 95
9 20 81 98
9 21 55 95
9 22 66 92
9 23 71 94
9 24 71 95
9 25 92 98
9 26 67 90
9 27 66 96
9 28 66 99
9 29 63 93
9 30 77 91
9 31 84 93
9 32 56 93
9 33 60 95
9 34 83 97
9 35 83 96
9 36 56 99
9 37 78 96
9 38 93 97
9 39 79 99
9 40 75 90
9 41 64 99
9 42 77 97
9 43 69 97
9 44 77 92
9 45 65 92
9 46 79 95
9 47 67 97
9 48 76 96
9 49 80 95
10 11 70 0.1
10 12 10 0.5
10 13 11 0.5
10 14 4 97
10 15 14 0.1
10 16 14 0.05
10 17 33 99
10 18 11 0.05
10 19 15 99
10 20 2 91
10 21 14 0.025
10 22 51 95
10 23 25 99
10 24 39 98
10 25 39 96
10 26 16 91
10 27 37 97
10 28 79 92
10 29 4 93
10 30 72 92
10 31 78 98
10 32 97 96
10 33 72 96
10 34 81 92
10 35 95 94
10 36 89 90
10 37 98 98
10 38 99 90
10 39 98 98
10 40 89 91
10 41 63 91
10 42 66 93
10 43 60 91
10 44 87 92
10 45 65 99
10 46 79 94
10 47 96 93
10 48 66 97
10 49 76 96
11 12 31 98
11 13 81 97
11 14 14 0.2
11 15 17 96
11 16 78 92
11 17 13 0.1
11 18 60 93
11 19 14 0.05
11 20 13 0.05
11 21 10 95
11 22 13 0.025
11 23 11 0.025
11 24 49 96
11 25 44 94
11 26 66 93
11 27 35 92
11 28 3 99
11 29 31 97
11 30 98 92
11 31 62 94
11 32 84 96
11 33 76 92
11 34 76 99
11 35 96 96
11 36 79 99
11 37 60 98
11 38 92 93
11 39 96 97
11 40 82 98
11 41 87 95
11 42 77 95
11 43 74 97
11 44 84 93
11 45 63 98
11 46 98 90
11 47 69 98
11 48 98 95
11 49 91 95
12 13 12 0.025
12 14 10 0.2
12 15 11 0.025
12 16 15 0.025
12 17 13 96
12 18 15 0.03
12 19 72 96
12 20 44 94
12 21 10 0.04
12 22 64 98
12 23 54 96
12 24 69 96
12 25 23 96
12 26 38 90
12 27 72 98
12 28 73 93
12 29 30 96
12 30 90 98
12 31 63 91
12 32 79 90
12 33 91 98
12 34 63 94
12 35 81 90
12 36 71 96
12 37 63 95
12 38 89 96
12 39 95 90
12 40 57 95
12 41 78 91
12 42 61 94
12 43 93 94
12 44 61 94
12 45 65 93
12 46 69 98
12 47 77 99
12 48 71 96
12 49 62 99
13 14 71 96
13 15 10 0.02
13 16 11 0.01
13 17 30 0.8
13 18 13 0.9
13 19 60 98
13 20 25 98
13 21 11 0.025
13 22 33 99
13 23 7 99
13 24 48 97
13 25 60 97
13 26 88 90
13 27 60 93
13 28 30 94
13 29 84 93
13 30 97 90
13 31 71 90
13 32 61 96
13 33 86 96
13 34 77 90
13 35 78 94
13 36 68 96
13 37 88 98
13 38 60 92
13 39 68 90
13 40 81 92
13 41 91 92
13 42 55 97
13 43 63 95
13 44 87 95
13 45 95 91
13 46 89 95
13 47 76 99
13 48 57 91
13 49 85 91
14 15 42 93
14 16 73 93
14 17 14 0.5
14 18 77 97
14 19 15 0.025
14 20 10 0.3
14 21 14 98
14 22 14 0.2
14 23 15 0.01
14 24 22 92
14 25 72 95
14 26 76 95
14 27 46 93
14 28 53 90
14 29 81 92
14 30 65 98
14 31 81 92
14 32 55 94
14 33 84 92
14 34 67 97
14 35 70 96
14 36 64 91
14 37 96 98
14 38 93 92
14 39 65 96
14 40 60 95
14 41 75 90
14 42 91 97
14 43 70 94
14 44 79 92
14 45 69 96
14 46 62 93
14 47 55 96
14 48 71 96
14 49 99 92
15 16 13 0.025
15 17 73 97
15 18 11 0.025
15 19 20 0.5
15 20 34 91
15 21 15 0.025
15 22 71 92
15 23 39 93
15 24 12 96
15 25 4 96
15 26 86 95
15 27 56 91
15 28 14 92
15 29 47 95
15 30 69 98
15 31 81 96
15 32 55 95
15 33 64 98
15 34 99 97
15 35 86 94
15 36 55 94
15 37 83 98
15 38 67 95
15 39 83 92
15 40 84 96
15 41 75 99
15 42 57 96
15 43 59 97
15 44 64 91
15 45 72 98
15 46 76 96
15 47 60 99
15 48 63 91
15 49 71 95
16 17 3 90
16 18 13 0.01
16 19 83 98
16 20 50 0.5
16 21 12 0.01
16 22 44 96
16 23 82 91
16 24 81 91
16 25 73 93
16 26 1 90
16 27 5 90
16 28 45 98
16 29 30 95
16 30 88 97
16 31 87 92
16 32 70 93
16 33 91 95
16 34 62 96
16 35 92 94
16 36 83 97
16 37 95 97
16 38 99 96
16 39 95 98
16 40 87 92
16 41 60 91
16 42 56 96
16 43 87 90
16 44 85 95
16 45 56 97
16 46 63 99
16 47 76 95
16 48 62 96
16 49 98 94
17 18 27 99
17 19 10 0.08
17 20 10 0.01
17 21 14 97
17 22 12 1
17 23 15 0.2
17 24 20 99
17 25 59 96
17 26 72 90
17 27 62 97
17 28 56 95
17 29 8 99
17 30 91 93
17 31 90 93
17 32 87 97
17 33 90 93
17 34 66 96
17 35 61 90
17 36 62 92
17 37 75 98
17 38 69 90
17 39 78 96
17 40 97 93
17 41 58 95
17 42 83 91
17 43 81 93
17 44 73 93
17 45 93 97
17 46 73 91
17 47 93 93
17 48 77 94
17 49 86 95
18 19 81 97
18 20 75 98
18 21 11 0.01
18 22 5 0.7
18 23 25 98
18 24 49 93
18 25 54 94
18 26 88 97
18 27 67 94
18 28 5 93
18 29 47 90
18 30 99 93
18 31 58 93
18 32 95 97
18 33 98 99
18 34 72 95
18 35 78 92
18 36 94 90
18 37 69 95
18 38 68 95
18 39 60 94
18 40 58 97
18 41 63 91
18 42 96 95
18 43 61 98
18 44 73 99
18 45 93 92
18 46 59 92
18 47 68 91
18 48 92 95
18 49 69 90
19 20 15 0.01
19 21 65 97
19 22 13 0.01
19 23 12 0.01
19 24 34 99
19 25 43 93
19 26 17 93
19 27 32 91
19 28 51 98
19 29 26 95
19 30 83 95
19 31 91 98
19 32 71 99
19 33 84 92
19 34 60 93
19 35 97 93
19 36 94 99
19 37 97 95
19 38 66 97
19 39 61 99
19 40 80 93
19 41 69 92
19 42 82 94
19 43 84 97
19 44 82 99
19 45 92 98
19 46 70 92
19 47 83 90
19 48 94 97
19 49 77 98
20 21 12 99
20 22 14 0.02
20 23 10 0.04
20 24 61 91
20 25 85 98
20 26 17 99
20 27 22 95
20 28 81 95
20 29 54 95
20 30 66 91
20 31 75 91
20 32 86 95
20 33 60 91
20 34 70 94
20 35 71 96
20 36 84 98
20 37 79 99
20 38 71 98
20 39 61 96
20 40 59 97
20 41 83 92
20 42 62 96
20 43 70 99
20 44 73 94
20 45 70 94
20 46 62 99
20 47 80 91
20 48 65 93
20 49 72 91
21 22 15 95
21 23 15 0.3
21 24 81 91
21 25 41 90
21 26 61 99
21 27 82 96
21 28 68 90
21 29 82 96
21 30 69 90
21 31 73 94
21 32 96 93
21 33 78 94
21 34 92 99
21 35 73 95
21 36 87 90
21 37 69 97
21 38 89 96
21 39 97 95
21 40 89 98
21 41 91 93
21 42 58 90
21 43 58 94
21 44 75 92
21 45 80 96
21 46 90 92
21 47 70 91
21 48 56 98
21 49 99 99
22 23 12 0.01
22 24 42 98
22 25 39 99
22 26 10 91
22 27 31 90
22 28 85 91
22 29 10 93
22 30 83 96
22 31 55 99
22 32 87 95
22 33 99 95
22 34 65 95
22 35 71 96
22 36 56 94
22 37 80 95
22 38 68 93
22 39 66 96
22 40 69 97
22 41 89 90
22 42 58 93
22 43 60 98
22 44 87 96
22 45 59 99
22 46 81 97
22 47 91 99
22 48 65 96
22 49 99 99
23 24 52 97
23 25 3 90
23 26 60 97
23 27 51 90
23 28 42 94
23 29 51 98
23 30 97 93
23 31 90 90
23 32 62 98
23 33 93 96
23 34 96 93
23 35 86 96
23 36 70 99
23 37 88 90
23 38 84 92
23 39 98 99
23 40 72 90
23 41 92 92
23 42 88 92
23 43 74 93
23 44 62 92
23 45 83 94
23 46 60 94
23 47 93 98
23 48 56 91
23 49 63 99
24 25 90 0.5
24 26 90 1.2
24 27 75 1
24 28 83 92
24 29 34 95
24 30 62 94
24 31 69 90
24 32 60 91
24 33 85 91
24 34 65 92
24 35 94 92
24 36 57 93
24 37 79 99
24 38 77 98
24 39 58 96
24 40 58 93
24 41 75 90
24 42 91 95
24 43 68 96
24 44 64 92
24 45 88 95
24 46 64 98
24 47 59 94
24 48 74 99
24 49 83 93
25 26 40 0.6
25 27 25 90
25 28 75 0.8
25 29 15 96
25 30 96 93
25 31 74 97
25 32 82 95
25 33 69 96
25 34 57 95
25 35 61 93
25 36 94 93
25 37 89 94
25 38 55 94
25 39 56 97
25 40 77 94
25 41 60 98
25 42 99 92
25 43 96 97
25 44 62 91
25 45 74 97
25 46 69 91
25 47 65 95
25 48 89 94
25 49 94 97
26 27 35 91
26 28 54 94
26 29 50 1
26 30 57 94
26 31 82 93
26 32 66 90
26 33 78 92
26 34 72 92
26 35 56 95
26 36 67 93
26 37 61 99
26 38 72 99
26 39 67 94
26 40 97 94
26 41 93 97
26 42 94 91
26 43 63 93
26 44 80 97
26 45 96 96
26 46 82 94
26 47 96 92
26 48 91 99
26 49 98 91
27 28 70 1
27 29 70 1.5
27 30 62 90
27 31 85 91
27 32 77 90
27 33 94 98
27 34 77 99
27 35 70 93
27 36 97 91
27 37 68 95
27 38 88 93
27 39 65 97
27 40 55 96
27 41 86 92
27 42 73 95
27 43 55 98
27 44 84 96
27 45 94 98
27 46 64 95
27 47 96 91
27 48 71 98
27 49 91 99
28 29 72 0.2
28 30 99 96
28 31 79 90
28 32 93 99
28 33 92 96
28 34 61 91
28 35 58 99
28 36 98 91
28 37 74 96
28 38 61 91
28 39 83 92
28 40 63 94
28 41 99 93
28 42 99 95
28 43 73 98
28 44 80 93
28 45 90 93
28 46 97 99
28 47 84 96
28 48 67 98
28 49 89 99
29 30 87 92
29 31 82 93
29 32 68 92
29 33 73 93
29 34 58 90
29 35 83 91
29 36 74 90
29 37 66 94
29 38 66 99
29 39 55 94
29 40 93 90
29 41 84 96
29 42 84 95
29 43 57 91
29 44 67 93
29 45 89 94
29 46 61 94
29 47 92 98
29 48 90 93
29 49 89 95
30 31 80 60
30 32 8 20
30 33 29 21
30 34 99 99
30 35 90 6.8
30 36 47 24
30 37 21 21
30 38 17 10
30 39 55 13.1
30 40 5 94
30 41 75 98
30 42 85 95
30 43 50 97
30 44 98 92
30 45 5 95
30 46 64 98
30 47 2 94
30 48 90 97
30 49 59 91
31 32 68 16
31 33 42 18
31 34 40 2
31 35 32 19
31 36 18 20
31 37 50 45
31 38 21 0.5
31 39 10 1
31 40 0 93
31 41 1 90
31 42 78 90
31 43 29 92
31 44 34 96
31 45 5 95
31 46 3 99
31 47 88 94
31 48 3 99
31 49 29 90
32 33 15 1.1
32 34 27 21
32 35 10 60
32 36 20 0.89
32 37 18 1.3
32 38 0.3 0.1
32 39 19 15
32 40 2 99
32 41 59 93
32 42 39 99
32 43 89 94
32 44 97 91
32 45 2 92
32 46 1 94
32 47 2 93
32 48 0 97
32 49 0 96
33 34 13 10
33 35 1 0.5
33 36 17 1
33 37 18 0.5
33 38 90 99
33 39 51 20
33 40 81 93
33 41 75 95
33 42 91 92
33 43 5 94
33 44 55 96
33 45 2 97
33 46 76 92
33 47 77 91
33 48 46 96
33 49 1 95
34 35 25 25
34 36 12 10
34 37 10 0.8
34 38 12 0.67
34 39 16 1.2
34 40 4 94
34 41 3 95
34 42 1 97
34 43 3 97
34 44 0 95
34 45 1 90
34 46 98 90
34 47 2 92
34 48 87 94
34 49 34 91
35 36 5 1
35 37 45 27
35 38 80 92
35 39 32 20
35 40 1 98
35 41 3 91
35 42 1 99
35 43 1 92
35 44 2 99
35 45 3 90
35 46 5 98
35 47 2 94
35 48 4 91
35 49 3 90
36 37 14 0.99
36 38 45 29.5
36 39 74 90
36 40 1 92
36 41 2 98
36 42 90 97
36 43 45 90
36 44 67 92
36 45 54 99
36 46 84 90
36 47 60 97
36 48 73 98
36 49 81 91
37 38 85 53
37 39 60 45
37 40 4 91
37 41 3 91
37 42 0 92
37 43 5 97
37 44 2 94
37 45 2 90
37 46 3 95
37 47 3 90
37 48 5 96
37 49 2 99
38 39 20 1
38 40 1 90
38 41 0 96
38 42 3 98
38 43 0 95
38 44 0 99
38 45 1 98
38 46 3 95
38 47 5 91
38 48 0 92
38 49 4 92
39 40 3 99
39 41 5 92
39 42 0 99
39 43 1 94
39 44 5 99
39 45 1 90
39 46 2 98
39 47 3 96
39 48 2 92
39 49 2 98
40 41 25 33
40 42 44 90
40 43 99 99
40 44 0.003 15
40 45 6 0.001
40 46 60 2.1
40 47 1 49
40 48 0.09 87
40 49 50 1.7
41 42 9 98
41 43 99 91.888
41 44 60 3
41 45 2 2
41 46 0.01 33
41 47 2 89.999
41 48 70 5
41 49 4 81
42 43 30 0.21
42 44 20 3.79
42 45 50 0.10
42 46 10 0.5
42 47 3.9 2
42 48 5 37.3
42 49 45 75.67
43 44 2 79
43 45 68 0.5
43 46 0.02 2
43 47 0.02 1
43 48 45 6.6
43 49 3.94 5.9
44 45 18 83.9
44 46 99 89
44 47 0.001 3
44 48 0.5 99
44 49 0.6 78
45 46 0.01 0.34
45 47 22 0.145
45 48 4 3.6
45 49 0.65 45
46 47 0.33 3.5
46 48 0.5 0.5
46 49 50 2.22
47 48 67 5.66
47 49 0.66 0.999
48 49 21 44.98