50
87.472
0 1 3.213 0.747
0 2 7.815 0.540
0 3 4.957 1.335
0 4 4.289 1.507
0 5 5.607 0.489
0 6 0.126 1.102
0 7 4.643 1.580
0 8 4.083 1.483
0 9 3.973 0.985
0 10 1.808 0.759
0 11 2.856 1.324
0 12 1.071 1.491
0 13 6.510 0.449
0 14 1.566 0.738
0 15 0.921 1.697
0 16 4.883 1.176
0 17 1.284 1.171
0 18 5.492 1.254
0 19 5.579 1.228
0 20 4.397 1.388
0 21 7.289 0.326
0 22 3.580 1.668
0 23 5.772 1.178
0 24 8.951 0.026
0 25 4.938 1.018
0 26 0.092 0.901
0 27 4.001 1.185
0 28 5.143 1.029
0 29 0.068 1.609
0 30 2.982 1.358
0 31 8.603 0.179
0 32 3.552 1.579
0 33 5.645 0.704
0 34 1.487 1.655
0 35 3.720 1.593
0 36 5.654 1.038
0 37 5.712 1.391
0 38 4.593 0.886
0 39 6.381 0.363
0 40 1.697 1.288
0 41 3.702 1.243
0 42 4.603 0.057
0 43 3.472 1.441
0 44 1.819 1.281
0 45 9.562 0.391
0 46 4.624 1.007
0 47 0.239 1.071
0 48 2.691 1.664
0 49 4.473 1.046
1 2 5.868 1.095
1 3 1.921 0.797
1 4 1.273 0.752
1 5 5.857 1.224
1 6 2.444 1.043
1 7 7.339 0.543
1 8 4.128 1.582
1 9 5.606 0.072
1 10 0.776 1.512
1 11 3.485 1.338
1 12 3.448 1.558
1 13 2.999 1.480
1 14 4.094 1.105
1 15 4.637 0.962
1 16 5.274 0.035
1 17 0.843 1.450
1 18 8.066 0.138
1 19 2.595 1.537
1 20 3.496 1.665
1 21 2.713 1.150
1 22 0.980 0.950
1 23 2.290 0.950
1 24 0.050 1.396
1 25 0.215 1.386
1 26 0.552 1.012
1 27 3.584 0.855
1 28 2.523 0.921
1 29 4.343 0.869
1 30 3.637 1.365
1 31 1.095 1.430
1 32 5.543 0.426
1 33 4.849 1.052
1 34 2.288 1.455
1 35 8.484 0.582
1 36 0.942 1.574
1 37 0.164 1.158
1 38 8.784 0.199
1 39 3.986 0.729
1 40 4.026 0.010
1 41 9.383 0.067
1 42 5.542 0.708
1 43 5.304 1.557
1 44 2.316 1.197
1 45 1.025 1.681
1 46 3.123 0.976
1 47 5.182 1.140
1 48 3.100 1.276
1 49 5.239 1.262
2 3 2.900 1.640
2 4 0.225 1.375
2 5 7.633 0.342
2 6 5.102 1.574
2 7 2.924 0.891
2 8 0.853 1.268
2 9 3.752 1.391
2 10 3.525 0.925
2 11 1.109 1.025
2 12 5.378 1.617
2 13 8.676 0.490
2 14 0.992 0.742
2 15 0.773 0.727
2 16 2.562 0.830
2 17 2.560 1.106
2 18 1.056 0.960
2 19 1.534 0.712
2 20 1.287 1.238
2 21 6.833 0.599
2 22 0.954 1.077
2 23 5.990 1.105
2 24 6.319 0.238
2 25 4.323 1.222
2 26 4.897 1.136
2 27 4.345 1.696
2 28 4.337 0.753
2 29 4.896 1.287
2 30 5.147 0.926
2 31 5.976 0.035
2 32 4.130 1.066
2 33 3.553 1.408
2 34 2.793 0.727
2 35 5.427 1.402
2 36 5.089 1.299
2 37 5.233 0.997
2 38 5.784 1.334
2 39 4.594 0.529
2 40 5.417 0.730
2 41 0.130 1.058
2 42 5.194 0.292
2 43 3.987 0.741
2 44 2.833 1.534
2 45 5.780 0.156
2 46 2.897 1.403
2 47 5.802 1.636
2 48 2.704 1.420
2 49 4.010 1.015
3 4 9.256 0.439
3 5 5.728 0.915
3 6 9.611 0.456
3 7 5.861 1.449
3 8 4.171 1.634
3 9 2.156 1.415
3 10 5.548 1.664
3 11 6.188 0.460
3 12 5.476 0.493
3 13 3.751 0.885
3 14 4.260 0.475
3 15 5.799 1.221
3 16 4.696 1.185
3 17 1.081 1.398
3 18 2.859 1.569
3 19 5.823 1.077
3 20 4.048 1.626
3 21 0.977 1.166
3 22 1.194 0.994
3 23 2.131 1.097
3 24 0.384 1.357
3 25 1.721 1.156
3 26 5.625 0.852
3 27 0.642 1.285
3 28 8.409 0.266
3 29 5.110 1.319
3 30 4.230 1.368
3 31 2.962 1.697
3 32 4.814 0.891
3 33 9.840 0.193
3 34 4.052 0.758
3 35 0.058 1.479
3 36 4.937 1.456
3 37 5.653 0.239
3 38 2.067 0.860
3 39 5.702 1.322
3 40 4.714 1.552
3 41 4.005 1.514
3 42 3.761 1.680
3 43 4.164 0.873
3 44 5.613 1.277
3 45 5.423 1.687
3 46 3.337 0.976
3 47 5.108 0.557
3 48 4.113 1.048
3 49 2.266 1.102
4 5 4.038 0.817
4 6 4.479 0.284
4 7 1.268 0.935
4 8 3.601 1.100
4 9 4.256 1.065
4 10 2.969 1.488
4 11 5.166 0.286
4 12 4.120 0.352
4 13 1.824 0.751
4 14 8.689 0.401
4 15 2.175 1.407
4 16 5.514 1.238
4 17 3.019 0.859
4 18 5.856 1.460
4 19 3.867 0.716
4 20 0.807 1.037
4 21 2.734 1.204
4 22 1.938 1.676
4 23 1.424 1.500
4 24 0.610 1.189
4 25 5.846 1.365
4 26 1.904 1.231
4 27 5.435 1.250
4 28 8.554 0.455
4 29 0.425 1.325
4 30 0.661 1.484
4 31 0.037 1.219
4 32 4.243 1.509
4 33 8.034 0.140
4 34 2.229 0.895
4 35 0.092 1.094
4 36 5.663 0.998
4 37 4.125 0.051
4 38 4.745 1.340
4 39 2.478 0.765
4 40 0.226 0.779
4 41 4.664 0.816
4 42 1.606 1.059
4 43 3.876 1.446
4 44 0.947 1.027
4 45 2.507 1.119
4 46 2.084 1.135
4 47 8.192 0.547
4 48 5.202 1.357
4 49 3.970 1.187
5 6 1.716 1.414
5 7 0.247 1.078
5 8 0.648 1.037
5 9 4.859 1.265
5 10 0.304 1.212
5 11 3.296 0.719
5 12 4.034 1.155
5 13 5.070 0.599
5 14 1.191 0.901
5 15 3.953 1.224
5 16 0.484 0.940
5 17 4.742 1.539
5 18 3.820 1.188
5 19 0.258 1.047
5 20 5.794 0.703
5 21 6.305 0.391
5 22 3.940 1.385
5 23 3.657 1.455
5 24 6.639 0.568
5 25 4.278 0.952
5 26 2.756 1.436
5 27 4.301 1.530
5 28 2.224 1.350
5 29 0.836 1.609
5 30 1.013 1.403
5 31 9.055 0.217
5 32 0.117 1.001
5 33 2.986 1.010
5 34 3.854 1.649
5 35 2.276 1.279
5 36 4.222 1.388
5 37 2.761 1.689
5 38 4.139 1.265
5 39 5.357 0.241
5 40 4.570 1.466
5 41 1.139 1.522
5 42 6.008 0.563
5 43 1.914 0.977
5 44 0.575 0.831
5 45 5.184 0.245
5 46 5.396 1.682
5 47 5.345 1.443
5 48 4.475 0.934
5 49 1.256 1.291
6 7 0.298 1.214
6 8 0.396 1.353
6 9 0.206 0.713
6 10 5.670 0.979
6 11 4.092 0.513
6 12 8.167 0.235
6 13 4.470 0.839
6 14 6.165 0.502
6 15 4.497 1.012
6 16 4.746 1.620
6 17 0.748 1.271
6 18 2.517 1.019
6 19 5.459 1.577
6 20 5.341 1.247
6 21 4.851 1.691
6 22 5.493 0.859
6 23 4.895 1.681
6 24 0.280 0.847
6 25 4.760 1.696
6 26 2.826 1.443
6 27 1.484 1.543
6 28 8.008 0.216
6 29 1.538 1.520
6 30 2.433 1.213
6 31 2.255 1.416
6 32 1.637 1.262
6 33 4.409 0.485
6 34 2.321 1.141
6 35 3.422 0.901
6 36 3.186 1.080
6 37 6.871 0.518
6 38 0.479 0.925
6 39 2.758 1.463
6 40 4.915 1.248
6 41 5.619 1.503
6 42 4.666 1.492
6 43 0.873 0.902
6 44 5.061 1.575
6 45 3.396 1.349
6 46 4.727 1.536
6 47 4.154 0.035
6 48 3.424 1.591
6 49 4.406 1.349
7 8 5.561 1.616
7 9 7.228 0.532
7 10 2.964 1.254
7 11 5.614 1.127
7 12 3.074 1.188
7 13 4.975 0.936
7 14 4.429 1.663
7 15 2.264 1.169
7 16 5.315 0.536
7 17 2.591 1.352
7 18 8.982 0.128
7 19 0.921 1.141
7 20 2.015 1.458
7 21 0.902 1.424
7 22 1.991 1.498
7 23 1.308 1.473
7 24 3.274 1.255
7 25 2.076 0.871
7 26 2.289 1.186
7 27 5.394 0.777
7 28 1.500 1.111
7 29 2.522 1.032
7 30 4.784 1.047
7 31 4.952 0.950
7 32 6.899 0.356
7 33 3.686 1.601
7 34 0.357 0.875
7 35 9.696 0.362
7 36 2.504 1.593
7 37 4.557 0.987
7 38 5.263 0.472
7 39 0.533 1.361
7 40 8.245 0.479
7 41 4.419 0.450
7 42 4.966 0.702
7 43 1.663 1.388
7 44 5.133 0.746
7 45 0.511 0.794
7 46 2.411 1.298
7 47 3.446 1.207
7 48 4.909 1.470
7 49 3.784 1.004
8 9 0.342 1.601
8 10 2.248 1.021
8 11 1.756 0.987
8 12 3.210 1.002
8 13 1.565 1.135
8 14 3.447 0.998
8 15 9.933 0.426
8 16 5.664 1.208
8 17 3.682 1.117
8 18 3.839 1.253
8 19 3.010 1.596
8 20 9.626 0.086
8 21 2.697 0.953
8 22 5.418 1.163
8 23 9.180 0.228
8 24 0.987 0.879
8 25 9.241 0.068
8 26 5.444 0.829
8 27 5.155 0.098
8 28 4.989 0.703
8 29 4.126 1.065
8 30 0.517 1.692
8 31 0.581 0.741
8 32 3.932 1.512
8 33 0.937 1.692
8 34 2.378 1.031
8 35 2.469 1.624
8 36 9.622 0.433
8 37 2.283 1.576
8 38 2.361 0.917
8 39 2.345 1.044
8 40 1.577 0.913
8 41 1.954 0.847
8 42 3.287 0.779
8 43 1.732 1.069
8 44 1.260 1.447
8 45 0.616 1.268
8 46 5.437 0.890
8 47 4.740 1.173
8 48 8.854 0.112
8 49 8.676 0.530
9 10 4.512 1.161
9 11 3.691 1.467
9 12 4.264 0.755
9 13 4.649 0.839
9 14 1.378 1.099
9 15 0.439 1.068
9 16 4.424 0.094
9 17 2.482 1.597
9 18 7.416 0.062
9 19 1.920 1.480
9 20 5.768 0.992
9 21 5.534 1.036
9 22 0.094 1.652
9 23 1.086 1.302
9 24 0.799 1.032
9 25 0.259 1.471
9 26 0.639 1.247
9 27 1.209 0.729
9 28 5.604 1.498
9 29 5.538 1.418
9 30 3.355 1.539
9 31 0.986 1.073
9 32 6.385 0.280
9 33 0.542 1.606
9 34 4.191 1.405
9 35 7.239 0.190
9 36 0.359 1.008
9 37 4.284 1.218
9 38 7.107 0.284
9 39 1.386 0.712
9 40 6.446 0.432
9 41 5.798 0.424
9 42 0.190 0.791
9 43 1.534 1.686
9 44 5.481 0.877
9 45 5.112 1.468
9 46 0.514 0.827
9 47 2.464 1.463
9 48 0.444 1.571
9 49 3.573 1.309
10 11 1.421 0.755
10 12 1.108 0.905
10 13 0.168 1.095
10 14 1.696 1.630
10 15 5.481 1.463
10 16 0.972 1.575
10 17 6.132 0.445
10 18 5.601 0.906
10 19 9.291 0.001
10 20 4.104 1.627
10 21 1.634 1.049
10 22 9.883 0.274
10 23 4.839 1.326
10 24 0.239 1.022
10 25 4.624 0.855
10 26 7.891 0.288
10 27 2.925 1.312
10 28 1.439 1.265
10 29 7.068 0.514
10 30 9.568 0.188
10 31 3.677 0.999
10 32 2.194 0.883
10 33 5.917 1.074
10 34 5.387 0.368
10 35 1.139 1.290
10 36 3.654 1.181
10 37 1.396 1.458
10 38 5.879 1.249
10 39 3.921 1.317
10 40 2.316 0.885
10 41 5.639 0.915
10 42 1.311 1.109
10 43 6.793 0.407
10 44 4.900 0.250
10 45 0.682 1.256
10 46 6.619 0.126
10 47 3.036 1.658
10 48 5.417 1.538
10 49 5.716 0.811
11 12 8.224 0.256
11 13 2.398 1.119
11 14 5.871 0.049
11 15 2.879 1.575
11 16 5.613 0.828
11 17 2.961 1.510
11 18 3.251 1.481
11 19 5.022 1.517
11 20 0.256 1.286
11 21 4.687 1.003
11 22 5.735 1.579
11 23 4.321 0.977
11 24 1.122 0.848
11 25 2.685 1.079
11 26 3.278 1.693
11 27 1.640 1.654
11 28 9.207 0.124
11 29 2.689 1.280
11 30 3.129 1.536
11 31 4.759 1.223
11 32 3.148 1.311
11 33 4.316 0.559
11 34 4.256 1.107
11 35 4.926 1.144
11 36 0.823 0.774
11 37 5.201 0.428
11 38 1.388 0.974
11 39 5.709 1.015
11 40 4.846 1.496
11 41 2.922 1.255
11 42 0.653 0.755
11 43 1.616 1.423
11 44 3.504 1.679
11 45 2.244 0.957
11 46 0.012 1.133
11 47 6.773 0.380
11 48 1.841 1.074
11 49 5.466 0.783
12 13 2.024 0.982
12 14 4.419 0.334
12 15 3.689 0.910
12 16 0.922 1.526
12 17 5.439 1.382
12 18 1.716 1.626
12 19 4.436 1.639
12 20 5.583 0.764
12 21 3.444 0.957
12 22 0.931 0.776
12 23 1.085 0.800
12 24 1.683 1.571
12 25 0.188 1.612
12 26 4.748 1.534
12 27 4.031 1.326
12 28 8.646 0.205
12 29 0.519 1.478
12 30 1.824 1.413
12 31 2.116 0.857
12 32 1.430 1.140
12 33 9.179 0.315
12 34 2.563 1.260
12 35 1.151 1.448
12 36 2.301 1.548
12 37 6.629 0.139
12 38 0.639 0.930
12 39 0.927 0.801
12 40 5.155 1.626
12 41 2.151 1.094
12 42 4.404 1.524
12 43 2.734 1.055
12 44 2.516 1.618
12 45 2.521 1.121
12 46 3.087 1.422
12 47 7.192 0.422
12 48 5.922 1.042
12 49 0.995 0.970
13 14 5.550 1.477
13 15 3.466 1.628
13 16 1.244 1.384
13 17 3.463 1.118
13 18 5.559 0.986
13 19 3.215 1.508
13 20 3.972 0.947
13 21 9.930 0.263
13 22 1.119 1.062
13 23 5.891 1.409
13 24 5.765 0.155
13 25 2.916 0.777
13 26 4.462 1.022
13 27 3.183 1.485
13 28 1.612 1.044
13 29 2.312 1.611
13 30 0.433 0.936
13 31 7.628 0.100
13 32 5.527 1.337
13 33 1.121 1.581
13 34 4.984 1.698
13 35 5.329 1.614
13 36 2.601 1.428
13 37 0.910 0.964
13 38 5.990 1.576
13 39 5.356 0.113
13 40 3.234 1.321
13 41 5.359 0.950
13 42 7.924 0.077
13 43 4.203 0.950
13 44 5.191 1.287
13 45 7.790 0.550
13 46 0.115 1.569
13 47 2.113 0.832
13 48 2.897 0.822
13 49 3.376 1.530
14 15 3.119 0.764
14 16 5.098 1.123
14 17 1.243 1.400
14 18 0.026 0.955
14 19 5.041 1.147
14 20 0.055 1.289
14 21 4.335 1.404
14 22 5.343 1.518
14 23 3.616 0.767
14 24 3.765 1.495
14 25 3.806 1.615
14 26 1.117 0.713
14 27 1.382 1.309
14 28 5.777 0.592
14 29 2.422 0.728
14 30 1.006 1.135
14 31 3.154 1.470
14 32 1.875 1.166
14 33 9.377 0.049
14 34 2.352 0.899
14 35 4.158 0.705
14 36 3.379 1.175
14 37 4.376 0.125
14 38 5.073 1.686
14 39 2.378 1.460
14 40 5.129 1.466
14 41 4.822 0.972
14 42 3.220 0.848
14 43 5.787 1.225
14 44 5.422 0.929
14 45 2.852 1.439
14 46 1.549 0.819
14 47 8.611 0.508
14 48 2.283 1.621
14 49 4.941 0.999
15 16 1.980 1.480
15 17 1.807 1.303
15 18 2.756 1.523
15 19 0.819 1.662
15 20 5.668 0.230
15 21 0.716 1.288
15 22 0.769 1.189
15 23 9.650 0.272
15 24 4.740 1.436
15 25 7.168 0.017
15 26 4.005 1.062
15 27 7.961 0.313
15 28 0.189 0.977
15 29 1.565 1.148
15 30 5.818 0.816
15 31 2.652 1.532
15 32 0.226 1.653
15 33 0.271 1.655
15 34 3.812 1.395
15 35 3.977 1.564
15 36 6.442 0.133
15 37 0.687 1.234
15 38 1.887 1.423
15 39 4.910 1.340
15 40 4.247 1.510
15 41 4.321 1.163
15 42 2.984 0.741
15 43 2.136 1.013
15 44 3.093 1.177
15 45 1.138 1.154
15 46 5.212 1.596
15 47 2.353 1.283
15 48 5.014 0.493
15 49 8.953 0.050
16 17 1.339 1.032
16 18 9.194 0.003
16 19 2.880 1.689
16 20 4.872 1.177
16 21 1.820 1.270
16 22 2.463 0.760
16 23 4.674 0.973
16 24 5.106 1.678
16 25 4.425 1.692
16 26 3.820 1.645
16 27 1.855 0.985
16 28 3.700 1.179
16 29 5.361 1.411
16 30 4.415 1.284
16 31 4.430 1.104
16 32 6.274 0.131
16 33 3.572 0.945
16 34 0.767 1.403
16 35 4.546 0.289
16 36 2.499 1.001
16 37 4.536 0.856
16 38 5.258 0.125
16 39 4.633 1.621
16 40 7.701 0.202
16 41 7.895 0.071
16 42 1.012 1.092
16 43 4.189 1.665
16 44 3.343 1.432
16 45 3.123 1.330
16 46 0.247 0.829
16 47 5.317 0.718
16 48 5.024 0.976
16 49 5.210 0.961
17 18 5.812 1.662
17 19 7.997 0.126
17 20 4.587 0.922
17 21 0.099 1.463
17 22 5.857 0.064
17 23 4.670 1.281
17 24 2.612 1.528
17 25 4.207 0.846
17 26 8.310 0.102
17 27 4.621 1.433
17 28 5.206 1.245
17 29 7.128 0.325
17 30 9.168 0.289
17 31 5.600 1.633
17 32 0.350 1.490
17 33 4.832 1.160
17 34 9.944 0.254
17 35 4.538 1.331
17 36 0.150 1.641
17 37 2.390 1.614
17 38 3.891 0.821
17 39 2.355 0.949
17 40 3.380 1.117
17 41 0.628 1.069
17 42 1.990 1.419
17 43 5.811 0.331
17 44 7.212 0.509
17 45 1.794 1.086
17 46 6.522 0.533
17 47 1.421 0.979
17 48 4.756 0.871
17 49 1.637 1.226
18 19 4.412 0.958
18 20 1.668 1.586
18 21 4.858 0.929
18 22 0.189 0.740
18 23 5.685 1.304
18 24 5.252 1.099
18 25 0.803 1.621
18 26 1.646 1.394
18 27 4.404 1.503
18 28 1.635 1.140
18 29 5.467 1.552
18 30 4.716 1.572
18 31 0.687 1.430
18 32 7.377 0.163
18 33 1.322 1.657
18 34 0.764 1.261
18 35 9.944 0.218
18 36 0.013 1.063
18 37 1.361 0.819
18 38 8.233 0.064
18 39 4.630 1.274
18 40 4.286 0.386
18 41 4.533 0.198
18 42 1.656 0.759
18 43 3.524 1.081
18 44 4.996 0.845
18 45 5.867 1.141
18 46 2.363 1.154
18 47 5.554 0.868
18 48 2.900 1.101
18 49 1.686 1.083
19 20 4.676 0.722
19 21 1.539 1.255
19 22 5.484 0.127
19 23 0.701 1.435
19 24 1.579 0.783
19 25 3.666 1.002
19 26 4.822 0.400
19 27 5.341 1.272
19 28 3.332 1.525
19 29 8.429 0.307
19 30 5.453 0.324
19 31 3.120 0.779
19 32 2.117 1.263
19 33 0.173 1.316
19 34 7.963 0.117
19 35 1.898 0.913
19 36 5.626 1.088
19 37 3.161 1.429
19 38 2.864 1.113
19 39 1.320 0.895
19 40 2.160 1.348
19 41 0.373 1.469
19 42 3.142 1.586
19 43 4.122 0.247
19 44 4.541 0.225
19 45 3.044 1.325
19 46 7.850 0.362
19 47 1.673 1.465
19 48 2.069 1.329
19 49 4.290 1.650
20 21 5.375 1.162
20 22 1.351 1.535
20 23 6.407 0.586
20 24 1.377 1.151
20 25 7.316 0.596
20 26 2.449 1.089
20 27 5.148 0.143
20 28 2.235 1.613
20 29 1.404 1.034
20 30 5.338 1.677
20 31 5.115 1.404
20 32 5.892 0.755
20 33 0.439 1.162
20 34 2.872 1.540
20 35 5.421 0.856
20 36 8.345 0.574
20 37 0.894 1.158
20 38 1.398 0.745
20 39 0.668 1.501
20 40 5.919 0.839
20 41 2.472 1.306
20 42 4.135 1.199
20 43 3.985 1.638
20 44 0.165 0.862
20 45 2.445 1.283
20 46 2.069 1.628
20 47 3.435 0.874
20 48 9.041 0.554
20 49 5.911 0.566
21 22 0.116 0.915
21 23 0.650 1.387
21 24 4.240 0.104
21 25 5.534 1.212
21 26 1.642 1.377
21 27 5.294 0.822
21 28 4.102 1.244
21 29 0.867 1.679
21 30 0.795 0.720
21 31 5.416 0.170
21 32 1.190 1.452
21 33 5.456 1.103
21 34 2.329 1.695
21 35 1.700 1.229
21 36 3.362 1.223
21 37 2.537 1.517
21 38 1.648 1.619
21 39 7.038 0.083
21 40 4.603 0.986
21 41 3.444 1.402
21 42 9.229 0.146
21 43 1.230 1.401
21 44 4.919 1.082
21 45 4.134 0.049
21 46 1.509 1.496
21 47 5.265 1.386
21 48 2.144 1.386
21 49 4.919 1.424
22 23 1.674 1.379
22 24 1.801 1.175
22 25 5.212 1.405
22 26 9.375 0.561
22 27 4.646 1.554
22 28 0.560 1.688
22 29 9.355 0.509
22 30 5.026 0.069
22 31 3.515 1.311
22 32 3.275 1.231
22 33 4.526 1.257
22 34 9.063 0.215
22 35 3.302 1.622
22 36 2.137 1.349
22 37 5.026 0.995
22 38 2.296 0.907
22 39 4.001 1.263
22 40 4.503 1.289
22 41 5.394 1.156
22 42 2.620 1.431
22 43 5.274 0.154
22 44 6.607 0.192
22 45 2.416 1.674
22 46 6.282 0.278
22 47 0.084 1.190
22 48 3.740 0.838
22 49 3.736 1.192
23 24 0.934 1.047
23 25 9.599 0.445
23 26 4.876 1.061
23 27 9.035 0.592
23 28 1.752 1.295
23 29 3.826 1.063
23 30 0.175 1.346
23 31 0.173 1.430
23 32 0.466 1.522
23 33 2.319 1.610
23 34 2.735 1.545
23 35 1.445 1.496
23 36 7.259 0.403
23 37 2.156 0.760
23 38 4.311 1.512
23 39 5.139 1.338
23 40 4.941 0.865
23 41 2.559 1.038
23 42 0.667 0.857
23 43 2.265 1.176
23 44 3.356 1.264
23 45 2.793 0.709
23 46 2.972 1.320
23 47 5.513 1.476
23 48 9.393 0.053
23 49 7.868 0.347
24 25 5.058 1.220
24 26 3.895 1.131
24 27 5.461 0.798
24 28 0.202 1.415
24 29 5.853 0.771
24 30 3.701 1.565
24 31 6.697 0.502
24 32 2.366 1.402
24 33 4.447 1.147
24 34 2.988 1.367
24 35 1.872 1.426
24 36 1.921 1.321
24 37 0.308 1.134
24 38 2.853 1.336
24 39 6.578 0.505
24 40 5.515 1.594
24 41 2.165 1.292
24 42 8.435 0.575
24 43 0.481 1.106
24 44 4.968 1.446
24 45 9.681 0.582
24 46 1.619 1.591
24 47 2.987 1.252
24 48 5.806 1.457
24 49 3.340 1.035
25 26 1.945 0.902
25 27 5.120 0.220
25 28 5.780 0.854
25 29 4.846 1.335
25 30 2.008 1.303
25 31 2.190 1.337
25 32 5.097 0.956
25 33 2.626 1.295
25 34 0.941 1.101
25 35 3.244 0.793
25 36 6.389 0.235
25 37 2.429 1.211
25 38 1.412 1.343
25 39 1.354 1.189
25 40 5.054 1.550
25 41 4.853 0.740
25 42 3.974 0.837
25 43 1.986 0.815
25 44 5.551 1.108
25 45 4.224 1.353
25 46 2.585 1.094
25 47 5.795 0.875
25 48 6.077 0.353
25 49 9.160 0.176
26 27 0.231 1.401
26 28 0.258 1.606
26 29 6.569 0.528
26 30 6.841 0.520
26 31 3.708 1.469
26 32 2.680 1.046
26 33 3.394 1.631
26 34 7.851 0.047
26 35 3.171 0.855
26 36 5.134 1.368
26 37 3.587 0.951
26 38 4.889 1.209
26 39 0.232 1.131
26 40 0.064 1.324
26 41 3.363 1.384
26 42 4.719 1.064
26 43 6.080 0.455
26 44 5.188 0.577
26 45 4.119 0.834
26 46 5.990 0.161
26 47 1.507 0.907
26 48 5.726 0.797
26 49 2.850 1.381
27 28 5.855 0.797
27 29 5.078 1.160
27 30 5.422 1.232
27 31 4.465 1.312
27 32 1.438 0.852
27 33 3.842 0.971
27 34 3.402 1.313
27 35 0.333 0.821
27 36 9.164 0.508
27 37 0.857 1.397
27 38 1.980 1.604
27 39 4.728 1.034
27 40 5.159 1.457
27 41 1.955 0.922
27 42 1.214 0.712
27 43 4.084 1.555
27 44 3.791 1.309
27 45 1.119 1.642
27 46 2.655 0.807
27 47 5.287 1.016
27 48 8.953 0.178
27 49 5.715 0.014
28 29 1.290 0.884
28 30 2.397 1.191
28 31 0.469 1.406
28 32 3.341 0.842
28 33 4.188 0.171
28 34 1.649 1.105
28 35 3.231 0.760
28 36 0.364 1.399
28 37 8.195 0.002
28 38 3.930 0.772
28 39 1.351 1.062
28 40 3.530 0.812
28 41 1.282 1.281
28 42 1.399 0.974
28 43 1.019 1.162
28 44 0.952 0.812
28 45 3.828 1.395
28 46 5.162 0.760
28 47 5.165 0.153
28 48 5.112 1.237
28 49 3.435 0.940
29 30 8.943 0.462
29 31 2.646 1.105
29 32 3.055 1.504
29 33 1.606 0.876
29 34 7.794 0.288
29 35 5.388 1.008
29 36 5.393 1.523
29 37 3.450 1.688
29 38 0.160 1.152
29 39 3.941 1.587
29 40 3.789 0.882
29 41 4.397 1.528
29 42 5.938 1.583
29 43 9.753 0.505
29 44 5.383 0.382
29 45 4.124 1.076
29 46 8.913 0.073
29 47 3.762 1.272
29 48 5.218 1.432
29 49 1.563 0.725
30 31 3.149 1.515
30 32 5.505 1.264
30 33 4.618 1.203
30 34 7.887 0.365
30 35 1.333 1.691
30 36 1.259 1.168
30 37 5.845 1.081
30 38 4.255 0.844
30 39 4.004 1.414
30 40 2.206 1.330
30 41 2.647 1.479
30 42 3.918 1.336
30 43 5.370 0.364
30 44 6.706 0.296
30 45 1.883 0.878
30 46 6.048 0.262
30 47 2.589 0.983
30 48 4.251 1.590
30 49 2.486 1.594
31 32 2.804 1.152
31 33 4.148 0.799
31 34 3.011 1.070
31 35 5.439 1.440
31 36 1.369 1.498
31 37 5.612 0.733
31 38 5.847 0.781
31 39 9.197 0.402
31 40 4.633 0.974
31 41 2.213 1.460
31 42 8.508 0.338
31 43 3.784 0.765
31 44 4.488 0.776
31 45 8.531 0.309
31 46 5.829 0.937
31 47 3.972 1.549
31 48 3.293 1.396
31 49 0.404 0.946
32 33 1.798 0.931
32 34 1.082 1.145
32 35 9.613 0.572
32 36 5.596 1.437
32 37 0.678 1.277
32 38 5.483 0.065
32 39 4.380 1.638
32 40 5.427 0.157
32 41 5.156 0.544
32 42 3.671 1.012
32 43 3.208 0.810
32 44 5.667 0.893
32 45 2.238 1.506
32 46 3.373 1.102
32 47 2.926 1.132
32 48 0.555 0.967
32 49 3.051 1.347
33 34 3.785 0.775
33 35 5.072 1.283
33 36 0.055 1.306
33 37 4.637 0.488
33 38 1.450 1.181
33 39 0.708 1.419
33 40 2.271 1.145
33 41 0.571 1.423
33 42 4.801 0.978
33 43 2.492 1.381
33 44 1.121 1.518
33 45 2.364 1.590
33 46 2.163 1.646
33 47 4.625 0.350
33 48 3.550 1.085
33 49 2.668 1.145
34 35 4.944 1.416
34 36 1.974 1.339
34 37 2.437 1.493
34 38 2.167 0.985
34 39 5.896 1.107
34 40 0.701 1.471
34 41 4.441 0.986
34 42 2.139 0.964
34 43 9.300 0.488
34 44 4.295 0.501
34 45 5.361 1.479
34 46 7.224 0.452
34 47 3.810 0.891
34 48 4.674 1.410
34 49 1.571 1.306
35 36 2.287 1.359
35 37 0.894 1.152
35 38 8.446 0.355
35 39 4.934 0.944
35 40 7.158 0.323
35 41 4.828 0.151
35 42 5.213 1.176
35 43 3.590 1.338
35 44 2.112 1.012
35 45 0.920 0.936
35 46 1.486 1.223
35 47 0.824 1.117
35 48 3.153 0.916
35 49 5.393 0.850
36 37 5.152 1.360
36 38 1.746 1.188
36 39 3.472 0.754
36 40 4.951 1.344
36 41 2.974 0.809
36 42 1.706 0.729
36 43 5.045 1.215
36 44 0.396 1.392
36 45 4.551 1.545
36 46 2.298 1.290
36 47 4.289 0.795
36 48 6.172 0.116
36 49 9.308 0.399
37 38 5.272 1.317
37 39 5.226 1.291
37 40 4.141 0.997
37 41 5.996 1.395
37 42 5.023 1.143
37 43 3.171 1.694
37 44 0.535 0.992
37 45 2.401 1.633
37 46 1.927 0.806
37 47 5.942 0.460
37 48 4.363 1.090
37 49 5.429 1.316
38 39 0.603 0.810
38 40 6.511 0.064
38 41 9.934 0.289
38 42 2.401 0.704
38 43 0.713 1.239
38 44 2.967 1.640
38 45 3.317 1.568
38 46 1.860 0.862
38 47 5.420 1.226
38 48 1.950 1.655
38 49 4.070 1.610
39 40 2.488 1.121
39 41 2.305 1.407
39 42 4.213 0.065
39 43 4.467 1.521
39 44 4.013 0.841
39 45 8.845 0.275
39 46 4.134 1.370
39 47 1.542 1.142
39 48 1.339 1.092
39 49 0.457 1.163
40 41 6.685 0.182
40 42 4.020 1.309
40 43 5.540 1.522
40 44 2.712 0.990
40 45 3.776 1.355
40 46 0.133 1.200
40 47 0.357 1.687
40 48 0.448 1.229
40 49 5.713 0.920
41 42 5.637 1.378
41 43 0.472 1.063
41 44 2.728 1.435
41 45 1.043 0.975
41 46 3.819 1.040
41 47 3.065 1.168
41 48 5.803 1.301
41 49 1.000 1.011
42 43 0.218 1.459
42 44 5.879 1.525
42 45 6.285 0.277
42 46 4.153 1.634
42 47 1.973 0.714
42 48 3.106 1.110
42 49 2.710 0.929
43 44 6.307 0.388
43 45 1.560 1.150
43 46 8.314 0.481
43 47 5.054 1.072
43 48 5.676 1.304
43 49 2.870 1.589
44 45 4.742 0.742
44 46 9.977 0.221
44 47 3.652 1.174
44 48 5.603 1.236
44 49 5.597 0.896
45 46 5.708 1.456
45 47 3.125 0.770
45 48 5.852 1.177
45 49 0.043 1.205
46 47 0.059 1.075
46 48 1.890 0.817
46 49 3.655 1.146
47 48 3.786 0.799
47 49 2.328 0.754
48 49 4.451 0.391