50
90
0 1 7.812 1.39
0 2 5.029 1.527
0 3 9.162 1.456
0 4 1.76 1.074
0 5 8.829 1.479
0 6 9.156 1.665
0 7 6.137 1.119
0 8 5.731 1.465
0 9 8.903 1.678
0 10 3.71 1.637
0 11 2.857 1.335
0 12 1.114 1.719
0 13 2.997 1.26
0 14 9.147 1.142
0 15 2.712 1.778
0 16 4.162 1.602
0 17 1.179 1.26
0 18 8.88 1.227
0 19 2.969 1.893
0 20 7.049 1.57
0 21 9.652 1.525
0 22 3.673 1.527
0 23 7.28 1.315
0 24 2.338 1.812
0 25 6.04 1.347
0 26 4.336 1.71
0 27 3.321 1.827
0 28 4.589 1.065
0 29 4.472 1.388
0 30 7.713 1.175
0 31 6.533 1.237
0 32 6.909 1.269
0 33 9.858 1.791
0 34 3.137 1.976
0 35 4.434 1.446
0 36 8.091 1.149
0 37 3.2 1.481
0 38 1.878 1.197
0 39 2.067 1.122
0 40 9.525 1.764
0 41 7.162 1.206
0 42 1.272 1.899
0 43 2.857 1.354
0 44 5.265 1.034
0 45 6.487 1.923
0 46 2.0 1.964
0 47 3.404 1.549
0 48 5.757 1.364
0 49 2.943 1.924
1 2 3.429 1.134
1 3 7.273 1.762
1 4 6.218 1.39
1 5 1.357 1.064
1 6 2.837 1.585
1 7 6.957 1.496
1 8 9.706 1.715
1 9 5.258 1.692
1 10 2.347 1.792
1 11 7.62 1.214
1 12 4.741 1.747
1 13 7.07 1.477
1 14 4.068 1.027
1 15 7.6 1.028
1 16 9.364 1.616
1 17 2.673 1.765
1 18 2.658 1.351
1 19 5.748 1.156
1 20 3.47 1.628
1 21 9.708 1.939
1 22 6.961 1.006
1 23 3.02 1.482
1 24 6.358 1.976
1 25 6.177 1.841
1 26 4.665 1.618
1 27 1.939 1.825
1 28 9.269 1.713
1 29 6.923 1.977
1 30 1.956 1.087
1 31 5.461 1.51
1 32 9.517 1.594
1 33 5.433 1.876
1 34 5.934 1.621
1 35 9.261 1.322
1 36 4.01 1.109
1 37 4.067 1.792
1 38 8.584 1.988
1 39 3.001 1.412
1 40 3.856 1.372
1 41 1.098 1.418
1 42 9.177 1.408
1 43 7.914 1.242
1 44 2.406 1.168
1 45 3.466 1.656
1 46 2.285 1.955
1 47 6.201 1.102
1 48 3.824 1.01
1 49 1.675 1.482
2 3 9.783 1.652
2 4 4.638 1.202
2 5 7.736 1.936
2 6 1.42 1.529
2 7 4.901 1.945
2 8 3.186 1.828
2 9 4.436 1.374
2 10 8.997 1.694
2 11 1.422 1.316
2 12 3.908 1.414
2 13 2.737 1.253
2 14 4.904 1.149
2 15 2.483 1.22
2 16 7.878 1.964
2 17 5.057 1.5
2 18 4.67 1.265
2 19 1.793 1.536
2 20 8.856 1.828
2 21 2.524 1.933
2 22 9.861 1.613
2 23 7.809 1.175
2 24 7.882 1.299
2 25 4.878 1.878
2 26 3.992 1.121
2 27 6.99 1.424
2 28 2.26 1.409
2 29 4.869 1.061
2 30 2.187 1.067
2 31 1.252 1.731
2 32 5.538 1.355
2 33 8.466 1.737
2 34 7.163 1.017
2 35 1.155 1.459
2 36 5.205 1.744
2 37 3.471 1.874
2 38 2.395 1.889
2 39 1.122 1.692
2 40 1.59 1.969
2 41 4.524 1.528
2 42 4.896 1.384
2 43 7.358 1.856
2 44 5.607 1.889
2 45 8.93 1.901
2 46 5.149 1.774
2 47 3.28 1.858
2 48 7.741 1.581
2 49 1.153 1.216
3 4 7.278 1.861
3 5 7.62 1.537
3 6 2.137 1.94
3 7 6.376 1.511
3 8 2.495 1.955
3 9 1.028 1.47
3 10 1.628 1.867
3 11 9.74 1.282
3 12 3.258 1.56
3 13 5.271 1.226
3 14 2.415 1.223
3 15 8.481 1.458
3 16 6.069 1.375
3 17 2.682 1.898
3 18 1.872 1.163
3 19 5.385 1.878
3 20 6.918 1.59
3 21 1.827 1.38
3 22 8.919 1.428
3 23 8.152 1.787
3 24 9.701 1.055
3 25 3.48 1.152
3 26 9.81 1.806
3 27 6.783 1.772
3 28 1.512 1.553
3 29 7.518 1.309
3 30 8.716 1.993
3 31 2.016 1.99
3 32 6.045 1.63
3 33 1.873 1.785
3 34 1.721 1.518
3 35 4.965 1.503
3 36 3.031 1.27
3 37 1.159 1.677
3 38 6.067 1.246
3 39 4.862 1.459
3 40 6.895 1.658
3 41 4.931 1.033
3 42 6.072 1.503
3 43 2.605 1.595
3 44 3.213 1.24
3 45 7.594 1.345
3 46 9.13 1.309
3 47 5.069 1.835
3 48 1.207 1.771
3 49 4.494 1.251
4 5 4.47 1.757
4 6 6.326 1.572
4 7 3.831 1.553
4 8 7.615 1.316
4 9 9.393 1.8
4 10 7.757 1.573
4 11 6.472 1.956
4 12 8.27 1.639
4 13 4.834 1.127
4 14 5.637 1.014
4 15 7.929 1.345
4 16 4.27 1.573
4 17 7.552 1.762
4 18 3.78 1.546
4 19 6.808 1.46
4 20 5.068 1.517
4 21 4.179 1.106
4 22 6.362 1.657
4 23 9.299 1.273
4 24 5.115 1.227
4 25 5.237 1.38
4 26 5.805 1.841
4 27 8.22 1.759
4 28 4.77 1.304
4 29 1.993 1.929
4 30 1.978 1.869
4 31 3.041 1.709
4 32 6.138 1.177
4 33 4.587 1.251
4 34 2.529 1.304
4 35 7.652 1.218
4 36 6.381 1.233
4 37 5.114 1.404
4 38 5.328 1.644
4 39 2.651 1.288
4 40 3.878 1.268
4 41 7.179 1.848
4 42 2.89 1.121
4 43 8.891 1.596
4 44 5.782 1.482
4 45 6.998 1.66
4 46 1.524 1.127
4 47 2.109 1.934
4 48 7.834 1.592
4 49 7.248 1.404
5 6 7.659 1.978
5 7 5.795 1.94
5 8 7.614 1.485
5 9 2.614 1.397
5 10 6.11 1.381
5 11 1.314 1.198
5 12 7.416 1.623
5 13 1.563 1.16
5 14 1.386 1.733
5 15 1.741 1.435
5 16 3.737 1.261
5 17 8.255 1.104
5 18 8.138 1.44
5 19 9.642 1.99
5 20 4.904 1.379
5 21 6.467 1.918
5 22 1.7 1.778
5 23 9.751 1.901
5 24 5.402 1.615
5 25 8.831 1.318
5 26 9.94 1.084
5 27 1.659 1.707
5 28 7.81 1.601
5 29 9.19 1.451
5 30 5.656 1.207
5 31 7.189 1.889
5 32 3.364 1.703
5 33 6.029 1.196
5 34 7.417 1.838
5 35 4.595 1.548
5 36 1.967 1.445
5 37 7.077 1.131
5 38 5.664 1.325
5 39 3.214 1.458
5 40 6.511 1.441
5 41 8.326 1.343
5 42 2.324 1.102
5 43 5.063 1.851
5 44 7.689 1.382
5 45 5.725 1.8
5 46 4.388 1.321
5 47 7.382 1.047
5 48 2.96 1.842
5 49 5.445 1.103
6 7 6.849 1.538
6 8 3.997 1.704
6 9 2.892 1.743
6 10 2.395 1.069
6 11 7.917 1.709
6 12 8.735 1.377
6 13 2.824 1.188
6 14 7.813 1.858
6 15 4.858 1.38
6 16 8.663 1.903
6 17 5.236 1.213
6 18 9.291 1.598
6 19 6.35 1.178
6 20 3.63 1.673
6 21 2.54 1.083
6 22 8.4 1.327
6 23 8.31 1.015
6 24 3.066 1.753
6 25 7.877 1.036
6 26 7.179 1.859
6 27 6.547 1.825
6 28 5.544 1.636
6 29 8.824 1.032
6 30 3.067 1.653
6 31 4.875 1.461
6 32 9.77 1.003
6 33 7.959 1.757
6 34 6.848 1.93
6 35 3.365 1.891
6 36 1.768 1.448
6 37 7.671 1.25
6 38 2.315 1.671
6 39 7.654 1.558
6 40 3.965 1.007
6 41 5.899 1.293
6 42 9.703 1.84
6 43 6.433 1.832
6 44 6.918 1.321
6 45 2.128 1.284
6 46 4.283 1.333
6 47 6.526 1.72
6 48 1.78 1.195
6 49 5.498 1.291
7 8 7.245 1.778
7 9 8.924 1.693
7 10 6.204 1.861
7 11 5.094 1.985
7 12 6.611 1.963
7 13 4.426 1.493
7 14 8.637 1.499
7 15 2.038 1.635
7 16 7.888 1.037
7 17 5.006 1.185
7 18 7.611 1.834
7 19 3.416 1.861
7 20 6.514 1.911
7 21 7.613 1.02
7 22 2.248 1.459
7 23 1.72 1.785
7 24 8.399 1.265
7 25 5.867 1.718
7 26 3.8 1.329
7 27 3.338 1.8
7 28 6.663 1.631
7 29 8.025 1.69
7 30 9.212 1.671
7 31 6.145 1.963
7 32 5.522 1.301
7 33 4.629 1.562
7 34 6.938 1.142
7 35 8.686 1.156
7 36 5.107 1.728
7 37 5.603 1.897
7 38 8.985 1.485
7 39 4.128 1.793
7 40 6.379 1.755
7 41 9.473 1.175
7 42 9.798 1.148
7 43 6.258 1.437
7 44 4.325 1.889
7 45 3.861 1.517
7 46 3.897 1.505
7 47 8.307 1.231
7 48 1.966 1.606
7 49 3.844 1.973
8 9 2.591 1.906
8 10 5.193 1.677
8 11 3.198 1.803
8 12 2.657 1.103
8 13 7.97 1.353
8 14 7.98 1.605
8 15 8.637 1.669
8 16 4.717 1.392
8 17 8.416 1.125
8 18 1.988 1.336
8 19 8.649 1.183
8 20 9.909 1.67
8 21 6.304 1.962
8 22 9.689 1.191
8 23 7.531 1.416
8 24 1.655 1.942
8 25 1.838 1.142
8 26 7.737 1.181
8 27 2.826 1.147
8 28 1.571 1.246
8 29 3.679 1.306
8 30 2.665 1.333
8 31 9.485 1.745
8 32 1.547 1.312
8 33 9.297 1.764
8 34 8.843 1.185
8 35 4.306 1.964
8 36 9.327 1.199
8 37 9.114 1.682
8 38 1.901 1.17
8 39 2.859 1.878
8 40 1.002 1.142
8 41 4.341 1.035
8 42 6.584 1.271
8 43 4.787 1.658
8 44 5.163 1.517
8 45 3.874 1.392
8 46 1.404 1.103
8 47 3.135 1.137
8 48 7.098 1.325
8 49 7.875 1.012
9 10 6.127 1.842
9 11 9.548 1.826
9 12 3.514 1.554
9 13 1.419 1.75
9 14 1.611 1.203
9 15 9.923 1.957
9 16 6.031 1.758
9 17 1.978 1.246
9 18 8.106 1.093
9 19 2.565 1.654
9 20 4.449 1.124
9 21 5.249 1.256
9 22 6.185 1.974
9 23 9.72 1.087
9 24 2.012 1.452
9 25 3.641 1.033
9 26 6.14 1.326
9 27 4.78 1.688
9 28 9.52 1.101
9 29 7.107 1.807
9 30 2.168 1.233
9 31 3.878 1.653
9 32 8.461 1.934
9 33 9.799 1.411
9 34 3.944 1.53
9 35 5.011 1.685
9 36 2.32 1.637
9 37 1.249 1.852
9 38 1.424 1.051
9 39 3.428 1.785
9 40 7.607 1.499
9 41 8.126 1.189
9 42 7.558 1.029
9 43 1.939 1.765
9 44 1.142 1.608
9 45 4.769 1.863
9 46 9.927 1.462
9 47 8.119 1.844
9 48 3.242 1.396
9 49 9.743 1.62
10 11 2.646 1.757
10 12 1.754 1.297
10 13 1.327 1.7
10 14 1.955 1.681
10 15 7.993 1.956
10 16 1.772 1.558
10 17 5.069 1.87
10 18 3.582 1.168
10 19 8.235 1.831
10 20 3.796 1.175
10 21 5.567 1.468
10 22 7.856 1.414
10 23 5.687 1.574
10 24 8.138 1.992
10 25 3.583 1.934
10 26 1.304 1.357
10 27 3.058 1.417
10 28 7.81 1.375
10 29 6.419 1.487
10 30 3.71 1.796
10 31 7.309 1.491
10 32 4.879 1.242
10 33 5.605 1.452
10 34 3.47 1.805
10 35 7.442 1.88
10 36 3.437 1.719
10 37 7.077 1.042
10 38 7.936 1.693
10 39 5.248 1.49
10 40 5.721 1.647
10 41 5.907 1.676
10 42 2.509 1.269
10 43 6.73 1.557
10 44 3.961 1.073
10 45 9.936 1.816
10 46 2.246 1.971
10 47 5.15 1.506
10 48 1.282 1.451
10 49 7.952 1.402
11 12 7.043 1.019
11 13 1.042 1.797
11 14 6.284 1.712
11 15 3.376 1.406
11 16 5.257 1.724
11 17 2.782 1.448
11 18 5.769 1.876
11 19 7.071 1.143
11 20 6.556 1.253
11 21 5.282 1.156
11 22 4.267 1.736
11 23 4.195 1.13
11 24 5.442 1.18
11 25 1.046 1.769
11 26 7.349 1.027
11 27 4.457 1.45
11 28 5.924 1.938
11 29 9.459 1.171
11 30 6.376 1.188
11 31 9.223 1.0
11 32 8.518 1.528
11 33 8.352 1.956
11 34 7.783 1.192
11 35 5.079 1.008
11 36 1.376 1.581
11 37 1.1 1.048
11 38 1.718 1.761
11 39 8.175 1.891
11 40 7.98 1.262
11 41 9.96 1.53
11 42 3.124 1.105
11 43 6.304 1.774
11 44 2.551 1.534
11 45 6.287 1.778
11 46 3.353 1.501
11 47 4.922 1.752
11 48 6.946 1.004
11 49 3.375 1.924
12 13 2.255 1.966
12 14 7.187 1.073
12 15 6.144 1.697
12 16 8.273 1.232
12 17 3.852 1.93
12 18 4.871 1.183
12 19 9.263 1.628
12 20 6.015 1.308
12 21 8.48 1.305
12 22 1.23 1.303
12 23 4.285 1.751
12 24 7.717 1.187
12 25 2.097 1.993
12 26 8.202 1.69
12 27 2.575 1.252
12 28 3.071 1.383
12 29 7.889 1.749
12 30 5.504 1.817
12 31 1.105 1.248
12 32 6.94 1.375
12 33 6.3 1.03
12 34 2.758 1.589
12 35 5.941 1.906
12 36 7.562 1.627
12 37 7.913 1.712
12 38 3.12 1.384
12 39 2.834 1.093
12 40 9.714 1.433
12 41 9.011 1.632
12 42 7.052 1.61
12 43 2.512 1.205
12 44 4.979 1.857
12 45 7.808 1.624
12 46 2.697 1.78
12 47 6.173 1.915
12 48 9.041 1.927
12 49 7.168 1.447
13 14 2.426 1.15
13 15 1.253 1.315
13 16 9.58 1.916
13 17 2.179 1.315
13 18 1.03 1.14
13 19 2.984 1.711
13 20 3.462 1.489
13 21 1.14 1.013
13 22 7.804 1.741
13 23 8.933 1.05
13 24 9.401 1.654
13 25 5.755 1.319
13 26 6.889 1.667
13 27 1.612 1.991
13 28 2.936 1.356
13 29 7.555 1.42
13 30 6.87 1.37
13 31 4.97 1.387
13 32 9.642 1.548
13 33 1.769 1.784
13 34 8.444 1.588
13 35 6.499 1.306
13 36 6.078 1.024
13 37 2.024 1.765
13 38 7.549 1.501
13 39 6.049 1.394
13 40 6.867 1.197
13 41 2.519 1.432
13 42 6.26 1.141
13 43 3.232 1.194
13 44 8.992 1.552
13 45 5.441 1.339
13 46 5.381 1.451
13 47 3.932 1.003
13 48 3.614 1.374
13 49 9.841 1.36
14 15 7.457 1.616
14 16 9.887 1.63
14 17 8.369 1.386
14 18 2.162 1.952
14 19 9.273 1.51
14 20 1.424 1.053
14 21 6.732 1.262
14 22 3.957 1.086
14 23 3.36 1.869
14 24 5.013 1.118
14 25 8.848 1.012
14 26 2.047 1.355
14 27 7.886 1.061
14 28 2.161 1.364
14 29 5.772 1.969
14 30 6.97 1.792
14 31 9.879 1.109
14 32 5.797 1.678
14 33 5.294 1.957
14 34 1.416 1.951
14 35 9.356 1.454
14 36 7.852 1.65
14 37 2.509 1.159
14 38 2.58 1.348
14 39 7.094 1.335
14 40 6.88 1.811
14 41 8.089 1.161
14 42 8.241 1.53
14 43 3.556 1.418
14 44 8.706 1.218
14 45 5.977 1.888
14 46 7.812 1.543
14 47 6.997 1.157
14 48 3.113 1.128
14 49 9.905 1.97
15 16 7.889 1.654
15 17 2.883 1.786
15 18 4.937 1.496
15 19 2.729 1.817
15 20 7.335 1.481
15 21 3.446 1.081
15 22 2.79 1.001
15 23 3.705 1.958
15 24 2.519 1.741
15 25 7.078 1.34
15 26 1.109 1.681
15 27 6.587 1.846
15 28 7.633 1.011
15 29 5.751 1.044
15 30 8.14 1.922
15 31 2.246 1.747
15 32 9.588 1.812
15 33 3.897 1.204
15 34 3.194 1.399
15 35 5.283 1.91
15 36 3.049 1.977
15 37 9.456 1.693
15 38 9.866 1.261
15 39 7.683 1.217
15 40 6.554 1.012
15 41 7.454 1.856
15 42 3.272 1.371
15 43 3.091 1.683
15 44 3.077 1.308
15 45 7.343 1.206
15 46 1.196 1.517
15 47 1.924 1.858
15 48 5.845 1.465
15 49 6.09 1.5
16 17 1.187 1.382
16 18 4.933 1.99
16 19 8.691 1.573
16 20 2.434 1.453
16 21 2.289 1.891
16 22 6.733 1.941
16 23 7.485 1.666
16 24 8.818 1.106
16 25 5.678 1.336
16 26 3.796 1.055
16 27 5.77 1.619
16 28 3.52 1.932
16 29 2.531 1.162
16 30 5.388 1.525
16 31 8.258 1.565
16 32 7.134 1.794
16 33 9.313 1.568
16 34 3.735 1.404
16 35 2.438 1.772
16 36 7.011 1.936
16 37 1.183 1.785
16 38 4.69 1.432
16 39 6.911 1.19
16 40 7.356 1.692
16 41 2.636 1.059
16 42 2.996 1.119
16 43 8.405 1.352
16 44 9.086 1.226
16 45 1.076 1.795
16 46 7.368 1.823
16 47 4.361 1.291
16 48 2.405 1.827
16 49 8.215 1.432
17 18 4.159 1.478
17 19 8.689 1.876
17 20 4.265 1.166
17 21 8.678 1.329
17 22 5.201 1.481
17 23 8.44 1.443
17 24 5.861 1.532
17 25 8.355 1.567
17 26 9.105 1.597
17 27 7.059 1.623
17 28 4.391 1.801
17 29 9.309 1.661
17 30 8.683 1.119
17 31 7.069 1.05
17 32 1.262 1.369
17 33 2.295 1.554
17 34 8.785 1.923
17 35 2.151 1.58
17 36 7.423 1.854
17 37 8.02 1.95
17 38 4.412 1.259
17 39 5.291 1.149
17 40 6.875 1.877
17 41 6.356 1.077
17 42 9.188 1.689
17 43 4.915 1.269
17 44 6.193 1.27
17 45 5.435 1.148
17 46 2.387 1.126
17 47 3.1 1.459
17 48 2.417 1.79
17 49 9.969 1.808
18 19 1.785 1.353
18 20 7.672 1.141
18 21 9.717 1.317
18 22 8.6 1.207
18 23 9.971 1.89
18 24 8.201 1.479
18 25 4.245 1.105
18 26 4.429 1.276
18 27 2.43 1.598
18 28 9.834 1.395
18 29 8.135 1.559
18 30 1.689 1.653
18 31 3.401 1.74
18 32 7.581 1.066
18 33 5.493 1.299
18 34 9.64 1.122
18 35 3.679 1.054
18 36 9.926 1.854
18 37 3.124 1.387
18 38 6.248 1.831
18 39 7.571 1.411
18 40 3.621 1.893
18 41 2.395 1.572
18 42 2.381 1.269
18 43 8.424 1.327
18 44 7.719 1.959
18 45 2.585 1.734
18 46 6.044 1.549
18 47 3.949 1.286
18 48 5.072 1.505
18 49 6.979 1.628
19 20 8.63 1.446
19 21 4.534 1.722
19 22 6.452 1.206
19 23 2.919 1.802
19 24 8.424 1.06
19 25 4.9 1.985
19 26 9.433 1.158
19 27 7.738 1.179
19 28 2.667 1.856
19 29 2.892 1.64
19 30 9.921 1.162
19 31 7.936 1.034
19 32 2.205 1.837
19 33 5.562 1.868
19 34 3.423 1.027
19 35 1.072 1.833
19 36 7.6 1.009
19 37 9.816 1.751
19 38 9.301 1.236
19 39 6.673 1.947
19 40 9.631 1.841
19 41 7.198 1.831
19 42 7.663 1.356
19 43 5.528 1.046
19 44 3.933 1.052
19 45 8.393 1.897
19 46 3.757 1.777
19 47 9.769 1.993
19 48 9.16 1.01
19 49 5.203 1.818
20 21 6.945 1.996
20 22 1.088 1.299
20 23 6.364 1.232
20 24 3.713 1.942
20 25 1.787 1.893
20 26 4.05 1.58
20 27 1.551 1.35
20 28 8.204 1.105
20 29 3.324 1.728
20 30 8.329 1.384
20 31 8.942 1.918
20 32 6.668 1.009
20 33 5.148 1.088
20 34 4.189 1.966
20 35 8.642 1.768
20 36 1.759 1.694
20 37 6.029 1.471
20 38 1.911 1.3
20 39 6.12 1.626
20 40 5.928 1.469
20 41 9.651 1.207
20 42 1.27 1.381
20 43 7.956 1.448
20 44 3.822 1.296
20 45 3.985 1.439
20 46 4.142 1.391
20 47 2.191 1.606
20 48 6.331 1.683
20 49 9.897 1.641
21 22 9.484 1.307
21 23 9.296 1.565
21 24 5.013 1.962
21 25 6.209 1.66
21 26 2.766 1.582
21 27 7.457 1.934
21 28 5.594 1.72
21 29 6.407 1.15
21 30 5.006 1.083
21 31 5.675 1.055
21 32 5.165 1.189
21 33 9.278 1.076
21 34 9.316 1.726
21 35 3.078 1.226
21 36 2.413 1.981
21 37 5.929 1.384
21 38 2.203 1.357
21 39 8.925 1.737
21 40 7.368 1.327
21 41 3.347 1.43
21 42 8.563 1.513
21 43 4.829 1.273
21 44 2.024 1.087
21 45 8.451 1.501
21 46 4.213 1.401
21 47 6.002 1.502
21 48 2.854 1.196
21 49 5.414 1.613
22 23 7.591 1.023
22 24 2.419 1.958
22 25 3.645 1.173
22 26 3.946 1.797
22 27 5.071 1.458
22 28 9.825 1.969
22 29 7.216 1.352
22 30 1.097 1.19
22 31 9.17 1.193
22 32 2.797 1.339
22 33 1.288 1.668
22 34 7.839 1.468
22 35 8.086 1.586
22 36 4.102 1.736
22 37 6.948 1.372
22 38 3.639 1.86
22 39 7.372 1.831
22 40 9.725 1.333
22 41 5.028 1.769
22 42 5.502 1.21
22 43 2.601 1.26
22 44 8.461 1.259
22 45 6.114 1.737
22 46 6.635 1.265
22 47 9.515 1.836
22 48 6.438 1.483
22 49 7.256 1.778
23 24 8.825 1.808
23 25 4.114 1.665
23 26 4.924 1.194
23 27 1.665 1.168
23 28 1.111 1.294
23 29 9.301 1.837
23 30 1.351 1.923
23 31 8.151 1.231
23 32 5.998 1.872
23 33 1.484 1.629
23 34 3.246 1.875
23 35 2.816 1.748
23 36 4.87 1.983
23 37 9.755 1.833
23 38 9.11 1.876
23 39 3.762 1.951
23 40 6.808 1.166
23 41 8.789 1.662
23 42 1.961 1.287
23 43 9.01 1.977
23 44 9.427 1.105
23 45 2.314 1.155
23 46 5.844 1.22
23 47 4.013 1.617
23 48 1.285 1.098
23 49 7.394 1.948
24 25 2.098 1.295
24 26 2.531 1.649
24 27 1.863 1.201
24 28 5.305 1.777
24 29 8.821 1.087
24 30 8.936 1.565
24 31 7.181 1.593
24 32 9.37 1.868
24 33 9.282 1.045
24 34 8.97 1.059
24 35 7.535 1.681
24 36 9.272 1.084
24 37 5.672 1.097
24 38 8.197 1.8
24 39 3.69 1.667
24 40 7.797 1.687
24 41 3.736 1.16
24 42 7.28 1.67
24 43 3.96 1.995
24 44 1.978 1.966
24 45 1.966 1.303
24 46 5.851 1.666
24 47 4.368 1.401
24 48 2.037 1.367
24 49 5.79 1.4
25 26 4.966 1.553
25 27 6.31 1.292
25 28 2.733 1.886
25 29 1.354 1.231
25 30 5.487 1.443
25 31 9.822 1.375
25 32 1.574 1.448
25 33 3.146 1.034
25 34 1.951 1.084
25 35 2.073 1.968
25 36 9.019 1.682
25 37 1.133 1.5
25 38 8.092 1.533
25 39 6.173 1.719
25 40 9.891 1.651
25 41 2.047 1.942
25 42 3.739 1.701
25 43 9.22 1.02
25 44 9.076 1.749
25 45 8.214 1.554
25 46 2.927 1.642
25 47 6.056 1.566
25 48 3.42 1.189
25 49 1.993 1.176
26 27 1.859 1.352
26 28 7.621 1.048
26 29 5.375 1.795
26 30 7.867 1.195
26 31 4.483 1.714
26 32 9.503 1.831
26 33 6.19 1.311
26 34 5.54 1.986
26 35 3.245 1.03
26 36 8.401 1.803
26 37 6.963 1.066
26 38 3.776 1.343
26 39 9.749 1.621
26 40 4.049 1.483
26 41 2.025 1.265
26 42 5.025 1.692
26 43 2.594 1.586
26 44 8.021 1.418
26 45 1.829 1.606
26 46 1.254 1.86
26 47 8.728 1.281
26 48 9.951 1.967
26 49 6.076 1.622
27 28 1.401 1.465
27 29 4.748 1.761
27 30 4.896 1.004
27 31 1.071 1.742
27 32 6.171 1.612
27 33 4.81 1.321
27 34 3.094 1.657
27 35 6.067 1.611
27 36 6.151 1.751
27 37 3.124 1.612
27 38 2.746 1.952
27 39 2.854 1.58
27 40 9.765 1.472
27 41 8.207 1.939
27 42 5.75 1.311
27 43 5.111 1.473
27 44 5.307 1.334
27 45 8.373 1.029
27 46 8.94 1.264
27 47 5.72 1.857
27 48 9.382 1.547
27 49 7.151 1.287
28 29 3.518 1.386
28 30 9.872 1.134
28 31 1.704 1.683
28 32 2.433 1.316
28 33 3.471 1.402
28 34 9.698 1.477
28 35 9.382 1.338
28 36 7.458 1.465
28 37 7.877 1.27
28 38 6.136 1.076
28 39 8.257 1.888
28 40 4.69 1.038
28 41 2.407 1.702
28 42 9.194 1.402
28 43 6.575 1.016
28 44 8.632 1.699
28 45 6.392 1.743
28 46 8.126 1.37
28 47 9.587 1.397
28 48 3.838 1.027
28 49 3.356 1.166
29 30 5.373 1.889
29 31 9.558 1.352
29 32 9.078 1.23
29 33 7.508 1.662
29 34 3.107 1.013
29 35 8.231 1.751
29 36 4.221 1.033
29 37 4.135 1.11
29 38 7.644 1.162
29 39 6.095 1.143
29 40 7.87 1.534
29 41 4.932 1.304
29 42 2.106 1.629
29 43 4.9 1.367
29 44 9.774 1.613
29 45 4.68 1.076
29 46 2.3 1.219
29 47 2.194 1.051
29 48 2.709 1.367
29 49 3.151 1.811
30 31 9.595 1.906
30 32 7.039 1.971
30 33 2.836 1.596
30 34 8.414 1.855
30 35 2.804 1.642
30 36 6.234 1.775
30 37 2.856 1.03
30 38 6.922 1.445
30 39 6.215 1.502
30 40 7.74 1.014
30 41 5.053 1.246
30 42 9.423 1.044
30 43 2.474 1.608
30 44 8.986 1.675
30 45 4.516 1.166
30 46 9.51 1.545
30 47 7.337 1.417
30 48 1.36 1.113
30 49 8.013 1.916
31 32 8.69 1.772
31 33 6.808 1.512
31 34 3.317 1.531
31 35 6.441 1.728
31 36 9.609 1.807
31 37 3.955 1.441
31 38 3.362 1.03
31 39 8.233 1.135
31 40 2.913 1.463
31 41 2.744 1.842
31 42 1.775 1.396
31 43 6.829 1.729
31 44 2.025 1.573
31 45 8.273 1.518
31 46 8.677 1.448
31 47 4.971 1.214
31 48 5.079 1.596
31 49 4.741 1.809
32 33 2.067 1.38
32 34 1.458 1.774
32 35 5.89 1.448
32 36 9.39 1.193
32 37 9.458 1.875
32 38 9.428 1.178
32 39 3.544 1.004
32 40 6.962 1.395
32 41 6.062 1.062
32 42 8.316 1.744
32 43 3.311 1.187
32 44 9.584 1.476
32 45 7.796 1.608
32 46 7.198 1.524
32 47 5.43 1.043
32 48 6.527 1.611
32 49 4.158 1.233
33 34 7.243 1.804
33 35 8.157 1.203
33 36 9.545 1.603
33 37 9.469 1.604
33 38 6.491 1.596
33 39 6.387 1.942
33 40 6.636 1.184
33 41 5.242 1.595
33 42 1.533 1.113
33 43 8.758 1.259
33 44 1.083 1.579
33 45 6.65 1.757
33 46 4.103 1.724
33 47 6.121 1.7
33 48 6.267 1.469
33 49 7.033 1.674
34 35 8.76 1.944
34 36 1.682 1.838
34 37 3.94 1.803
34 38 1.075 1.493
34 39 4.941 1.78
34 40 7.38 1.652
34 41 2.207 1.031
34 42 6.802 1.749
34 43 9.909 1.868
34 44 8.018 1.792
34 45 9.514 1.442
34 46 2.765 1.306
34 47 6.692 1.201
34 48 2.5 1.776
34 49 7.476 2.0
35 36 6.22 1.428
35 37 6.393 1.509
35 38 8.116 1.671
35 39 5.96 1.946
35 40 1.009 1.846
35 41 5.39 1.977
35 42 5.268 1.298
35 43 7.074 1.963
35 44 9.98 1.196
35 45 9.034 1.992
35 46 7.816 1.024
35 47 4.997 1.103
35 48 8.318 1.295
35 49 1.619 1.64
36 37 4.262 1.232
36 38 4.153 1.072
36 39 4.508 1.569
36 40 3.598 1.193
36 41 8.606 1.35
36 42 6.179 1.496
36 43 4.675 1.967
36 44 3.077 1.392
36 45 3.977 1.46
36 46 9.68 1.931
36 47 1.818 1.333
36 48 1.141 1.924
36 49 9.849 1.295
37 38 4.506 1.297
37 39 5.462 1.879
37 40 7.277 1.364
37 41 9.005 1.903
37 42 5.043 1.206
37 43 3.231 1.629
37 44 7.419 1.131
37 45 2.669 1.706
37 46 9.527 1.122
37 47 6.653 1.549
37 48 9.601 1.506
37 49 4.243 1.722
38 39 4.45 1.778
38 40 6.2 1.805
38 41 2.147 1.962
38 42 6.12 1.194
38 43 3.548 1.21
38 44 9.732 1.466
38 45 4.577 1.174
38 46 6.001 1.113
38 47 9.263 1.512
38 48 1.252 1.133
38 49 1.78 1.703
39 40 4.996 1.426
39 41 1.512 1.653
39 42 3.088 1.182
39 43 5.721 1.762
39 44 7.107 1.245
39 45 7.985 1.077
39 46 8.516 1.568
39 47 8.757 1.736
39 48 2.781 1.095
39 49 5.036 1.283
40 41 8.759 1.336
40 42 3.441 1.253
40 43 2.96 1.737
40 44 5.963 1.133
40 45 1.268 1.011
40 46 5.03 1.202
40 47 8.598 1.692
40 48 1.083 1.086
40 49 1.121 1.058
41 42 9.91 1.524
41 43 2.912 1.948
41 44 7.041 1.571
41 45 5.21 1.292
41 46 6.255 1.057
41 47 7.829 1.965
41 48 2.461 1.593
41 49 7.974 1.959
42 43 5.502 1.423
42 44 5.005 1.485
42 45 8.949 1.988
42 46 8.554 1.107
42 47 5.823 1.382
42 48 7.435 1.543
42 49 5.994 1.787
43 44 7.072 1.623
43 45 8.252 1.308
43 46 8.13 1.742
43 47 2.842 1.243
43 48 6.17 1.941
43 49 1.224 1.392
44 45 8.506 1.799
44 46 7.801 1.212
44 47 8.565 1.159
44 48 3.208 1.067
44 49 9.857 1.215
45 46 7.395 1.426
45 47 4.688 1.099
45 48 1.088 1.919
45 49 7.939 1.08
46 47 6.883 1.54
46 48 1.695 1.388
46 49 4.281 1.852
47 48 99 1
47 49 99 1
48 49 99 1