50
93
0 1 4.682 1.997
0 2 1.883 1.552
0 3 0.077 1.938
0 4 5.016 1.618
0 5 9.108 1.704
0 6 1.16 1.828
0 7 8.239 1.729
0 8 2.259 1.625
0 9 4.988 1.689
0 10 1.852 1.549
0 11 9.648 1.991
0 12 5.636 1.981
0 13 4.325 1.518
0 14 4.921 1.966
0 15 2.194 1.519
0 16 9.255 1.887
0 17 4.527 1.738
0 18 1.179 1.618
0 19 4.244 1.502
0 20 4.343 1.884
0 21 2.563 1.646
0 22 6.003 1.797
0 23 9.645 1.68
0 24 6.305 1.548
0 25 1.026 1.649
0 26 9.717 1.9
0 27 9.135 1.578
0 28 8.452 1.508
0 29 3.199 1.859
0 30 3.793 1.699
0 31 1.447 1.766
0 32 8.865 1.623
0 33 6.678 1.659
0 34 5.594 1.672
0 35 9.973 1.692
0 36 9.314 1.792
0 37 7.634 1.596
0 38 6.846 1.679
0 39 3.26 1.774
0 40 7.701 1.973
0 41 0.272 1.621
0 42 3.533 1.878
0 43 0.203 1.552
0 44 7.958 1.622
0 45 8.563 1.771
0 46 7.408 1.907
0 47 3.216 1.843
0 48 3.847 1.908
0 49 9.83 1.549
1 2 1.822 1.987
1 3 5.234 1.943
1 4 5.616 1.645
1 5 2.234 1.873
1 6 7.062 1.71
1 7 8.844 1.562
1 8 0.945 1.543
1 9 0.756 1.579
1 10 2.896 1.927
1 11 8.371 1.804
1 12 4.132 1.983
1 13 8.726 1.604
1 14 8.514 1.752
1 15 8.253 1.619
1 16 9.969 1.664
1 17 4.485 1.596
1 18 2.569 1.833
1 19 3.5 1.779
1 20 1.246 1.57
1 21 5.232 1.808
1 22 8.508 1.67
1 23 0.576 1.569
1 24 1.331 1.859
1 25 2.649 1.782
1 26 2.89 1.874
1 27 9.53 1.997
1 28 5.772 1.878
1 29 7.349 1.942
1 30 6.88 1.9
1 31 0.664 1.944
1 32 9.368 1.647
1 33 1.745 1.823
1 34 3.632 1.898
1 35 1.603 1.833
1 36 7.648 1.775
1 37 3.378 1.838
1 38 6.733 1.958
1 39 3.045 1.971
1 40 4.215 1.883
1 41 3.312 1.536
1 42 7.42 1.654
1 43 4.048 1.896
1 44 7.881 1.775
1 45 6.627 1.508
1 46 0.758 1.91
1 47 0.139 1.643
1 48 6.061 1.659
1 49 4.616 1.661
2 3 3.48 1.833
2 4 0.102 1.995
2 5 3.359 1.915
2 6 0.727 1.736
2 7 8.678 1.797
2 8 9.73 1.895
2 9 6.784 1.971
2 10 4.843 1.57
2 11 5.038 1.677
2 12 3.387 1.834
2 13 1.562 1.518
2 14 2.955 1.712
2 15 0.831 1.75
2 16 6.693 1.631
2 17 3.97 1.894
2 18 1.803 1.641
2 19 5.332 1.922
2 20 6.142 1.684
2 21 0.147 1.596
2 22 0.562 1.96
2 23 2.883 1.558
2 24 3.988 1.852
2 25 2.322 1.52
2 26 4.132 1.548
2 27 7.276 1.802
2 28 9.214 1.788
2 29 6.413 1.631
2 30 5.11 1.804
2 31 6.674 1.932
2 32 7.9 1.649
2 33 7.436 1.902
2 34 4.012 1.716
2 35 1.741 1.881
2 36 8.812 1.742
2 37 1.66 1.996
2 38 9.818 1.626
2 39 2.196 1.713
2 40 2.544 1.785
2 41 6.979 1.758
2 42 5.399 1.695
2 43 9.476 1.953
2 44 5.01 1.598
2 45 5.417 1.757
2 46 4.917 1.666
2 47 5.706 1.782
2 48 8.63 1.639
2 49 4.234 1.687
3 4 2.747 1.698
3 5 1.668 1.771
3 6 7.013 1.96
3 7 4.564 1.614
3 8 6.007 1.611
3 9 8.972 1.912
3 10 1.474 1.752
3 11 9.038 1.642
3 12 5.254 1.556
3 13 4.118 1.844
3 14 0.182 1.794
3 15 2.333 1.72
3 16 0.429 1.725
3 17 4.646 1.823
3 18 3.285 1.726
3 19 1.097 1.917
3 20 1.607 1.837
3 21 0.068 1.553
3 22 9.813 1.724
3 23 2.188 1.643
3 24 6.639 1.776
3 25 2.781 1.682
3 26 4.691 1.727
3 27 0.684 1.889
3 28 0.239 1.88
3 29 6.65 1.846
3 30 6.676 1.558
3 31 1.593 1.708
3 32 1.597 1.99
3 33 3.468 1.795
3 34 0.537 1.839
3 35 1.726 1.772
3 36 0.089 1.504
3 37 9.969 1.75
3 38 9.311 1.785
3 39 0.663 1.971
3 40 1.151 1.816
3 41 0.615 1.757
3 42 4.934 1.528
3 43 2.268 1.632
3 44 6.879 1.621
3 45 3.823 1.96
3 46 8.085 1.809
3 47 0.692 1.586
3 48 8.446 1.713
3 49 1.855 1.789
4 5 0.563 1.949
4 6 7.316 1.908
4 7 9.885 1.52
4 8 7.049 1.745
4 9 6 1.657
4 10 7.569 1.8
4 11 5.324 1.739
4 12 9.588 1.529
4 13 7.249 1.869
4 14 9.077 1.699
4 15 4.231 1.572
4 16 4.513 1.932
4 17 1.265 1.914
4 18 5.079 1.833
4 19 1.747 1.678
4 20 8.156 1.515
4 21 4.779 1.935
4 22 9.566 1.551
4 23 3.678 1.591
4 24 6.718 1.706
4 25 6.624 1.641
4 26 3.076 1.898
4 27 8.212 1.96
4 28 2.148 1.622
4 29 4.985 1.544
4 30 0.603 1.518
4 31 8.931 1.621
4 32 3.058 1.986
4 33 0.441 1.518
4 34 5.553 1.601
4 35 6.192 1.615
4 36 0.841 1.688
4 37 8.082 1.577
4 38 6.199 1.714
4 39 6.446 1.883
4 40 3.698 1.624
4 41 4.543 1.968
4 42 3.584 1.974
4 43 1.565 1.53
4 44 3.774 1.596
4 45 8.269 1.723
4 46 2.309 1.646
4 47 2.747 1.635
4 48 5.086 1.675
4 49 3.823 1.507
5 6 8.154 1.901
5 7 6.069 1.734
5 8 2.452 1.546
5 9 3.58 1.669
5 10 8.983 1.539
5 11 9.257 1.712
5 12 4.104 1.989
5 13 2.595 1.575
5 14 7.87 1.671
5 15 1.751 1.985
5 16 3.187 1.776
5 17 4.999 1.884
5 18 9.894 1.927
5 19 2.624 1.962
5 20 5.844 1.873
5 21 2.715 1.592
5 22 6.555 1.917
5 23 3.432 1.891
5 24 6.066 1.985
5 25 9.832 1.761
5 26 4.245 1.762
5 27 5.569 1.865
5 28 0.023 1.582
5 29 8.453 1.999
5 30 5.727 1.694
5 31 4.18 1.823
5 32 5.055 1.697
5 33 4.332 1.865
5 34 6.066 1.767
5 35 3.231 1.562
5 36 1.027 1.875
5 37 3.127 1.518
5 38 6.955 1.937
5 39 8.78 1.874
5 40 4.24 1.825
5 41 0.586 1.525
5 42 5.888 1.812
5 43 0.028 1.546
5 44 6.593 1.898
5 45 2.49 1.9
5 46 9.108 1.558
5 47 0.23 1.601
5 48 5.193 1.686
5 49 2.663 1.543
6 7 9.804 1.542
6 8 2.018 1.771
6 9 0.113 1.636
6 10 9.884 1.897
6 11 5.473 1.92
6 12 4.226 1.816
6 13 0.476 1.702
6 14 7.011 1.745
6 15 0.911 1.519
6 16 9.771 1.937
6 17 1.586 1.69
6 18 8.139 1.71
6 19 5.769 1.96
6 20 6.669 1.661
6 21 8.275 1.564
6 22 2.118 1.639
6 23 8.131 1.625
6 24 6.755 1.673
6 25 2.187 1.625
6 26 3.242 1.671
6 27 8.037 1.678
6 28 9.173 1.731
6 29 3.17 1.577
6 30 2.434 1.932
6 31 7.425 1.966
6 32 8.218 1.902
6 33 7.485 1.639
6 34 4.754 1.901
6 35 5.412 1.779
6 36 7.58 1.982
6 37 8.033 1.968
6 38 1.538 1.641
6 39 0.377 1.546
6 40 5.588 1.611
6 41 4.276 1.808
6 42 7.995 1.693
6 43 2.781 1.686
6 44 8.489 1.681
6 45 2.067 1.877
6 46 9.58 1.566
6 47 5.172 1.947
6 48 1.375 1.797
6 49 6.067 1.65
7 8 2.973 1.884
7 9 8.324 1.698
7 10 8.784 1.652
7 11 9.965 1.808
7 12 9.965 1.862
7 13 4.949 1.766
7 14 9.584 1.818
7 15 2.176 1.76
7 16 5.088 1.939
7 17 4.934 1.523
7 18 3.179 1.558
7 19 7.219 1.763
7 20 0.306 1.964
7 21 8.541 1.566
7 22 6.633 1.92
7 23 5.48 1.774
7 24 2.578 1.532
7 25 6.524 1.954
7 26 4.763 1.973
7 27 6.542 1.839
7 28 2.628 1.618
7 29 8.598 1.585
7 30 7.782 1.673
7 31 3.783 1.894
7 32 5.73 1.84
7 33 4.215 1.927
7 34 3.559 1.5
7 35 0.439 1.511
7 36 7.835 1.765
7 37 2.087 1.952
7 38 4.067 1.578
7 39 9.826 1.749
7 40 2.854 1.826
7 41 7.404 1.712
7 42 8.086 1.678
7 43 4.907 1.867
7 44 9.43 1.528
7 45 8.186 1.67
7 46 4.741 1.583
7 47 4.923 1.818
7 48 8.002 1.744
7 49 4.724 1.988
8 9 4.931 1.928
8 10 9.257 1.537
8 11 1.497 1.55
8 12 8.548 1.601
8 13 0.231 1.778
8 14 1.238 1.677
8 15 5.457 1.627
8 16 9.872 1.56
8 17 1.331 1.792
8 18 7.086 1.572
8 19 5.936 1.943
8 20 4.956 1.714
8 21 0.588 1.988
8 22 7.684 1.822
8 23 5.971 1.999
8 24 7.335 1.952
8 25 5.756 1.71
8 26 3.37 1.524
8 27 3.962 1.581
8 28 9.36 1.844
8 29 4.461 1.55
8 30 4.464 1.812
8 31 9.768 1.572
8 32 2.991 1.638
8 33 1.509 1.595
8 34 2.692 1.963
8 35 6.855 1.504
8 36 1.295 1.708
8 37 3.568 1.992
8 38 1.241 1.983
8 39 1.299 1.663
8 40 4.59 1.661
8 41 8.326 1.943
8 42 3.605 1.698
8 43 0.976 1.669
8 44 7.681 1.937
8 45 7.675 1.888
8 46 3.943 1.987
8 47 0.759 1.597
8 48 7.128 1.881
8 49 6.989 1.733
9 10 4.128 1.95
9 11 2.032 1.813
9 12 0.007 1.855
9 13 5.091 1.623
9 14 5.194 1.9
9 15 7.357 1.837
9 16 8.09 1.614
9 17 1.943 1.874
9 18 3.369 1.708
9 19 3.602 1.661
9 20 3.9 1.783
9 21 3.664 1.822
9 22 3.388 1.655
9 23 9.351 1.586
9 24 7.59 1.897
9 25 6.922 1.937
9 26 4.291 1.55
9 27 4.927 1.742
9 28 6.075 1.591
9 29 7.284 1.708
9 30 5.389 1.547
9 31 5.834 1.627
9 32 8.385 1.651
9 33 8.587 1.931
9 34 2.603 1.645
9 35 2.949 1.559
9 36 3.664 1.769
9 37 2.9 1.608
9 38 7.865 1.56
9 39 5.28 1.637
9 40 0.773 1.963
9 41 3.163 1.872
9 42 6.783 1.714
9 43 3.611 1.859
9 44 0.935 1.747
9 45 3.038 1.888
9 46 2.256 1.764
9 47 5.851 1.727
9 48 7.375 1.766
9 49 1.093 1.887
10 11 4.242 1.68
10 12 7.415 1.759
10 13 8.388 1.737
10 14 8.832 1.549
10 15 8.373 1.536
10 16 2.454 1.966
10 17 2.799 1.648
10 18 4.694 1.617
10 19 8.61 1.773
10 20 4.242 1.979
10 21 9.237 1.824
10 22 8.557 1.74
10 23 1.633 1.856
10 24 5.568 1.629
10 25 3.191 1.544
10 26 3.824 1.652
10 27 3.165 1.827
10 28 2.42 1.918
10 29 8.275 1.574
10 30 6.679 1.938
10 31 8.923 1.922
10 32 6.815 1.926
10 33 0.661 1.565
10 34 4.554 1.763
10 35 5.389 1.523
10 36 7.06 1.847
10 37 8.118 1.9
10 38 8.404 1.541
10 39 8.1 1.835
10 40 6.299 1.957
10 41 7.599 1.716
10 42 5.847 1.677
10 43 7.655 1.834
10 44 2.642 1.942
10 45 7.835 1.933
10 46 4.738 1.629
10 47 6.121 1.613
10 48 6.701 1.65
10 49 5.867 1.741
11 12 9.254 1.636
11 13 9.054 1.917
11 14 4.866 1.936
11 15 8.964 1.66
11 16 3.056 1.643
11 17 0.809 1.77
11 18 9.125 1.925
11 19 5.883 1.855
11 20 6.602 1.502
11 21 3.349 1.697
11 22 6.755 1.606
11 23 3.901 1.568
11 24 8.177 1.727
11 25 1.246 1.724
11 26 5.71 1.831
11 27 0.578 1.616
11 28 0.707 1.65
11 29 8.062 1.902
11 30 4.016 1.881
11 31 1.684 1.548
11 32 8.947 1.985
11 33 1.81 1.772
11 34 3.998 1.925
11 35 9.244 1.676
11 36 4.081 1.908
11 37 9.697 1.796
11 38 4.664 1.791
11 39 6.148 1.81
11 40 5.334 1.91
11 41 4.83 1.892
11 42 8.056 1.613
11 43 6.258 1.669
11 44 0.652 1.78
11 45 0.094 1.861
11 46 7.899 1.528
11 47 1.473 1.553
11 48 1.021 1.721
11 49 6.886 1.608
12 13 1.36 1.735
12 14 9.692 1.982
12 15 5.497 1.714
12 16 8.915 1.666
12 17 7.242 1.852
12 18 0.108 1.653
12 19 6.519 1.873
12 20 3.738 1.692
12 21 6.435 1.615
12 22 4.807 1.664
12 23 7.574 1.663
12 24 7.264 1.697
12 25 2.931 1.611
12 26 8.081 1.605
12 27 7.778 1.978
12 28 8.882 1.924
12 29 6.251 1.85
12 30 7.432 1.717
12 31 0.464 1.684
12 32 7.44 1.877
12 33 8.568 1.605
12 34 2.691 1.974
12 35 5.311 1.894
12 36 0.749 1.684
12 37 2.382 1.575
12 38 2.214 1.524
12 39 6.128 1.825
12 40 3.822 1.532
12 41 7.036 1.56
12 42 7.581 1.611
12 43 8.824 1.734
12 44 3.531 1.61
12 45 4.919 1.949
12 46 0.766 1.659
12 47 6.663 1.564
12 48 9.888 1.557
12 49 0.66 1.95
13 14 0.199 1.875
13 15 2.355 1.531
13 16 6.637 1.583
13 17 9.139 1.63
13 18 4.69 1.832
13 19 9.068 1.526
13 20 6.362 1.53
13 21 0.635 1.928
13 22 6.636 1.611
13 23 4.919 1.83
13 24 7.79 1.78
13 25 3.935 1.971
13 26 8.48 1.723
13 27 8.023 1.75
13 28 5.504 1.524
13 29 0.711 1.605
13 30 8.847 1.649
13 31 1.663 1.938
13 32 4.748 1.555
13 33 7.007 1.702
13 34 7.317 1.949
13 35 1.666 1.741
13 36 6.522 1.857
13 37 0.132 1.939
13 38 9.265 1.55
13 39 0.528 1.596
13 40 0.666 1.883
13 41 1.801 1.831
13 42 4.736 1.907
13 43 5.39 1.57
13 44 7.123 1.555
13 45 0.832 1.972
13 46 7.779 1.874
13 47 9.415 1.811
13 48 8.083 1.637
13 49 1.216 1.53
14 15 5.188 1.768
14 16 8.637 1.757
14 17 6.194 1.749
14 18 3.897 1.673
14 19 6.114 1.693
14 20 8.866 1.611
14 21 6.547 1.93
14 22 3.063 1.749
14 23 6.469 1.843
14 24 9.705 1.7
14 25 2.619 1.774
14 26 0.278 1.633
14 27 4.583 1.63
14 28 5.251 1.957
14 29 8.874 1.782
14 30 2.282 1.809
14 31 7.05 1.587
14 32 3.563 1.896
14 33 5.225 1.719
14 34 0.76 1.866
14 35 6.222 1.645
14 36 9.453 1.581
14 37 1.034 1.859
14 38 4.921 1.717
14 39 3.275 1.99
14 40 7.673 1.699
14 41 8.865 1.664
14 42 0.195 1.961
14 43 3.314 1.84
14 44 6.077 1.984
14 45 0.672 1.531
14 46 8.868 1.968
14 47 1.448 1.603
14 48 0.817 1.871
14 49 1.627 1.881
15 16 0.988 1.839
15 17 1.288 1.514
15 18 8.154 1.85
15 19 9.268 1.511
15 20 6.343 1.574
15 21 9.805 1.944
15 22 9.94 1.674
15 23 8.185 1.71
15 24 0.847 1.863
15 25 5.007 1.739
15 26 2.36 1.628
15 27 2.918 1.805
15 28 3.148 1.565
15 29 5.364 1.542
15 30 9.988 1.755
15 31 4.276 1.904
15 32 9.779 1.55
15 33 2.438 1.685
15 34 9.737 1.527
15 35 6.762 1.743
15 36 9.673 1.724
15 37 0.66 1.869
15 38 1.768 1.567
15 39 7.311 1.658
15 40 1.359 1.643
15 41 0.699 1.964
15 42 6.929 1.685
15 43 8.029 1.829
15 44 8.665 1.804
15 45 5.363 1.9
15 46 2.802 1.586
15 47 8.122 1.587
15 48 3.244 1.774
15 49 9.495 1.727
16 17 2.916 1.744
16 18 2.73 1.661
16 19 4.745 1.965
16 20 7.78 1.564
16 21 6.203 1.567
16 22 8.838 1.909
16 23 1.951 1.996
16 24 6.939 1.774
16 25 6.27 1.593
16 26 0.975 1.677
16 27 0.695 1.693
16 28 1.235 1.825
16 29 2.547 1.589
16 30 1.894 1.562
16 31 6.893 1.904
16 32 2.745 1.924
16 33 7.901 1.537
16 34 5.921 1.973
16 35 5.493 1.95
16 36 0.338 1.648
16 37 9.758 1.646
16 38 5.176 1.532
16 39 8.672 1.622
16 40 3.815 1.891
16 41 4.329 1.615
16 42 1.361 1.941
16 43 9.108 1.803
16 44 2.135 1.607
16 45 5.999 1.525
16 46 8.299 1.617
16 47 6.627 1.883
16 48 7.203 1.927
16 49 6.448 1.853
17 18 2.941 1.978
17 19 9.061 1.774
17 20 7.135 1.868
17 21 0.577 1.726
17 22 5.011 1.9
17 23 0.641 1.968
17 24 5.464 1.967
17 25 8.81 1.664
17 26 8.007 1.524
17 27 3.728 1.676
17 28 5.229 1.81
17 29 7.843 1.672
17 30 6.736 1.654
17 31 2.215 1.751
17 32 9.384 1.537
17 33 4.407 1.681
17 34 9.091 1.667
17 35 7.418 1.678
17 36 1.487 1.537
17 37 9.116 1.962
17 38 2.252 1.959
17 39 9.78 1.59
17 40 3.095 1.676
17 41 9.971 1.744
17 42 6.026 1.568
17 43 2.195 1.841
17 44 6.835 1.514
17 45 7.598 1.917
17 46 8.494 1.758
17 47 3.289 1.83
17 48 6.569 1.607
17 49 6.771 1.809
18 19 1.693 1.964
18 20 1.466 1.889
18 21 8.623 1.596
18 22 1.313 1.659
18 23 7.495 1.614
18 24 3.05 1.65
18 25 0.502 1.932
18 26 1.927 1.522
18 27 6.406 1.991
18 28 0.326 1.961
18 29 6.065 1.69
18 30 9.041 1.989
18 31 4.461 1.907
18 32 7.826 1.524
18 33 8.572 1.573
18 34 5.225 1.705
18 35 5.922 1.578
18 36 7.654 1.578
18 37 5.575 1.799
18 38 4.265 1.804
18 39 1.972 1.742
18 40 7.189 1.527
18 41 2.086 1.732
18 42 6.445 1.516
18 43 8.091 1.664
18 44 4.978 1.607
18 45 0.97 1.702
18 46 2.129 1.803
18 47 5.326 1.791
18 48 3.135 1.747
18 49 2.007 1.608
19 20 8.193 1.52
19 21 3.134 1.987
19 22 7.086 1.94
19 23 3.571 1.522
19 24 4.397 1.734
19 25 4.006 1.837
19 26 5.95 1.556
19 27 3.368 1.621
19 28 9.245 1.922
19 29 2.557 1.7
19 30 9.406 1.656
19 31 7.178 1.924
19 32 7.426 1.937
19 33 4.287 1.769
19 34 9.343 1.976
19 35 7.059 1.903
19 36 3.391 1.726
19 37 1.697 1.548
19 38 7.134 1.911
19 39 2.929 1.703
19 40 8.142 1.921
19 41 7.971 1.767
19 42 9.832 1.902
19 43 4.01 1.788
19 44 8.798 1.551
19 45 0.898 1.881
19 46 1.128 1.808
19 47 9.042 1.997
19 48 3.025 1.736
19 49 2.256 1.942
20 21 5.384 1.93
20 22 6.746 1.573
20 23 2.872 1.867
20 24 0.324 1.728
20 25 5.552 1.996
20 26 0.445 1.9
20 27 5.108 1.885
20 28 5.741 1.668
20 29 8.321 1.54
20 30 3.331 1.779
20 31 7.627 1.899
20 32 3.4 1.7
20 33 2.285 1.74
20 34 3.279 1.695
20 35 3.973 1.529
20 36 5.561 1.859
20 37 7.48 1.875
20 38 8.692 1.681
20 39 0.575 1.942
20 40 3.896 1.963
20 41 7.083 1.732
20 42 9.292 1.979
20 43 3.76 1.73
20 44 0.651 1.954
20 45 4.625 1.881
20 46 8.326 1.841
20 47 6.102 1.846
20 48 1.626 1.531
20 49 2.501 1.871
21 22 5.113 1.926
21 23 4.19 1.987
21 24 6.154 1.838
21 25 0.132 1.548
21 26 9.393 1.901
21 27 2.376 1.913
21 28 1.799 1.637
21 29 2.573 1.773
21 30 1.408 1.925
21 31 9.585 1.811
21 32 3.947 1.963
21 33 2.91 1.504
21 34 4.183 1.891
21 35 8.742 1.967
21 36 2.992 1.924
21 37 4.246 1.764
21 38 6.92 1.859
21 39 0.901 1.594
21 40 4.315 1.922
21 41 9.605 1.713
21 42 0.981 1.79
21 43 8.637 1.832
21 44 8.753 1.699
21 45 0.58 1.596
21 46 2.39 1.774
21 47 5.772 1.517
21 48 3.744 1.714
21 49 8.036 1.527
22 23 7.298 1.606
22 24 3.011 1.982
22 25 7.85 1.528
22 26 0.695 1.645
22 27 9.365 1.668
22 28 1.554 1.748
22 29 3.857 1.956
22 30 9.914 1.84
22 31 0.497 1.7
22 32 9.252 1.603
22 33 8.138 1.885
22 34 1.488 1.837
22 35 8.886 1.68
22 36 6.384 1.686
22 37 6.479 1.798
22 38 7.795 1.596
22 39 0.797 1.641
22 40 0.621 1.823
22 41 9.068 1.636
22 42 6.094 1.552
22 43 5.053 1.905
22 44 3.244 1.986
22 45 9.832 1.783
22 46 1.31 1.905
22 47 1.656 1.801
22 48 1.197 1.859
22 49 7.826 1.584
23 24 4.117 1.754
23 25 8.489 1.597
23 26 2.032 1.64
23 27 0.868 1.897
23 28 7.643 1.503
23 29 2.549 1.973
23 30 1.326 1.826
23 31 4.107 1.852
23 32 8.615 1.605
23 33 4.664 1.504
23 34 4.64 1.834
23 35 8.734 1.579
23 36 1.268 1.823
23 37 9.114 1.74
23 38 8.58 1.969
23 39 8.516 1.817
23 40 4.836 1.805
23 41 2.128 1.592
23 42 8.046 1.853
23 43 4.363 1.916
23 44 7.944 1.921
23 45 5.69 1.864
23 46 9.225 1.553
23 47 9.607 1.89
23 48 5.723 1.906
23 49 5.599 1.9
24 25 0.406 1.782
24 26 1.207 1.797
24 27 7.97 1.997
24 28 5.235 1.921
24 29 5.19 1.673
24 30 4.556 1.846
24 31 9.169 1.863
24 32 8.962 1.78
24 33 5.156 1.734
24 34 2.1 1.752
24 35 3.698 1.776
24 36 1.631 1.958
24 37 1.557 1.732
24 38 8.46 1.994
24 39 2.034 1.557
24 40 3.123 1.777
24 41 8.126 1.884
24 42 7.248 1.749
24 43 6.296 1.996
24 44 9.362 1.906
24 45 9.543 1.832
24 46 7.277 1.907
24 47 5.915 1.548
24 48 3.771 1.885
24 49 2.657 1.538
25 26 8.361 1.681
25 27 6.782 1.736
25 28 5.586 1.997
25 29 0.004 1.831
25 30 9.394 1.981
25 31 9.678 1.81
25 32 4.004 1.946
25 33 7.727 1.986
25 34 3.912 1.805
25 35 6.306 1.862
25 36 9.582 1.949
25 37 2.434 1.816
25 38 0.826 1.566
25 39 3.75 1.687
25 40 6.85 1.927
25 41 4.088 1.909
25 42 0.527 1.874
25 43 0.688 1.822
25 44 4.582 1.659
25 45 4.486 1.746
25 46 9.054 1.915
25 47 1.16 1.837
25 48 2.662 1.839
25 49 3.405 1.57
26 27 5.518 1.72
26 28 4.228 1.537
26 29 6.992 1.649
26 30 6.984 1.505
26 31 0.49 1.707
26 32 0.346 1.897
26 33 6.401 1.533
26 34 5.407 1.541
26 35 5.532 1.533
26 36 7.754 1.657
26 37 7.981 1.532
26 38 9.462 1.625
26 39 6.579 1.898
26 40 4.719 1.629
26 41 9.804 1.635
26 42 8.046 1.734
26 43 6.354 1.586
26 44 5.945 1.912
26 45 2.47 1.73
26 46 1.19 1.923
26 47 3.53 1.634
26 48 3.978 1.797
26 49 3.426 1.87
27 28 5.661 1.962
27 29 8.819 1.659
27 30 8.903 1.824
27 31 0.493 1.703
27 32 2.728 1.808
27 33 0.685 1.995
27 34 2.192 1.518
27 35 3.573 1.508
27 36 0.152 1.793
27 37 5.881 1.909
27 38 2.982 1.512
27 39 5.943 1.944
27 40 2.972 1.996
27 41 2.512 1.807
27 42 7.635 1.843
27 43 9.117 1.711
27 44 0.162 1.95
27 45 5.795 1.939
27 46 5.881 1.862
27 47 7.7 1.974
27 48 6.717 1.899
27 49 9.243 1.776
28 29 9.376 1.82
28 30 3.187 2
28 31 3.263 1.998
28 32 6.442 1.811
28 33 0.989 1.793
28 34 8.149 1.604
28 35 7.725 1.928
28 36 1.133 1.699
28 37 5.635 1.781
28 38 4.753 1.617
28 39 6.159 1.57
28 40 5.785 1.76
28 41 5.991 1.88
28 42 4.067 1.706
28 43 2.297 1.958
28 44 1.36 1.988
28 45 8.888 1.611
28 46 5.083 1.518
28 47 7.882 1.892
28 48 3.459 1.853
28 49 0.73 1.576
29 30 4.91 1.737
29 31 8.363 1.713
29 32 2.553 1.78
29 33 2.734 1.741
29 34 4.09 1.751
29 35 1.014 1.837
29 36 8.489 1.848
29 37 9.329 1.795
29 38 3.465 1.786
29 39 5.068 1.818
29 40 1.958 1.851
29 41 5.523 1.624
29 42 1.558 1.965
29 43 5.9 1.783
29 44 8.146 1.993
29 45 1.569 1.594
29 46 3.899 1.865
29 47 7.873 1.762
29 48 0.229 1.623
29 49 5.736 1.939
30 31 8.253 1.811
30 32 2.878 1.502
30 33 2.936 1.534
30 34 8.524 1.704
30 35 2.184 1.721
30 36 4.163 1.533
30 37 8.858 1.976
30 38 4.123 1.77
30 39 1.914 1.976
30 40 7.516 1.844
30 41 2.713 1.658
30 42 7.456 1.675
30 43 3.905 1.906
30 44 4.361 1.664
30 45 1.238 1.641
30 46 7.607 1.516
30 47 3.13 1.595
30 48 3.857 1.965
30 49 8.938 1.642
31 32 0.969 1.867
31 33 4.454 1.851
31 34 3.549 1.946
31 35 2.354 1.913
31 36 9.932 1.782
31 37 6.098 1.804
31 38 0.665 1.839
31 39 8.064 1.946
31 40 5.414 1.545
31 41 6.603 1.708
31 42 8.602 1.562
31 43 2.112 1.937
31 44 4.084 1.993
31 45 9.264 1.681
31 46 5.693 1.815
31 47 1.05 1.503
31 48 3.562 1.829
31 49 0.461 1.696
32 33 5.821 1.879
32 34 7.297 1.819
32 35 1.457 1.992
32 36 0.846 1.81
32 37 2.94 1.97
32 38 4.013 1.955
32 39 6.524 1.752
32 40 0.818 1.705
32 41 4.085 1.663
32 42 7.167 1.798
32 43 2.788 1.861
32 44 4.245 1.745
32 45 7.936 1.989
32 46 5.016 1.592
32 47 9.94 1.659
32 48 6.865 1.918
32 49 8.502 1.956
33 34 7.675 1.756
33 35 5.836 1.725
33 36 8.327 1.592
33 37 6.015 1.856
33 38 1.979 1.732
33 39 9.413 1.725
33 40 9.3 1.689
33 41 9.57 1.869
33 42 9.331 1.791
33 43 4.835 1.785
33 44 7.604 1.992
33 45 8.616 1.563
33 46 6.733 1.799
33 47 0.214 1.813
33 48 9.817 1.921
33 49 2.847 1.545
34 35 3.691 1.611
34 36 6.692 1.823
34 37 7.283 1.728
34 38 2.571 1.632
34 39 0.198 1.852
34 40 6.236 1.947
34 41 7.981 1.723
34 42 4.128 1.532
34 43 3.479 1.505
34 44 8.948 1.943
34 45 8.205 1.72
34 46 7.419 1.661
34 47 3.701 1.809
34 48 3.209 1.628
34 49 0.478 1.56
35 36 5.132 1.828
35 37 1.345 1.637
35 38 4.497 1.788
35 39 6.671 1.656
35 40 5.717 1.672
35 41 1.424 1.618
35 42 1.171 1.762
35 43 7.754 1.669
35 44 4.695 1.836
35 45 2.257 1.906
35 46 8.064 1.984
35 47 4.137 1.504
35 48 1.361 1.995
35 49 8.982 1.624
36 37 1.199 1.936
36 38 3.035 1.987
36 39 0.465 1.992
36 40 4.515 1.632
36 41 9.436 1.56
36 42 1.809 1.666
36 43 0.917 1.943
36 44 3.138 1.888
36 45 1.396 1.802
36 46 8.73 1.838
36 47 6.118 1.804
36 48 4.416 1.817
36 49 8.454 1.609
37 38 5.106 1.508
37 39 2.959 1.529
37 40 7.649 1.697
37 41 7.139 1.807
37 42 5.218 1.622
37 43 9.072 1.554
37 44 9.534 1.724
37 45 6.763 1.908
37 46 3.016 1.53
37 47 0.411 1.975
37 48 0.247 1.527
37 49 0.581 1.538
38 39 7.014 1.776
38 40 3.709 1.927
38 41 5.642 1.531
38 42 1.323 1.786
38 43 7.329 1.92
38 44 0.906 1.762
38 45 5.747 1.699
38 46 4.41 1.91
38 47 1.321 1.737
38 48 5.108 1.796
38 49 2.27 1.802
39 40 4.668 1.955
39 41 6.756 1.744
39 42 0.141 1.967
39 43 0.296 1.984
39 44 4.873 1.963
39 45 3.967 1.665
39 46 8.286 1.925
39 47 1.884 1.539
39 48 6.933 1.582
39 49 0.928 1.516
40 41 3.249 1.646
40 42 1.746 1.907
40 43 9.047 1.51
40 44 7.716 1.68
40 45 7.946 1.841
40 46 7.711 1.551
40 47 4.634 1.826
40 48 9.28 1.908
40 49 9.173 1.506
41 42 1.169 1.993
41 43 1.38 1.89
41 44 7.976 1.854
41 45 3.729 1.622
41 46 5.186 1.893
41 47 1.205 1.62
41 48 9.818 1.842
41 49 3.055 1.619
42 43 0.495 1.718
42 44 4.479 1.577
42 45 0.873 1.715
42 46 5.981 1.846
42 47 2.04 1.632
42 48 4.299 1.917
42 49 2.766 1.719
43 44 1.623 1.923
43 45 1.293 1.899
43 46 9.162 1.885
43 47 8.723 1.513
43 48 7.023 1.96
43 49 2.016 1.684
44 45 4.836 1.67
44 46 4.103 1.528
44 47 6.593 1.77
44 48 9.677 1.789
44 49 8.766 1.534
45 46 7.875 1.99
45 47 2.929 1.816
45 48 7.217 1.971
45 49 2.82 1.793
46 47 3.968 1.597
46 48 1.077 1.762
46 49 2.348 1.612
47 48 2.713 1.816
47 49 3.948 1.915
48 49 0.812 1.621
