50
61.796
0 1 68.71 0.2
0 2 69.02 0.028
0 3 74.47 0.206
0 4 68.46 0.193
0 5 71.15 0.082
0 6 67.43 0.202
0 7 67.9 0.206
0 8 74.59 0.2
0 9 99.9 0.063
0 10 71.2 0.191
0 11 73.12 0.024
0 12 28.09 0.605
0 13 46.31 0.074
0 14 49.14 0.011
0 15 33.72 0.397
0 16 89.14 0.011
0 17 47.3 0.311
0 18 45.32 0.27
0 19 69.52 0.131
0 20 47.85 0.519
0 21 25.69 0.028
0 22 63.15 0.514
0 23 40.03 0.417
0 24 83.8 0.223
0 25 65.21 0.337
0 26 17.3 0.168
0 27 20.9 0.483
0 28 80.68 0.116
0 29 59.9 0.096
0 30 21.13 0.236
0 31 97.4 0.644
0 32 7.03 0.262
0 33 57.82 0.65
0 34 65.66 0.292
0 35 89.32 0.227
0 36 53.95 0.443
0 37 44.92 0.327
0 38 4.45 0.677
0 39 60.35 0.578
0 40 63.3 0.514
0 41 24.37 0.137
0 42 69.42 0.036
0 43 48.79 0.23
0 44 34.44 0.288
0 45 29.11 0.207
0 46 85.9 0.095
0 47 69.83 0.248
0 48 14.79 0.223
0 49 67.43 0.58
1 2 70.43 0.093
1 3 73.12 0.204
1 4 66.63 0.198
1 5 97.3 0.196
1 6 90.63 0.191
1 7 82.37 0.052
1 8 99.9 0.192
1 9 73.53 0.191
1 10 99.54 0.191
1 11 70.56 0.088
1 12 95.47 0.405
1 13 37.14 0.215
1 14 59.19 0.089
1 15 74.85 0.176
1 16 41.59 0.33
1 17 8.34 0.002
1 18 43.89 0.073
1 19 46.28 0.344
1 20 38.44 0.032
1 21 26.01 0.374
1 22 14.69 0.424
1 23 12.18 0.625
1 24 31.86 0.166
1 25 14.43 0.2
1 26 81.29 0.478
1 27 89.66 0.275
1 28 50.91 0.51
1 29 11.17 0.095
1 30 63.7 0.147
1 31 76.05 0.586
1 32 79.85 0.155
1 33 30.9 0.428
1 34 22.48 0.007
1 35 91.81 0.348
1 36 91.55 0.008
1 37 66.38 0.409
1 38 8.92 0.043
1 39 9.67 0.609
1 40 68.34 0.221
1 41 94.08 0.437
1 42 54.63 0.152
1 43 60.98 0.644
1 44 61.97 0.091
1 45 16.26 0.078
1 46 46.77 0.319
1 47 35.99 0.315
1 48 55.29 0.392
1 49 80.34 0.083
2 3 73.44 0.192
2 4 70.44 0.204
2 5 72.2 0.205
2 6 74.75 0.199
2 7 74.07 0.204
2 8 80.88 0.193
2 9 72.38 0.202
2 10 73.65 0.199
2 11 87.45 0.198
2 12 23.09 0.583
2 13 11.88 0.347
2 14 54.49 0.658
2 15 47.25 0.436
2 16 89.33 0.045
2 17 87.47 0.113
2 18 61.71 0.421
2 19 92.43 0.601
2 20 32.13 0.652
2 21 25.32 0.534
2 22 70.5 0.334
2 23 50.29 0.139
2 24 45.0 0.405
2 25 96.81 0.106
2 26 27.13 0.384
2 27 68.09 0.055
2 28 18.77 0.006
2 29 27.31 0.348
2 30 20.87 0.064
2 31 52.62 0.65
2 32 5.45 0.327
2 33 12.69 0.526
2 34 7.53 0.653
2 35 41.19 0.347
2 36 6.54 0.611
2 37 99.04 0.592
2 38 1.4 0.144
2 39 93.41 0.026
2 40 87.79 0.176
2 41 47.22 0.03
2 42 86.88 0.664
2 43 19.32 0.394
2 44 17.23 0.017
2 45 17.59 0.434
2 46 54.77 0.47
2 47 21.87 0.223
2 48 89.8 0.037
2 49 19.23 0.326
3 4 67.61 0.209
3 5 73.19 0.191
3 6 70.72 0.2
3 7 81.84 0.191
3 8 67.21 0.21
3 9 74.06 0.071
3 10 91.68 0.208
3 11 73.63 0.196
3 12 15.11 0.05
3 13 42.31 0.248
3 14 36.24 0.555
3 15 46.63 0.699
3 16 1.59 0.042
3 17 51.8 0.253
3 18 62.24 0.464
3 19 37.25 0.606
3 20 8.89 0.04
3 21 91.7 0.406
3 22 69.91 0.037
3 23 65.33 0.464
3 24 46.47 0.179
3 25 19.63 0.662
3 26 85.15 0.663
3 27 1.17 0.591
3 28 37.32 0.389
3 29 17.01 0.482
3 30 12.73 0.565
3 31 56.53 0.237
3 32 25.61 0.177
3 33 66.1 0.478
3 34 80.28 0.427
3 35 18.63 0.37
3 36 97.59 0.543
3 37 48.67 0.322
3 38 43.98 0.352
3 39 70.92 0.276
3 40 79.94 0.37
3 41 94.05 0.574
3 42 77.38 0.385
3 43 40.63 0.074
3 44 85.98 0.267
3 45 47.02 0.542
3 46 19.73 0.407
3 47 78.97 0.424
3 48 61.28 0.189
3 49 76.97 0.218
4 5 66.19 0.192
4 6 66.02 0.198
4 7 67.46 0.143
4 8 99.9 0.204
4 9 65.03 0.205
4 10 71.57 0.198
4 11 75.38 0.196
4 12 84.26 0.352
4 13 93.56 0.179
4 14 7.51 0.275
4 15 60.77 0.626
4 16 96.0 0.067
4 17 28.13 0.607
4 18 0.01 0.42
4 19 7.15 0.086
4 20 69.69 0.187
4 21 37.69 0.126
4 22 78.14 0.091
4 23 7.64 0.393
4 24 36.07 0.655
4 25 78.0 0.402
4 26 48.93 0.239
4 27 9.86 0.447
4 28 14.12 0.449
4 29 13.64 0.161
4 30 42.3 0.313
4 31 98.72 0.386
4 32 74.95 0.193
4 33 31.18 0.685
4 34 14.68 0.084
4 35 9.46 0.119
4 36 14.51 0.312
4 37 70.75 0.159
4 38 81.98 0.591
4 39 83.54 0.454
4 40 0.72 0.213
4 41 64.3 0.044
4 42 33.51 0.177
4 43 92.49 0.648
4 44 59.01 0.339
4 45 23.7 0.329
4 46 16.51 0.604
4 47 50.07 0.401
4 48 6.14 0.394
4 49 32.81 0.154
5 6 73.71 0.208
5 7 71.83 0.155
5 8 74.28 0.024
5 9 80.03 0.202
5 10 69.99 0.192
5 11 67.9 0.028
5 12 28.32 0.23
5 13 95.23 0.286
5 14 86.11 0.118
5 15 63.45 0.269
5 16 71.26 0.411
5 17 67.35 0.573
5 18 13.74 0.657
5 19 38.96 0.087
5 20 31.99 0.568
5 21 12.72 0.54
5 22 60.15 0.628
5 23 79.39 0.176
5 24 3.95 0.36
5 25 85.13 0.398
5 26 93.47 0.416
5 27 85.24 0.607
5 28 68.84 0.009
5 29 73.69 0.214
5 30 83.31 0.206
5 31 57.34 0.215
5 32 67.4 0.412
5 33 16.17 0.47
5 34 68.28 0.409
5 35 11.08 0.003
5 36 29.07 0.389
5 37 91.14 0.586
5 38 26.07 0.226
5 39 10.79 0.355
5 40 59.64 0.473
5 41 12.76 0.58
5 42 73.15 0.189
5 43 30.26 0.363
5 44 29.21 0.189
5 45 1.92 0.096
5 46 0.41 0.132
5 47 64.1 0.3
5 48 60.41 0.026
5 49 67.65 0.119
6 7 68.65 0.135
6 8 91.46 0.196
6 9 70.21 0.21
6 10 69.33 0.202
6 11 73.64 0.205
6 12 0.01 0.156
6 13 61.66 0.448
6 14 30.8 0.334
6 15 79.07 0.139
6 16 53.98 0.449
6 17 89.68 0.127
6 18 4.01 0.138
6 19 47.69 0.451
6 20 47.57 0.582
6 21 44.18 0.141
6 22 17.54 0.027
6 23 57.13 0.441
6 24 22.97 0.556
6 25 27.52 0.504
6 26 36.39 0.586
6 27 69.0 0.57
6 28 97.54 0.261
6 29 46.44 0.185
6 30 74.86 0.602
6 31 0.7 0.417
6 32 69.53 0.579
6 33 44.11 0.481
6 34 63.82 0.631
6 35 88.26 0.001
6 36 68.08 0.345
6 37 56.41 0.385
6 38 45.64 0.372
6 39 56.03 0.37
6 40 32.32 0.456
6 41 3.2 0.06
6 42 92.0 0.666
6 43 9.05 0.496
6 44 8.09 0.511
6 45 76.31 0.239
6 46 59.52 0.42
6 47 56.8 0.646
6 48 42.91 0.099
6 49 96.27 0.284
7 8 66.98 0.019
7 9 79.66 0.206
7 10 67.4 0.196
7 11 69.93 0.197
7 12 66.96 0.021
7 13 22.09 0.174
7 14 36.12 0.638
7 15 43.14 0.299
7 16 40.07 0.486
7 17 87.99 0.695
7 18 84.53 0.48
7 19 7.2 0.528
7 20 34.11 0.468
7 21 79.82 0.234
7 22 90.43 0.259
7 23 90.85 0.336
7 24 10.05 0.585
7 25 10.64 0.426
7 26 64.72 0.238
7 27 47.59 0.425
7 28 18.61 0.285
7 29 83.11 0.378
7 30 36.54 0.182
7 31 17.53 0.058
7 32 46.59 0.223
7 33 47.94 0.512
7 34 95.75 0.484
7 35 16.01 0.185
7 36 87.39 0.609
7 37 38.86 0.037
7 38 20.46 0.546
7 39 28.52 0.271
7 40 87.28 0.284
7 41 95.15 0.051
7 42 40.97 0.201
7 43 4.52 0.486
7 44 91.17 0.108
7 45 34.62 0.014
7 46 67.4 0.274
7 47 46.34 0.129
7 48 25.13 0.662
7 49 8.37 0.656
8 9 87.56 0.107
8 10 70.01 0.209
8 11 94.79 0.208
8 12 28.42 0.098
8 13 32.58 0.134
8 14 63.09 0.689
8 15 47.97 0.114
8 16 35.14 0.673
8 17 75.22 0.42
8 18 27.93 0.148
8 19 38.26 0.579
8 20 99.75 0.638
8 21 12.28 0.112
8 22 99.63 0.523
8 23 58.64 0.386
8 24 65.26 0.219
8 25 38.28 0.084
8 26 36.85 0.087
8 27 87.23 0.442
8 28 75.73 0.41
8 29 52.51 0.643
8 30 78.21 0.472
8 31 18.54 0.319
8 32 50.27 0.516
8 33 82.91 0.102
8 34 36.36 0.694
8 35 81.76 0.63
8 36 42.59 0.199
8 37 99.19 0.419
8 38 10.74 0.276
8 39 11.73 0.207
8 40 63.23 0.104
8 41 32.72 0.582
8 42 58.57 0.115
8 43 30.99 0.334
8 44 60.28 0.505
8 45 7.17 0.224
8 46 26.13 0.033
8 47 1.65 0.472
8 48 64.11 0.676
8 49 52.46 0.049
9 10 68.54 0.193
9 11 65.78 0.199
9 12 21.13 0.24
9 13 23.24 0.645
9 14 44.75 0.576
9 15 16.95 0.495
9 16 88.27 0.455
9 17 55.54 0.372
9 18 25.77 0.089
9 19 59.16 0.363
9 20 51.88 0.487
9 21 15.59 0.659
9 22 3.87 0.586
9 23 18.1 0.121
9 24 28.34 0.228
9 25 68.89 0.215
9 26 41.46 0.617
9 27 69.16 0.355
9 28 52.82 0.526
9 29 76.32 0.197
9 30 69.97 0.484
9 31 16.06 0.523
9 32 77.32 0.385
9 33 46.89 0.059
9 34 91.91 0.04
9 35 79.9 0.336
9 36 45.19 0.331
9 37 69.72 0.036
9 38 34.83 0.446
9 39 65.22 0.42
9 40 35.94 0.496
9 41 68.04 0.005
9 42 52.77 0.019
9 43 72.91 0.314
9 44 20.2 0.436
9 45 37.48 0.072
9 46 90.89 0.359
9 47 9.73 0.34
9 48 49.96 0.628
9 49 39.94 0.01
10 11 95.12 0.011
10 12 86.64 0.502
10 13 82.05 0.234
10 14 21.14 0.661
10 15 15.1 0.553
10 16 10.45 0.303
10 17 96.79 0.345
10 18 4.14 0.171
10 19 52.88 0.17
10 20 27.92 0.292
10 21 53.9 0.613
10 22 84.43 0.645
10 23 39.41 0.51
10 24 74.73 0.173
10 25 35.69 0.473
10 26 20.01 0.38
10 27 17.96 0.658
10 28 90.97 0.098
10 29 23.87 0.154
10 30 91.61 0.312
10 31 80.11 0.594
10 32 0.94 0.172
10 33 52.94 0.661
10 34 44.06 0.689
10 35 53.52 0.359
10 36 62.53 0.01
10 37 17.81 0.537
10 38 68.46 0.515
10 39 19.25 0.458
10 40 15.42 0.228
10 41 11.28 0.158
10 42 60.83 0.065
10 43 72.15 0.217
10 44 90.7 0.217
10 45 14.5 0.234
10 46 55.92 0.277
10 47 63.33 0.316
10 48 56.83 0.066
10 49 36.68 0.684
11 12 82.85 0.063
11 13 43.99 0.431
11 14 51.74 0.313
11 15 17.02 0.022
11 16 36.41 0.237
11 17 30.85 0.069
11 18 50.53 0.168
11 19 97.19 0.508
11 20 77.88 0.36
11 21 41.69 0.209
11 22 21.52 0.361
11 23 40.02 0.124
11 24 80.56 0.687
11 25 80.63 0.584
11 26 61.91 0.525
11 27 16.14 0.26
11 28 52.54 0.197
11 29 59.05 0.447
11 30 65.07 0.259
11 31 63.55 0.692
11 32 36.79 0.56
11 33 60.23 0.025
11 34 1.05 0.652
11 35 85.3 0.272
11 36 49.12 0.391
11 37 23.52 0.68
11 38 44.39 0.462
11 39 62.42 0.04
11 40 53.9 0.476
11 41 87.21 0.357
11 42 37.08 0.667
11 43 31.89 0.45
11 44 65.64 0.019
11 45 84.61 0.305
11 46 27.53 0.523
11 47 93.14 0.164
11 48 58.17 0.274
11 49 45.24 0.618
12 13 66.2 0.21
12 14 68.98 0.195
12 15 80.67 0.201
12 16 80.04 0.2
12 17 77.58 0.191
12 18 65.67 0.194
12 19 73.28 0.14
12 20 72.36 0.159
12 21 72.54 0.205
12 22 84.39 0.209
12 23 70.61 0.201
12 24 95.01 0.201
12 25 76.89 0.031
12 26 70.29 0.041
12 27 36.32 0.166
12 28 39.05 0.547
12 29 70.86 0.142
12 30 5.91 0.591
12 31 28.38 0.563
12 32 91.62 0.202
12 33 57.18 0.289
12 34 92.14 0.368
12 35 91.82 0.472
12 36 64.82 0.316
12 37 96.17 0.661
12 38 17.02 0.094
12 39 44.27 0.049
12 40 91.21 0.161
12 41 95.05 0.241
12 42 56.63 0.488
12 43 36.75 0.543
12 44 23.94 0.525
12 45 13.72 0.232
12 46 32.6 0.219
12 47 11.27 0.047
12 48 72.07 0.049
12 49 65.56 0.665
13 14 73.39 0.196
13 15 74.31 0.203
13 16 65.4 0.194
13 17 69.75 0.194
13 18 68.65 0.192
13 19 80.71 0.205
13 20 70.34 0.194
13 21 72.49 0.198
13 22 93.39 0.143
13 23 70.91 0.034
13 24 73.2 0.204
13 25 97.73 0.474
13 26 39.83 0.699
13 27 36.2 0.613
13 28 64.75 0.066
13 29 99.64 0.246
13 30 33.36 0.027
13 31 21.98 0.122
13 32 99.83 0.658
13 33 27.15 0.509
13 34 33.45 0.002
13 35 63.73 0.507
13 36 70.24 0.637
13 37 98.63 0.579
13 38 23.21 0.548
13 39 99.84 0.08
13 40 22.57 0.028
13 41 24.04 0.367
13 42 42.82 0.133
13 43 46.08 0.459
13 44 42.54 0.269
13 45 41.94 0.627
13 46 47.5 0.609
13 47 19.98 0.425
13 48 30.2 0.63
13 49 45.23 0.251
14 15 72.53 0.204
14 16 96.78 0.194
14 17 69.45 0.026
14 18 71.79 0.209
14 19 69.93 0.196
14 20 76.32 0.205
14 21 80.58 0.201
14 22 80.27 0.062
14 23 73.76 0.057
14 24 88.84 0.116
14 25 13.48 0.354
14 26 52.29 0.249
14 27 10.79 0.232
14 28 38.8 0.215
14 29 58.74 0.011
14 30 14.14 0.03
14 31 53.46 0.092
14 32 28.96 0.106
14 33 29.07 0.197
14 34 75.52 0.251
14 35 61.18 0.156
14 36 89.15 0.409
14 37 22.67 0.331
14 38 19.42 0.483
14 39 5.77 0.149
14 40 61.78 0.099
14 41 51.07 0.666
14 42 63.04 0.084
14 43 30.66 0.577
14 44 90.84 0.215
14 45 12.95 0.63
14 46 53.7 0.684
14 47 43.53 0.159
14 48 84.47 0.108
14 49 17.96 0.469
15 16 78.63 0.193
15 17 95.36 0.073
15 18 99.52 0.096
15 19 66.65 0.158
15 20 85.75 0.201
15 21 79.82 0.208
15 22 69.6 0.207
15 23 71.07 0.207
15 24 67.6 0.197
15 25 88.63 0.054
15 26 77.48 0.007
15 27 81.06 0.293
15 28 67.94 0.641
15 29 28.47 0.145
15 30 58.15 0.443
15 31 65.23 0.444
15 32 50.14 0.632
15 33 5.02 0.341
15 34 89.86 0.589
15 35 71.55 0.285
15 36 63.48 0.159
15 37 2.3 0.369
15 38 32.19 0.22
15 39 77.5 0.689
15 40 86.42 0.068
15 41 87.73 0.431
15 42 74.11 0.053
15 43 79.63 0.299
15 44 69.1 0.371
15 45 25.72 0.382
15 46 82.44 0.064
15 47 54.24 0.301
15 48 18.9 0.171
15 49 11.19 0.639
16 17 66.71 0.207
16 18 73.68 0.194
16 19 71.8 0.209
16 20 67.87 0.191
16 21 75.51 0.149
16 22 67.39 0.197
16 23 90.67 0.205
16 24 69.98 0.195
16 25 48.6 0.173
16 26 72.56 0.092
16 27 27.07 0.115
16 28 16.04 0.696
16 29 13.08 0.585
16 30 12.17 0.357
16 31 19.7 0.078
16 32 80.62 0.668
16 33 84.35 0.207
16 34 25.4 0.638
16 35 67.74 0.606
16 36 82.04 0.573
16 37 16.69 0.578
16 38 48.62 0.437
16 39 86.52 0.066
16 40 96.54 0.512
16 41 99.76 0.669
16 42 80.05 0.561
16 43 28.86 0.408
16 44 95.69 0.479
16 45 57.4 0.285
16 46 81.23 0.478
16 47 83.82 0.655
16 48 38.5 0.456
16 49 88.63 0.678
17 18 97.85 0.053
17 19 69.73 0.209
17 20 74.29 0.192
17 21 73.53 0.209
17 22 99.2 0.197
17 23 79.27 0.206
17 24 69.93 0.204
17 25 29.87 0.317
17 26 91.62 0.289
17 27 91.16 0.351
17 28 67.98 0.302
17 29 97.25 0.211
17 30 98.83 0.156
17 31 0.09 0.399
17 32 92.43 0.492
17 33 54.86 0.447
17 34 77.09 0.3
17 35 30.8 0.286
17 36 35.62 0.203
17 37 91.69 0.571
17 38 82.25 0.266
17 39 96.39 0.176
17 40 54.43 0.199
17 41 46.09 0.621
17 42 31.26 0.465
17 43 21.77 0.621
17 44 69.03 0.652
17 45 21.84 0.135
17 46 32.15 0.189
17 47 62.21 0.363
17 48 61.84 0.045
17 49 10.18 0.014
18 19 72.05 0.206
18 20 75.2 0.193
18 21 65.67 0.074
18 22 73.12 0.207
18 23 66.19 0.208
18 24 97.21 0.198
18 25 12.71 0.047
18 26 41.04 0.289
18 27 39.07 0.216
18 28 6.53 0.475
18 29 24.89 0.39
18 30 32.28 0.006
18 31 16.61 0.108
18 32 16.74 0.484
18 33 85.69 0.156
18 34 70.44 0.112
18 35 32.61 0.528
18 36 51.49 0.298
18 37 22.73 0.594
18 38 89.72 0.478
18 39 78.68 0.032
18 40 64.68 0.652
18 41 75.89 0.099
18 42 38.43 0.085
18 43 0.51 0.676
18 44 23.44 0.092
18 45 13.51 0.676
18 46 57.01 0.345
18 47 43.49 0.364
18 48 97.21 0.052
18 49 34.71 0.38
19 20 92.85 0.082
19 21 69.91 0.027
19 22 67.58 0.208
19 23 90.86 0.196
19 24 72.54 0.2
19 25 15.36 0.488
19 26 29.22 0.683
19 27 67.47 0.222
19 28 55.84 0.012
19 29 89.25 0.501
19 30 23.39 0.553
19 31 53.32 0.007
19 32 86.67 0.206
19 33 39.51 0.075
19 34 16.73 0.461
19 35 45.93 0.021
19 36 98.72 0.138
19 37 8.11 0.293
19 38 95.42 0.216
19 39 25.72 0.69
19 40 97.73 0.126
19 41 73.97 0.559
19 42 45.69 0.446
19 43 22.63 0.521
19 44 66.3 0.424
19 45 43.38 0.321
19 46 79.67 0.503
19 47 60.72 0.181
19 48 55.9 0.544
19 49 2.52 0.52
20 21 98.52 0.193
20 22 70.72 0.203
20 23 74.52 0.202
20 24 72.74 0.197
20 25 40.95 0.233
20 26 79.53 0.548
20 27 55.39 0.361
20 28 66.33 0.427
20 29 46.77 0.317
20 30 66.67 0.204
20 31 48.21 0.338
20 32 52.61 0.017
20 33 35.67 0.069
20 34 54.43 0.596
20 35 39.02 0.363
20 36 96.42 0.504
20 37 45.59 0.258
20 38 52.62 0.699
20 39 22.86 0.651
20 40 76.15 0.152
20 41 27.98 0.645
20 42 8.01 0.568
20 43 86.58 0.246
20 44 5.89 0.285
20 45 65.53 0.193
20 46 5.79 0.369
20 47 54.51 0.536
20 48 37.56 0.648
20 49 57.45 0.594
21 22 71.5 0.201
21 23 74.15 0.2
21 24 73.79 0.194
21 25 76.48 0.646
21 26 47.11 0.44
21 27 72.01 0.652
21 28 66.85 0.06
21 29 34.61 0.072
21 30 48.9 0.157
21 31 61.77 0.557
21 32 49.3 0.599
21 33 72.44 0.081
21 34 11.34 0.146
21 35 41.84 0.358
21 36 69.84 0.564
21 37 34.37 0.635
21 38 18.6 0.487
21 39 18.53 0.289
21 40 42.04 0.656
21 41 36.15 0.295
21 42 28.1 0.064
21 43 87.55 0.611
21 44 5.64 0.521
21 45 41.84 0.454
21 46 15.74 0.046
21 47 98.8 0.538
21 48 69.72 0.378
21 49 79.57 0.345
22 23 79.87 0.142
22 24 70.83 0.038
22 25 52.27 0.418
22 26 67.14 0.325
22 27 5.23 0.665
22 28 22.11 0.369
22 29 36.47 0.383
22 30 27.41 0.246
22 31 32.36 0.685
22 32 64.48 0.14
22 33 61.86 0.236
22 34 27.15 0.47
22 35 91.66 0.381
22 36 36.57 0.276
22 37 75.06 0.218
22 38 12.55 0.469
22 39 2.89 0.268
22 40 40.13 0.13
22 41 67.23 0.426
22 42 57.22 0.283
22 43 81.97 0.355
22 44 93.49 0.271
22 45 41.19 0.461
22 46 69.49 0.168
22 47 40.55 0.308
22 48 26.76 0.109
22 49 22.03 0.377
23 24 74.74 0.207
23 25 10.22 0.298
23 26 4.34 0.689
23 27 86.51 0.589
23 28 75.46 0.363
23 29 57.05 0.028
23 30 36.38 0.286
23 31 1.11 0.294
23 32 90.55 0.252
23 33 17.67 0.319
23 34 52.7 0.684
23 35 55.82 0.481
23 36 16.79 0.566
23 37 34.95 0.028
23 38 87.21 0.384
23 39 63.64 0.386
23 40 30.87 0.34
23 41 8.89 0.588
23 42 31.17 0.241
23 43 96.3 0.583
23 44 55.8 0.273
23 45 77.37 0.588
23 46 73.88 0.287
23 47 37.24 0.49
23 48 73.59 0.493
23 49 36.61 0.137
24 25 1.91 0.681
24 26 53.82 0.204
24 27 47.68 0.29
24 28 23.55 0.238
24 29 3.81 0.527
24 30 45.8 0.017
24 31 73.57 0.174
24 32 34.8 0.343
24 33 93.31 0.455
24 34 3.27 0.481
24 35 61.63 0.547
24 36 26.0 0.694
24 37 97.65 0.009
24 38 74.4 0.409
24 39 34.71 0.469
24 40 28.88 0.602
24 41 0.88 0.415
24 42 27.51 0.618
24 43 9.15 0.506
24 44 9.03 0.531
24 45 64.32 0.595
24 46 42.8 0.479
24 47 25.01 0.122
24 48 67.0 0.573
24 49 49.7 0.226
25 26 83.57 0.198
25 27 99.9 0.023
25 28 69.58 0.204
25 29 98.25 0.194
25 30 72.57 0.193
25 31 96.27 0.125
25 32 65.39 0.197
25 33 73.91 0.208
25 34 80.54 0.186
25 35 87.37 0.201
25 36 98.88 0.577
25 37 37.94 0.32
25 38 89.78 0.575
25 39 99.48 0.698
25 40 7.74 0.179
25 41 56.18 0.688
25 42 40.1 0.519
25 43 19.58 0.126
25 44 26.28 0.496
25 45 99.04 0.226
25 46 68.48 0.569
25 47 56.53 0.492
25 48 89.4 0.309
25 49 94.7 0.042
26 27 66.4 0.209
26 28 74.28 0.199
26 29 74.53 0.197
26 30 74.12 0.2
26 31 66.52 0.207
26 32 76.51 0.202
26 33 74.12 0.206
26 34 74.92 0.201
26 35 70.74 0.178
26 36 78.73 0.507
26 37 89.97 0.568
26 38 23.4 0.213
26 39 80.35 0.114
26 40 5.04 0.5
26 41 9.31 0.389
26 42 34.37 0.471
26 43 41.1 0.376
26 44 40.21 0.325
26 45 30.06 0.664
26 46 47.24 0.062
26 47 25.15 0.692
26 48 33.22 0.277
26 49 62.52 0.458
27 28 71.76 0.032
27 29 98.64 0.203
27 30 95.27 0.208
27 31 68.67 0.195
27 32 81.1 0.204
27 33 76.64 0.196
27 34 90.14 0.204
27 35 65.23 0.146
27 36 29.18 0.151
27 37 57.73 0.414
27 38 29.74 0.024
27 39 57.86 0.303
27 40 97.75 0.668
27 41 45.25 0.566
27 42 1.48 0.179
27 43 70.34 0.135
27 44 23.41 0.562
27 45 66.97 0.242
27 46 41.99 0.099
27 47 6.87 0.279
27 48 9.02 0.442
27 49 38.18 0.069
28 29 70.83 0.134
28 30 65.83 0.204
28 31 71.22 0.16
28 32 71.96 0.194
28 33 68.68 0.082
28 34 71.21 0.192
28 35 73.73 0.073
28 36 99.58 0.176
28 37 93.8 0.308
28 38 37.4 0.185
28 39 10.43 0.412
28 40 27.28 0.278
28 41 85.07 0.48
28 42 55.0 0.044
28 43 24.57 0.324
28 44 25.99 0.029
28 45 75.41 0.373
28 46 98.85 0.185
28 47 4.37 0.632
28 48 55.21 0.222
28 49 27.14 0.429
29 30 66.22 0.192
29 31 74.22 0.033
29 32 67.54 0.192
29 33 67.72 0.19
29 34 65.48 0.045
29 35 68.05 0.195
29 36 64.15 0.272
29 37 33.81 0.603
29 38 3.26 0.01
29 39 0.28 0.359
29 40 71.88 0.176
29 41 98.95 0.27
29 42 37.66 0.458
29 43 34.73 0.53
29 44 46.16 0.691
29 45 27.13 0.138
29 46 83.71 0.406
29 47 99.94 0.238
29 48 37.04 0.484
29 49 63.71 0.456
30 31 74.08 0.206
30 32 72.27 0.19
30 33 65.75 0.206
30 34 92.27 0.205
30 35 65.65 0.196
30 36 18.78 0.011
30 37 6.95 0.058
30 38 71.28 0.141
30 39 42.52 0.496
30 40 89.95 0.291
30 41 19.9 0.558
30 42 86.13 0.08
30 43 91.62 0.609
30 44 65.83 0.191
30 45 80.07 0.509
30 46 60.03 0.329
30 47 61.07 0.594
30 48 42.84 0.674
30 49 97.84 0.267
31 32 68.58 0.018
31 33 71.08 0.193
31 34 92.45 0.209
31 35 67.47 0.203
31 36 25.41 0.187
31 37 6.91 0.421
31 38 94.88 0.35
31 39 69.56 0.38
31 40 75.75 0.541
31 41 50.73 0.545
31 42 1.43 0.003
31 43 21.46 0.061
31 44 10.63 0.411
31 45 68.27 0.334
31 46 35.57 0.647
31 47 97.6 0.181
31 48 64.37 0.457
31 49 48.68 0.414
32 33 68.82 0.198
32 34 68.22 0.208
32 35 69.76 0.203
32 36 74.74 0.569
32 37 61.98 0.433
32 38 2.57 0.508
32 39 92.46 0.321
32 40 37.86 0.37
32 41 13.14 0.527
32 42 59.69 0.018
32 43 14.62 0.259
32 44 76.75 0.423
32 45 46.41 0.017
32 46 21.13 0.686
32 47 59.33 0.636
32 48 82.5 0.295
32 49 93.65 0.149
33 34 73.92 0.195
33 35 66.65 0.209
33 36 84.84 0.359
33 37 65.38 0.567
33 38 35.2 0.62
33 39 32.35 0.583
33 40 50.18 0.158
33 41 47.24 0.143
33 42 24.79 0.521
33 43 42.35 0.396
33 44 30.3 0.235
33 45 56.52 0.343
33 46 27.41 0.344
33 47 64.07 0.387
33 48 31.73 0.635
33 49 96.03 0.564
34 35 66.27 0.189
34 36 23.57 0.446
34 37 57.1 0.621
34 38 16.54 0.405
34 39 35.46 0.543
34 40 56.6 0.264
34 41 46.63 0.165
34 42 74.48 0.686
34 43 48.04 0.613
34 44 21.94 0.132
34 45 36.24 0.12
34 46 16.11 0.567
34 47 46.15 0.526
34 48 76.62 0.215
34 49 5.7 0.02
35 36 20.02 0.215
35 37 67.33 0.476
35 38 2.11 0.695
35 39 13.5 0.471
35 40 6.11 0.51
35 41 45.13 0.332
35 42 45.13 0.498
35 43 29.72 0.43
35 44 4.53 0.51
35 45 38.14 0.167
35 46 35.31 0.348
35 47 15.37 0.343
35 48 92.21 0.214
35 49 70.82 0.431
36 37 89.65 0.19
36 38 66.52 0.136
36 39 79.74 0.203
36 40 73.84 0.131
36 41 95.93 0.191
36 42 72.37 0.199
36 43 72.94 0.045
36 44 72.52 0.192
36 45 71.61 0.2
36 46 74.49 0.023
36 47 68.95 0.204
36 48 73.06 0.195
36 49 73.14 0.192
37 38 74.33 0.117
37 39 72.08 0.174
37 40 84.91 0.191
37 41 67.87 0.202
37 42 70.19 0.196
37 43 67.98 0.19
37 44 72.71 0.21
37 45 71.81 0.207
37 46 66.36 0.054
37 47 72.58 0.21
37 48 74.52 0.193
37 49 68.92 0.204
38 39 73.69 0.194
38 40 67.39 0.208
38 41 67.43 0.191
38 42 66.46 0.149
38 43 70.52 0.11
38 44 65.34 0.203
38 45 83.84 0.01
38 46 91.24 0.192
38 47 72.36 0.194
38 48 65.19 0.195
38 49 81.42 0.191
39 40 72.32 0.202
39 41 65.52 0.191
39 42 67.71 0.198
39 43 69.89 0.2
39 44 79.57 0.074
39 45 91.76 0.204
39 46 71.57 0.2
39 47 99.9 0.078
39 48 65.24 0.199
39 49 93.42 0.025
40 41 68.68 0.207
40 42 74.63 0.198
40 43 65.67 0.088
40 44 71.13 0.154
40 45 88.8 0.206
40 46 72.09 0.131
40 47 65.01 0.202
40 48 79.85 0.196
40 49 84.73 0.203
41 42 71.06 0.192
41 43 74.28 0.208
41 44 67.29 0.02
41 45 73.13 0.191
41 46 71.76 0.127
41 47 68.56 0.194
41 48 66.38 0.171
41 49 70.86 0.203
42 43 70.58 0.197
42 44 80.1 0.209
42 45 69.4 0.208
42 46 72.73 0.197
42 47 85.96 0.061
42 48 69.13 0.176
42 49 65.08 0.114
43 44 68.05 0.195
43 45 81.02 0.191
43 46 80.09 0.012
43 47 71.03 0.208
43 48 70.63 0.209
43 49 65.04 0.2
44 45 68.04 0.206
44 46 65.9 0.209
44 47 67.42 0.146
44 48 68.47 0.193
44 49 82.96 0.209
45 46 70.31 0.076
45 47 67.17 0.181
45 48 74.49 0.191
45 49 65.57 0.153
46 47 65.68 0.206
46 48 79.57 0.195
46 49 84.97 0.16
47 48 90.48 0.193
47 49 66.96 0.18
48 49 95.25 0.201