50
60.0
0 1 1.0 2.5
0 2 1.0 2.5
0 3 1.0 2.5
0 4 1.0 2.5
0 5 0.99 2.5
0 6 1.0 2.5
0 7 1.0 2.5
0 8 1.0 2.5
0 9 1.2 0.6
0 10 1.0 2.5
0 11 1.0 2.5
0 12 1.0 2.5
0 13 1.0 2.5
0 14 1.0 2.5
0 15 1.0 2.5
0 16 1.0 2.5
0 17 1.0 2.5
0 18 1.1 2.5
0 19 1.02 2.5
0 20 1.0 2.5
0 21 1.0 2.5
0 22 1.0 2.5
0 23 1.0 2.5
0 24 1.0 2.5
0 25 1.0 2.5
0 26 1.0 2.5
0 27 1.0 2.5
0 28 1.0 2.5
0 29 0.99 2.5
0 30 1.2 0.6
0 31 1.0 2.5
0 32 1.0 2.5
0 33 1.0 2.5
0 34 1.0 2.5
0 35 1.0 2.5
0 36 1.0 2.5
0 37 1.0 2.5
0 38 0.99 2.5
0 39 1.0 2.5
0 40 0.99 2.5
0 41 1.2 0.6
0 42 1.0 2.5
0 43 1.0 2.5
0 44 0.99 2.5
0 45 1.0 2.5
0 46 1.0 2.5
0 47 1.0 2.5
0 48 1.0 2.5
0 49 1.2 0.6
1 2 1.0 1.0
1 3 1.0 1.0
1 4 1.01 2.5
1 5 1.01 2.5
1 6 1.25 0.4
1 7 1.0 1.0
1 8 1.0 1.0
1 9 1.0 2.5
1 10 1.0 2.5
1 11 1.0 2.5
1 12 1.25 0.4
1 13 1.0 1.0
1 14 1.25 0.4
1 15 1.05 1.0
1 16 1.01 2.5
1 17 1.0 1.0
1 18 1.1 2.5
1 19 1.0 1.0
1 20 1.0 1.0
1 21 1.0 2.5
1 22 1.0 1.0
1 23 1.01 2.5
1 24 1.01 2.5
1 25 1.01 2.5
1 26 1.01 2.5
1 27 1.01 2.5
1 28 1.01 2.5
1 29 1.01 2.5
1 30 1.0 2.5
1 31 1.01 2.5
1 32 1.0 2.5
1 33 1.01 2.5
1 34 1.01 2.5
1 35 1.01 2.5
1 36 1.0 2.5
1 37 1.1 1.0
1 38 1.01 2.5
1 39 1.0 1.0
1 40 1.01 2.5
1 41 1.02 2.5
1 42 1.0 1.0
1 43 1.25 0.4
1 44 1.01 2.5
1 45 1.0 2.5
1 46 1.0 1.0
1 47 1.25 0.4
1 48 1.01 2.5
1 49 1.0 2.5
2 3 1.1 1.0
2 4 1.0 2.5
2 5 1.0 2.5
2 6 1.01 1.0
2 7 1.01 1.0
2 8 1.3 0.6
2 9 1.0 2.5
2 10 1.0 2.5
2 11 1.0 2.5
2 12 1.01 1.0
2 13 1.01 1.0
2 14 1.01 1.0
2 15 1.1 1.0
2 16 1.0 2.5
2 17 1.3 0.6
2 18 1.1 2.5
2 19 1.1 1.0
2 20 1.01 1.0
2 21 1.0 2.5
2 22 1.1 1.0
2 23 1.0 2.5
2 24 1.01 2.5
2 25 1.0 2.5
2 26 1.15 2.5
2 27 1.0 2.5
2 28 1.0 2.5
2 29 1.0 2.5
2 30 1.0 2.5
2 31 1.0 2.5
2 32 1.0 2.5
2 33 1.0 2.5
2 34 1.0 2.5
2 35 1.0 2.5
2 36 1.0 2.5
2 37 1.1 1.0
2 38 1.0 2.5
2 39 1.3 0.6
2 40 1.0 2.5
2 41 1.02 2.5
2 42 1.3 0.6
2 43 1.01 1.0
2 44 1.0 2.5
2 45 1.0 2.5
2 46 1.01 1.0
2 47 1.01 1.0
2 48 1.0 2.5
2 49 1.0 2.5
3 4 1.0 2.5
3 5 1.0 2.5
3 6 1.0 1.0
3 7 1.0 1.0
3 8 1.0 1.0
3 9 1.0 2.5
3 10 1.0 2.5
3 11 1.0 2.5
3 12 1.0 1.0
3 13 1.0 1.0
3 14 1.0 1.0
3 15 1.1 1.0
3 16 1.0 2.5
3 17 1.0 1.0
3 18 1.1 2.5
3 19 1.1 1.0
3 20 3.0 6.0
3 21 1.0 2.5
3 22 1.1 1.0
3 23 1.0 2.5
3 24 1.01 2.5
3 25 1.0 2.5
3 26 1.0 2.5
3 27 1.0 2.5
3 28 1.0 2.5
3 29 1.0 2.5
3 30 1.0 2.5
3 31 1.0 2.5
3 32 1.0 2.5
3 33 1.0 2.5
3 34 1.0 2.5
3 35 1.0 2.5
3 36 1.0 2.5
3 37 1.1 1.0
3 38 1.0 2.5
3 39 1.0 1.0
3 40 1.0 2.5
3 41 1.02 2.5
3 42 1.0 1.0
3 43 1.0 1.0
3 44 1.0 2.5
3 45 1.0 2.5
3 46 1.0 1.0
3 47 1.0 1.0
3 48 1.0 2.5
3 49 1.0 2.5
4 5 1.0 1.0
4 6 1.0 2.5
4 7 1.0 2.5
4 8 1.0 2.5
4 9 1.0 2.5
4 10 1.0 2.5
4 11 1.0 2.5
4 12 1.0 2.5
4 13 1.0 2.5
4 14 1.0 2.5
4 15 1.0 2.5
4 16 1.0 1.0
4 17 1.0 2.5
4 18 1.1 1.0
4 19 1.0 2.5
4 20 1.0 2.5
4 21 1.0 2.5
4 22 1.0 2.5
4 23 1.1 1.0
4 24 1.0 1.0
4 25 1.1 1.0
4 26 1.1 1.0
4 27 1.0 1.0
4 28 1.0 1.0
4 29 1.0 1.0
4 30 1.0 2.5
4 31 1.1 1.0
4 32 1.0 2.5
4 33 1.0 1.0
4 34 1.0 1.0
4 35 1.0 1.0
4 36 1.0 2.5
4 37 1.0 2.5
4 38 1.0 1.0
4 39 1.15 2.5
4 40 1.0 1.0
4 41 1.0 2.5
4 42 1.0 2.5
4 43 0.99 2.5
4 44 1.0 1.0
4 45 1.0 1.0
4 46 1.02 2.5
4 47 1.0 2.5
4 48 1.0 1.0
4 49 1.0 2.5
5 6 1.0 2.5
5 7 1.0 2.5
5 8 1.0 2.5
5 9 1.0 2.5
5 10 1.0 2.5
5 11 1.0 2.5
5 12 1.0 2.5
5 13 1.0 2.5
5 14 1.0 2.5
5 15 1.0 2.5
5 16 1.0 1.0
5 17 1.0 2.5
5 18 1.1 1.0
5 19 1.0 2.5
5 20 1.0 2.5
5 21 1.0 2.5
5 22 1.0 2.5
5 23 1.01 1.0
5 24 1.05 0.4
5 25 1.05 1.0
5 26 1.0 1.0
5 27 1.0 1.0
5 28 1.0 1.0
5 29 1.25 0.4
5 30 1.0 2.5
5 31 1.0 1.0
5 32 1.0 2.5
5 33 1.05 0.4
5 34 1.0 1.0
5 35 1.0 1.0
5 36 1.0 2.5
5 37 1.0 2.5
5 38 1.05 0.4
5 39 1.15 2.5
5 40 1.05 0.4
5 41 1.0 2.5
5 42 1.0 2.5
5 43 1.0 2.5
5 44 0.1 1.0
5 45 1.0 1.0
5 46 1.0 2.5
5 47 1.0 2.5
5 48 0.1 1.0
5 49 1.0 2.5
6 7 1.0 2.0
6 8 0.99 1.0
6 9 1.05 2.5
6 10 1.0 2.5
6 11 1.0 2.5
6 12 1.05 0.4
6 13 1.0 2.0
6 14 1.05 0.4
6 15 1.05 1.0
6 16 1.0 2.5
6 17 1.0 1.0
6 18 1.1 2.5
6 19 1.0 1.0
6 20 1.0 2.0
6 21 1.0 2.5
6 22 1.0 1.0
6 23 1.0 2.5
6 24 1.01 2.5
6 25 1.0 2.5
6 26 1.0 2.5
6 27 1.0 2.5
6 28 1.0 2.5
6 29 1.0 2.5
6 30 1.0 2.5
6 31 1.0 2.5
6 32 1.0 2.5
6 33 1.0 2.5
6 34 1.0 2.5
6 35 1.0 2.5
6 36 1.0 2.5
6 37 1.1 2.0
6 38 1.0 2.5
6 39 1.02 1.0
6 40 1.0 2.5
6 41 1.02 2.5
6 42 1.0 1.0
6 43 1.05 0.4
6 44 1.0 2.5
6 45 1.0 2.5
6 46 1.0 2.0
6 47 1.05 0.4
6 48 1.0 2.5
6 49 1.0 2.5
7 8 1.0 1.0
7 9 1.05 2.5
7 10 1.05 2.5
7 11 1.0 2.5
7 12 0.7 1.0
7 13 1.2 0.6
7 14 1.0 1.0
7 15 1.0 1.0
7 16 1.0 2.5
7 17 1.0 1.0
7 18 1.1 2.5
7 19 1.0 1.0
7 20 1.2 0.6
7 21 1.0 2.5
7 22 1.0 1.0
7 23 1.0 2.5
7 24 1.01 2.5
7 25 1.0 2.5
7 26 1.0 2.5
7 27 1.0 2.5
7 28 1.0 2.5
7 29 1.0 2.5
7 30 1.0 2.5
7 31 1.0 2.5
7 32 1.0 2.5
7 33 1.0 2.5
7 34 1.0 2.5
7 35 1.0 2.5
7 36 1.05 2.5
7 37 1.2 0.6
7 38 1.0 2.5
7 39 1.0 1.0
7 40 1.0 2.5
7 41 1.0 2.5
7 42 1.0 1.0
7 43 1.0 0.5
7 44 1.0 2.5
7 45 1.0 2.5
7 46 1.2 0.6
7 47 1.0 1.0
7 48 1.01 2.5
7 49 1.0 2.5
8 9 1.0 2.5
8 10 1.0 2.5
8 11 1.0 2.5
8 12 1.0 1.0
8 13 1.0 1.0
8 14 0.98 1.0
8 15 1.0 1.0
8 16 1.0 2.5
8 17 1.3 0.6
8 18 1.1 2.5
8 19 1.0 1.0
8 20 1.0 1.0
8 21 1.0 2.5
8 22 1.0 1.0
8 23 1.0 2.5
8 24 1.01 2.5
8 25 1.0 2.5
8 26 1.0 2.5
8 27 1.0 2.5
8 28 1.0 2.5
8 29 1.0 2.5
8 30 1.0 2.5
8 31 1.0 2.5
8 32 1.0 2.5
8 33 1.0 2.5
8 34 1.0 2.5
8 35 1.0 2.5
8 36 1.0 2.5
8 37 1.1 1.0
8 38 1.0 2.5
8 39 1.3 0.6
8 40 1.0 2.5
8 41 1.0 2.5
8 42 1.3 0.6
8 43 1.0 1.0
8 44 1.0 2.5
8 45 1.0 2.5
8 46 1.04 1.0
8 47 1.0 1.0
8 48 1.0 2.5
8 49 1.0 2.5
9 10 1.0 2.5
9 11 1.0 2.5
9 12 1.05 2.5
9 13 1.05 2.5
9 14 1.05 2.5
9 15 1.0 2.5
9 16 1.0 2.5
9 17 1.0 2.5
9 18 1.1 2.5
9 19 1.02 2.5
9 20 1.05 2.5
9 21 1.0 2.5
9 22 1.0 2.5
9 23 1.0 2.5
9 24 1.0 2.5
9 25 1.0 2.5
9 26 1.0 2.5
9 27 1.0 2.5
9 28 1.0 2.5
9 29 1.0 2.5
9 30 1.2 0.6
9 31 1.0 2.5
9 32 1.0 2.5
9 33 1.0 2.5
9 34 1.0 2.5
9 35 1.0 2.5
9 36 1.0 2.5
9 37 1.05 2.5
9 38 1.0 2.5
9 39 1.0 2.5
9 40 1.0 2.5
9 41 1.5 0.6
9 42 1.0 2.5
9 43 1.05 2.5
9 44 1.0 2.5
9 45 1.0 2.5
9 46 1.05 2.5
9 47 1.05 2.5
9 48 1.0 2.5
9 49 1.2 0.6
10 11 1.2 0.6
10 12 1.0 2.5
10 13 1.05 2.5
10 14 1.0 2.5
10 15 1.0 2.5
10 16 1.05 2.5
10 17 1.0 2.5
10 18 1.1 2.5
10 19 1.02 2.5
10 20 1.05 2.5
10 21 1.2 0.6
10 22 1.0 2.5
10 23 1.05 2.5
10 24 1.01 2.5
10 25 1.0 2.5
10 26 1.0 2.5
10 27 0.99 2.5
10 28 1.05 2.5
10 29 1.0 2.5
10 30 1.0 2.5
10 31 1.0 2.5
10 32 1.2 0.6
10 33 1.0 2.5
10 34 1.05 2.5
10 35 1.0 2.5
10 36 1.2 0.6
10 37 1.05 2.5
10 38 1.0 2.5
10 39 1.0 2.5
10 40 1.0 2.5
10 41 1.0 2.5
10 42 1.0 2.5
10 43 1.0 2.5
10 44 1.0 2.5
10 45 1.05 2.5
10 46 1.05 2.5
10 47 1.0 2.5
10 48 1.0 2.5
10 49 1.0 2.5
11 12 1.0 2.5
11 13 1.0 2.5
11 14 1.0 2.5
11 15 1.0 2.5
11 16 1.0 2.5
11 17 1.0 2.5
11 18 1.1 2.5
11 19 1.0 2.5
11 20 1.0 2.5
11 21 1.2 0.6
11 22 1.0 2.5
11 23 1.0 2.5
11 24 0.99 2.5
11 25 1.0 2.5
11 26 1.0 2.5
11 27 1.0 2.5
11 28 1.0 2.5
11 29 1.0 2.5
11 30 1.0 2.5
11 31 1.0 2.5
11 32 1.2 0.6
11 33 1.0 2.5
11 34 1.0 2.5
11 35 1.0 2.5
11 36 1.2 0.6
11 37 1.0 2.5
11 38 1.0 2.5
11 39 1.0 2.5
11 40 1.0 2.5
11 41 1.0 2.5
11 42 1.0 2.5
11 43 1.0 2.5
11 44 1.0 2.5
11 45 1.0 2.5
11 46 1.0 2.5
11 47 1.0 2.5
11 48 0.99 2.5
11 49 1.0 2.5
12 13 0.7 1.0
12 14 1.05 0.4
12 15 1.05 1.0
12 16 1.0 2.5
12 17 1.01 1.0
12 18 1.1 2.5
12 19 1.0 1.0
12 20 0.7 1.0
12 21 1.0 2.5
12 22 1.0 1.0
12 23 1.0 2.5
12 24 1.01 2.5
12 25 1.01 2.5
12 26 0.98 2.5
12 27 0.99 2.5
12 28 1.0 2.5
12 29 1.0 2.5
12 30 1.0 2.5
12 31 1.01 2.5
12 32 0.99 2.5
12 33 1.0 2.5
12 34 1.0 2.5
12 35 0.99 2.5
12 36 1.0 2.5
12 37 1.5 1.0
12 38 1.0 2.5
12 39 0.99 1.0
12 40 1.0 2.5
12 41 1.0 2.5
12 42 1.0 1.0
12 43 1.25 0.4
12 44 1.0 2.5
12 45 1.0 2.5
12 46 0.7 1.0
12 47 1.25 0.4
12 48 1.03 2.5
12 49 1.0 2.5
13 14 1.0 1.0
13 15 1.0 1.0
13 16 1.0 2.5
13 17 1.0 1.0
13 18 1.1 2.5
13 19 1.0 1.0
13 20 1.2 0.6
13 21 1.0 2.5
13 22 1.0 1.0
13 23 1.0 2.5
13 24 1.01 2.5
13 25 1.0 2.5
13 26 1.0 2.5
13 27 1.0 2.5
13 28 1.0 2.5
13 29 1.0 2.5
13 30 1.0 2.5
13 31 1.0 2.5
13 32 1.0 2.5
13 33 1.04 2.5
13 34 1.0 2.5
13 35 0.99 2.5
13 36 1.05 2.5
13 37 1.2 0.6
13 38 1.0 2.5
13 39 1.0 1.0
13 40 1.02 2.5
13 41 1.0 2.5
13 42 1.0 95.0
13 43 1.0 0.5
13 44 1.0 2.5
13 45 1.0 2.5
13 46 1.2 0.6
13 47 1.0 1.0
13 48 1.0 2.5
13 49 1.0 2.5
14 15 1.05 1.0
14 16 1.0 2.5
14 17 1.0 1.0
14 18 1.1 2.5
14 19 1.0 1.0
14 20 0.1 1.0
14 21 1.0 2.5
14 22 1.0 1.0
14 23 1.0 2.5
14 24 1.01 2.5
14 25 1.0 2.5
14 26 1.0 2.5
14 27 1.0 2.5
14 28 1.0 2.5
14 29 1.0 2.5
14 30 1.0 2.5
14 31 1.0 2.5
14 32 1.0 2.5
14 33 1.0 2.5
14 34 1.0 2.5
14 35 1.0 2.5
14 36 1.0 2.5
14 37 1.1 1.0
14 38 1.0 2.5
14 39 1.04 1.0
14 40 1.0 2.5
14 41 1.02 2.5
14 42 1.0 1.0
14 43 1.05 0.4
14 44 1.0 2.5
14 45 1.0 2.5
14 46 0.1 1.0
14 47 1.05 0.4
14 48 1.0 2.5
14 49 1.0 2.5
15 16 1.0 2.5
15 17 1.0 1.0
15 18 1.1 2.5
15 19 1.1 1.0
15 20 1.0 1.0
15 21 1.0 2.5
15 22 1.1 1.0
15 23 1.0 2.5
15 24 1.01 2.5
15 25 1.0 2.5
15 26 1.0 2.5
15 27 1.0 2.5
15 28 1.0 2.5
15 29 1.0 2.5
15 30 1.0 2.5
15 31 1.0 2.5
15 32 1.0 2.5
15 33 1.0 2.5
15 34 1.0 2.5
15 35 1.0 2.5
15 36 1.0 2.5
15 37 1.1 1.0
15 38 1.0 2.5
15 39 1.0 1.0
15 40 1.0 2.5
15 41 1.02 2.5
15 42 1.0 1.0
15 43 1.05 1.0
15 44 1.0 2.5
15 45 1.0 2.5
15 46 1.0 1.0
15 47 1.05 1.0
15 48 1.0 2.5
15 49 1.0 2.5
16 17 1.0 2.5
16 18 1.1 1.0
16 19 1.0 2.5
16 20 1.0 2.5
16 21 1.0 2.5
16 22 1.0 2.5
16 23 1.3 0.6
16 24 1.0 1.0
16 25 1.0 1.0
16 26 1.0 1.0
16 27 1.0 1.0
16 28 1.3 0.6
16 29 1.0 1.0
16 30 1.0 2.5
16 31 1.0 1.0
16 32 1.0 2.5
16 33 2.0 5.5
16 34 1.3 0.6
16 35 1.0 95.0
16 36 1.0 2.5
16 37 1.0 2.5
16 38 1.0 1.0
16 39 1.15 2.5
16 40 1.0 1.0
16 41 1.0 2.5
16 42 1.0 2.5
16 43 1.0 2.5
16 44 1.0 1.0
16 45 1.3 0.6
16 46 1.0 2.5
16 47 1.0 2.5
16 48 1.0 1.0
16 49 1.0 0.6
17 18 1.1 2.5
17 19 1.0 1.0
17 20 1.0 1.0
17 21 1.0 2.5
17 22 1.0 1.0
17 23 1.0 2.5
17 24 1.01 2.5
17 25 1.0 2.5
17 26 1.0 2.5
17 27 1.0 2.5
17 28 1.0 2.5
17 29 1.0 2.5
17 30 1.0 2.5
17 31 1.15 2.5
17 32 1.0 2.5
17 33 1.0 2.5
17 34 1.0 2.5
17 35 1.0 2.5
17 36 1.0 2.5
17 37 1.1 1.0
17 38 1.0 2.5
17 39 1.3 0.6
17 40 1.0 2.5
17 41 1.0 2.5
17 42 1.3 0.6
17 43 0.98 1.0
17 44 1.0 2.5
17 45 1.0 2.5
17 46 1.0 1.0
17 47 1.01 1.0
17 48 1.0 2.5
17 49 1.0 2.5
18 19 1.1 2.5
18 20 1.1 2.5
18 21 1.1 2.5
18 22 1.1 2.5
18 23 1.1 1.0
18 24 1.1 2.0
18 25 1.1 1.0
18 26 1.1 1.0
18 27 1.2 0.6
18 28 1.1 1.0
18 29 1.1 1.0
18 30 1.1 2.5
18 31 1.1 1.0
18 32 1.1 2.5
18 33 1.1 0.5
18 34 1.1 1.0
18 35 1.2 0.6
18 36 1.1 2.5
18 37 1.1 2.5
18 38 1.1 1.0
18 39 1.1 2.5
18 40 1.5 1.0
18 41 1.1 2.5
18 42 1.1 2.5
18 43 1.1 2.5
18 44 1.2 0.6
18 45 1.1 1.0
18 46 1.1 2.5
18 47 1.1 2.5
18 48 1.2 0.6
18 49 1.1 2.5
19 20 1.0 1.0
19 21 1.02 2.5
19 22 1.1 1.0
19 23 1.0 2.5
19 24 1.01 2.5
19 25 1.0 2.5
19 26 1.0 2.5
19 27 1.0 2.5
19 28 1.0 2.5
19 29 1.0 2.5
19 30 1.02 2.5
19 31 1.0 2.5
19 32 1.0 2.5
19 33 1.0 2.5
19 34 1.0 2.5
19 35 1.0 2.5
19 36 1.02 2.5
19 37 1.1 1.0
19 38 1.0 2.5
19 39 1.0 1.0
19 40 1.0 2.5
19 41 1.02 2.5
19 42 1.0 1.0
19 43 1.0 1.0
19 44 1.0 2.5
19 45 1.0 2.5
19 46 1.0 1.0
19 47 1.0 1.0
19 48 1.0 2.5
19 49 1.02 2.5
20 21 1.0 2.5
20 22 1.0 1.0
20 23 1.0 2.5
20 24 1.01 2.5
20 25 1.0 2.5
20 26 1.0 2.5
20 27 1.0 2.5
20 28 1.0 2.5
20 29 1.0 2.5
20 30 1.0 2.5
20 31 1.01 2.5
20 32 1.0 2.5
20 33 1.0 2.5
20 34 1.0 2.5
20 35 1.01 2.5
20 36 1.05 2.5
20 37 1.2 0.6
20 38 1.0 2.5
20 39 1.0 1.0
20 40 1.0 2.5
20 41 1.0 2.5
20 42 1.0 1.0
20 43 1.0 0.5
20 44 0.98 2.5
20 45 1.0 2.5
20 46 1.2 0.6
20 47 1.0 1.5
20 48 1.01 2.5
20 49 1.0 2.5
21 22 1.0 2.5
21 23 1.0 2.5
21 24 1.01 2.5
21 25 1.0 2.5
21 26 1.0 2.5
21 27 1.0 2.5
21 28 1.0 2.5
21 29 1.0 2.5
21 30 1.0 2.5
21 31 1.0 2.5
21 32 1.2 0.6
21 33 1.0 2.5
21 34 1.0 2.5
21 35 1.0 2.5
21 36 1.2 0.6
21 37 1.0 2.5
21 38 1.0 2.5
21 39 1.0 2.5
21 40 1.0 2.5
21 41 1.0 2.5
21 42 1.0 2.5
21 43 1.0 2.5
21 44 1.0 2.5
21 45 1.0 2.5
21 46 1.0 2.5
21 47 1.0 2.5
21 48 1.0 2.5
21 49 1.0 2.5
22 23 1.0 2.5
22 24 1.01 2.5
22 25 1.0 2.5
22 26 1.0 2.5
22 27 1.0 2.5
22 28 1.0 2.5
22 29 1.0 2.5
22 30 1.0 2.5
22 31 1.0 2.5
22 32 1.0 2.5
22 33 1.0 2.5
22 34 1.0 2.5
22 35 1.0 2.5
22 36 1.0 2.5
22 37 1.1 1.0
22 38 1.0 2.5
22 39 1.0 1.0
22 40 1.0 2.5
22 41 1.02 2.5
22 42 1.0 1.0
22 43 1.0 1.0
22 44 1.0 2.5
22 45 1.15 2.5
22 46 1.0 1.0
22 47 1.0 1.0
22 48 1.0 2.5
22 49 1.0 2.5
23 24 1.01 1.0
23 25 1.1 1.0
23 26 1.1 1.0
23 27 1.01 1.0
23 28 1.3 0.6
23 29 1.0 1.0
23 30 1.0 2.5
23 31 1.1 1.0
23 32 1.0 2.5
23 33 1.01 1.0
23 34 1.3 0.6
23 35 1.01 1.0
23 36 1.0 2.5
23 37 1.0 2.5
23 38 1.01 1.0
23 39 1.15 2.5
23 40 1.01 1.0
23 41 1.0 2.5
23 42 1.0 2.5
23 43 0.98 2.5
23 44 1.01 1.0
23 45 1.3 0.6
23 46 1.04 2.5
23 47 1.0 2.5
23 48 1.01 1.0
23 49 1.0 2.5
24 25 1.05 1.0
24 26 1.0 1.0
24 27 1.0 2.0
24 28 1.0 1.0
24 29 1.25 0.4
24 30 1.0 2.5
24 31 1.0 1.0
24 32 1.01 2.5
24 33 1.05 0.4
24 34 1.0 1.0
24 35 1.0 2.0
24 36 1.01 2.5
24 37 1.01 2.5
24 38 1.05 0.4
24 39 1.15 2.5
24 40 1.05 0.4
24 41 1.0 2.5
24 42 1.01 2.5
24 43 1.01 2.5
24 44 1.0 2.0
24 45 1.0 1.0
24 46 1.01 2.5
24 47 1.01 2.5
24 48 1.0 2.0
24 49 1.0 2.5
25 26 1.1 1.0
25 27 1.0 1.0
25 28 1.0 1.0
25 29 1.05 1.0
25 30 1.0 2.5
25 31 1.1 1.0
25 32 1.0 2.5
25 33 1.05 1.0
25 34 1.0 1.0
25 35 1.0 1.0
25 36 1.0 2.5
25 37 1.0 2.5
25 38 1.05 1.0
25 39 1.15 2.5
25 40 1.05 1.0
25 41 1.0 2.5
25 42 1.0 2.5
25 43 1.0 2.5
25 44 1.0 1.0
25 45 1.0 1.0
25 46 0.99 2.5
25 47 0.99 2.5
25 48 1.0 1.0
25 49 1.0 2.5
26 27 1.0 1.0
26 28 1.0 1.0
26 29 1.0 1.0
26 30 1.0 2.5
26 31 1.1 1.0
26 32 1.0 2.5
26 33 1.0 1.0
26 34 1.0 1.0
26 35 1.0 1.0
26 36 1.0 2.5
26 37 1.0 2.5
26 38 1.0 1.0
26 39 1.15 2.5
26 40 1.0 1.0
26 41 1.0 2.5
26 42 1.0 2.5
26 43 1.0 2.5
26 44 1.0 1.0
26 45 1.0 1.0
26 46 1.0 2.5
26 47 1.0 2.5
26 48 1.0 1.0
26 49 1.0 2.5
27 28 1.0 1.0
27 29 1.0 1.0
27 30 1.0 2.5
27 31 1.0 1.0
27 32 1.0 2.5
27 33 1.0 0.5
27 34 1.0 1.0
27 35 1.2 0.6
27 36 1.0 2.5
27 37 1.0 2.5
27 38 1.0 1.0
27 39 1.0 2.5
27 40 0.7 1.0
27 41 1.0 2.5
27 42 1.0 2.5
27 43 1.0 2.5
27 44 1.2 0.6
27 45 1.0 1.0
27 46 1.04 2.5
27 47 1.0 2.5
27 48 1.2 0.6
27 49 1.0 2.5
28 29 1.0 1.0
28 30 1.0 2.5
28 31 1.0 1.0
28 32 1.0 2.5
28 33 1.0 1.0
28 34 1.3 0.6
28 35 1.0 1.0
28 36 1.0 2.5
28 37 1.0 2.5
28 38 1.0 1.0
28 39 1.0 2.5
28 40 1.0 1.0
28 41 1.0 2.5
28 42 1.0 2.5
28 43 1.0 2.5
28 44 1.0 1.0
28 45 1.3 0.6
28 46 1.0 2.5
28 47 1.0 2.5
28 48 1.0 1.0
28 49 1.0 2.5
29 30 1.0 2.5
29 31 1.0 1.0
29 32 1.0 2.5
29 33 1.25 0.4
29 34 1.0 1.0
29 35 1.0 1.0
29 36 1.0 2.5
29 37 1.0 2.5
29 38 1.25 0.4
29 39 1.15 2.5
29 40 1.25 0.4
29 41 1.0 2.5
29 42 1.0 2.5
29 43 1.04 2.5
29 44 1.0 1.0
29 45 1.0 1.0
29 46 1.0 2.5
29 47 0.99 2.5
29 48 1.0 1.0
29 49 1.0 2.5
30 31 1.0 2.5
30 32 1.0 2.5
30 33 1.0 2.5
30 34 1.0 2.5
30 35 1.0 2.5
30 36 1.0 2.5
30 37 1.0 2.5
30 38 1.0 2.5
30 39 1.0 2.5
30 40 1.0 2.5
30 41 1.5 0.6
30 42 1.0 2.5
30 43 1.0 2.5
30 44 1.0 2.5
30 45 1.0 2.5
30 46 1.0 2.5
30 47 1.0 2.5
30 48 1.0 2.5
30 49 1.6 0.6
31 32 1.0 2.5
31 33 1.0 1.0
31 34 1.0 1.0
31 35 1.0 1.0
31 36 1.0 2.5
31 37 1.0 2.5
31 38 1.0 1.0
31 39 1.15 2.5
31 40 1.0 1.0
31 41 1.0 2.5
31 42 1.0 2.5
31 43 1.0 2.5
31 44 3.0 6.0
31 45 1.0 1.0
31 46 1.0 2.5
31 47 1.03 2.5
31 48 1.0 1.0
31 49 1.0 2.5
32 33 1.0 2.5
32 34 1.0 2.5
32 35 1.0 2.5
32 36 1.2 0.6
32 37 1.0 2.5
32 38 1.0 2.5
32 39 1.0 2.5
32 40 1.0 2.5
32 41 1.0 2.5
32 42 1.0 2.5
32 43 1.0 2.5
32 44 1.0 2.5
32 45 1.0 2.5
32 46 0.99 2.5
32 47 1.03 2.5
32 48 1.0 2.5
32 49 1.0 2.5
33 34 1.0 1.0
33 35 1.0 0.5
33 36 1.0 2.5
33 37 1.0 2.5
33 38 1.25 0.4
33 39 1.15 2.5
33 40 1.25 0.4
33 41 1.0 2.5
33 42 1.0 2.5
33 43 1.0 2.5
33 44 1.0 0.5
33 45 1.0 1.0
33 46 0.98 2.5
33 47 1.0 2.5
33 48 2.0 0.5
33 49 1.0 2.5
34 35 1.0 1.0
34 36 1.0 2.5
34 37 1.0 2.5
34 38 1.0 1.0
34 39 1.0 2.5
34 40 1.0 1.0
34 41 1.0 2.5
34 42 1.0 2.5
34 43 1.0 2.5
34 44 1.0 1.0
34 45 1.3 0.6
34 46 1.0 2.5
34 47 1.0 2.5
34 48 1.0 1.0
34 49 1.0 2.5
35 36 1.0 2.5
35 37 1.0 2.5
35 38 1.0 1.0
35 39 1.15 2.5
35 40 0.7 1.0
35 41 1.0 2.5
35 42 1.0 2.5
35 43 1.0 2.5
35 44 1.2 0.6
35 45 1.0 1.0
35 46 1.0 2.5
35 47 1.0 2.5
35 48 1.2 0.6
35 49 1.0 2.5
36 37 1.05 2.5
36 38 1.0 2.5
36 39 1.0 2.5
36 40 1.0 2.5
36 41 1.0 2.5
36 42 1.0 2.5
36 43 1.0 2.5
36 44 0.99 2.5
36 45 1.0 2.5
36 46 1.05 2.5
36 47 1.0 2.5
36 48 1.0 2.5
36 49 1.0 2.5
37 38 1.0 2.5
37 39 1.1 1.0
37 40 1.0 2.5
37 41 1.0 2.5
37 42 1.1 1.0
37 43 1.1 0.5
37 44 1.0 2.5
37 45 1.0 2.5
37 46 1.2 0.6
37 47 1.1 1.0
37 48 1.0 2.5
37 49 1.0 2.5
38 39 1.15 2.5
38 40 1.25 0.4
38 41 1.0 2.5
38 42 1.0 2.5
38 43 1.0 2.5
38 44 1.0 1.5
38 45 1.0 1.0
38 46 1.0 2.5
38 47 1.0 2.5
38 48 1.0 1.5
38 49 1.0 2.5
39 40 1.15 2.5
39 41 1.02 2.5
39 42 1.3 0.6
39 43 1.0 1.0
39 44 1.15 2.5
39 45 1.15 2.5
39 46 1.0 1.0
39 47 1.0 1.0
39 48 1.15 2.5
39 49 1.0 2.5
40 41 1.0 2.5
40 42 1.0 2.5
40 43 1.0 2.5
40 44 0.7 1.0
40 45 1.0 1.0
40 46 0.99 2.5
40 47 1.0 2.5
40 48 0.7 1.0
40 49 1.0 2.5
41 42 1.02 2.5
41 43 1.0 2.5
41 44 1.0 2.5
41 45 1.0 2.5
41 46 1.0 2.5
41 47 1.0 2.5
41 48 1.0 2.5
41 49 1.2 0.6
42 43 1.0 5.5
42 44 1.0 2.5
42 45 1.0 2.5
42 46 1.0 1.0
42 47 1.01 1.0
42 48 1.0 2.5
42 49 1.0 2.5
43 44 1.0 2.5
43 45 1.0 2.5
43 46 2.0 0.5
43 47 1.25 0.4
43 48 1.0 2.5
43 49 1.0 2.5
44 45 1.0 1.0
44 46 1.0 2.5
44 47 1.0 2.5
44 48 1.2 0.6
44 49 1.0 2.5
45 46 1.0 2.5
45 47 1.0 2.5
45 48 1.0 1.0
45 49 1.0 2.5
46 47 1.0 1.5
46 48 1.0 2.5
46 49 1.0 2.5
47 48 1.0 2.5
47 49 1.0 2.5
48 49 1.0 2.5