50
93.586
0 1 18.937 5.951
0 2 45.027 5.341
0 3 20.485 11.701
0 4 86.786 10.017
0 5 8.65 3.836
0 6 52.658 4.825
0 7 71.228 8.994
0 8 51.256 4.428
0 9 23.102 10.441
0 10 7.868 8.72
0 11 23.259 8.129
0 12 81.18 10.056
0 13 71.12 8.049
0 14 65.359 6.703
0 15 25.928 7.788
0 16 72.735 11.705
0 17 13.093 8.246
0 18 33.225 8.12
0 19 86.215 9.829
0 20 2.843 8.272
0 21 74.26 11.559
0 22 54.42 5.394
0 23 72.296 5.725
0 24 32.767 7.021
0 25 78.864 5.977
0 26 10.194 6.984
0 27 44.59 10.087
0 28 25.195 11.822
0 29 83.35 8.311
0 30 79.49 4.712
0 31 48.856 10.378
0 32 22.349 8.239
0 33 82.567 4.207
0 34 84.093 5.318
0 35 36.194 7.989
0 36 41.68 10.589
0 37 71.005 6.031
0 38 76.258 10.325
0 39 71.532 9.854
0 40 86.403 6.411
0 41 49.192 11.688
0 42 66.1 11.648
0 43 61.517 6.079
0 44 71.824 8.767
0 45 82.454 12.016
0 46 89.125 3.743
0 47 20.067 9.536
0 48 41.655 4.757
0 49 27.405 4.186
1 2 39.5 5.031
1 3 5.201 10.486
1 4 16.45 6.979
1 5 40.16 7.819
1 6 18.722 8.704
1 7 58.55 10.483
1 8 73.795 4.991
1 9 22.479 10.966
1 10 93.001 3.743
1 11 43.526 8.053
1 12 45.459 6.318
1 13 84.2 6.274
1 14 66.341 5.124
1 15 29.419 5.625
1 16 85.491 8.608
1 17 1.36 10.236
1 18 57.373 10.028
1 19 20.584 7.054
1 20 13.968 3.964
1 21 28.507 8.576
1 22 40.774 7.619
1 23 6.36 9.924
1 24 73.426 7.574
1 25 74.079 5.594
1 26 60.551 5.326
1 27 37.5 11.055
1 28 6.943 10.365
1 29 29.306 7.217
1 30 48.814 5.384
1 31 6.069 12.181
1 32 34.414 10.705
1 33 50.576 9.114
1 34 48.702 4.098
1 35 80.582 8.871
1 36 75.531 9.579
1 37 52.159 11.229
1 38 18.737 7.737
1 39 47.977 5.535
1 40 73.799 6.899
1 41 33.07 8.506
1 42 23.778 6.068
1 43 76.019 11.442
1 44 64.985 12.369
1 45 76.598 5.366
1 46 10.009 8.707
1 47 27.999 9.466
1 48 16.24 12.41
1 49 78.526 12.168
2 3 53.945 5.82
2 4 26.93 3.809
2 5 32.831 4.159
2 6 29.858 8.393
2 7 53.903 6.012
2 8 0.678 5.598
2 9 73.82 10.43
2 10 46.099 12.173
2 11 54.657 5.757
2 12 83.144 8.358
2 13 44.517 6.244
2 14 28.833 7.827
2 15 74.102 6.871
2 16 15.669 9.129
2 17 45.434 11.881
2 18 51.69 8.575
2 19 33.715 7.103
2 20 42.53 9.217
2 21 7.508 7.79
2 22 1.434 10.572
2 23 3.913 7.296
2 24 68.201 11.866
2 25 27.291 7.281
2 26 68.355 10.42
2 27 65.628 4.357
2 28 45.91 9.109
2 29 36.608 6.339
2 30 52.735 10.052
2 31 4.329 8.222
2 32 21.308 9.727
2 33 79.632 6.524
2 34 18.202 10.336
2 35 73.426 5.128
2 36 61.134 11.925
2 37 32.74 8.724
2 38 66.524 9.155
2 39 23.929 8.328
2 40 69.321 6.562
2 41 62.321 6.42
2 42 35.358 5.438
2 43 26.449 11.816
2 44 90.462 3.743
2 45 45.288 11.777
2 46 10.953 3.912
2 47 83.416 8.816
2 48 75.033 7.014
2 49 30.611 6.116
3 4 66.335 7.072
3 5 19.654 11.537
3 6 64.886 5.32
3 7 66.072 7.539
3 8 86.185 8.184
3 9 49.977 4.929
3 10 30.913 6.746
3 11 48.285 12.024
3 12 80.587 4.087
3 13 59.795 11.559
3 14 16.508 9.244
3 15 29.616 12.306
3 16 58.442 5.621
3 17 9.22 9.22
3 18 48.339 6.818
3 19 33.678 6.146
3 20 15.905 4.768
3 21 60.08 12.005
3 22 85.014 3.743
3 23 45.784 12.054
3 24 73.577 9.011
3 25 77.53 7.038
3 26 57.937 6.74
3 27 47.905 6.113
3 28 53.751 9.707
3 29 69.666 11.688
3 30 65.209 7.133
3 31 11.333 3.874
3 32 46.454 4.689
3 33 45.306 11.708
3 34 54.555 10.545
3 35 74.625 6.662
3 36 71.385 6.544
3 37 10.134 3.841
3 38 3.587 4.78
3 39 11.462 5.79
3 40 61.516 9.774
3 41 15.465 4.879
3 42 4.3 5.365
3 43 53.421 5.877
3 44 65.94 9.374
3 45 36.73 7.848
3 46 36.447 9.667
3 47 54.194 11.183
3 48 63.76 3.858
3 49 25.609 6.339
4 5 16.955 10.283
4 6 59.592 8.232
4 7 80.846 8.869
4 8 60.406 9.177
4 9 23.14 7.77
4 10 9.654 4.38
4 11 63.993 5.337
4 12 74.519 5.0
4 13 74.634 6.384
4 14 16.827 9.069
4 15 38.14 10.553
4 16 19.806 6.064
4 17 37.125 10.346
4 18 26.196 8.486
4 19 15.351 7.648
4 20 1.684 10.643
4 21 54.52 9.076
4 22 28.818 10.525
4 23 38.39 9.149
4 24 11.364 11.259
4 25 10.171 5.464
4 26 14.775 5.136
4 27 36.792 10.006
4 28 91.737 3.743
4 29 26.087 12.312
4 30 24.34 4.925
4 31 34.014 5.282
4 32 59.426 7.014
4 33 67.493 8.388
4 34 64.44 6.568
4 35 7.969 8.615
4 36 8.907 10.188
4 37 32.862 8.376
4 38 30.88 10.283
4 39 73.404 11.22
4 40 68.012 11.428
4 41 86.519 10.153
4 42 40.492 8.579
4 43 74.064 4.841
4 44 30.942 12.127
4 45 75.792 7.613
4 46 43.341 6.14
4 47 18.875 7.086
4 48 46.447 5.605
4 49 48.385 4.813
5 6 29.131 5.595
5 7 7.441 5.684
5 8 36.873 7.259
5 9 21.414 6.108
5 10 37.584 7.623
5 11 7.657 9.098
5 12 52.553 9.923
5 13 6.044 6.606
5 14 91.089 3.743
5 15 36.902 9.985
5 16 3.097 9.495
5 17 1.557 4.297
5 18 60.217 9.214
5 19 43.354 10.926
5 20 11.565 7.4
5 21 73.207 3.805
5 22 68.241 8.138
5 23 64.389 7.972
5 24 68.136 4.69
5 25 57.584 9.595
5 26 49.118 5.25
5 27 73.348 8.308
5 28 86.367 4.844
5 29 66.958 5.327
5 30 71.119 5.703
5 31 44.93 10.96
5 32 19.266 6.474
5 33 15.529 11.769
5 34 69.686 5.939
5 35 42.365 9.875
5 36 25.359 5.467
5 37 33.945 8.841
5 38 42.395 9.459
5 39 77.468 6.589
5 40 51.79 4.231
5 41 71.764 4.39
5 42 1.574 11.789
5 43 20.905 10.536
5 44 1.232 7.484
5 45 2.825 6.739
5 46 21.702 11.851
5 47 56.822 7.297
5 48 41.071 10.433
5 49 19.827 8.943
6 7 71.738 7.684
6 8 23.021 5.35
6 9 81.088 6.943
6 10 62.476 5.901
6 11 15.689 11.801
6 12 72.677 5.321
6 13 47.396 5.873
6 14 0.005 5.672
6 15 77.923 10.67
6 16 94.179 3.743
6 17 69.765 7.946
6 18 49.005 7.389
6 19 2.163 11.718
6 20 18.225 7.11
6 21 24.749 5.273
6 22 20.168 5.74
6 23 14.06 10.494
6 24 75.855 4.429
6 25 34.865 6.697
6 26 4.563 5.564
6 27 74.298 6.111
6 28 82.021 10.894
6 29 84.378 10.271
6 30 48.193 6.542
6 31 16.239 4.131
6 32 49.654 7.67
6 33 24.656 7.332
6 34 57.271 5.767
6 35 8.524 5.251
6 36 32.711 6.045
6 37 46.194 8.003
6 38 38.17 11.841
6 39 77.122 8.655
6 40 84.798 5.64
6 41 79.806 7.346
6 42 1.953 3.894
6 43 20.74 9.603
6 44 71.255 4.756
6 45 43.819 9.411
6 46 12.551 5.665
6 47 74.724 9.665
6 48 37.927 6.499
6 49 5.35 6.645
7 8 9.375 11.457
7 9 22.4 11.302
7 10 32.872 8.24
7 11 45.104 7.587
7 12 40.686 6.919
7 13 40.363 9.564
7 14 42.546 12.418
7 15 51.406 4.253
7 16 67.257 8.19
7 17 94.069 3.743
7 18 43.758 11.598
7 19 71.658 5.663
7 20 80.453 6.465
7 21 8.22 4.719
7 22 62.078 3.865
7 23 2.888 10.003
7 24 68.866 7.395
7 25 44.907 9.061
7 26 47.014 5.507
7 27 15.762 9.523
7 28 60.442 6.685
7 29 25.806 10.655
7 30 32.824 10.906
7 31 59.597 10.403
7 32 84.574 9.55
7 33 37.166 9.675
7 34 62.311 6.596
7 35 20.572 9.862
7 36 45.441 7.939
7 37 3.982 9.06
7 38 5.578 8.784
7 39 21.978 12.072
7 40 24.459 12.471
7 41 68.467 9.54
7 42 33.779 8.38
7 43 84.923 7.45
7 44 58.401 10.162
7 45 17.865 12.034
7 46 65.492 6.54
7 47 77.307 9.56
7 48 9.085 6.563
7 49 74.455 12.203
8 9 78.364 7.907
8 10 74.593 11.186
8 11 79.724 5.086
8 12 67.482 4.665
8 13 35.895 8.841
8 14 65.125 10.104
8 15 9.397 9.661
8 16 37.416 8.208
8 17 40.239 6.92
8 18 12.618 7.052
8 19 45.164 5.34
8 20 83.307 12.376
8 21 57.378 4.108
8 22 17.038 10.637
8 23 63.374 9.199
8 24 39.487 8.545
8 25 15.275 9.14
8 26 28.353 6.762
8 27 48.981 6.625
8 28 31.864 4.838
8 29 60.692 9.598
8 30 33.51 12.165
8 31 74.353 8.868
8 32 14.82 10.31
8 33 36.98 11.954
8 34 84.361 6.602
8 35 77.648 5.843
8 36 79.693 12.204
8 37 95.621 3.743
8 38 16.709 9.017
8 39 45.374 10.592
8 40 25.029 8.015
8 41 28.538 9.272
8 42 86.276 12.197
8 43 6.128 4.845
8 44 7.601 5.109
8 45 50.343 9.516
8 46 36.301 9.002
8 47 5.995 5.508
8 48 4.877 7.246
8 49 38.56 7.683
9 10 14.364 6.946
9 11 86.46 10.964
9 12 29.337 10.136
9 13 43.896 12.225
9 14 17.731 7.756
9 15 8.009 9.992
9 16 26.945 5.602
9 17 3.433 5.442
9 18 71.433 8.895
9 19 46.974 3.773
9 20 14.557 6.733
9 21 42.831 12.292
9 22 45.153 6.624
9 23 19.267 4.865
9 24 82.22 4.775
9 25 42.892 6.663
9 26 37.718 12.489
9 27 21.969 11.282
9 28 55.328 4.601
9 29 71.412 10.644
9 30 60.123 8.813
9 31 70.92 8.643
9 32 50.679 4.587
9 33 81.124 5.899
9 34 94.747 3.743
9 35 42.306 5.797
9 36 34.849 12.398
9 37 64.052 8.705
9 38 45.833 7.314
9 39 61.705 7.305
9 40 41.388 6.707
9 41 55.514 5.347
9 42 37.36 7.25
9 43 37.142 5.374
9 44 4.2 11.686
9 45 16.083 10.62
9 46 40.148 10.663
9 47 75.24 9.423
9 48 77.637 9.223
9 49 10.916 9.053
10 11 1.118 9.832
10 12 40.822 10.428
10 13 39.496 6.503
10 14 26.35 11.5
10 15 66.719 9.42
10 16 54.642 4.331
10 17 21.315 6.671
10 18 16.222 6.29
10 19 32.444 9.205
10 20 24.533 6.701
10 21 85.529 7.648
10 22 60.057 4.685
10 23 54.372 5.296
10 24 30.16 7.032
10 25 4.332 5.436
10 26 69.834 4.849
10 27 2.267 7.684
10 28 31.004 7.858
10 29 72.502 6.154
10 30 26.594 12.174
10 31 60.612 5.574
10 32 43.549 9.743
10 33 73.892 11.932
10 34 47.435 11.021
10 35 72.275 6.76
10 36 22.48 12.042
10 37 27.04 11.653
10 38 26.219 10.274
10 39 39.051 5.278
10 40 54.942 10.411
10 41 6.159 12.203
10 42 42.181 7.411
10 43 40.931 4.731
10 44 8.642 9.585
10 45 10.591 10.978
10 46 51.189 8.147
10 47 28.046 7.076
10 48 41.828 3.815
10 49 78.821 4.764
11 12 34.236 12.39
11 13 86.035 3.743
11 14 31.989 10.875
11 15 39.935 8.343
11 16 84.35 11.937
11 17 46.694 7.004
11 18 9.245 9.139
11 19 4.205 11.005
11 20 8.203 10.103
11 21 42.55 10.692
11 22 61.586 12.503
11 23 45.524 6.845
11 24 46.27 5.556
11 25 58.656 4.298
11 26 17.89 5.184
11 27 25.201 3.803
11 28 73.721 8.317
11 29 0.141 11.996
11 30 75.166 4.481
11 31 19.781 7.677
11 32 66.148 11.138
11 33 28.597 4.624
11 34 9.452 5.506
11 35 28.043 6.287
11 36 67.596 6.614
11 37 79.987 4.87
11 38 45.479 11.854
11 39 42.385 6.932
11 40 57.284 11.122
11 41 57.214 6.532
11 42 74.086 10.559
11 43 79.99 11.983
11 44 57.57 5.872
11 45 45.778 5.39
11 46 4.282 9.386
11 47 16.561 8.281
11 48 75.17 12.491
11 49 47.16 7.505
12 13 64.339 11.099
12 14 56.885 7.629
12 15 55.643 8.383
12 16 48.003 8.537
12 17 35.999 8.287
12 18 84.183 12.127
12 19 61.602 11.815
12 20 34.472 9.755
12 21 44.256 11.729
12 22 2.989 3.9
12 23 10.026 4.981
12 24 6.729 10.791
12 25 62.49 5.03
12 26 53.936 5.486
12 27 13.948 9.191
12 28 1.358 10.035
12 29 55.022 11.188
12 30 6.369 9.592
12 31 2.915 8.162
12 32 71.319 10.555
12 33 31.257 10.805
12 34 75.434 11.827
12 35 81.97 5.948
12 36 7.633 8.111
12 37 44.931 12.209
12 38 82.979 10.168
12 39 18.685 9.242
12 40 43.754 5.777
12 41 29.626 8.659
12 42 1.526 4.537
12 43 78.951 7.223
12 44 34.228 6.508
12 45 78.704 7.598
12 46 17.228 10.537
12 47 85.519 3.743
12 48 78.672 10.261
12 49 75.999 12.265
13 14 59.526 4.821
13 15 32.198 5.933
13 16 41.032 7.044
13 17 41.717 10.136
13 18 17.483 10.257
13 19 63.27 12.299
13 20 80.881 7.364
13 21 5.672 8.438
13 22 15.849 4.431
13 23 60.7 6.244
13 24 8.624 11.975
13 25 0.386 5.399
13 26 33.752 5.054
13 27 79.245 5.79
13 28 55.595 9.725
13 29 5.254 11.057
13 30 15.139 7.284
13 31 26.31 11.403
13 32 78.825 8.363
13 33 83.283 6.781
13 34 69.111 8.995
13 35 35.159 8.082
13 36 9.314 8.966
13 37 34.302 11.544
13 38 62.801 10.008
13 39 60.667 6.907
13 40 39.103 12.218
13 41 42.776 3.785
13 42 59.548 7.516
13 43 6.884 6.638
13 44 22.075 4.447
13 45 3.746 12.143
13 46 78.719 12.529
13 47 75.158 11.521
13 48 22.393 12.281
13 49 11.504 12.475
14 15 53.443 6.528
14 16 13.838 6.161
14 17 58.292 4.09
14 18 20.369 6.515
14 19 5.601 5.502
14 20 73.208 4.833
14 21 12.376 9.023
14 22 1.201 4.945
14 23 2.834 10.456
14 24 53.544 12.42
14 25 56.835 5.87
14 26 85.403 8.173
14 27 18.768 8.647
14 28 68.056 3.871
14 29 26.458 3.758
14 30 67.754 6.728
14 31 82.223 6.265
14 32 9.149 8.698
14 33 84.107 5.504
14 34 17.021 12.237
14 35 0.042 7.663
14 36 25.628 7.961
14 37 64.263 4.57
14 38 47.849 10.844
14 39 6.81 11.976
14 40 69.959 7.966
14 41 51.707 4.836
14 42 78.88 3.883
14 43 57.866 7.465
14 44 24.686 7.565
14 45 21.188 5.514
14 46 55.495 4.144
14 47 61.087 12.207
14 48 74.716 8.124
14 49 46.7 11.489
15 16 4.483 7.972
15 17 61.714 10.763
15 18 58.15 11.836
15 19 83.944 10.427
15 20 63.255 6.7
15 21 22.97 4.467
15 22 4.761 10.937
15 23 2.401 9.573
15 24 64.317 10.506
15 25 11.187 4.432
15 26 75.308 7.619
15 27 0.1 8.757
15 28 86.385 8.054
15 29 5.478 8.028
15 30 2.131 9.389
15 31 40.308 10.504
15 32 86.282 11.341
15 33 36.609 8.008
15 34 78.044 10.82
15 35 50.953 7.111
15 36 84.597 5.713
15 37 66.26 8.925
15 38 4.522 10.315
15 39 87.441 3.743
15 40 38.886 6.318
15 41 56.819 11.849
15 42 84.662 9.397
15 43 22.976 11.693
15 44 44.352 12.507
15 45 76.233 11.86
15 46 70.562 5.154
15 47 58.753 6.264
15 48 39.034 11.24
15 49 69.033 10.66
16 17 77.024 11.007
16 18 5.631 4.697
16 19 39.857 10.339
16 20 47.936 7.093
16 21 3.26 9.706
16 22 48.158 10.276
16 23 26.215 8.379
16 24 58.606 11.137
16 25 8.142 8.744
16 26 18.06 11.764
16 27 14.43 7.816
16 28 38.682 11.898
16 29 40.626 9.512
16 30 17.105 12.346
16 31 83.549 5.879
16 32 58.578 6.36
16 33 56.459 8.926
16 34 2.144 3.822
16 35 15.172 10.279
16 36 6.587 10.14
16 37 59.77 8.448
16 38 15.038 6.189
16 39 43.306 7.897
16 40 14.088 7.049
16 41 60.048 7.949
16 42 23.463 9.966
16 43 75.483 9.599
16 44 74.516 6.249
16 45 47.514 4.717
16 46 64.772 4.239
16 47 58.816 8.996
16 48 80.919 5.701
16 49 55.399 8.311
17 18 26.793 5.215
17 19 55.989 5.041
17 20 5.988 6.426
17 21 34.292 6.15
17 22 48.143 7.118
17 23 32.886 6.175
17 24 15.396 5.814
17 25 34.009 6.582
17 26 34.669 6.605
17 27 83.361 10.069
17 28 11.374 10.532
17 29 46.66 9.085
17 30 49.889 7.553
17 31 17.552 10.514
17 32 38.682 6.305
17 33 6.512 9.49
17 34 59.148 8.905
17 35 33.11 6.543
17 36 2.216 4.112
17 37 45.17 11.551
17 38 68.985 4.858
17 39 11.179 5.94
17 40 41.022 11.921
17 41 34.916 3.982
17 42 11.959 6.394
17 43 70.122 6.365
17 44 22.411 11.328
17 45 61.156 4.467
17 46 84.479 4.809
17 47 26.815 7.533
17 48 62.964 10.406
17 49 6.423 7.883
18 19 8.166 4.028
18 20 79.615 10.918
18 21 29.029 8.532
18 22 66.441 4.509
18 23 89.235 3.743
18 24 70.438 7.195
18 25 63.455 4.026
18 26 82.031 11.596
18 27 56.408 10.178
18 28 44.227 10.915
18 29 42.415 5.619
18 30 83.168 6.531
18 31 16.806 7.878
18 32 50.043 7.749
18 33 0.405 6.951
18 34 35.449 5.247
18 35 76.629 8.558
18 36 3.09 5.622
18 37 42.722 12.458
18 38 42.911 8.31
18 39 35.9 5.026
18 40 82.384 7.92
18 41 23.405 4.157
18 42 22.247 4.426
18 43 38.846 9.243
18 44 2.1 8.478
18 45 0.164 9.975
18 46 12.075 11.777
18 47 13.385 8.545
18 48 63.799 11.318
18 49 4.449 11.591
19 20 26.153 6.375
19 21 54.279 4.197
19 22 25.829 4.325
19 23 38.752 4.88
19 24 61.643 6.062
19 25 30.763 12.295
19 26 37.375 7.762
19 27 34.634 5.209
19 28 57.037 9.729
19 29 36.742 10.539
19 30 15.991 10.467
19 31 85.706 4.386
19 32 39.734 12.114
19 33 45.771 9.843
19 34 40.363 9.721
19 35 50.325 10.564
19 36 5.927 11.057
19 37 67.596 7.19
19 38 52.342 6.528
19 39 52.946 9.846
19 40 20.805 12.042
19 41 33.18 4.804
19 42 6.434 9.11
19 43 91.899 3.743
19 44 22.696 9.424
19 45 32.35 5.71
19 46 38.405 9.992
19 47 56.176 12.525
19 48 11.979 5.583
19 49 24.017 10.008
20 21 14.977 8.289
20 22 59.152 8.805
20 23 32.307 11.863
20 24 87.877 3.743
20 25 55.089 4.305
20 26 68.823 5.361
20 27 35.5 12.425
20 28 80.397 7.297
20 29 67.283 11.149
20 30 27.603 11.282
20 31 46.442 10.672
20 32 33.354 6.951
20 33 47.082 11.867
20 34 26.674 11.787
20 35 67.353 5.179
20 36 62.897 9.676
20 37 44.928 6.057
20 38 6.367 12.409
20 39 84.251 9.275
20 40 33.243 12.415
20 41 0.414 10.396
20 42 22.462 5.299
20 43 69.075 5.979
20 44 49.802 10.383
20 45 5.325 11.153
20 46 1.119 6.55
20 47 41.258 7.747
20 48 79.447 7.804
20 49 71.256 6.315
21 22 84.082 6.118
21 23 73.731 6.944
21 24 50.635 8.211
21 25 70.522 9.214
21 26 83.47 4.481
21 27 85.338 10.171
21 28 80.117 4.315
21 29 83.815 9.78
21 30 5.266 4.733
21 31 72.831 6.284
21 32 79.621 6.767
21 33 60.58 5.266
21 34 9.673 9.722
21 35 36.335 9.663
21 36 20.162 9.226
21 37 41.487 3.748
21 38 49.548 9.131
21 39 84.37 7.141
21 40 41.545 7.148
21 41 91.406 3.743
21 42 34.562 4.477
21 43 42.853 7.782
21 44 18.825 11.371
21 45 82.381 5.766
21 46 10.866 10.879
21 47 40.814 9.18
21 48 28.14 7.601
21 49 22.494 11.793
22 23 37.445 9.97
22 24 50.52 5.092
22 25 78.488 4.988
22 26 77.928 4.39
22 27 76.123 9.986
22 28 8.843 8.432
22 29 16.87 7.562
22 30 79.76 7.858
22 31 12.038 11.943
22 32 60.889 12.41
22 33 63.852 9.924
22 34 59.846 8.39
22 35 14.803 9.257
22 36 35.702 11.101
22 37 66.773 6.938
22 38 59.446 5.804
22 39 9.343 7.699
22 40 80.572 6.548
22 41 21.321 11.085
22 42 59.592 9.209
22 43 3.348 10.47
22 44 59.447 7.834
22 45 47.131 4.578
22 46 73.12 6.117
22 47 28.403 6.041
22 48 86.902 4.547
22 49 80.814 5.34
23 24 52.023 7.29
23 25 12.23 11.045
23 26 30.643 6.393
23 27 66.471 5.586
23 28 61.316 7.207
23 29 86.007 11.08
23 30 15.79 5.821
23 31 32.43 11.99
23 32 28.653 8.153
23 33 34.212 10.093
23 34 9.015 7.501
23 35 7.42 5.284
23 36 62.551 9.595
23 37 5.871 9.405
23 38 5.658 9.539
23 39 54.281 4.776
23 40 42.919 7.039
23 41 31.17 11.31
23 42 55.5 7.086
23 43 61.866 11.831
23 44 18.772 11.989
23 45 43.752 8.817
23 46 0.654 5.66
23 47 19.241 5.09
23 48 79.362 6.161
23 49 71.694 4.173
24 25 75.747 4.682
24 26 21.045 6.554
24 27 34.591 11.265
24 28 84.741 12.082
24 29 17.268 6.346
24 30 75.191 10.603
24 31 31.073 6.111
24 32 59.466 9.423
24 33 36.13 8.553
24 34 14.074 12.43
24 35 66.148 10.159
24 36 13.206 11.059
24 37 85.805 6.154
24 38 40.243 6.432
24 39 8.712 11.466
24 40 86.457 6.491
24 41 54.59 3.867
24 42 78.144 12.36
24 43 44.549 8.291
24 44 12.13 6.721
24 45 30.682 6.63
24 46 24.53 4.109
24 47 17.432 4.976
24 48 61.259 10.676
24 49 20.726 5.306
25 26 36.265 4.197
25 27 49.653 7.838
25 28 71.594 6.165
25 29 32.731 9.124
25 30 76.657 7.963
25 31 85.543 3.743
25 32 13.736 5.902
25 33 8.94 5.282
25 34 84.76 8.617
25 35 64.349 8.248
25 36 39.333 10.087
25 37 46.315 5.183
25 38 37.661 11.046
25 39 80.99 6.28
25 40 86.394 12.419
25 41 4.035 5.162
25 42 5.4 11.731
25 43 64.589 12.187
25 44 53.771 8.418
25 45 13.617 6.08
25 46 13.978 9.329
25 47 17.372 11.267
25 48 16.027 7.708
25 49 62.821 8.024
26 27 22.016 9.39
26 28 58.022 7.588
26 29 89.926 3.743
26 30 49.288 4.516
26 31 80.786 7.55
26 32 36.997 9.013
26 33 24.138 8.172
26 34 81.706 8.169
26 35 27.315 10.563
26 36 57.68 8.757
26 37 75.81 8.376
26 38 5.79 9.018
26 39 19.566 6.656
26 40 42.354 4.957
26 41 78.074 6.072
26 42 27.268 3.95
26 43 30.387 11.643
26 44 68.53 12.162
26 45 63.57 8.827
26 46 45.234 7.335
26 47 41.044 7.309
26 48 22.583 8.663
26 49 79.486 11.748
27 28 74.442 11.257
27 29 5.082 11.545
27 30 80.943 9.276
27 31 59.637 5.316
27 32 28.814 6.653
27 33 33.705 12.456
27 34 78.218 6.942
27 35 16.452 7.755
27 36 24.942 6.64
27 37 85.105 9.404
27 38 41.003 11.667
27 39 86.795 4.106
27 40 13.38 3.869
27 41 13.882 5.904
27 42 18.08 8.302
27 43 13.684 12.483
27 44 77.983 9.579
27 45 21.564 8.142
27 46 5.908 8.427
27 47 42.566 7.023
27 48 6.276 10.031
27 49 85.444 3.743
28 29 52.995 5.74
28 30 12.084 9.281
28 31 42.718 7.632
28 32 65.076 6.326
28 33 47.638 11.967
28 34 53.086 5.487
28 35 85.139 9.2
28 36 25.684 6.744
28 37 52.217 12.05
28 38 48.434 8.985
28 39 26.637 6.91
28 40 81.884 10.44
28 41 24.87 12.325
28 42 40.657 11.096
28 43 37.129 4.432
28 44 12.356 6.639
28 45 67.897 7.308
28 46 36.911 7.637
28 47 39.291 10.684
28 48 51.661 9.86
28 49 50.739 10.467
29 30 1.675 9.139
29 31 32.537 8.661
29 32 26.42 3.88
29 33 21.137 6.283
29 34 64.347 10.144
29 35 60.994 8.083
29 36 49.276 9.82
29 37 61.408 8.662
29 38 0.025 9.05
29 39 80.981 9.918
29 40 86.684 8.819
29 41 82.614 8.269
29 42 78.194 12.371
29 43 29.739 4.468
29 44 86.323 7.771
29 45 29.254 8.606
29 46 71.534 4.96
29 47 43.44 11.586
29 48 20.051 11.518
29 49 72.515 8.358
30 31 60.11 9.942
30 32 61.206 11.122
30 33 10.622 7.248
30 34 48.867 12.225
30 35 15.953 6.867
30 36 1.103 9.181
30 37 49.545 5.29
30 38 16.125 5.397
30 39 54.03 11.997
30 40 2.448 8.481
30 41 17.43 6.716
30 42 64.841 11.61
30 43 29.899 5.405
30 44 12.038 10.486
30 45 83.745 12.201
30 46 63.5 11.148
30 47 15.502 6.187
30 48 85.564 3.743
30 49 52.076 8.411
31 32 64.921 9.257
31 33 84.088 4.104
31 34 74.771 5.346
31 35 13.447 11.376
31 36 31.309 11.523
31 37 70.975 4.086
31 38 80.576 8.22
31 39 8.133 9.767
31 40 12.616 12.36
31 41 81.395 6.508
31 42 48.395 11.383
31 43 68.852 10.171
31 44 17.884 5.439
31 45 64.535 12.349
31 46 53.922 10.115
31 47 20.945 8.281
31 48 15.523 10.5
31 49 47.401 6.801
32 33 7.566 12.512
32 34 86.93 4.794
32 35 6.621 3.744
32 36 84.117 5.705
32 37 83.473 4.733
32 38 94.784 3.743
32 39 52.369 5.247
32 40 55.456 10.382
32 41 24.723 4.051
32 42 8.531 6.926
32 43 33.34 12.085
32 44 45.673 5.299
32 45 39.891 3.877
32 46 49.658 11.496
32 47 49.901 8.534
32 48 65.45 11.817
32 49 12.52 9.796
33 34 27.985 5.333
33 35 17.421 6.462
33 36 69.467 4.599
33 37 5.461 10.458
33 38 47.587 5.727
33 39 36.686 11.616
33 40 86.411 9.485
33 41 38.276 7.374
33 42 27.446 10.058
33 43 79.558 3.93
33 44 56.875 9.869
33 45 86.278 3.743
33 46 57.551 3.995
33 47 17.995 11.441
33 48 85.324 10.895
33 49 38.073 9.846
34 35 36.048 5.136
34 36 65.48 5.67
34 37 8.29 12.229
34 38 39.061 4.957
34 39 76.007 3.872
34 40 72.577 10.148
34 41 0.745 11.305
34 42 42.057 9.882
34 43 36.61 9.933
34 44 4.238 10.296
34 45 38.066 8.504
34 46 32.45 7.417
34 47 77.027 4.898
34 48 12.815 7.439
34 49 74.185 7.4
35 36 91.95 3.743
35 37 69.807 4.33
35 38 60.867 6.434
35 39 22.392 4.48
35 40 19.939 9.24
35 41 26.823 7.553
35 42 22.067 4.204
35 43 68.459 9.737
35 44 20.211 4.268
35 45 17.844 11.785
35 46 2.964 4.354
35 47 80.939 12.199
35 48 74.426 11.421
35 49 14.516 8.444
36 37 23.146 7.793
36 38 56.707 10.003
36 39 45.143 4.085
36 40 69.691 11.365
36 41 20.137 6.295
36 42 80.408 11.925
36 43 34.025 5.656
36 44 34.489 4.985
36 45 85.472 4.1
36 46 12.355 11.096
36 47 51.308 6.45
36 48 49.9 11.281
36 49 32.469 8.753
37 38 0.583 12.218
37 39 46.321 4.114
37 40 70.168 12.03
37 41 68.3 12.427
37 42 50.853 9.275
37 43 7.363 11.107
37 44 85.279 6.847
37 45 75.917 7.316
37 46 35.61 10.026
37 47 49.474 3.816
37 48 66.391 5.022
37 49 13.894 8.644
38 39 3.414 10.962
38 40 79.554 4.931
38 41 31.985 12.197
38 42 32.642 9.22
38 43 75.818 12.331
38 44 54.172 7.445
38 45 28.665 6.331
38 46 77.183 9.85
38 47 15.329 6.31
38 48 83.075 6.33
38 49 63.357 9.583
39 40 24.823 11.388
39 41 28.626 4.534
39 42 44.38 10.922
39 43 69.945 5.86
39 44 36.144 7.585
39 45 19.86 5.677
39 46 43.623 12.248
39 47 39.454 5.373
39 48 32.773 7.463
39 49 55.192 11.881
40 41 54.96 8.881
40 42 85.179 3.743
40 43 56.769 6.314
40 44 74.042 5.471
40 45 72.906 9.837
40 46 4.317 3.819
40 47 6.2 7.36
40 48 67.099 10.814
40 49 4.438 10.423
41 42 75.214 4.086
41 43 12.378 7.544
41 44 37.164 4.481
41 45 66.709 6.798
41 46 35.289 10.323
41 47 47.447 7.398
41 48 1.548 10.58
41 49 62.411 4.956
42 43 74.705 6.607
42 44 66.675 11.329
42 45 22.192 4.463
42 46 20.199 9.295
42 47 31.952 9.61
42 48 30.645 6.73
42 49 33.485 11.671
43 44 54.024 10.219
43 45 52.942 8.37
43 46 31.218 9.276
43 47 59.4 6.829
43 48 56.308 8.931
43 49 57.972 12.062
44 45 8.518 11.273
44 46 42.754 12.125
44 47 76.338 11.902
44 48 75.891 8.565
44 49 18.042 8.303
45 46 85.194 11.088
45 47 19.138 8.565
45 48 81.229 5.773
45 49 7.691 6.002
46 47 69.887 4.905
46 48 0.579 12.296
46 49 49.259 6.81
47 48 70.2 10.171
47 49 5.283 7.497
48 49 6.229 5.007
