50
99.999
0 1 99.999 0.001
0 2 99.999 0.001
0 3 99.999 0.001
0 4 99.999 0.001
0 5 99.999 0.001
0 6 99.999 0.001
0 7 99.999 0.001
0 8 99.999 0.001
0 9 99.999 0.001
0 10 65.0 0.999
0 11 0.0 9.99
0 12 99.999 9.0
0 13 99.999 9.0
0 14 99.999 9.0
0 15 99.999 9.0
0 16 99.999 9.0
0 17 99.999 9.0
0 18 99.999 9.0
0 19 99.999 9.0
0 20 65.0 0.999
0 21 99.999 9.0
0 22 0.0 9.99
0 23 99.999 9.0
0 24 99.999 9.0
0 25 99.999 9.0
0 26 99.999 9.0
0 27 99.999 9.0
0 28 99.999 9.0
0 29 99.999 9.0
0 30 65.0 0.999
0 31 99.999 9.0
0 32 99.999 9.0
0 33 0.0 9.99
0 34 99.999 9.0
0 35 99.999 9.0
0 36 99.999 9.0
0 37 99.999 9.0
0 38 99.999 9.0
0 39 99.999 9.0
0 40 65.0 0.999
0 41 99.999 9.0
0 42 99.999 9.0
0 43 99.999 9.0
0 44 0.0 9.99
0 45 99.999 9.0
0 46 99.999 9.0
0 47 99.999 9.0
0 48 99.999 9.0
0 49 99.999 9.0
1 2 0.0 9.99
1 3 0.0 9.99
1 4 0.0 9.99
1 5 0.0 9.99
1 6 0.0 9.99
1 7 0.0 9.99
1 8 0.0 9.99
1 9 0.0 9.99
1 10 0.0 9.99
1 11 65.0 0.999
1 12 0.0 9.99
1 13 0.0 9.99
1 14 0.0 9.99
1 15 0.0 9.99
1 16 0.0 9.99
1 17 0.0 9.99
1 18 0.0 9.99
1 19 0.0 9.99
1 20 0.0 9.99
1 21 65.0 0.999
1 22 0.0 9.99
1 23 0.0 9.99
1 24 0.0 9.99
1 25 0.0 9.99
1 26 0.0 9.99
1 27 0.0 9.99
1 28 0.0 9.99
1 29 0.0 9.99
1 30 0.0 9.99
1 31 65.0 0.999
1 32 0.0 9.99
1 33 0.0 9.99
1 34 0.0 9.99
1 35 0.0 9.99
1 36 0.0 9.99
1 37 0.0 9.99
1 38 0.0 9.99
1 39 0.0 9.99
1 40 0.0 9.99
1 41 65.0 0.999
1 42 0.0 9.99
1 43 0.0 9.99
1 44 0.0 9.99
1 45 0.0 9.99
1 46 0.0 9.99
1 47 0.0 9.99
1 48 0.0 9.99
1 49 0.0 9.99
2 3 0.0 9.99
2 4 0.0 9.99
2 5 0.0 9.99
2 6 0.0 9.99
2 7 0.0 9.99
2 8 0.0 9.99
2 9 0.0 9.99
2 10 0.0 9.99
2 11 0.0 9.99
2 12 65.0 0.999
2 13 0.0 9.99
2 14 0.0 9.99
2 15 0.0 9.99
2 16 0.0 9.99
2 17 0.0 9.99
2 18 0.0 9.99
2 19 0.0 9.99
2 20 0.0 9.99
2 21 0.0 9.99
2 22 65.0 0.999
2 23 0.0 9.99
2 24 0.0 9.99
2 25 0.0 9.99
2 26 0.0 9.99
2 27 0.0 9.99
2 28 0.0 9.99
2 29 0.0 9.99
2 30 0.0 9.99
2 31 0.0 9.99
2 32 65.0 0.999
2 33 0.0 9.99
2 34 0.0 9.99
2 35 0.0 9.99
2 36 0.0 9.99
2 37 0.0 9.99
2 38 0.0 9.99
2 39 0.0 9.99
2 40 0.0 9.99
2 41 0.0 9.99
2 42 65.0 0.999
2 43 0.0 9.99
2 44 0.0 9.99
2 45 0.0 9.99
2 46 0.0 9.99
2 47 0.0 9.99
2 48 0.0 9.99
2 49 0.0 9.99
3 4 0.0 9.99
3 5 0.0 9.99
3 6 0.0 9.99
3 7 0.0 9.99
3 8 0.0 9.99
3 9 0.0 9.99
3 10 0.0 9.99
3 11 0.0 9.99
3 12 0.0 9.99
3 13 65.0 0.999
3 14 0.0 9.99
3 15 0.0 9.99
3 16 0.0 9.99
3 17 0.0 9.99
3 18 0.0 9.99
3 19 0.0 9.99
3 20 0.0 9.99
3 21 0.0 9.99
3 22 0.0 9.99
3 23 65.0 0.999
3 24 0.0 9.99
3 25 0.0 9.99
3 26 0.0 9.99
3 27 0.0 9.99
3 28 0.0 9.99
3 29 0.0 9.99
3 30 0.0 9.99
3 31 0.0 9.99
3 32 0.0 9.99
3 33 65.0 0.999
3 34 0.0 9.99
3 35 0.0 9.99
3 36 0.0 9.99
3 37 0.0 9.99
3 38 0.0 9.99
3 39 0.0 9.99
3 40 0.0 9.99
3 41 0.0 9.99
3 42 0.0 9.99
3 43 65.0 0.999
3 44 0.0 9.99
3 45 0.0 9.99
3 46 0.0 9.99
3 47 0.0 9.99
3 48 0.0 9.99
3 49 0.0 9.99
4 5 0.0 9.99
4 6 0.0 9.99
4 7 0.0 9.99
4 8 0.0 9.99
4 9 0.0 9.99
4 10 0.0 9.99
4 11 0.0 9.99
4 12 0.0 9.99
4 13 0.0 9.99
4 14 65.0 0.999
4 15 0.0 9.99
4 16 0.0 9.99
4 17 0.0 9.99
4 18 0.0 9.99
4 19 0.0 9.99
4 20 0.0 9.99
4 21 0.0 9.99
4 22 0.0 9.99
4 23 0.0 9.99
4 24 65.0 0.999
4 25 0.0 9.99
4 26 0.0 9.99
4 27 0.0 9.99
4 28 0.0 9.99
4 29 0.0 9.99
4 30 0.0 9.99
4 31 0.0 9.99
4 32 0.0 9.99
4 33 0.0 9.99
4 34 65.0 0.999
4 35 0.0 9.99
4 36 0.0 9.99
4 37 0.0 9.99
4 38 0.0 9.99
4 39 0.0 9.99
4 40 0.0 9.99
4 41 0.0 9.99
4 42 0.0 9.99
4 43 0.0 9.99
4 44 65.0 0.999
4 45 0.0 9.99
4 46 0.0 9.99
4 47 0.0 9.99
4 48 0.0 9.99
4 49 0.0 9.99
5 6 0.0 9.99
5 7 0.0 9.99
5 8 0.0 9.99
5 9 0.0 9.99
5 10 0.0 9.99
5 11 0.0 9.99
5 12 0.0 9.99
5 13 0.0 9.99
5 14 0.0 9.99
5 15 65.0 0.999
5 16 0.0 9.99
5 17 0.0 9.99
5 18 0.0 9.99
5 19 0.0 9.99
5 20 0.0 9.99
5 21 0.0 9.99
5 22 0.0 9.99
5 23 0.0 9.99
5 24 0.0 9.99
5 25 65.0 0.999
5 26 0.0 9.99
5 27 0.0 9.99
5 28 0.0 9.99
5 29 0.0 9.99
5 30 0.0 9.99
5 31 0.0 9.99
5 32 0.0 9.99
5 33 0.0 9.99
5 34 0.0 9.99
5 35 65.0 0.999
5 36 0.0 9.99
5 37 0.0 9.99
5 38 0.0 9.99
5 39 0.0 9.99
5 40 0.0 9.99
5 41 0.0 9.99
5 42 0.0 9.99
5 43 0.0 9.99
5 44 0.0 9.99
5 45 65.0 0.999
5 46 0.0 9.99
5 47 0.0 9.99
5 48 0.0 9.99
5 49 0.0 9.99
6 7 0.0 9.99
6 8 0.0 9.99
6 9 0.0 9.99
6 10 0.0 9.99
6 11 0.0 9.99
6 12 0.0 9.99
6 13 0.0 9.99
6 14 0.0 9.99
6 15 0.0 9.99
6 16 65.0 0.999
6 17 0.0 9.99
6 18 0.0 9.99
6 19 0.0 9.99
6 20 0.0 9.99
6 21 0.0 9.99
6 22 0.0 9.99
6 23 0.0 9.99
6 24 0.0 9.99
6 25 0.0 9.99
6 26 65.0 0.999
6 27 0.0 9.99
6 28 0.0 9.99
6 29 0.0 9.99
6 30 0.0 9.99
6 31 0.0 9.99
6 32 0.0 9.99
6 33 0.0 9.99
6 34 0.0 9.99
6 35 0.0 9.99
6 36 65.0 0.999
6 37 0.0 9.99
6 38 0.0 9.99
6 39 0.0 9.99
6 40 0.0 9.99
6 41 0.0 9.99
6 42 0.0 9.99
6 43 0.0 9.99
6 44 0.0 9.99
6 45 0.0 9.99
6 46 65.0 0.999
6 47 0.0 9.99
6 48 0.0 9.99
6 49 0.0 9.99
7 8 0.0 9.99
7 9 0.0 9.99
7 10 0.0 9.99
7 11 0.0 9.99
7 12 0.0 9.99
7 13 0.0 9.99
7 14 0.0 9.99
7 15 0.0 9.99
7 16 0.0 9.99
7 17 65.0 0.999
7 18 0.0 9.99
7 19 0.0 9.99
7 20 0.0 9.99
7 21 0.0 9.99
7 22 0.0 9.99
7 23 0.0 9.99
7 24 0.0 9.99
7 25 0.0 9.99
7 26 0.0 9.99
7 27 65.0 0.999
7 28 0.0 9.99
7 29 0.0 9.99
7 30 0.0 9.99
7 31 0.0 9.99
7 32 0.0 9.99
7 33 0.0 9.99
7 34 0.0 9.99
7 35 0.0 9.99
7 36 0.0 9.99
7 37 65.0 0.999
7 38 0.0 9.99
7 39 0.0 9.99
7 40 0.0 9.99
7 41 0.0 9.99
7 42 0.0 9.99
7 43 0.0 9.99
7 44 0.0 9.99
7 45 0.0 9.99
7 46 0.0 9.99
7 47 65.0 0.999
7 48 0.0 9.99
7 49 0.0 9.99
8 9 0.0 9.99
8 10 0.0 9.99
8 11 0.0 9.99
8 12 0.0 9.99
8 13 0.0 9.99
8 14 0.0 9.99
8 15 0.0 9.99
8 16 0.0 9.99
8 17 0.0 9.99
8 18 65.0 0.999
8 19 0.0 9.99
8 20 0.0 9.99
8 21 0.0 9.99
8 22 0.0 9.99
8 23 0.0 9.99
8 24 0.0 9.99
8 25 0.0 9.99
8 26 0.0 9.99
8 27 0.0 9.99
8 28 65.0 0.999
8 29 0.0 9.99
8 30 0.0 9.99
8 31 0.0 9.99
8 32 0.0 9.99
8 33 0.0 9.99
8 34 0.0 9.99
8 35 0.0 9.99
8 36 0.0 9.99
8 37 0.0 9.99
8 38 65.0 0.999
8 39 0.0 9.99
8 40 0.0 9.99
8 41 0.0 9.99
8 42 0.0 9.99
8 43 0.0 9.99
8 44 0.0 9.99
8 45 0.0 9.99
8 46 0.0 9.99
8 47 0.0 9.99
8 48 65.0 0.999
8 49 0.0 9.99
9 10 0.0 9.99
9 11 13.5 0.001
9 12 0.0 9.99
9 13 0.0 9.99
9 14 0.0 9.99
9 15 0.0 9.99
9 16 0.0 9.99
9 17 0.0 9.99
9 18 0.0 9.99
9 19 65.0 0.999
9 20 0.0 9.99
9 21 0.0 9.99
9 22 13.5 0.001
9 23 0.0 9.99
9 24 0.0 9.99
9 25 0.0 9.99
9 26 0.0 9.99
9 27 0.0 9.99
9 28 0.0 9.99
9 29 65.0 0.999
9 30 0.0 9.99
9 31 0.0 9.99
9 32 0.0 9.99
9 33 13.5 0.001
9 34 0.0 9.99
9 35 0.0 9.99
9 36 0.0 9.99
9 37 0.0 9.99
9 38 0.0 9.99
9 39 65.0 0.999
9 40 0.0 9.99
9 41 0.0 9.99
9 42 0.0 9.99
9 43 0.0 9.99
9 44 13.5 0.001
9 45 0.0 9.99
9 46 0.0 9.99
9 47 0.0 9.99
9 48 0.0 9.99
9 49 65.0 0.999
10 11 0.0 9.99
10 12 74.999 0.001
10 13 74.999 0.001
10 14 74.999 0.001
10 15 74.999 0.001
10 16 74.999 0.001
10 17 74.999 0.001
10 18 74.999 0.001
10 19 74.999 0.001
10 20 65.0 0.999
10 21 74.999 9.0
10 22 0.0 9.99
10 23 74.999 9.0
10 24 74.999 9.0
10 25 74.999 9.0
10 26 74.999 9.0
10 27 74.999 9.0
10 28 74.999 9.0
10 29 74.999 9.0
10 30 65.0 0.999
10 31 74.999 9.0
10 32 74.999 9.0
10 33 0.0 9.99
10 34 74.999 9.0
10 35 74.999 9.0
10 36 74.999 9.0
10 37 74.999 9.0
10 38 74.999 9.0
10 39 74.999 9.0
10 40 65.0 0.999
10 41 74.999 9.0
10 42 74.999 9.0
10 43 74.999 9.0
10 44 0.0 9.99
10 45 74.999 9.0
10 46 74.999 9.0
10 47 74.999 9.0
10 48 74.999 9.0
10 49 74.999 9.0
11 12 0.0 9.99
11 13 0.0 9.99
11 14 0.0 9.99
11 15 0.0 9.99
11 16 0.0 9.99
11 17 0.0 9.99
11 18 0.0 9.99
11 19 0.0 9.99
11 20 0.0 9.99
11 21 65.0 0.999
11 22 0.0 9.99
11 23 0.0 9.99
11 24 0.0 9.99
11 25 0.0 9.99
11 26 0.0 9.99
11 27 0.0 9.99
11 28 0.0 9.99
11 29 0.0 9.99
11 30 0.0 9.99
11 31 65.0 0.999
11 32 0.0 9.99
11 33 0.0 9.99
11 34 0.0 9.99
11 35 0.0 9.99
11 36 0.0 9.99
11 37 0.0 9.99
11 38 0.0 9.99
11 39 0.0 9.99
11 40 0.0 9.99
11 41 65.0 0.999
11 42 0.0 9.99
11 43 0.0 9.99
11 44 0.0 9.99
11 45 0.0 9.99
11 46 0.0 9.99
11 47 0.0 9.99
11 48 0.0 9.99
11 49 0.0 9.99
12 13 0.0 9.99
12 14 0.0 9.99
12 15 0.0 9.99
12 16 0.0 9.99
12 17 0.0 9.99
12 18 0.0 9.99
12 19 0.0 9.99
12 20 0.0 9.99
12 21 0.0 9.99
12 22 65.0 0.999
12 23 0.0 9.99
12 24 0.0 9.99
12 25 0.0 9.99
12 26 0.0 9.99
12 27 0.0 9.99
12 28 0.0 9.99
12 29 0.0 9.99
12 30 0.0 9.99
12 31 0.0 9.99
12 32 65.0 0.999
12 33 0.0 9.99
12 34 0.0 9.99
12 35 0.0 9.99
12 36 0.0 9.99
12 37 0.0 9.99
12 38 0.0 9.99
12 39 0.0 9.99
12 40 0.0 9.99
12 41 0.0 9.99
12 42 65.0 0.999
12 43 0.0 9.99
12 44 0.0 9.99
12 45 0.0 9.99
12 46 0.0 9.99
12 47 0.0 9.99
12 48 0.0 9.99
12 49 0.0 9.99
13 14 0.0 9.99
13 15 0.0 9.99
13 16 0.0 9.99
13 17 0.0 9.99
13 18 0.0 9.99
13 19 0.0 9.99
13 20 0.0 9.99
13 21 0.0 9.99
13 22 0.0 9.99
13 23 65.0 0.999
13 24 0.0 9.99
13 25 0.0 9.99
13 26 0.0 9.99
13 27 0.0 9.99
13 28 0.0 9.99
13 29 0.0 9.99
13 30 0.0 9.99
13 31 0.0 9.99
13 32 0.0 9.99
13 33 65.0 0.999
13 34 0.0 9.99
13 35 0.0 9.99
13 36 0.0 9.99
13 37 0.0 9.99
13 38 0.0 9.99
13 39 0.0 9.99
13 40 0.0 9.99
13 41 0.0 9.99
13 42 0.0 9.99
13 43 65.0 0.999
13 44 0.0 9.99
13 45 0.0 9.99
13 46 0.0 9.99
13 47 0.0 9.99
13 48 0.0 9.99
13 49 0.0 9.99
14 15 0.0 9.99
14 16 0.0 9.99
14 17 0.0 9.99
14 18 0.0 9.99
14 19 0.0 9.99
14 20 0.0 9.99
14 21 0.0 9.99
14 22 0.0 9.99
14 23 0.0 9.99
14 24 65.0 0.999
14 25 0.0 9.99
14 26 0.0 9.99
14 27 0.0 9.99
14 28 0.0 9.99
14 29 0.0 9.99
14 30 0.0 9.99
14 31 0.0 9.99
14 32 0.0 9.99
14 33 0.0 9.99
14 34 65.0 0.999
14 35 0.0 9.99
14 36 0.0 9.99
14 37 0.0 9.99
14 38 0.0 9.99
14 39 0.0 9.99
14 40 0.0 9.99
14 41 0.0 9.99
14 42 0.0 9.99
14 43 0.0 9.99
14 44 65.0 0.999
14 45 0.0 9.99
14 46 0.0 9.99
14 47 0.0 9.99
14 48 0.0 9.99
14 49 0.0 9.99
15 16 0.0 9.99
15 17 0.0 9.99
15 18 0.0 9.99
15 19 0.0 9.99
15 20 0.0 9.99
15 21 0.0 9.99
15 22 0.0 9.99
15 23 0.0 9.99
15 24 0.0 9.99
15 25 65.0 0.999
15 26 0.0 9.99
15 27 0.0 9.99
15 28 0.0 9.99
15 29 0.0 9.99
15 30 0.0 9.99
15 31 0.0 9.99
15 32 0.0 9.99
15 33 0.0 9.99
15 34 0.0 9.99
15 35 65.0 0.999
15 36 0.0 9.99
15 37 0.0 9.99
15 38 0.0 9.99
15 39 0.0 9.99
15 40 0.0 9.99
15 41 0.0 9.99
15 42 0.0 9.99
15 43 0.0 9.99
15 44 0.0 9.99
15 45 65.0 0.999
15 46 0.0 9.99
15 47 0.0 9.99
15 48 0.0 9.99
15 49 0.0 9.99
16 17 0.0 9.99
16 18 0.0 9.99
16 19 0.0 9.99
16 20 0.0 9.99
16 21 0.0 9.99
16 22 0.0 9.99
16 23 0.0 9.99
16 24 0.0 9.99
16 25 0.0 9.99
16 26 65.0 0.999
16 27 0.0 9.99
16 28 0.0 9.99
16 29 0.0 9.99
16 30 0.0 9.99
16 31 0.0 9.99
16 32 0.0 9.99
16 33 0.0 9.99
16 34 0.0 9.99
16 35 0.0 9.99
16 36 65.0 0.999
16 37 0.0 9.99
16 38 0.0 9.99
16 39 0.0 9.99
16 40 0.0 9.99
16 41 0.0 9.99
16 42 0.0 9.99
16 43 0.0 9.99
16 44 0.0 9.99
16 45 0.0 9.99
16 46 65.0 0.999
16 47 0.0 9.99
16 48 0.0 9.99
16 49 0.0 9.99
17 18 0.0 9.99
17 19 0.0 9.99
17 20 0.0 9.99
17 21 0.0 9.99
17 22 0.0 9.99
17 23 0.0 9.99
17 24 0.0 9.99
17 25 0.0 9.99
17 26 0.0 9.99
17 27 65.0 0.999
17 28 0.0 9.99
17 29 0.0 9.99
17 30 0.0 9.99
17 31 0.0 9.99
17 32 0.0 9.99
17 33 0.0 9.99
17 34 0.0 9.99
17 35 0.0 9.99
17 36 0.0 9.99
17 37 65.0 0.999
17 38 0.0 9.99
17 39 0.0 9.99
17 40 0.0 9.99
17 41 0.0 9.99
17 42 0.0 9.99
17 43 0.0 9.99
17 44 0.0 9.99
17 45 0.0 9.99
17 46 0.0 9.99
17 47 65.0 0.999
17 48 0.0 9.99
17 49 0.0 9.99
18 19 0.0 9.99
18 20 0.0 9.99
18 21 0.0 9.99
18 22 0.0 9.99
18 23 0.0 9.99
18 24 0.0 9.99
18 25 0.0 9.99
18 26 0.0 9.99
18 27 0.0 9.99
18 28 65.0 0.999
18 29 0.0 9.99
18 30 0.0 9.99
18 31 0.0 9.99
18 32 0.0 9.99
18 33 0.0 9.99
18 34 0.0 9.99
18 35 0.0 9.99
18 36 0.0 9.99
18 37 0.0 9.99
18 38 65.0 0.999
18 39 0.0 9.99
18 40 0.0 9.99
18 41 0.0 9.99
18 42 0.0 9.99
18 43 0.0 9.99
18 44 0.0 9.99
18 45 0.0 9.99
18 46 0.0 9.99
18 47 0.0 9.99
18 48 65.0 0.999
18 49 0.0 9.99
19 20 0.0 9.99
19 21 0.0 9.99
19 22 13.5 0.001
19 23 0.0 9.99
19 24 0.0 9.99
19 25 0.0 9.99
19 26 0.0 9.99
19 27 0.0 9.99
19 28 0.0 9.99
19 29 65.0 0.999
19 30 0.0 9.99
19 31 0.0 9.99
19 32 0.0 9.99
19 33 13.5 0.001
19 34 0.0 9.99
19 35 0.0 9.99
19 36 0.0 9.99
19 37 0.0 9.99
19 38 0.0 9.99
19 39 65.0 0.999
19 40 0.0 9.99
19 41 0.0 9.99
19 42 0.0 9.99
19 43 0.0 9.99
19 44 13.5 0.001
19 45 0.0 9.99
19 46 0.0 9.99
19 47 0.0 9.99
19 48 0.0 9.99
19 49 65.0 0.999
20 21 66.0 0.001
20 22 0.0 9.99
20 23 66.0 0.001
20 24 66.0 0.001
20 25 66.0 0.001
20 26 66.0 0.001
20 27 66.0 0.001
20 28 66.0 0.001
20 29 66.0 0.001
20 30 65.0 0.999
20 31 66.0 9.0
20 32 66.0 9.0
20 33 0.0 9.99
20 34 66.0 9.0
20 35 66.0 9.0
20 36 66.0 9.0
20 37 66.0 9.0
20 38 66.0 9.0
20 39 66.0 9.0
20 40 65.0 0.999
20 41 66.0 9.0
20 42 66.0 9.0
20 43 66.0 9.0
20 44 0.0 9.99
20 45 66.0 9.0
20 46 66.0 9.0
20 47 66.0 9.0
20 48 66.0 9.0
20 49 66.0 9.0
21 22 0.0 9.99
21 23 0.0 9.99
21 24 0.0 9.99
21 25 0.0 9.99
21 26 0.0 9.99
21 27 0.0 9.99
21 28 0.0 9.99
21 29 0.0 9.99
21 30 0.0 9.99
21 31 65.0 0.999
21 32 0.0 9.99
21 33 0.0 9.99
21 34 0.0 9.99
21 35 0.0 9.99
21 36 0.0 9.99
21 37 0.0 9.99
21 38 0.0 9.99
21 39 0.0 9.99
21 40 0.0 9.99
21 41 65.0 0.999
21 42 0.0 9.99
21 43 0.0 9.99
21 44 0.0 9.99
21 45 0.0 9.99
21 46 0.0 9.99
21 47 0.0 9.99
21 48 0.0 9.99
21 49 0.0 9.99
22 23 0.0 9.99
22 24 0.0 9.99
22 25 0.0 9.99
22 26 0.0 9.99
22 27 0.0 9.99
22 28 0.0 9.99
22 29 0.0 9.99
22 30 0.0 9.99
22 31 0.0 9.99
22 32 65.0 0.999
22 33 0.0 9.99
22 34 0.0 9.99
22 35 0.0 9.99
22 36 0.0 9.99
22 37 0.0 9.99
22 38 0.0 9.99
22 39 0.0 9.99
22 40 0.0 9.99
22 41 0.0 9.99
22 42 65.0 0.999
22 43 0.0 9.99
22 44 0.0 9.99
22 45 0.0 9.99
22 46 0.0 9.99
22 47 0.0 9.99
22 48 0.0 9.99
22 49 0.0 9.99
23 24 0.0 9.99
23 25 0.0 9.99
23 26 0.0 9.99
23 27 0.0 9.99
23 28 0.0 9.99
23 29 0.0 9.99
23 30 0.0 9.99
23 31 0.0 9.99
23 32 0.0 9.99
23 33 65.0 0.999
23 34 0.0 9.99
23 35 0.0 9.99
23 36 0.0 9.99
23 37 0.0 9.99
23 38 0.0 9.99
23 39 0.0 9.99
23 40 0.0 9.99
23 41 0.0 9.99
23 42 0.0 9.99
23 43 65.0 0.999
23 44 0.0 9.99
23 45 0.0 9.99
23 46 0.0 9.99
23 47 0.0 9.99
23 48 0.0 9.99
23 49 0.0 9.99
24 25 0.0 9.99
24 26 0.0 9.99
24 27 0.0 9.99
24 28 0.0 9.99
24 29 0.0 9.99
24 30 0.0 9.99
24 31 0.0 9.99
24 32 0.0 9.99
24 33 0.0 9.99
24 34 65.0 0.999
24 35 0.0 9.99
24 36 0.0 9.99
24 37 0.0 9.99
24 38 0.0 9.99
24 39 0.0 9.99
24 40 0.0 9.99
24 41 0.0 9.99
24 42 0.0 9.99
24 43 0.0 9.99
24 44 65.0 0.999
24 45 0.0 9.99
24 46 0.0 9.99
24 47 0.0 9.99
24 48 0.0 9.99
24 49 0.0 9.99
25 26 0.0 9.99
25 27 0.0 9.99
25 28 0.0 9.99
25 29 0.0 9.99
25 30 0.0 9.99
25 31 0.0 9.99
25 32 0.0 9.99
25 33 0.0 9.99
25 34 0.0 9.99
25 35 65.0 0.999
25 36 0.0 9.99
25 37 0.0 9.99
25 38 0.0 9.99
25 39 0.0 9.99
25 40 0.0 9.99
25 41 0.0 9.99
25 42 0.0 9.99
25 43 0.0 9.99
25 44 0.0 9.99
25 45 65.0 0.999
25 46 0.0 9.99
25 47 0.0 9.99
25 48 0.0 9.99
25 49 0.0 9.99
26 27 0.0 9.99
26 28 0.0 9.99
26 29 0.0 9.99
26 30 0.0 9.99
26 31 0.0 9.99
26 32 0.0 9.99
26 33 0.0 9.99
26 34 0.0 9.99
26 35 0.0 9.99
26 36 65.0 0.999
26 37 0.0 9.99
26 38 0.0 9.99
26 39 0.0 9.99
26 40 0.0 9.99
26 41 0.0 9.99
26 42 0.0 9.99
26 43 0.0 9.99
26 44 0.0 9.99
26 45 0.0 9.99
26 46 65.0 0.999
26 47 0.0 9.99
26 48 0.0 9.99
26 49 0.0 9.99
27 28 0.0 9.99
27 29 0.0 9.99
27 30 0.0 9.99
27 31 0.0 9.99
27 32 0.0 9.99
27 33 0.0 9.99
27 34 0.0 9.99
27 35 0.0 9.99
27 36 0.0 9.99
27 37 65.0 0.999
27 38 0.0 9.99
27 39 0.0 9.99
27 40 0.0 9.99
27 41 0.0 9.99
27 42 0.0 9.99
27 43 0.0 9.99
27 44 0.0 9.99
27 45 0.0 9.99
27 46 0.0 9.99
27 47 65.0 0.999
27 48 0.0 9.99
27 49 0.0 9.99
28 29 0.0 9.99
28 30 0.0 9.99
28 31 0.0 9.99
28 32 0.0 9.99
28 33 0.0 9.99
28 34 0.0 9.99
28 35 0.0 9.99
28 36 0.0 9.99
28 37 0.0 9.99
28 38 65.0 0.999
28 39 0.0 9.99
28 40 0.0 9.99
28 41 0.0 9.99
28 42 0.0 9.99
28 43 0.0 9.99
28 44 0.0 9.99
28 45 0.0 9.99
28 46 0.0 9.99
28 47 0.0 9.99
28 48 65.0 0.999
28 49 0.0 9.99
29 30 0.0 9.99
29 31 0.0 9.99
29 32 0.0 9.99
29 33 13.5 0.001
29 34 0.0 9.99
29 35 0.0 9.99
29 36 0.0 9.99
29 37 0.0 9.99
29 38 0.0 9.99
29 39 65.0 0.999
29 40 0.0 9.99
29 41 0.0 9.99
29 42 0.0 9.99
29 43 0.0 9.99
29 44 13.5 0.001
29 45 0.0 9.99
29 46 0.0 9.99
29 47 0.0 9.99
29 48 0.0 9.99
29 49 65.0 0.999
30 31 66.0 0.001
30 32 66.0 0.001
30 33 0.0 9.99
30 34 66.0 0.001
30 35 66.0 0.001
30 36 66.0 0.001
30 37 66.0 0.001
30 38 66.0 0.001
30 39 66.0 0.001
30 40 65.0 0.999
30 41 66.0 9.0
30 42 66.0 9.0
30 43 66.0 9.0
30 44 0.0 9.99
30 45 66.0 9.0
30 46 66.0 9.0
30 47 66.0 9.0
30 48 66.0 9.0
30 49 66.0 9.0
31 32 0.0 9.99
31 33 0.0 9.99
31 34 0.0 9.99
31 35 0.0 9.99
31 36 0.0 9.99
31 37 0.0 9.99
31 38 0.0 9.99
31 39 0.0 9.99
31 40 0.0 9.99
31 41 65.0 0.999
31 42 0.0 9.99
31 43 0.0 9.99
31 44 0.0 9.99
31 45 0.0 9.99
31 46 0.0 9.99
31 47 0.0 9.99
31 48 0.0 9.99
31 49 0.0 9.99
32 33 0.0 9.99
32 34 0.0 9.99
32 35 0.0 9.99
32 36 0.0 9.99
32 37 0.0 9.99
32 38 0.0 9.99
32 39 0.0 9.99
32 40 0.0 9.99
32 41 0.0 9.99
32 42 65.0 0.999
32 43 0.0 9.99
32 44 0.0 9.99
32 45 0.0 9.99
32 46 0.0 9.99
32 47 0.0 9.99
32 48 0.0 9.99
32 49 0.0 9.99
33 34 0.0 9.99
33 35 0.0 9.99
33 36 0.0 9.99
33 37 0.0 9.99
33 38 0.0 9.99
33 39 0.0 9.99
33 40 0.0 9.99
33 41 0.0 9.99
33 42 0.0 9.99
33 43 65.0 0.999
33 44 0.0 9.99
33 45 0.0 9.99
33 46 0.0 9.99
33 47 0.0 9.99
33 48 0.0 9.99
33 49 0.0 9.99
34 35 0.0 9.99
34 36 0.0 9.99
34 37 0.0 9.99
34 38 0.0 9.99
34 39 0.0 9.99
34 40 0.0 9.99
34 41 0.0 9.99
34 42 0.0 9.99
34 43 0.0 9.99
34 44 65.0 0.999
34 45 0.0 9.99
34 46 0.0 9.99
34 47 0.0 9.99
34 48 0.0 9.99
34 49 0.0 9.99
35 36 0.0 9.99
35 37 0.0 9.99
35 38 0.0 9.99
35 39 0.0 9.99
35 40 0.0 9.99
35 41 0.0 9.99
35 42 0.0 9.99
35 43 0.0 9.99
35 44 0.0 9.99
35 45 65.0 0.999
35 46 0.0 9.99
35 47 0.0 9.99
35 48 0.0 9.99
35 49 0.0 9.99
36 37 0.0 9.99
36 38 0.0 9.99
36 39 0.0 9.99
36 40 0.0 9.99
36 41 0.0 9.99
36 42 0.0 9.99
36 43 0.0 9.99
36 44 0.0 9.99
36 45 0.0 9.99
36 46 65.0 0.999
36 47 0.0 9.99
36 48 0.0 9.99
36 49 0.0 9.99
37 38 0.0 9.99
37 39 0.0 9.99
37 40 0.0 9.99
37 41 0.0 9.99
37 42 0.0 9.99
37 43 0.0 9.99
37 44 0.0 9.99
37 45 0.0 9.99
37 46 0.0 9.99
37 47 65.0 0.999
37 48 0.0 9.99
37 49 0.0 9.99
38 39 0.0 9.99
38 40 0.0 9.99
38 41 0.0 9.99
38 42 0.0 9.99
38 43 0.0 9.99
38 44 0.0 9.99
38 45 0.0 9.99
38 46 0.0 9.99
38 47 0.0 9.99
38 48 65.0 0.999
38 49 0.0 9.99
39 40 0.0 9.99
39 41 0.0 9.99
39 42 0.0 9.99
39 43 0.0 9.99
39 44 13.5 0.001
39 45 0.0 9.99
39 46 0.0 9.99
39 47 0.0 9.99
39 48 0.0 9.99
39 49 65.0 0.999
40 41 66.0 0.001
40 42 66.0 0.001
40 43 66.0 0.001
40 44 0.0 9.99
40 45 66.0 0.001
40 46 66.0 0.001
40 47 66.0 0.001
40 48 66.0 0.001
40 49 66.0 0.001
41 42 0.0 9.99
41 43 0.0 9.99
41 44 0.0 9.99
41 45 0.0 9.99
41 46 0.0 9.99
41 47 0.0 9.99
41 48 0.0 9.99
41 49 0.0 9.99
42 43 0.0 9.99
42 44 0.0 9.99
42 45 0.0 9.99
42 46 0.0 9.99
42 47 0.0 9.99
42 48 0.0 9.99
42 49 0.0 9.99
43 44 0.0 9.99
43 45 0.0 9.99
43 46 0.0 9.99
43 47 0.0 9.99
43 48 0.0 9.99
43 49 0.0 9.99
44 45 0.0 9.99
44 46 0.0 9.99
44 47 0.0 9.99
44 48 0.0 9.99
44 49 0.0 9.99
45 46 0.0 9.99
45 47 0.0 9.99
45 48 0.0 9.99
45 49 0.0 9.99
46 47 0.0 9.99
46 48 0.0 9.99
46 49 0.0 9.99
47 48 0.0 9.99
47 49 0.0 9.99
48 49 0.0 9.99
