50
94.691
0 1 77.71 26.192
0 2 8.23 94.361
1 2 37.845 44.169
0 3 27.968 42.409
1 3 32.334 6.023
2 3 35.771 60.702
0 4 47.003 81.334
1 4 14.884 86.747
2 4 51.7 9.891
3 4 57.999 0.249
0 5 80.083 24.912
1 5 2.475 82.379
2 5 34.041 62.611
3 5 8.23 20.123
4 5 97.348 22.225
0 6 51.962 95.142
1 6 95.456 52.219
2 6 41.339 62.827
3 6 58.456 33.547
4 6 59.611 60.047
5 6 83.142 21.603
0 7 29.689 5.006
1 7 10.158 20.482
2 7 30.62 27.882
3 7 4.978 33.127
4 7 98.529 18.336
5 7 45.539 28.543
6 7 66.31 60.931
0 8 62.306 0.483
1 8 88.082 28.841
2 8 26.765 63.528
3 8 90.295 65.749
4 8 33.298 17.875
5 8 87.637 4.142
6 8 82.54 33.868
7 8 39.463 36.6
0 9 31.977 60.84
1 9 29.591 78.308
2 9 7.562 97.498
3 9 8.564 4.129
4 9 49.912 32.563
5 9 45.844 72.083
6 9 71.469 29.251
7 9 58.226 28.193
8 9 68.664 15.919
0 10 80.911 62.578
1 10 63.289 2.287
2 10 92.913 34.541
3 10 67.569 28.882
4 10 0.454 59.245
5 10 0.624 26.524
6 10 66.857 53.311
7 10 45.411 68.635
8 10 9.319 87.686
9 10 69.145 74.99
0 11 50.216 79.392
1 11 59.597 97.54
2 11 82.395 50.222
3 11 12.293 80.541
4 11 81.073 39.385
5 11 47.36 66.53
6 11 90.499 14.675
7 11 19.649 54.082
8 11 45.933 26.098
9 11 20.147 88.965
10 11 82.901 27.341
0 12 67.966 7.925
1 12 81.353 25.775
2 12 90.252 91.928
3 12 82.95 4.015
4 12 31.531 53.841
5 12 73.821 48.708
6 12 85.117 54.749
7 12 31.711 94.735
8 12 57.954 69.912
9 12 43.257 67.797
10 12 22.032 91.1
11 12 98.899 95.496
0 13 86.539 73.881
1 13 12.196 56.075
2 13 31.648 80.002
3 13 31.039 24.214
4 13 69.076 83.994
5 13 36.332 61.814
6 13 71.139 95.999
7 13 75.05 22.309
8 13 51.897 30.195
9 13 27.573 42.317
10 13 6.155 13.984
11 13 78.727 87.994
12 13 50.148 6.999
0 14 60.712 36.821
1 14 95.841 89.924
2 14 8.042 65.997
3 14 52.22 85.058
4 14 95.08 10.882
5 14 98.595 24.207
6 14 66.944 90.806
7 14 55.168 40.002
8 14 51.345 8.468
9 14 61.29 14.493
10 14 51.563 46.411
11 14 74.577 75.787
12 14 89.702 31.161
13 14 82.1 46.912
0 15 67.648 66.728
1 15 73.087 16.813
2 15 84.328 46.845
3 15 88.694 43.044
4 15 76.925 19.787
5 15 59.265 56.796
6 15 5.467 53.924
7 15 68.383 91.84
8 15 29.109 84.273
9 15 60.727 38.622
10 15 68.76 63.142
11 15 62.751 79.157
12 15 75.526 4.059
13 15 50.539 43.501
14 15 25.838 78.105
0 16 27.317 14.561
1 16 50.816 21.424
2 16 49.404 69.157
3 16 0.742 58.825
4 16 63.406 93.078
5 16 83.85 12.293
6 16 61.365 23.635
7 16 21.714 51.168
8 16 90.007 54.7
9 16 33.707 72.645
10 16 73.191 98.979
11 16 24.924 85.507
12 16 20.799 23.214
13 16 68.259 81.269
14 16 75.504 0.611
15 16 36.913 79.99
0 17 80.434 56.116
1 17 83.739 21.994
2 17 43.748 97.889
3 17 74.797 22.024
4 17 57.091 99.639
5 17 58.067 25.708
6 17 27.399 42.832
7 17 94.055 50.61
8 17 48.72 0.425
9 17 2.938 34.977
10 17 34.739 30.321
11 17 30.127 64.259
12 17 14.513 88.838
13 17 40.13 94.237
14 17 52.222 7.641
15 17 17.805 36.418
16 17 69.975 84.976
0 18 53.964 96.203
1 18 41.512 7.677
2 18 95.233 13.67
3 18 11.611 26.261
4 18 29.697 7.32
5 18 45.265 88.787
6 18 50.971 5.869
7 18 93.693 94.544
8 18 10.927 7.735
9 18 21.709 61.719
10 18 55.033 18.797
11 18 91.958 70.401
12 18 98.913 80.678
13 18 23.446 2.241
14 18 8.307 84.199
15 18 55.174 82.526
16 18 44.094 66.983
17 18 82.428 66.41
0 19 75.213 35.582
1 19 99.934 71.642
2 19 14.926 79.582
3 19 57.304 97.633
4 19 61.14 70.188
5 19 95.92 45.574
6 19 62.266 76.434
7 19 84.317 3.392
8 19 38.366 54.813
9 19 42.008 32.981
10 19 70.097 84.125
11 19 91.091 17.962
12 19 81.194 28.884
13 19 39.318 46.718
14 19 52.467 92.874
15 19 3.913 24.069
16 19 79.942 82.832
17 19 28.427 11.11
18 19 71.324 53.92
0 20 99.064 78.51
1 20 4.363 4.12
2 20 2.276 93.7
3 20 81.879 65.907
4 20 8.879 15.954
5 20 78.203 36.04
6 20 85.151 42.282
7 20 74.907 38.409
8 20 95.058 65.85
9 20 71.841 48.148
10 20 16.271 57.789
11 20 33.926 20.886
12 20 71.605 20.468
13 20 85.039 9.602
14 20 69.215 93.315
15 20 50.131 84.351
16 20 51.752 79.402
17 20 16.211 1.322
18 20 49.888 45.887
19 20 68.362 42.775
0 21 29.325 80.506
1 21 69.587 67.976
2 21 84.505 67.643
3 21 17.516 70.918
4 21 42.848 37.305
5 21 5.642 93.019
6 21 35.885 8.734
7 21 87.448 84.375
8 21 18.236 62.541
9 21 88.617 73.802
10 21 38.626 96.992
11 21 18.735 24.376
12 21 77.176 27.852
13 21 79.193 34.124
14 21 49.723 51.553
15 21 39.507 33.725
16 21 30.034 94.355
17 21 72.37 0.938
18 21 84.506 18.726
19 21 42.485 25.346
20 21 86.199 72.008
0 22 38.794 65.05
1 22 52.071 79.739
2 22 45.446 10.683
3 22 36.286 63.423
4 22 0.003 59.664
5 22 24.008 37.038
6 22 83.534 84.687
7 22 4.215 97.626
8 22 64.44 29.601
9 22 87.369 70.83
10 22 91.767 6.909
11 22 52.157 85.327
12 22 71.246 7.816
13 22 48.635 21.893
14 22 23.016 66.793
15 22 34.878 45.415
16 22 81.342 53.681
17 22 4.268 47.121
18 22 3.883 27.189
19 22 7.601 17.408
20 22 77.168 73.997
21 22 1.868 65.059
0 23 23.185 14.469
1 23 94.215 35.266
2 23 85.073 80.994
3 23 9.218 83.888
4 23 30.957 12.887
5 23 75.108 29.604
6 23 10.665 32.968
7 23 46.767 83.101
8 23 80.554 26.414
9 23 74.487 11.965
10 23 20.625 67.444
11 23 15.886 80.449
12 23 5.117 11.695
13 23 31.723 92.647
14 23 11.623 17.899
15 23 89.729 81.095
16 23 71.135 34.596
17 23 58.019 7.94
18 23 87.085 15.74
19 23 96.81 61.59
20 23 93.622 94.414
21 23 20.492 33.765
22 23 63.612 78.064
0 24 56.343 83.463
1 24 8.246 30.533
2 24 65.267 16.32
3 24 91.033 92.35
4 24 83.071 92.133
5 24 31.943 37.162
6 24 98.624 79.105
7 24 66.762 63.509
8 24 28.82 27.03
9 24 7.599 52.227
10 24 3.578 92.197
11 24 89.459 86.744
12 24 76.035 25.406
13 24 21.449 64.808
14 24 3.193 13.121
15 24 94.614 88.652
16 24 58.45 37.397
17 24 67.226 46.745
18 24 67.231 2.0
19 24 31.649 76.792
20 24 37.162 87.295
21 24 59.348 37.621
22 24 13.358 39.675
23 24 11.732 16.52
0 25 72.449 89.425
1 25 23.921 11.844
2 25 85.154 16.048
3 25 13.967 77.454
4 25 69.554 87.309
5 25 70.512 21.745
6 25 82.069 67.808
7 25 62.433 86.709
8 25 26.802 64.775
9 25 37.336 11.793
10 25 49.124 21.693
11 25 58.46 62.848
12 25 16.822 72.662
13 25 59.988 73.675
14 25 27.746 95.473
15 25 97.638 2.39
16 25 0.607 63.152
17 25 24.13 78.799
18 25 56.109 74.695
19 25 20.784 79.574
20 25 22.636 54.542
21 25 46.83 85.278
22 25 3.873 61.548
23 25 19.56 0.726
24 25 84.105 80.994
0 26 58.757 99.732
1 26 47.229 34.728
2 26 25.686 49.246
3 26 37.816 65.794
4 26 10.267 22.561
5 26 47.823 74.21
6 26 37.334 43.109
7 26 44.384 18.84
8 26 93.907 34.825
9 26 94.996 84.339
10 26 23.909 79.092
11 26 72.799 49.722
12 26 56.631 57.275
13 26 55.185 94.88
14 26 6.357 87.723
15 26 97.061 37.784
16 26 82.959 59.52
17 26 31.928 94.975
18 26 65.225 13.735
19 26 60.931 53.43
20 26 13.212 18.347
21 26 96.391 89.619
22 26 90.283 63.441
23 26 95.919 48.897
24 26 65.827 13.933
25 26 79.316 42.33
0 27 28.827 15.508
1 27 26.718 43.91
2 27 10.028 64.902
3 27 13.909 63.188
4 27 86.841 46.721
5 27 17.189 38.62
6 27 36.783 10.342
7 27 8.47 2.396
8 27 29.035 56.093
9 27 67.095 64.766
10 27 15.974 74.19
11 27 11.918 70.886
12 27 57.947 15.281
13 27 46.046 73.522
14 27 75.282 7.439
15 27 77.691 53.386
16 27 98.674 82.579
17 27 13.008 32.8
18 27 69.532 67.353
19 27 58.989 54.167
20 27 83.99 67.446
21 27 73.55 2.095
22 27 77.519 46.836
23 27 47.916 6.268
24 27 11.717 28.276
25 27 21.142 35.294
26 27 25.455 61.316
0 28 40.007 79.619
1 28 20.919 50.414
2 28 18.298 89.274
3 28 4.034 90.575
4 28 29.791 31.523
5 28 97.669 21.15
6 28 12.614 9.464
7 28 81.751 11.377
8 28 10.688 63.659
9 28 76.876 74.842
10 28 0.245 62.298
11 28 46.524 24.059
12 28 75.029 85.942
13 28 0.139 61.671
14 28 90.388 44.381
15 28 85.447 26.694
16 28 19.513 52.616
17 28 79.827 86.415
18 28 32.473 2.138
19 28 19.077 8.151
20 28 99.555 31.64
21 28 64.564 16.66
22 28 90.167 35.26
23 28 72.406 82.932
24 28 6.943 46.702
25 28 66.977 41.542
26 28 11.757 27.992
27 28 16.142 75.273
0 29 19.799 44.893
1 29 27.602 3.475
2 29 74.39 20.001
3 29 94.177 17.989
4 29 5.254 35.316
5 29 51.228 95.966
6 29 61.942 45.502
7 29 31.365 10.757
8 29 20.225 52.968
9 29 35.606 74.465
10 29 31.884 17.219
11 29 93.501 56.485
12 29 19.857 47.075
13 29 99.914 10.338
14 29 12.023 44.291
15 29 21.17 69.838
16 29 94.729 94.57
17 29 57.757 97.358
18 29 80.615 80.174
19 29 71.018 54.277
20 29 49.284 40.651
21 29 71.0 96.871
22 29 86.628 67.881
23 29 2.093 50.117
24 29 90.108 41.641
25 29 64.831 5.57
26 29 41.664 94.174
27 29 88.869 3.731
28 29 48.26 99.096
0 30 1.356 22.848
1 30 62.642 87.155
2 30 82.661 14.257
3 30 2.984 87.287
4 30 55.43 73.211
5 30 19.816 45.171
6 30 67.43 7.523
7 30 47.045 29.656
8 30 53.187 63.868
9 30 78.835 55.064
10 30 61.769 45.89
11 30 75.674 10.668
12 30 44.824 38.305
13 30 33.237 82.711
14 30 75.346 99.896
15 30 51.722 9.214
16 30 20.051 97.692
17 30 0.529 11.25
18 30 44.26 0.117
19 30 81.997 64.951
20 30 45.86 45.755
21 30 69.26 11.562
22 30 61.986 66.508
23 30 28.579 0.893
24 30 35.995 76.935
25 30 90.027 14.389
26 30 44.365 99.706
27 30 97.557 69.257
28 30 14.962 12.304
29 30 68.739 67.863
0 31 88.936 63.699
1 31 83.724 12.227
2 31 25.691 45.968
3 31 8.531 85.471
4 31 88.934 97.445
5 31 66.253 9.562
6 31 7.177 85.312
7 31 16.106 31.491
8 31 31.26 68.74
9 31 29.235 32.625
10 31 39.069 0.087
11 31 8.439 75.456
12 31 4.33 9.953
13 31 21.301 43.572
14 31 68.57 13.069
15 31 46.81 85.868
16 31 1.874 58.973
17 31 32.401 19.101
18 31 40.439 59.187
19 31 76.064 42.25
20 31 36.225 74.37
21 31 93.778 41.66
22 31 65.328 25.128
23 31 49.666 56.415
24 31 2.558 11.864
25 31 28.757 76.012
26 31 35.689 0.867
27 31 45.077 60.655
28 31 8.537 74.028
29 31 26.887 30.233
30 31 64.472 40.703
0 32 46.185 81.372
1 32 57.748 26.607
2 32 3.574 53.415
3 32 95.73 34.204
4 32 5.662 17.12
5 32 30.606 69.905
6 32 86.712 96.276
7 32 40.2 14.842
8 32 72.651 11.428
9 32 55.353 3.722
10 32 4.22 50.153
11 32 56.839 46.209
12 32 44.898 0.124
13 32 87.563 33.834
14 32 81.663 18.466
15 32 14.53 51.576
16 32 88.237 67.047
17 32 87.959 45.63
18 32 79.966 5.558
19 32 83.039 69.107
20 32 37.047 95.41
21 32 89.313 68.353
22 32 99.823 2.003
23 32 76.981 10.071
24 32 14.747 94.867
25 32 72.421 61.727
26 32 46.552 9.038
27 32 91.15 1.868
28 32 2.05 15.994
29 32 91.559 87.528
30 32 19.39 34.735
31 32 3.907 2.014
0 33 92.789 55.66
1 33 40.87 5.346
2 33 63.727 8.616
3 33 33.993 90.017
4 33 18.702 13.639
5 33 69.357 67.626
6 33 95.273 44.719
7 33 66.955 73.996
8 33 39.461 38.363
9 33 68.02 40.957
10 33 44.746 66.287
11 33 94.573 47.901
12 33 34.827 51.846
13 33 40.391 88.705
14 33 80.101 62.971
15 33 95.473 85.387
16 33 81.326 9.407
17 33 35.686 36.803
18 33 22.425 47.186
19 33 37.362 68.204
20 33 59.954 54.243
21 33 86.834 73.901
22 33 77.727 66.167
23 33 11.731 36.517
24 33 31.685 5.602
25 33 14.992 80.708
26 33 88.106 18.416
27 33 49.539 80.43
28 33 45.401 39.029
29 33 79.256 94.197
30 33 5.966 44.212
31 33 43.15 97.755
32 33 21.545 74.289
0 34 49.654 93.754
1 34 68.267 93.166
2 34 74.749 53.167
3 34 97.722 68.688
4 34 77.823 55.884
5 34 45.368 61.066
6 34 78.639 79.714
7 34 34.162 62.6
8 34 4.972 19.344
9 34 96.093 41.442
10 34 11.064 2.911
11 34 64.597 99.502
12 34 56.296 15.832
13 34 93.076 48.958
14 34 84.181 3.797
15 34 4.921 89.155
16 34 46.232 73.169
17 34 0.245 79.783
18 34 24.674 61.906
19 34 67.264 44.736
20 34 90.321 40.213
21 34 11.286 55.919
22 34 93.995 2.902
23 34 28.639 44.655
24 34 60.219 21.743
25 34 42.848 70.825
26 34 78.798 60.894
27 34 42.01 16.797
28 34 14.48 73.815
29 34 8.773 30.457
30 34 41.982 99.284
31 34 34.063 15.449
32 34 78.213 35.259
33 34 87.516 10.788
0 35 81.25 77.417
1 35 79.242 5.67
2 35 91.445 53.163
3 35 42.974 6.013
4 35 10.163 97.38
5 35 23.093 22.434
6 35 43.798 49.458
7 35 34.623 68.431
8 35 99.046 63.648
9 35 63.887 92.82
10 35 87.466 75.373
11 35 60.363 67.643
12 35 37.586 60.793
13 35 93.384 76.705
14 35 15.888 68.351
15 35 33.893 0.019
16 35 41.168 42.741
17 35 4.814 25.498
18 35 36.059 44.678
19 35 79.356 33.362
20 35 63.172 44.526
21 35 23.023 36.104
22 35 56.148 90.263
23 35 2.094 70.912
24 35 68.277 3.216
25 35 57.876 36.395
26 35 27.746 13.531
27 35 27.101 3.695
28 35 99.541 68.758
29 35 74.816 42.545
30 35 80.058 40.408
31 35 71.956 18.769
32 35 99.805 99.584
33 35 24.098 94.494
34 35 84.86 34.251
0 36 29.14 23.823
1 36 58.275 23.351
2 36 73.261 95.427
3 36 83.728 21.097
4 36 85.655 44.642
5 36 85.545 10.591
6 36 29.007 44.542
7 36 54.86 50.248
8 36 24.988 36.847
9 36 95.432 46.07
10 36 92.45 3.972
11 36 13.31 98.79
12 36 95.372 11.71
13 36 70.98 95.742
14 36 60.218 48.878
15 36 42.33 53.471
16 36 83.077 32.25
17 36 49.793 56.421
18 36 30.239 34.309
19 36 50.352 32.908
20 36 44.323 10.002
21 36 63.118 97.326
22 36 61.827 66.022
23 36 17.945 28.42
24 36 16.693 85.599
25 36 92.99 95.498
26 36 56.926 89.297
27 36 8.717 36.689
28 36 30.875 66.343
29 36 15.897 53.018
30 36 9.082 81.412
31 36 85.948 17.67
32 36 15.337 14.91
33 36 60.591 15.828
34 36 62.368 5.723
35 36 60.558 99.864
0 37 76.014 60.924
1 37 85.537 15.247
2 37 47.377 77.138
3 37 85.205 51.825
4 37 23.576 43.079
5 37 32.031 81.12
6 37 56.419 49.406
7 37 83.566 17.594
8 37 59.395 70.512
9 37 16.738 8.203
10 37 37.99 5.517
11 37 91.638 92.722
12 37 22.886 45.943
13 37 83.55 10.491
14 37 52.484 42.599
15 37 58.361 15.36
16 37 23.204 62.579
17 37 46.794 89.663
18 37 36.113 41.831
19 37 59.102 74.751
20 37 55.487 73.283
21 37 73.474 16.123
22 37 71.2 84.615
23 37 99.034 34.899
24 37 92.518 19.363
25 37 95.408 23.04
26 37 12.22 6.775
27 37 74.098 21.183
28 37 40.995 9.188
29 37 96.368 36.752
30 37 93.633 76.325
31 37 38.354 97.643
32 37 59.02 63.485
33 37 49.283 25.711
34 37 70.042 80.405
35 37 17.91 23.989
36 37 74.052 3.328
0 38 86.639 73.25
1 38 80.343 1.237
2 38 41.74 43.735
3 38 75.036 1.339
4 38 31.561 12.204
5 38 98.752 11.519
6 38 78.127 22.659
7 38 26.02 64.398
8 38 61.538 59.358
9 38 1.113 96.362
10 38 17.704 78.76
11 38 13.506 77.158
12 38 3.632 48.432
13 38 98.359 72.173
14 38 39.198 10.772
15 38 64.485 37.637
16 38 33.463 27.437
17 38 58.178 27.985
18 38 32.513 18.344
19 38 90.825 42.057
20 38 29.941 47.726
21 38 24.177 15.207
22 38 1.729 39.925
23 38 44.902 71.616
24 38 15.569 43.324
25 38 29.609 52.096
26 38 37.997 5.302
27 38 70.638 28.059
28 38 84.22 36.918
29 38 20.744 43.656
30 38 93.808 93.094
31 38 84.822 14.82
32 38 83.748 77.296
33 38 46.246 69.596
34 38 66.875 31.877
35 38 16.784 1.177
36 38 49.519 8.867
37 38 63.112 54.762
0 39 27.677 61.054
1 39 11.901 52.956
2 39 42.926 57.303
3 39 16.428 42.551
4 39 33.871 8.882
5 39 83.984 22.977
6 39 60.085 67.063
7 39 82.754 69.946
8 39 99.608 72.939
9 39 0.513 76.26
10 39 40.083 96.691
11 39 68.873 1.688
12 39 27.29 25.471
13 39 17.13 1.275
14 39 96.506 87.067
15 39 64.077 32.534
16 39 24.769 76.649
17 39 45.624 79.248
18 39 68.76 25.905
19 39 73.278 31.311
20 39 34.492 60.231
21 39 17.416 59.107
22 39 63.496 80.735
23 39 83.284 19.768
24 39 4.343 34.004
25 39 93.004 55.28
26 39 22.374 35.612
27 39 62.616 51.848
28 39 36.886 57.762
29 39 17.841 15.331
30 39 95.059 11.823
31 39 64.232 23.124
32 39 54.853 51.541
33 39 22.001 79.783
34 39 27.0 66.393
35 39 84.342 90.727
36 39 32.996 1.751
37 39 25.351 22.026
38 39 65.799 77.188
0 40 8.229 30.279
1 40 98.022 65.326
2 40 8.649 47.199
3 40 14.245 6.145
4 40 85.915 82.302
5 40 44.604 81.209
6 40 75.878 42.36
7 40 67.966 93.655
8 40 45.279 67.339
9 40 22.073 51.274
10 40 49.335 42.205
11 40 25.773 76.697
12 40 82.489 41.137
13 40 78.549 45.381
14 40 79.452 1.604
15 40 59.454 4.507
16 40 51.211 33.334
17 40 33.733 36.607
18 40 70.618 30.811
19 40 50.016 59.731
20 40 70.832 9.753
21 40 30.557 21.955
22 40 89.75 0.783
23 40 89.435 97.42
24 40 28.125 73.057
25 40 14.924 61.734
26 40 4.438 41.848
27 40 80.357 33.834
28 40 14.515 30.095
29 40 39.162 28.235
30 40 2.655 54.52
31 40 64.257 83.286
32 40 56.758 33.299
33 40 60.228 13.365
34 40 25.314 85.835
35 40 14.537 19.951
36 40 60.743 93.089
37 40 37.894 15.068
38 40 67.288 31.073
39 40 14.51 44.882
0 41 91.892 55.85
1 41 22.913 39.435
2 41 34.772 31.483
3 41 27.357 40.291
4 41 35.742 73.24
5 41 95.523 29.388
6 41 87.528 32.018
7 41 17.928 11.02
8 41 71.89 29.851
9 41 59.522 41.774
10 41 5.505 59.252
11 41 2.998 17.402
12 41 24.032 11.697
13 41 54.914 66.61
14 41 15.538 20.582
15 41 89.671 57.441
16 41 77.658 63.521
17 41 31.367 93.91
18 41 82.499 54.325
19 41 60.358 16.6
20 41 5.286 56.986
21 41 27.815 2.166
22 41 68.626 43.86
23 41 0.314 88.298
24 41 11.906 55.598
25 41 90.141 64.315
26 41 19.771 2.94
27 41 27.612 90.23
28 41 41.12 20.316
29 41 53.686 55.668
30 41 55.459 67.882
31 41 98.582 97.175
32 41 98.095 1.232
33 41 85.174 52.3
34 41 43.883 68.658
35 41 55.421 69.978
36 41 47.138 75.463
37 41 98.035 17.602
38 41 59.046 12.447
39 41 14.371 87.37
40 41 19.045 75.287
0 42 6.111 64.657
1 42 41.138 20.651
2 42 73.411 59.506
3 42 23.66 8.935
4 42 31.271 27.543
5 42 49.923 11.327
6 42 17.064 3.091
7 42 60.624 8.046
8 42 54.121 42.326
9 42 54.685 64.751
10 42 58.501 75.343
11 42 41.351 35.991
12 42 59.979 71.513
13 42 29.426 72.04
14 42 66.491 43.745
15 42 86.29 42.592
16 42 33.925 69.729
17 42 85.478 46.654
18 42 45.723 47.216
19 42 6.032 70.42
20 42 72.843 64.727
21 42 35.158 76.344
22 42 3.611 12.528
23 42 18.817 76.875
24 42 84.174 59.448
25 42 53.714 98.109
26 42 33.245 95.154
27 42 21.929 56.936
28 42 54.218 43.949
29 42 64.776 29.964
30 42 6.545 88.835
31 42 32.34 70.446
32 42 31.372 1.157
33 42 4.745 2.777
34 42 77.584 10.084
35 42 34.676 15.062
36 42 60.593 43.66
37 42 89.578 37.372
38 42 18.324 50.49
39 42 60.727 6.406
40 42 14.501 38.896
41 42 13.415 77.256
0 43 39.658 43.353
1 43 56.616 38.762
2 43 14.833 99.129
3 43 39.958 1.652
4 43 90.625 34.337
5 43 41.852 56.027
6 43 4.794 21.666
7 43 34.109 85.924
8 43 34.75 4.839
9 43 83.267 55.914
10 43 12.21 30.378
11 43 84.44 35.811
12 43 72.761 79.116
13 43 22.729 22.474
14 43 44.407 86.79
15 43 66.602 64.252
16 43 28.183 94.551
17 43 67.529 57.985
18 43 73.554 9.443
19 43 96.749 99.266
20 43 7.634 57.608
21 43 13.581 70.766
22 43 55.729 90.409
23 43 39.716 78.001
24 43 61.31 27.495
25 43 60.048 6.633
26 43 76.614 38.216
27 43 78.666 77.231
28 43 18.702 80.297
29 43 37.539 21.33
30 43 79.669 41.047
31 43 73.58 35.197
32 43 62.243 14.315
33 43 44.47 2.597
34 43 40.686 4.531
35 43 51.74 82.403
36 43 97.637 87.364
37 43 30.691 72.056
38 43 59.906 0.763
39 43 73.245 78.176
40 43 75.926 59.723
41 43 70.969 74.659
42 43 73.5 55.007
0 44 93.843 67.394
1 44 47.194 68.437
2 44 88.01 97.07
3 44 47.479 30.843
4 44 0.534 88.022
5 44 50.652 65.12
6 44 91.126 6.503
7 44 74.119 35.931
8 44 93.18 97.0
9 44 10.211 35.789
10 44 48.828 0.331
11 44 55.213 51.301
12 44 14.116 8.615
13 44 78.737 17.452
14 44 10.417 61.922
15 44 47.067 56.364
16 44 92.018 23.379
17 44 32.325 7.438
18 44 40.474 84.335
19 44 69.825 2.537
20 44 93.579 64.787
21 44 76.566 52.203
22 44 78.043 89.882
23 44 70.117 8.587
24 44 52.586 82.761
25 44 99.153 84.769
26 44 47.698 29.19
27 44 21.254 80.152
28 44 39.678 4.65
29 44 30.146 15.561
30 44 36.63 83.02
31 44 99.763 66.606
32 44 23.019 69.783
33 44 23.763 59.505
34 44 38.678 30.063
35 44 4.283 65.411
36 44 86.856 98.684
37 44 9.161 54.607
38 44 49.917 45.96
39 44 41.201 26.572
40 44 43.609 82.422
41 44 31.346 3.307
42 44 65.124 52.388
43 44 94.399 60.066
0 45 81.697 44.532
1 45 13.032 0.66
2 45 73.163 44.101
3 45 37.455 44.695
4 45 10.138 30.773
5 45 93.543 17.1
6 45 23.235 20.066
7 45 33.935 23.369
8 45 90.846 59.567
9 45 83.477 48.957
10 45 72.92 49.946
11 45 44.086 71.018
12 45 17.139 55.708
13 45 97.778 39.123
14 45 25.68 9.729
15 45 4.743 41.624
16 45 34.48 9.724
17 45 81.578 81.739
18 45 50.764 94.537
19 45 12.015 6.26
20 45 57.643 34.836
21 45 12.688 75.288
22 45 57.998 72.248
23 45 65.85 85.051
24 45 26.819 28.927
25 45 24.454 97.921
26 45 18.517 77.715
27 45 29.118 69.513
28 45 71.877 86.476
29 45 39.969 27.619
30 45 44.616 29.938
31 45 57.681 10.024
32 45 8.781 27.773
33 45 7.662 80.928
34 45 21.381 39.107
35 45 82.108 10.167
36 45 27.852 2.487
37 45 21.505 98.013
38 45 42.486 32.878
39 45 6.303 7.884
40 45 68.419 89.962
41 45 89.39 82.876
42 45 17.699 63.405
43 45 49.692 53.329
44 45 0.783 43.886
0 46 94.718 60.807
1 46 86.604 88.86
2 46 64.736 64.556
3 46 26.235 38.558
4 46 63.636 10.791
5 46 50.705 35.581
6 46 58.827 29.983
7 46 89.932 35.113
8 46 57.543 20.038
9 46 32.783 87.447
10 46 39.814 8.503
11 46 7.286 70.595
12 46 86.001 87.142
13 46 15.451 35.416
14 46 90.347 70.1
15 46 54.721 60.593
16 46 60.219 29.133
17 46 28.101 10.623
18 46 87.35 62.651
19 46 42.093 66.301
20 46 7.033 79.202
21 46 92.638 80.894
22 46 1.779 65.081
23 46 3.565 25.75
24 46 8.108 59.425
25 46 70.344 28.535
26 46 89.172 74.037
27 46 78.197 30.022
28 46 97.316 73.378
29 46 94.465 44.6
30 46 59.664 7.827
31 46 92.667 97.116
32 46 72.358 34.722
33 46 85.783 52.021
34 46 48.211 60.835
35 46 47.72 66.915
36 46 95.955 27.039
37 46 10.228 55.422
38 46 42.745 91.934
39 46 53.738 34.946
40 46 33.984 34.117
41 46 54.931 4.687
42 46 67.618 41.793
43 46 95.687 24.001
44 46 76.693 99.865
45 46 27.66 96.834
0 47 89.904 56.546
1 47 38.956 88.914
2 47 33.605 17.621
3 47 72.759 11.649
4 47 19.884 80.397
5 47 58.299 30.62
6 47 7.829 17.995
7 47 44.188 94.282
8 47 54.703 76.201
9 47 4.217 96.813
10 47 22.633 77.404
11 47 37.305 11.595
12 47 30.628 46.805
13 47 36.195 51.369
14 47 7.447 6.118
15 47 15.68 84.147
16 47 56.34 16.055
17 47 35.942 66.381
18 47 85.268 11.593
19 47 51.435 38.188
20 47 16.258 58.155
21 47 64.254 0.551
22 47 81.487 81.501
23 47 46.777 69.013
24 47 91.532 73.36
25 47 98.999 12.372
26 47 3.335 55.196
27 47 89.772 80.105
28 47 75.418 64.561
29 47 11.805 30.135
30 47 13.987 98.937
31 47 78.376 60.068
32 47 70.619 74.623
33 47 98.39 9.34
34 47 79.604 7.672
35 47 15.584 54.603
36 47 98.083 42.35
37 47 46.283 68.473
38 47 46.727 21.266
39 47 36.765 63.744
40 47 42.716 98.278
41 47 44.147 95.592
42 47 82.889 16.696
43 47 95.96 39.297
44 47 45.623 88.473
45 47 79.495 81.728
46 47 19.553 81.211
0 48 98.759 57.522
1 48 21.173 76.15
2 48 86.365 79.529
3 48 97.277 95.187
4 48 25.454 89.323
5 48 48.977 75.59
6 48 48.029 62.53
7 48 99.741 92.515
8 48 60.059 45.008
9 48 20.004 59.952
10 48 12.071 90.101
11 48 86.387 8.713
12 48 48.828 28.927
13 48 66.539 79.978
14 48 4.398 54.807
15 48 32.229 35.189
16 48 31.077 84.561
17 48 98.381 74.239
18 48 12.311 12.055
19 48 96.45 1.167
20 48 32.099 39.176
21 48 71.67 83.289
22 48 66.615 13.549
23 48 62.267 91.572
24 48 27.451 71.262
25 48 12.729 15.186
26 48 94.013 75.822
27 48 91.166 4.936
28 48 94.117 44.265
29 48 12.993 52.919
30 48 23.217 81.582
31 48 49.696 81.046
32 48 85.253 68.993
33 48 68.394 40.415
34 48 75.002 85.137
35 48 49.068 75.434
36 48 63.098 98.152
37 48 15.687 31.077
38 48 24.382 0.009
39 48 71.154 42.95
40 48 56.397 0.546
41 48 16.196 25.291
42 48 95.24 71.081
43 48 0.689 26.26
44 48 70.471 2.753
45 48 43.649 74.342
46 48 22.821 31.758
47 48 6.896 55.774
0 49 76.385 50.8
1 49 76.664 0.807
2 49 60.487 17.419
3 49 64.466 7.316
4 49 94.588 1.127
5 49 81.963 11.813
6 49 69.445 45.816
7 49 88.854 36.057
8 49 95.86 80.015
9 49 75.207 2.161
10 49 69.028 88.367
11 49 62.069 81.133
12 49 73.762 68.735
13 49 69.715 53.015
14 49 24.234 24.445
15 49 9.126 77.079
16 49 3.369 34.441
17 49 68.755 63.836
18 49 44.236 45.428
19 49 58.777 81.993
20 49 54.491 37.57
21 49 83.188 67.313
22 49 21.612 33.337
23 49 38.017 94.046
24 49 6.819 75.748
25 49 48.732 74.541
26 49 26.293 26.527
27 49 55.077 9.524
28 49 65.054 64.689
29 49 64.055 42.709
30 49 81.489 48.053
31 49 98.443 31.863
32 49 89.52 89.838
33 49 85.287 69.137
34 49 78.65 85.234
35 49 88.796 13.595
36 49 55.171 10.669
37 49 56.047 95.921
38 49 39.69 59.873
39 49 73.364 65.468
40 49 50.564 73.945
41 49 75.205 3.418
42 49 92.943 59.724
43 49 61.39 77.424
44 49 84.851 71.125
45 49 64.956 91.359
46 49 97.145 68.942
47 49 25.862 6.157
48 49 59.029 76.63
