50
75.102
0 1 22.562 15.926
0 2 98.128 7.699
0 3 66.571 6.355
0 4 76.726 4.354
0 5 90.792 4.585
0 6 85.133 34.669
0 7 57.476 35.66
0 8 32.752 11.28
0 9 44.437 7.993
0 10 48.187 36.834
0 11 26.932 16.536
0 12 91.531 4.309
0 13 56.199 3.139
0 14 17.973 3.97
0 15 32.445 30.524
0 16 35.979 6.196
0 17 26.34 35.404
0 18 93.032 0.259
0 19 88.607 25.312
0 20 82.431 0.602
0 21 43.666 17.751
0 22 91.93 29.817
0 23 12.024 2.909
0 24 5.557 29.2
0 25 89.9 13.577
0 26 44.526 8.644
0 27 24.116 16.501
0 28 11.594 26.508
0 29 37.466 11.532
0 30 0.293 36.957
0 31 86.597 17.089
0 32 43.706 27.766
0 33 51.794 18.33
0 34 28.342 31.313
0 35 70.146 9.728
0 36 20.626 33.557
0 37 21.049 7.463
0 38 56.568 20.209
0 39 78.096 14.433
0 40 44.905 6.614
0 41 13.402 32.565
0 42 66.946 3.544
0 43 32.347 23.083
0 44 56.969 7.578
0 45 14.839 4.541
0 46 78.651 33.199
0 47 71.814 17.686
0 48 48.868 28.828
0 49 46.338 26.541
1 2 0.87 32.872
1 3 58.066 16.296
1 4 97.723 19.3
1 5 98.779 24.379
1 6 40.633 33.079
1 7 53.278 36.428
1 8 28.389 2.274
1 9 47.481 25.622
1 10 67.98 26.939
1 11 26.765 2.953
1 12 70.327 21.913
1 13 42.745 3.231
1 14 1.445 16.42
1 15 45.321 29.496
1 16 61.002 20.725
1 17 2.424 22.68
1 18 8.107 35.13
1 19 87.373 23.83
1 20 98.549 23.142
1 21 48.878 21.201
1 22 84.837 32.582
1 23 75.667 23.111
1 24 0.144 13.527
1 25 15.376 19.877
1 26 43.262 35.406
1 27 92.325 35.413
1 28 88.84 22.079
1 29 31.392 8.033
1 30 90.545 30.834
1 31 27.623 15.029
1 32 78.404 8.14
1 33 48.552 5.837
1 34 92.156 24.649
1 35 69.545 11.962
1 36 54.195 18.925
1 37 5.041 32.896
1 38 67.765 3.017
1 39 91.492 8.431
1 40 38.295 4.865
1 41 85.586 8.961
1 42 65.029 11.818
1 43 12.97 4.928
1 44 56.865 30.395
1 45 91.174 32.063
1 46 81.701 28.909
1 47 66.692 37.184
1 48 29.939 35.637
1 49 75.449 23.087
2 3 24.913 11.798
2 4 11.476 0.937
2 5 9.983 20.84
2 6 98.553 12.915
2 7 95.452 14.799
2 8 20.054 3.634
2 9 52.346 5.639
2 10 55.847 36.044
2 11 48.826 9.971
2 12 74.498 30.94
2 13 99.411 5.357
2 14 7.635 15.956
2 15 31.449 25.933
2 16 61.464 32.207
2 17 68.378 1.105
2 18 55.867 18.946
2 19 20.854 16.345
2 20 53.86 36.045
2 21 1.354 3.606
2 22 73.21 26.224
2 23 34.406 7.009
2 24 71.645 14.905
2 25 64.622 6.438
2 26 97.194 27.795
2 27 13.057 23.676
2 28 80.631 31.416
2 29 55.303 22.447
2 30 96.646 22.458
2 31 94.647 8.475
2 32 77.186 3.478
2 33 4.771 5.457
2 34 44.359 15.051
2 35 69.645 7.561
2 36 79.892 7.833
2 37 26.93 7.139
2 38 25.352 7.209
2 39 79.678 28.807
2 40 21.831 8.344
2 41 6.916 6.374
2 42 37.332 27.899
2 43 73.007 11.762
2 44 99.513 31.367
2 45 2.209 35.457
2 46 68.45 9.188
2 47 77.684 12.299
2 48 33.498 18.871
2 49 21.985 11.877
3 4 10.624 28.228
3 5 74.954 5.585
3 6 64.536 20.361
3 7 97.742 20.4
3 8 58.507 20.148
3 9 34.381 8.021
3 10 22.454 30.949
3 11 71.095 5.711
3 12 37.549 10.154
3 13 80.049 36.499
3 14 10.348 2.416
3 15 53.324 18.819
3 16 5.788 16.788
3 17 80.719 22.739
3 18 10.655 9.758
3 19 34.949 20.327
3 20 37.731 5.521
3 21 35.696 30.068
3 22 53.756 9.058
3 23 88.486 5.39
3 24 84.153 31.412
3 25 85.997 19.913
3 26 21.918 20.252
3 27 13.04 33.552
3 28 6.264 23.373
3 29 30.125 16.24
3 30 66.658 4.595
3 31 90.898 31.607
3 32 30.845 31.896
3 33 47.064 35.513
3 34 47.535 31.435
3 35 37.292 17.166
3 36 27.087 4.194
3 37 68.907 19.897
3 38 92.011 14.586
3 39 23.184 16.389
3 40 73.329 21.459
3 41 15.083 2.228
3 42 73.844 2.003
3 43 26.715 23.784
3 44 82.918 24.332
3 45 81.24 15.333
3 46 72.237 5.452
3 47 15.592 3.982
3 48 24.547 34.038
3 49 56.064 26.789
4 5 49.758 10.497
4 6 92.682 16.942
4 7 20.747 5.795
4 8 3.119 2.368
4 9 17.116 7.009
4 10 95.342 9.84
4 11 40.23 12.936
4 12 86.067 1.98
4 13 23.721 27.004
4 14 35.41 34.436
4 15 19.05 6.06
4 16 43.232 2.129
4 17 67.088 35.761
4 18 26.507 29.19
4 19 31.331 11.732
4 20 25.15 23.246
4 21 15.786 26.869
4 22 98.936 21.884
4 23 4.163 22.254
4 24 86.324 29.752
4 25 12.721 8.209
4 26 68.59 24.484
4 27 71.663 18.396
4 28 48.471 30.905
4 29 97.061 7.867
4 30 10.607 19.182
4 31 67.249 3.93
4 32 1.929 10.697
4 33 99.489 37.217
4 34 90.465 11.097
4 35 55.991 10.538
4 36 62.248 12.504
4 37 56.753 10.48
4 38 25.373 24.097
4 39 69.523 35.423
4 40 92.674 26.578
4 41 48.56 29.295
4 42 98.477 14.992
4 43 49.689 34.637
4 44 28.233 32.131
4 45 61.645 15.258
4 46 52.867 23.592
4 47 50.156 33.645
4 48 82.511 30.018
4 49 53.988 32.936
5 6 78.53 37.209
5 7 86.8 14.102
5 8 57.311 11.611
5 9 99.41 26.476
5 10 11.567 15.344
5 11 19.835 17.05
5 12 23.161 13.01
5 13 4.262 25.8
5 14 16.36 4.217
5 15 91.843 22.056
5 16 71.569 11.367
5 17 87.637 6.399
5 18 97.081 10.304
5 19 94.362 9.826
5 20 98.767 22.346
5 21 36.78 21.961
5 22 68.078 31.997
5 23 29.834 15.83
5 24 71.117 23.759
5 25 48.751 20.033
5 26 70.099 25.235
5 27 24.892 8.43
5 28 92.486 30.498
5 29 38.357 22.68
5 30 71.955 16.325
5 31 82.397 16.056
5 32 18.612 5.565
5 33 7.694 7.233
5 34 17.879 19.627
5 35 52.042 11.898
5 36 72.338 12.786
5 37 16.644 3.395
5 38 47.973 4.407
5 39 32.417 37.168
5 40 0.072 33.283
5 41 34.415 32.954
5 42 51.906 4.42
5 43 67.724 25.93
5 44 39.829 31.273
5 45 39.51 17.693
5 46 36.664 23.54
5 47 85.889 25.733
5 48 53.937 34.284
5 49 67.23 8.7
6 7 50.053 7.241
6 8 43.501 35.293
6 9 4.932 21.025
6 10 78.273 22.375
6 11 44.939 23.749
6 12 45.505 0.081
6 13 28.012 10.372
6 14 15.56 4.649
6 15 16.978 18.624
6 16 68.71 0.948
6 17 91.527 30.079
6 18 82.784 6.396
6 19 77.671 31.502
6 20 55.311 3.265
6 21 19.387 3.466
6 22 16.644 35.797
6 23 68.006 3.076
6 24 5.28 2.516
6 25 38.458 13.715
6 26 29.907 25.417
6 27 89.618 3.75
6 28 8.32 16.226
6 29 47.764 18.502
6 30 98.45 28.794
6 31 78.379 20.698
6 32 66.954 21.648
6 33 51.841 7.101
6 34 34.885 15.314
6 35 66.609 35.277
6 36 87.071 35.453
6 37 84.054 20.712
6 38 41.583 0.099
6 39 85.079 35.476
6 40 73.586 34.17
6 41 65.551 5.349
6 42 54.013 33.039
6 43 90.774 14.097
6 44 23.224 16.919
6 45 31.483 14.772
6 46 30.147 29.007
6 47 68.248 34.611
6 48 14.253 13.087
6 49 95.676 14.202
7 8 4.931 22.219
7 9 19.447 33.975
7 10 68.933 27.394
7 11 20.626 12.614
7 12 50.915 4.826
7 13 12.567 0.624
7 14 51.701 28.973
7 15 49.347 12.925
7 16 83.84 28.542
7 17 23.693 18.362
7 18 96.025 14.911
7 19 63.965 29.996
7 20 1.654 15.45
7 21 39.298 25.055
7 22 64.938 26.332
7 23 86.194 35.889
7 24 53.298 1.715
7 25 63.354 34.578
7 26 42.882 17.764
7 27 8.061 26.294
7 28 17.811 11.533
7 29 72.553 14.091
7 30 76.709 30.331
7 31 22.919 30.58
7 32 9.682 16.2
7 33 1.486 0.091
7 34 22.562 31.705
7 35 75.174 13.303
7 36 17.63 36.286
7 37 4.585 21.834
7 38 27.64 19.519
7 39 25.79 9.8
7 40 81.53 34.967
7 41 99.374 5.728
7 42 50.286 23.741
7 43 50.878 36.321
7 44 84.28 34.811
7 45 24.636 6.229
7 46 66.059 11.446
7 47 50.56 30.873
7 48 2.591 32.924
7 49 53.305 10.976
8 9 66.938 8.229
8 10 7.736 33.352
8 11 68.255 4.786
8 12 62.839 20.072
8 13 98.099 21.624
8 14 85.043 12.144
8 15 89.318 31.152
8 16 43.361 5.784
8 17 74.589 11.422
8 18 27.348 30.332
8 19 5.695 16.287
8 20 88.956 36.37
8 21 41.824 2.602
8 22 87.269 34.384
8 23 35.881 9.365
8 24 82.096 13.759
8 25 99.546 10.565
8 26 25.293 24.623
8 27 64.835 5.759
8 28 31.795 31.836
8 29 80.707 36.882
8 30 8.312 9.322
8 31 84.581 19.363
8 32 37.916 4.285
8 33 26.208 37.079
8 34 17.247 27.424
8 35 90.053 23.949
8 36 16.04 31.537
8 37 35.295 28.004
8 38 61.025 4.512
8 39 10.548 10.953
8 40 6.398 27.577
8 41 72.251 22.376
8 42 14.217 26.133
8 43 64.587 1.501
8 44 99.488 34.422
8 45 99.274 11.407
8 46 98.916 31.859
8 47 4.664 34.071
8 48 52.578 9.472
8 49 43.848 4.712
9 10 29.713 15.866
9 11 33.181 20.846
9 12 43.972 16.631
9 13 43.912 5.811
9 14 85.806 11.645
9 15 66.0 33.734
9 16 47.809 36.143
9 17 44.071 5.479
9 18 34.082 9.881
9 19 53.462 25.473
9 20 15.497 29.527
9 21 62.324 19.148
9 22 38.442 9.975
9 23 35.409 30.935
9 24 52.577 27.469
9 25 27.611 5.967
9 26 15.598 6.034
9 27 81.959 23.736
9 28 54.683 20.473
9 29 1.67 33.996
9 30 37.139 16.477
9 31 53.42 35.282
9 32 88.763 26.589
9 33 54.143 32.054
9 34 94.973 31.308
9 35 88.985 15.748
9 36 54.393 36.962
9 37 78.469 22.796
9 38 3.145 22.777
9 39 24.98 25.023
9 40 94.807 8.079
9 41 69.168 32.625
9 42 29.277 36.932
9 43 14.827 34.157
9 44 87.573 22.434
9 45 54.163 8.325
9 46 20.103 5.001
9 47 66.857 15.53
9 48 92.937 11.092
9 49 56.841 21.452
10 11 75.139 28.924
10 12 45.782 30.597
10 13 51.2 22.359
10 14 58.872 21.71
10 15 46.899 35.179
10 16 95.429 21.908
10 17 68.02 11.298
10 18 92.825 3.714
10 19 62.904 17.246
10 20 17.867 17.028
10 21 28.638 9.43
10 22 27.687 5.943
10 23 26.822 6.33
10 24 7.117 14.383
10 25 6.441 33.435
10 26 37.054 10.867
10 27 76.375 29.068
10 28 17.978 9.485
10 29 67.403 13.471
10 30 16.156 32.154
10 31 96.652 6.524
10 32 93.415 28.464
10 33 19.629 34.568
10 34 70.854 25.583
10 35 98.729 4.817
10 36 11.187 35.117
10 37 89.202 30.671
10 38 56.21 26.902
10 39 8.84 34.045
10 40 50.609 11.989
10 41 19.262 9.296
10 42 21.94 8.593
10 43 92.227 33.805
10 44 26.047 28.506
10 45 47.505 21.345
10 46 96.632 9.605
10 47 49.535 3.309
10 48 52.314 18.674
10 49 38.136 9.617
11 12 18.093 37.42
11 13 50.226 6.754
11 14 40.14 17.055
11 15 13.722 26.33
11 16 29.939 23.34
11 17 37.071 11.334
11 18 74.162 14.687
11 19 9.085 3.334
11 20 77.168 12.609
11 21 68.277 36.915
11 22 77.324 35.422
11 23 12.944 6.847
11 24 98.938 13.801
11 25 89.373 5.277
11 26 5.602 14.572
11 27 89.09 10.474
11 28 57.81 11.099
11 29 44.225 8.666
11 30 95.146 34.854
11 31 17.482 33.975
11 32 33.343 20.837
11 33 66.124 4.784
11 34 90.77 26.56
11 35 68.315 1.239
11 36 70.312 2.27
11 37 28.421 18.34
11 38 63.837 32.472
11 39 72.777 25.005
11 40 28.928 24.183
11 41 86.595 6.853
11 42 79.478 24.744
11 43 65.581 18.794
11 44 45.595 2.054
11 45 74.135 7.216
11 46 99.346 2.783
11 47 29.89 36.227
11 48 29.58 28.417
11 49 23.854 21.929
12 13 18.855 28.245
12 14 71.642 3.062
12 15 16.445 30.503
12 16 0.293 11.753
12 17 49.601 24.514
12 18 56.279 6.035
12 19 23.389 24.042
12 20 26.547 28.015
12 21 77.879 13.55
12 22 22.607 0.933
12 23 27.155 16.338
12 24 7.81 30.085
12 25 85.353 19.021
12 26 44.483 14.434
12 27 24.783 12.9
12 28 87.269 27.196
12 29 36.611 26.472
12 30 95.089 32.026
12 31 80.481 32.566
12 32 38.059 1.064
12 33 66.746 33.34
12 34 93.541 4.848
12 35 17.547 34.231
12 36 10.971 17.81
12 37 70.665 0.965
12 38 1.424 13.238
12 39 3.813 10.786
12 40 47.329 19.622
12 41 89.416 29.267
12 42 37.847 3.683
12 43 17.491 9.011
12 44 35.047 20.854
12 45 17.522 36.479
12 46 89.494 36.756
12 47 30.058 7.465
12 48 14.212 5.133
12 49 24.553 12.78
13 14 44.644 18.334
13 15 83.476 0.595
13 16 58.59 0.934
13 17 44.393 5.538
13 18 11.314 28.141
13 19 72.883 20.773
13 20 9.519 6.96
13 21 68.199 0.713
13 22 3.003 24.253
13 23 64.526 17.417
13 24 53.261 15.173
13 25 95.548 27.913
13 26 61.315 1.989
13 27 79.854 36.165
13 28 48.565 32.301
13 29 19.035 2.688
13 30 30.397 17.916
13 31 16.003 14.821
13 32 5.504 17.395
13 33 76.135 1.344
13 34 16.785 34.911
13 35 42.257 26.277
13 36 95.126 8.577
13 37 80.544 6.191
13 38 16.768 16.523
13 39 9.849 28.721
13 40 69.61 1.632
13 41 12.403 32.06
13 42 43.165 33.413
13 43 75.701 19.829
13 44 33.964 3.016
13 45 3.277 4.578
13 46 72.558 19.777
13 47 20.513 25.933
13 48 3.936 5.155
13 49 45.006 18.529
14 15 15.325 15.718
14 16 31.822 21.692
14 17 41.871 17.104
14 18 61.858 9.701
14 19 93.728 30.764
14 20 21.163 0.6
14 21 74.156 3.69
14 22 85.228 2.802
14 23 37.539 29.827
14 24 15.992 33.75
14 25 65.823 14.594
14 26 16.773 16.255
14 27 83.915 27.909
14 28 5.63 2.523
14 29 35.115 15.903
14 30 31.817 26.639
14 31 64.675 34.868
14 32 10.238 22.857
14 33 32.161 16.022
14 34 18.13 16.588
14 35 25.986 2.085
14 36 88.443 22.707
14 37 11.716 26.342
14 38 92.859 33.704
14 39 67.674 5.507
14 40 22.057 9.57
14 41 39.231 33.393
14 42 88.103 14.173
14 43 98.19 13.57
14 44 66.901 29.786
14 45 39.723 26.762
14 46 46.589 28.606
14 47 97.626 10.334
14 48 2.712 2.5
14 49 89.778 3.618
15 16 80.289 25.413
15 17 37.524 1.112
15 18 53.666 34.799
15 19 90.894 14.344
15 20 58.817 18.988
15 21 35.888 7.768
15 22 48.266 6.13
15 23 42.304 2.716
15 24 83.87 16.64
15 25 64.32 1.973
15 26 32.898 36.848
15 27 15.083 14.828
15 28 20.999 10.09
15 29 57.837 36.519
15 30 86.419 18.669
15 31 91.52 8.282
15 32 44.643 9.725
15 33 83.772 0.192
15 34 41.085 34.299
15 35 99.615 35.466
15 36 77.915 8.069
15 37 16.189 27.984
15 38 22.84 25.353
15 39 42.795 27.481
15 40 56.438 10.207
15 41 14.875 2.425
15 42 99.981 0.034
15 43 57.921 4.259
15 44 9.117 25.111
15 45 97.663 26.03
15 46 38.325 10.571
15 47 74.1 9.888
15 48 13.824 20.673
15 49 45.81 17.456
16 17 24.933 7.96
16 18 4.779 18.593
16 19 56.753 0.729
16 20 4.441 37.476
16 21 29.254 20.282
16 22 25.24 35.148
16 23 96.577 5.15
16 24 98.81 11.076
16 25 76.808 3.937
16 26 52.935 18.436
16 27 84.826 0.675
16 28 6.682 3.873
16 29 57.939 5.653
16 30 84.885 8.952
16 31 79.356 23.158
16 32 62.35 27.196
16 33 36.921 31.7
16 34 40.632 26.71
16 35 13.33 0.054
16 36 21.406 24.781
16 37 37.117 17.538
16 38 87.117 37.339
16 39 85.366 24.757
16 40 84.678 17.46
16 41 81.775 8.924
16 42 24.505 21.736
16 43 65.692 10.085
16 44 27.813 34.673
16 45 34.78 9.958
16 46 88.989 31.787
16 47 92.405 26.422
16 48 29.47 6.856
16 49 92.452 29.854
17 18 73.014 9.014
17 19 74.019 28.684
17 20 88.875 11.02
17 21 33.766 24.971
17 22 71.119 10.027
17 23 71.706 26.228
17 24 93.999 26.215
17 25 52.087 12.898
17 26 37.778 33.115
17 27 1.876 8.595
17 28 20.983 15.472
17 29 20.624 12.918
17 30 41.014 36.724
17 31 60.143 23.65
17 32 44.489 36.842
17 33 88.238 9.242
17 34 62.728 27.223
17 35 96.949 4.769
17 36 87.305 37.036
17 37 70.661 11.045
17 38 66.609 0.865
17 39 18.895 2.643
17 40 35.977 36.697
17 41 53.225 33.494
17 42 99.078 32.463
17 43 19.492 32.031
17 44 95.412 5.722
17 45 26.245 23.576
17 46 16.483 18.317
17 47 99.96 32.728
17 48 88.048 9.729
17 49 91.18 16.79
18 19 22.885 3.72
18 20 29.216 31.191
18 21 36.597 30.791
18 22 52.436 34.349
18 23 82.174 16.183
18 24 42.813 9.197
18 25 5.446 13.122
18 26 32.579 1.368
18 27 52.07 27.302
18 28 15.134 28.552
18 29 83.168 31.954
18 30 16.257 35.598
18 31 8.147 6.154
18 32 13.565 17.285
18 33 79.15 5.383
18 34 39.962 19.001
18 35 28.63 22.267
18 36 86.889 7.863
18 37 79.698 22.603
18 38 40.629 14.528
18 39 21.348 9.562
18 40 60.25 33.39
18 41 55.646 36.786
18 42 2.169 21.321
18 43 39.11 24.131
18 44 1.799 15.998
18 45 69.414 5.652
18 46 99.983 34.382
18 47 27.737 18.325
18 48 41.712 34.416
18 49 29.199 2.069
19 20 1.961 32.971
19 21 67.109 34.556
19 22 13.059 7.705
19 23 39.763 3.401
19 24 31.661 5.202
19 25 48.377 2.858
19 26 68.507 11.647
19 27 31.842 23.704
19 28 22.836 12.591
19 29 84.935 30.902
19 30 24.64 28.028
19 31 82.152 16.015
19 32 82.135 13.129
19 33 23.793 15.65
19 34 81.047 33.131
19 35 29.762 6.295
19 36 76.655 3.039
19 37 98.497 1.096
19 38 13.304 6.937
19 39 76.098 11.446
19 40 82.472 15.995
19 41 49.485 29.296
19 42 40.705 22.767
19 43 94.5 34.914
19 44 98.322 10.573
19 45 15.586 36.485
19 46 61.458 6.075
19 47 4.186 4.175
19 48 69.692 31.244
19 49 85.14 1.116
20 21 74.111 22.569
20 22 11.085 4.882
20 23 57.741 15.23
20 24 47.968 9.58
20 25 82.648 0.771
20 26 44.025 0.168
20 27 72.199 8.833
20 28 83.976 21.858
20 29 97.919 21.804
20 30 64.37 6.825
20 31 30.231 26.994
20 32 96.29 33.961
20 33 4.057 26.716
20 34 12.134 21.207
20 35 15.153 18.422
20 36 37.349 31.678
20 37 79.417 5.913
20 38 98.551 3.881
20 39 98.53 15.535
20 40 25.082 12.173
20 41 94.891 15.62
20 42 49.932 36.054
20 43 36.568 12.061
20 44 69.729 23.952
20 45 49.366 23.587
20 46 68.965 5.998
20 47 38.192 7.949
20 48 28.171 7.871
20 49 13.027 26.573
21 22 37.045 2.581
21 23 56.36 2.799
21 24 73.901 16.231
21 25 45.464 14.882
21 26 6.057 6.651
21 27 39.852 36.835
21 28 43.637 10.056
21 29 56.041 6.416
21 30 82.384 8.402
21 31 55.802 7.926
21 32 46.124 17.213
21 33 52.232 6.679
21 34 45.703 31.837
21 35 19.555 16.845
21 36 92.84 18.057
21 37 19.855 0.41
21 38 22.844 9.077
21 39 71.396 11.847
21 40 28.688 15.533
21 41 92.269 25.642
21 42 72.382 2.292
21 43 59.78 10.889
21 44 69.3 33.074
21 45 49.873 20.725
21 46 76.728 31.18
21 47 25.374 21.364
21 48 77.303 20.226
21 49 44.13 30.247
22 23 34.396 2.748
22 24 45.576 34.995
22 25 17.444 28.239
22 26 60.559 30.706
22 27 52.921 34.883
22 28 55.312 30.223
22 29 56.098 27.585
22 30 42.977 4.396
22 31 87.592 0.936
22 32 91.45 2.641
22 33 28.4 13.632
22 34 18.948 18.914
22 35 86.423 11.606
22 36 52.041 11.937
22 37 98.184 18.657
22 38 61.895 17.301
22 39 93.646 2.723
22 40 31.124 21.516
22 41 73.554 1.632
22 42 65.241 8.763
22 43 8.191 14.715
22 44 11.138 5.136
22 45 2.781 20.285
22 46 19.125 37.079
22 47 31.594 16.718
22 48 1.021 19.016
22 49 82.24 9.643
23 24 15.644 13.881
23 25 37.836 27.91
23 26 62.606 36.11
23 27 50.193 24.977
23 28 91.558 36.723
23 29 45.67 29.701
23 30 61.311 7.019
23 31 46.846 29.559
23 32 50.07 17.939
23 33 11.457 26.483
23 34 47.871 21.393
23 35 51.252 33.974
23 36 46.314 32.129
23 37 21.533 19.045
23 38 1.188 14.652
23 39 19.941 4.643
23 40 72.374 18.37
23 41 34.619 7.829
23 42 31.756 25.455
23 43 43.206 4.174
23 44 46.783 2.198
23 45 57.726 4.014
23 46 60.441 8.511
23 47 58.532 32.812
23 48 41.493 29.299
23 49 92.893 30.159
24 25 66.474 13.95
24 26 17.87 22.387
24 27 84.41 36.004
24 28 3.278 13.9
24 29 35.548 8.461
24 30 79.213 11.422
24 31 84.842 28.732
24 32 32.774 16.214
24 33 12.602 5.54
24 34 78.024 14.382
24 35 61.028 24.205
24 36 98.816 24.536
24 37 30.794 27.12
24 38 61.19 14.902
24 39 15.984 11.593
24 40 0.068 30.432
24 41 4.169 27.198
24 42 59.104 1.06
24 43 97.582 16.205
24 44 18.092 2.929
24 45 43.178 12.187
24 46 98.933 10.47
24 47 21.459 31.696
24 48 82.918 19.565
24 49 7.037 11.33
25 26 65.731 0.838
25 27 32.442 34.763
25 28 86.703 3.901
25 29 27.367 7.634
25 30 47.21 16.805
25 31 44.206 26.345
25 32 34.208 7.853
25 33 78.986 21.484
25 34 52.932 35.01
25 35 41.298 19.096
25 36 21.426 33.788
25 37 12.16 0.166
25 38 14.677 29.181
25 39 76.14 20.741
25 40 55.415 3.794
25 41 12.06 15.587
25 42 66.798 35.724
25 43 95.74 35.997
25 44 88.768 0.964
25 45 90.098 28.009
25 46 84.403 7.997
25 47 56.335 10.655
25 48 48.95 30.363
25 49 97.873 5.945
26 27 29.121 24.076
26 28 42.831 21.19
26 29 99.725 31.901
26 30 90.97 9.037
26 31 52.823 20.277
26 32 93.647 24.302
26 33 91.682 27.029
26 34 40.669 32.606
26 35 92.897 26.9
26 36 3.202 18.238
26 37 44.517 0.074
26 38 88.711 6.835
26 39 46.955 7.078
26 40 48.008 35.373
26 41 95.545 30.939
26 42 98.954 21.584
26 43 72.488 14.217
26 44 33.346 18.336
26 45 13.621 0.647
26 46 42.554 32.037
26 47 64.176 19.332
26 48 35.126 7.73
26 49 93.199 20.262
27 28 70.602 14.683
27 29 51.266 6.452
27 30 0.507 12.972
27 31 15.029 24.432
27 32 10.147 35.92
27 33 7.376 31.721
27 34 85.736 28.65
27 35 77.991 28.162
27 36 77.946 2.872
27 37 81.448 18.875
27 38 3.957 33.024
27 39 21.373 15.534
27 40 61.683 29.555
27 41 45.922 21.068
27 42 51.341 31.668
27 43 10.501 15.387
27 44 90.716 29.109
27 45 65.703 31.451
27 46 2.837 32.662
27 47 75.794 36.374
27 48 19.004 6.773
27 49 98.744 22.053
28 29 73.778 23.648
28 30 92.025 17.985
28 31 87.241 19.443
28 32 46.122 0.898
28 33 26.875 34.163
28 34 15.144 25.995
28 35 75.004 2.196
28 36 19.704 27.065
28 37 23.127 15.04
28 38 75.309 0.267
28 39 26.283 27.402
28 40 86.445 16.323
28 41 70.564 22.819
28 42 35.599 19.452
28 43 27.154 21.076
28 44 49.817 31.052
28 45 35.548 30.506
28 46 53.836 15.187
28 47 20.37 15.58
28 48 26.725 1.662
28 49 26.073 6.678
29 30 14.101 28.734
29 31 33.294 6.89
29 32 9.404 17.775
29 33 53.609 9.976
29 34 31.668 15.156
29 35 9.343 26.398
29 36 31.7 1.941
29 37 1.591 14.347
29 38 65.826 26.086
29 39 18.78 2.452
29 40 29.25 27.744
29 41 65.75 0.914
29 42 30.262 12.0
29 43 30.877 26.604
29 44 85.592 20.535
29 45 78.723 6.304
29 46 41.598 6.738
29 47 95.584 16.607
29 48 74.577 31.216
29 49 62.017 35.689
30 31 37.029 32.994
30 32 44.765 19.558
30 33 90.125 0.838
30 34 64.711 17.893
30 35 79.852 16.684
30 36 87.457 21.301
30 37 61.455 35.759
30 38 40.488 20.42
30 39 95.834 33.629
30 40 14.81 35.232
30 41 79.514 17.813
30 42 29.719 35.979
30 43 86.584 4.914
30 44 83.409 26.993
30 45 0.207 11.583
30 46 15.237 22.47
30 47 88.071 10.77
30 48 90.592 19.92
30 49 50.53 14.016
31 32 68.396 26.237
31 33 70.198 9.613
31 34 92.657 6.382
31 35 13.026 19.825
31 36 20.645 0.777
31 37 62.717 35.425
31 38 62.239 7.017
31 39 53.001 21.465
31 40 53.316 17.79
31 41 72.484 24.288
31 42 63.26 7.903
31 43 90.631 12.735
31 44 61.296 7.921
31 45 77.926 10.357
31 46 63.892 22.021
31 47 95.517 12.075
31 48 66.454 19.701
31 49 47.501 33.893
32 33 75.037 12.836
32 34 30.615 18.518
32 35 96.675 29.539
32 36 45.905 2.475
32 37 83.49 2.084
32 38 80.153 29.965
32 39 89.712 2.181
32 40 61.48 28.081
32 41 18.61 22.538
32 42 44.596 7.912
32 43 62.521 5.118
32 44 66.615 10.934
32 45 48.504 23.523
32 46 76.97 2.766
32 47 93.774 10.303
32 48 40.167 8.541
32 49 4.459 9.327
33 34 58.534 22.671
33 35 67.584 22.935
33 36 40.413 18.964
33 37 5.008 26.384
33 38 34.464 12.739
33 39 38.806 10.896
33 40 20.653 19.608
33 41 54.13 30.102
33 42 97.149 6.126
33 43 59.221 2.273
33 44 78.472 18.557
33 45 39.67 9.568
33 46 62.179 12.019
33 47 5.883 7.035
33 48 43.619 6.447
33 49 90.531 0.433
34 35 40.614 33.173
34 36 91.474 36.552
34 37 55.283 28.002
34 38 13.15 5.937
34 39 55.075 1.024
34 40 36.621 8.2
34 41 20.522 20.589
34 42 78.599 27.695
34 43 67.566 36.735
34 44 80.823 14.719
34 45 34.266 30.912
34 46 43.363 34.3
34 47 60.451 28.906
34 48 35.296 9.141
34 49 15.637 35.403
35 36 62.414 23.703
35 37 16.277 37.449
35 38 88.44 22.379
35 39 3.453 2.694
35 40 34.814 23.592
35 41 24.321 20.097
35 42 88.666 4.208
35 43 66.182 13.675
35 44 47.879 18.991
35 45 75.387 34.738
35 46 25.341 29.306
35 47 35.277 32.192
35 48 41.968 14.567
35 49 7.966 1.438
36 37 59.696 14.58
36 38 66.862 17.667
36 39 77.08 15.509
36 40 46.416 16.476
36 41 27.024 36.991
36 42 26.379 7.683
36 43 88.92 34.791
36 44 27.584 29.704
36 45 46.683 36.419
36 46 14.551 23.565
36 47 24.145 31.455
36 48 59.663 11.889
36 49 87.722 23.223
37 38 31.372 15.966
37 39 7.523 28.53
37 40 67.102 27.238
37 41 3.939 11.292
37 42 65.508 0.037
37 43 63.253 35.852
37 44 75.557 3.307
37 45 43.872 1.678
37 46 89.575 35.978
37 47 67.817 22.071
37 48 24.942 15.388
37 49 64.971 16.358
38 39 25.875 25.272
38 40 2.88 4.602
38 41 59.754 20.789
38 42 5.68 8.036
38 43 55.343 3.308
38 44 89.305 34.569
38 45 42.37 25.032
38 46 65.004 35.631
38 47 2.625 20.871
38 48 97.266 10.973
38 49 54.965 4.116
39 40 38.085 17.848
39 41 4.333 36.511
39 42 8.894 27.124
39 43 68.173 21.75
39 44 73.248 28.796
39 45 90.79 31.472
39 46 81.83 1.157
39 47 42.982 31.865
39 48 85.81 17.864
39 49 14.565 17.472
40 41 16.667 31.383
40 42 34.673 21.879
40 43 38.131 32.939
40 44 36.17 20.791
40 45 55.549 17.571
40 46 60.679 21.565
40 47 75.066 30.23
40 48 81.879 9.817
40 49 33.127 19.188
41 42 27.892 22.545
41 43 68.086 22.298
41 44 78.076 6.999
41 45 95.355 31.359
41 46 53.265 36.989
41 47 68.502 17.459
41 48 31.231 21.265
41 49 89.276 1.729
42 43 10.295 31.503
42 44 73.201 31.96
42 45 31.334 28.298
42 46 58.107 5.233
42 47 57.879 7.501
42 48 8.485 17.917
42 49 3.348 1.23
43 44 13.603 25.741
43 45 54.245 9.954
43 46 98.297 11.883
43 47 94.968 27.907
43 48 18.212 27.798
43 49 7.917 19.434
44 45 7.437 20.411
44 46 88.507 10.609
44 47 92.709 22.454
44 48 46.315 9.519
44 49 52.897 17.788
45 46 10.952 0.103
45 47 65.891 13.37
45 48 31.845 29.569
45 49 79.112 22.297
46 47 41.067 0.613
46 48 24.566 19.728
46 49 7.437 18.893
47 48 82.952 30.945
47 49 8.254 27.681
48 49 44.998 12.304
