50
99.5
0 1 63.671 0.135
0 2 65.981 0.299
0 3 52.209 0.344
0 4 58.216 0.266
0 5 76.406 0.366
0 6 51.743 0.307
0 7 53.306 0.267
0 8 84.372 0.307
0 9 50.942 13.239
0 10 51.577 12.604
0 11 51.175 13.006
0 12 51.356 12.825
0 13 51.666 12.515
0 14 50.971 13.21
0 15 51.421 12.76
0 16 50.898 13.283
0 17 51.306 12.875
0 18 51.308 12.873
0 19 51.426 12.755
0 20 51.013 13.168
0 21 51.115 13.066
0 22 51.142 13.039
0 23 50.998 13.183
0 24 51.355 12.826
0 25 50.902 13.279
0 26 50.977 13.204
0 27 50.936 13.245
0 28 50.956 13.225
0 29 51.043 13.138
0 30 51.62 12.561
0 31 51.246 12.935
0 32 51.006 13.175
0 33 51.551 12.63
0 34 51.316 12.865
0 35 51.427 12.754
0 36 51.051 13.13
0 37 51.686 12.495
0 38 51.197 12.984
0 39 51.072 13.109
0 40 50.804 13.377
0 41 51.062 13.119
0 42 51.587 12.594
0 43 51.191 12.99
0 44 50.955 13.226
0 45 51.297 12.884
0 46 51.337 12.844
0 47 51.062 13.119
0 48 50.781 13.4
0 49 51.634 12.547
1 2 60.933 0.324
1 3 69.734 0.111
1 4 65.918 0.124
1 5 98.094 0.368
1 6 96.476 0.307
1 7 65.787 0.334
1 8 97.836 0.353
1 9 51.55 12.631
1 10 51.687 12.494
1 11 51.028 13.153
1 12 50.743 13.438
1 13 51.173 13.008
1 14 51.741 12.44
1 15 51.597 12.584
1 16 51.244 12.937
1 17 51.507 12.674
1 18 51.393 12.788
1 19 51.11 13.071
1 20 51.011 13.17
1 21 51.477 12.704
1 22 50.857 13.324
1 23 51.624 12.557
1 24 51.575 12.606
1 25 50.812 13.369
1 26 51.048 13.133
1 27 51.401 12.78
1 28 50.937 13.244
1 29 51.078 13.103
1 30 51.617 12.564
1 31 51.462 12.719
1 32 51.678 12.503
1 33 51.047 13.134
1 34 51.463 12.718
1 35 50.94 13.241
1 36 51.654 12.527
1 37 51.731 12.45
1 38 50.92 13.261
1 39 51.106 13.075
1 40 51.395 12.786
1 41 51.264 12.917
1 42 51.348 12.833
1 43 51.081 13.1
1 44 51.142 13.039
1 45 51.72 12.461
1 46 51.38 12.801
1 47 51.705 12.476
1 48 51.72 12.461
1 49 51.555 12.626
2 3 63.238 0.285
2 4 68.638 0.274
2 5 84.45 0.145
2 6 78.399 0.338
2 7 91.757 0.229
2 8 83.081 0.402
2 9 51.324 12.857
2 10 51.64 12.541
2 11 50.926 13.255
2 12 51.172 13.009
2 13 51.149 13.032
2 14 51.455 12.726
2 15 50.85 13.331
2 16 51.638 12.543
2 17 51.102 13.079
2 18 50.876 13.305
2 19 51.157 13.024
2 20 51.016 13.165
2 21 51.721 12.46
2 22 51.568 12.613
2 23 51.38 12.801
2 24 50.81 13.371
2 25 51.445 12.736
2 26 51.251 12.93
2 27 51.736 12.445
2 28 51.531 12.65
2 29 51.019 13.162
2 30 51.116 13.065
2 31 51.095 13.086
2 32 51.55 12.631
2 33 51.513 12.668
2 34 51.306 12.875
2 35 51.373 12.808
2 36 51.185 12.996
2 37 50.834 13.347
2 38 51.545 12.636
2 39 51.167 13.014
2 40 51.359 12.822
2 41 50.759 13.422
2 42 51.283 12.898
2 43 51.587 12.594
2 44 51.596 12.585
2 45 50.801 13.38
2 46 51.507 12.674
2 47 51.202 12.979
2 48 51.66 12.521
2 49 51.494 12.687
3 4 75.468 0.45
3 5 62.291 0.471
3 6 82.382 0.424
3 7 77.255 0.373
3 8 99.197 0.341
3 9 51.077 13.104
3 10 51.48 12.701
3 11 51.073 13.108
3 12 51.226 12.955
3 13 50.943 13.238
3 14 51.224 12.957
3 15 51.624 12.557
3 16 51.407 12.774
3 17 50.952 13.229
3 18 51.728 12.453
3 19 51.174 13.007
3 20 50.789 13.392
3 21 51.4 12.781
3 22 51.234 12.947
3 23 51.414 12.767
3 24 51.197 12.984
3 25 51.145 13.036
3 26 50.744 13.437
3 27 51.418 12.763
3 28 51.318 12.863
3 29 50.816 13.365
3 30 51.104 13.077
3 31 51.643 12.538
3 32 51.376 12.805
3 33 51.157 13.024
3 34 50.875 13.306
3 35 51.129 13.052
3 36 51.426 12.755
3 37 50.945 13.236
3 38 50.813 13.368
3 39 51.348 12.833
3 40 51.631 12.55
3 41 51.592 12.589
3 42 51.563 12.618
3 43 50.859 13.322
3 44 50.97 13.211
3 45 50.881 13.3
3 46 50.851 13.33
3 47 51.122 13.059
3 48 51.36 12.821
3 49 51.454 12.727
4 5 70.744 0.425
4 6 90.966 0.297
4 7 86.869 0.314
4 8 64.001 0.376
4 9 51.024 13.157
4 10 51.027 13.154
4 11 51.345 12.836
4 12 51.09 13.091
4 13 50.945 13.236
4 14 51.532 12.649
4 15 51.462 12.719
4 16 51.091 13.09
4 17 51.203 12.978
4 18 51.726 12.455
4 19 51.184 12.997
4 20 51.148 13.033
4 21 51.46 12.721
4 22 50.851 13.33
4 23 50.996 13.185
4 24 51.087 13.094
4 25 51.203 12.978
4 26 50.793 13.388
4 27 51.006 13.175
4 28 50.984 13.197
4 29 51.726 12.455
4 30 50.937 13.244
4 31 51.602 12.579
4 32 51.622 12.559
4 33 51.033 13.148
4 34 50.806 13.375
4 35 51.291 12.89
4 36 51.451 12.73
4 37 51.158 13.023
4 38 51.157 13.024
4 39 51.255 12.926
4 40 51.732 12.449
4 41 51.475 12.706
4 42 51.091 13.09
4 43 51.135 13.046
4 44 51.183 12.998
4 45 51.446 12.735
4 46 51.098 13.083
4 47 51.079 13.102
4 48 51.387 12.794
4 49 50.8 13.381
5 6 85.576 0.276
5 7 71.492 0.201
5 8 72.438 0.452
5 9 51.022 13.159
5 10 51.35 12.831
5 11 51.127 13.054
5 12 51.197 12.984
5 13 51.456 12.725
5 14 50.896 13.285
5 15 51.389 12.792
5 16 51.19 12.991
5 17 51.142 13.039
5 18 51.367 12.814
5 19 51.525 12.656
5 20 51.042 13.139
5 21 51.094 13.087
5 22 51.188 12.993
5 23 51.005 13.176
5 24 51.342 12.839
5 25 50.899 13.282
5 26 51.495 12.686
5 27 51.258 12.923
5 28 51.65 12.531
5 29 51.484 12.697
5 30 51.325 12.856
5 31 50.923 13.258
5 32 50.852 13.329
5 33 51.112 13.069
5 34 50.869 13.312
5 35 51.05 13.131
5 36 51.467 12.714
5 37 51.172 13.009
5 38 51.277 12.904
5 39 51.578 12.603
5 40 51.743 12.438
5 41 51.55 12.631
5 42 50.867 13.314
5 43 50.996 13.185
5 44 51.379 12.802
5 45 51.389 12.792
5 46 51.651 12.53
5 47 50.895 13.286
5 48 51.641 12.54
5 49 51.672 12.509
6 7 89.139 0.193
6 8 57.09 0.241
6 9 51.687 12.494
6 10 51.329 12.852
6 11 51.732 12.449
6 12 51.714 12.467
6 13 51.072 13.109
6 14 51.714 12.467
6 15 51.581 12.6
6 16 50.75 13.431
6 17 51.026 13.155
6 18 51.097 13.084
6 19 50.926 13.255
6 20 50.763 13.418
6 21 51.507 12.674
6 22 50.889 13.292
6 23 51.166 13.015
6 24 51.517 12.664
6 25 51.627 12.554
6 26 51.429 12.752
6 27 51.215 12.966
6 28 50.993 13.188
6 29 51.721 12.46
6 30 51.125 13.056
6 31 51.469 12.712
6 32 51.316 12.865
6 33 50.845 13.336
6 34 51.524 12.657
6 35 51.533 12.648
6 36 51.429 12.752
6 37 51.422 12.759
6 38 51.165 13.016
6 39 51.411 12.77
6 40 50.872 13.309
6 41 51.602 12.579
6 42 51.726 12.455
6 43 51.712 12.469
6 44 51.698 12.483
6 45 51.043 13.138
6 46 51.431 12.75
6 47 51.159 13.022
6 48 50.903 13.278
6 49 50.896 13.285
7 8 63.894 0.207
7 9 50.921 13.26
7 10 51.228 12.953
7 11 51.367 12.814
7 12 51.645 12.536
7 13 51.722 12.459
7 14 51.547 12.634
7 15 51.581 12.6
7 16 51.405 12.776
7 17 51.528 12.653
7 18 51.021 13.16
7 19 50.984 13.197
7 20 51.113 13.068
7 21 51.625 12.556
7 22 51.146 13.035
7 23 51.109 13.072
7 24 51.506 12.675
7 25 50.931 13.25
7 26 51.016 13.165
7 27 51.434 12.747
7 28 51.72 12.461
7 29 51.097 13.084
7 30 50.781 13.4
7 31 51.394 12.787
7 32 51.367 12.814
7 33 50.798 13.383
7 34 51.647 12.534
7 35 51.48 12.701
7 36 51.451 12.73
7 37 51.003 13.178
7 38 51.126 13.055
7 39 51.227 12.954
7 40 51.4 12.781
7 41 51.002 13.179
7 42 51.131 13.05
7 43 51.645 12.536
7 44 51.589 12.592
7 45 51.625 12.556
7 46 51.101 13.08
7 47 51.113 13.068
7 48 51.576 12.605
7 49 50.959 13.222
8 9 51.707 12.474
8 10 51.429 12.752
8 11 51.529 12.652
8 12 50.8 13.381
8 13 50.744 13.437
8 14 50.789 13.392
8 15 51.0 13.181
8 16 51.49 12.691
8 17 50.803 13.378
8 18 51.231 12.95
8 19 50.789 13.392
8 20 51.365 12.816
8 21 50.77 13.411
8 22 51.682 12.499
8 23 51.71 12.471
8 24 51.354 12.827
8 25 51.518 12.663
8 26 51.035 13.146
8 27 50.944 13.237
8 28 50.945 13.236
8 29 51.011 13.17
8 30 51.022 13.159
8 31 51.734 12.447
8 32 51.544 12.637
8 33 50.951 13.23
8 34 51.393 12.788
8 35 51.281 12.9
8 36 51.497 12.684
8 37 50.899 13.282
8 38 51.414 12.767
8 39 51.333 12.848
8 40 51.58 12.601
8 41 51.477 12.704
8 42 50.867 13.314
8 43 51.445 12.736
8 44 51.587 12.594
8 45 51.439 12.742
8 46 51.355 12.826
8 47 51.157 13.024
8 48 51.453 12.728
8 49 50.896 13.285
9 10 66.57 1.055
9 11 95.433 0.639
9 12 50.455 0.866
9 13 58.456 0.84
9 14 86.448 0.368
9 15 50.118 12.775
9 16 50.088 12.805
9 17 50.285 12.608
9 18 49.8 13.093
9 19 49.986 12.907
9 20 50.244 12.649
9 21 49.63 13.263
9 22 49.911 12.982
9 23 49.776 13.117
9 24 49.731 13.162
9 25 50.042 12.851
9 26 49.724 13.169
9 27 49.829 13.064
9 28 50.168 12.725
9 29 49.729 13.164
9 30 50.064 12.829
9 31 50.363 12.53
9 32 49.652 13.241
9 33 49.769 13.124
9 34 49.613 13.28
9 35 49.877 13.016
9 36 50.189 12.704
9 37 50.007 12.886
9 38 50.053 12.84
9 39 49.981 12.912
9 40 50.12 12.773
9 41 49.715 13.178
9 42 49.647 13.246
9 43 49.788 13.105
9 44 49.737 13.156
9 45 50.304 12.589
9 46 49.826 13.067
9 47 49.716 13.177
9 48 50.121 12.772
9 49 50.267 12.626
10 11 92.829 0.426
10 12 93.595 0.845
10 13 55.964 1.168
10 14 65.666 1.171
10 15 49.969 12.924
10 16 50.215 12.678
10 17 49.729 13.164
10 18 49.821 13.072
10 19 49.501 13.392
10 20 49.927 12.966
10 21 50.078 12.815
10 22 49.549 13.344
10 23 50.4 12.493
10 24 49.697 13.196
10 25 50.029 12.864
10 26 49.831 13.062
10 27 50.031 12.862
10 28 49.974 12.919
10 29 50.345 12.548
10 30 50.24 12.653
10 31 49.825 13.068
10 32 49.579 13.314
10 33 49.971 12.922
10 34 50.132 12.761
10 35 50.319 12.574
10 36 50.089 12.804
10 37 50.408 12.485
10 38 50.195 12.698
10 39 50.448 12.445
10 40 49.819 13.074
10 41 49.604 13.289
10 42 50.428 12.465
10 43 49.96 12.933
10 44 50.276 12.617
10 45 50.217 12.676
10 46 50.333 12.56
10 47 49.538 13.355
10 48 50.257 12.636
10 49 49.923 12.97
11 12 99.558 0.466
11 13 77.425 0.799
11 14 84.694 0.988
11 15 49.963 12.93
11 16 50.189 12.704
11 17 50.407 12.486
11 18 49.642 13.251
11 19 50.345 12.548
11 20 50.14 12.753
11 21 49.743 13.15
11 22 50.308 12.585
11 23 50.17 12.723
11 24 50.14 12.753
11 25 49.98 12.913
11 26 50.127 12.766
11 27 49.998 12.895
11 28 49.528 13.365
11 29 49.692 13.201
11 30 49.833 13.06
11 31 49.75 13.143
11 32 50.282 12.611
11 33 49.458 13.435
11 34 50.297 12.596
11 35 50.438 12.455
11 36 49.502 13.391
11 37 50.107 12.786
11 38 50.374 12.519
11 39 49.635 13.258
11 40 49.478 13.415
11 41 49.762 13.131
11 42 49.762 13.131
11 43 50.007 12.886
11 44 49.531 13.362
11 45 49.737 13.156
11 46 50.282 12.611
11 47 50.033 12.86
11 48 49.665 13.228
11 49 49.547 13.346
12 13 77.336 0.616
12 14 57.537 0.725
12 15 49.997 12.896
12 16 50.071 12.822
12 17 49.779 13.114
12 18 50.381 12.512
12 19 50.307 12.586
12 20 50.237 12.656
12 21 50.293 12.6
12 22 49.928 12.965
12 23 49.79 13.103
12 24 50.158 12.735
12 25 50.215 12.678
12 26 49.847 13.046
12 27 49.84 13.053
12 28 49.843 13.05
12 29 50.3 12.593
12 30 49.495 13.398
12 31 49.519 13.374
12 32 50.121 12.772
12 33 49.967 12.926
12 34 50.032 12.861
12 35 50.39 12.503
12 36 49.494 13.399
12 37 49.745 13.148
12 38 50.216 12.677
12 39 49.712 13.181
12 40 49.522 13.371
12 41 49.669 13.224
12 42 50.153 12.74
12 43 49.629 13.264
12 44 50.277 12.616
12 45 49.906 12.987
12 46 50.391 12.502
12 47 49.87 13.023
12 48 49.524 13.369
12 49 50.026 12.867
13 14 66.183 0.452
13 15 50.143 12.75
13 16 50.322 12.571
13 17 49.746 13.147
13 18 49.974 12.919
13 19 50.111 12.782
13 20 50.098 12.795
13 21 49.597 13.296
13 22 49.958 12.935
13 23 50.169 12.724
13 24 50.167 12.726
13 25 49.817 13.076
13 26 49.828 13.065
13 27 49.715 13.178
13 28 50.242 12.651
13 29 49.73 13.163
13 30 49.788 13.105
13 31 49.704 13.189
13 32 50.174 12.719
13 33 50.421 12.472
13 34 49.72 13.173
13 35 50.29 12.603
13 36 49.488 13.405
13 37 49.622 13.271
13 38 50.158 12.735
13 39 49.854 13.039
13 40 50.135 12.758
13 41 49.825 13.068
13 42 49.876 13.017
13 43 50.107 12.786
13 44 50.005 12.888
13 45 50.213 12.68
13 46 49.944 12.949
13 47 50.114 12.779
13 48 50.356 12.537
13 49 50.337 12.556
14 15 50.184 12.709
14 16 50.164 12.729
14 17 49.552 13.341
14 18 49.651 13.242
14 19 50.275 12.618
14 20 49.495 13.398
14 21 50.154 12.739
14 22 49.931 12.962
14 23 50.18 12.713
14 24 49.888 13.005
14 25 49.833 13.06
14 26 49.741 13.152
14 27 50.119 12.774
14 28 49.918 12.975
14 29 50.378 12.515
14 30 49.753 13.14
14 31 50.376 12.517
14 32 50.389 12.504
14 33 49.739 13.154
14 34 50.44 12.453
14 35 49.627 13.266
14 36 50.011 12.882
14 37 49.78 13.113
14 38 49.532 13.361
14 39 50.058 12.835
14 40 50.173 12.72
14 41 49.977 12.916
14 42 50.319 12.574
14 43 50.44 12.453
14 44 49.709 13.184
14 45 49.764 13.129
14 46 50.39 12.503
14 47 49.863 13.03
14 48 49.531 13.362
14 49 49.79 13.103
15 16 79.128 0.411
15 17 61.736 0.412
15 18 90.242 0.176
15 19 96.426 0.375
15 20 85.851 0.206
15 21 85.539 0.176
15 22 50.378 13.059
15 23 50.636 12.801
15 24 50.06 13.377
15 25 50.321 13.116
15 26 50.312 13.125
15 27 50.428 13.009
15 28 50.389 13.048
15 29 50.935 12.502
15 30 50.749 12.688
15 31 50.786 12.651
15 32 50.084 13.353
15 33 50.691 12.746
15 34 50.493 12.944
15 35 50.945 12.492
15 36 50.963 12.474
15 37 50.437 13.0
15 38 50.543 12.894
15 39 50.628 12.809
15 40 50.442 12.995
15 41 50.733 12.704
15 42 50.04 13.397
15 43 50.442 12.995
15 44 50.881 12.556
15 45 50.054 13.383
15 46 50.454 12.983
15 47 50.598 12.839
15 48 50.093 13.344
15 49 50.962 12.475
16 17 92.309 0.135
16 18 78.848 0.341
16 19 84.434 0.208
16 20 96.494 0.27
16 21 88.917 0.303
16 22 50.31 13.127
16 23 50.833 12.604
16 24 50.135 13.302
16 25 50.905 12.532
16 26 50.425 13.012
16 27 50.818 12.619
16 28 50.348 13.089
16 29 50.784 12.653
16 30 50.417 13.02
16 31 50.876 12.561
16 32 50.26 13.177
16 33 50.178 13.259
16 34 50.419 13.018
16 35 50.731 12.706
16 36 50.455 12.982
16 37 50.216 13.221
16 38 50.906 12.531
16 39 50.375 13.062
16 40 50.078 13.359
16 41 50.407 13.03
16 42 50.547 12.89
16 43 50.457 12.98
16 44 50.515 12.922
16 45 50.935 12.502
16 46 50.981 12.456
16 47 50.066 13.371
16 48 50.92 12.517
16 49 50.892 12.545
17 18 80.722 0.366
17 19 59.456 0.428
17 20 99.084 0.184
17 21 65.756 0.221
17 22 50.61 12.827
17 23 50.256 13.181
17 24 50.494 12.943
17 25 50.107 13.33
17 26 50.235 13.202
17 27 50.837 12.6
17 28 50.533 12.904
17 29 50.257 13.18
17 30 50.047 13.39
17 31 50.959 12.478
17 32 50.82 12.617
17 33 50.431 13.006
17 34 50.69 12.747
17 35 50.65 12.787
17 36 50.182 13.255
17 37 50.743 12.694
17 38 50.295 13.142
17 39 50.855 12.582
17 40 50.333 13.104
17 41 50.746 12.691
17 42 50.358 13.079
17 43 50.885 12.552
17 44 50.907 12.53
17 45 50.912 12.525
17 46 50.75 12.687
17 47 50.061 13.376
17 48 50.977 12.46
17 49 50.586 12.851
18 19 56.211 0.404
18 20 50.999 0.152
18 21 52.308 0.198
18 22 50.556 12.881
18 23 50.897 12.54
18 24 50.51 12.927
18 25 50.131 13.306
18 26 50.884 12.553
18 27 50.261 13.176
18 28 50.021 13.416
18 29 50.674 12.763
18 30 50.665 12.772
18 31 50.801 12.636
18 32 50.38 13.057
18 33 50.923 12.514
18 34 50.292 13.145
18 35 50.435 13.002
18 36 50.185 13.252
18 37 50.247 13.19
18 38 50.995 12.442
18 39 50.621 12.816
18 40 50.364 13.073
18 41 50.431 13.006
18 42 50.514 12.923
18 43 50.343 13.094
18 44 50.703 12.734
18 45 50.722 12.715
18 46 50.706 12.731
18 47 50.816 12.621
18 48 50.851 12.586
18 49 50.196 13.241
19 20 93.113 0.367
19 21 61.069 0.484
19 22 50.945 12.492
19 23 50.665 12.772
19 24 50.948 12.489
19 25 50.396 13.041
19 26 50.822 12.615
19 27 50.004 13.433
19 28 50.254 13.183
19 29 50.865 12.572
19 30 50.466 12.971
19 31 50.927 12.51
19 32 50.257 13.18
19 33 50.151 13.286
19 34 50.924 12.513
19 35 50.727 12.71
19 36 50.93 12.507
19 37 50.251 13.186
19 38 50.615 12.822
19 39 50.314 13.123
19 40 50.773 12.664
19 41 50.356 13.081
19 42 50.767 12.67
19 43 50.303 13.134
19 44 50.77 12.667
19 45 50.368 13.069
19 46 50.175 13.262
19 47 50.252 13.185
19 48 50.965 12.472
19 49 50.78 12.657
20 21 74.338 0.221
20 22 50.971 12.466
20 23 50.197 13.24
20 24 50.005 13.432
20 25 50.258 13.179
20 26 50.55 12.887
20 27 50.295 13.142
20 28 50.126 13.311
20 29 50.611 12.826
20 30 50.761 12.676
20 31 50.144 13.293
20 32 50.526 12.911
20 33 50.641 12.796
20 34 50.83 12.607
20 35 50.129 13.308
20 36 50.454 12.983
20 37 50.489 12.948
20 38 50.656 12.781
20 39 50.59 12.847
20 40 50.468 12.969
20 41 50.724 12.713
20 42 50.025 13.412
20 43 50.604 12.833
20 44 50.038 13.399
20 45 50.442 12.995
20 46 50.306 13.131
20 47 50.135 13.302
20 48 50.945 12.492
20 49 50.278 13.159
21 22 50.237 13.2
21 23 50.258 13.179
21 24 50.836 12.601
21 25 50.624 12.813
21 26 50.039 13.398
21 27 50.739 12.698
21 28 50.898 12.539
21 29 50.53 12.907
21 30 50.591 12.846
21 31 50.083 13.354
21 32 50.642 12.795
21 33 50.347 13.09
21 34 50.461 12.976
21 35 50.647 12.79
21 36 50.163 13.274
21 37 50.655 12.782
21 38 50.727 12.71
21 39 50.905 12.532
21 40 50.524 12.913
21 41 50.87 12.567
21 42 50.593 12.844
21 43 50.066 13.371
21 44 50.724 12.713
21 45 50.518 12.919
21 46 50.445 12.992
21 47 50.491 12.946
21 48 50.092 13.345
21 49 50.93 12.507
22 23 68.468 0.49
22 24 82.141 1.065
22 25 85.332 0.474
22 26 70.846 0.869
22 27 66.557 0.617
22 28 53.043 13.163
22 29 53.708 12.498
22 30 52.997 13.209
22 31 53.406 12.8
22 32 53.762 12.444
22 33 53.047 13.159
22 34 53.618 12.588
22 35 53.093 13.113
22 36 53.702 12.504
22 37 52.917 13.289
22 38 53.011 13.195
22 39 53.763 12.443
22 40 53.416 12.79
22 41 53.735 12.471
22 42 53.635 12.571
22 43 53.506 12.7
22 44 53.748 12.458
22 45 53.537 12.669
22 46 53.196 13.01
22 47 53.362 12.844
22 48 52.848 13.358
22 49 53.161 13.045
23 24 79.248 0.387
23 25 85.433 0.854
23 26 84.698 0.618
23 27 63.816 1.002
23 28 53.261 12.945
23 29 53.59 12.616
23 30 53.194 13.012
23 31 53.442 12.764
23 32 53.383 12.823
23 33 52.986 13.22
23 34 53.573 12.633
23 35 53.603 12.603
23 36 52.964 13.242
23 37 53.356 12.85
23 38 53.197 13.009
23 39 53.263 12.943
23 40 53.445 12.761
23 41 52.882 13.324
23 42 53.37 12.836
23 43 52.9 13.306
23 44 52.992 13.214
23 45 53.68 12.526
23 46 53.214 12.992
23 47 53.718 12.488
23 48 53.493 12.713
23 49 53.474 12.732
24 25 91.61 0.694
24 26 98.39 0.715
24 27 94.152 1.252
24 28 53.438 12.768
24 29 53.414 12.792
24 30 53.491 12.715
24 31 53.616 12.59
24 32 53.652 12.554
24 33 53.069 13.137
24 34 53.561 12.645
24 35 52.893 13.313
24 36 52.795 13.411
24 37 53.179 13.027
24 38 53.29 12.916
24 39 52.782 13.424
24 40 53.212 12.994
24 41 53.057 13.149
24 42 53.191 13.015
24 43 53.628 12.578
24 44 53.322 12.884
24 45 53.451 12.755
24 46 53.56 12.646
24 47 52.879 13.327
24 48 53.621 12.585
24 49 53.015 13.191
25 26 99.23 0.993
25 27 53.768 0.536
25 28 53.115 13.091
25 29 53.239 12.967
25 30 53.699 12.507
25 31 53.211 12.995
25 32 53.177 13.029
25 33 53.138 13.068
25 34 53.219 12.987
25 35 52.92 13.286
25 36 53.464 12.742
25 37 53.144 13.062
25 38 53.221 12.985
25 39 53.651 12.555
25 40 52.821 13.385
25 41 52.93 13.276
25 42 53.496 12.71
25 43 53.643 12.563
25 44 52.925 13.281
25 45 53.634 12.572
25 46 53.148 13.058
25 47 53.472 12.734
25 48 53.513 12.693
25 49 52.867 13.339
26 27 74.683 1.03
26 28 53.398 12.808
26 29 53.755 12.451
26 30 53.522 12.684
26 31 53.177 13.029
26 32 53.496 12.71
26 33 53.425 12.781
26 34 53.291 12.915
26 35 53.688 12.518
26 36 53.32 12.886
26 37 53.315 12.891
26 38 53.295 12.911
26 39 52.785 13.421
26 40 53.66 12.546
26 41 53.209 12.997
26 42 52.993 13.213
26 43 53.678 12.528
26 44 53.616 12.59
26 45 53.38 12.826
26 46 53.768 12.438
26 47 53.245 12.961
26 48 53.487 12.719
26 49 53.104 13.102
27 28 53.436 12.77
27 29 53.035 13.171
27 30 52.829 13.377
27 31 52.792 13.414
27 32 52.845 13.361
27 33 53.665 12.541
27 34 53.755 12.451
27 35 53.044 13.162
27 36 52.864 13.342
27 37 53.512 12.694
27 38 53.144 13.062
27 39 52.852 13.354
27 40 53.325 12.881
27 41 52.962 13.244
27 42 53.699 12.507
27 43 53.499 12.707
27 44 53.307 12.899
27 45 52.773 13.433
27 46 53.631 12.575
27 47 53.635 12.571
27 48 53.591 12.615
27 49 53.008 13.198
28 29 59.589 0.654
28 30 59.042 12.985
28 31 58.837 13.19
28 32 59.278 12.749
28 33 58.589 13.438
28 34 58.896 13.131
28 35 58.886 13.141
28 36 59.108 12.919
28 37 59.479 12.548
28 38 59.142 12.885
28 39 59.174 12.853
28 40 59.433 12.594
28 41 58.95 13.077
28 42 58.816 13.211
28 43 58.74 13.287
28 44 59.056 12.971
28 45 58.755 13.272
28 46 59.071 12.956
28 47 58.72 13.307
28 48 58.68 13.347
28 49 59.574 12.453
29 30 59.449 12.578
29 31 58.697 13.33
29 32 58.672 13.355
29 33 58.789 13.238
29 34 58.697 13.33
29 35 58.943 13.084
29 36 59.011 13.016
29 37 59.441 12.586
29 38 58.992 13.035
29 39 59.509 12.518
29 40 58.919 13.108
29 41 58.622 13.405
29 42 59.352 12.675
29 43 59.264 12.763
29 44 58.701 13.326
29 45 58.954 13.073
29 46 59.19 12.837
29 47 59.396 12.631
29 48 58.726 13.301
29 49 58.983 13.044
30 31 57.957 0.568
30 32 96.241 0.746
30 33 53.493 0.354
30 34 97.07 0.339
30 35 77.81 0.345
30 36 69.304 0.536
30 37 53.337 12.594
30 38 52.772 13.159
30 39 52.702 13.229
30 40 52.576 13.355
30 41 53.08 12.851
30 42 52.636 13.295
30 43 53.097 12.834
30 44 52.913 13.018
30 45 53.261 12.67
30 46 53.152 12.779
30 47 53.413 12.518
30 48 52.94 12.991
30 49 52.99 12.941
31 32 99.191 0.804
31 33 56.915 0.809
31 34 82.638 0.814
31 35 58.857 0.528
31 36 72.063 0.293
31 37 53.409 12.522
31 38 52.72 13.211
31 39 52.915 13.016
31 40 53.219 12.712
31 41 53.232 12.699
31 42 53.134 12.797
31 43 52.989 12.942
31 44 53.302 12.629
31 45 52.745 13.186
31 46 52.548 13.383
31 47 52.594 13.337
31 48 52.554 13.377
31 49 53.144 12.787
32 33 70.476 0.349
32 34 64.88 0.226
32 35 76.494 0.502
32 36 91.903 0.741
32 37 53.273 12.658
32 38 53.356 12.575
32 39 52.526 13.405
32 40 52.579 13.352
32 41 53.278 12.653
32 42 52.653 13.278
32 43 52.625 13.306
32 44 53.066 12.865
32 45 53.412 12.519
32 46 52.519 13.412
32 47 52.771 13.16
32 48 52.884 13.047
32 49 53.462 12.469
33 34 57.41 0.306
33 35 80.209 0.848
33 36 96.119 0.543
33 37 53.415 12.516
33 38 53.24 12.691
33 39 53.2 12.731
33 40 53.429 12.502
33 41 52.902 13.029
33 42 53.373 12.558
33 43 53.251 12.68
33 44 53.299 12.632
33 45 53.237 12.694
33 46 53.011 12.92
33 47 53.062 12.869
33 48 52.779 13.152
33 49 53.431 12.5
34 35 87.612 0.578
34 36 65.808 0.572
34 37 52.94 12.991
34 38 52.956 12.975
34 39 52.496 13.435
34 40 52.802 13.129
34 41 53.324 12.607
34 42 52.776 13.155
34 43 53.328 12.603
34 44 53.451 12.48
34 45 53.364 12.567
34 46 53.006 12.925
34 47 52.567 13.364
34 48 52.852 13.079
34 49 52.637 13.294
35 36 63.008 0.779
35 37 52.513 13.418
35 38 53.395 12.536
35 39 52.939 12.992
35 40 52.838 13.093
35 41 53.309 12.622
35 42 52.977 12.954
35 43 52.91 13.021
35 44 53.267 12.664
35 45 52.681 13.25
35 46 53.302 12.629
35 47 53.147 12.784
35 48 53.156 12.775
35 49 52.844 13.087
36 37 53.205 12.726
36 38 52.794 13.137
36 39 53.151 12.78
36 40 52.997 12.934
36 41 53.459 12.472
36 42 52.631 13.3
36 43 53.323 12.608
36 44 53.404 12.527
36 45 52.932 12.999
36 46 53.402 12.529
36 47 53.26 12.671
36 48 52.668 13.263
36 49 52.655 13.276
37 38 62.94 0.645
37 39 99.627 0.298
37 40 66.21 0.481
37 41 71.03 0.683
37 42 83.019 0.436
37 43 99.78 0.501
37 44 49.462 13.132
37 45 49.474 13.12
37 46 49.778 12.816
37 47 49.426 13.168
37 48 49.408 13.186
37 49 49.618 12.976
38 39 85.202 0.61
38 40 98.901 0.698
38 41 58.3 0.713
38 42 84.529 0.637
38 43 50.156 0.374
38 44 49.393 13.201
38 45 49.955 12.639
38 46 49.443 13.151
38 47 49.327 13.267
38 48 49.359 13.235
38 49 49.811 12.783
39 40 75.145 0.377
39 41 58.669 0.553
39 42 55.084 0.27
39 43 79.961 0.6
39 44 49.264 13.33
39 45 49.711 12.883
39 46 49.758 12.836
39 47 49.199 13.395
39 48 49.869 12.725
39 49 49.913 12.681
40 41 93.235 0.66
40 42 69.734 0.432
40 43 59.729 0.742
40 44 50.141 12.453
40 45 49.231 13.363
40 46 49.751 12.843
40 47 49.16 13.434
40 48 49.617 12.977
40 49 49.585 13.009
41 42 65.031 0.292
41 43 76.607 0.407
41 44 49.619 12.975
41 45 49.874 12.72
41 46 49.777 12.817
41 47 50.047 12.547
41 48 49.464 13.13
41 49 49.295 13.299
42 43 79.439 0.865
42 44 49.63 12.964
42 45 49.276 13.318
42 46 49.716 12.878
42 47 49.774 12.82
42 48 49.252 13.342
42 49 49.949 12.645
43 44 49.51 13.084
43 45 49.835 12.759
43 46 49.65 12.944
43 47 49.712 12.882
43 48 49.369 13.225
43 49 49.253 13.341
44 45 97.602 0.788
44 46 64.136 0.865
44 47 97.142 0.615
44 48 79.678 1.099
44 49 83.407 0.977
45 46 97.554 0.786
45 47 63.663 0.697
45 48 66.659 0.54
45 49 62.177 1.122
46 47 62.704 0.378
46 48 90.673 0.716
46 49 70.371 0.881
47 48 63.706 0.767
47 49 98.218 1.021
48 49 94.309 0.475