50
99.999
0 1 0.842 0.548
0 2 1.194 0.573
0 3 0.196 0.531
0 4 1.183 0.431
0 5 1.083 0.561
0 6 0.681 0.657
0 7 0.058 0.511
0 8 0.344 0.636
0 9 0.87 0.548
0 10 0.579 0.613
0 11 0.317 0.67
0 12 1.506 0.737
0 13 0.517 0.513
0 14 0.282 0.464
0 15 0.84 0.76
0 16 0.089 0.779
0 17 0.604 0.557
0 18 0.063 0.336
0 19 0.303 0.696
0 20 0.11 0.739
0 21 1.203 0.785
0 22 1.15 0.868
0 23 0.151 0.322
0 24 0.948 0.792
0 25 0.496 0.423
0 26 1.162 0.562
0 27 1.063 0.815
0 28 1.066 0.812
0 29 0.836 0.653
0 30 1.822 0.783
0 31 1.578 0.641
0 32 0.664 0.652
0 33 0.989 0.46
0 34 0.034 0.76
0 35 0.728 0.602
0 36 0.636 0.728
0 37 0.551 0.615
0 38 1.265 0.678
0 39 1.436 0.642
0 40 1.075 0.59
0 41 0.792 0.637
0 42 0.661 0.639
0 43 0.771 0.669
0 44 1.018 0.662
0 45 0.633 0.716
0 46 1.259 0.668
0 47 0.68 0.373
0 48 0.926 0.443
0 49 0.767 0.499
1 2 0.346 0.423
1 3 0.026 0.633
1 4 0.64 0.523
1 5 0.821 0.752
1 6 0.387 0.448
1 7 0.559 0.507
1 8 0.626 0.486
1 9 0.095 0.66
1 10 1.121 0.636
1 11 0.901 0.55
1 12 0.826 0.723
1 13 0.804 0.762
1 14 0.227 0.832
1 15 2.031 0.555
1 16 0.021 0.807
1 17 0.525 0.589
1 18 0.447 0.454
1 19 0.803 0.588
1 20 1.325 0.655
1 21 0.558 0.766
1 22 1.343 0.647
1 23 1.463 0.655
1 24 1.603 0.631
1 25 0.455 0.659
1 26 1.054 0.52
1 27 0.605 0.757
1 28 0.993 0.654
1 29 1.45 0.76
1 30 0.079 0.598
1 31 1.084 0.621
1 32 0.678 0.766
1 33 1.376 0.542
1 34 0.273 0.654
1 35 1.828 0.782
1 36 0.532 0.59
1 37 0.091 0.689
1 38 0.161 0.623
1 39 1.083 0.722
1 40 1.028 0.642
1 41 0.494 0.255
1 42 1.234 0.881
1 43 0.138 0.636
1 44 0.528 0.86
1 45 0.45 0.714
1 46 0.693 0.806
1 47 0.447 0.747
1 48 1.566 0.522
1 49 0.561 0.613
2 3 0.661 0.531
2 4 0.874 0.721
2 5 1.091 0.764
2 6 0.492 0.563
2 7 0.634 0.826
2 8 1.611 0.636
2 9 0.524 0.469
2 10 0.907 0.869
2 11 0.447 0.853
2 12 1.324 0.702
2 13 0.01 0.675
2 14 1.28 0.537
2 15 0.724 0.564
2 16 0.696 0.588
2 17 0.364 0.407
2 18 0.873 0.634
2 19 0.793 0.417
2 20 0.115 0.685
2 21 0.323 0.596
2 22 0.465 0.544
2 23 0.571 0.401
2 24 0.709 0.5
2 25 0.171 0.703
2 26 0.569 0.736
2 27 0.914 0.611
2 28 1.894 0.483
2 29 1.109 0.827
2 30 0.354 0.779
2 31 0.451 0.877
2 32 0.331 0.735
2 33 0.219 0.383
2 34 1.221 0.537
2 35 0.592 0.531
2 36 0.229 0.782
2 37 0.85 0.649
2 38 0.166 0.766
2 39 1.433 0.862
2 40 0.135 0.335
2 41 0.691 0.749
2 42 1.104 0.743
2 43 0.414 0.758
2 44 0.217 0.746
2 45 1.072 0.858
2 46 0.019 0.494
2 47 0.9 0.654
2 48 1.477 0.704
2 49 0.209 0.782
3 4 1.099 0.741
3 5 0.975 0.8
3 6 1.1 0.385
3 7 0.667 0.773
3 8 1.096 0.618
3 9 0.518 0.74
3 10 0.326 0.872
3 11 1.189 0.712
3 12 0.653 0.88
3 13 0.89 0.728
3 14 0.759 0.471
3 15 0.364 0.613
3 16 0.291 0.767
3 17 0.886 0.488
3 18 0.782 0.775
3 19 1.321 0.598
3 20 0.489 0.542
3 21 1.122 0.607
3 22 0.734 0.78
3 23 0.666 0.562
3 24 1.16 0.58
3 25 0.668 0.707
3 26 0.934 0.778
3 27 1.126 0.513
3 28 0.871 0.544
3 29 0.477 0.812
3 30 0.932 0.663
3 31 0.679 0.871
3 32 1.668 0.683
3 33 0.927 0.808
3 34 0.544 0.468
3 35 0.741 0.364
3 36 0.616 0.631
3 37 1.175 0.785
3 38 0.907 0.65
3 39 0.674 0.609
3 40 1.302 0.775
3 41 0.309 0.774
3 42 0.66 0.651
3 43 0.573 0.814
3 44 1.515 0.754
3 45 0.954 0.652
3 46 0.863 0.89
3 47 0.518 0.561
3 48 1.072 0.601
3 49 0.272 0.658
4 5 0.666 0.558
4 6 0.457 0.422
4 7 0.843 0.895
4 8 0.504 0.61
4 9 1.166 0.717
4 10 0.514 0.492
4 11 0.79 0.549
4 12 1.332 0.689
4 13 0.585 0.789
4 14 0.104 0.638
4 15 1.673 0.673
4 16 0.74 0.57
4 17 0.373 0.397
4 18 0.221 0.221
4 19 1.324 0.699
4 20 1.288 0.585
4 21 0.194 0.896
4 22 0.897 0.575
4 23 0.44 0.655
4 24 1.085 0.64
4 25 0.679 0.462
4 26 0.206 0.552
4 27 1.386 0.404
4 28 0.635 0.671
4 29 1.032 0.652
4 30 1.149 0.78
4 31 0.971 0.776
4 32 0.516 0.301
4 33 0.973 0.828
4 34 0.355 0.532
4 35 0.57 0.804
4 36 0.099 0.822
4 37 0.57 0.734
4 38 0.674 0.569
4 39 1.578 0.849
4 40 0.909 0.787
4 41 0.573 0.527
4 42 0.498 0.583
4 43 0.953 0.777
4 44 0.414 0.853
4 45 0.792 0.67
4 46 0.543 0.7
4 47 1.014 0.563
4 48 0.586 0.703
4 49 0.826 0.736
5 6 0.289 0.71
5 7 0.36 0.572
5 8 2.44 0.616
5 9 0.771 0.571
5 10 0.601 0.705
5 11 0.793 0.502
5 12 0.223 0.469
5 13 1.646 0.643
5 14 0.838 0.71
5 15 0.28 0.625
5 16 0.799 0.723
5 17 0.816 0.274
5 18 0.629 0.534
5 19 0.341 0.557
5 20 0.983 0.64
5 21 0.415 0.784
5 22 0.826 0.83
5 23 1.04 0.545
5 24 0.725 0.562
5 25 0.248 0.656
5 26 1.056 0.705
5 27 1.099 0.572
5 28 0.706 0.664
5 29 0.616 0.551
5 30 0.381 0.795
5 31 0.968 0.606
5 32 0.873 0.466
5 33 0.306 0.677
5 34 0.572 0.737
5 35 1.322 0.793
5 36 0.675 0.336
5 37 0.902 0.754
5 38 0.616 0.683
5 39 0.873 0.565
5 40 0.669 0.671
5 41 0.083 0.45
5 42 1.097 0.485
5 43 0.046 0.69
5 44 0.073 0.798
5 45 1.062 0.466
5 46 0.243 0.669
5 47 0.837 0.848
5 48 0.154 0.677
5 49 0.774 0.548
6 7 0.781 0.67
6 8 0.309 0.704
6 9 0.375 0.713
6 10 0.694 0.747
6 11 0.83 0.496
6 12 0.741 0.628
6 13 1.835 0.771
6 14 0.003 0.834
6 15 1.076 0.641
6 16 0.387 0.124
6 17 1.135 0.51
6 18 0.714 0.498
6 19 0.404 0.593
6 20 1.417 0.549
6 21 0.133 0.678
6 22 1.479 0.869
6 23 1.911 0.622
6 24 1.156 0.755
6 25 0.263 0.74
6 26 0.861 0.7
6 27 1.022 0.628
6 28 0.414 0.503
6 29 0.505 0.776
6 30 0.854 0.553
6 31 1.203 0.599
6 32 0.674 0.571
6 33 1.002 0.562
6 34 0.44 0.614
6 35 1.186 0.754
6 36 0.333 0.777
6 37 0.241 0.623
6 38 0.707 0.568
6 39 1.601 0.601
6 40 0.512 0.558
6 41 1.538 0.433
6 42 0.177 0.82
6 43 1.211 0.579
6 44 0.609 0.466
6 45 1.257 0.718
6 46 1.009 0.749
6 47 0.218 0.57
6 48 1.094 0.529
6 49 0.545 0.257
7 8 0.965 0.671
7 9 1.549 0.439
7 10 1.08 0.75
7 11 0.748 0.885
7 12 0.665 0.821
7 13 1.003 0.741
7 14 0.609 0.489
7 15 0.549 0.619
7 16 0.935 0.667
7 17 0.379 0.716
7 18 0.898 0.521
7 19 0.765 0.436
7 20 1.564 0.64
7 21 1.103 0.534
7 22 0.581 0.73
7 23 0.877 0.503
7 24 1.411 0.497
7 25 0.557 0.75
7 26 0.959 0.87
7 27 0.872 0.855
7 28 1.318 0.699
7 29 0.941 0.752
7 30 0.852 0.46
7 31 0.383 0.781
7 32 0.347 0.649
7 33 0.083 0.626
7 34 0.103 0.537
7 35 0.997 0.88
7 36 0.622 0.629
7 37 1.283 0.625
7 38 0.925 0.761
7 39 1.106 0.845
7 40 0.886 0.63
7 41 0.244 0.467
7 42 1.209 0.748
7 43 0.934 0.639
7 44 0.252 0.893
7 45 0.376 0.767
7 46 0.797 0.71
7 47 0.568 0.576
7 48 0.407 0.574
7 49 0.539 0.288
8 9 0.693 0.619
8 10 0.004 0.792
8 11 0.975 0.643
8 12 1.262 0.783
8 13 0.766 0.865
8 14 1.106 0.741
8 15 0.25 0.534
8 16 0.063 0.592
8 17 0.738 0.625
8 18 0.944 0.897
8 19 1.357 0.632
8 20 0.381 0.723
8 21 0.261 0.764
8 22 0.831 0.784
8 23 0.616 0.476
8 24 0.489 0.7
8 25 0.111 0.523
8 26 1.216 0.753
8 27 0.721 0.698
8 28 1.554 0.824
8 29 0.566 0.779
8 30 0.862 0.599
8 31 0.713 0.757
8 32 1.151 0.519
8 33 0.801 0.554
8 34 1.172 0.712
8 35 0.686 0.63
8 36 1.221 0.685
8 37 0.416 0.53
8 38 0.48 0.776
8 39 0.631 0.608
8 40 0.828 0.755
8 41 0.7 0.593
8 42 0.392 0.648
8 43 0.859 0.679
8 44 1.047 0.829
8 45 0.854 0.871
8 46 0.567 0.564
8 47 1.069 0.625
8 48 0.583 0.499
8 49 0.582 0.424
9 10 0.479 0.515
9 11 1.096 0.741
9 12 1.137 0.625
9 13 0.459 0.748
9 14 0.853 0.59
9 15 0.22 0.726
9 16 0.942 0.704
9 17 0.671 0.601
9 18 0.842 0.367
9 19 0.397 0.715
9 20 0.674 0.722
9 21 0.869 0.634
9 22 0.298 0.747
9 23 0.345 0.584
9 24 0.367 0.696
9 25 0.158 0.425
9 26 1.136 0.691
9 27 0.392 0.362
9 28 1.206 0.346
9 29 0.706 0.722
9 30 0.952 0.753
9 31 1.615 0.645
9 32 0.918 0.57
9 33 0.53 0.619
9 34 0.58 0.709
9 35 1.194 0.546
9 36 1.488 0.716
9 37 1.161 0.637
9 38 0.801 0.569
9 39 0.518 0.632
9 40 0.245 0.864
9 41 0.647 0.781
9 42 1.189 0.748
9 43 2.244 0.549
9 44 0.388 0.68
9 45 0.202 0.752
9 46 0.733 0.743
9 47 0.544 0.556
9 48 1.207 0.649
9 49 0.35 0.378
10 11 1.727 0.61
10 12 1.285 0.5
10 13 1.046 0.679
10 14 0.241 0.65
10 15 0.813 0.67
10 16 0.652 0.761
10 17 0.62 0.54
10 18 0.889 0.612
10 19 0.311 0.789
10 20 1.341 0.576
10 21 0.241 0.705
10 22 0.03 0.474
10 23 0.583 0.747
10 24 0.836 0.497
10 25 0.981 0.726
10 26 0.247 0.815
10 27 1.347 0.597
10 28 0.459 0.676
10 29 0.661 0.693
10 30 1.004 0.609
10 31 0.288 0.526
10 32 0.237 0.705
10 33 0.139 0.598
10 34 0.249 0.819
10 35 0.711 0.522
10 36 1.563 0.632
10 37 1.322 0.584
10 38 0.968 0.73
10 39 0.044 0.671
10 40 1.698 0.625
10 41 1.13 0.592
10 42 0.706 0.788
10 43 0.184 0.531
10 44 0.892 0.712
10 45 0.258 0.86
10 46 1.124 0.549
10 47 1.736 0.68
10 48 1.332 0.698
10 49 1.233 0.819
11 12 1.267 0.569
11 13 0.097 0.622
11 14 0.38 0.456
11 15 0.742 0.45
11 16 1.363 0.802
11 17 0.787 0.747
11 18 0.273 0.582
11 19 0.613 0.495
11 20 0.222 0.719
11 21 1.212 0.796
11 22 0.541 0.615
11 23 0.474 0.393
11 24 1.216 0.78
11 25 0.272 0.369
11 26 0.923 0.707
11 27 0.311 0.31
11 28 0.463 0.78
11 29 1.001 0.858
11 30 0.059 0.723
11 31 0.607 0.58
11 32 1.481 0.41
11 33 0.299 0.597
11 34 1.067 0.552
11 35 0.93 0.817
11 36 1.405 0.771
11 37 1.427 0.649
11 38 0.792 0.662
11 39 1.137 0.779
11 40 1.482 0.815
11 41 0.73 0.711
11 42 0.206 0.833
11 43 0.97 0.855
11 44 0.734 0.805
11 45 1.433 0.777
11 46 0.776 0.643
11 47 0.662 0.812
11 48 1.375 0.81
11 49 0.133 0.6
12 13 0.983 0.713
12 14 1.559 0.857
12 15 1.536 0.5
12 16 0.66 0.708
12 17 0.807 0.88
12 18 0.406 0.522
12 19 1.193 0.619
12 20 0.862 0.765
12 21 0.284 0.826
12 22 0.689 0.557
12 23 0.343 0.6
12 24 0.803 0.762
12 25 0.961 0.702
12 26 0.667 0.739
12 27 0.315 0.716
12 28 0.973 0.479
12 29 0.69 0.791
12 30 0.477 0.642
12 31 0.224 0.797
12 32 0.802 0.8
12 33 0.343 0.747
12 34 1.333 0.618
12 35 0.184 0.638
12 36 0.246 0.557
12 37 1.742 0.634
12 38 0.787 0.697
12 39 0.653 0.567
12 40 0.221 0.7
12 41 0.698 0.617
12 42 0.676 0.759
12 43 0.022 0.755
12 44 0.516 0.537
12 45 1.474 0.714
12 46 0.482 0.827
12 47 0.202 0.83
12 48 0.906 0.442
12 49 0.064 0.784
13 14 0.487 0.534
13 15 1.139 0.803
13 16 1.654 0.778
13 17 0.185 0.513
13 18 0.616 0.797
13 19 0.515 0.734
13 20 0.665 0.604
13 21 0.381 0.828
13 22 1.238 0.686
13 23 0.634 0.771
13 24 0.31 0.651
13 25 0.776 0.618
13 26 0.215 0.548
13 27 0.797 0.555
13 28 0.336 0.837
13 29 0.832 0.708
13 30 0.81 0.46
13 31 1.216 0.394
13 32 0.768 0.637
13 33 1.409 0.732
13 34 1.378 0.489
13 35 1.014 0.652
13 36 0.172 0.649
13 37 1.066 0.67
13 38 0.754 0.681
13 39 0.98 0.46
13 40 0.219 0.637
13 41 0.229 0.692
13 42 0.594 0.749
13 43 0.437 0.629
13 44 0.648 0.553
13 45 1.002 0.549
13 46 0.814 0.628
13 47 0.337 0.665
13 48 0.724 0.497
13 49 0.268 0.819
14 15 1.046 0.301
14 16 0.54 0.408
14 17 1.088 0.828
14 18 1.32 0.712
14 19 0.464 0.747
14 20 1.171 0.572
14 21 0.673 0.516
14 22 0.927 0.646
14 23 0.614 0.775
14 24 0.079 0.43
14 25 0.701 0.801
14 26 1.163 0.756
14 27 0.705 0.598
14 28 1.306 0.405
14 29 0.395 0.597
14 30 0.787 0.694
14 31 0.554 0.708
14 32 1.694 0.527
14 33 0.733 0.796
14 34 0.481 0.341
14 35 0.55 0.409
14 36 0.87 0.579
14 37 0.196 0.68
14 38 1.172 0.667
14 39 0.634 0.361
14 40 1.372 0.673
14 41 0.539 0.816
14 42 0.078 0.489
14 43 0.804 0.823
14 44 0.213 0.882
14 45 1.088 0.824
14 46 0.089 0.47
14 47 0.632 0.518
14 48 0.711 0.624
14 49 1.052 0.679
15 16 0.557 0.428
15 17 0.845 0.655
15 18 0.84 0.829
15 19 0.333 0.725
15 20 1.229 0.765
15 21 1.086 0.645
15 22 0.888 0.605
15 23 0.206 0.861
15 24 0.961 0.761
15 25 0.028 0.728
15 26 0.521 0.652
15 27 0.541 0.701
15 28 0.544 0.828
15 29 0.246 0.432
15 30 0.949 0.547
15 31 0.918 0.493
15 32 0.577 0.711
15 33 0.779 0.743
15 34 1.15 0.482
15 35 0.521 0.662
15 36 0.337 0.407
15 37 0.957 0.419
15 38 1.046 0.653
15 39 0.899 0.855
15 40 0.104 0.751
15 41 0.56 0.665
15 42 0.296 0.509
15 43 0.597 0.745
15 44 0.721 0.655
15 45 0.352 0.531
15 46 1.452 0.737
15 47 0.113 0.734
15 48 0.11 0.86
15 49 0.824 0.753
16 17 1.0 0.804
16 18 0.81 0.717
16 19 0.303 0.537
16 20 1.305 0.485
16 21 0.866 0.485
16 22 0.578 0.558
16 23 0.6 0.653
16 24 0.75 0.808
16 25 0.746 0.71
16 26 0.868 0.553
16 27 0.427 0.4
16 28 1.098 0.668
16 29 0.295 0.784
16 30 1.098 0.825
16 31 0.84 0.51
16 32 0.529 0.488
16 33 1.067 0.762
16 34 1.291 0.476
16 35 0.957 0.715
16 36 1.07 0.48
16 37 0.845 0.655
16 38 0.542 0.648
16 39 0.049 0.656
16 40 0.359 0.709
16 41 1.466 0.559
16 42 1.025 0.509
16 43 0.992 0.34
16 44 0.144 0.696
16 45 0.49 0.543
16 46 2.071 0.761
16 47 1.145 0.836
16 48 1.364 0.813
16 49 1.136 0.479
17 18 1.074 0.753
17 19 0.453 0.789
17 20 0.383 0.695
17 21 0.326 0.66
17 22 0.895 0.775
17 23 1.514 0.846
17 24 0.849 0.82
17 25 0.947 0.766
17 26 1.592 0.565
17 27 0.75 0.55
17 28 1.506 0.728
17 29 0.529 0.607
17 30 0.767 0.439
17 31 0.79 0.719
17 32 0.54 0.513
17 33 1.034 0.852
17 34 0.728 0.663
17 35 0.213 0.65
17 36 0.188 0.744
17 37 1.081 0.854
17 38 1.148 0.622
17 39 0.644 0.624
17 40 0.282 0.61
17 41 0.506 0.716
17 42 0.771 0.822
17 43 0.985 0.618
17 44 0.664 0.63
17 45 0.924 0.832
17 46 0.157 0.784
17 47 0.186 0.727
17 48 0.012 0.628
17 49 0.243 0.598
18 19 0.27 0.602
18 20 1.011 0.683
18 21 1.371 0.795
18 22 0.654 0.471
18 23 0.346 0.602
18 24 0.542 0.783
18 25 0.446 0.815
18 26 1.089 0.647
18 27 0.834 0.634
18 28 0.764 0.849
18 29 1.178 0.568
18 30 0.282 0.766
18 31 0.433 0.671
18 32 0.203 0.716
18 33 1.53 0.739
18 34 0.672 0.708
18 35 1.209 0.836
18 36 1.31 0.777
18 37 0.593 0.801
18 38 1.515 0.739
18 39 0.584 0.639
18 40 0.339 0.636
18 41 0.718 0.093
18 42 0.673 0.712
18 43 0.617 0.858
18 44 0.874 0.619
18 45 0.643 0.875
18 46 1.163 0.805
18 47 1.112 0.614
18 48 0.979 0.845
18 49 0.985 0.576
19 20 0.009 0.696
19 21 1.143 0.515
19 22 1.063 0.739
19 23 0.735 0.471
19 24 0.083 0.695
19 25 1.515 0.527
19 26 1.146 0.391
19 27 1.098 0.569
19 28 0.482 0.805
19 29 0.146 0.805
19 30 0.285 0.741
19 31 0.034 0.655
19 32 0.18 0.572
19 33 1.033 0.536
19 34 1.147 0.855
19 35 1.304 0.765
19 36 0.424 0.486
19 37 0.031 0.647
19 38 0.198 0.838
19 39 0.134 0.84
19 40 0.588 0.449
19 41 0.115 0.741
19 42 0.881 0.717
19 43 0.575 0.61
19 44 0.394 0.894
19 45 0.679 0.632
19 46 1.221 0.666
19 47 0.286 0.551
19 48 1.389 0.672
19 49 0.35 0.79
20 21 0.871 0.596
20 22 0.247 0.589
20 23 0.456 0.702
20 24 0.712 0.698
20 25 0.851 0.5
20 26 0.551 0.672
20 27 0.264 0.479
20 28 0.528 0.463
20 29 0.235 0.625
20 30 1.258 0.367
20 31 0.293 0.824
20 32 0.659 0.539
20 33 0.491 0.633
20 34 0.858 0.6
20 35 1.353 0.624
20 36 0.807 0.539
20 37 0.19 0.795
20 38 1.066 0.624
20 39 0.764 0.752
20 40 0.636 0.687
20 41 0.009 0.817
20 42 0.519 0.589
20 43 1.107 0.763
20 44 1.075 0.776
20 45 1.12 0.84
20 46 0.307 0.689
20 47 0.752 0.663
20 48 0.742 0.662
20 49 0.553 0.672
21 22 0.94 0.707
21 23 0.813 0.613
21 24 1.067 0.552
21 25 0.592 0.894
21 26 1.324 0.656
21 27 0.749 0.72
21 28 0.673 0.628
21 29 1.017 0.601
21 30 0.089 0.7
21 31 0.314 0.54
21 32 0.057 0.851
21 33 1.349 0.578
21 34 0.307 0.609
21 35 0.822 0.577
21 36 1.009 0.453
21 37 1.873 0.552
21 38 0.122 0.571
21 39 0.631 0.597
21 40 0.7 0.646
21 41 0.937 0.679
21 42 0.898 0.642
21 43 0.341 0.832
21 44 0.118 0.811
21 45 0.964 0.47
21 46 1.172 0.743
21 47 0.917 0.645
21 48 0.821 0.616
21 49 0.394 0.778
22 23 1.183 0.758
22 24 0.849 0.301
22 25 1.22 0.632
22 26 1.214 0.654
22 27 0.618 0.599
22 28 1.552 0.863
22 29 1.251 0.754
22 30 0.388 0.809
22 31 1.419 0.6
22 32 1.193 0.488
22 33 1.34 0.746
22 34 0.068 0.666
22 35 0.686 0.769
22 36 0.881 0.693
22 37 0.746 0.586
22 38 1.456 0.769
22 39 0.593 0.419
22 40 0.622 0.78
22 41 0.766 0.884
22 42 1.434 0.745
22 43 0.6 0.653
22 44 0.202 0.778
22 45 0.747 0.749
22 46 1.252 0.473
22 47 0.825 0.517
22 48 1.012 0.642
22 49 1.52 0.645
23 24 0.9 0.366
23 25 1.252 0.608
23 26 0.979 0.76
23 27 0.854 0.453
23 28 0.737 0.252
23 29 0.601 0.344
23 30 0.716 0.753
23 31 0.648 0.789
23 32 0.679 0.585
23 33 1.651 0.624
23 34 1.018 0.895
23 35 0.861 0.736
23 36 0.168 0.558
23 37 1.11 0.695
23 38 0.788 0.658
23 39 1.258 0.539
23 40 0.927 0.481
23 41 1.097 0.605
23 42 0.394 0.767
23 43 0.526 0.759
23 44 0.297 0.783
23 45 1.18 0.651
23 46 0.348 0.675
23 47 0.395 0.76
23 48 0.561 0.756
23 49 0.783 0.594
24 25 0.574 0.858
24 26 0.214 0.705
24 27 0.884 0.656
24 28 1.251 0.875
24 29 0.254 0.543
24 30 0.821 0.78
24 31 0.529 0.572
24 32 1.091 0.614
24 33 0.038 0.615
24 34 0.994 0.648
24 35 0.866 0.685
24 36 1.333 0.625
24 37 0.584 0.553
24 38 1.047 0.682
24 39 0.812 0.752
24 40 0.779 0.637
24 41 0.606 0.599
24 42 0.741 0.53
24 43 1.647 0.691
24 44 0.538 0.423
24 45 0.934 0.881
24 46 1.579 0.734
24 47 0.48 0.747
24 48 0.462 0.72
24 49 0.765 0.388
25 26 0.678 0.495
25 27 0.765 0.574
25 28 1.097 0.548
25 29 1.61 0.585
25 30 1.628 0.879
25 31 0.714 0.621
25 32 1.295 0.77
25 33 0.509 0.8
25 34 0.684 0.849
25 35 1.206 0.827
25 36 1.192 0.709
25 37 0.09 0.792
25 38 0.701 0.898
25 39 0.998 0.561
25 40 0.66 0.726
25 41 1.423 0.687
25 42 0.979 0.606
25 43 0.979 0.693
25 44 0.679 0.626
25 45 0.895 0.58
25 46 0.696 0.649
25 47 1.034 0.805
25 48 1.102 0.751
25 49 0.33 0.499
26 27 0.419 0.621
26 28 1.138 0.731
26 29 1.104 0.797
26 30 0.941 0.689
26 31 2.19 0.515
26 32 0.354 0.571
26 33 1.54 0.694
26 34 1.086 0.842
26 35 1.547 0.559
26 36 0.158 0.758
26 37 1.476 0.544
26 38 1.25 0.647
26 39 1.41 0.52
26 40 1.004 0.634
26 41 1.675 0.347
26 42 0.783 0.257
26 43 0.413 0.585
26 44 1.027 0.588
26 45 1.025 0.709
26 46 0.226 0.614
26 47 0.924 0.899
26 48 0.574 0.673
26 49 0.188 0.535
27 28 0.033 0.659
27 29 0.278 0.888
27 30 1.112 0.529
27 31 0.614 0.77
27 32 1.492 0.478
27 33 1.357 0.564
27 34 0.468 0.598
27 35 0.836 0.581
27 36 0.729 0.754
27 37 0.023 0.867
27 38 0.604 0.784
27 39 1.018 0.56
27 40 0.494 0.835
27 41 0.705 0.551
27 42 0.91 0.834
27 43 1.229 0.729
27 44 0.715 0.827
27 45 0.582 0.626
27 46 0.272 0.592
27 47 0.478 0.561
27 48 0.579 0.755
27 49 0.9 0.879
28 29 0.741 0.354
28 30 0.299 0.884
28 31 0.694 0.519
28 32 0.384 0.551
28 33 2.126 0.55
28 34 0.666 0.732
28 35 1.212 0.836
28 36 1.455 0.792
28 37 0.532 0.741
28 38 0.364 0.716
28 39 1.294 0.732
28 40 0.599 0.633
28 41 1.703 0.875
28 42 0.507 0.812
28 43 0.068 0.57
28 44 0.694 0.895
28 45 0.682 0.855
28 46 0.971 0.525
28 47 0.512 0.585
28 48 0.584 0.662
28 49 0.458 0.39
29 30 0.135 0.794
29 31 0.625 0.695
29 32 1.064 0.474
29 33 0.879 0.557
29 34 1.033 0.879
29 35 0.042 0.482
29 36 0.733 0.614
29 37 0.474 0.435
29 38 1.009 0.659
29 39 0.533 0.482
29 40 0.338 0.715
29 41 1.332 0.711
29 42 0.501 0.785
29 43 0.704 0.724
29 44 0.29 0.599
29 45 1.64 0.471
29 46 0.526 0.632
29 47 0.508 0.863
29 48 1.739 0.642
29 49 1.226 0.721
30 31 0.123 0.389
30 32 1.187 0.776
30 33 0.498 0.48
30 34 1.246 0.567
30 35 0.577 0.819
30 36 1.284 0.703
30 37 1.224 0.458
30 38 0.028 0.857
30 39 0.896 0.732
30 40 0.326 0.856
30 41 1.528 0.729
30 42 0.631 0.722
30 43 0.463 0.808
30 44 0.341 0.666
30 45 0.369 0.614
30 46 0.178 0.683
30 47 0.123 0.824
30 48 0.844 0.573
30 49 0.211 0.721
31 32 0.67 0.669
31 33 1.961 0.79
31 34 0.268 0.667
31 35 1.271 0.555
31 36 0.47 0.628
31 37 0.705 0.736
31 38 0.534 0.636
31 39 1.386 0.552
31 40 2.305 0.46
31 41 0.452 0.63
31 42 0.002 0.635
31 43 0.744 0.63
31 44 0.444 0.485
31 45 0.794 0.544
31 46 0.452 0.43
31 47 0.945 0.619
31 48 0.49 0.7
31 49 0.298 0.283
32 33 0.689 0.898
32 34 0.056 0.656
32 35 0.364 0.611
32 36 0.27 0.75
32 37 0.839 0.838
32 38 0.465 0.776
32 39 0.364 0.548
32 40 1.474 0.725
32 41 0.848 0.542
32 42 0.483 0.836
32 43 0.85 0.692
32 44 0.754 0.532
32 45 1.694 0.578
32 46 1.005 0.86
32 47 0.944 0.802
32 48 0.976 0.803
32 49 1.025 0.808
33 34 0.376 0.814
33 35 0.778 0.769
33 36 0.915 0.508
33 37 1.451 0.694
33 38 0.633 0.697
33 39 0.091 0.66
33 40 0.849 0.738
33 41 0.937 0.663
33 42 1.092 0.406
33 43 0.71 0.619
33 44 1.438 0.682
33 45 0.823 0.544
33 46 1.717 0.837
33 47 0.116 0.743
33 48 0.553 0.881
33 49 0.393 0.388
34 35 0.653 0.674
34 36 0.268 0.84
34 37 1.254 0.494
34 38 1.242 0.766
34 39 0.363 0.89
34 40 0.653 0.834
34 41 0.812 0.743
34 42 1.924 0.493
34 43 1.188 0.843
34 44 0.285 0.556
34 45 0.257 0.813
34 46 0.823 0.496
34 47 0.968 0.396
34 48 0.251 0.583
34 49 0.339 0.504
35 36 0.163 0.778
35 37 0.978 0.509
35 38 0.516 0.524
35 39 0.805 0.464
35 40 1.628 0.828
35 41 0.962 0.661
35 42 0.627 0.53
35 43 0.729 0.623
35 44 0.965 0.567
35 45 0.629 0.692
35 46 0.283 0.847
35 47 0.974 0.83
35 48 0.198 0.75
35 49 1.122 0.771
36 37 1.152 0.416
36 38 1.775 0.848
36 39 0.074 0.837
36 40 0.691 0.684
36 41 0.481 0.551
36 42 1.007 0.538
36 43 0.12 0.454
36 44 0.027 0.557
36 45 1.245 0.633
36 46 1.092 0.636
36 47 0.986 0.577
36 48 1.163 0.52
36 49 0.444 0.804
37 38 1.102 0.649
37 39 0.69 0.806
37 40 1.223 0.667
37 41 0.569 0.718
37 42 0.955 0.641
37 43 1.034 0.74
37 44 0.28 0.86
37 45 0.622 0.494
37 46 0.593 0.75
37 47 1.05 0.573
37 48 0.254 0.702
37 49 0.845 0.604
38 39 0.58 0.873
38 40 0.876 0.664
38 41 0.783 0.777
38 42 0.637 0.573
38 43 0.258 0.536
38 44 1.218 0.519
38 45 0.291 0.42
38 46 0.709 0.883
38 47 0.73 0.369
38 48 0.925 0.122
38 49 0.736 0.724
39 40 0.74 0.717
39 41 0.204 0.751
39 42 0.568 0.639
39 43 0.943 0.726
39 44 1.287 0.658
39 45 0.498 0.425
39 46 0.729 0.65
39 47 0.499 0.813
39 48 0.219 0.699
39 49 0.329 0.673
40 41 0.789 0.604
40 42 0.835 0.331
40 43 1.468 0.662
40 44 0.531 0.542
40 45 1.153 0.508
40 46 1.157 0.612
40 47 0.583 0.681
40 48 0.919 0.001
40 49 0.906 0.299
41 42 0.098 0.504
41 43 0.314 0.792
41 44 0.957 0.713
41 45 1.211 0.63
41 46 0.646 0.69
41 47 0.877 0.582
41 48 0.752 0.488
41 49 0.728 0.663
42 43 1.47 0.669
42 44 0.802 0.801
42 45 1.023 0.668
42 46 1.068 0.495
42 47 1.463 0.552
42 48 1.216 0.723
42 49 0.828 0.546
43 44 0.636 0.617
43 45 1.758 0.413
43 46 0.98 0.512
43 47 0.758 0.836
43 48 0.296 0.541
43 49 0.842 0.821
44 45 1.199 0.638
44 46 0.827 0.682
44 47 0.386 0.69
44 48 1.151 0.646
44 49 1.303 0.626
45 46 0.864 0.233
45 47 0.362 0.439
45 48 0.979 0.806
45 49 0.045 0.7
46 47 1.065 0.486
46 48 0.269 0.81
46 49 0.597 0.571
47 48 0.353 0.646
47 49 0.604 0.476
48 49 1.005 0.591