50
92.169
0 1 6.979 0.104
0 2 8.131 1.0
0 3 7.875 0.222
0 4 7.487 0.128
0 5 8.851 0.894
0 6 4.09 0.194
0 7 8.4 0.222
0 8 8.057 0.076
0 9 6.636 0.116
0 10 7.795 0.161
0 11 6.699 0.114
0 12 9.599 0.43
0 13 6.846 0.423
0 14 7.041 0.088
0 15 7.866 0.093
0 16 7.992 0.11
0 17 7.876 0.497
0 18 7.701 0.138
0 19 7.775 0.467
0 20 7.592 0.11
0 21 9.13 0.211
0 22 8.523 0.199
0 23 7.394 0.182
0 24 7.756 0.158
0 25 6.99 0.34
0 26 7.358 0.416
0 27 6.614 0.09
0 28 7.246 0.391
0 29 7.769 0.104
0 30 8.098 0.272
0 31 8.118 0.236
0 32 9.589 0.245
0 33 7.207 0.205
0 34 8.564 0.105
0 35 7.253 0.076
0 36 7.085 0.28
0 37 9.469 0.121
0 38 9.22 0.272
0 39 6.131 0.103
0 40 8.005 0.521
0 41 6.552 0.132
0 42 7.127 0.219
0 43 7.875 0.144
0 44 9.07 0.306
0 45 6.479 0.259
0 46 6.638 0.114
0 47 6.03 0.199
0 48 6.776 0.177
0 49 7.988 0.495
1 2 8.245 0.132
1 3 5.144 1.691
1 4 9.189 0.122
1 5 6.971 0.435
1 6 7.942 0.235
1 7 7.609 0.117
1 8 8.202 0.115
1 9 6.347 0.289
1 10 7.394 0.109
1 11 6.371 0.05
1 12 6.017 0.138
1 13 7.432 0.365
1 14 4.466 0.102
1 15 9.15 0.144
1 16 8.102 0.095
1 17 8.443 0.128
1 18 8.412 0.146
1 19 5.341 0.269
1 20 6.873 0.115
1 21 4.527 0.171
1 22 7.043 0.119
1 23 8.396 0.114
1 24 8.019 0.148
1 25 7.586 0.223
1 26 7.035 0.19
1 27 8.533 0.098
1 28 4.108 0.222
1 29 6.156 0.176
1 30 8.556 0.353
1 31 8.161 0.235
1 32 9.683 0.121
1 33 5.831 0.117
1 34 8.407 0.134
1 35 6.677 0.222
1 36 9.862 0.18
1 37 5.362 0.487
1 38 7.952 0.18
1 39 9.091 0.108
1 40 6.694 0.568
1 41 6.972 0.203
1 42 8.594 0.132
1 43 4.882 0.25
1 44 6.752 0.123
1 45 5.34 0.6
1 46 9.664 0.254
1 47 6.716 0.26
1 48 7.391 0.105
1 49 7.571 0.106
2 3 6.133 0.202
2 4 8.227 1.677
2 5 9.932 1.033
2 6 5.963 0.115
2 7 7.137 0.131
2 8 7.169 0.128
2 9 7.694 0.109
2 10 7.465 0.271
2 11 7.976 0.244
2 12 6.402 0.111
2 13 7.555 0.255
2 14 8.357 0.572
2 15 7.841 0.366
2 16 8.817 0.371
2 17 9.194 0.131
2 18 7.163 0.117
2 19 6.252 0.32
2 20 8.458 0.205
2 21 7.42 0.091
2 22 6.561 0.141
2 23 8.247 0.203
2 24 7.88 0.151
2 25 6.412 0.693
2 26 8.41 0.118
2 27 4.46 0.22
2 28 9.718 0.22
2 29 6.555 0.123
2 30 7.523 0.245
2 31 4.79 0.155
2 32 7.452 0.132
2 33 5.036 0.136
2 34 9.124 0.117
2 35 7.171 0.207
2 36 7.193 0.123
2 37 9.004 0.403
2 38 7.733 0.156
2 39 7.069 0.195
2 40 5.198 0.291
2 41 9.448 0.117
2 42 8.643 0.244
2 43 7.523 0.157
2 44 6.352 0.263
2 45 7.768 0.241
2 46 8.643 0.117
2 47 6.125 0.293
2 48 9.734 0.227
2 49 6.84 0.065
3 4 5.909 0.162
3 5 7.834 0.097
3 6 4.642 0.152
3 7 8.938 0.112
3 8 7.134 0.127
3 9 9.279 0.202
3 10 5.32 0.162
3 11 6.839 0.103
3 12 8.694 0.502
3 13 7.604 0.454
3 14 7.905 0.089
3 15 8.373 0.425
3 16 5.239 0.313
3 17 6.359 0.122
3 18 7.608 0.345
3 19 9.373 0.198
3 20 7.971 0.245
3 21 7.3 0.278
3 22 6.661 0.234
3 23 8.628 0.226
3 24 7.362 0.121
3 25 6.256 0.49
3 26 5.234 0.334
3 27 8.42 0.194
3 28 4.702 0.353
3 29 6.232 0.094
3 30 9.136 0.108
3 31 7.89 0.045
3 32 7.176 0.137
3 33 5.64 0.233
3 34 8.336 0.383
3 35 7.164 0.116
3 36 7.545 0.288
3 37 7.627 0.099
3 38 6.212 0.158
3 39 8.029 0.23
3 40 8.948 0.698
3 41 6.445 0.339
3 42 8.818 0.264
3 43 7.717 0.309
3 44 7.562 0.123
3 45 8.384 0.136
3 46 6.138 0.179
3 47 6.598 0.109
3 48 7.551 0.14
3 49 6.643 0.175
4 5 8.922 0.224
4 6 8.475 0.224
4 7 9.709 0.146
4 8 7.263 0.078
4 9 6.162 0.269
4 10 6.544 0.142
4 11 7.454 0.147
4 12 7.355 0.124
4 13 8.697 0.507
4 14 7.892 0.119
4 15 9.243 0.256
4 16 6.891 0.11
4 17 6.62 0.324
4 18 6.569 0.112
4 19 7.412 0.195
4 20 7.469 0.116
4 21 8.721 0.604
4 22 7.421 0.101
4 23 4.582 0.124
4 24 7.771 0.316
4 25 6.104 0.234
4 26 9.96 0.445
4 27 6.273 0.15
4 28 4.04 0.255
4 29 6.788 0.139
4 30 6.595 0.307
4 31 8.051 0.108
4 32 6.676 0.338
4 33 8.669 0.493
4 34 7.195 0.275
4 35 9.421 0.957
4 36 7.059 0.301
4 37 6.049 0.292
4 38 7.36 0.131
4 39 5.022 0.13
4 40 9.679 0.139
4 41 7.877 0.13
4 42 4.798 0.09
4 43 7.912 0.263
4 44 8.775 0.32
4 45 6.908 0.248
4 46 7.364 0.928
4 47 7.883 0.279
4 48 6.302 0.733
4 49 7.756 0.223
5 6 7.396 0.119
5 7 6.005 1.699
5 8 9.428 0.219
5 9 8.832 1.113
5 10 5.943 0.343
5 11 8.185 0.1
5 12 9.712 0.371
5 13 6.876 0.13
5 14 6.884 0.105
5 15 7.171 0.38
5 16 7.543 0.096
5 17 6.139 0.211
5 18 7.803 0.114
5 19 7.021 0.224
5 20 9.365 0.123
5 21 7.118 0.316
5 22 7.13 0.135
5 23 4.175 0.077
5 24 6.915 0.12
5 25 4.554 0.067
5 26 7.132 0.488
5 27 8.791 0.13
5 28 7.44 0.132
5 29 9.32 0.118
5 30 8.251 0.458
5 31 7.448 0.241
5 32 9.251 0.222
5 33 4.558 0.134
5 34 8.163 0.284
5 35 7.431 0.368
5 36 8.128 0.289
5 37 7.008 0.19
5 38 8.016 0.099
5 39 7.682 1.001
5 40 4.32 0.226
5 41 6.703 0.093
5 42 6.068 0.464
5 43 9.19 0.113
5 44 5.436 0.22
5 45 6.578 0.12
5 46 6.045 0.16
5 47 7.204 0.298
5 48 7.197 0.117
5 49 7.305 0.18
6 7 9.447 0.105
6 8 6.313 0.287
6 9 7.497 0.734
6 10 5.751 0.09
6 11 6.181 0.097
6 12 7.902 0.146
6 13 7.1 0.967
6 14 6.464 0.107
6 15 8.287 0.503
6 16 7.926 0.111
6 17 6.757 0.098
6 18 7.96 0.295
6 19 8.898 0.099
6 20 6.311 0.607
6 21 7.737 0.115
6 22 7.469 0.38
6 23 4.668 0.19
6 24 7.264 0.127
6 25 6.545 0.146
6 26 7.059 0.099
6 27 8.775 0.144
6 28 7.314 0.273
6 29 8.426 0.123
6 30 7.038 0.557
6 31 7.783 0.378
6 32 6.219 0.461
6 33 5.521 0.195
6 34 7.43 0.233
6 35 5.014 0.148
6 36 8.669 0.102
6 37 6.812 0.493
6 38 6.623 0.116
6 39 7.222 0.232
6 40 9.032 0.104
6 41 9.744 0.116
6 42 6.851 0.266
6 43 7.536 0.266
6 44 9.612 0.534
6 45 5.209 0.222
6 46 8.365 0.333
6 47 9.038 0.637
6 48 8.783 0.368
6 49 6.228 0.112
7 8 7.933 0.121
7 9 4.194 0.119
7 10 8.769 0.297
7 11 5.081 0.148
7 12 7.562 0.29
7 13 6.517 1.615
7 14 6.682 0.099
7 15 8.75 0.297
7 16 7.611 0.31
7 17 4.671 0.318
7 18 9.417 0.121
7 19 5.637 0.216
7 20 9.557 0.156
7 21 7.967 0.119
7 22 9.763 0.118
7 23 4.612 0.276
7 24 9.88 0.098
7 25 6.992 0.138
7 26 6.673 0.116
7 27 7.467 0.157
7 28 8.588 0.988
7 29 7.889 0.665
7 30 9.322 0.41
7 31 6.255 0.139
7 32 7.965 0.36
7 33 8.581 0.092
7 34 6.939 0.137
7 35 8.843 0.393
7 36 9.459 0.144
7 37 8.518 0.94
7 38 4.667 0.485
7 39 7.59 0.103
7 40 8.556 0.198
7 41 9.241 0.284
7 42 4.629 0.679
7 43 6.982 0.208
7 44 8.131 0.196
7 45 7.915 0.351
7 46 7.505 0.147
7 47 9.454 0.148
7 48 8.802 0.915
7 49 4.748 0.138
8 9 7.92 0.133
8 10 6.33 0.169
8 11 7.646 0.133
8 12 9.402 0.15
8 13 4.724 0.711
8 14 6.907 0.235
8 15 6.972 0.044
8 16 8.562 0.39
8 17 6.339 0.148
8 18 7.035 0.149
8 19 8.621 0.18
8 20 8.582 0.244
8 21 9.773 0.119
8 22 5.998 0.182
8 23 6.386 0.137
8 24 7.664 0.413
8 25 7.452 0.114
8 26 8.588 0.11
8 27 9.713 0.145
8 28 7.292 0.067
8 29 7.575 0.34
8 30 8.697 0.492
8 31 7.854 0.343
8 32 7.94 0.413
8 33 8.098 0.148
8 34 6.812 0.064
8 35 7.017 0.133
8 36 7.662 0.113
8 37 4.729 0.054
8 38 9.798 0.268
8 39 5.841 0.289
8 40 7.434 0.364
8 41 6.051 0.137
8 42 8.826 0.857
8 43 4.345 0.171
8 44 8.138 0.288
8 45 7.805 0.182
8 46 7.135 0.146
8 47 7.803 0.23
8 48 9.532 0.26
8 49 5.216 0.385
9 10 9.306 0.145
9 11 6.316 0.159
9 12 6.243 0.143
9 13 7.22 0.222
9 14 7.916 0.125
9 15 6.858 0.223
9 16 7.565 0.262
9 17 7.481 0.238
9 18 7.714 0.168
9 19 8.273 0.199
9 20 6.619 0.227
9 21 5.417 0.132
9 22 6.803 0.323
9 23 9.05 0.118
9 24 6.545 0.317
9 25 8.254 0.286
9 26 6.905 0.539
9 27 8.992 0.17
9 28 8.856 0.468
9 29 5.455 0.102
9 30 9.054 0.112
9 31 7.086 0.096
9 32 7.855 0.143
9 33 4.359 0.167
9 34 7.168 0.288
9 35 9.806 0.132
9 36 5.44 0.139
9 37 8.017 0.13
9 38 7.389 0.092
9 39 7.676 0.232
9 40 6.934 0.331
9 41 6.373 0.208
9 42 8.153 0.16
9 43 4.372 0.131
9 44 7.82 0.391
9 45 7.126 0.12
9 46 5.534 0.144
9 47 7.172 0.287
9 48 7.5 0.219
9 49 6.791 0.51
10 11 6.868 0.359
10 12 8.644 0.118
10 13 6.448 0.367
10 14 9.024 1.732
10 15 7.322 0.147
10 16 6.499 0.346
10 17 4.546 0.121
10 18 7.211 0.14
10 19 6.898 0.264
10 20 9.034 0.143
10 21 8.962 0.185
10 22 9.852 0.146
10 23 6.949 0.265
10 24 5.764 0.466
10 25 7.083 0.126
10 26 8.679 0.252
10 27 4.127 0.231
10 28 6.936 0.404
10 29 4.418 0.231
10 30 7.435 0.272
10 31 7.701 0.097
10 32 7.825 0.37
10 33 6.954 0.201
10 34 9.229 0.135
10 35 6.031 0.157
10 36 4.786 0.353
10 37 9.76 0.143
10 38 5.017 0.136
10 39 9.294 0.425
10 40 7.276 0.202
10 41 9.969 0.407
10 42 6.618 0.249
10 43 6.353 0.199
10 44 7.844 0.31
10 45 6.406 0.147
10 46 5.465 0.309
10 47 7.466 0.163
10 48 9.065 0.284
10 49 7.096 0.534
11 12 9.036 0.321
11 13 6.788 0.138
11 14 9.203 0.116
11 15 6.695 0.133
11 16 7.138 0.107
11 17 7.765 0.397
11 18 7.122 0.153
11 19 4.246 0.119
11 20 9.535 0.111
11 21 7.207 0.223
11 22 8.755 0.168
11 23 5.503 0.115
11 24 7.879 0.116
11 25 6.756 0.138
11 26 7.373 0.126
11 27 6.953 0.079
11 28 8.939 0.102
11 29 6.279 0.25
11 30 7.827 0.121
11 31 7.717 0.765
11 32 9.396 0.31
11 33 6.148 0.346
11 34 8.221 0.141
11 35 9.213 0.124
11 36 8.795 0.227
11 37 7.729 0.109
11 38 4.403 0.51
11 39 7.155 0.127
11 40 6.76 0.34
11 41 8.64 0.113
11 42 6.02 0.241
11 43 8.781 0.86
11 44 7.792 0.191
11 45 9.988 0.413
11 46 8.73 0.44
11 47 5.951 0.241
11 48 8.947 0.122
11 49 8.561 0.127
12 13 7.163 0.156
12 14 6.776 0.063
12 15 7.298 0.397
12 16 9.97 0.115
12 17 6.456 0.128
12 18 9.404 0.145
12 19 6.354 0.36
12 20 8.808 0.175
12 21 4.332 0.163
12 22 7.949 0.171
12 23 8.143 0.227
12 24 8.654 0.394
12 25 8.143 0.327
12 26 9.175 0.162
12 27 6.669 0.156
12 28 8.931 0.354
12 29 8.547 0.2
12 30 8.492 0.283
12 31 7.478 0.304
12 32 7.869 0.179
12 33 6.886 0.117
12 34 8.966 0.156
12 35 8.737 0.461
12 36 7.395 0.125
12 37 4.732 0.084
12 38 9.838 0.149
12 39 6.984 0.29
12 40 8.31 0.279
12 41 5.604 0.33
12 42 7.953 0.161
12 43 6.375 0.125
12 44 5.452 0.128
12 45 9.694 0.454
12 46 5.753 0.179
12 47 7.457 0.17
12 48 6.817 0.124
12 49 7.856 0.148
13 14 6.81 0.16
13 15 6.698 0.166
13 16 6.184 0.132
13 17 8.283 0.792
13 18 7.708 0.137
13 19 6.043 0.196
13 20 8.735 0.071
13 21 7.829 0.126
13 22 6.552 0.175
13 23 9.815 0.109
13 24 9.101 0.253
13 25 8.215 0.202
13 26 8.106 0.151
13 27 6.322 0.399
13 28 7.53 0.157
13 29 6.87 0.123
13 30 6.002 0.198
13 31 6.872 0.21
13 32 7.102 0.221
13 33 8.971 0.212
13 34 6.777 0.213
13 35 5.129 0.131
13 36 9.053 0.183
13 37 5.705 0.14
13 38 8.767 0.189
13 39 7.331 0.292
13 40 8.783 0.193
13 41 8.046 0.196
13 42 8.233 0.162
13 43 6.599 0.17
13 44 7.862 0.456
13 45 8.565 0.117
13 46 5.876 0.132
13 47 6.983 0.212
13 48 6.411 0.312
13 49 9.529 0.311
14 15 7.742 0.127
14 16 7.178 0.299
14 17 9.73 0.147
14 18 5.029 0.244
14 19 9.99 0.127
14 20 7.499 0.125
14 21 7.499 0.129
14 22 7.416 0.336
14 23 6.513 0.164
14 24 9.718 0.232
14 25 6.522 0.078
14 26 6.794 0.168
14 27 5.565 0.126
14 28 8.798 0.125
14 29 8.891 0.223
14 30 8.254 0.164
14 31 6.764 0.13
14 32 6.855 0.135
14 33 9.96 0.3
14 34 6.971 0.271
14 35 5.882 0.115
14 36 9.916 0.175
14 37 4.285 0.299
14 38 6.775 0.13
14 39 8.581 0.932
14 40 4.453 0.262
14 41 8.461 0.25
14 42 6.153 0.461
14 43 7.599 0.112
14 44 6.487 0.14
14 45 8.189 0.161
14 46 4.573 0.199
14 47 6.351 0.17
14 48 5.583 0.187
14 49 9.018 0.157
15 16 7.111 0.113
15 17 4.946 0.151
15 18 7.917 0.19
15 19 6.043 0.21
15 20 7.44 0.134
15 21 4.091 0.332
15 22 8.406 0.181
15 23 8.612 0.191
15 24 8.147 0.105
15 25 7.607 0.185
15 26 7.973 0.043
15 27 9.903 0.17
15 28 6.472 0.102
15 29 7.607 0.117
15 30 6.246 0.167
15 31 7.871 0.195
15 32 7.501 0.353
15 33 6.373 0.08
15 34 7.092 0.186
15 35 9.215 0.282
15 36 8.257 0.407
15 37 7.127 0.246
15 38 6.1 0.112
15 39 7.489 0.112
15 40 4.045 0.409
15 41 7.818 0.128
15 42 7.846 0.248
15 43 7.441 0.153
15 44 8.706 0.29
15 45 4.932 0.183
15 46 7.983 0.421
15 47 8.976 0.719
15 48 7.206 0.127
15 49 6.689 0.349
16 17 7.051 0.11
16 18 4.537 0.193
16 19 6.165 0.139
16 20 7.16 0.133
16 21 7.232 0.132
16 22 7.954 0.363
16 23 9.043 0.237
16 24 6.732 0.086
16 25 7.005 0.116
16 26 5.16 0.248
16 27 7.115 0.256
16 28 5.534 0.247
16 29 6.145 0.129
16 30 7.055 0.287
16 31 7.784 0.122
16 32 8.114 0.602
16 33 9.829 0.628
16 34 7.084 0.092
16 35 7.281 0.121
16 36 6.723 0.464
16 37 6.719 0.125
16 38 7.025 0.135
16 39 5.147 0.175
16 40 6.088 0.131
16 41 7.164 0.13
16 42 8.327 0.915
16 43 7.226 0.179
16 44 7.164 0.147
16 45 4.376 0.143
16 46 9.889 0.101
16 47 5.308 0.058
16 48 7.821 0.254
16 49 6.576 0.119
17 18 8.677 0.177
17 19 4.401 0.278
17 20 7.044 0.177
17 21 5.987 0.284
17 22 6.276 0.32
17 23 7.119 0.72
17 24 9.685 0.109
17 25 7.217 0.104
17 26 9.678 0.242
17 27 7.895 0.117
17 28 8.537 0.084
17 29 7.154 0.358
17 30 7.562 0.149
17 31 9.31 0.183
17 32 5.839 0.104
17 33 7.636 0.123
17 34 9.774 0.115
17 35 6.033 0.187
17 36 7.871 0.143
17 37 7.941 0.132
17 38 9.152 0.206
17 39 4.435 0.526
17 40 8.807 0.147
17 41 9.202 0.135
17 42 6.178 0.147
17 43 7.121 0.115
17 44 8.857 0.383
17 45 8.279 0.292
17 46 5.068 0.202
17 47 7.56 0.288
17 48 6.196 0.183
17 49 7.774 0.336
18 19 6.013 0.2
18 20 7.02 0.406
18 21 9.418 0.379
18 22 9.837 0.16
18 23 6.223 0.17
18 24 6.205 0.199
18 25 7.916 0.341
18 26 4.27 0.248
18 27 7.145 0.172
18 28 9.033 1.12
18 29 7.532 0.218
18 30 7.634 0.185
18 31 7.734 0.115
18 32 7.533 0.186
18 33 7.424 0.245
18 34 7.039 0.141
18 35 6.349 0.161
18 36 7.214 0.166
18 37 4.85 0.394
18 38 6.025 0.205
18 39 5.275 0.1
18 40 7.575 0.218
18 41 9.639 0.161
18 42 5.549 1.116
18 43 7.842 0.509
18 44 7.998 0.309
18 45 8.727 0.216
18 46 7.6 0.336
18 47 7.997 0.176
18 48 5.231 0.155
18 49 8.197 0.177
19 20 6.946 0.121
19 21 8.425 0.221
19 22 5.908 0.193
19 23 6.438 0.129
19 24 6.41 0.331
19 25 6.198 0.132
19 26 6.649 0.23
19 27 7.027 0.131
19 28 6.511 0.342
19 29 8.687 0.179
19 30 4.802 0.281
19 31 8.075 0.202
19 32 6.727 0.142
19 33 8.524 0.226
19 34 8.851 0.119
19 35 6.301 0.147
19 36 7.403 0.191
19 37 7.281 0.14
19 38 8.773 0.19
19 39 9.269 0.127
19 40 7.141 0.322
19 41 6.047 0.854
19 42 5.124 0.195
19 43 9.859 0.141
19 44 6.612 0.308
19 45 8.481 0.182
19 46 9.237 0.135
19 47 8.349 0.267
19 48 6.433 0.389
19 49 7.211 0.381
20 21 7.958 0.133
20 22 9.034 0.164
20 23 6.819 0.106
20 24 6.754 0.148
20 25 6.255 0.344
20 26 7.551 0.241
20 27 6.186 0.164
20 28 7.423 0.152
20 29 7.607 0.194
20 30 6.724 0.27
20 31 6.848 0.139
20 32 7.12 0.177
20 33 5.534 0.243
20 34 9.753 0.186
20 35 7.811 0.195
20 36 8.205 0.177
20 37 7.511 0.145
20 38 8.538 0.282
20 39 9.622 0.143
20 40 7.716 0.56
20 41 9.37 0.183
20 42 8.672 0.337
20 43 6.709 0.676
20 44 8.032 0.122
20 45 5.865 0.057
20 46 8.668 0.126
20 47 7.377 0.84
20 48 6.531 0.053
20 49 7.291 0.392
21 22 8.148 0.31
21 23 9.491 0.138
21 24 7.37 0.228
21 25 4.788 0.049
21 26 6.22 0.306
21 27 6.398 0.174
21 28 9.723 0.127
21 29 8.884 0.25
21 30 6.762 0.113
21 31 6.09 0.259
21 32 6.081 0.217
21 33 7.984 0.128
21 34 6.533 0.038
21 35 7.538 0.363
21 36 8.232 0.619
21 37 6.262 0.263
21 38 7.456 0.145
21 39 7.159 0.419
21 40 8.479 0.126
21 41 4.296 0.296
21 42 6.206 0.379
21 43 6.985 0.165
21 44 4.609 0.33
21 45 7.25 0.155
21 46 7.891 0.392
21 47 8.926 0.383
21 48 8.026 0.169
21 49 7.221 0.322
22 23 7.929 0.227
22 24 6.236 0.516
22 25 7.733 0.37
22 26 7.456 0.254
22 27 9.753 0.198
22 28 5.07 0.096
22 29 7.197 0.234
22 30 8.907 0.355
22 31 9.726 0.163
22 32 9.471 0.597
22 33 5.689 0.484
22 34 6.368 0.286
22 35 7.425 0.149
22 36 7.093 0.174
22 37 6.78 0.126
22 38 9.444 0.384
22 39 4.185 0.306
22 40 7.11 0.22
22 41 6.711 0.076
22 42 7.483 0.179
22 43 7.528 0.17
22 44 4.207 0.126
22 45 8.978 0.175
22 46 7.232 0.196
22 47 7.218 0.368
22 48 6.175 0.299
22 49 6.187 0.313
23 24 7.736 0.12
23 25 6.368 0.44
23 26 9.633 0.327
23 27 8.334 0.192
23 28 7.01 0.148
23 29 7.982 0.119
23 30 9.878 1.049
23 31 8.264 0.179
23 32 7.511 0.244
23 33 8.931 0.184
23 34 7.913 0.23
23 35 5.881 0.162
23 36 7.122 0.157
23 37 7.441 0.752
23 38 5.455 0.128
23 39 6.154 0.314
23 40 9.349 0.215
23 41 6.196 0.165
23 42 7.961 0.283
23 43 9.06 0.406
23 44 4.137 0.169
23 45 7.349 0.13
23 46 6.784 0.129
23 47 5.069 0.161
23 48 7.327 0.318
23 49 7.338 0.162
24 25 7.172 0.342
24 26 7.071 0.283
24 27 7.02 0.137
24 28 7.907 0.105
24 29 7.703 0.193
24 30 9.942 1.293
24 31 5.946 0.368
24 32 6.165 0.541
24 33 8.46 0.289
24 34 7.618 0.187
24 35 6.999 0.124
24 36 4.982 0.295
24 37 7.629 0.192
24 38 8.634 0.366
24 39 7.35 0.174
24 40 7.076 0.661
24 41 5.915 0.279
24 42 8.453 0.138
24 43 4.76 0.179
24 44 6.308 0.158
24 45 9.635 0.624
24 46 4.39 0.101
24 47 8.757 0.491
24 48 6.586 0.116
24 49 9.172 0.479
25 26 6.549 0.162
25 27 9.29 0.34
25 28 8.724 0.232
25 29 8.807 0.259
25 30 8.932 0.366
25 31 7.044 0.157
25 32 4.528 0.139
25 33 7.25 0.387
25 34 6.083 0.136
25 35 6.782 0.085
25 36 7.48 0.178
25 37 8.545 0.28
25 38 8.787 0.955
25 39 7.388 0.22
25 40 7.98 0.218
25 41 6.405 0.079
25 42 7.575 0.179
25 43 8.051 0.119
25 44 8.708 0.301
25 45 9.973 1.032
25 46 7.272 0.334
25 47 7.147 0.404
25 48 6.85 0.315
25 49 6.261 0.364
26 27 9.675 0.158
26 28 7.507 0.084
26 29 9.935 0.194
26 30 9.631 0.207
26 31 7.333 0.191
26 32 7.579 0.206
26 33 7.479 0.153
26 34 8.637 0.165
26 35 5.558 0.14
26 36 6.626 0.23
26 37 6.759 0.283
26 38 7.241 0.123
26 39 8.594 0.152
26 40 6.061 0.254
26 41 9.747 0.122
26 42 9.022 0.272
26 43 7.601 0.063
26 44 7.134 0.227
26 45 7.879 0.47
26 46 6.434 0.17
26 47 6.548 0.424
26 48 6.363 0.136
26 49 5.927 0.261
27 28 7.154 0.305
27 29 5.802 0.354
27 30 6.802 0.49
27 31 7.348 0.17
27 32 6.67 0.127
27 33 7.993 0.448
27 34 7.837 0.271
27 35 6.597 0.136
27 36 7.185 0.187
27 37 6.54 0.089
27 38 6.572 0.262
27 39 6.005 0.467
27 40 6.823 0.252
27 41 9.469 0.206
27 42 4.057 0.36
27 43 7.624 0.35
27 44 8.772 0.68
27 45 6.841 0.21
27 46 7.238 0.211
27 47 9.766 0.701
27 48 8.597 0.34
27 49 8.285 0.219
28 29 9.684 0.136
28 30 7.591 0.144
28 31 5.766 0.126
28 32 9.427 0.218
28 33 8.11 0.179
28 34 8.274 0.128
28 35 8.596 0.143
28 36 7.859 0.332
28 37 7.067 0.401
28 38 8.87 0.177
28 39 4.38 0.085
28 40 7.401 0.135
28 41 8.499 0.291
28 42 8.486 0.142
28 43 6.795 0.357
28 44 7.918 0.461
28 45 7.573 0.178
28 46 4.008 0.128
28 47 9.381 0.229
28 48 6.9 0.213
28 49 8.403 0.073
29 30 7.1 0.277
29 31 6.002 0.174
29 32 7.559 0.218
29 33 7.431 0.274
29 34 6.499 0.241
29 35 7.429 0.258
29 36 6.691 1.183
29 37 6.647 0.281
29 38 7.028 0.407
29 39 5.169 0.148
29 40 7.316 0.24
29 41 7.452 0.382
29 42 8.735 0.24
29 43 6.874 0.112
29 44 9.977 0.167
29 45 9.889 0.624
29 46 6.162 0.126
29 47 6.105 0.16
29 48 7.084 0.101
29 49 8.921 0.19
30 31 6.308 0.128
30 32 7.434 0.122
30 33 7.287 0.253
30 34 7.648 0.285
30 35 9.93 0.12
30 36 7.189 0.178
30 37 9.778 0.325
30 38 7.16 0.431
30 39 7.094 0.166
30 40 6.392 0.126
30 41 8.469 0.151
30 42 7.781 0.396
30 43 4.983 0.08
30 44 6.383 0.15
30 45 7.392 0.199
30 46 7.619 0.125
30 47 7.428 0.155
30 48 7.738 0.167
30 49 7.835 0.227
31 32 9.319 0.455
31 33 8.876 0.137
31 34 6.236 0.19
31 35 6.948 0.043
31 36 6.379 0.232
31 37 4.067 0.387
31 38 6.013 0.168
31 39 8.42 0.208
31 40 8.383 0.349
31 41 8.586 0.566
31 42 7.97 0.235
31 43 4.659 0.481
31 44 6.822 0.478
31 45 6.375 0.111
31 46 8.817 0.478
31 47 6.59 0.431
31 48 8.849 0.135
31 49 8.329 0.193
32 33 7.303 0.243
32 34 5.802 0.159
32 35 7.674 0.187
32 36 7.98 0.687
32 37 7.64 0.441
32 38 8.001 0.404
32 39 8.179 0.387
32 40 8.734 0.737
32 41 6.689 0.159
32 42 7.781 0.193
32 43 7.933 0.169
32 44 9.948 0.288
32 45 8.794 0.259
32 46 4.969 0.518
32 47 6.993 0.225
32 48 7.28 0.373
32 49 4.292 0.151
33 34 8.97 0.316
33 35 9.732 0.235
33 36 8.216 0.871
33 37 7.78 0.265
33 38 6.967 0.321
33 39 9.746 0.449
33 40 6.543 0.235
33 41 8.511 0.196
33 42 6.92 0.393
33 43 5.577 0.194
33 44 9.049 0.156
33 45 9.094 0.231
33 46 6.166 0.232
33 47 8.609 0.167
33 48 8.256 0.281
33 49 7.254 0.172
34 35 7.523 0.43
34 36 4.556 0.204
34 37 5.163 0.301
34 38 7.188 0.242
34 39 9.239 0.197
34 40 6.579 0.416
34 41 8.374 0.381
34 42 7.159 0.22
34 43 4.611 0.078
34 44 7.669 0.207
34 45 8.402 0.525
34 46 7.794 0.225
34 47 8.436 0.427
34 48 8.986 0.086
34 49 8.251 0.476
35 36 7.653 0.262
35 37 5.957 0.094
35 38 6.275 0.167
35 39 7.122 0.067
35 40 6.742 0.498
35 41 4.954 0.162
35 42 7.731 0.303
35 43 8.386 0.374
35 44 7.457 0.124
35 45 7.883 0.298
35 46 7.327 0.22
35 47 9.615 0.177
35 48 5.62 0.179
35 49 7.409 0.2
36 37 6.959 0.324
36 38 6.793 0.209
36 39 7.875 0.055
36 40 9.114 0.395
36 41 9.855 0.151
36 42 6.233 0.293
36 43 7.167 0.193
36 44 6.927 0.243
36 45 6.161 0.321
36 46 4.612 0.204
36 47 7.968 0.36
36 48 9.728 0.318
36 49 7.234 0.145
37 38 7.744 0.397
37 39 7.928 0.466
37 40 7.283 0.785
37 41 8.537 0.124
37 42 7.0 0.239
37 43 4.107 0.248
37 44 7.568 0.201
37 45 8.095 0.285
37 46 5.195 0.268
37 47 9.946 0.179
37 48 6.205 0.267
37 49 5.518 0.303
38 39 6.58 0.202
38 40 8.6 0.544
38 41 8.131 0.235
38 42 7.239 0.402
38 43 7.993 0.198
38 44 6.891 0.218
38 45 6.33 0.223
38 46 6.025 0.338
38 47 7.99 0.167
38 48 9.111 0.401
38 49 4.66 0.185
39 40 7.567 0.212
39 41 6.951 0.322
39 42 8.74 0.35
39 43 8.306 0.094
39 44 7.585 0.255
39 45 7.11 0.331
39 46 7.686 0.233
39 47 6.93 0.4
39 48 9.729 0.424
39 49 9.625 0.87
40 41 6.28 0.266
40 42 7.774 0.15
40 43 8.374 0.272
40 44 7.613 0.253
40 45 6.833 0.294
40 46 7.435 0.252
40 47 8.314 0.562
40 48 7.251 0.362
40 49 6.367 0.256
41 42 8.754 0.277
41 43 9.997 0.498
41 44 8.929 0.131
41 45 7.732 0.259
41 46 8.312 1.111
41 47 7.941 0.534
41 48 7.106 0.32
41 49 6.38 0.221
42 43 9.506 0.246
42 44 7.722 0.205
42 45 8.142 0.298
42 46 7.25 0.269
42 47 8.507 0.38
42 48 7.926 0.746
42 49 7.467 0.196
43 44 7.305 0.298
43 45 8.661 0.102
43 46 6.471 0.2
43 47 7.749 0.107
43 48 8.617 0.275
43 49 8.018 0.953
44 45 8.339 0.211
44 46 7.606 0.471
44 47 7.925 0.255
44 48 8.515 0.155
44 49 6.192 0.335
45 46 8.936 0.206
45 47 7.654 0.135
45 48 7.621 0.208
45 49 5.655 0.125
46 47 8.354 0.507
46 48 8.895 0.204
46 49 9.185 0.253
47 48 6.938 0.341
47 49 7.804 0.199
48 49 7.873 0.191