50
90
0 1 0.038 4.605
0 2 0.071 19.742
0 3 0.076 1.04
0 4 0.071 0.033
0 5 0.086 2.979
0 6 0.091 10.507
0 7 0.066 7.093
0 8 0.094 20.183
0 9 0.094 12.41
0 10 0.088 10.145
0 11 0.091 18.272
0 12 0.095 6.99
0 13 0.079 15.426
0 14 0.087 0.116
0 15 0.022 17.079
0 16 0.05 0.801
0 17 0.099 19.932
0 18 0.095 3.294
0 19 0.064 0.122
0 20 0.089 11.953
0 21 0.092 0.116
0 22 0.027 17.405
0 23 0.088 14.496
0 24 0.05 15.844
0 25 0.024 12.707
0 26 0.031 3.861
0 27 0.052 0.002
0 28 0.083 0.212
0 29 0.022 5.99
0 30 0.056 16.599
0 31 0.048 12.916
0 32 0.062 15.66
0 33 0.022 16.943
0 34 0.054 0.033
0 35 0.054 7.328
0 36 0.095 2.662
0 37 0.015 0.011
0 38 0.082 11.212
0 39 0.019 0.055
0 40 0.008 16.557
0 41 0.097 14.219
0 42 0.026 0.397
0 43 0.093 18.302
0 44 0.099 5.541
0 45 0.065 0.09
0 46 0.083 1.027
0 47 0.036 0.248
0 48 0.059 16.6
0 49 0.055 0.013
1 2 0.048 13.181
1 3 0.056 2.481
1 4 0.099 20.191
1 5 0.091 5.899
1 6 0.098 4.991
1 7 0.002 16.765
1 8 0.052 1.441
1 9 0.097 3.539
1 10 0.093 9.27
1 11 0.093 13.57
1 12 0.093 2.461
1 13 0.026 18.787
1 14 0.057 6.26
1 15 0.038 0.427
1 16 0.002 1.973
1 17 0.099 14.379
1 18 0.089 10.684
1 19 0.022 18.15
1 20 0.086 18.145
1 21 0.042 6.185
1 22 0.022 3.028
1 23 0.091 11.753
1 24 0.027 0.619
1 25 0.088 1.417
1 26 0.059 2.096
1 27 0.024 14.799
1 28 0.041 15.929
1 29 0.003 9.533
1 30 0.022 8.985
1 31 0.089 2.949
1 32 0.066 0.046
1 33 0.084 0.388
1 34 0.084 15.287
1 35 0.053 0.005
1 36 0.096 13.414
1 37 0.067 7.806
1 38 0.023 0.416
1 39 0.045 16.857
1 40 0.012 0.18
1 41 0.09 13.189
1 42 0.021 18.076
1 43 0.095 10.695
1 44 0.095 2.124
1 45 0.077 1.43
1 46 0.089 0.32
1 47 0.076 20.183
1 48 0.025 0.363
1 49 0.089 19.707
2 3 0.065 16.032
2 4 0.0 8.483
2 5 0.087 2.68
2 6 0.099 18.595
2 7 0.099 10.781
2 8 0.037 4.044
2 9 0.092 10.964
2 10 0.091 14.845
2 11 0.094 10.85
2 12 0.095 18.156
2 13 0.059 14.543
2 14 0.075 16.271
2 15 0.005 17.886
2 16 0.014 13.263
2 17 0.09 2.294
2 18 0.095 10.125
2 19 0.096 1.84
2 20 0.088 16.974
2 21 0.041 17.282
2 22 0.004 17.011
2 23 0.091 20.447
2 24 0.005 6.57
2 25 0.068 7.496
2 26 0.006 27.086
2 27 0.07 8.655
2 28 0.072 6.244
2 29 0.021 27.42
2 30 0.041 19.69
2 31 0.083 11.911
2 32 0.034 4.843
2 33 0.073 7.948
2 34 0.028 18.904
2 35 0.002 15.914
2 36 0.096 14.868
2 37 0.029 16.912
2 38 0.001 10.687
2 39 0.074 2.629
2 40 0.0 1.426
2 41 0.093 10.02
2 42 0.018 16.781
2 43 0.091 1.93
2 44 0.094 6.55
2 45 0.064 18.657
2 46 0.028 8.409
2 47 0.005 17.536
2 48 0.07 2.857
2 49 0.097 9.371
3 4 0.072 13.097
3 5 0.087 18.742
3 6 0.096 4.366
3 7 0.019 12.316
3 8 0.089 13.9
3 9 0.096 8.892
3 10 0.093 11.39
3 11 0.088 10.526
3 12 0.09 0.746
3 13 0.017 24.072
3 14 0.042 11.197
3 15 0.056 15.54
3 16 0.044 2.074
3 17 0.097 2.226
3 18 0.095 19.635
3 19 0.023 19.016
3 20 0.097 1.384
3 21 0.042 11.459
3 22 0.067 17.974
3 23 0.096 14.074
3 24 0.09 6.065
3 25 0.062 22.77
3 26 0.053 13.258
3 27 0.09 13.408
3 28 0.032 14.868
3 29 0.065 17.553
3 30 0.062 11.999
3 31 0.074 15.88
3 32 0.038 4.95
3 33 0.02 2.698
3 34 0.062 18.964
3 35 0.091 8.937
3 36 0.096 17.105
3 37 0.018 12.145
3 38 0.072 2.758
3 39 0.066 18.106
3 40 0.03 17.28
3 41 0.097 2.078
3 42 0.06 11.089
3 43 0.089 4.59
3 44 0.095 16.836
3 45 0.082 9.552
3 46 0.052 2.291
3 47 0.002 6.106
3 48 0.04 12.585
3 49 0.097 3.148
4 5 0.094 8.925
4 6 0.086 1.073
4 7 0.023 2.402
4 8 0.014 18.277
4 9 0.098 19.171
4 10 0.095 8.278
4 11 0.093 8.995
4 12 0.086 15.843
4 13 0.039 18.083
4 14 0.178 0.01
4 15 0.099 11.09
4 16 0.089 0.201
4 17 0.094 3.391
4 18 0.098 3.099
4 19 0.081 0.012
4 20 0.097 1.174
4 21 0.079 0.037
4 22 0.026 7.12
4 23 0.093 18.062
4 24 0.02 2.495
4 25 0.022 13.033
4 26 0.061 6.722
4 27 0.036 0.036
4 28 0.07 0.016
4 29 0.009 3.272
4 30 0.079 16.054
4 31 0.094 4.989
4 32 0.051 9.586
4 33 0.004 17.723
4 34 0.039 0.217
4 35 0.037 13.815
4 36 0.092 20.537
4 37 0.088 0.011
4 38 0.076 3.235
4 39 0.086 0.069
4 40 0.081 2.768
4 41 0.099 16.201
4 42 0.006 0.213
4 43 0.086 12.537
4 44 0.087 1.425
4 45 0.064 0.072
4 46 0.051 1.853
4 47 0.069 0.279
4 48 0.096 8.487
4 49 0.055 0.006
5 6 6.447 0.274
5 7 0.094 15.132
5 8 0.096 5.638
5 9 28.355 0.03
5 10 63.066 0.17
5 11 24.113 0.03
5 12 19.79 0.006
5 13 0.088 16.985
5 14 0.094 11.23
5 15 0.086 20.311
5 16 0.096 4.81
5 17 13.33 0.156
5 18 12.139 0.121
5 19 0.093 9.533
5 20 7.012 0.132
5 21 0.094 10.008
5 22 0.089 19.308
5 23 0.203 0.475
5 24 0.09 8.58
5 25 0.098 5.462
5 26 0.095 17.83
5 27 0.09 13.123
5 28 0.09 9.684
5 29 0.086 13.245
5 30 0.098 20.384
5 31 0.09 1.361
5 32 0.095 7.241
5 33 0.097 2.185
5 34 0.096 8.258
5 35 0.089 6.758
5 36 51.358 0.271
5 37 0.086 3.519
5 38 0.098 16.036
5 39 0.094 8.926
5 40 0.097 3.126
5 41 5.396 0.29
5 42 0.096 16.704
5 43 7.831 0.061
5 44 69.34 0.11
5 45 0.095 4.739
5 46 0.087 5.151
5 47 0.094 15.569
5 48 0.091 5.75
5 49 0.086 14.945
6 7 0.091 17.995
6 8 0.087 8.032
6 9 39.664 0.353
6 10 12.165 0.051
6 11 70.851 0.042
6 12 51.498 0.188
6 13 0.088 4.899
6 14 0.093 8.3
6 15 0.099 1.443
6 16 0.095 5.53
6 17 37.677 0.033
6 18 2.079 0.082
6 19 0.096 5.614
6 20 38.684 0.107
6 21 0.093 16.274
6 22 0.099 2.306
6 23 0.456 0.184
6 24 0.092 7.468
6 25 0.086 5.757
6 26 0.096 13.181
6 27 0.098 18.229
6 28 0.086 12.011
6 29 0.091 14.217
6 30 0.095 0.848
6 31 0.087 19.873
6 32 0.087 1.225
6 33 0.087 9.599
6 34 0.098 10.073
6 35 0.091 13.016
6 36 45.295 0.141
6 37 0.089 6.325
6 38 0.099 3.444
6 39 0.093 17.483
6 40 0.092 3.956
6 41 4.169 0.603
6 42 0.094 8.187
6 43 32.689 0.065
6 44 40.962 0.192
6 45 0.099 19.726
6 46 0.091 3.984
6 47 0.099 15.804
6 48 0.099 11.372
6 49 0.09 2.527
7 8 0.022 15.209
7 9 0.098 2.069
7 10 0.089 7.368
7 11 0.089 7.056
7 12 0.096 19.12
7 13 0.011 2.555
7 14 0.09 5.085
7 15 0.051 14.079
7 16 0.082 2.564
7 17 0.09 18.406
7 18 0.095 20.355
7 19 0.003 10.387
7 20 0.098 19.68
7 21 0.053 3.276
7 22 0.02 12.751
7 23 0.092 3.177
7 24 0.085 10.959
7 25 0.067 11.201
7 26 0.097 4.455
7 27 0.052 13.089
7 28 0.094 1.033
7 29 0.061 0.435
7 30 0.082 21.541
7 31 0.014 21.548
7 32 0.082 16.424
7 33 0.062 5.263
7 34 0.094 14.686
7 35 0.067 16.899
7 36 0.092 1.808
7 37 0.062 12.934
7 38 0.04 20.384
7 39 0.082 0.923
7 40 0.053 18.82
7 41 0.092 14.467
7 42 0.001 19.802
7 43 0.098 17.648
7 44 0.096 11.426
7 45 0.008 5.216
7 46 0.007 11.416
7 47 0.065 2.564
7 48 0.089 15.148
7 49 0.033 8.081
8 9 0.087 6.225
8 10 0.088 0.937
8 11 0.096 4.04
8 12 0.095 3.905
8 13 0.061 16.733
8 14 0.003 1.26
8 15 0.029 11.618
8 16 0.051 14.435
8 17 0.096 1.343
8 18 0.086 9.732
8 19 0.067 20.436
8 20 0.088 20.471
8 21 0.07 5.84
8 22 0.026 15.276
8 23 0.095 10.371
8 24 0.064 3.467
8 25 0.003 0.459
8 26 0.099 10.89
8 27 0.089 18.776
8 28 0.058 14.008
8 29 0.062 23.024
8 30 0.094 21.21
8 31 0.094 12.593
8 32 0.038 5.199
8 33 0.033 20.127
8 34 0.081 4.1
8 35 0.085 1.922
8 36 0.088 6.995
8 37 0.045 6.837
8 38 0.044 3.796
8 39 0.022 16.198
8 40 0.039 5.505
8 41 0.092 6.558
8 42 0.095 17.317
8 43 0.088 16.808
8 44 0.088 2.143
8 45 0.046 6.388
8 46 0.018 9.629
8 47 0.071 11.337
8 48 0.027 12.197
8 49 0.003 9.354
9 10 72.315 0.046
9 11 20.086 0.03
9 12 40.493 0.026
9 13 0.095 18.383
9 14 0.095 10.928
9 15 0.088 5.644
9 16 0.089 17.2
9 17 30.446 0.09
9 18 68.088 0.186
9 19 0.09 5.671
9 20 50.435 0.014
9 21 0.098 15.632
9 22 0.095 7.77
9 23 0.086 0.159
9 24 0.09 4.726
9 25 0.096 14.231
9 26 0.096 6.33
9 27 0.089 14.331
9 28 0.09 11.585
9 29 0.089 10.949
9 30 0.089 6.309
9 31 0.088 1.714
9 32 0.086 6.918
9 33 0.09 4.811
9 34 0.096 3.539
9 35 0.094 6.531
9 36 44.876 0.002
9 37 0.095 17.753
9 38 0.096 5.859
9 39 0.096 14.557
9 40 0.088 14.117
9 41 1.254 0.09
9 42 0.099 4.009
9 43 38.517 0.337
9 44 18.647 0.181
9 45 0.091 15.548
9 46 0.09 16.056
9 47 0.099 3.176
9 48 0.09 17.539
9 49 0.098 13.507
10 11 7.572 0.044
10 12 13.113 0.321
10 13 0.094 11.392
10 14 0.098 15.839
10 15 0.096 11.142
10 16 0.088 1.583
10 17 45.182 0.097
10 18 35.343 0.074
10 19 0.089 13.745
10 20 71.617 0.023
10 21 0.093 14.903
10 22 0.094 7.566
10 23 0.275 0.281
10 24 0.087 8.347
10 25 0.095 9.436
10 26 0.096 18.326
10 27 0.096 10.276
10 28 0.094 6.852
10 29 0.088 17.988
10 30 0.091 1.223
10 31 0.09 9.331
10 32 0.094 17.148
10 33 0.089 7.301
10 34 0.091 3.584
10 35 0.096 4.396
10 36 35.197 0.081
10 37 0.089 1.651
10 38 0.089 0.863
10 39 0.098 15.608
10 40 0.087 15.269
10 41 10.26 0.145
10 42 0.094 15.743
10 43 15.814 0.404
10 44 56.077 0.155
10 45 0.095 13.037
10 46 0.097 9.871
10 47 0.09 5.495
10 48 0.099 6.406
10 49 0.095 10.763
11 12 15.369 0.136
11 13 0.095 20.177
11 14 0.09 5.357
11 15 0.096 14.687
11 16 0.097 13.445
11 17 45.184 0.065
11 18 47.614 0.201
11 19 0.088 6.341
11 20 40.75 0.136
11 21 0.086 1.746
11 22 0.09 7.21
11 23 0.807 0.094
11 24 0.096 9.471
11 25 0.088 4.601
11 26 0.09 2.903
11 27 0.093 4.549
11 28 0.096 18.632
11 29 0.093 7.448
11 30 0.092 0.62
11 31 0.088 15.991
11 32 0.092 12.853
11 33 0.092 10.529
11 34 0.086 19.295
11 35 0.086 14.215
11 36 70.631 0.255
11 37 0.099 17.167
11 38 0.088 10.799
11 39 0.095 3.481
11 40 0.088 16.344
11 41 16.355 0.214
11 42 0.087 14.744
11 43 10.827 0.048
11 44 45.546 0.006
11 45 0.096 5.614
11 46 0.098 7.29
11 47 0.098 18.971
11 48 0.093 10.302
11 49 0.09 6.426
12 13 0.093 6.701
12 14 0.095 12.515
12 15 0.089 0.807
12 16 0.09 7.497
12 17 37.976 0.072
12 18 57.236 0.087
12 19 0.093 12.579
12 20 54.421 0.026
12 21 0.098 19.807
12 22 0.093 2.974
12 23 0.325 0.126
12 24 0.097 16.504
12 25 0.091 16.25
12 26 0.089 9.02
12 27 0.09 1.571
12 28 0.093 8.123
12 29 0.091 10.783
12 30 0.092 17.562
12 31 0.098 20.019
12 32 0.095 19.014
12 33 0.092 8.96
12 34 0.095 9.736
12 35 0.091 16.827
12 36 42.01 0.053
12 37 0.088 8.861
12 38 0.091 5.676
12 39 0.091 7.013
12 40 0.087 15.749
12 41 13.198 0.146
12 42 0.093 4.282
12 43 9.165 0.356
12 44 22.189 0.054
12 45 0.099 19.401
12 46 0.088 20.13
12 47 0.096 7.709
12 48 0.096 9.379
12 49 0.095 9.089
13 14 0.047 18.489
13 15 0.043 9.222
13 16 0.062 9.854
13 17 0.089 0.662
13 18 0.098 0.783
13 19 0.0 11.607
13 20 0.09 6.516
13 21 0.07 3.034
13 22 0.087 8.808
13 23 0.092 12.084
13 24 0.074 7.36
13 25 0.026 26.672
13 26 0.009 2.809
13 27 0.093 10.144
13 28 0.035 11.254
13 29 0.085 0.802
13 30 0.075 24.395
13 31 0.024 10.974
13 32 0.059 2.717
13 33 0.014 10.279
13 34 0.034 15.803
13 35 0.092 5.12
13 36 0.086 5.2
13 37 0.02 8.061
13 38 0.025 12.973
13 39 0.0 20.435
13 40 0.053 14.734
13 41 0.098 11.578
13 42 0.068 1.827
13 43 0.087 5.052
13 44 0.097 18.13
13 45 0.045 20.249
13 46 0.022 12.945
13 47 0.075 7.13
13 48 0.09 3.489
13 49 0.051 12.668
14 15 0.027 16.44
14 16 0.125 0.0
14 17 0.094 3.786
14 18 0.089 1.385
14 19 0.194 0.101
14 20 0.087 7.402
14 21 0.064 0.092
14 22 0.061 20.359
14 23 0.089 9.513
14 24 0.002 11.449
14 25 0.096 10.998
14 26 0.08 11.141
14 27 0.008 0.03
14 28 0.004 0.171
14 29 0.076 15.215
14 30 0.052 19.909
14 31 0.045 8.64
14 32 0.076 13.079
14 33 0.036 15.1
14 34 0.273 0.013
14 35 0.061 6.309
14 36 0.086 1.478
14 37 0.082 0.084
14 38 0.036 14.161
14 39 0.019 0.236
14 40 0.03 16.9
14 41 0.097 10.294
14 42 0.045 0.034
14 43 0.086 6.205
14 44 0.087 20.067
14 45 0.095 0.078
14 46 0.033 20.568
14 47 0.015 0.167
14 48 0.086 6.743
14 49 0.0 0.259
15 16 0.066 2.515
15 17 0.097 16.267
15 18 0.098 7.301
15 19 0.084 3.199
15 20 0.089 8.495
15 21 0.086 19.803
15 22 0.094 7.406
15 23 0.097 3.845
15 24 0.051 0.094
15 25 0.062 18.416
15 26 0.058 2.207
15 27 0.01 5.825
15 28 0.064 6.688
15 29 0.032 15.704
15 30 0.083 12.494
15 31 0.063 6.552
15 32 0.003 0.855
15 33 0.046 0.219
15 34 0.051 16.006
15 35 0.098 0.019
15 36 0.086 5.391
15 37 0.064 11.442
15 38 0.03 0.457
15 39 0.036 9.738
15 40 0.08 1.28
15 41 0.099 12.478
15 42 0.013 12.833
15 43 0.099 7.776
15 44 0.088 5.669
15 45 0.036 10.729
15 46 0.042 0.06
15 47 0.055 12.827
15 48 0.059 0.074
15 49 0.003 11.636
16 17 0.088 0.967
16 18 0.087 11.844
16 19 0.05 0.008
16 20 0.099 14.259
16 21 0.058 0.247
16 22 0.063 1.569
16 23 0.091 18.722
16 24 0.021 1.001
16 25 0.077 16.048
16 26 0.024 4.121
16 27 0.062 0.008
16 28 0.024 0.045
16 29 0.039 11.132
16 30 0.04 5.97
16 31 0.046 20.719
16 32 0.035 1.209
16 33 0.094 15.106
16 34 0.076 0.022
16 35 0.086 4.048
16 36 0.088 1.802
16 37 0.065 0.06
16 38 0.066 16.282
16 39 0.08 0.178
16 40 0.049 16.167
16 41 0.099 5.569
16 42 0.081 0.124
16 43 0.096 16.531
16 44 0.099 18.693
16 45 0.064 0.015
16 46 0.059 1.399
16 47 0.005 0.105
16 48 0.012 16.243
16 49 0.089 0.06
17 18 55.118 0.138
17 19 0.099 4.959
17 20 30.063 0.034
17 21 0.087 12.261
17 22 0.095 12.469
17 23 0.099 0.098
17 24 0.095 7.256
17 25 0.094 1.96
17 26 0.086 14.537
17 27 0.087 6.511
17 28 0.098 9.821
17 29 0.098 17.489
17 30 0.093 1.487
17 31 0.086 5.44
17 32 0.088 1.34
17 33 0.099 20.031
17 34 0.088 12.727
17 35 0.09 5.422
17 36 31.62 0.009
17 37 0.094 10.917
17 38 0.093 10.578
17 39 0.094 16.801
17 40 0.093 4.002
17 41 0.744 0.135
17 42 0.088 17.794
17 43 40.987 0.04
17 44 23.755 0.317
17 45 0.093 0.84
17 46 0.096 6.05
17 47 0.094 19.609
17 48 0.086 4.718
17 49 0.092 1.409
18 19 0.094 9.21
18 20 57.152 0.026
18 21 0.089 19.423
18 22 0.099 19.567
18 23 0.098 0.093
18 24 0.097 2.067
18 25 0.091 20.25
18 26 0.096 9.152
18 27 0.088 19.108
18 28 0.09 17.717
18 29 0.098 6.232
18 30 0.088 17.777
18 31 0.098 19.998
18 32 0.091 8.312
18 33 0.087 17.223
18 34 0.086 16.735
18 35 0.093 1.532
18 36 27.123 0.105
18 37 0.095 10.504
18 38 0.095 5.954
18 39 0.089 17.355
18 40 0.091 14.797
18 41 1.232 0.055
18 42 0.097 6.206
18 43 53.558 0.082
18 44 73.408 0.05
18 45 0.088 5.235
18 46 0.088 19.131
18 47 0.092 18.947
18 48 0.092 3.474
18 49 0.095 18.092
19 20 0.087 11.331
19 21 0.027 0.051
19 22 0.038 4.062
19 23 0.097 1.924
19 24 0.093 18.096
19 25 0.064 13.155
19 26 0.095 8.57
19 27 0.058 0.193
19 28 0.055 0.026
19 29 0.089 10.006
19 30 0.068 13.681
19 31 0.073 9.975
19 32 0.051 8.651
19 33 0.061 3.514
19 34 0.021 0.116
19 35 0.043 17.011
19 36 0.096 7.159
19 37 0.026 0.006
19 38 0.062 1.682
19 39 0.038 0.057
19 40 0.073 1.647
19 41 0.095 9.201
19 42 0.049 0.013
19 43 0.093 1.794
19 44 0.089 1.204
19 45 0.097 0.184
19 46 0.089 14.778
19 47 0.025 0.118
19 48 0.007 14.902
19 49 0.085 0.087
20 21 0.095 6.425
20 22 0.094 2.882
20 23 0.364 0.001
20 24 0.092 1.841
20 25 0.094 17.124
20 26 0.091 12.632
20 27 0.098 2.993
20 28 0.088 7.492
20 29 0.094 18.445
20 30 0.087 11.982
20 31 0.096 7.305
20 32 0.096 9.699
20 33 0.099 19.162
20 34 0.088 4.068
20 35 0.091 8.374
20 36 6.344 0.026
20 37 0.089 19.873
20 38 0.095 20.397
20 39 0.093 16.283
20 40 0.09 6.219
20 41 36.286 0.021
20 42 0.09 5.442
20 43 19.311 0.056
20 44 44.953 0.331
20 45 0.088 17.183
20 46 0.086 14.638
20 47 0.095 18.287
20 48 0.095 5.957
20 49 0.092 19.011
21 22 0.088 1.486
21 23 0.096 13.998
21 24 0.016 4.64
21 25 0.094 12.53
21 26 0.015 15.234
21 27 0.042 0.074
21 28 0.053 0.11
21 29 0.024 10.315
21 30 0.0 20.089
21 31 0.0 6.411
21 32 0.034 14.74
21 33 0.069 13.0
21 34 0.01 0.151
21 35 0.008 18.617
21 36 0.098 7.804
21 37 0.029 0.049
21 38 0.074 9.578
21 39 0.043 0.0
21 40 0.067 14.782
21 41 0.086 14.313
21 42 0.089 0.183
21 43 0.097 13.463
21 44 0.092 2.59
21 45 0.075 0.325
21 46 0.069 15.77
21 47 0.055 0.061
21 48 0.077 20.447
21 49 0.037 0.048
22 23 0.096 8.004
22 24 0.015 13.166
22 25 0.069 12.079
22 26 0.048 18.267
22 27 0.002 16.886
22 28 0.032 5.881
22 29 0.097 11.198
22 30 0.09 13.722
22 31 0.062 11.999
22 32 0.054 15.708
22 33 0.019 2.734
22 34 0.006 2.753
22 35 0.056 18.111
22 36 0.086 5.227
22 37 0.092 11.081
22 38 0.031 9.844
22 39 0.035 4.855
22 40 0.089 10.837
22 41 0.087 11.83
22 42 0.036 1.873
22 43 0.089 4.711
22 44 0.099 13.768
22 45 0.09 3.966
22 46 0.094 9.887
22 47 0.02 3.236
22 48 0.027 5.139
22 49 0.006 3.306
23 24 0.092 14.891
23 25 0.091 5.472
23 26 0.091 10.854
23 27 0.098 8.94
23 28 0.093 18.406
23 29 0.088 14.505
23 30 0.095 13.542
23 31 0.089 11.58
23 32 0.099 10.791
23 33 0.097 16.005
23 34 0.091 0.905
23 35 0.094 6.076
23 36 0.101 0.439
23 37 0.097 5.014
23 38 0.091 11.479
23 39 0.092 13.816
23 40 0.098 5.339
23 41 43.395 0.174
23 42 0.098 15.505
23 43 0.115 0.139
23 44 0.248 0.074
23 45 0.094 12.492
23 46 0.088 17.376
23 47 0.098 16.322
23 48 0.09 15.361
23 49 0.091 14.982
24 25 0.073 1.337
24 26 0.085 18.164
24 27 0.069 1.918
24 28 0.01 14.151
24 29 0.09 17.037
24 30 0.087 15.859
24 31 0.092 15.316
24 32 0.056 0.062
24 33 0.037 0.192
24 34 0.064 2.621
24 35 0.024 0.044
24 36 0.098 16.807
24 37 0.016 13.051
24 38 0.058 0.222
24 39 0.013 15.84
24 40 0.08 0.033
24 41 0.088 7.884
24 42 0.097 3.339
24 43 0.086 10.22
24 44 0.098 6.799
24 45 0.043 1.31
24 46 0.075 0.547
24 47 0.016 13.6
24 48 0.006 0.285
24 49 0.01 3.661
25 26 0.004 12.717
25 27 0.045 5.896
25 28 0.093 17.212
25 29 0.026 20.083
25 30 0.094 27.121
25 31 0.095 17.733
25 32 0.06 10.999
25 33 0.09 1.284
25 34 0.018 13.314
25 35 0.094 8.556
25 36 0.093 12.13
25 37 0.022 9.549
25 38 0.023 3.452
25 39 0.029 10.592
25 40 0.07 15.878
25 41 0.096 8.17
25 42 0.026 16.976
25 43 0.091 19.834
25 44 0.099 14.823
25 45 0.078 1.023
25 46 0.016 5.647
25 47 0.024 5.476
25 48 0.052 17.082
25 49 0.028 18.436
26 27 0.085 2.777
26 28 0.076 2.164
26 29 0.038 0.941
26 30 0.039 16.647
26 31 0.052 10.455
26 32 0.008 14.913
26 33 0.032 5.104
26 34 0.083 5.724
26 35 0.076 4.823
26 36 0.097 16.592
26 37 0.042 8.836
26 38 0.027 8.416
26 39 0.075 15.379
26 40 0.055 11.567
26 41 0.093 15.252
26 42 0.014 18.397
26 43 0.09 13.24
26 44 0.089 5.183
26 45 0.064 0.946
26 46 0.074 13.528
26 47 0.02 3.65
26 48 0.097 14.158
26 49 0.099 9.174
27 28 0.083 0.278
27 29 0.017 5.608
27 30 0.002 17.377
27 31 0.078 3.866
27 32 0.05 15.157
27 33 0.097 4.418
27 34 0.017 0.232
27 35 0.033 7.643
27 36 0.092 7.103
27 37 0.087 0.0
27 38 0.028 7.081
27 39 0.018 0.136
27 40 0.075 10.62
27 41 0.09 1.768
27 42 0.016 0.215
27 43 0.091 14.787
27 44 0.094 18.862
27 45 0.045 0.259
27 46 0.085 7.425
27 47 0.006 0.087
27 48 0.029 8.382
27 49 0.056 0.001
28 29 0.02 3.616
28 30 0.014 3.555
28 31 0.099 20.22
28 32 0.011 10.307
28 33 0.04 16.0
28 34 0.051 0.392
28 35 0.072 14.105
28 36 0.092 14.544
28 37 0.029 0.126
28 38 0.09 15.096
28 39 0.087 0.191
28 40 0.01 7.321
28 41 0.093 12.718
28 42 0.092 0.038
28 43 0.092 15.996
28 44 0.092 18.114
28 45 0.059 0.215
28 46 0.059 1.045
28 47 0.069 0.176
28 48 0.068 14.724
28 49 0.002 0.019
29 30 0.095 6.83
29 31 0.097 15.694
29 32 0.051 8.416
29 33 0.05 19.088
29 34 0.047 2.393
29 35 0.09 5.05
29 36 0.099 11.998
29 37 0.091 5.42
29 38 0.097 8.715
29 39 0.049 5.683
29 40 0.01 7.182
29 41 0.095 18.18
29 42 0.008 18.307
29 43 0.091 18.412
29 44 0.097 10.701
29 45 0.09 6.071
29 46 0.039 15.345
29 47 0.077 17.535
29 48 0.072 7.446
29 49 0.072 8.973
30 31 0.074 29.4
30 32 0.01 19.316
30 33 0.042 4.631
30 34 0.067 5.129
30 35 0.019 14.894
30 36 0.096 14.81
30 37 0.082 7.044
30 38 0.045 11.203
30 39 0.043 17.831
30 40 0.01 13.453
30 41 0.09 18.395
30 42 0.054 12.941
30 43 0.09 15.554
30 44 0.086 3.101
30 45 0.096 4.436
30 46 0.089 20.225
30 47 0.087 10.659
30 48 0.094 16.082
30 49 0.009 2.004
31 32 0.038 4.348
31 33 0.061 7.127
31 34 0.086 17.663
31 35 0.038 4.584
31 36 0.099 3.121
31 37 0.089 17.759
31 38 0.035 18.062
31 39 0.048 19.086
31 40 0.042 2.06
31 41 0.094 3.488
31 42 0.024 14.725
31 43 0.095 6.507
31 44 0.086 5.077
31 45 0.056 18.838
31 46 0.059 9.186
31 47 0.03 18.068
31 48 0.002 10.22
31 49 0.055 6.322
32 33 0.062 0.092
32 34 0.013 8.178
32 35 0.07 0.014
32 36 0.097 19.882
32 37 0.099 17.024
32 38 0.019 0.911
32 39 0.057 13.609
32 40 0.098 0.028
32 41 0.092 8.91
32 42 0.099 5.075
32 43 0.096 19.019
32 44 0.099 12.884
32 45 0.047 12.61
32 46 0.003 0.388
32 47 0.08 20.305
32 48 0.06 0.049
32 49 0.046 13.32
33 34 0.063 18.501
33 35 0.02 0.006
33 36 0.091 3.848
33 37 0.091 5.959
33 38 0.013 0.068
33 39 0.005 5.99
33 40 0.096 0.035
33 41 0.086 3.637
33 42 0.04 2.153
33 43 0.087 6.694
33 44 0.091 16.238
33 45 0.03 15.637
33 46 0.049 0.087
33 47 0.012 5.54
33 48 0.024 0.113
33 49 0.064 9.435
34 35 0.084 7.83
34 36 0.089 15.947
34 37 0.085 0.156
34 38 0.022 3.996
34 39 0.055 0.041
34 40 0.052 12.914
34 41 0.092 13.92
34 42 0.045 0.012
34 43 0.087 3.474
34 44 0.095 3.905
34 45 0.069 0.027
34 46 0.036 5.14
34 47 0.05 0.114
34 48 0.074 16.175
34 49 0.05 0.011
35 36 0.09 4.689
35 37 0.003 15.979
35 38 0.017 0.069
35 39 0.057 10.96
35 40 0.0 0.127
35 41 0.087 19.694
35 42 0.022 7.733
35 43 0.09 18.227
35 44 0.097 1.39
35 45 0.066 15.917
35 46 0.07 0.043
35 47 0.065 18.847
35 48 0.039 0.065
35 49 0.082 17.879
36 37 0.087 17.355
36 38 0.093 12.471
36 39 0.086 1.538
36 40 0.088 10.419
36 41 1.938 0.048
36 42 0.087 5.687
36 43 31.189 0.019
36 44 29.546 0.123
36 45 0.087 3.476
36 46 0.098 10.14
36 47 0.091 16.308
36 48 0.092 16.537
36 49 0.096 16.09
37 38 0.063 3.2
37 39 0.062 0.211
37 40 0.097 8.204
37 41 0.097 3.876
37 42 0.052 0.292
37 43 0.09 18.687
37 44 0.096 4.244
37 45 0.01 0.102
37 46 0.021 11.145
37 47 0.045 0.082
37 48 0.028 14.636
37 49 0.024 0.148
38 39 0.061 1.169
38 40 0.092 0.136
38 41 0.099 7.458
38 42 0.096 9.398
38 43 0.087 14.139
38 44 0.092 10.863
38 45 0.073 17.584
38 46 0.04 1.162
38 47 0.088 19.378
38 48 0.089 0.375
38 49 0.094 3.128
39 40 0.049 7.345
39 41 0.092 4.57
39 42 0.063 0.019
39 43 0.088 8.081
39 44 0.098 12.599
39 45 0.063 0.019
39 46 0.015 4.881
39 47 0.034 0.128
39 48 0.094 18.606
39 49 0.008 0.436
40 41 0.096 8.755
40 42 0.034 1.76
40 43 0.088 1.822
40 44 0.088 15.688
40 45 0.003 17.933
40 46 0.087 0.353
40 47 0.039 9.515
40 48 0.096 0.084
40 49 0.026 2.603
41 42 0.089 5.16
41 43 1.549 0.098
41 44 10.115 0.027
41 45 0.096 1.804
41 46 0.089 4.725
41 47 0.093 14.85
41 48 0.088 2.66
41 49 0.087 12.1
42 43 0.096 15.749
42 44 0.095 15.997
42 45 0.089 0.034
42 46 0.071 5.669
42 47 0.013 0.128
42 48 0.082 16.896
42 49 0.035 0.077
43 44 27.677 0.169
43 45 0.095 10.644
43 46 0.093 16.693
43 47 0.095 2.584
43 48 0.098 14.187
43 49 0.091 11.674
44 45 0.088 1.9
44 46 0.094 4.42
44 47 0.088 11.683
44 48 0.094 12.214
44 49 0.087 11.141
45 46 0.013 14.511
45 47 0.083 0.003
45 48 0.008 13.017
45 49 0.094 0.111
46 47 0.086 12.668
46 48 0.037 0.566
46 49 0.025 4.51
47 48 0.049 17.121
47 49 0.012 0.015
48 49 0.086 20.576