50
68.000
0 1 0.200 0.800
0 2 3.400 2.800
0 3 1.000 1.000
0 4 1.000 1.000
0 5 0.200 0.800
0 6 1.000 1.000
0 7 3.400 2.800
0 8 1.000 1.000
0 9 1.000 1.000
0 10 0.200 0.800
0 11 0.200 0.800
0 12 3.400 2.800
0 13 1.000 1.000
0 14 1.000 1.000
0 15 0.200 0.800
0 16 1.000 1.000
0 17 3.400 2.800
0 18 1.000 1.000
0 19 1.000 1.000
0 20 0.200 0.800
0 21 0.200 0.800
0 22 3.400 2.800
0 23 1.000 1.000
0 24 1.000 1.000
0 25 0.200 0.800
0 26 1.000 1.000
0 27 3.400 2.800
0 28 1.000 1.000
0 29 1.000 1.000
0 30 0.200 0.800
0 31 0.200 0.800
0 32 3.400 2.800
0 33 1.000 1.000
0 34 1.000 1.000
0 35 0.200 0.800
0 36 1.000 1.000
0 37 3.400 2.800
0 38 1.000 1.000
0 39 1.000 1.000
0 40 0.200 0.800
0 41 0.200 0.800
0 42 3.400 2.800
0 43 1.000 1.000
0 44 1.000 1.000
0 45 0.200 0.800
0 46 1.000 1.000
0 47 3.400 2.800
0 48 1.000 1.000
0 49 1.000 1.000
1 2 3.000 3.000
1 3 0.200 0.800
1 4 0.200 0.800
1 5 0.200 0.800
1 6 0.200 0.800
1 7 3.000 3.000
1 8 0.200 0.800
1 9 0.200 0.800
1 10 0.200 0.800
1 11 0.200 0.800
1 12 3.000 3.000
1 13 0.200 0.800
1 14 0.200 0.800
1 15 0.200 0.800
1 16 0.200 0.800
1 17 3.000 3.000
1 18 0.200 0.800
1 19 0.200 0.800
1 20 0.200 0.800
1 21 0.200 0.800
1 22 3.000 3.000
1 23 0.200 0.800
1 24 0.200 0.800
1 25 0.200 0.800
1 26 0.200 0.800
1 27 3.000 3.000
1 28 0.200 0.800
1 29 0.200 0.800
1 30 0.200 0.800
1 31 0.200 0.800
1 32 3.000 3.000
1 33 0.200 0.800
1 34 0.200 0.800
1 35 0.200 0.800
1 36 0.200 0.800
1 37 3.000 3.000
1 38 0.200 0.800
1 39 0.200 0.800
1 40 0.200 0.800
1 41 0.200 0.800
1 42 3.000 3.000
1 43 0.200 0.800
1 44 0.200 0.800
1 45 0.200 0.800
1 46 0.200 0.800
1 47 3.000 3.000
1 48 0.200 0.800
1 49 0.200 0.800
2 3 3.400 2.800
2 4 3.400 2.800
2 5 3.000 3.000
2 6 3.400 2.800
2 7 3.400 2.800
2 8 3.400 2.800
2 9 3.400 2.800
2 10 3.400 2.800
2 11 3.000 3.000
2 12 3.400 2.800
2 13 3.400 2.800
2 14 3.400 2.800
2 15 3.000 3.000
2 16 3.400 2.800
2 17 3.400 2.800
2 18 3.400 2.800
2 19 3.400 2.800
2 20 3.400 2.800
2 21 3.000 3.000
2 22 3.400 2.800
2 23 3.400 2.800
2 24 3.400 2.800
2 25 3.000 3.000
2 26 3.400 2.800
2 27 3.400 2.800
2 28 3.400 2.800
2 29 3.400 2.800
2 30 3.400 2.800
2 31 3.000 3.000
2 32 3.400 2.800
2 33 3.400 2.800
2 34 3.400 2.800
2 35 3.000 3.000
2 36 3.400 2.800
2 37 3.400 2.800
2 38 3.400 2.800
2 39 3.400 2.800
2 40 3.400 2.800
2 41 3.000 3.000
2 42 3.400 2.800
2 43 3.400 2.800
2 44 3.400 2.800
2 45 3.000 3.000
2 46 3.400 2.800
2 47 3.400 2.800
2 48 3.400 2.800
2 49 3.400 2.800
3 4 1.000 1.000
3 5 0.200 0.800
3 6 1.000 1.000
3 7 3.400 2.800
3 8 1.000 1.000
3 9 1.000 1.000
3 10 0.200 0.800
3 11 0.200 0.800
3 12 3.400 2.800
3 13 1.000 1.000
3 14 1.000 1.000
3 15 0.200 0.800
3 16 1.000 1.000
3 17 3.400 2.800
3 18 1.000 1.000
3 19 1.000 1.000
3 20 0.200 0.800
3 21 0.200 0.800
3 22 3.400 2.800
3 23 1.000 1.000
3 24 1.000 1.000
3 25 0.200 0.800
3 26 1.000 1.000
3 27 3.400 2.800
3 28 1.000 1.000
3 29 1.000 1.000
3 30 0.200 0.800
3 31 0.200 0.800
3 32 3.400 2.800
3 33 1.000 1.000
3 34 1.000 1.000
3 35 0.200 0.800
3 36 1.000 1.000
3 37 3.400 2.800
3 38 1.000 1.000
3 39 1.000 1.000
3 40 0.200 0.800
3 41 0.200 0.800
3 42 3.400 2.800
3 43 1.000 1.000
3 44 1.000 1.000
3 45 0.200 0.800
3 46 1.000 1.000
3 47 3.400 2.800
3 48 1.000 1.000
3 49 1.000 1.000
4 5 0.200 0.800
4 6 1.000 1.000
4 7 3.400 2.800
4 8 1.000 1.000
4 9 1.000 1.000
4 10 0.200 0.800
4 11 0.200 0.800
4 12 3.400 2.800
4 13 1.000 1.000
4 14 1.000 1.000
4 15 0.200 0.800
4 16 1.000 1.000
4 17 3.400 2.800
4 18 1.000 1.000
4 19 1.000 1.000
4 20 0.200 0.800
4 21 0.200 0.800
4 22 3.400 2.800
4 23 1.000 1.000
4 24 1.000 1.000
4 25 0.200 0.800
4 26 1.000 1.000
4 27 3.400 2.800
4 28 1.000 1.000
4 29 1.000 1.000
4 30 0.200 0.800
4 31 0.200 0.800
4 32 3.400 2.800
4 33 1.000 1.000
4 34 1.000 1.000
4 35 0.200 0.800
4 36 1.000 1.000
4 37 3.400 2.800
4 38 1.000 1.000
4 39 1.000 1.000
4 40 0.200 0.800
4 41 0.200 0.800
4 42 3.400 2.800
4 43 1.000 1.000
4 44 1.000 1.000
4 45 0.200 0.800
4 46 1.000 1.000
4 47 3.400 2.800
4 48 1.000 1.000
4 49 1.000 1.000
5 6 0.200 0.800
5 7 3.000 3.000
5 8 0.200 0.800
5 9 0.200 0.800
5 10 0.200 0.800
5 11 0.200 0.800
5 12 3.000 3.000
5 13 0.200 0.800
5 14 0.200 0.800
5 15 0.200 0.800
5 16 0.200 0.800
5 17 3.000 3.000
5 18 0.200 0.800
5 19 0.200 0.800
5 20 0.200 0.800
5 21 0.200 0.800
5 22 3.000 3.000
5 23 0.200 0.800
5 24 0.200 0.800
5 25 0.200 0.800
5 26 0.200 0.800
5 27 3.000 3.000
5 28 0.200 0.800
5 29 0.200 0.800
5 30 0.200 0.800
5 31 0.200 0.800
5 32 3.000 3.000
5 33 0.200 0.800
5 34 0.200 0.800
5 35 0.200 0.800
5 36 0.200 0.800
5 37 3.000 3.000
5 38 0.200 0.800
5 39 0.200 0.800
5 40 0.200 0.800
5 41 0.200 0.800
5 42 3.000 3.000
5 43 0.200 0.800
5 44 0.200 0.800
5 45 0.200 0.800
5 46 0.200 0.800
5 47 3.000 3.000
5 48 0.200 0.800
5 49 0.200 0.800
6 7 3.400 2.800
6 8 1.000 1.000
6 9 1.000 1.000
6 10 0.200 0.800
6 11 0.200 0.800
6 12 3.400 2.800
6 13 1.000 1.000
6 14 1.000 1.000
6 15 0.200 0.800
6 16 1.000 1.000
6 17 3.400 2.800
6 18 1.000 1.000
6 19 1.000 1.000
6 20 0.200 0.800
6 21 0.200 0.800
6 22 3.400 2.800
6 23 1.000 1.000
6 24 1.000 1.000
6 25 0.200 0.800
6 26 1.000 1.000
6 27 3.400 2.800
6 28 1.000 1.000
6 29 1.000 1.000
6 30 0.200 0.800
6 31 0.200 0.800
6 32 3.400 2.800
6 33 1.000 1.000
6 34 1.000 1.000
6 35 0.200 0.800
6 36 1.000 1.000
6 37 3.400 2.800
6 38 1.000 1.000
6 39 1.000 1.000
6 40 0.200 0.800
6 41 0.200 0.800
6 42 3.400 2.800
6 43 1.000 1.000
6 44 1.000 1.000
6 45 0.200 0.800
6 46 1.000 1.000
6 47 3.400 2.800
6 48 1.000 1.000
6 49 1.000 1.000
7 8 0.200 0.800
7 9 0.200 0.800
7 10 3.400 2.800
7 11 3.000 3.000
7 12 3.400 2.800
7 13 3.400 2.800
7 14 3.400 2.800
7 15 3.000 3.000
7 16 3.400 2.800
7 17 3.400 2.800
7 18 3.400 2.800
7 19 3.400 2.800
7 20 3.400 2.800
7 21 3.000 3.000
7 22 3.400 2.800
7 23 3.400 2.800
7 24 3.400 2.800
7 25 3.000 3.000
7 26 3.400 2.800
7 27 3.400 2.800
7 28 3.400 2.800
7 29 3.400 2.800
7 30 3.400 2.800
7 31 3.000 3.000
7 32 3.400 2.800
7 33 3.400 2.800
7 34 3.400 2.800
7 35 3.000 3.000
7 36 3.400 2.800
7 37 3.400 2.800
7 38 3.400 2.800
7 39 3.400 2.800
7 40 3.400 2.800
7 41 3.000 3.000
7 42 3.400 2.800
7 43 3.400 2.800
7 44 3.400 2.800
7 45 3.000 3.000
7 46 3.400 2.800
7 47 3.400 2.800
7 48 3.400 2.800
7 49 3.400 2.800
8 9 1.000 1.000
8 10 0.200 0.800
8 11 0.200 0.800
8 12 3.400 2.800
8 13 1.000 1.000
8 14 1.000 1.000
8 15 0.200 0.800
8 16 1.000 1.000
8 17 3.400 2.800
8 18 1.000 1.000
8 19 1.000 1.000
8 20 0.200 0.800
8 21 0.200 0.800
8 22 3.400 2.800
8 23 1.000 1.000
8 24 1.000 1.000
8 25 0.200 0.800
8 26 1.000 1.000
8 27 3.400 2.800
8 28 1.000 1.000
8 29 1.000 1.000
8 30 0.200 0.800
8 31 0.200 0.800
8 32 3.400 2.800
8 33 1.000 1.000
8 34 1.000 1.000
8 35 0.200 0.800
8 36 1.000 1.000
8 37 3.400 2.800
8 38 1.000 1.000
8 39 1.000 1.000
8 40 0.200 0.800
8 41 0.200 0.800
8 42 3.400 2.800
8 43 1.000 1.000
8 44 1.000 1.000
8 45 0.200 0.800
8 46 1.000 1.000
8 47 3.400 2.800
8 48 1.000 1.000
8 49 1.000 1.000
9 10 0.200 0.800
9 11 0.200 0.800
9 12 3.400 2.800
9 13 1.000 1.000
9 14 1.000 1.000
9 15 0.200 0.800
9 16 1.000 1.000
9 17 3.400 2.800
9 18 1.000 1.000
9 19 1.000 1.000
9 20 0.200 0.800
9 21 0.200 0.800
9 22 3.400 2.800
9 23 1.000 1.000
9 24 1.000 1.000
9 25 0.200 0.800
9 26 1.000 1.000
9 27 3.400 2.800
9 28 1.000 1.000
9 29 1.000 1.000
9 30 0.200 0.800
9 31 0.200 0.800
9 32 3.400 2.800
9 33 1.000 1.000
9 34 1.000 1.000
9 35 0.200 0.800
9 36 1.000 1.000
9 37 3.400 2.800
9 38 1.000 1.000
9 39 1.000 1.000
9 40 0.200 0.800
9 41 0.200 0.800
9 42 3.400 2.800
9 43 1.000 1.000
9 44 1.000 1.000
9 45 0.200 0.800
9 46 1.000 1.000
9 47 3.400 2.800
9 48 1.000 1.000
9 49 1.000 1.000
10 11 0.200 0.800
10 12 3.400 2.800
10 13 1.000 1.000
10 14 1.000 1.000
10 15 0.200 0.800
10 16 1.000 1.000
10 17 3.400 2.800
10 18 1.000 1.000
10 19 1.000 1.000
10 20 0.200 0.800
10 21 0.200 0.800
10 22 3.400 2.800
10 23 1.000 1.000
10 24 1.000 1.000
10 25 0.200 0.800
10 26 1.000 1.000
10 27 3.400 2.800
10 28 1.000 1.000
10 29 1.000 1.000
10 30 0.200 0.800
10 31 0.200 0.800
10 32 3.400 2.800
10 33 1.000 1.000
10 34 1.000 1.000
10 35 0.200 0.800
10 36 1.000 1.000
10 37 3.400 2.800
10 38 1.000 1.000
10 39 1.000 1.000
10 40 0.200 0.800
10 41 0.200 0.800
10 42 3.400 2.800
10 43 1.000 1.000
10 44 1.000 1.000
10 45 0.200 0.800
10 46 1.000 1.000
10 47 3.400 2.800
10 48 1.000 1.000
10 49 1.000 1.000
11 12 3.000 3.000
11 13 0.200 0.800
11 14 0.200 0.800
11 15 0.200 0.800
11 16 0.200 0.800
11 17 3.000 3.000
11 18 0.200 0.800
11 19 0.200 0.800
11 20 0.200 0.800
11 21 0.200 0.800
11 22 3.000 3.000
11 23 0.200 0.800
11 24 0.200 0.800
11 25 0.200 0.800
11 26 0.200 0.800
11 27 3.000 3.000
11 28 0.200 0.800
11 29 0.200 0.800
11 30 0.200 0.800
11 31 0.200 0.800
11 32 3.000 3.000
11 33 0.200 0.800
11 34 0.200 0.800
11 35 0.200 0.800
11 36 0.200 0.800
11 37 3.000 3.000
11 38 0.200 0.800
11 39 0.200 0.800
11 40 0.200 0.800
11 41 0.200 0.800
11 42 3.000 3.000
11 43 0.200 0.800
11 44 0.200 0.800
11 45 0.200 0.800
11 46 0.200 0.800
11 47 3.000 3.000
11 48 0.200 0.800
11 49 0.200 0.800
12 13 3.400 2.800
12 14 3.400 2.800
12 15 3.000 3.000
12 16 3.400 2.800
12 17 3.400 2.800
12 18 3.400 2.800
12 19 3.400 2.800
12 20 3.400 2.800
12 21 3.000 3.000
12 22 3.400 2.800
12 23 3.400 2.800
12 24 3.400 2.800
12 25 3.000 3.000
12 26 3.400 2.800
12 27 3.400 2.800
12 28 3.400 2.800
12 29 3.400 2.800
12 30 3.400 2.800
12 31 3.000 3.000
12 32 3.400 2.800
12 33 3.400 2.800
12 34 3.400 2.800
12 35 3.000 3.000
12 36 3.400 2.800
12 37 3.400 2.800
12 38 3.400 2.800
12 39 3.400 2.800
12 40 3.400 2.800
12 41 3.000 3.000
12 42 3.400 2.800
12 43 3.400 2.800
12 44 3.400 2.800
12 45 3.000 3.000
12 46 3.400 2.800
12 47 3.400 2.800
12 48 3.400 2.800
12 49 3.400 2.800
13 14 1.000 1.000
13 15 0.200 0.800
13 16 1.000 1.000
13 17 3.400 2.800
13 18 1.000 1.000
13 19 1.000 1.000
13 20 0.200 0.800
13 21 0.200 0.800
13 22 3.400 2.800
13 23 1.000 1.000
13 24 1.000 1.000
13 25 0.200 0.800
13 26 1.000 1.000
13 27 3.400 2.800
13 28 1.000 1.000
13 29 1.000 1.000
13 30 0.200 0.800
13 31 0.200 0.800
13 32 3.400 2.800
13 33 1.000 1.000
13 34 1.000 1.000
13 35 0.200 0.800
13 36 1.000 1.000
13 37 3.400 2.800
13 38 1.000 1.000
13 39 1.000 1.000
13 40 0.200 0.800
13 41 0.200 0.800
13 42 3.400 2.800
13 43 1.000 1.000
13 44 1.000 1.000
13 45 0.200 0.800
13 46 1.000 1.000
13 47 3.400 2.800
13 48 1.000 1.000
13 49 1.000 1.000
14 15 0.200 0.800
14 16 1.000 1.000
14 17 3.400 2.800
14 18 1.000 1.000
14 19 1.000 1.000
14 20 0.200 0.800
14 21 0.200 0.800
14 22 3.400 2.800
14 23 1.000 1.000
14 24 1.000 1.000
14 25 0.200 0.800
14 26 1.000 1.000
14 27 3.400 2.800
14 28 1.000 1.000
14 29 1.000 1.000
14 30 0.200 0.800
14 31 0.200 0.800
14 32 3.400 2.800
14 33 1.000 1.000
14 34 1.000 1.000
14 35 0.200 0.800
14 36 1.000 1.000
14 37 3.400 2.800
14 38 1.000 1.000
14 39 1.000 1.000
14 40 0.200 0.800
14 41 0.200 0.800
14 42 3.400 2.800
14 43 1.000 1.000
14 44 1.000 1.000
14 45 0.200 0.800
14 46 1.000 1.000
14 47 3.400 2.800
14 48 1.000 1.000
14 49 1.000 1.000
15 16 0.200 0.800
15 17 3.000 3.000
15 18 0.200 0.800
15 19 0.200 0.800
15 20 0.200 0.800
15 21 0.200 0.800
15 22 3.000 3.000
15 23 0.200 0.800
15 24 0.200 0.800
15 25 0.200 0.800
15 26 0.200 0.800
15 27 3.000 3.000
15 28 0.200 0.800
15 29 0.200 0.800
15 30 0.200 0.800
15 31 0.200 0.800
15 32 3.000 3.000
15 33 0.200 0.800
15 34 0.200 0.800
15 35 0.200 0.800
15 36 0.200 0.800
15 37 3.000 3.000
15 38 0.200 0.800
15 39 0.200 0.800
15 40 0.200 0.800
15 41 0.200 0.800
15 42 3.000 3.000
15 43 0.200 0.800
15 44 0.200 0.800
15 45 0.200 0.800
15 46 0.200 0.800
15 47 3.000 3.000
15 48 0.200 0.800
15 49 0.200 0.800
16 17 3.400 2.800
16 18 1.000 1.000
16 19 1.000 1.000
16 20 0.200 0.800
16 21 0.200 0.800
16 22 3.400 2.800
16 23 1.000 1.000
16 24 1.000 1.000
16 25 0.200 0.800
16 26 1.000 1.000
16 27 3.400 2.800
16 28 1.000 1.000
16 29 1.000 1.000
16 30 0.200 0.800
16 31 0.200 0.800
16 32 3.400 2.800
16 33 1.000 1.000
16 34 1.000 1.000
16 35 0.200 0.800
16 36 1.000 1.000
16 37 3.400 2.800
16 38 1.000 1.000
16 39 1.000 1.000
16 40 0.200 0.800
16 41 0.200 0.800
16 42 3.400 2.800
16 43 1.000 1.000
16 44 1.000 1.000
16 45 0.200 0.800
16 46 1.000 1.000
16 47 3.400 2.800
16 48 1.000 1.000
16 49 1.000 1.000
17 18 3.400 2.800
17 19 3.400 2.800
17 20 3.400 2.800
17 21 3.000 3.000
17 22 3.400 2.800
17 23 3.400 2.800
17 24 3.400 2.800
17 25 3.000 3.000
17 26 3.400 2.800
17 27 3.400 2.800
17 28 3.400 2.800
17 29 3.400 2.800
17 30 3.400 2.800
17 31 3.000 3.000
17 32 3.400 2.800
17 33 3.400 2.800
17 34 3.400 2.800
17 35 3.000 3.000
17 36 3.400 2.800
17 37 3.400 2.800
17 38 3.400 2.800
17 39 3.400 2.800
17 40 3.400 2.800
17 41 3.000 3.000
17 42 3.400 2.800
17 43 3.400 2.800
17 44 3.400 2.800
17 45 3.000 3.000
17 46 3.400 2.800
17 47 3.400 2.800
17 48 3.400 2.800
17 49 3.400 2.800
18 19 1.000 1.000
18 20 0.200 0.800
18 21 0.200 0.800
18 22 3.400 2.800
18 23 1.000 1.000
18 24 1.000 1.000
18 25 0.200 0.800
18 26 1.000 1.000
18 27 3.400 2.800
18 28 1.000 1.000
18 29 1.000 1.000
18 30 0.200 0.800
18 31 0.200 0.800
18 32 3.400 2.800
18 33 1.000 1.000
18 34 1.000 1.000
18 35 0.200 0.800
18 36 1.000 1.000
18 37 3.400 2.800
18 38 1.000 1.000
18 39 1.000 1.000
18 40 0.200 0.800
18 41 0.200 0.800
18 42 3.400 2.800
18 43 1.000 1.000
18 44 1.000 1.000
18 45 0.200 0.800
18 46 1.000 1.000
18 47 3.400 2.800
18 48 1.000 1.000
18 49 1.000 1.000
19 20 0.200 0.800
19 21 0.200 0.800
19 22 3.400 2.800
19 23 1.000 1.000
19 24 1.000 1.000
19 25 0.200 0.800
19 26 1.000 1.000
19 27 3.400 2.800
19 28 1.000 1.000
19 29 1.000 1.000
19 30 0.200 0.800
19 31 0.200 0.800
19 32 3.400 2.800
19 33 1.000 1.000
19 34 1.000 1.000
19 35 0.200 0.800
19 36 1.000 1.000
19 37 3.400 2.800
19 38 1.000 1.000
19 39 1.000 1.000
19 40 0.200 0.800
19 41 0.200 0.800
19 42 3.400 2.800
19 43 1.000 1.000
19 44 1.000 1.000
19 45 0.200 0.800
19 46 1.000 1.000
19 47 3.400 2.800
19 48 1.000 1.000
19 49 1.000 1.000
20 21 0.200 0.800
20 22 3.400 2.800
20 23 1.000 1.000
20 24 1.000 1.000
20 25 0.200 0.800
20 26 1.000 1.000
20 27 3.400 2.800
20 28 1.000 1.000
20 29 1.000 1.000
20 30 0.200 0.800
20 31 0.200 0.800
20 32 3.400 2.800
20 33 1.000 1.000
20 34 1.000 1.000
20 35 0.200 0.800
20 36 1.000 1.000
20 37 3.400 2.800
20 38 1.000 1.000
20 39 1.000 1.000
20 40 0.200 0.800
20 41 0.200 0.800
20 42 3.400 2.800
20 43 1.000 1.000
20 44 1.000 1.000
20 45 0.200 0.800
20 46 1.000 1.000
20 47 3.400 2.800
20 48 1.000 1.000
20 49 1.000 1.000
21 22 3.000 3.000
21 23 0.200 0.800
21 24 0.200 0.800
21 25 0.200 0.800
21 26 0.200 0.800
21 27 3.000 3.000
21 28 0.200 0.800
21 29 0.200 0.800
21 30 0.200 0.800
21 31 0.200 0.800
21 32 3.000 3.000
21 33 0.200 0.800
21 34 0.200 0.800
21 35 0.200 0.800
21 36 0.200 0.800
21 37 3.000 3.000
21 38 0.200 0.800
21 39 0.200 0.800
21 40 0.200 0.800
21 41 0.200 0.800
21 42 3.000 3.000
21 43 0.200 0.800
21 44 0.200 0.800
21 45 0.200 0.800
21 46 0.200 0.800
21 47 3.000 3.000
21 48 0.200 0.800
21 49 0.200 0.800
22 23 3.400 2.800
22 24 3.400 2.800
22 25 3.000 3.000
22 26 3.400 2.800
22 27 3.400 2.800
22 28 3.400 2.800
22 29 3.400 2.800
22 30 3.400 2.800
22 31 3.000 3.000
22 32 3.400 2.800
22 33 3.400 2.800
22 34 3.400 2.800
22 35 3.000 3.000
22 36 3.400 2.800
22 37 3.400 2.800
22 38 3.400 2.800
22 39 3.400 2.800
22 40 3.400 2.800
22 41 3.000 3.000
22 42 3.400 2.800
22 43 3.400 2.800
22 44 3.400 2.800
22 45 3.000 3.000
22 46 3.400 2.800
22 47 3.400 2.800
22 48 3.400 2.800
22 49 3.400 2.800
23 24 1.000 1.000
23 25 0.200 0.800
23 26 1.000 1.000
23 27 3.400 2.800
23 28 1.000 1.000
23 29 1.000 1.000
23 30 0.200 0.800
23 31 0.200 0.800
23 32 3.400 2.800
23 33 1.000 1.000
23 34 1.000 1.000
23 35 0.200 0.800
23 36 1.000 1.000
23 37 3.400 2.800
23 38 1.000 1.000
23 39 1.000 1.000
23 40 0.200 0.800
23 41 0.200 0.800
23 42 3.400 2.800
23 43 1.000 1.000
23 44 1.000 1.000
23 45 0.200 0.800
23 46 1.000 1.000
23 47 3.400 2.800
23 48 1.000 1.000
23 49 1.000 1.000
24 25 0.200 0.800
24 26 1.000 1.000
24 27 3.400 2.800
24 28 1.000 1.000
24 29 1.000 1.000
24 30 0.200 0.800
24 31 0.200 0.800
24 32 3.400 2.800
24 33 1.000 1.000
24 34 1.000 1.000
24 35 0.200 0.800
24 36 1.000 1.000
24 37 3.400 2.800
24 38 1.000 1.000
24 39 1.000 1.000
24 40 0.200 0.800
24 41 0.200 0.800
24 42 3.400 2.800
24 43 1.000 1.000
24 44 1.000 1.000
24 45 0.200 0.800
24 46 1.000 1.000
24 47 3.400 2.800
24 48 1.000 1.000
24 49 1.000 1.000
25 26 0.200 0.800
25 27 3.000 3.000
25 28 0.200 0.800
25 29 0.200 0.800
25 30 0.200 0.800
25 31 0.200 0.800
25 32 3.000 3.000
25 33 0.200 0.800
25 34 0.200 0.800
25 35 0.200 0.800
25 36 0.200 0.800
25 37 3.000 3.000
25 38 0.200 0.800
25 39 0.200 0.800
25 40 0.200 0.800
25 41 0.200 0.800
25 42 3.000 3.000
25 43 0.200 0.800
25 44 0.200 0.800
25 45 0.200 0.800
25 46 0.200 0.800
25 47 3.000 3.000
25 48 0.200 0.800
25 49 0.200 0.800
26 27 3.400 2.800
26 28 1.000 1.000
26 29 1.000 1.000
26 30 0.200 0.800
26 31 0.200 0.800
26 32 3.400 2.800
26 33 1.000 1.000
26 34 1.000 1.000
26 35 0.200 0.800
26 36 1.000 1.000
26 37 3.400 2.800
26 38 1.000 1.000
26 39 1.000 1.000
26 40 0.200 0.800
26 41 0.200 0.800
26 42 3.400 2.800
26 43 1.000 1.000
26 44 1.000 1.000
26 45 0.200 0.800
26 46 1.000 1.000
26 47 3.400 2.800
26 48 1.000 1.000
26 49 1.000 1.000
27 28 3.400 2.800
27 29 3.400 2.800
27 30 3.400 2.800
27 31 3.000 3.000
27 32 3.400 2.800
27 33 3.400 2.800
27 34 3.400 2.800
27 35 3.000 3.000
27 36 3.400 2.800
27 37 3.400 2.800
27 38 3.400 2.800
27 39 3.400 2.800
27 40 3.400 2.800
27 41 3.000 3.000
27 42 3.400 2.800
27 43 3.400 2.800
27 44 3.400 2.800
27 45 3.000 3.000
27 46 3.400 2.800
27 47 3.400 2.800
27 48 3.400 2.800
27 49 3.400 2.800
28 29 1.000 1.000
28 30 0.200 0.800
28 31 0.200 0.800
28 32 3.400 2.800
28 33 1.000 1.000
28 34 1.000 1.000
28 35 0.200 0.800
28 36 1.000 1.000
28 37 3.400 2.800
28 38 1.000 1.000
28 39 1.000 1.000
28 40 0.200 0.800
28 41 0.200 0.800
28 42 3.400 2.800
28 43 1.000 1.000
28 44 1.000 1.000
28 45 0.200 0.800
28 46 1.000 1.000
28 47 3.400 2.800
28 48 1.000 1.000
28 49 1.000 1.000
29 30 0.200 0.800
29 31 0.200 0.800
29 32 3.400 2.800
29 33 1.000 1.000
29 34 1.000 1.000
29 35 0.200 0.800
29 36 1.000 1.000
29 37 3.400 2.800
29 38 1.000 1.000
29 39 1.000 1.000
29 40 0.200 0.800
29 41 0.200 0.800
29 42 3.400 2.800
29 43 1.000 1.000
29 44 1.000 1.000
29 45 0.200 0.800
29 46 1.000 1.000
29 47 3.400 2.800
29 48 1.000 1.000
29 49 1.000 1.000
30 31 0.200 0.800
30 32 3.400 2.800
30 33 1.000 1.000
30 34 1.000 1.000
30 35 0.200 0.800
30 36 1.000 1.000
30 37 3.400 2.800
30 38 1.000 1.000
30 39 1.000 1.000
30 40 0.200 0.800
30 41 0.200 0.800
30 42 3.400 2.800
30 43 1.000 1.000
30 44 1.000 1.000
30 45 0.200 0.800
30 46 1.000 1.000
30 47 3.400 2.800
30 48 1.000 1.000
30 49 1.000 1.000
31 32 3.000 3.000
31 33 0.200 0.800
31 34 0.200 0.800
31 35 0.200 0.800
31 36 0.200 0.800
31 37 3.000 3.000
31 38 0.200 0.800
31 39 0.200 0.800
31 40 0.200 0.800
31 41 0.200 0.800
31 42 3.000 3.000
31 43 0.200 0.800
31 44 0.200 0.800
31 45 0.200 0.800
31 46 0.200 0.800
31 47 3.000 3.000
31 48 0.200 0.800
31 49 0.200 0.800
32 33 3.400 2.800
32 34 3.400 2.800
32 35 3.000 3.000
32 36 3.400 2.800
32 37 3.400 2.800
32 38 3.400 2.800
32 39 3.400 2.800
32 40 3.400 2.800
32 41 3.000 3.000
32 42 3.400 2.800
32 43 3.400 2.800
32 44 3.400 2.800
32 45 3.000 3.000
32 46 3.400 2.800
32 47 3.400 2.800
32 48 3.400 2.800
32 49 3.400 2.800
33 34 1.000 1.000
33 35 0.200 0.800
33 36 1.000 1.000
33 37 3.400 2.800
33 38 1.000 1.000
33 39 1.000 1.000
33 40 0.200 0.800
33 41 0.200 0.800
33 42 3.400 2.800
33 43 1.000 1.000
33 44 1.000 1.000
33 45 0.200 0.800
33 46 1.000 1.000
33 47 3.400 2.800
33 48 1.000 1.000
33 49 1.000 1.000
34 35 0.200 0.800
34 36 1.000 1.000
34 37 3.400 2.800
34 38 1.000 1.000
34 39 1.000 1.000
34 40 0.200 0.800
34 41 0.200 0.800
34 42 3.400 2.800
34 43 1.000 1.000
34 44 1.000 1.000
34 45 0.200 0.800
34 46 1.000 1.000
34 47 3.400 2.800
34 48 1.000 1.000
34 49 1.000 1.000
35 36 0.200 0.800
35 37 3.000 3.000
35 38 0.200 0.800
35 39 0.200 0.800
35 40 0.200 0.800
35 41 0.200 0.800
35 42 3.000 3.000
35 43 0.200 0.800
35 44 0.200 0.800
35 45 0.200 0.800
35 46 0.200 0.800
35 47 3.000 3.000
35 48 0.200 0.800
35 49 0.200 0.800
36 37 3.400 2.800
36 38 1.000 1.000
36 39 1.000 1.000
36 40 0.200 0.800
36 41 0.200 0.800
36 42 3.400 2.800
36 43 1.000 1.000
36 44 1.000 1.000
36 45 0.200 0.800
36 46 1.000 1.000
36 47 3.400 2.800
36 48 1.000 1.000
36 49 1.000 1.000
37 38 0.200 0.800
37 39 0.200 0.800
37 40 3.400 2.800
37 41 3.000 3.000
37 42 3.400 2.800
37 43 3.400 2.800
37 44 3.400 2.800
37 45 3.000 3.000
37 46 3.400 2.800
37 47 3.400 2.800
37 48 3.400 2.800
37 49 3.400 2.800
38 39 1.000 1.000
38 40 0.200 0.800
38 41 0.200 0.800
38 42 3.400 2.800
38 43 1.000 1.000
38 44 1.000 1.000
38 45 0.200 0.800
38 46 1.000 1.000
38 47 3.400 2.800
38 48 1.000 1.000
38 49 1.000 1.000
39 40 0.200 0.800
39 41 0.200 0.800
39 42 3.400 2.800
39 43 1.000 1.000
39 44 1.000 1.000
39 45 0.200 0.800
39 46 1.000 1.000
39 47 3.400 2.800
39 48 1.000 1.000
39 49 1.000 1.000
40 41 0.200 0.800
40 42 3.400 2.800
40 43 1.000 1.000
40 44 1.000 1.000
40 45 0.200 0.800
40 46 1.000 1.000
40 47 3.400 2.800
40 48 1.000 1.000
40 49 1.000 1.000
41 42 3.000 3.000
41 43 0.200 0.800
41 44 0.200 0.800
41 45 0.200 0.800
41 46 0.200 0.800
41 47 3.000 3.000
41 48 0.200 0.800
41 49 0.200 0.800
42 43 3.400 2.800
42 44 3.400 2.800
42 45 3.000 3.000
42 46 3.400 2.800
42 47 3.400 2.800
42 48 3.400 2.800
42 49 3.400 2.800
43 44 1.000 1.000
43 45 0.200 0.800
43 46 1.000 1.000
43 47 3.400 2.800
43 48 1.000 1.000
43 49 1.000 1.000
44 45 0.200 0.800
44 46 1.000 1.000
44 47 3.400 2.800
44 48 1.000 1.000
44 49 1.000 1.000
45 46 0.200 0.800
45 47 3.000 3.000
45 48 0.200 0.800
45 49 0.200 0.800
46 47 3.400 2.800
46 48 1.000 1.000
46 49 1.000 1.000
47 48 3.400 2.800
47 49 3.400 2.800
48 49 1.000 1.000
