50
90.986
0 1 71.551 0.649
0 2 5.515 4.461
0 3 45.978 5.618
0 4 18.473 5.691
0 5 25.785 5.631
0 6 36.229 4.479
0 7 31.473 5.808
0 8 35.002 4.864
0 9 21.544 4.905
0 10 29.491 5.775
0 11 44.976 4.988
0 12 26.669 5.664
0 13 45.250 5.944
0 14 18.508 5.507
0 15 22.130 4.828
0 16 27.931 4.424
0 17 31.609 5.189
0 18 14.138 5.146
0 19 5.347 5.575
0 20 23.872 4.648
0 21 44.081 5.670
0 22 33.242 5.199
0 23 32.023 5.842
0 24 2.109 5.569
0 25 35.668 5.760
0 26 81.867 0.974
0 27 34.066 5.342
0 28 30.000 5.800
0 29 41.919 5.660
0 30 22.870 5.786
0 31 34.550 4.839
0 32 3.354 5.574
0 33 67.586 0.892
0 34 10.015 5.874
0 35 35.255 4.365
0 36 28.545 4.712
0 37 26.233 5.949
0 38 58.009 1.248
0 39 44.428 5.709
0 40 39.658 5.758
0 41 36.915 5.616
0 42 35.187 4.059
0 43 2.033 4.712
0 44 24.814 5.917
0 45 1.056 4.920
0 46 13.434 5.161
0 47 20.007 5.456
0 48 25.077 5.985
0 49 43.306 4.261
1 2 5.855 5.267
1 3 46.966 5.089
1 4 31.107 5.568
1 5 37.126 4.991
1 6 14.515 5.522
1 7 47.330 5.367
1 8 21.305 5.514
1 9 41.280 5.124
1 10 37.663 4.979
1 11 24.073 4.886
1 12 21.612 5.186
1 13 39.927 5.672
1 14 62.192 1.694
1 15 37.122 4.593
1 16 41.398 5.254
1 17 34.008 4.335
1 18 40.772 5.918
1 19 32.464 5.816
1 20 4.881 4.301
1 21 26.557 4.067
1 22 42.335 5.351
1 23 28.806 4.058
1 24 3.742 5.072
1 25 20.637 4.905
1 26 65.691 1.089
1 27 31.186 5.073
1 28 38.056 4.613
1 29 28.546 5.425
1 30 41.493 4.401
1 31 19.333 4.399
1 32 39.332 5.926
1 33 66.120 1.019
1 34 4.935 5.863
1 35 10.209 4.042
1 36 31.602 5.961
1 37 4.947 4.553
1 38 10.533 5.879
1 39 32.595 5.134
1 40 27.332 5.663
1 41 44.297 5.619
1 42 40.685 4.270
1 43 42.341 5.939
1 44 43.854 4.314
1 45 21.471 5.350
1 46 49.046 4.632
1 47 4.417 4.274
1 48 13.109 5.623
1 49 34.239 5.032
2 3 38.177 5.875
2 4 26.958 4.343
2 5 45.513 5.473
2 6 30.956 4.338
2 7 38.907 5.996
2 8 10.407 4.587
2 9 23.220 5.019
2 10 4.843 4.091
2 11 0.433 5.995
2 12 44.105 5.277
2 13 26.044 5.203
2 14 41.229 5.467
2 15 26.952 5.450
2 16 37.879 4.507
2 17 21.969 5.640
2 18 12.432 5.723
2 19 28.049 5.962
2 20 23.225 5.896
2 21 1.633 5.669
2 22 18.385 5.335
2 23 62.887 1.895
2 24 28.718 4.945
2 25 33.606 4.583
2 26 16.684 5.251
2 27 45.199 5.890
2 28 13.545 4.116
2 29 27.717 4.492
2 30 41.901 4.376
2 31 69.518 1.849
2 32 39.094 4.195
2 33 5.802 4.282
2 34 5.229 4.359
2 35 28.303 5.011
2 36 3.976 4.072
2 37 28.838 5.988
2 38 2.289 4.609
2 39 23.929 5.228
2 40 27.955 5.460
2 41 43.172 5.060
2 42 79.610 1.740
2 43 28.148 4.034
2 44 33.429 5.527
2 45 37.990 5.479
2 46 10.785 5.946
2 47 33.182 4.299
2 48 11.662 5.465
2 49 20.390 5.856
3 4 21.616 4.553
3 5 34.610 5.182
3 6 33.088 5.375
3 7 24.343 5.696
3 8 5.185 4.956
3 9 24.786 4.412
3 10 1.245 5.837
3 11 4.634 5.462
3 12 43.102 5.103
3 13 23.111 5.160
3 14 13.779 4.699
3 15 3.199 4.541
3 16 55.018 2.060
3 17 11.959 5.090
3 18 52.761 1.899
3 19 29.083 4.239
3 20 44.559 5.290
3 21 5.475 5.360
3 22 1.024 5.039
3 23 30.341 5.237
3 24 42.835 5.571
3 25 20.903 4.500
3 26 44.859 5.247
3 27 25.517 5.320
3 28 20.599 5.593
3 29 36.120 5.806
3 30 47.027 5.751
3 31 29.668 4.801
3 32 47.041 4.870
3 33 43.060 5.896
3 34 26.270 5.456
3 35 41.653 5.118
3 36 5.771 5.105
3 37 45.743 5.739
3 38 16.628 4.157
3 39 65.527 2.194
3 40 4.923 5.646
3 41 32.953 5.451
3 42 3.988 4.758
3 43 31.734 4.010
3 44 24.561 5.758
3 45 22.285 5.021
3 46 27.037 5.272
3 47 2.036 4.071
3 48 44.709 5.407
3 49 11.786 5.942
4 5 43.925 4.797
4 6 12.458 4.935
4 7 31.358 4.018
4 8 37.990 5.719
4 9 49.871 4.294
4 10 37.619 5.270
4 11 44.020 4.737
4 12 4.876 4.700
4 13 4.971 5.070
4 14 5.581 5.955
4 15 48.818 5.745
4 16 4.553 5.045
4 17 10.377 5.037
4 18 21.179 5.785
4 19 2.086 10.000
4 20 11.722 5.353
4 21 16.710 4.631
4 22 12.838 4.232
4 23 25.292 5.623
4 24 78.814 0.458
4 25 3.658 5.752
4 26 23.159 5.807
4 27 4.003 4.653
4 28 47.794 4.239
4 29 16.042 5.666
4 30 5.312 4.197
4 31 18.463 5.125
4 32 68.990 0.709
4 33 36.004 4.616
4 34 42.200 5.743
4 35 12.595 4.510
4 36 1.505 5.979
4 37 18.788 5.842
4 38 86.412 0.877
4 39 36.304 5.993
4 40 39.282 5.578
4 41 5.715 4.697
4 42 23.486 5.556
4 43 35.687 4.442
4 44 51.537 0.252
4 45 33.641 5.172
4 46 90.321 0.482
4 47 5.743 4.329
4 48 32.668 5.707
4 49 42.774 5.858
5 6 5.507 5.503
5 7 69.959 1.895
5 8 15.990 5.776
5 9 5.815 5.729
5 10 85.569 1.310
5 11 4.116 5.856
5 12 32.155 4.032
5 13 44.957 5.610
5 14 1.206 4.260
5 15 40.423 4.599
5 16 40.579 5.573
5 17 25.798 5.036
5 18 5.353 5.246
5 19 37.745 4.509
5 20 45.704 5.570
5 21 4.668 5.361
5 22 27.927 4.796
5 23 2.788 4.444
5 24 46.847 5.202
5 25 4.771 5.280
5 26 42.994 4.767
5 27 26.710 4.174
5 28 44.668 5.819
5 29 29.045 5.550
5 30 38.756 4.563
5 31 40.057 4.535
5 32 20.717 4.798
5 33 15.057 4.483
5 34 11.442 5.345
5 35 28.034 5.261
5 36 32.749 5.723
5 37 46.056 5.889
5 38 42.056 5.778
5 39 14.245 4.498
5 40 4.310 4.345
5 41 20.818 5.990
5 42 35.591 5.611
5 43 49.513 5.748
5 44 46.285 5.277
5 45 13.418 4.780
5 46 26.278 5.472
5 47 5.723 5.986
5 48 10.549 5.777
5 49 25.794 4.594
6 7 40.395 5.705
6 8 37.914 4.025
6 9 4.282 5.306
6 10 12.735 5.720
6 11 15.461 4.509
6 12 37.455 4.114
6 13 25.983 5.289
6 14 0.679 4.016
6 15 37.339 4.983
6 16 5.905 4.103
6 17 36.776 4.064
6 18 40.279 5.199
6 19 19.851 5.860
6 20 17.706 4.302
6 21 4.073 5.196
6 22 21.524 5.514
6 23 49.286 5.420
6 24 10.450 5.631
6 25 24.736 5.065
6 26 3.233 4.789
6 27 31.457 5.956
6 28 60.852 1.833
6 29 4.028 5.776
6 30 39.985 4.566
6 31 69.531 1.293
6 32 25.279 5.068
6 33 33.029 5.395
6 34 5.216 5.904
6 35 15.443 5.228
6 36 23.475 5.262
6 37 46.996 4.496
6 38 35.118 4.690
6 39 45.510 4.636
6 40 4.433 5.546
6 41 48.557 5.875
6 42 32.378 5.736
6 43 38.315 5.213
6 44 10.914 5.587
6 45 4.889 4.556
6 46 11.288 4.694
6 47 33.951 5.946
6 48 49.099 1.054
6 49 43.880 5.796
7 8 44.680 5.154
7 9 11.878 5.604
7 10 82.421 1.224
7 11 32.738 4.573
7 12 24.538 4.847
7 13 13.667 4.719
7 14 4.804 5.549
7 15 25.604 5.906
7 16 31.239 4.706
7 17 4.018 4.002
7 18 44.699 5.202
7 19 42.253 4.760
7 20 2.515 5.620
7 21 44.692 4.455
7 22 49.474 4.824
7 23 48.109 5.629
7 24 2.319 4.168
7 25 33.163 5.072
7 26 24.214 4.031
7 27 41.875 5.342
7 28 41.609 4.048
7 29 5.022 5.450
7 30 36.075 5.755
7 31 20.210 5.542
7 32 47.852 5.608
7 33 31.875 5.653
7 34 30.802 4.342
7 35 33.527 5.659
7 36 4.836 5.603
7 37 20.073 5.427
7 38 19.742 4.298
7 39 24.450 4.517
7 40 15.011 5.376
7 41 28.353 4.167
7 42 26.883 4.372
7 43 25.818 4.986
7 44 37.959 4.127
7 45 3.471 5.641
7 46 18.213 4.805
7 47 29.847 5.308
7 48 41.491 5.768
7 49 47.186 5.016
8 9 41.126 5.479
8 10 66.818 1.286
8 11 46.829 4.463
8 12 5.079 4.265
8 13 28.567 4.818
8 14 40.960 5.085
8 15 21.657 4.354
8 16 18.945 5.392
8 17 29.455 5.491
8 18 43.221 4.742
8 19 49.089 5.111
8 20 23.221 5.143
8 21 77.513 0.472
8 22 42.971 5.184
8 23 29.296 5.538
8 24 17.957 5.668
8 25 21.196 5.469
8 26 29.823 4.419
8 27 13.412 5.784
8 28 0.824 5.672
8 29 44.847 5.340
8 30 32.858 4.276
8 31 11.580 4.741
8 32 17.373 5.702
8 33 5.506 5.776
8 34 28.723 5.031
8 35 5.616 5.255
8 36 45.450 5.957
8 37 1.121 5.325
8 38 5.503 5.509
8 39 39.205 4.286
8 40 49.658 4.035
8 41 0.393 5.012
8 42 48.370 5.969
8 43 37.881 5.689
8 44 30.833 5.389
8 45 98.059 1.029
8 46 21.207 4.310
8 47 48.514 5.872
8 48 52.369 0.144
8 49 80.101 0.438
9 10 34.772 4.860
9 11 10.786 4.539
9 12 4.835 5.854
9 13 16.650 5.955
9 14 3.820 5.735
9 15 89.814 2.994
9 16 1.879 5.866
9 17 19.809 5.121
9 18 45.862 5.586
9 19 35.217 5.492
9 20 5.952 5.641
9 21 11.364 4.994
9 22 20.185 4.719
9 23 27.447 5.998
9 24 3.432 5.451
9 25 44.530 4.503
9 26 41.473 4.269
9 27 21.556 4.013
9 28 5.587 4.667
9 29 4.430 4.561
9 30 42.730 5.473
9 31 4.406 5.112
9 32 32.350 5.169
9 33 12.398 4.448
9 34 4.090 5.057
9 35 48.505 4.346
9 36 83.938 5.176
9 37 0.457 5.787
9 38 45.741 4.130
9 39 5.660 5.030
9 40 5.788 5.144
9 41 32.403 5.732
9 42 5.618 4.658
9 43 22.610 5.247
9 44 42.464 5.632
9 45 5.624 4.301
9 46 37.810 4.075
9 47 41.096 5.988
9 48 47.744 5.638
9 49 40.117 4.922
10 11 2.328 5.930
10 12 4.160 4.068
10 13 10.173 5.510
10 14 30.561 5.918
10 15 4.635 4.173
10 16 4.759 5.300
10 17 3.599 5.517
10 18 40.587 5.108
10 19 46.913 5.321
10 20 49.147 5.483
10 21 35.952 4.980
10 22 5.530 5.468
10 23 41.845 5.626
10 24 4.077 5.136
10 25 33.622 5.653
10 26 21.431 5.370
10 27 23.287 4.156
10 28 5.511 5.981
10 29 24.399 5.171
10 30 12.797 5.632
10 31 0.138 5.936
10 32 21.414 5.240
10 33 5.553 5.375
10 34 22.183 4.575
10 35 19.309 5.025
10 36 3.106 5.879
10 37 22.203 5.440
10 38 2.907 4.989
10 39 36.914 5.791
10 40 49.064 5.635
10 41 45.589 5.442
10 42 32.837 5.775
10 43 39.575 5.645
10 44 2.276 4.722
10 45 21.047 5.376
10 46 12.893 5.872
10 47 13.542 4.874
10 48 30.528 5.167
10 49 41.037 4.612
11 12 13.833 4.604
11 13 4.610 4.477
11 14 41.852 4.013
11 15 38.934 5.985
11 16 5.126 5.212
11 17 25.108 5.051
11 18 16.030 5.236
11 19 20.896 5.388
11 20 22.677 5.806
11 21 5.130 5.682
11 22 87.392 1.234
11 23 3.263 4.727
11 24 5.125 5.167
11 25 39.392 4.564
11 26 36.810 5.325
11 27 23.299 5.283
11 28 11.553 4.908
11 29 67.419 0.631
11 30 53.426 0.757
11 31 2.246 5.861
11 32 37.392 5.766
11 33 4.412 5.013
11 34 10.448 4.669
11 35 28.593 5.103
11 36 29.228 4.932
11 37 31.625 4.977
11 38 38.820 5.279
11 39 49.651 4.021
11 40 42.384 5.594
11 41 4.197 5.780
11 42 4.853 5.973
11 43 4.199 5.975
11 44 34.958 5.723
11 45 48.741 5.863
11 46 4.027 5.229
11 47 5.572 5.886
11 48 23.369 5.877
11 49 40.182 5.192
12 13 0.873 5.750
12 14 29.032 5.045
12 15 38.282 5.374
12 16 32.784 5.319
12 17 17.908 5.308
12 18 4.226 5.307
12 19 14.989 5.864
12 20 25.454 5.533
12 21 14.560 5.013
12 22 38.484 5.159
12 23 41.997 5.516
12 24 34.270 5.344
12 25 67.572 0.881
12 26 27.282 5.690
12 27 19.903 4.140
12 28 12.455 4.055
12 29 23.352 5.861
12 30 16.474 4.158
12 31 45.716 5.794
12 32 48.988 5.518
12 33 25.488 4.275
12 34 49.788 5.979
12 35 5.602 5.803
12 36 21.779 5.208
12 37 64.035 1.059
12 38 43.405 4.257
12 39 5.356 4.764
12 40 25.070 5.813
12 41 36.434 4.313
12 42 32.071 4.649
12 43 34.714 5.656
12 44 21.070 5.603
12 45 25.628 4.697
12 46 23.018 4.028
12 47 62.582 0.832
12 48 35.058 4.657
12 49 2.551 5.978
13 14 26.123 5.439
13 15 27.102 4.336
13 16 30.113 5.408
13 17 45.213 5.958
13 18 11.126 5.098
13 19 45.015 5.829
13 20 25.787 5.688
13 21 24.820 4.810
13 22 41.736 5.112
13 23 20.399 4.730
13 24 49.059 5.995
13 25 43.697 4.990
13 26 44.201 4.903
13 27 49.377 5.449
13 28 39.858 5.564
13 29 15.101 5.049
13 30 38.659 5.439
13 31 49.604 4.055
13 32 27.104 5.736
13 33 4.323 5.480
13 34 11.020 5.837
13 35 85.836 5.234
13 36 10.941 5.349
13 37 35.323 5.475
13 38 31.425 4.938
13 39 31.811 5.742
13 40 42.095 4.907
13 41 17.278 5.771
13 42 39.786 5.815
13 43 66.856 1.171
13 44 32.345 5.429
13 45 24.089 5.378
13 46 45.885 5.336
13 47 2.821 4.802
13 48 5.602 4.087
13 49 2.838 5.966
14 15 25.658 5.293
14 16 43.655 5.729
14 17 13.767 5.355
14 18 49.205 5.295
14 19 27.893 5.364
14 20 38.297 4.901
14 21 33.668 5.146
14 22 22.215 5.800
14 23 5.630 5.501
14 24 3.344 4.686
14 25 40.697 5.285
14 26 14.718 5.065
14 27 13.514 5.003
14 28 48.554 4.263
14 29 43.807 5.600
14 30 5.849 5.852
14 31 0.187 4.977
14 32 40.050 5.140
14 33 22.397 5.195
14 34 79.609 5.684
14 35 1.858 5.834
14 36 28.935 5.139
14 37 10.720 4.789
14 38 0.539 5.390
14 39 18.299 5.240
14 40 24.528 4.386
14 41 5.831 5.556
14 42 12.342 5.184
14 43 44.524 5.202
14 44 29.051 4.903
14 45 12.875 5.354
14 46 16.636 4.290
14 47 44.033 5.516
14 48 3.147 5.704
14 49 11.294 5.596
15 16 33.043 4.796
15 17 48.587 5.287
15 18 42.047 5.607
15 19 79.078 0.686
15 20 46.256 0.668
15 21 37.547 4.017
15 22 24.572 4.022
15 23 37.365 5.947
15 24 47.397 5.153
15 25 38.049 5.121
15 26 17.155 5.415
15 27 31.204 5.688
15 28 29.165 5.262
15 29 39.745 5.467
15 30 39.441 4.249
15 31 25.309 5.975
15 32 87.710 0.846
15 33 27.338 4.621
15 34 39.059 5.387
15 35 29.009 5.084
15 36 1.278 5.451
15 37 2.999 4.655
15 38 5.604 5.712
15 39 11.813 4.286
15 40 25.406 5.252
15 41 18.043 4.781
15 42 45.877 5.610
15 43 45.087 0.274
15 44 29.332 5.313
15 45 12.997 4.233
15 46 10.582 4.203
15 47 4.753 4.788
15 48 36.643 4.363
15 49 5.330 4.875
16 17 39.023 5.025
16 18 43.340 5.134
16 19 32.785 5.355
16 20 27.206 5.174
16 21 13.145 5.199
16 22 5.712 5.198
16 23 26.361 5.064
16 24 17.186 4.263
16 25 48.716 4.992
16 26 40.313 4.619
16 27 75.182 1.446
16 28 29.862 5.121
16 29 43.544 4.602
16 30 31.213 5.136
16 31 46.755 5.255
16 32 48.712 5.930
16 33 18.608 4.740
16 34 15.369 5.717
16 35 40.469 4.452
16 36 1.188 5.951
16 37 14.129 4.491
16 38 27.359 5.309
16 39 26.717 4.433
16 40 27.761 4.962
16 41 69.500 1.985
16 42 28.297 4.948
16 43 26.854 5.368
16 44 48.084 4.779
16 45 37.285 4.667
16 46 34.766 4.652
16 47 2.834 4.727
16 48 22.744 5.778
16 49 32.153 5.950
17 18 38.117 5.945
17 19 24.225 5.492
17 20 4.540 5.217
17 21 22.486 5.144
17 22 15.271 5.363
17 23 4.089 5.658
17 24 5.450 4.117
17 25 33.522 4.722
17 26 15.931 5.235
17 27 45.757 5.986
17 28 22.361 5.741
17 29 5.363 5.277
17 30 13.786 5.143
17 31 44.752 5.912
17 32 29.700 5.270
17 33 46.048 4.662
17 34 14.839 5.374
17 35 11.148 5.713
17 36 45.361 5.337
17 37 34.998 5.315
17 38 12.759 5.317
17 39 18.148 5.868
17 40 88.514 5.712
17 41 19.901 5.156
17 42 31.990 5.036
17 43 12.235 4.464
17 44 36.984 4.532
17 45 25.584 5.550
17 46 40.828 4.897
17 47 47.126 5.112
17 48 46.681 5.770
17 49 4.644 4.929
18 19 4.195 5.505
18 20 45.769 5.578
18 21 42.625 5.765
18 22 23.428 5.026
18 23 4.019 5.230
18 24 16.507 4.537
18 25 30.680 4.357
18 26 46.877 4.409
18 27 2.996 5.228
18 28 2.936 4.982
18 29 41.866 5.159
18 30 2.148 5.788
18 31 32.635 4.840
18 32 25.093 4.733
18 33 49.329 5.441
18 34 14.810 5.056
18 35 16.551 5.248
18 36 16.935 4.634
18 37 41.206 5.150
18 38 23.441 5.208
18 39 82.738 1.239
18 40 14.547 4.185
18 41 29.751 5.816
18 42 5.967 5.781
18 43 1.175 5.450
18 44 30.439 4.631
18 45 4.248 4.394
18 46 34.337 5.580
18 47 45.868 5.690
18 48 5.835 4.487
18 49 20.080 5.171
19 20 57.127 0.259
19 21 31.937 5.744
19 22 0.546 5.899
19 23 14.872 5.956
19 24 21.808 4.212
19 25 14.800 5.395
19 26 25.727 5.949
19 27 40.268 4.590
19 28 40.464 5.767
19 29 16.421 5.048
19 30 48.975 5.949
19 31 22.500 5.025
19 32 71.642 0.684
19 33 10.866 4.256
19 34 46.556 5.644
19 35 19.854 5.878
19 36 32.670 4.492
19 37 27.960 5.101
19 38 34.293 5.439
19 39 37.501 5.384
19 40 28.041 5.091
19 41 17.504 4.042
19 42 2.098 5.107
19 43 50.201 0.579
19 44 26.261 5.623
19 45 4.082 5.658
19 46 23.165 5.670
19 47 1.208 5.096
19 48 34.746 5.291
19 49 34.233 5.677
20 21 1.633 5.146
20 22 4.785 4.484
20 23 43.140 4.758
20 24 30.091 5.117
20 25 17.628 5.222
20 26 43.512 5.885
20 27 42.949 5.280
20 28 28.535 4.419
20 29 33.433 4.776
20 30 31.593 5.501
20 31 16.790 4.984
20 32 69.726 0.513
20 33 31.992 5.145
20 34 11.199 4.901
20 35 30.033 5.579
20 36 44.520 5.441
20 37 41.130 4.180
20 38 28.540 5.647
20 39 22.200 4.432
20 40 4.066 5.485
20 41 16.346 5.686
20 42 16.228 4.780
20 43 67.344 0.572
20 44 4.449 4.276
20 45 32.108 5.831
20 46 17.773 5.499
20 47 11.420 4.129
20 48 2.017 5.699
20 49 38.507 4.446
21 22 1.226 5.840
21 23 34.153 4.945
21 24 35.888 5.114
21 25 27.688 5.492
21 26 21.596 5.838
21 27 34.299 4.507
21 28 29.051 5.404
21 29 1.773 5.027
21 30 39.616 4.201
21 31 15.741 5.497
21 32 2.752 4.612
21 33 41.413 5.339
21 34 15.094 5.620
21 35 14.151 4.783
21 36 21.909 4.849
21 37 34.013 5.857
21 38 25.968 5.250
21 39 32.701 5.767
21 40 41.082 4.340
21 41 5.255 5.099
21 42 33.094 4.939
21 43 19.026 5.115
21 44 17.572 4.678
21 45 69.682 0.540
21 46 45.365 5.850
21 47 28.037 4.012
21 48 66.255 0.654
21 49 44.541 0.128
22 23 42.999 4.935
22 24 11.213 4.327
22 25 24.708 5.241
22 26 38.166 4.883
22 27 12.331 4.441
22 28 25.994 5.658
22 29 75.667 0.957
22 30 46.974 0.335
22 31 30.861 5.316
22 32 40.268 5.763
22 33 42.695 4.867
22 34 27.316 5.077
22 35 45.823 5.063
22 36 31.434 5.526
22 37 49.836 5.432
22 38 13.416 4.995
22 39 3.324 4.141
22 40 24.751 4.950
22 41 26.068 5.266
22 42 43.091 5.319
22 43 39.173 4.959
22 44 31.667 5.879
22 45 12.318 4.956
22 46 46.324 4.286
22 47 35.111 4.115
22 48 2.927 5.582
22 49 24.202 5.429
23 24 16.262 5.531
23 25 42.298 5.879
23 26 30.108 4.344
23 27 31.934 5.028
23 28 30.393 5.565
23 29 14.822 5.095
23 30 30.320 4.197
23 31 10.310 4.303
23 32 5.435 4.825
23 33 41.247 5.004
23 34 19.673 5.432
23 35 45.811 5.819
23 36 45.314 5.055
23 37 2.842 4.524
23 38 20.009 5.292
23 39 34.623 4.791
23 40 41.396 5.462
23 41 4.760 5.581
23 42 69.416 2.080
23 43 30.095 5.722
23 44 32.262 5.238
23 45 31.159 4.986
23 46 0.846 5.115
23 47 42.865 5.104
23 48 43.013 4.034
23 49 29.649 5.517
24 25 27.392 4.742
24 26 24.295 5.783
24 27 31.384 4.934
24 28 13.704 5.823
24 29 42.229 5.026
24 30 5.654 5.156
24 31 42.469 5.208
24 32 25.840 5.218
24 33 31.653 4.467
24 34 25.299 5.120
24 35 36.689 5.250
24 36 21.920 5.308
24 37 75.109 1.751
24 38 63.192 0.629
24 39 18.232 4.876
24 40 37.363 5.014
24 41 5.744 4.741
24 42 36.347 5.025
24 43 30.729 5.027
24 44 80.175 0.575
24 45 3.045 5.973
24 46 72.114 0.659
24 47 43.164 5.918
24 48 0.373 5.104
24 49 21.062 5.154
25 26 5.178 4.152
25 27 27.676 4.282
25 28 29.406 5.242
25 29 5.090 5.764
25 30 23.004 4.188
25 31 22.277 4.610
25 32 41.658 5.896
25 33 32.889 4.042
25 34 1.338 5.720
25 35 42.120 4.343
25 36 1.304 5.542
25 37 77.788 1.174
25 38 11.749 4.180
25 39 37.212 5.954
25 40 13.151 5.176
25 41 29.529 5.531
25 42 48.360 4.727
25 43 12.189 4.167
25 44 19.850 5.506
25 45 41.674 5.691
25 46 15.998 5.809
25 47 45.379 0.587
25 48 4.387 5.019
25 49 47.864 5.888
26 27 44.035 5.641
26 28 5.234 5.123
26 29 18.253 5.724
26 30 19.700 4.302
26 31 11.847 5.814
26 32 36.760 5.518
26 33 88.028 0.716
26 34 10.424 4.107
26 35 20.194 5.729
26 36 40.698 5.120
26 37 4.581 5.278
26 38 5.536 4.814
26 39 17.630 4.676
26 40 32.600 5.136
26 41 11.068 5.107
26 42 47.024 5.301
26 43 5.236 4.371
26 44 25.312 5.072
26 45 47.732 5.393
26 46 39.033 4.392
26 47 5.248 4.067
26 48 1.642 4.088
26 49 5.101 5.958
27 28 36.681 5.950
27 29 34.357 4.116
27 30 22.737 5.426
27 31 16.356 4.376
27 32 12.299 5.078
27 33 11.752 5.672
27 34 45.861 5.719
27 35 43.805 5.265
27 36 39.694 5.791
27 37 49.116 4.238
27 38 39.435 5.448
27 39 46.233 4.198
27 40 19.762 4.205
27 41 69.568 1.771
27 42 14.302 4.617
27 43 15.109 5.697
27 44 24.845 5.687
27 45 45.838 4.445
27 46 11.659 5.267
27 47 28.582 5.278
27 48 39.085 5.636
27 49 14.309 5.458
28 29 21.445 4.586
28 30 19.391 4.295
28 31 88.661 2.066
28 32 41.535 4.591
28 33 29.834 4.879
28 34 11.526 5.255
28 35 16.887 5.979
28 36 28.160 4.110
28 37 31.896 5.392
28 38 49.075 5.803
28 39 18.865 4.909
28 40 2.881 5.764
28 41 44.812 5.163
28 42 27.284 5.839
28 43 12.083 4.705
28 44 47.206 5.107
28 45 5.309 4.995
28 46 0.288 4.358
28 47 41.041 4.710
28 48 27.299 5.234
28 49 10.994 5.587
29 30 93.593 1.514
29 31 16.129 4.493
29 32 21.945 5.106
29 33 5.970 4.277
29 34 12.756 5.799
29 35 20.744 4.739
29 36 31.237 5.388
29 37 26.545 4.462
29 38 5.765 5.356
29 39 13.944 4.153
29 40 24.718 5.768
29 41 15.675 4.902
29 42 4.921 4.440
29 43 19.351 5.409
29 44 31.774 4.691
29 45 74.249 0.771
29 46 11.133 5.517
29 47 30.130 5.823
29 48 5.973 5.562
29 49 25.299 5.271
30 31 20.139 5.741
30 32 18.884 4.073
30 33 45.329 4.191
30 34 24.193 5.415
30 35 36.860 5.340
30 36 37.134 5.547
30 37 43.715 5.314
30 38 21.795 4.816
30 39 5.744 4.465
30 40 45.209 5.355
30 41 13.591 5.033
30 42 4.779 4.141
30 43 14.233 5.408
30 44 4.380 4.794
30 45 27.856 5.949
30 46 5.990 5.190
30 47 13.221 4.846
30 48 23.466 5.776
30 49 15.226 5.575
31 32 4.425 5.122
31 33 4.176 4.512
31 34 12.120 5.717
31 35 37.155 5.883
31 36 38.479 5.174
31 37 36.605 5.058
31 38 20.198 5.378
31 39 27.906 5.163
31 40 20.047 5.336
31 41 15.274 4.858
31 42 4.830 4.459
31 43 16.928 4.724
31 44 1.559 5.083
31 45 43.684 4.161
31 46 21.023 5.512
31 47 29.974 5.346
31 48 11.899 5.431
31 49 36.395 4.239
32 33 34.729 5.072
32 34 42.924 4.520
32 35 45.617 4.204
32 36 4.495 5.529
32 37 17.304 5.583
32 38 4.478 5.986
32 39 38.757 4.100
32 40 19.909 5.615
32 41 46.669 5.224
32 42 32.386 4.188
32 43 47.234 0.617
32 44 5.421 5.363
32 45 10.782 5.756
32 46 48.115 4.245
32 47 3.064 4.076
32 48 11.996 4.438
32 49 16.377 4.075
33 34 25.947 5.329
33 35 49.624 4.940
33 36 43.918 4.109
33 37 11.115 4.570
33 38 42.245 4.885
33 39 19.558 4.980
33 40 28.974 5.022
33 41 19.626 4.510
33 42 34.422 4.069
33 43 30.793 4.928
33 44 40.772 4.854
33 45 26.541 4.651
33 46 49.913 5.701
33 47 4.360 5.528
33 48 42.460 4.306
33 49 47.932 5.198
34 35 5.813 4.594
34 36 38.103 4.972
34 37 32.265 5.136
34 38 19.543 5.299
34 39 0.819 5.708
34 40 12.121 4.877
34 41 40.263 4.390
34 42 22.565 5.958
34 43 5.020 5.398
34 44 48.276 4.937
34 45 4.846 5.210
34 46 31.285 4.523
34 47 27.799 4.705
34 48 10.539 4.877
34 49 29.738 5.402
35 36 20.909 4.813
35 37 5.256 4.193
35 38 27.375 5.505
35 39 17.877 5.893
35 40 39.055 5.446
35 41 11.821 4.654
35 42 24.106 4.929
35 43 15.693 5.166
35 44 44.656 4.485
35 45 4.526 4.568
35 46 15.256 5.523
35 47 33.250 5.570
35 48 1.502 4.177
35 49 0.795 4.541
36 37 19.291 5.689
36 38 25.728 5.616
36 39 23.704 5.479
36 40 20.121 4.227
36 41 47.175 4.317
36 42 42.085 4.258
36 43 14.067 4.526
36 44 16.890 5.090
36 45 18.954 4.882
36 46 30.307 4.300
36 47 46.503 5.502
36 48 42.484 4.434
36 49 17.564 5.760
37 38 44.005 4.996
37 39 23.009 5.134
37 40 20.717 5.325
37 41 33.427 4.927
37 42 11.683 5.156
37 43 43.247 5.592
37 44 49.337 4.250
37 45 5.516 4.962
37 46 5.067 5.261
37 47 52.237 0.618
37 48 46.984 5.569
37 49 4.186 5.218
38 39 17.022 4.031
38 40 32.051 4.289
38 41 11.519 4.806
38 42 39.870 5.868
38 43 35.535 4.484
38 44 75.840 0.486
38 45 49.727 5.822
38 46 58.276 0.321
38 47 40.797 5.399
38 48 13.486 5.092
38 49 39.770 4.463
39 40 28.628 5.039
39 41 2.356 4.390
39 42 28.020 4.394
39 43 35.517 5.862
39 44 32.563 5.594
39 45 12.765 5.836
39 46 37.505 5.735
39 47 16.181 5.351
39 48 40.684 5.017
39 49 25.857 5.876
40 41 21.684 4.620
40 42 10.665 5.591
40 43 33.458 5.742
40 44 4.116 4.900
40 45 10.470 5.330
40 46 12.019 5.192
40 47 0.936 5.848
40 48 38.994 4.876
40 49 37.035 5.471
41 42 44.327 5.396
41 43 43.285 4.899
41 44 36.927 5.615
41 45 30.852 5.069
41 46 49.989 5.998
41 47 40.557 4.790
41 48 0.964 5.197
41 49 46.009 5.912
42 43 22.790 5.331
42 44 13.380 5.022
42 45 33.529 5.638
42 46 25.147 5.673
42 47 36.556 5.209
42 48 1.974 5.953
42 49 19.809 5.470
43 44 20.698 5.641
43 45 35.122 4.596
43 46 43.021 4.567
43 47 15.595 5.968
43 48 25.612 4.019
43 49 31.650 5.904
44 45 36.661 5.774
44 46 84.600 0.717
44 47 28.503 4.221
44 48 18.178 4.524
44 49 37.534 4.539
45 46 4.993 4.902
45 47 34.770 5.203
45 48 45.710 0.436
45 49 96.881 0.679
46 47 46.954 5.056
46 48 38.929 5.246
46 49 31.575 5.767
47 48 25.171 4.553
47 49 21.181 4.669
48 49 52.957 0.491
