50
98
0 1 26 0.88
0 2 28 1.23
0 3 2 1.05
0 4 32 0.75
0 5 14 0.79
0 6 1 0.73
0 7 17 1.09
0 8 19 1.0
0 9 25 0.89
0 10 21 0.98
0 11 28 0.68
0 12 5 1.14
0 13 38 0.67
0 14 28 1.07
0 15 9 1.09
0 16 6 1.17
0 17 22 1.02
0 18 5 1.1
0 19 9 1.06
0 20 24 0.74
0 21 1 0.71
0 22 31 0.81
0 23 22 0.73
0 24 22 1.07
0 25 38 0.71
0 26 5 1.13
0 27 24 0.79
0 28 44 0.74
0 29 39 0.61
0 30 10 0.92
0 31 20 0.74
0 32 45 0.59
0 33 22 0.78
0 34 30 1.05
0 35 26 0.85
0 36 17 1.14
0 37 20 0.88
0 38 32 0.85
0 39 3 1.0
0 40 11 0.74
0 41 21 0.7
0 42 24 0.95
0 43 29 0.84
0 44 32 1.04
0 45 27 0.76
0 46 45 0.54
0 47 20 1.02
0 48 11 1.09
0 49 15 0.73
1 2 10 0.98
1 3 25 1.04
1 4 19 1.23
1 5 28 1.06
1 6 9 0.93
1 7 18 0.9
1 8 20 0.87
1 9 20 0.8
1 10 33 0.67
1 11 29 1.21
1 12 16 0.98
1 13 3 1.05
1 14 26 0.73
1 15 7 1.08
1 16 18 0.86
1 17 31 0.71
1 18 20 1.23
1 19 9 0.72
1 20 30 0.88
1 21 3 1.21
1 22 30 0.74
1 23 21 0.69
1 24 5 1.06
1 25 10 1.2
1 26 26 1.22
1 27 6 0.88
1 28 17 1.15
1 29 2 0.93
1 30 33 0.61
1 31 32 0.59
1 32 33 0.81
1 33 19 0.94
1 34 17 0.9
1 35 23 0.71
1 36 13 1.19
1 37 29 1.23
1 38 14 0.81
1 39 16 1.11
1 40 5 0.91
1 41 18 1.02
1 42 8 0.74
1 43 30 0.8
1 44 13 0.85
1 45 44 0.54
1 46 35 0.76
1 47 24 0.86
1 48 9 0.78
1 49 29 1.05
2 3 12 1.18
2 4 4 1.17
2 5 17 1.24
2 6 12 0.7
2 7 27 1.12
2 8 3 1.2
2 9 22 1.11
2 10 6 0.89
2 11 8 1.12
2 12 43 0.67
2 13 7 1.19
2 14 25 0.68
2 15 5 0.88
2 16 31 1.08
2 17 13 0.96
2 18 6 0.89
2 19 19 1.09
2 20 17 0.7
2 21 8 1.14
2 22 35 0.85
2 23 44 0.71
2 24 41 0.74
2 25 20 0.7
2 26 11 1.11
2 27 15 0.77
2 28 6 0.81
2 29 14 0.98
2 30 8 1.23
2 31 8 0.85
2 32 18 1.11
2 33 9 0.96
2 34 16 0.82
2 35 43 0.61
2 36 42 0.59
2 37 18 0.81
2 38 1 1.09
2 39 12 0.93
2 40 4 1.0
2 41 24 0.68
2 42 26 0.81
2 43 30 1.16
2 44 41 0.54
2 45 25 1.07
2 46 20 1.06
2 47 32 0.9
2 48 33 0.94
2 49 30 1.19
3 4 28 0.84
3 5 12 0.67
3 6 4 0.86
3 7 21 0.99
3 8 42 0.67
3 9 9 0.98
3 10 8 1.06
3 11 31 0.73
3 12 7 1.0
3 13 1 1.05
3 14 31 0.8
3 15 30 0.71
3 16 27 1.1
3 17 3 1.03
3 18 37 0.74
3 19 14 0.98
3 20 7 1.24
3 21 15 0.96
3 22 20 0.8
3 23 26 0.8
3 24 20 0.74
3 25 9 0.78
3 26 1 0.89
3 27 32 0.61
3 28 34 1.12
3 29 27 1.22
3 30 16 1.18
3 31 25 0.73
3 32 9 0.71
3 33 15 0.7
3 34 40 0.59
3 35 16 1.04
3 36 2 0.96
3 37 25 1.0
3 38 27 0.97
3 39 36 0.54
3 40 26 1.1
3 41 15 0.84
3 42 29 1.11
3 43 13 0.88
3 44 21 0.76
3 45 26 1.12
3 46 7 0.96
3 47 5 1.06
3 48 32 0.72
3 49 1 0.79
4 5 19 0.69
4 6 32 0.67
4 7 44 0.71
4 8 11 1.17
4 9 4 0.97
4 10 34 0.84
4 11 5 0.83
4 12 26 1.1
4 13 8 0.79
4 14 15 0.88
4 15 7 1.15
4 16 31 0.98
4 17 11 0.69
4 18 26 0.86
4 19 31 0.8
4 20 2 0.98
4 21 11 0.91
4 22 22 0.94
4 23 20 1.19
4 24 15 1.21
4 25 26 0.99
4 26 36 0.74
4 27 10 1.13
4 28 25 0.9
4 29 27 0.94
4 30 35 0.84
4 31 2 0.73
4 32 18 1.0
4 33 44 0.61
4 34 20 0.83
4 35 21 0.78
4 36 6 0.67
4 37 9 0.67
4 38 45 0.59
4 39 14 0.71
4 40 11 0.71
4 41 20 0.93
4 42 16 0.68
4 43 30 0.8
4 44 14 1.1
4 45 27 0.86
4 46 6 1.12
4 47 16 0.84
4 48 36 0.54
4 49 6 1.13
5 6 7 0.99
5 7 10 0.73
5 8 32 1.22
5 9 34 0.67
5 10 15 1.18
5 11 29 1.05
5 12 14 0.93
5 13 23 0.93
5 14 36 0.71
5 15 9 0.77
5 16 9 0.7
5 17 11 0.85
5 18 15 1.08
5 19 34 0.9
5 20 4 0.88
5 21 10 0.97
5 22 11 1.09
5 23 11 0.91
5 24 25 1.01
5 25 8 1.2
5 26 20 1.01
5 27 11 0.72
5 28 19 0.87
5 29 19 0.86
5 30 17 1.19
5 31 15 0.74
5 32 28 1.03
5 33 4 0.67
5 34 1 0.95
5 35 26 1.0
5 36 32 0.85
5 37 32 0.74
5 38 27 1.08
5 39 32 1.16
5 40 28 0.86
5 41 12 0.75
5 42 43 0.61
5 43 44 0.59
5 44 24 1.25
5 45 35 0.83
5 46 11 1.24
5 47 18 1.02
5 48 2 0.95
5 49 42 0.54
6 7 35 0.71
6 8 6 0.7
6 9 22 1.06
6 10 20 0.91
6 11 10 0.92
6 12 3 0.78
6 13 9 0.81
6 14 25 0.8
6 15 20 0.9
6 16 5 0.69
6 17 14 0.82
6 18 24 0.88
6 19 28 0.94
6 20 30 0.68
6 21 24 0.77
6 22 25 1.03
6 23 26 1.24
6 24 5 0.91
6 25 15 0.98
6 26 30 0.72
6 27 29 0.87
6 28 7 1.05
6 29 26 0.86
6 30 30 1.25
6 31 33 1.22
6 32 14 1.22
6 33 31 0.55
6 34 26 1.23
6 35 7 0.8
6 36 28 1.06
6 37 29 1.12
6 38 30 0.59
6 39 7 1.06
6 40 22 0.79
6 41 13 1.07
6 42 2 0.78
6 43 17 1.09
6 44 27 0.71
6 45 12 0.79
6 46 28 0.84
6 47 6 1.15
6 48 30 0.58
6 49 32 0.82
7 8 3 0.74
7 9 12 0.97
7 10 27 1.04
7 11 16 0.91
7 12 8 0.79
7 13 16 1.06
7 14 25 0.84
7 15 33 1.19
7 16 29 0.87
7 17 32 0.9
7 18 16 0.67
7 19 14 1.24
7 20 1 0.96
7 21 15 0.94
7 22 21 1.22
7 23 32 0.7
7 24 7 1.19
7 25 2 1.11
7 26 43 0.65
7 27 3 0.81
7 28 9 1.05
7 29 34 1.25
7 30 22 1.12
7 31 11 1.04
7 32 15 0.77
7 33 35 0.74
7 34 17 0.98
7 35 20 0.83
7 36 13 1.17
7 37 21 0.76
7 38 33 0.69
7 39 35 0.79
7 40 32 1.1
7 41 2 1.2
7 42 16 1.22
7 43 5 0.93
7 44 20 1.21
7 45 26 0.71
7 46 25 0.98
7 47 31 1.06
7 48 38 0.70
7 49 19 1.14
8 9 1 1.14
8 10 5 1.04
8 11 8 0.81
8 12 15 1.04
8 13 34 1.03
8 14 9 0.95
8 15 41 0.71
8 16 23 1.17
8 17 35 0.87
8 18 45 0.72
8 19 9 1.05
8 20 5 0.71
8 21 15 0.73
8 22 7 0.86
8 23 9 0.8
8 24 27 1.13
8 25 25 1.02
8 26 34 0.83
8 27 31 0.55
8 28 33 0.79
8 29 19 1.21
8 30 34 1.18
8 31 3 0.73
8 32 4 0.7
8 33 32 0.96
8 34 34 0.59
8 35 19 0.92
8 36 22 0.7
8 37 28 0.76
8 38 10 1.16
8 39 41 0.58
8 40 12 1.02
8 41 20 0.96
8 42 1 0.84
8 43 30 0.79
8 44 7 1.2
8 45 34 1.24
8 46 21 1.2
8 47 26 1.23
8 48 34 1.0
8 49 31 0.67
9 10 29 1.06
9 11 3 1.03
9 12 29 0.73
9 13 20 0.91
9 14 45 0.71
9 15 16 0.86
9 16 20 0.81
9 17 6 0.79
9 18 34 0.78
9 19 8 1.07
9 20 5 0.77
9 21 9 0.8
9 22 23 0.77
9 23 4 1.15
9 24 7 0.68
9 25 1 0.7
9 26 28 0.88
9 27 25 1.2
9 28 1 0.84
9 29 11 1.05
9 30 31 1.08
9 31 33 1.09
9 32 27 1.15
9 33 26 1.06
9 34 10 0.95
9 35 9 0.86
9 36 14 0.71
9 37 42 0.72
9 38 8 0.86
9 39 10 0.87
9 40 35 1.22
9 41 14 0.88
9 42 45 0.55
9 43 35 0.59
9 44 29 1.14
9 45 23 1.25
9 46 5 1.1
9 47 9 0.77
9 48 5 0.78
9 49 40 0.58
10 11 27 1.04
10 12 35 0.89
10 13 22 0.83
10 14 35 0.69
10 15 10 0.76
10 16 13 1.2
10 17 30 0.71
10 18 27 1.19
10 19 6 1.03
10 20 33 1.11
10 21 9 0.97
10 22 34 0.72
10 23 27 1.0
10 24 27 1.25
10 25 26 1.22
10 26 12 0.96
10 27 9 0.8
10 28 2 1.19
10 29 22 1.11
10 30 38 0.55
10 31 37 0.59
10 32 25 0.8
10 33 13 0.96
10 34 2 1.13
10 35 32 0.95
10 36 9 1.03
10 37 23 0.71
10 38 5 1.18
10 39 18 0.97
10 40 15 1.03
10 41 24 0.94
10 42 33 0.7
10 43 4 0.85
10 44 29 0.96
10 45 39 0.58
10 46 20 0.82
10 47 1 1.05
10 48 23 0.81
10 49 7 1.05
11 12 9 0.77
11 13 13 1.11
11 14 27 1.09
11 15 18 1.21
11 16 45 0.53
11 17 16 0.68
11 18 34 1.07
11 19 40 0.45
11 20 30 0.46
11 21 33 0.58
11 22 17 1.22
11 23 10 1.09
11 24 7 0.76
11 25 10 0.82
11 26 27 1.06
11 27 3 1.02
11 28 7 0.69
11 29 33 0.84
11 30 15 1.02
11 31 15 1.09
11 32 27 1.16
11 33 34 0.81
11 34 10 0.72
11 35 9 0.92
11 36 6 1.12
11 37 28 1.03
11 38 2 1.12
11 39 22 0.97
11 40 39 0.57
11 41 34 0.56
11 42 13 0.98
11 43 11 1.09
11 44 34 0.68
11 45 7 1.02
11 46 7 0.9
11 47 31 0.43
11 48 7 1.19
11 49 16 1.11
12 13 16 0.99
12 14 1 1.08
12 15 11 1.03
12 16 13 0.7
12 17 18 1.12
12 18 28 1.22
12 19 19 0.8
12 20 23 0.69
12 21 5 1.24
12 22 19 0.68
12 23 32 0.71
12 24 44 0.72
12 25 27 1.14
12 26 17 0.7
12 27 17 0.96
12 28 8 0.93
12 29 25 0.96
12 30 25 1.15
12 31 19 0.8
12 32 9 1.21
12 33 30 0.88
12 34 3 0.7
12 35 35 0.55
12 36 45 0.59
12 37 31 1.15
12 38 27 1.08
12 39 18 1.0
12 40 13 0.69
12 41 1 1.14
12 42 27 0.97
12 43 19 0.83
12 44 43 0.58
12 45 14 1.15
12 46 13 0.81
12 47 13 1.05
12 48 15 0.91
12 49 20 0.94
13 14 18 1.22
13 15 21 0.96
13 16 15 0.77
13 17 25 1.0
13 18 8 0.96
13 19 5 0.81
13 20 34 0.85
13 21 8 1.19
13 22 21 1.19
13 23 17 0.76
13 24 33 0.67
13 25 44 0.71
13 26 27 0.85
13 27 26 1.02
13 28 34 0.72
13 29 40 0.55
13 30 26 0.96
13 31 11 0.78
13 32 33 0.59
13 33 3 1.25
13 34 34 0.84
13 35 22 1.15
13 36 8 1.19
13 37 35 1.15
13 38 22 0.87
13 39 10 0.97
13 40 5 1.25
13 41 9 1.15
13 42 29 0.78
13 43 29 0.78
13 44 7 0.92
13 45 26 1.05
13 46 44 0.58
13 47 35 0.86
13 48 24 0.97
13 49 33 0.72
14 15 30 1.22
14 16 23 0.94
14 17 28 1.02
14 18 1 0.9
14 19 15 0.93
14 20 33 1.0
14 21 9 0.79
14 22 8 1.07
14 23 22 0.77
14 24 6 0.8
14 25 29 0.82
14 26 10 1.22
14 27 27 1.24
14 28 17 1.07
14 29 6 1.16
14 30 7 0.86
14 31 34 1.1
14 32 11 0.97
14 33 13 0.77
14 34 20 1.21
14 35 11 0.67
14 36 21 1.12
14 37 36 0.65
14 38 24 0.96
14 39 13 0.71
14 40 15 1.01
14 41 2 0.67
14 42 36 0.74
14 43 44 0.69
14 44 33 1.02
14 45 6 1.08
14 46 3 0.89
14 47 3 1.17
14 48 34 0.7
14 49 41 0.70
15 16 26 1.16
15 17 27 0.98
15 18 36 0.65
15 19 13 1.04
15 20 5 0.71
15 21 26 1.04
15 22 35 0.7
15 23 28 0.92
15 24 31 1.12
15 25 2 1.0
15 26 4 0.86
15 27 30 0.74
15 28 14 0.76
15 29 19 1.14
15 30 20 0.72
15 31 21 0.87
15 32 30 0.99
15 33 28 0.73
15 34 42 0.69
15 35 23 0.75
15 36 16 0.88
15 37 11 0.72
15 38 27 1.22
15 39 39 0.70
15 40 4 0.92
15 41 4 0.67
15 42 34 0.92
15 43 18 0.75
15 44 26 1.15
15 45 15 0.72
15 46 2 0.95
15 47 9 1.13
15 48 34 0.93
15 49 1 1.25
16 17 12 0.71
16 18 35 0.87
16 19 38 0.40
16 20 38 0.53
16 21 32 0.46
16 22 22 1.05
16 23 25 1.06
16 24 16 1.1
16 25 34 0.98
16 26 23 1.08
16 27 13 1.22
16 28 21 0.85
16 29 30 1.21
16 30 6 1.06
16 31 12 0.96
16 32 23 1.09
16 33 3 0.98
16 34 7 1.08
16 35 3 1.11
16 36 28 1.14
16 37 15 1.06
16 38 24 0.99
16 39 2 0.91
16 40 32 0.41
16 41 37 0.48
16 42 5 0.69
16 43 11 1.03
16 44 9 1.16
16 45 20 1.13
16 46 7 1.09
16 47 38 0.55
16 48 17 0.86
16 49 11 1.06
17 18 34 0.7
17 19 33 0.81
17 20 12 0.74
17 21 25 0.92
17 22 43 0.65
17 23 5 0.9
17 24 10 0.74
17 25 17 1.03
17 26 31 0.94
17 27 16 0.78
17 28 30 1.01
17 29 22 1.02
17 30 34 0.74
17 31 35 0.69
17 32 11 0.86
17 33 28 0.82
17 34 10 0.77
17 35 34 1.03
17 36 3 1.07
17 37 20 0.82
17 38 3 0.81
17 39 33 1.23
17 40 3 0.86
17 41 24 1.14
17 42 2 0.91
17 43 17 0.83
17 44 7 1.18
17 45 45 0.70
17 46 30 0.95
17 47 17 1.25
17 48 25 1.04
17 49 2 0.76
18 19 14 0.96
18 20 11 1.04
18 21 1 1.04
18 22 15 1.17
18 23 8 1.14
18 24 21 0.74
18 25 24 1.17
18 26 2 0.91
18 27 44 0.71
18 28 8 0.86
18 29 2 0.88
18 30 16 0.72
18 31 4 1.19
18 32 6 1.14
18 33 35 1.24
18 34 37 0.59
18 35 15 0.77
18 36 23 1.23
18 37 29 0.97
18 38 32 1.1
18 39 41 0.70
18 40 24 0.72
18 41 21 0.84
18 42 14 1.06
18 43 34 1.19
18 44 15 0.85
18 45 2 1.12
18 46 6 0.97
18 47 34 1.03
18 48 16 1.04
18 49 3 0.8
19 20 38 0.50
19 21 35 0.51
19 22 10 1.11
19 23 30 1.11
19 24 16 1.05
19 25 32 0.98
19 26 21 0.79
19 27 4 1.02
19 28 14 0.82
19 29 26 0.83
19 30 12 1.14
19 31 26 0.82
19 32 17 0.93
19 33 11 0.86
19 34 17 1.05
19 35 12 1.03
19 36 24 1.14
19 37 33 1.23
19 38 8 0.85
19 39 13 0.93
19 40 45 0.52
19 41 35 0.49
19 42 4 1.05
19 43 33 0.88
19 44 17 0.99
19 45 14 0.7
19 46 5 0.88
19 47 40 0.42
19 48 22 0.89
19 49 21 0.8
20 21 44 0.58
20 22 27 1.16
20 23 31 1.21
20 24 5 1.16
20 25 11 0.85
20 26 11 0.95
20 27 1 1.15
20 28 10 0.86
20 29 11 0.93
20 30 4 1.02
20 31 12 0.84
20 32 27 0.74
20 33 14 1.07
20 34 15 0.77
20 35 6 1.15
20 36 5 1.06
20 37 5 0.67
20 38 23 0.97
20 39 12 1.17
20 40 36 0.48
20 41 31 0.52
20 42 2 1.14
20 43 34 0.78
20 44 1 0.84
20 45 9 0.95
20 46 20 1.06
20 47 39 0.49
20 48 26 0.9
20 49 17 1.13
21 22 12 1.02
21 23 25 1.05
21 24 5 1.09
21 25 16 0.81
21 26 26 0.84
21 27 6 0.75
21 28 13 0.82
21 29 5 0.73
21 30 4 0.67
21 31 24 1.23
21 32 5 0.86
21 33 13 1.2
21 34 14 1.21
21 35 29 0.68
21 36 33 0.87
21 37 15 1.22
21 38 34 0.78
21 39 7 1.03
21 40 36 0.46
21 41 36 0.42
21 42 32 0.74
21 43 2 0.76
21 44 2 0.74
21 45 22 0.9
21 46 33 1.15
21 47 32 0.53
21 48 24 0.72
21 49 19 1.21
22 23 3 0.86
22 24 27 0.69
22 25 24 1.09
22 26 16 0.93
22 27 11 1.14
22 28 5 1.19
22 29 5 0.89
22 30 30 0.71
22 31 41 0.59
22 32 24 0.77
22 33 10 0.78
22 34 32 1.14
22 35 32 1.15
22 36 17 1.07
22 37 25 0.97
22 38 28 0.81
22 39 30 1.18
22 40 1 0.87
22 41 35 0.95
22 42 24 1.15
22 43 9 0.95
22 44 6 0.75
22 45 34 0.70
22 46 12 1.16
22 47 23 0.95
22 48 8 0.73
22 49 3 1.24
23 24 38 0.65
23 25 9 0.8
23 26 10 1.18
23 27 29 1.15
23 28 5 1.1
23 29 34 1.2
23 30 22 1.23
23 31 28 1.15
23 32 6 0.86
23 33 20 0.91
23 34 31 0.68
23 35 41 0.74
23 36 31 0.69
23 37 28 0.8
23 38 8 0.96
23 39 6 0.7
23 40 1 0.86
23 41 13 0.85
23 42 29 1.24
23 43 29 0.97
23 44 43 0.70
23 45 31 1.0
23 46 35 0.9
23 47 6 0.87
23 48 8 0.72
23 49 22 0.76
24 25 6 0.88
24 26 1 1.05
24 27 27 0.97
24 28 11 1.03
24 29 35 0.78
24 30 11 0.99
24 31 8 0.97
24 32 24 1.14
24 33 4 1.1
24 34 17 1.14
24 35 32 0.71
24 36 44 0.59
24 37 7 0.89
24 38 2 0.67
24 39 25 1.08
24 40 4 0.68
24 41 1 1.21
24 42 14 0.77
24 43 17 0.75
24 44 43 0.70
24 45 16 0.83
24 46 7 0.74
24 47 28 0.7
24 48 35 0.84
24 49 27 1.18
25 26 24 0.72
25 27 29 0.99
25 28 38 0.65
25 29 33 0.74
25 30 16 0.96
25 31 1 0.84
25 32 30 0.69
25 33 15 0.91
25 34 24 1.16
25 35 2 0.95
25 36 12 0.97
25 37 29 1.15
25 38 10 0.73
25 39 7 0.77
25 40 22 0.73
25 41 26 0.7
25 42 16 0.83
25 43 3 0.75
25 44 7 0.74
25 45 18 1.23
25 46 30 0.70
25 47 32 0.71
25 48 12 1.04
25 49 34 0.73
26 27 15 1.2
26 28 30 1.1
26 29 1 1.13
26 30 1 0.85
26 31 12 0.67
26 32 31 0.88
26 33 32 0.71
26 34 13 1.02
26 35 6 0.67
26 36 14 0.67
26 37 22 0.77
26 38 30 0.59
26 39 25 0.74
26 40 19 0.72
26 41 27 1.23
26 42 4 0.82
26 43 5 1.03
26 44 21 1.11
26 45 29 0.72
26 46 33 0.81
26 47 14 1.2
26 48 36 0.70
26 49 35 0.72
27 28 28 1.09
27 29 16 0.7
27 30 12 0.75
27 31 30 1.02
27 32 5 1.06
27 33 18 0.91
27 34 36 0.69
27 35 14 0.74
27 36 12 0.74
27 37 27 1.19
27 38 24 1.06
27 39 43 0.70
27 40 29 1.04
27 41 23 0.67
27 42 27 1.07
27 43 28 0.89
27 44 22 1.2
27 45 35 1.15
27 46 8 0.71
27 47 2 0.85
27 48 21 0.71
27 49 31 1.05
28 29 31 0.71
28 30 18 0.86
28 31 13 0.98
28 32 40 0.59
28 33 18 0.93
28 34 35 0.83
28 35 18 1.03
28 36 13 1.19
28 37 21 0.92
28 38 21 1.12
28 39 35 1.23
28 40 29 0.71
28 41 10 1.14
28 42 16 0.74
28 43 31 0.93
28 44 2 0.92
28 45 7 1.17
28 46 43 0.70
28 47 5 1.05
28 48 8 0.96
28 49 35 0.97
29 30 1 0.76
29 31 19 0.71
29 32 31 0.69
29 33 16 0.72
29 34 13 0.9
29 35 25 0.79
29 36 5 1.23
29 37 11 0.98
29 38 35 0.99
29 39 33 0.78
29 40 10 1.11
29 41 28 1.19
29 42 7 0.71
29 43 10 0.7
29 44 23 0.83
29 45 20 1.04
29 46 41 0.70
29 47 9 1.18
29 48 32 0.83
29 49 35 1.13
30 31 35 0.69
30 32 14 0.78
30 33 33 0.71
30 34 28 1.07
30 35 22 1.14
30 36 30 0.92
30 37 30 0.95
30 38 20 0.91
30 39 17 0.71
30 40 30 1.0
30 41 20 0.98
30 42 1 0.94
30 43 32 0.91
30 44 13 1.13
30 45 44 0.70
30 46 10 1.04
30 47 27 0.99
30 48 22 0.95
30 49 18 1.0
31 32 23 1.08
31 33 31 0.85
31 34 6 0.8
31 35 33 0.86
31 36 22 0.95
31 37 23 1.21
31 38 15 1.13
31 39 22 1.24
31 40 28 0.93
31 41 31 0.71
31 42 17 0.91
31 43 19 0.72
31 44 33 1.05
31 45 37 0.81
31 46 22 0.87
31 47 8 0.99
31 48 25 1.09
31 49 31 1.01
32 33 14 0.97
32 34 17 0.8
32 35 4 1.04
32 36 32 1.12
32 37 9 0.84
32 38 28 1.19
32 39 13 0.99
32 40 10 1.21
32 41 20 0.82
32 42 17 1.24
32 43 27 1.08
32 44 8 0.67
32 45 23 1.11
32 46 45 0.81
32 47 32 0.87
32 48 25 1.21
32 49 9 0.88
33 34 3 0.73
33 35 4 0.76
33 36 13 0.74
33 37 14 1.01
33 38 39 0.69
33 39 32 1.21
33 40 14 1.19
33 41 32 0.71
33 42 8 1.18
33 43 28 1.16
33 44 9 1.03
33 45 32 1.22
33 46 1 0.82
33 47 7 0.95
33 48 38 0.70
33 49 16 0.92
34 35 19 0.77
34 36 29 1.0
34 37 24 1.12
34 38 8 0.97
34 39 39 0.81
34 40 28 1.14
34 41 23 1.24
34 42 21 1.2
34 43 33 1.14
34 44 5 0.83
34 45 26 0.8
34 46 1 1.16
34 47 30 1.23
34 48 33 0.76
34 49 10 0.89
35 36 41 0.69
35 37 13 0.9
35 38 14 1.16
35 39 24 0.86
35 40 4 0.86
35 41 24 1.01
35 42 9 0.96
35 43 29 0.83
35 44 33 0.70
35 45 4 1.18
35 46 18 0.73
35 47 6 0.93
35 48 6 0.72
35 49 19 1.15
36 37 26 1.18
36 38 4 1.11
36 39 10 1.12
36 40 19 0.99
36 41 10 1.08
36 42 9 1.14
36 43 30 1.24
36 44 36 0.81
36 45 33 1.14
36 46 30 1.0
36 47 24 1.14
36 48 30 1.13
36 49 16 0.92
37 38 6 0.89
37 39 6 1.09
37 40 2 0.95
37 41 7 1.23
37 42 44 0.71
37 43 41 0.59
37 44 19 1.02
37 45 12 0.88
37 46 26 1.17
37 47 10 0.74
37 48 28 0.99
37 49 38 0.70
38 39 35 1.1
38 40 14 0.75
38 41 12 0.77
38 42 33 0.96
38 43 9 0.9
38 44 14 1.21
38 45 23 0.9
38 46 4 0.99
38 47 5 1.15
38 48 32 0.81
38 49 35 0.72
39 40 2 0.71
39 41 13 0.91
39 42 35 0.68
39 43 15 1.13
39 44 14 0.8
39 45 26 0.81
39 46 1 1.13
39 47 9 0.93
39 48 27 0.81
39 49 32 0.8
40 41 35 0.51
40 42 21 1.04
40 43 1 0.77
40 44 16 1.03
40 45 28 1.25
40 46 7 1.22
40 47 32 0.59
40 48 14 0.67
40 49 8 1.06
41 42 19 0.71
41 43 16 0.72
41 44 21 1.09
41 45 10 1.09
41 46 13 0.9
41 47 33 0.56
41 48 13 0.97
41 49 11 0.84
42 43 41 0.69
42 44 22 1.13
42 45 21 0.93
42 46 9 0.9
42 47 24 1.09
42 48 21 0.69
42 49 43 0.70
43 44 15 1.2
43 45 4 1.06
43 46 15 0.88
43 47 25 1.24
43 48 5 0.73
43 49 45 0.81
44 45 35 0.75
44 46 17 0.93
44 47 3 1.16
44 48 10 0.91
44 49 10 1.16
45 46 3 0.84
45 47 35 0.67
45 48 12 0.86
45 49 14 0.95
46 47 13 0.7
46 48 4 0.97
46 49 27 0.89
47 48 19 1.12
47 49 33 0.71
48 49 19 1.01