50
99.999
8 0 49.036 0.775
8 7 74.617 0.762
8 38 78.458 2.023
8 1 60.893 0.623
8 2 69.525 8.041
8 3 54.559 0.02
8 4 45.54 1.527
8 5 60.596 0.417
8 6 86.07 0.426
8 9 43.681 1.263
8 10 46.46 2.709
8 11 70.016 0.542
8 12 36.995 1.684
8 13 36.606 0.336
8 14 66.691 0.718
8 15 36.963 1.024
8 16 47.836 0.893
8 17 67.661 0.167
8 18 34.587 0.001
8 19 40.274 0.943
8 20 71.968 1.748
8 21 80.348 0.326
8 22 81.545 2.053
8 23 67.741 0.528
8 24 40.276 2.116
8 25 42.167 2.338
8 26 81.029 0.082
8 27 43.054 0.026
8 28 45.819 0.052
8 29 52.845 1.02
8 30 39.072 0.632
8 31 81.224 0.316
8 32 54.168 2.199
8 33 70.893 0.756
8 34 91.416 0.454
8 35 79.47 0.244
8 36 38.247 0.382
8 37 28.807 0.129
8 39 77.935 0.304
8 40 48.835 0.247
8 41 68.986 0.702
8 42 44.686 0.271
8 43 40.616 1.39
8 44 63.44 0.055
8 45 36.781 0.798
8 46 33.176 0.414
8 47 40.226 0.241
8 48 43.557 0.981
8 49 87.1 0.112
0 7 64.443 5.647
0 38 42.056 1.875
0 1 64.571 0.094
0 2 51.47 0.266
0 3 70.347 0.303
0 4 67.529 0.928
0 5 46.37 0.048
0 6 50.56 1.277
0 9 56.51 0.095
0 10 77.766 0.863
0 11 30.27 0.243
0 12 70.387 0.252
0 13 67.753 0.447
0 14 50.105 0.31
0 15 56.176 0.15
0 16 59.635 0.046
0 17 38.12 0.258
0 18 53.859 6.592
0 19 61.084 2.002
0 20 30.867 0.328
0 21 90.664 0.07
0 22 54.006 9.22
0 23 31.266 2.419
0 24 82.351 0.256
0 25 62.155 0.92
0 26 42.429 0.182
0 27 65.162 0.071
0 28 43.125 0.35
0 29 72.891 3.715
0 30 49.046 0.025
0 31 51.716 0.137
0 32 59.71 0.946
0 33 50.955 0.177
0 34 38.433 1.982
0 35 63.817 0.885
0 36 77.424 0.321
0 37 65.802 4.583
0 39 46.074 0.027
0 40 58.507 6.573
0 41 39.719 0.596
0 42 42.66 1.447
0 43 50.767 0.228
0 44 45.392 0.826
0 45 45.372 0.204
0 46 68.947 0.531
0 47 32.837 0.022
0 48 34.941 1.429
0 49 56.556 0.099
7 38 71.056 0.026
7 1 65.837 0.27
7 2 89.194 0.596
7 3 35.781 0.281
7 4 47.567 0.678
7 5 47.927 0.421
7 6 49.801 0.002
7 9 45.879 1.797
7 10 68.824 0.12
7 11 46.375 0.024
7 12 74.991 0.023
7 13 29.216 0.072
7 14 84.618 2.049
7 15 66.248 1.71
7 16 68.712 0.334
7 17 46.108 2.75
7 18 51.488 2.509
7 19 34.642 1.145
7 20 51.3 0.847
7 21 71.261 0.377
7 22 61.267 0.076
7 23 33.078 1.166
7 24 70.074 1.594
7 25 34.715 0.285
7 26 52.197 0.272
7 27 65.141 0.544
7 28 50.449 1.398
7 29 52.591 0.022
7 30 38.05 0.196
7 31 38.26 1.234
7 32 44.329 0.07
7 33 44.706 0.284
7 34 58.991 0.019
7 35 74.929 0.059
7 36 88.595 2.829
7 37 81.234 0.093
7 39 86.141 0.27
7 40 39.252 0.661
7 41 74.718 0.273
7 42 45.564 1.389
7 43 38.632 0.928
7 44 65.836 2.874
7 45 30.932 1.725
7 46 53.244 8.651
7 47 46.056 3.326
7 48 81.339 0.534
7 49 48.086 0.769
38 1 35.001 0.115
38 2 53.727 1.167
38 3 51.321 0.824
38 4 80.805 0.18
38 5 36.957 1.212
38 6 43.004 2.737
38 9 73.943 0.518
38 10 66.953 1.404
38 11 51.446 0.239
38 12 39.325 0.25
38 13 78.315 1.003
38 14 70.24 0.544
38 15 46.273 0.048
38 16 61.322 3.244
38 17 40.685 0.068
38 18 58.157 7.227
38 19 84.482 0.045
38 20 73.899 0.431
38 21 42.447 1.045
38 22 61.064 0.051
38 23 74.008 0.343
38 24 71.308 0.074
38 25 67.293 0.076
38 26 39.841 0.566
38 27 67.094 0.132
38 28 65.989 1.633
38 29 30.673 2.229
38 30 83.292 0.748
38 31 63.964 0.269
38 32 85.709 0.606
38 33 41.95 1.467
38 34 49.916 0.947
38 35 58.088 0.226
38 36 49.572 0.042
38 37 72.902 0.127
38 39 56.429 0.283
38 40 45.935 0.282
38 41 51.72 0.864
38 42 85.082 0.097
38 43 51.422 0.472
38 44 61.944 0.466
38 45 47.538 0.706
38 46 40.212 0.257
38 47 40.497 0.208
38 48 51.448 0.024
38 49 43.792 2.446
5 15 48.682 0.8
5 2 83.226 0.632
5 11 43.019 0.277
5 1 73.892 0.776
5 3 66.032 0.145
5 4 43.591 0.056
5 6 35.604 2.382
5 9 77.473 0.7
5 10 67.865 0.482
5 12 41.795 0.311
5 13 57.89 1.415
5 14 69.389 0.711
5 16 35.158 1.932
5 17 46.924 1.04
5 18 52.538 0.214
5 19 58.023 0.142
5 20 26.948 0.002
5 21 41.996 0.851
5 22 41.236 0.618
5 23 40.767 0.727
5 24 85.049 0.404
5 25 40.742 1.165
5 26 62.61 0.089
5 27 75.87 0.068
5 28 54.198 0.033
5 29 63.929 0.213
5 30 43.868 1.832
5 31 40.575 3.246
5 32 41.668 1.43
5 33 78.467 0.121
5 34 39.203 0.064
5 35 69.092 1.23
5 36 42.892 0.189
5 37 51.5 3.054
5 39 44.594 0.25
5 40 47.506 0.019
5 41 75.826 0.814
5 42 58.888 1.975
5 43 47.787 0.219
5 44 42.163 2.313
5 45 37.483 0.105
5 46 48.615 2.912
5 47 47.495 1.296
5 48 38.13 0.249
5 49 35.229 0.524
15 2 79.62 4.714
15 11 66.102 3.966
15 1 33.101 0.327
15 3 34.63 0.021
15 4 61.253 2.34
15 6 81.264 0.611
15 9 33.578 0.194
15 10 47.132 0.206
15 12 62.167 3.037
15 13 38.026 0.264
15 14 64.116 1.175
15 16 41.625 0.352
15 17 83.123 0.808
15 18 63.312 0.388
15 19 39.45 0.258
15 20 41.713 1.242
15 21 73.387 0.587
15 22 45.842 1.442
15 23 43.518 0.322
15 24 48.462 0.018
15 25 58.542 0.032
15 26 42.406 1.933
15 27 50.273 0.47
15 28 37.413 0.403
15 29 82.11 0.505
15 30 63.581 0.104
15 31 70.274 0.257
15 32 60.429 0.153
15 33 35.913 0.113
15 34 71.931 0.436
15 35 45.506 2.49
15 36 61.697 0.054
15 37 40.871 0.255
15 39 70.686 3.964
15 40 67.924 0.425
15 41 76.816 0.854
15 42 69.083 0.659
15 43 77.878 0.127
15 44 56.14 0.476
15 45 52.149 0.096
15 46 72.081 0.842
15 47 67.494 0.097
15 48 66.058 0.702
15 49 55.105 8.763
2 11 76.893 0.719
2 1 34.561 0.869
2 3 52.626 1.188
2 4 73.265 2.57
2 6 42.493 0.579
2 9 38.894 0.296
2 10 84.05 1.617
2 12 56.191 0.864
2 13 54.928 0.271
2 14 53.428 1.083
2 16 47.608 0.355
2 17 73.319 0.05
2 18 73.71 0.842
2 19 77.215 1.051
2 20 77.759 1.109
2 21 72.172 0.106
2 22 62.504 7.219
2 23 51.938 0.143
2 24 44.205 0.446
2 25 75.552 0.107
2 26 60.653 0.234
2 27 63.28 0.017
2 28 41.369 0.892
2 29 30.063 0.052
2 30 37.686 1.971
2 31 87.22 0.919
2 32 89.204 0.105
2 33 71.511 2.698
2 34 64.879 1.415
2 35 46.337 0.459
2 36 75.711 0.871
2 37 66.408 1.546
2 39 36.08 1.541
2 40 91.345 0.084
2 41 58.854 2.037
2 42 72.995 0.869
2 43 42.467 0.388
2 44 70.237 0.462
2 45 46.39 0.099
2 46 57.254 0.025
2 47 38.898 1.192
2 48 54.062 0.072
2 49 39.738 0.884
11 1 49.077 0.022
11 3 49.399 0.635
11 4 68.659 7.221
11 6 57.179 0.018
11 9 76.381 0.293
11 10 42.128 0.504
11 12 80.354 0.416
11 13 56.184 0.348
11 14 60.275 0.059
11 16 56.739 0.301
11 17 64.308 0.3
11 18 65.413 0.076
11 19 57.176 0.166
11 20 45.586 1.415
11 21 61.529 0.45
11 22 77.459 0.08
11 23 65.406 0.136
11 24 90.982 0.087
11 25 72.848 0.816
11 26 61.801 0.412
11 27 50.899 5.624
11 28 60.889 1.16
11 29 67.694 0.073
11 30 43.035 0.136
11 31 57.461 0.342
11 32 35.728 0.056
11 33 36.413 0.998
11 34 59.531 0.545
11 35 79.894 0.902
11 36 39.198 0.261
11 37 84.967 0.633
11 39 31.956 2.843
11 40 64.866 1.415
11 41 57.353 1.298
11 42 65.249 2.253
11 43 62.868 0.359
11 44 33.219 0.315
11 45 73.14 0.711
11 46 43.433 0.24
11 47 48.733 0.94
11 48 55.286 1.037
11 49 77.172 0.343
13 4 46.65 0.311
13 41 74.491 0.298
13 6 65.211 0.001
13 42 77.013 0.068
13 20 83.481 0.192
13 9 68.428 0.434
13 14 61.722 0.062
13 23 37.869 0.46
13 1 64.567 0.057
13 3 79.81 0.165
13 10 40.315 1.908
13 12 35.477 0.497
13 16 53.37 0.027
13 17 53.097 0.303
13 18 31.559 0.318
13 19 58.944 0.059
13 21 47.345 1.041
13 22 48.29 1.338
13 24 77.149 5.741
13 25 82.887 0.079
13 26 74.868 0.672
13 27 75.828 0.207
13 28 63.638 0.073
13 29 64.127 0.314
13 30 73.678 0.797
13 31 41.239 0.259
13 32 40.224 1.361
13 33 78.577 0.464
13 34 67.854 0.023
13 35 70.858 2.099
13 36 77.94 2.677
13 37 69.605 0.084
13 39 51.982 0.907
13 40 72.761 0.279
13 43 55.84 0.466
13 44 62.963 2.478
13 45 37.84 0.528
13 46 72.685 0.082
13 47 65.845 0.137
13 48 47.932 0.394
13 49 64.22 0.094
4 41 47.36 0.183
4 6 60.095 0.246
4 42 73.487 0.252
4 20 68.81 0.978
4 9 45.415 0.294
4 14 38.055 0.243
4 23 70.369 0.142
4 1 61.782 0.569
4 3 75.911 0.912
4 10 59.159 0.77
4 12 45.648 0.927
4 16 50.8 0.42
4 17 46.979 0.354
4 18 64.217 0.296
4 19 92.961 0.079
4 21 60.991 2.675
4 22 54.468 0.27
4 24 59.741 0.537
4 25 90.719 0.22
4 26 38.226 2.336
4 27 43.695 3.097
4 28 59.907 3.734
4 29 58.609 0.66
4 30 36.098 0.266
4 31 38.305 0.255
4 32 29.287 0.363
4 33 59.19 0.274
4 34 59.927 0.002
4 35 77.509 0.285
4 36 26.946 0.228
4 37 65.02 1.377
4 39 51.505 0.435
4 40 60.079 0.31
4 43 40.166 0.244
4 44 30.635 1.807
4 45 68.507 0.001
4 46 73.797 0.027
4 47 56.51 0.097
4 48 40.989 1.054
4 49 34.205 0.002
41 6 47.201 0.452
41 42 84.928 1.672
41 20 48.269 0.021
41 9 64.284 0.166
41 14 53.412 0.247
41 23 58.833 0.905
41 1 88.142 0.596
41 3 72.641 0.705
41 10 79.655 0.72
41 12 73.837 0.1
41 16 33.016 0.375
41 17 55.721 1.673
41 18 83.122 0.548
41 19 81.923 0.74
41 21 74.407 0.638
41 22 65.553 0.278
41 24 62.918 1.161
41 25 42.97 0.069
41 26 50.304 1.93
41 27 30.893 1.079
41 28 42.549 0.281
41 29 50.567 0.641
41 30 55.71 0.239
41 31 59.821 0.287
41 32 44.47 0.204
41 33 67.341 0.088
41 34 50.375 0.126
41 35 54.731 0.19
41 36 72.665 0.72
41 37 77.066 0.435
41 39 29.801 0.34
41 40 64.99 1.11
41 43 44.174 0.258
41 44 62.067 0.808
41 45 90.288 0.066
41 46 58.304 0.076
41 47 79.668 0.212
41 48 68.754 0.352
41 49 60.856 6.503
6 42 65.823 0.015
6 20 53.145 0.202
6 9 79.288 0.449
6 14 53.443 0.846
6 23 65.159 0.077
6 1 54.931 0.097
6 3 63.937 2.843
6 10 90.247 0.091
6 12 40.505 0.123
6 16 68.641 1.375
6 17 32.895 0.342
6 18 37.854 0.452
6 19 61.88 0.031
6 21 48.185 2.36
6 22 67.031 0.056
6 24 47.283 2.521
6 25 75.909 0.725
6 26 41.757 0.276
6 27 33.388 0.228
6 28 58.988 0.218
6 29 49.632 0.133
6 30 41.233 0.232
6 31 77.198 0.088
6 32 58.554 0.298
6 33 42.905 1.744
6 34 56.255 0.501
6 35 46.749 0.796
6 36 41.074 0.344
6 37 54.573 0.591
6 39 76.204 0.082
6 40 37.958 0.411
6 43 54.977 0.092
6 44 32.842 0.526
6 45 61.776 0.192
6 46 84.189 0.499
6 47 77.543 0.101
6 48 50.646 5.932
6 49 62.801 0.102
42 20 37.713 0.099
42 9 48.675 0.117
42 14 82.55 0.051
42 23 72.562 0.651
42 1 61.939 0.902
42 3 77.855 0.069
42 10 62.001 0.597
42 12 82.575 2.551
42 16 41.503 2.657
42 17 41.357 0.588
42 18 57.029 0.176
42 19 37.923 0.227
42 21 50.173 0.435
42 22 64.761 1.536
42 24 41.82 0.023
42 25 41.879 0.293
42 26 46.878 0.248
42 27 64.051 0.111
42 28 28.463 0.178
42 29 79.483 0.34
42 30 80.705 1.265
42 31 39.761 0.002
42 32 50.34 0.388
42 33 37.839 0.5
42 34 46.277 1.05
42 35 63.497 1.159
42 36 41.237 0.717
42 37 84.361 0.107
42 39 30.172 1.785
42 40 58.357 2.925
42 43 35.375 0.022
42 44 60.346 1.367
42 45 40.4 0.558
42 46 67.131 2.972
42 47 46.188 2.295
42 48 62.996 0.735
42 49 71.695 0.779
20 9 61.268 0.133
20 14 85.029 0.556
20 23 71.145 0.024
20 1 42.022 1.717
20 3 80.109 0.065
20 10 57.002 0.276
20 12 35.87 0.002
20 16 52.872 1.321
20 17 73.545 0.49
20 18 56.382 0.201
20 19 80.622 0.387
20 21 53.185 0.952
20 22 28.653 0.537
20 24 68.043 0.03
20 25 59.632 0.076
20 26 57.466 3.118
20 27 50.215 2.623
20 28 56.907 1.184
20 29 61.295 0.379
20 30 53.858 0.281
20 31 72.337 0.698
20 32 35.274 0.353
20 33 81.479 2.076
20 34 48.134 0.305
20 35 31.25 1.394
20 36 61.152 0.079
20 37 49.471 0.178
20 39 32.448 0.327
20 40 59.822 0.679
20 43 29.021 1.607
20 44 71.278 0.645
20 45 71.239 4.571
20 46 62.264 0.082
20 47 35.928 2.124
20 48 66.359 0.054
20 49 34.624 0.622
9 14 86.643 0.101
9 23 85.081 0.064
9 1 47.603 0.287
9 3 46.981 0.283
9 10 45.395 0.152
9 12 56.828 0.701
9 16 78.0 0.761
9 17 49.317 1.095
9 18 82.713 5.382
9 19 76.157 0.258
9 21 57.178 0.073
9 22 61.499 1.393
9 24 39.396 0.356
9 25 52.59 0.975
9 26 36.389 0.317
9 27 71.582 0.216
9 28 74.522 2.181
9 29 57.964 0.061
9 30 72.451 0.582
9 31 28.641 1.186
9 32 61.917 0.026
9 33 72.282 0.537
9 34 79.595 0.309
9 35 41.79 0.308
9 36 69.447 1.923
9 37 68.463 6.394
9 39 43.348 1.252
9 40 73.758 2.688
9 43 62.714 1.715
9 44 87.51 0.505
9 45 27.804 0.349
9 46 79.898 0.158
9 47 49.538 0.166
9 48 78.009 0.079
9 49 45.021 0.687
14 23 85.878 0.08
14 1 29.178 0.228
14 3 84.577 0.113
14 10 39.071 0.483
14 12 78.787 0.458
14 16 48.897 0.584
14 17 41.506 0.234
14 18 58.21 0.392
14 19 56.144 0.382
14 21 34.38 1.864
14 22 61.731 0.907
14 24 38.927 0.48
14 25 29.814 0.309
14 26 57.834 0.812
14 27 71.706 0.087
14 28 80.266 0.576
14 29 50.817 0.161
14 30 54.99 2.785
14 31 61.203 0.069
14 32 70.264 0.027
14 33 65.663 0.057
14 34 42.137 0.692
14 35 73.31 1.369
14 36 32.697 2.814
14 37 33.031 0.533
14 39 50.547 0.891
14 40 78.581 0.704
14 43 40.672 1.034
14 44 37.523 0.115
14 45 41.119 0.35
14 46 27.321 0.002
14 47 63.847 0.016
14 48 52.103 0.915
14 49 74.167 0.091
23 1 64.533 0.141
23 3 72.074 0.024
23 10 53.272 0.019
23 12 65.091 0.357
23 16 48.824 2.66
23 17 84.336 0.254
23 18 40.179 0.408
23 19 53.585 0.03
23 21 36.021 1.339
23 22 52.83 1.378
23 24 43.655 2.43
23 25 53.464 0.135
23 26 37.187 0.892
23 27 40.196 0.728
23 28 54.554 0.67
23 29 57.964 0.146
23 30 51.086 0.245
23 31 82.05 0.865
23 32 56.337 4.386
23 33 62.296 0.774
23 34 86.61 0.106
23 35 72.948 0.104
23 36 58.257 0.35
23 37 87.698 1.006
23 39 41.557 0.02
23 40 41.098 0.771
23 43 53.305 0.451
23 44 46.055 0.342
23 45 27.311 0.218
23 46 52.683 0.208
23 47 74.58 0.093
23 48 30.779 1.712
23 49 69.463 0.545
26 19 58.782 0.964
26 28 74.248 0.367
26 39 51.09 0.359
26 31 41.199 1.506
26 44 43.649 0.021
26 1 47.879 6.682
26 3 67.193 2.164
26 10 75.113 3.27
26 12 76.268 1.57
26 16 67.239 0.471
26 17 48.096 0.045
26 18 74.877 1.494
26 21 73.048 0.024
26 22 62.854 0.246
26 24 35.943 0.324
26 25 78.122 0.025
26 27 73.602 0.083
26 29 69.557 0.062
26 30 56.973 0.384
26 32 62.799 2.832
26 33 39.474 0.11
26 34 42.234 0.486
26 35 56.652 0.793
26 36 35.17 1.092
26 37 73.018 0.246
26 40 57.953 0.033
26 43 69.668 0.159
26 45 89.487 1.58
26 46 63.236 0.125
26 47 40.981 0.024
26 48 35.553 0.39
26 49 84.18 2.205
19 28 42.276 0.971
19 39 49.933 0.018
19 31 72.167 0.394
19 44 54.045 0.503
19 1 72.915 1.591
19 3 63.337 1.191
19 10 62.04 0.92
19 12 54.368 0.164
19 16 47.355 0.023
19 17 47.441 0.702
19 18 64.524 0.096
19 21 39.826 0.216
19 22 67.675 5.787
19 24 60.655 0.596
19 25 36.028 1.873
19 27 82.95 0.781
19 29 34.439 0.306
19 30 40.599 0.076
19 32 67.395 0.067
19 33 56.37 0.244
19 34 49.917 0.886
19 35 67.96 0.427
19 36 61.465 6.688
19 37 83.775 2.021
19 40 59.342 0.044
19 43 70.262 0.05
19 45 38.457 0.019
19 46 65.869 2.337
19 47 67.831 1.626
19 48 58.942 0.076
19 49 31.597 0.303
28 39 43.193 0.577
28 31 78.562 0.552
28 44 50.771 1.339
28 1 55.193 0.017
28 3 78.864 0.417
28 10 64.785 0.07
28 12 33.524 0.272
28 16 56.102 0.08
28 17 49.814 0.07
28 18 67.436 9.704
28 21 73.505 0.52
28 22 64.429 1.87
28 24 40.013 0.309
28 25 48.966 2.562
28 27 68.155 1.253
28 29 77.513 0.228
28 30 66.872 2.863
28 32 73.292 0.23
28 33 38.753 0.337
28 34 62.368 0.659
28 35 74.236 0.094
28 36 70.233 0.779
28 37 42.594 1.076
28 40 44.663 0.021
28 43 84.79 0.752
28 45 36.547 0.377
28 46 70.285 0.511
28 47 47.461 4.262
28 48 76.013 0.431
28 49 77.058 0.543
39 31 73.004 0.717
39 44 43.721 0.547
39 1 54.071 7.533
39 3 39.79 0.242
39 10 52.449 0.029
39 12 60.399 0.057
39 16 67.33 0.795
39 17 56.878 0.321
39 18 30.601 0.024
39 21 40.597 0.001
39 22 50.932 0.026
39 24 65.814 0.058
39 25 57.156 0.725
39 27 60.08 0.272
39 29 73.4 1.072
39 30 58.698 0.57
39 32 60.762 0.295
39 33 49.116 0.245
39 34 67.238 0.03
39 35 33.978 1.032
39 36 60.374 1.402
39 37 35.23 0.021
39 40 57.054 2.26
39 43 68.337 0.052
39 45 57.757 4.392
39 46 69.322 0.269
39 47 72.382 0.813
39 48 73.232 0.072
39 49 73.9 0.315
31 44 44.686 2.27
31 1 65.238 0.915
31 3 51.489 2.136
31 10 42.946 1.061
31 12 70.027 2.914
31 16 47.294 0.219
31 17 53.814 1.497
31 18 35.343 0.514
31 21 63.445 0.427
31 22 57.249 9.78
31 24 30.954 0.284
31 25 41.089 0.956
31 27 29.059 0.259
31 29 78.699 0.904
31 30 57.77 0.144
31 32 74.055 0.591
31 33 56.167 0.311
31 34 41.548 2.422
31 35 44.901 0.249
31 36 43.906 0.025
31 37 52.941 0.435
31 40 61.086 1.055
31 43 47.315 0.263
31 45 91.007 0.081
31 46 47.292 0.081
31 47 46.353 2.132
31 48 73.797 0.165
31 49 55.415 0.849
44 1 41.25 0.445
44 3 50.536 0.174
44 10 51.286 0.164
44 12 62.219 0.1
44 16 46.781 0.315
44 17 84.573 0.307
44 18 47.538 0.041
44 21 48.647 0.252
44 22 50.891 0.25
44 24 60.222 0.25
44 25 53.948 1.323
44 27 48.691 2.501
44 29 32.538 0.709
44 30 94.245 0.248
44 32 37.852 0.283
44 33 29.939 0.267
44 34 73.628 2.785
44 35 60.499 0.08
44 36 68.551 0.802
44 37 69.68 0.709
44 40 31.981 0.027
44 43 27.784 0.528
44 45 83.489 0.34
44 46 31.047 0.309
44 47 90.362 0.328
44 48 50.776 0.79
44 49 69.492 1.825
48 3 47.68 0.995
48 12 85.405 0.089
48 1 68.945 1.336
48 27 59.067 1.156
48 10 83.526 1.483
48 16 70.566 0.288
48 17 74.689 0.717
48 18 50.848 0.78
48 21 39.935 0.25
48 22 37.688 0.081
48 24 78.863 1.411
48 25 62.069 4.581
48 29 29.886 0.118
48 30 59.4 2.651
48 32 66.508 0.4
48 33 68.067 0.83
48 34 59.4 0.575
48 35 63.822 0.251
48 36 74.023 2.291
48 37 43.308 0.222
48 40 38.962 0.236
48 43 34.235 0.112
48 45 75.231 0.467
48 46 83.807 0.305
48 47 63.528 0.534
48 49 70.87 0.242
3 12 62.899 0.331
3 1 54.071 0.154
3 27 61.063 2.384
3 10 35.431 0.024
3 16 48.912 0.513
3 17 74.256 1.503
3 18 71.665 0.024
3 21 35.662 0.753
3 22 56.213 2.46
3 24 51.695 2.577
3 25 68.673 0.529
3 29 38.442 1.84
3 30 40.415 1.2
3 32 42.755 0.063
3 33 33.525 0.388
3 34 55.04 0.316
3 35 86.131 0.094
3 36 48.867 0.28
3 37 65.157 0.371
3 40 58.725 0.772
3 43 45.856 0.261
3 45 65.971 0.05
3 46 52.156 0.068
3 47 85.576 2.543
3 49 50.561 0.024
12 1 75.599 2.882
12 27 83.176 0.451
12 10 77.166 0.651
12 16 55.142 0.129
12 17 36.978 0.329
12 18 53.929 0.272
12 21 43.5 1.06
12 22 50.598 2.917
12 24 78.806 0.309
12 25 41.707 0.301
12 29 62.387 0.257
12 30 30.478 0.064
12 32 48.684 0.354
12 33 44.42 1.047
12 34 70.534 0.025
12 35 69.926 0.769
12 36 68.981 0.367
12 37 47.74 0.446
12 40 38.846 0.321
12 43 67.089 2.482
12 45 70.936 0.745
12 46 49.682 1.017
12 47 76.259 0.045
12 49 70.716 0.307
1 27 50.883 1.331
1 10 27.924 0.214
1 16 41.259 0.523
1 17 67.644 0.152
1 18 48.955 0.269
1 21 53.828 1.647
1 22 69.956 4.95
1 24 39.32 0.027
1 25 62.019 0.074
1 29 83.484 0.713
1 30 74.045 1.433
1 32 61.731 0.326
1 33 89.621 0.336
1 34 40.17 0.525
1 35 56.74 0.194
1 36 53.492 0.571
1 37 32.03 0.623
1 40 42.304 0.754
1 43 73.759 0.397
1 45 50.914 0.017
1 46 30.496 1.617
1 47 57.769 5.569
1 49 62.789 1.013
27 10 38.633 0.285
27 16 61.924 0.11
27 17 32.161 0.002
27 18 51.436 0.014
27 21 67.286 0.09
27 22 72.656 1.174
27 24 52.818 0.794
27 25 53.124 0.711
27 29 73.016 0.126
27 30 47.026 0.251
27 32 34.05 1.215
27 33 50.418 0.31
27 34 69.593 0.106
27 35 81.818 0.594
27 36 55.953 0.746
27 37 37.206 2.098
27 40 62.414 0.16
27 43 53.227 0.689
27 45 89.347 1.178
27 46 68.579 0.095
27 47 50.166 0.795
27 49 54.136 3.804
29 45 38.572 1.139
29 36 63.017 1.571
29 34 76.817 1.646
29 25 71.996 0.466
29 10 28.937 0.345
29 16 78.269 0.117
29 17 76.001 0.267
29 18 50.468 0.303
29 21 53.452 0.14
29 22 68.302 1.08
29 24 68.745 0.694
29 30 76.276 0.691
29 32 56.406 0.019
29 33 67.685 1.514
29 35 35.69 1.622
29 37 35.63 0.026
29 40 69.016 0.275
29 43 80.756 0.144
29 46 47.484 0.025
29 47 38.845 0.887
29 49 30.814 0.544
45 36 41.732 0.28
45 34 82.632 2.25
45 25 75.527 1.273
45 10 30.022 0.111
45 16 66.894 0.527
45 17 51.459 0.284
45 18 81.68 0.056
45 21 68.999 0.244
45 22 49.094 0.094
45 24 42.162 0.018
45 30 32.28 0.422
45 32 47.187 0.019
45 33 44.155 0.714
45 35 57.073 0.016
45 37 54.929 1.187
45 40 76.948 0.746
45 43 50.863 0.109
45 46 78.332 0.093
45 47 34.618 0.669
45 49 33.53 0.603
36 34 84.994 0.427
36 25 43.286 1.726
36 10 68.978 0.068
36 16 63.707 0.087
36 17 43.724 0.342
36 18 74.87 2.433
36 21 64.839 0.072
36 22 72.139 5.042
36 24 54.546 1.216
36 30 30.976 2.056
36 32 53.309 0.66
36 33 79.713 0.187
36 35 49.429 0.289
36 37 39.997 0.464
36 40 62.023 0.147
36 43 65.121 0.752
36 46 59.034 0.231
36 47 73.359 0.636
36 49 63.309 1.216
34 25 38.874 0.328
34 10 60.301 0.118
34 16 48.945 0.274
34 17 70.795 0.887
34 18 47.473 0.866
34 21 71.347 2.829
34 22 33.347 1.387
34 24 54.224 0.078
34 30 40.033 0.02
34 32 62.744 0.446
34 33 67.779 5.115
34 35 37.141 0.314
34 37 63.655 3.952
34 40 37.273 0.275
34 43 71.085 0.371
34 46 62.895 0.152
34 47 70.664 4.409
34 49 33.045 0.332
25 10 42.589 0.234
25 16 51.333 1.366
25 17 58.355 2.879
25 18 54.164 0.239
25 21 43.862 0.127
25 22 69.916 0.162
25 24 43.421 1.267
25 30 66.678 1.689
25 32 73.178 0.03
25 33 67.794 0.349
25 35 54.159 0.336
25 37 33.993 1.476
25 40 90.893 1.666
25 43 57.73 3.919
25 46 61.83 0.069
25 47 48.496 0.253
25 49 49.291 0.651
33 21 82.44 0.057
33 37 66.159 0.292
33 24 48.986 0.688
33 10 37.399 0.192
33 16 39.481 0.271
33 47 37.44 0.001
33 43 39.773 0.056
33 40 82.182 0.08
33 17 41.914 0.022
33 18 66.502 0.083
33 22 39.97 2.203
33 30 40.744 0.305
33 32 36.184 0.249
33 35 29.888 0.108
33 46 93.535 0.084
33 49 58.328 2.947
21 37 84.249 0.082
21 24 70.615 0.227
21 10 55.502 0.284
21 16 71.195 0.662
21 47 60.359 0.045
21 43 86.767 0.273
21 40 74.902 0.676
21 17 51.974 2.878
21 18 46.679 0.859
21 22 49.454 2.745
21 30 62.282 0.019
21 32 33.379 0.564
21 35 59.998 0.32
21 46 40.455 1.482
21 49 44.378 1.694
37 24 47.057 0.274
37 10 62.301 0.209
37 16 58.408 0.255
37 47 82.255 0.114
37 43 73.319 0.065
37 40 47.162 0.748
37 17 32.892 0.564
37 18 44.479 2.03
37 22 61.15 0.43
37 30 38.833 2.06
37 32 67.15 2.877
37 35 59.23 0.164
37 46 59.073 0.08
37 49 59.89 2.243
24 10 82.807 0.044
24 16 48.165 0.912
24 47 69.136 0.107
24 43 75.068 0.099
24 40 51.05 0.227
24 17 57.035 0.102
24 18 61.092 1.125
24 22 41.941 0.52
24 30 51.392 1.096
24 32 62.467 0.095
24 35 57.591 0.135
24 46 82.952 0.281
24 49 74.138 0.77
10 16 80.212 0.864
10 47 50.788 0.064
10 43 72.874 0.105
10 40 46.106 0.414
10 17 54.208 0.635
10 18 54.808 0.192
10 22 79.851 0.077
10 30 63.498 0.029
10 32 79.351 5.122
10 35 84.386 0.674
10 46 63.929 0.776
10 49 46.037 0.056
16 47 74.163 0.086
16 43 43.724 0.22
16 40 83.701 0.243
16 17 60.91 0.902
16 18 46.084 1.801
16 22 33.154 0.064
16 30 45.962 0.163
16 32 49.693 0.476
16 35 44.769 0.022
16 46 26.518 0.242
16 49 42.481 1.211
47 43 59.35 1.121
47 40 39.104 0.58
47 17 40.042 0.479
47 18 87.939 0.295
47 22 34.206 0.552
47 30 66.553 0.47
47 32 46.197 0.647
47 35 52.481 0.531
47 46 86.752 4.906
47 49 71.532 0.576
43 40 67.507 0.455
43 17 69.68 0.243
43 18 70.662 0.002
43 22 85.732 1.014
43 30 47.517 0.18
43 32 84.364 1.974
43 35 40.145 1.17
43 46 36.228 0.027
43 49 82.041 0.098
40 17 74.888 1.192
40 18 44.707 0.299
40 22 43.482 1.148
40 30 73.186 0.255
40 32 53.212 0.161
40 35 44.323 1.209
40 46 71.311 1.003
40 49 61.649 0.095
17 35 63.426 0.628
17 49 53.069 1.819
17 18 83.231 0.271
17 46 71.641 0.954
17 22 42.973 1.583
17 30 37.241 0.775
17 32 43.041 0.26
35 49 59.347 2.195
35 18 45.659 1.085
35 46 44.705 0.246
35 22 66.369 0.258
35 30 49.614 0.019
35 32 39.701 0.278
49 18 84.1 1.161
49 46 75.665 2.592
49 22 54.182 1.009
49 30 75.903 1.556
49 32 48.121 1.076
18 46 73.218 0.154
18 22 41.1 0.021
18 30 74.81 0.739
18 32 43.947 0.268
46 22 76.757 0.45
46 30 35.809 1.063
46 32 62.213 1.206
32 30 52.256 2.612
32 22 83.543 0.715
30 22 68.413 7.783