50
9.166
0 1 21.236 0.032
0 2 11.012 0.551
0 3 5.25 0.127
0 4 8.429 0.038
0 5 32.994 1.062
0 6 3.321 0.347
0 7 6.399 0.187
0 8 2.223 0.238
0 9 0.843 0.142
0 10 4.0 0.936
0 11 40.499 0.131
0 12 0.022 0.443
0 13 0.078 0.905
0 14 0.052 0.378
0 15 21.188 0.73
0 16 0.545 0.576
0 17 22.401 0.483
0 18 1.753 0.028
0 19 0.009 1.04
0 20 3.649 0.078
0 21 28.681 0.972
0 22 10.474 0.558
0 23 2.32 0.403
0 24 0.167 0.546
0 25 33.698 0.814
0 26 5.666 0.827
0 27 3.569 0.514
0 28 0.404 0.279
0 29 2.207 0.592
0 30 17.858 0.35
0 31 3.784 1.018
0 32 0.915 0.789
0 33 1.827 0.767
0 34 17.524 1.004
0 35 4.004 0.957
0 36 10.999 0.569
0 37 2.045 0.61
0 38 2.549 0.897
0 39 11.521 0.778
0 40 3.916 0.793
0 41 6.618 0.266
0 42 9.683 0.42
0 43 16.094 0.66
0 44 0.467 0.087
0 45 33.056 0.371
0 46 10.852 0.789
0 47 0.725 0.77
0 48 1.028 0.121
0 49 0.12 0.523
1 2 23.0 0.03
1 3 10.179 0.012
1 4 10.68 0.056
1 5 1.817 0.297
1 6 17.759 0.015
1 7 34.022 0.074
1 8 10.149 0.651
1 9 0.849 0.488
1 10 0.963 0.794
1 11 14.924 0.698
1 12 37.692 0.04
1 13 5.118 0.002
1 14 3.357 0.448
1 15 7.934 1.037
1 16 56.182 0.401
1 17 0.553 0.421
1 18 0.327 0.685
1 19 0.05 0.036
1 20 27.737 1.077
1 21 8.156 0.052
1 22 9.179 0.02
1 23 6.823 0.314
1 24 4.842 0.233
1 25 30.474 0.472
1 26 28.265 0.082
1 27 5.803 0.383
1 28 0.068 0.137
1 29 0.056 0.2
1 30 4.833 0.501
1 31 6.346 0.349
1 32 46.038 0.086
1 33 7.499 0.063
1 34 0.177 0.036
1 35 7.016 0.607
1 36 5.615 0.175
1 37 24.792 0.022
1 38 21.147 0.05
1 39 2.121 0.028
1 40 9.327 0.737
1 41 2.46 0.27
1 42 7.852 0.092
1 43 4.111 0.192
1 44 2.871 0.001
1 45 13.667 0.546
1 46 42.716 0.348
1 47 1.554 0.065
1 48 0.403 0.737
1 49 5.434 0.245
2 3 6.53 0.027
2 4 15.292 0.031
2 5 4.182 0.71
2 6 15.03 0.35
2 7 13.313 0.259
2 8 16.812 0.021
2 9 5.15 0.218
2 10 5.566 0.994
2 11 1.731 0.078
2 12 0.011 0.19
2 13 21.168 0.011
2 14 15.602 0.068
2 15 14.405 0.193
2 16 14.952 0.047
2 17 6.41 0.213
2 18 1.424 0.163
2 19 15.35 0.208
2 20 0.036 0.074
2 21 17.814 0.53
2 22 13.179 0.257
2 23 2.27 0.191
2 24 17.503 0.082
2 25 2.159 0.707
2 26 8.962 0.116
2 27 29.441 0.104
2 28 11.548 0.07
2 29 3.453 0.005
2 30 17.048 0.884
2 31 21.75 0.229
2 32 0.374 0.036
2 33 13.831 0.079
2 34 1.313 0.033
2 35 4.166 0.146
2 36 13.36 0.518
2 37 0.654 0.097
2 38 2.097 0.013
2 39 8.652 0.074
2 40 0.228 0.878
2 41 1.715 0.278
2 42 1.947 0.282
2 43 0.343 0.053
2 44 6.906 0.099
2 45 8.829 0.853
2 46 4.695 0.17
2 47 31.657 0.083
2 48 4.035 0.048
2 49 2.279 0.032
3 4 4.307 0.012
3 5 9.879 0.204
3 6 16.296 0.438
3 7 0.08 0.438
3 8 0.011 0.002
3 9 0.0 0.079
3 10 7.507 1.961
3 11 4.66 0.003
3 12 0.021 0.148
3 13 1.548 0.001
3 14 3.648 0.004
3 15 0.39 1.165
3 16 1.584 0.003
3 17 23.091 0.135
3 18 0.332 0.045
3 19 0.122 0.167
3 20 0.01 0.161
3 21 1.737 0.647
3 22 1.297 0.103
3 23 0.12 0.007
3 24 10.618 0.048
3 25 1.778 0.775
3 26 1.296 0.126
3 27 1.581 0.081
3 28 17.019 0.076
3 29 0.477 0.061
3 30 1.312 0.319
3 31 0.18 0.7
3 32 2.64 0.0
3 33 18.04 0.006
3 34 4.012 0.133
3 35 0.356 0.217
3 36 0.923 0.319
3 37 0.126 0.451
3 38 0.797 0.009
3 39 10.842 0.044
3 40 0.029 1.124
3 41 0.309 0.07
3 42 0.13 0.007
3 43 1.229 0.009
3 44 0.308 0.112
3 45 4.65 0.434
3 46 1.755 0.189
3 47 15.655 0.166
3 48 3.887 0.021
3 49 0.138 0.124
4 5 3.518 0.223
4 6 2.513 0.335
4 7 10.369 0.1
4 8 4.132 0.173
4 9 12.593 0.098
4 10 9.618 1.863
4 11 0.797 0.001
4 12 0.018 0.003
4 13 10.204 0.0
4 14 11.697 0.002
4 15 0.059 1.601
4 16 0.781 0.073
4 17 0.005 0.119
4 18 26.372 0.0
4 19 3.764 0.134
4 20 0.832 0.172
4 21 1.533 1.251
4 22 2.037 0.023
4 23 5.431 0.001
4 24 22.929 0.0
4 25 0.283 1.682
4 26 1.476 0.064
4 27 13.306 0.095
4 28 13.561 0.064
4 29 2.578 0.069
4 30 1.105 0.695
4 31 4.506 0.021
4 32 0.03 0.12
4 33 4.707 0.042
4 34 9.609 0.031
4 35 0.086 0.166
4 36 3.134 0.803
4 37 0.823 0.252
4 38 4.126 0.011
4 39 6.82 0.003
4 40 0.113 2.4
4 41 0.004 0.006
4 42 0.029 0.067
4 43 3.678 0.0
4 44 0.043 0.346
4 45 7.064 0.518
4 46 4.657 0.094
4 47 7.185 0.178
4 48 10.384 0.103
4 49 4.53 0.007
5 6 11.958 0.404
5 7 9.125 0.258
5 8 24.561 0.004
5 9 12.916 0.195
5 10 3.36 0.032
5 11 39.546 0.428
5 12 6.952 0.991
5 13 6.793 0.815
5 14 0.558 0.768
5 15 41.639 0.837
5 16 2.795 0.746
5 17 4.937 0.025
5 18 6.519 1.096
5 19 2.19 0.607
5 20 1.883 0.701
5 21 30.818 0.725
5 22 15.921 0.929
5 23 2.513 0.451
5 24 6.918 0.526
5 25 42.309 0.014
5 26 12.174 0.728
5 27 1.875 0.93
5 28 1.784 0.201
5 29 0.284 0.739
5 30 11.044 0.328
5 31 5.894 0.375
5 32 8.192 0.045
5 33 28.281 0.548
5 34 0.296 0.354
5 35 11.108 0.083
5 36 14.776 0.786
5 37 6.293 0.863
5 38 17.953 0.502
5 39 1.377 0.092
5 40 6.216 0.142
5 41 2.841 0.797
5 42 18.596 0.471
5 43 21.338 0.712
5 44 1.149 0.52
5 45 16.52 0.048
5 46 32.972 0.564
5 47 4.156 1.054
5 48 1.781 0.303
5 49 0.157 0.941
6 7 21.113 0.01
6 8 9.975 0.007
6 9 12.059 0.009
6 10 5.23 0.581
6 11 7.812 0.298
6 12 12.629 0.005
6 13 7.032 0.108
6 14 14.772 0.016
6 15 0.204 0.07
6 16 32.673 0.421
6 17 6.795 0.681
6 18 2.743 0.136
6 19 8.016 0.105
6 20 7.417 0.469
6 21 22.317 0.22
6 22 15.538 0.018
6 23 6.561 0.106
6 24 2.419 0.466
6 25 14.504 0.335
6 26 31.236 0.373
6 27 2.725 0.083
6 28 1.349 0.293
6 29 2.337 0.094
6 30 11.271 0.084
6 31 25.702 0.403
6 32 3.76 0.149
6 33 4.9 0.122
6 34 2.676 0.309
6 35 0.736 0.218
6 36 12.191 0.381
6 37 20.387 0.218
6 38 14.893 0.079
6 39 1.126 0.646
6 40 6.305 0.73
6 41 6.685 0.143
6 42 0.042 0.089
6 43 0.835 0.09
6 44 5.85 0.269
6 45 37.442 0.551
6 46 5.891 0.216
6 47 8.221 0.047
6 48 1.842 0.015
6 49 0.258 0.012
7 8 10.046 0.014
7 9 24.022 0.014
7 10 26.066 0.729
7 11 5.1 0.123
7 12 14.067 0.054
7 13 6.172 0.003
7 14 2.091 0.024
7 15 1.139 0.668
7 16 5.42 0.19
7 17 25.132 0.136
7 18 12.493 0.229
7 19 10.399 0.127
7 20 0.083 0.011
7 21 3.343 0.944
7 22 1.433 0.022
7 23 15.127 0.222
7 24 8.851 0.029
7 25 1.831 0.329
7 26 0.062 0.257
7 27 34.932 0.176
7 28 8.49 0.328
7 29 1.419 0.082
7 30 6.448 0.115
7 31 5.656 0.848
7 32 34.006 0.682
7 33 11.596 0.02
7 34 0.807 0.088
7 35 1.653 1.046
7 36 6.433 0.292
7 37 1.652 0.174
7 38 2.122 0.24
7 39 8.944 0.137
7 40 0.453 0.558
7 41 1.238 0.02
7 42 0.811 0.32
7 43 5.052 0.133
7 44 1.932 0.134
7 45 1.351 0.145
7 46 23.212 0.603
7 47 32.382 0.112
7 48 2.096 0.075
7 49 0.437 0.043
8 9 13.506 0.001
8 10 5.078 0.262
8 11 4.337 0.384
8 12 1.163 0.024
8 13 5.956 0.088
8 14 10.486 0.106
8 15 0.211 0.183
8 16 33.371 0.364
8 17 6.289 0.052
8 18 9.475 0.334
8 19 6.904 0.071
8 20 19.945 0.098
8 21 1.979 0.089
8 22 1.122 0.095
8 23 5.714 0.054
8 24 7.047 0.612
8 25 6.726 0.068
8 26 2.213 0.856
8 27 10.187 0.292
8 28 24.404 0.007
8 29 0.319 0.001
8 30 5.132 0.593
8 31 0.092 0.205
8 32 2.311 0.074
8 33 0.64 0.087
8 34 25.924 0.106
8 35 1.171 1.098
8 36 2.545 0.284
8 37 0.27 0.397
8 38 0.059 0.103
8 39 25.92 0.033
8 40 0.608 0.629
8 41 0.433 0.325
8 42 0.19 0.036
8 43 0.928 0.004
8 44 0.928 0.004
8 45 0.443 0.25
8 46 0.79 0.603
8 47 6.982 0.336
8 48 41.648 0.285
8 49 2.437 0.023
9 10 2.939 0.24
9 11 4.107 0.005
9 12 3.004 0.434
9 13 17.965 0.1
9 14 7.831 0.089
9 15 0.734 0.65
9 16 0.041 0.957
9 17 9.23 0.009
9 18 23.706 0.645
9 19 28.212 0.005
9 20 2.502 0.106
9 21 0.821 0.865
9 22 0.058 0.108
9 23 0.518 0.048
9 24 23.805 0.276
9 25 3.295 0.085
9 26 0.202 1.443
9 27 1.403 0.228
9 28 4.391 0.047
9 29 3.001 0.001
9 30 7.598 0.893
9 31 0.012 0.212
9 32 0.393 0.003
9 33 2.702 0.137
9 34 2.97 0.01
9 35 1.184 0.905
9 36 0.231 0.218
9 37 1.331 0.226
9 38 0.635 0.001
9 39 2.138 0.006
9 40 0.014 0.494
9 41 0.007 0.183
9 42 0.011 0.24
9 43 0.233 0.024
9 44 0.585 0.011
9 45 1.434 0.134
9 46 1.536 0.262
9 47 0.868 0.662
9 48 1.66 0.059
9 49 21.959 0.06
10 11 17.369 0.049
10 12 10.648 0.346
10 13 14.791 0.061
10 14 0.098 0.301
10 15 16.786 0.882
10 16 1.398 0.969
10 17 19.772 0.12
10 18 3.277 0.419
10 19 1.541 0.359
10 20 25.131 0.709
10 21 11.3 0.011
10 22 2.314 0.355
10 23 0.908 0.55
10 24 1.712 0.547
10 25 5.574 0.988
10 26 18.53 0.735
10 27 16.803 0.655
10 28 1.316 1.033
10 29 0.136 0.058
10 30 14.618 0.942
10 31 4.347 0.29
10 32 2.71 0.209
10 33 18.896 0.173
10 34 1.237 0.098
10 35 8.119 0.904
10 36 26.477 0.065
10 37 5.718 1.055
10 38 2.357 0.822
10 39 0.213 0.388
10 40 4.665 1.085
10 41 9.741 0.83
10 42 6.869 0.138
10 43 11.499 0.761
10 44 9.237 0.643
10 45 36.76 1.009
10 46 2.251 0.66
10 47 0.375 0.288
10 48 2.225 0.289
10 49 0.329 0.345
11 12 12.777 0.07
11 13 13.586 0.028
11 14 19.927 0.007
11 15 1.704 0.434
11 16 32.317 0.563
11 17 7.927 0.32
11 18 3.07 0.416
11 19 6.785 0.136
11 20 5.319 0.33
11 21 10.128 0.992
11 22 8.269 0.544
11 23 2.928 0.358
11 24 26.469 0.01
11 25 58.743 0.065
11 26 1.623 0.643
11 27 1.654 0.217
11 28 1.56 0.069
11 29 0.007 0.183
11 30 1.056 0.176
11 31 11.443 0.865
11 32 22.225 0.544
11 33 14.44 0.502
11 34 7.246 0.118
11 35 7.415 0.334
11 36 5.232 0.791
11 37 3.263 0.057
11 38 21.079 0.096
11 39 11.432 0.057
11 40 3.714 0.698
11 41 0.211 0.216
11 42 9.892 0.028
11 43 12.237 0.174
11 44 0.158 0.126
11 45 48.876 0.899
11 46 14.233 0.001
11 47 0.289 0.511
11 48 0.256 0.689
11 49 0.004 0.126
12 13 13.002 0.009
12 14 1.931 0.001
12 15 12.902 0.524
12 16 7.76 0.362
12 17 15.141 0.186
12 18 0.325 0.088
12 19 2.055 0.182
12 20 0.19 0.42
12 21 23.171 0.341
12 22 12.567 0.172
12 23 0.568 0.003
12 24 0.011 0.21
12 25 3.37 0.296
12 26 19.724 0.742
12 27 10.403 0.012
12 28 0.826 0.082
12 29 2.633 0.544
12 30 13.988 0.401
12 31 16.946 0.235
12 32 4.538 0.286
12 33 1.727 0.013
12 34 0.319 0.35
12 35 0.376 0.999
12 36 2.264 0.03
12 37 4.722 0.097
12 38 7.492 0.001
12 39 9.534 0.33
12 40 2.814 1.099
12 41 0.194 0.11
12 42 1.907 0.658
12 43 0.563 0.005
12 44 0.528 0.172
12 45 1.108 1.013
12 46 30.61 0.185
12 47 1.995 0.019
12 48 0.932 0.017
12 49 2.29 0.196
13 14 16.007 0.013
13 15 5.693 0.459
13 16 11.973 0.676
13 17 8.768 0.319
13 18 5.84 0.004
13 19 19.322 0.057
13 20 0.419 0.982
13 21 8.197 0.103
13 22 11.912 0.03
13 23 20.899 0.001
13 24 2.979 0.071
13 25 0.962 0.925
13 26 0.758 0.64
13 27 18.303 0.01
13 28 27.072 0.147
13 29 8.355 0.019
13 30 8.938 1.06
13 31 0.018 0.083
13 32 3.11 0.132
13 33 12.705 0.175
13 34 14.42 0.331
13 35 0.11 0.711
13 36 1.704 0.052
13 37 15.702 0.157
13 38 0.647 0.002
13 39 8.751 0.097
13 40 1.648 0.747
13 41 0.84 0.041
13 42 0.941 0.037
13 43 3.5 0.036
13 44 0.566 0.005
13 45 0.045 1.067
13 46 2.181 0.011
13 47 24.176 0.099
13 48 13.778 0.069
13 49 15.923 0.009
14 15 1.712 0.42
14 16 5.394 1.633
14 17 0.429 0.015
14 18 8.31 0.008
14 19 0.816 0.094
14 20 1.048 0.887
14 21 1.071 0.343
14 22 1.05 0.023
14 23 1.841 0.001
14 24 3.248 0.015
14 25 0.126 0.204
14 26 2.991 2.175
14 27 15.837 0.025
14 28 3.781 0.327
14 29 4.689 0.011
14 30 1.113 1.49
14 31 0.871 0.064
14 32 14.105 0.182
14 33 2.806 0.034
14 34 9.074 0.001
14 35 0.043 1.221
14 36 0.29 0.026
14 37 0.627 0.009
14 38 2.364 0.005
14 39 8.913 0.051
14 40 0.492 1.811
14 41 0.125 0.222
14 42 0.06 0.011
14 43 0.285 0.059
14 44 0.017 0.006
14 45 0.005 0.786
14 46 1.694 0.032
14 47 16.185 0.043
14 48 14.17 0.086
14 49 5.502 0.226
15 16 20.651 0.026
15 17 4.133 0.157
15 18 2.469 0.051
15 19 16.935 0.22
15 20 1.143 0.857
15 21 32.909 0.886
15 22 2.819 0.752
15 23 5.214 0.513
15 24 0.38 0.22
15 25 12.362 0.073
15 26 3.572 0.693
15 27 24.885 1.052
15 28 2.733 0.925
15 29 0.399 0.543
15 30 23.746 0.437
15 31 0.166 0.128
15 32 8.193 0.83
15 33 5.284 0.138
15 34 4.444 0.512
15 35 10.166 0.407
15 36 5.074 0.932
15 37 1.925 1.002
15 38 8.185 1.074
15 39 5.372 1.093
15 40 3.324 0.721
15 41 6.564 0.134
15 42 5.372 0.615
15 43 11.624 0.901
15 44 3.259 0.793
15 45 12.029 0.968
15 46 18.249 0.042
15 47 5.086 0.87
15 48 3.003 0.782
15 49 2.623 0.665
16 17 15.131 0.021
16 18 24.437 0.003
16 19 14.196 0.295
16 20 11.998 1.08
16 21 3.066 0.006
16 22 2.178 0.146
16 23 20.003 0.131
16 24 2.865 0.236
16 25 55.056 0.308
16 26 3.67 0.329
16 27 4.483 0.086
16 28 6.015 0.223
16 29 4.193 0.365
16 30 15.88 0.547
16 31 33.043 0.312
16 32 14.47 0.071
16 33 4.776 0.011
16 34 6.245 0.294
16 35 4.359 0.478
16 36 18.735 0.142
16 37 9.04 0.095
16 38 5.76 0.135
16 39 15.431 0.058
16 40 3.309 0.108
16 41 3.109 0.12
16 42 6.893 0.606
16 43 16.402 0.036
16 44 1.127 0.107
16 45 19.746 0.975
16 46 29.113 0.845
16 47 10.214 0.016
16 48 12.8 0.093
16 49 0.922 0.175
17 18 14.565 0.024
17 19 18.636 0.08
17 20 0.417 0.168
17 21 8.957 0.839
17 22 5.411 0.004
17 23 0.856 0.269
17 24 27.544 0.451
17 25 0.779 0.231
17 26 28.694 0.356
17 27 21.738 0.114
17 28 0.384 0.189
17 29 0.158 0.025
17 30 0.024 0.672
17 31 2.914 0.493
17 32 17.112 0.013
17 33 25.379 0.231
17 34 3.714 0.03
17 35 1.424 0.951
17 36 8.764 0.021
17 37 16.266 0.095
17 38 19.758 0.268
17 39 4.928 0.244
17 40 6.46 0.967
17 41 0.042 0.681
17 42 3.736 0.299
17 43 1.0 0.007
17 44 4.579 0.011
17 45 20.863 0.668
17 46 1.626 0.257
17 47 14.772 0.001
17 48 10.138 0.021
17 49 4.842 0.046
18 19 22.292 0.028
18 20 13.173 1.234
18 21 3.133 0.283
18 22 9.744 0.002
18 23 2.02 0.002
18 24 15.604 0.006
18 25 0.133 1.03
18 26 3.517 0.444
18 27 17.039 0.242
18 28 22.715 0.06
18 29 5.731 0.007
18 30 2.268 1.03
18 31 0.328 0.017
18 32 5.804 0.002
18 33 0.306 0.24
18 34 12.298 0.097
18 35 0.011 0.235
18 36 0.487 0.15
18 37 0.793 0.217
18 38 1.117 0.396
18 39 16.109 0.23
18 40 0.154 0.103
18 41 1.295 0.894
18 42 3.094 0.365
18 43 0.051 0.008
18 44 0.261 0.006
18 45 14.162 0.949
18 46 14.391 0.034
18 47 23.653 0.003
18 48 2.382 0.023
18 49 1.635 0.031
19 20 3.321 0.777
19 21 3.701 1.073
19 22 3.347 0.002
19 23 0.602 0.001
19 24 1.289 0.002
19 25 0.367 0.329
19 26 2.468 0.954
19 27 2.297 0.151
19 28 4.361 0.246
19 29 0.005 0.004
19 30 0.048 0.901
19 31 0.746 0.014
19 32 3.203 0.001
19 33 6.637 0.027
19 34 4.322 0.014
19 35 0.094 0.197
19 36 0.658 0.157
19 37 0.765 0.349
19 38 0.639 0.777
19 39 0.194 0.336
19 40 0.345 0.753
19 41 0.197 0.452
19 42 0.015 0.841
19 43 0.183 0.014
19 44 1.21 0.0
19 45 13.477 1.378
19 46 0.273 0.058
19 47 4.117 0.02
19 48 6.977 0.001
19 49 26.122 0.0
20 21 16.619 0.245
20 22 3.45 0.045
20 23 2.289 0.233
20 24 10.167 0.157
20 25 9.671 0.728
20 26 7.413 0.84
20 27 12.917 0.972
20 28 0.31 0.545
20 29 0.499 0.49
20 30 24.412 0.926
20 31 4.432 0.214
20 32 0.777 0.058
20 33 0.266 0.478
20 34 0.22 0.243
20 35 4.313 0.246
20 36 6.363 0.63
20 37 7.588 1.0
20 38 3.306 0.297
20 39 6.532 0.045
20 40 11.715 0.871
20 41 2.862 1.016
20 42 8.942 0.949
20 43 7.265 0.374
20 44 1.075 1.011
20 45 25.405 0.866
20 46 2.413 0.612
20 47 0.119 0.404
20 48 2.895 0.405
20 49 1.028 0.98
21 22 6.013 0.02
21 23 19.701 0.057
21 24 17.458 0.11
21 25 30.35 0.896
21 26 11.657 0.037
21 27 1.095 0.054
21 28 4.14 0.286
21 29 4.211 0.024
21 30 1.062 0.375
21 31 12.768 0.781
21 32 18.095 1.009
21 33 6.189 0.027
21 34 15.714 0.198
21 35 4.056 1.003
21 36 1.414 0.075
21 37 21.818 0.057
21 38 6.179 0.474
21 39 24.587 0.617
21 40 1.35 0.474
21 41 3.336 0.151
21 42 10.003 0.302
21 43 12.499 0.222
21 44 5.656 0.04
21 45 55.169 1.076
21 46 3.327 0.009
21 47 0.472 0.548
21 48 0.463 0.338
21 49 0.027 0.07
22 23 2.313 0.025
22 24 24.647 0.005
22 25 23.11 0.446
22 26 9.034 0.426
22 27 2.516 0.066
22 28 1.711 0.026
22 29 0.036 0.244
22 30 13.488 0.291
22 31 8.587 0.24
22 32 3.579 0.242
22 33 7.533 0.058
22 34 1.097 0.384
22 35 3.51 1.063
22 36 10.699 0.163
22 37 0.26 0.161
22 38 21.101 0.119
22 39 0.598 0.211
22 40 0.512 0.4
22 41 1.397 0.569
22 42 0.681 0.344
22 43 1.335 0.007
22 44 2.723 0.149
22 45 3.676 0.126
22 46 31.544 0.255
22 47 0.556 0.436
22 48 0.309 0.155
22 49 0.291 0.019
23 24 6.338 0.003
23 25 3.03 0.11
23 26 11.437 0.004
23 27 2.543 0.585
23 28 8.177 0.145
23 29 0.72 0.09
23 30 0.141 0.292
23 31 6.616 0.483
23 32 12.261 0.407
23 33 5.357 0.006
23 34 1.117 0.02
23 35 1.213 0.747
23 36 11.755 0.027
23 37 0.189 0.353
23 38 3.123 0.026
23 39 0.989 0.039
23 40 0.033 0.906
23 41 2.797 0.836
23 42 0.035 0.581
23 43 3.059 0.165
23 44 0.796 0.134
23 45 0.751 0.163
23 46 9.334 0.655
23 47 19.934 0.055
23 48 0.596 0.05
23 49 0.006 0.0
24 25 2.41 0.831
24 26 2.017 0.338
24 27 36.489 0.891
24 28 2.597 0.054
24 29 1.75 0.01
24 30 1.641 0.534
24 31 3.898 0.863
24 32 0.36 0.871
24 33 4.702 0.236
24 34 6.204 0.064
24 35 1.732 1.835
24 36 5.326 0.015
24 37 0.062 0.067
24 38 1.696 0.0
24 39 2.643 0.005
24 40 0.0 0.587
24 41 0.225 1.834
24 42 0.007 0.933
24 43 2.5 0.127
24 44 0.111 0.393
24 45 0.599 1.082
24 46 6.87 0.705
24 47 29.212 0.266
24 48 4.831 0.02
24 49 11.001 0.049
25 26 21.452 0.069
25 27 22.572 0.099
25 28 13.477 0.236
25 29 11.323 0.378
25 30 15.69 0.953
25 31 10.189 0.861
25 32 11.297 0.503
25 33 9.31 0.661
25 34 17.17 0.332
25 35 8.012 1.052
25 36 14.879 0.179
25 37 21.855 0.051
25 38 8.325 0.646
25 39 4.719 0.292
25 40 0.79 0.173
25 41 4.663 0.647
25 42 15.583 0.044
25 43 23.316 0.525
25 44 2.891 0.94
25 45 27.099 1.067
25 46 29.086 0.062
25 47 6.93 0.985
25 48 5.314 0.22
25 49 0.014 0.075
26 27 19.381 0.016
26 28 0.567 0.058
26 29 4.494 0.057
26 30 18.49 0.444
26 31 15.61 0.234
26 32 3.069 0.466
26 33 2.759 0.217
26 34 4.976 0.293
26 35 0.265 0.435
26 36 4.566 0.588
26 37 6.208 0.085
26 38 3.779 0.052
26 39 29.168 0.466
26 40 6.141 0.697
26 41 4.853 0.066
26 42 1.877 0.541
26 43 4.125 0.265
26 44 2.866 0.011
26 45 33.958 0.407
26 46 8.298 0.82
26 47 2.791 0.072
26 48 0.256 0.238
26 49 0.291 0.059
27 28 24.174 0.002
27 29 8.939 0.001
27 30 0.296 0.983
27 31 9.216 0.119
27 32 31.025 0.048
27 33 20.694 0.018
27 34 9.854 0.21
27 35 5.442 0.133
27 36 7.808 0.084
27 37 0.697 0.79
27 38 0.532 0.073
27 39 1.786 0.179
27 40 6.255 0.222
27 41 1.655 0.719
27 42 2.155 0.15
27 43 1.096 0.055
27 44 0.721 0.006
27 45 13.933 0.521
27 46 17.932 0.01
27 47 3.821 0.224
27 48 13.048 0.157
27 49 6.634 0.095
28 29 6.689 0.0
28 30 6.672 0.129
28 31 1.248 0.854
28 32 0.418 0.004
28 33 13.604 0.009
28 34 0.407 0.056
28 35 2.165 0.723
28 36 0.5 0.039
28 37 1.102 0.072
28 38 17.427 0.152
28 39 3.777 0.014
28 40 0.126 0.683
28 41 0.02 0.113
28 42 0.06 0.0
28 43 0.333 0.104
28 44 3.396 0.033
28 45 8.946 1.261
28 46 2.104 0.007
28 47 27.799 0.295
28 48 1.214 0.109
28 49 0.229 0.488
29 30 0.65 1.838
29 31 0.104 0.857
29 32 0.279 0.065
29 33 6.999 0.002
29 34 0.078 0.017
29 35 0.037 1.38
29 36 7.404 0.028
29 37 0.29 0.072
29 38 0.594 0.001
29 39 0.075 0.03
29 40 0.066 0.856
29 41 0.01 0.136
29 42 0.013 0.148
29 43 0.051 0.019
29 44 0.098 0.084
29 45 2.568 0.784
29 46 2.288 0.111
29 47 6.64 0.771
29 48 7.907 0.179
29 49 8.219 0.159
30 31 5.776 0.003
30 32 5.07 0.463
30 33 17.275 0.324
30 34 14.077 0.079
30 35 10.993 1.034
30 36 30.699 0.225
30 37 0.184 0.824
30 38 0.207 0.467
30 39 0.058 1.079
30 40 5.623 0.505
30 41 8.663 1.066
30 42 0.035 0.168
30 43 9.776 0.697
30 44 7.755 0.766
30 45 2.293 0.659
30 46 2.965 0.9
30 47 2.324 1.009
30 48 25.835 0.578
30 49 8.683 0.686
31 32 15.607 0.012
31 33 12.155 0.009
31 34 3.823 0.026
31 35 0.616 0.069
31 36 5.082 0.251
31 37 26.248 0.18
31 38 4.043 0.034
31 39 0.931 0.26
31 40 2.785 1.006
31 41 0.159 0.063
31 42 6.109 0.803
31 43 8.242 0.02
31 44 1.146 0.008
31 45 12.264 0.094
31 46 8.499 0.166
31 47 10.92 0.334
31 48 1.926 0.375
31 49 2.359 0.033
32 33 19.207 0.0
32 34 10.13 0.0
32 35 1.31 0.933
32 36 0.031 0.465
32 37 2.744 0.053
32 38 10.161 0.244
32 39 26.649 0.147
32 40 2.243 0.549
32 41 2.16 0.228
32 42 3.37 0.153
32 43 0.778 0.04
32 44 0.605 0.052
32 45 19.472 0.413
32 46 11.021 0.478
32 47 3.785 0.356
32 48 14.098 0.01
32 49 1.365 0.18
33 34 4.918 0.0
33 35 0.694 1.113
33 36 0.157 0.007
33 37 0.394 0.026
33 38 17.151 0.047
33 39 0.901 0.422
33 40 2.782 1.205
33 41 0.172 0.079
33 42 9.984 0.166
33 43 1.597 0.039
33 44 0.025 0.067
33 45 27.028 0.714
33 46 5.072 0.705
33 47 13.288 0.299
33 48 3.727 0.041
33 49 2.997 0.019
34 35 1.133 0.512
34 36 0.064 0.252
34 37 0.569 0.117
34 38 2.17 0.088
34 39 6.217 0.474
34 40 0.029 0.74
34 41 0.044 0.181
34 42 0.083 0.2
34 43 7.55 0.031
34 44 0.74 0.007
34 45 13.152 0.488
34 46 13.251 0.416
34 47 5.762 0.76
34 48 0.1 0.002
34 49 0.544 0.0
35 36 9.224 0.05
35 37 0.055 0.441
35 38 2.698 0.2
35 39 4.126 0.126
35 40 8.214 0.317
35 41 3.718 0.391
35 42 2.105 1.033
35 43 0.642 0.281
35 44 0.6 0.095
35 45 2.83 0.989
35 46 12.016 0.195
35 47 0.906 0.245
35 48 0.14 0.384
35 49 0.023 0.678
36 37 1.21 0.017
36 38 3.29 0.048
36 39 22.498 0.004
36 40 0.096 0.335
36 41 2.865 0.589
36 42 12.662 0.011
36 43 17.364 0.459
36 44 2.443 0.095
36 45 34.387 0.227
36 46 0.93 0.275
36 47 0.789 0.513
36 48 0.028 0.402
36 49 0.031 0.126
37 38 21.608 0.008
37 39 7.314 0.019
37 40 0.62 0.849
37 41 2.023 0.016
37 42 2.27 0.014
37 43 5.08 0.08
37 44 3.907 0.35
37 45 24.285 0.182
37 46 1.909 0.83
37 47 3.155 0.124
37 48 0.491 0.052
37 49 0.145 0.107
38 39 8.105 0.001
38 40 0.88 0.982
38 41 1.844 0.07
38 42 1.618 0.104
38 43 1.918 0.042
38 44 2.964 0.06
38 45 11.364 0.728
38 46 22.407 0.002
38 47 0.436 0.198
38 48 0.618 0.055
38 49 0.016 0.004
39 40 1.777 0.75
39 41 0.342 0.13
39 42 0.558 0.22
39 43 2.573 0.046
39 44 0.347 0.201
39 45 2.138 0.146
39 46 18.277 0.888
39 47 6.352 0.05
39 48 6.598 0.028
39 49 0.452 0.001
40 41 1.685 0.507
40 42 0.05 0.166
40 43 7.668 0.045
40 44 4.213 0.164
40 45 0.624 0.002
40 46 5.838 1.015
40 47 0.854 0.826
40 48 4.777 0.669
40 49 0.084 0.959
41 42 1.24 0.005
41 43 7.281 0.001
41 44 1.003 0.019
41 45 0.953 0.701
41 46 4.587 0.021
41 47 4.17 0.057
41 48 0.107 0.276
41 49 1.338 0.001
42 43 13.754 0.0
42 44 4.647 0.009
42 45 2.348 0.04
42 46 3.413 0.674
42 47 12.641 0.083
42 48 0.714 0.069
42 49 0.073 0.01
43 44 0.786 0.0
43 45 18.742 0.831
43 46 6.066 0.945
43 47 3.571 0.031
43 48 0.661 0.056
43 49 0.273 0.015
44 45 10.548 1.073
44 46 0.067 1.448
44 47 0.033 0.059
44 48 0.001 0.117
44 49 0.0 0.014
45 46 23.332 0.402
45 47 15.025 0.027
45 48 23.442 0.356
45 49 24.996 0.069
46 47 17.576 0.007
46 48 18.896 0.002
46 49 5.161 0.024
47 48 23.889 0.002
47 49 1.66 0.014
48 49 10.498 0.006