50
80.483
0 1 12.527 1.208
0 2 7.665 0.124
0 3 11.036 0.011
0 4 10.099 0.198
0 5 16.037 0.896
0 6 10.397 0.591
0 7 11.274 0.499
0 8 10.707 0.199
0 9 13.011 0.803
0 10 11.414 1.103
0 11 8.39 0.87
0 12 11.313 1.694
0 13 12.384 0.615
0 14 15.602 0.222
0 15 12.444 0.549
0 16 26.752 0.384
0 17 12.769 0.438
0 18 13.461 0.353
0 19 15.262 0.597
0 20 11.061 0.397
0 21 15.14 1.847
0 22 26.644 0.61
0 23 9.085 0.825
0 24 12.274 1.263
0 25 27.202 0.03
0 26 10.826 0.54
0 27 11.001 0.087
0 28 12.56 0.352
0 29 13.235 0.099
0 30 10.755 1.066
0 31 11.458 0.938
0 32 10.781 0.707
0 33 10.248 0.161
0 34 12.267 0.854
0 35 12.906 0.643
0 36 7.043 0.949
0 37 8.381 0.908
0 38 15.435 0.72
0 39 11.678 0.55
0 40 10.031 1.017
0 41 8.823 1.083
0 42 14.352 0.154
0 43 13.749 0.137
0 44 9.298 0.289
0 45 15.685 0.901
0 46 28.758 0.75
0 47 12.105 1.504
0 48 9.424 0.118
0 49 13.856 0.689
1 2 25.791 0.87
1 3 13.109 0.163
1 4 10.812 1.072
1 5 11.78 0.718
1 6 14.116 0.254
1 7 11.454 0.077
1 8 8.959 0.745
1 9 10.41 0.637
1 10 13.624 0.37
1 11 30.078 0.528
1 12 10.419 0.712
1 13 13.739 0.237
1 14 11.509 0.648
1 15 12.587 0.094
1 16 16.011 0.091
1 17 11.786 0.42
1 18 9.582 0.4
1 19 15.824 0.673
1 20 9.851 0.243
1 21 9.575 1.132
1 22 11.085 1.255
1 23 11.328 0.551
1 24 13.181 0.5
1 25 12.634 0.02
1 26 11.874 0.174
1 27 13.261 0.188
1 28 12.736 0.907
1 29 13.36 0.647
1 30 12.195 0.994
1 31 10.375 1.368
1 32 13.527 0.693
1 33 9.461 0.658
1 34 10.806 0.493
1 35 12.219 1.179
1 36 12.937 0.832
1 37 29.182 0.595
1 38 14.273 1.032
1 39 10.021 1.069
1 40 10.092 0.469
1 41 11.764 0.456
1 42 13.94 1.118
1 43 14.207 0.019
1 44 11.638 0.159
1 45 11.237 0.576
1 46 13.871 0.987
1 47 12.487 0.062
1 48 13.027 0.502
1 49 10.342 0.416
2 3 14.781 0.589
2 4 9.172 0.684
2 5 10.453 0.498
2 6 10.704 0.007
2 7 12.137 0.183
2 8 7.801 0.066
2 9 8.072 0.373
2 10 12.015 0.54
2 11 38.881 0.555
2 12 11.637 0.19
2 13 13.072 1.156
2 14 7.954 0.684
2 15 14.135 0.494
2 16 14.171 0.408
2 17 13.981 0.855
2 18 9.086 0.621
2 19 13.442 0.7
2 20 9.572 0.575
2 21 8.032 0.064
2 22 13.84 1.04
2 23 6.453 0.205
2 24 9.5 0.22
2 25 11.288 0.928
2 26 12.553 0.352
2 27 14.239 1.012
2 28 11.896 0.829
2 29 14.039 0.619
2 30 12.387 1.088
2 31 13.606 0.038
2 32 13.559 0.568
2 33 12.2 0.824
2 34 13.421 0.28
2 35 10.511 0.366
2 36 7.816 0.427
2 37 38.039 0.589
2 38 12.441 0.437
2 39 13.285 0.349
2 40 12.165 0.443
2 41 9.233 0.092
2 42 16.078 0.69
2 43 9.116 0.741
2 44 9.374 0.047
2 45 13.371 0.05
2 46 9.846 0.176
2 47 10.296 0.305
2 48 11.268 0.41
2 49 11.655 0.45
3 4 13.98 0.578
3 5 13.287 0.151
3 6 12.642 1.39
3 7 9.508 0.335
3 8 18.309 1.411
3 9 12.089 0.456
3 10 14.125 0.144
3 11 14.997 0.087
3 12 9.341 0.71
3 13 11.145 0.768
3 14 16.343 0.471
3 15 12.43 0.017
3 16 13.806 0.596
3 17 13.715 0.926
3 18 7.146 0.073
3 19 11.203 0.41
3 20 9.982 0.461
3 21 11.917 0.307
3 22 11.329 0.76
3 23 13.694 0.883
3 24 12.695 1.255
3 25 13.356 0.355
3 26 11.365 0.451
3 27 12.637 0.491
3 28 10.498 0.673
3 29 11.027 0.176
3 30 14.274 0.206
3 31 11.796 0.533
3 32 12.441 0.159
3 33 10.948 0.397
3 34 26.88 0.894
3 35 9.666 0.662
3 36 10.395 0.653
3 37 9.636 0.552
3 38 10.569 0.482
3 39 12.812 0.021
3 40 14.616 1.491
3 41 9.964 1.179
3 42 11.32 0.335
3 43 12.479 0.941
3 44 9.77 0.248
3 45 11.777 0.118
3 46 13.598 0.07
3 47 12.186 0.386
3 48 12.552 0.318
3 49 11.768 0.061
4 5 10.17 0.361
4 6 10.101 0.506
4 7 13.404 0.95
4 8 11.519 0.084
4 9 10.998 0.066
4 10 8.989 0.656
4 11 9.913 0.132
4 12 10.435 0.976
4 13 17.075 0.104
4 14 30.928 0.082
4 15 15.701 0.482
4 16 11.856 0.118
4 17 12.491 0.817
4 18 13.711 0.407
4 19 14.067 1.515
4 20 13.377 0.042
4 21 13.243 0.906
4 22 10.263 0.837
4 23 12.58 0.084
4 24 11.736 0.415
4 25 7.297 0.025
4 26 14.186 0.077
4 27 10.024 1.273
4 28 8.179 1.916
4 29 10.472 0.342
4 30 12.584 1.185
4 31 13.995 0.467
4 32 11.58 0.639
4 33 32.32 0.429
4 34 13.895 1.337
4 35 10.168 0.243
4 36 28.078 0.715
4 37 15.327 0.63
4 38 7.951 0.509
4 39 12.958 0.584
4 40 28.644 0.022
4 41 14.512 0.251
4 42 12.195 0.935
4 43 14.317 0.291
4 44 12.283 0.118
4 45 18.046 0.087
4 46 9.499 1.04
4 47 16.569 0.714
4 48 10.387 0.866
4 49 7.181 1.416
5 6 9.315 0.329
5 7 15.063 0.31
5 8 27.846 0.223
5 9 11.661 0.867
5 10 10.927 0.224
5 11 7.516 0.264
5 12 16.302 0.7
5 13 11.65 0.338
5 14 9.519 0.343
5 15 32.776 0.65
5 16 8.17 0.212
5 17 12.948 1.353
5 18 28.721 0.722
5 19 13.221 0.925
5 20 11.25 0.545
5 21 12.319 0.265
5 22 8.514 0.82
5 23 14.331 0.368
5 24 7.632 0.529
5 25 8.677 0.706
5 26 11.451 0.414
5 27 9.323 0.155
5 28 12.523 0.383
5 29 13.693 0.56
5 30 12.568 1.388
5 31 13.181 0.357
5 32 13.208 0.504
5 33 10.751 0.57
5 34 12.124 0.957
5 35 14.593 1.189
5 36 13.587 0.289
5 37 5.97 1.547
5 38 12.914 1.337
5 39 14.624 0.81
5 40 10.852 0.446
5 41 13.727 0.759
5 42 12.004 0.487
5 43 15.171 0.673
5 44 13.037 0.535
5 45 12.697 0.296
5 46 12.34 0.137
5 47 11.667 0.426
5 48 11.863 0.679
5 49 12.953 1.596
6 7 27.229 0.747
6 8 12.023 0.651
6 9 12.913 0.257
6 10 13.11 0.119
6 11 15.13 2.148
6 12 12.555 0.93
6 13 10.27 0.332
6 14 10.774 0.607
6 15 12.724 0.704
6 16 14.094 0.071
6 17 12.617 0.132
6 18 15.941 0.85
6 19 12.125 0.336
6 20 15.781 0.409
6 21 12.443 1.189
6 22 17.143 0.502
6 23 7.946 1.243
6 24 12.975 0.486
6 25 13.777 1.01
6 26 7.815 0.176
6 27 8.031 0.605
6 28 12.657 0.655
6 29 7.791 0.348
6 30 10.861 0.443
6 31 8.203 0.379
6 32 13.481 0.788
6 33 13.92 0.462
6 34 7.816 1.299
6 35 11.145 0.043
6 36 11.185 0.233
6 37 12.366 0.167
6 38 11.31 0.947
6 39 25.232 0.637
6 40 16.899 0.625
6 41 11.287 0.293
6 42 29.194 0.336
6 43 14.354 0.067
6 44 16.295 0.329
6 45 15.455 0.594
6 46 9.237 0.48
6 47 12.894 0.932
6 48 12.665 0.418
6 49 9.956 0.367
7 8 9.649 1.031
7 9 14.765 0.649
7 10 11.502 0.724
7 11 12.438 0.569
7 12 14.368 0.235
7 13 18.127 0.046
7 14 11.408 1.56
7 15 12.256 0.583
7 16 11.712 0.928
7 17 11.374 1.117
7 18 12.056 0.891
7 19 12.953 0.663
7 20 11.701 0.321
7 21 9.668 1.409
7 22 10.334 0.397
7 23 13.047 0.02
7 24 10.029 0.238
7 25 9.294 0.837
7 26 9.697 0.149
7 27 11.596 0.478
7 28 12.555 0.786
7 29 12.062 1.102
7 30 9.972 0.268
7 31 11.608 0.576
7 32 10.1 0.11
7 33 10.67 0.512
7 34 9.905 0.963
7 35 10.935 0.377
7 36 12.606 0.447
7 37 11.941 0.015
7 38 12.578 1.597
7 39 40.456 0.976
7 40 10.806 0.149
7 41 13.345 0.653
7 42 40.295 0.907
7 43 13.677 0.652
7 44 11.316 0.063
7 45 15.74 0.469
7 46 14.045 0.674
7 47 15.52 0.844
7 48 12.197 0.123
7 49 13.408 1.205
8 9 14.145 1.004
8 10 10.237 0.792
8 11 13.115 0.359
8 12 13.115 1.001
8 13 13.215 0.07
8 14 10.352 1.366
8 15 37.431 1.062
8 16 14.669 0.347
8 17 14.431 0.06
8 18 39.033 0.25
8 19 12.36 0.479
8 20 11.496 0.601
8 21 14.286 0.004
8 22 9.165 0.805
8 23 15.62 0.291
8 24 13.158 1.168
8 25 15.576 0.312
8 26 7.107 0.651
8 27 12.808 0.007
8 28 9.691 0.745
8 29 12.163 0.176
8 30 10.911 0.595
8 31 9.487 0.013
8 32 8.391 0.335
8 33 12.12 0.637
8 34 11.402 0.393
8 35 18.294 0.337
8 36 13.717 0.998
8 37 9.631 0.278
8 38 9.507 0.584
8 39 11.989 0.021
8 40 9.996 0.912
8 41 13.493 0.815
8 42 15.851 0.404
8 43 14.393 0.846
8 44 11.977 0.545
8 45 13.201 0.975
8 46 13.323 0.175
8 47 11.165 1.263
8 48 13.474 0.162
8 49 11.64 0.665
9 10 9.314 1.051
9 11 14.426 0.404
9 12 13.421 0.624
9 13 9.621 0.719
9 14 7.439 0.327
9 15 12.023 0.699
9 16 10.411 0.343
9 17 8.351 0.394
9 18 9.408 0.919
9 19 15.112 0.839
9 20 28.183 0.34
9 21 9.719 0.36
9 22 14.463 0.569
9 23 16.397 0.549
9 24 10.836 0.1
9 25 8.982 0.258
9 26 12.479 0.77
9 27 10.984 0.12
9 28 10.757 0.25
9 29 12.554 0.942
9 30 10.96 1.722
9 31 9.134 0.499
9 32 15.886 0.78
9 33 11.912 0.296
9 34 12.627 0.002
9 35 10.427 0.229
9 36 11.924 0.018
9 37 13.815 0.298
9 38 15.755 0.724
9 39 12.672 0.604
9 40 13.094 0.479
9 41 15.206 0.429
9 42 11.59 0.056
9 43 9.873 0.46
9 44 25.246 0.057
9 45 10.503 0.806
9 46 9.445 0.006
9 47 23.45 0.112
9 48 13.067 0.683
9 49 13.859 1.13
10 11 12.866 0.976
10 12 12.311 0.615
10 13 13.328 1.036
10 14 12.961 1.152
10 15 11.808 0.389
10 16 10.741 1.223
10 17 9.694 0.576
10 18 10.32 1.458
10 19 9.96 0.537
10 20 13.524 0.784
10 21 12.546 0.599
10 22 6.506 0.386
10 23 33.466 0.73
10 24 10.727 0.113
10 25 12.977 0.279
10 26 29.451 1.204
10 27 9.476 1.065
10 28 10.2 0.506
10 29 12.302 0.562
10 30 14.439 0.299
10 31 13.03 0.266
10 32 28.979 0.598
10 33 12.811 0.338
10 34 14.472 0.71
10 35 15.061 1.114
10 36 11.583 0.419
10 37 13.737 0.861
10 38 12.019 0.672
10 39 10.376 0.828
10 40 11.402 0.006
10 41 11.2 0.086
10 42 11.07 0.416
10 43 11.205 0.026
10 44 14.016 0.033
10 45 13.811 0.919
10 46 14.094 0.045
10 47 13.689 0.637
10 48 12.869 0.357
10 49 27.842 0.517
11 12 10.729 0.817
11 13 12.199 0.352
11 14 10.945 1.56
11 15 11.789 0.978
11 16 12.196 0.28
11 17 13.023 0.087
11 18 15.88 0.286
11 19 14.124 0.732
11 20 9.338 0.829
11 21 8.405 0.632
11 22 13.969 0.266
11 23 10.489 0.096
11 24 15.828 0.224
11 25 13.545 0.366
11 26 12.22 0.287
11 27 10.25 0.263
11 28 11.042 1.301
11 29 11.37 0.194
11 30 10.695 0.956
11 31 12.302 0.092
11 32 12.285 0.438
11 33 14.006 0.038
11 34 7.705 0.259
11 35 10.966 0.534
11 36 12.233 1.024
11 37 49.6 0.22
11 38 11.918 0.809
11 39 11.065 0.269
11 40 8.292 0.174
11 41 12.886 0.901
11 42 11.182 0.464
11 43 13.049 0.635
11 44 15.143 0.313
11 45 10.754 0.881
11 46 13.511 0.452
11 47 10.331 0.307
11 48 10.623 0.574
11 49 16.022 1.051
12 13 12.636 0.25
12 14 10.515 0.322
12 15 13.386 0.753
12 16 13.003 0.373
12 17 11.431 0.007
12 18 8.816 0.357
12 19 9.223 0.173
12 20 12.168 0.89
12 21 12.744 0.762
12 22 12.646 0.276
12 23 12.25 0.23
12 24 10.056 0.197
12 25 9.347 1.44
12 26 12.857 1.098
12 27 11.78 0.266
12 28 11.63 0.967
12 29 27.278 1.545
12 30 15.73 0.144
12 31 10.206 2.145
12 32 14.42 0.285
12 33 11.053 0.083
12 34 10.76 0.35
12 35 23.474 0.153
12 36 11.148 0.5
12 37 11.649 0.17
12 38 12.636 0.515
12 39 9.818 0.135
12 40 13.136 0.548
12 41 12.908 1.124
12 42 13.253 0.008
12 43 13.031 0.061
12 44 9.135 1.281
12 45 11.73 0.96
12 46 11.983 0.16
12 47 10.801 0.546
12 48 7.444 2.038
12 49 13.053 1.867
13 14 13.891 1.271
13 15 13.425 0.431
13 16 11.855 0.294
13 17 13.403 0.735
13 18 13.03 1.773
13 19 13.74 0.355
13 20 10.031 0.022
13 21 13.227 1.794
13 22 6.746 0.374
13 23 15.867 0.266
13 24 10.369 0.277
13 25 12.426 1.0
13 26 11.604 0.044
13 27 10.715 0.855
13 28 11.876 0.619
13 29 9.898 0.398
13 30 14.238 1.212
13 31 14.433 0.824
13 32 14.805 0.608
13 33 11.062 0.847
13 34 14.951 1.048
13 35 8.695 0.001
13 36 9.403 0.838
13 37 10.207 0.965
13 38 32.674 0.717
13 39 10.139 0.978
13 40 14.482 0.794
13 41 10.662 0.319
13 42 13.516 0.74
13 43 30.141 0.542
13 44 12.206 1.1
13 45 11.353 0.313
13 46 8.937 0.322
13 47 12.866 0.183
13 48 12.937 0.57
13 49 10.378 0.389
14 15 8.724 1.453
14 16 9.686 0.262
14 17 10.256 0.669
14 18 11.76 0.041
14 19 12.455 0.891
14 20 9.367 0.458
14 21 12.701 0.451
14 22 11.668 0.467
14 23 11.968 1.207
14 24 14.01 0.266
14 25 17.755 0.224
14 26 16.056 0.325
14 27 14.05 1.048
14 28 10.79 0.063
14 29 11.591 0.571
14 30 13.344 0.801
14 31 8.248 0.358
14 32 10.062 1.206
14 33 43.349 0.047
14 34 10.891 0.214
14 35 12.82 0.142
14 36 43.306 1.311
14 37 10.04 0.378
14 38 12.788 0.453
14 39 9.898 0.622
14 40 43.907 0.605
14 41 12.047 1.064
14 42 4.817 0.264
14 43 14.052 0.469
14 44 11.727 1.67
14 45 13.064 0.025
14 46 10.421 0.171
14 47 14.189 0.617
14 48 14.249 0.492
14 49 15.156 0.72
15 16 11.183 1.331
15 17 11.972 0.592
15 18 48.753 0.739
15 19 12.827 0.425
15 20 10.848 0.856
15 21 11.757 0.829
15 22 14.077 0.679
15 23 7.826 0.837
15 24 12.797 0.061
15 25 14.46 0.428
15 26 10.287 0.311
15 27 15.126 0.539
15 28 12.924 0.674
15 29 13.222 0.256
15 30 13.536 0.878
15 31 12.197 0.668
15 32 12.444 1.19
15 33 11.014 0.287
15 34 14.698 0.695
15 35 17.181 0.656
15 36 11.099 0.701
15 37 10.323 0.93
15 38 14.177 0.337
15 39 12.816 0.241
15 40 7.418 0.738
15 41 13.231 0.451
15 42 12.967 0.074
15 43 12.885 0.363
15 44 10.492 1.128
15 45 12.867 0.768
15 46 12.225 0.785
15 47 12.018 0.875
15 48 15.869 0.082
15 49 10.86 0.717
16 17 10.584 1.258
16 18 11.326 0.192
16 19 13.867 0.977
16 20 11.13 0.649
16 21 10.119 0.389
16 22 35.843 0.312
16 23 11.522 0.77
16 24 13.14 0.448
16 25 37.08 0.193
16 26 7.41 0.338
16 27 13.32 0.541
16 28 13.456 1.29
16 29 14.429 0.695
16 30 14.358 0.213
16 31 11.816 0.064
16 32 7.948 0.797
16 33 11.475 0.261
16 34 11.336 0.652
16 35 10.505 0.22
16 36 14.592 0.054
16 37 13.675 0.005
16 38 12.942 0.081
16 39 7.564 0.249
16 40 13.255 0.364
16 41 13.982 0.788
16 42 10.078 0.292
16 43 10.385 1.095
16 44 12.735 0.44
16 45 12.571 0.428
16 46 37.953 0.095
16 47 7.617 0.586
16 48 11.594 0.367
16 49 14.383 0.441
17 18 11.814 0.23
17 19 11.61 0.991
17 20 11.675 0.611
17 21 29.596 0.314
17 22 12.314 0.307
17 23 11.356 0.983
17 24 9.982 0.08
17 25 10.318 0.571
17 26 11.722 0.683
17 27 14.073 1.818
17 28 10.218 0.831
17 29 9.901 0.806
17 30 27.118 1.013
17 31 11.367 0.262
17 32 13.58 0.459
17 33 10.561 0.696
17 34 14.054 1.054
17 35 12.642 0.456
17 36 9.189 0.194
17 37 10.479 0.738
17 38 9.475 0.099
17 39 10.93 0.321
17 40 13.127 0.661
17 41 13.306 0.116
17 42 14.373 0.585
17 43 12.861 1.278
17 44 15.885 0.804
17 45 26.687 0.548
17 46 13.488 0.327
17 47 12.111 0.825
17 48 15.314 1.512
17 49 12.386 0.575
18 19 14.244 0.967
18 20 9.647 0.27
18 21 16.632 1.087
18 22 8.856 0.595
18 23 11.23 0.149
18 24 11.239 0.227
18 25 12.493 0.756
18 26 12.766 1.064
18 27 11.913 0.467
18 28 13.495 2.094
18 29 12.269 0.735
18 30 11.264 0.754
18 31 14.09 0.957
18 32 9.63 0.269
18 33 11.131 0.356
18 34 12.325 0.481
18 35 14.581 1.008
18 36 12.133 0.042
18 37 15.39 0.247
18 38 13.288 0.139
18 39 9.992 0.278
18 40 11.009 0.183
18 41 12.461 0.566
18 42 12.647 0.42
18 43 13.218 0.308
18 44 12.595 0.018
18 45 12.859 0.84
18 46 12.665 0.554
18 47 11.807 0.402
18 48 13.028 0.84
18 49 12.626 0.661
19 20 13.87 0.047
19 21 11.315 0.66
19 22 13.181 0.326
19 23 13.533 1.034
19 24 12.988 0.922
19 25 6.355 0.145
19 26 15.93 0.275
19 27 10.881 0.325
19 28 14.254 0.6
19 29 10.659 0.418
19 30 13.741 0.605
19 31 12.856 0.152
19 32 9.432 0.092
19 33 10.179 0.595
19 34 8.345 0.3
19 35 11.93 1.506
19 36 12.719 0.069
19 37 12.949 0.49
19 38 9.961 0.182
19 39 12.087 0.169
19 40 8.665 0.306
19 41 28.654 0.548
19 42 12.851 1.457
19 43 12.194 0.012
19 44 10.478 0.599
19 45 10.049 0.533
19 46 10.348 0.43
19 47 14.633 0.103
19 48 11.657 0.082
19 49 8.444 0.32
20 21 10.553 0.325
20 22 8.833 0.23
20 23 10.054 0.463
20 24 9.903 0.458
20 25 8.429 0.237
20 26 10.626 0.359
20 27 8.553 0.035
20 28 10.131 0.081
20 29 11.114 0.106
20 30 10.737 0.536
20 31 11.267 0.35
20 32 16.715 0.347
20 33 9.456 0.505
20 34 13.886 0.106
20 35 11.856 0.143
20 36 9.34 1.778
20 37 12.31 0.066
20 38 12.572 0.324
20 39 11.502 0.015
20 40 11.193 0.394
20 41 10.984 0.287
20 42 8.946 0.146
20 43 9.653 0.645
20 44 37.007 1.426
20 45 12.255 0.05
20 46 9.012 0.612
20 47 37.976 1.106
20 48 10.985 0.446
20 49 13.703 1.013
21 22 12.755 0.094
21 23 12.02 0.03
21 24 8.541 0.093
21 25 9.443 0.028
21 26 9.218 0.15
21 27 10.685 0.75
21 28 11.723 0.777
21 29 14.149 0.402
21 30 39.946 0.111
21 31 13.39 0.433
21 32 11.782 0.533
21 33 12.634 0.031
21 34 11.885 0.891
21 35 11.719 0.618
21 36 9.073 0.244
21 37 10.679 0.047
21 38 12.538 0.832
21 39 12.017 0.51
21 40 10.064 0.85
21 41 9.725 0.121
21 42 11.169 1.198
21 43 15.153 0.294
21 44 10.427 0.721
21 45 43.397 2.443
21 46 9.369 0.208
21 47 11.722 0.875
21 48 10.191 1.312
21 49 14.27 0.216
22 23 9.1 0.451
22 24 13.543 0.244
22 25 48.106 0.786
22 26 12.416 0.709
22 27 13.184 0.402
22 28 11.969 0.98
22 29 8.22 0.204
22 30 15.563 1.362
22 31 11.682 0.803
22 32 11.381 0.128
22 33 11.404 0.331
22 34 12.47 0.365
22 35 13.974 0.015
22 36 9.764 0.728
22 37 10.513 0.222
22 38 16.097 1.651
22 39 9.514 0.991
22 40 6.983 0.73
22 41 13.002 0.024
22 42 13.999 0.174
22 43 13.892 0.295
22 44 11.202 0.998
22 45 13.488 0.089
22 46 47.582 0.012
22 47 10.499 0.52
22 48 12.737 0.228
22 49 11.408 1.617
23 24 8.13 0.027
23 25 12.223 0.792
23 26 48.713 0.181
23 27 14.514 0.723
23 28 12.317 0.485
23 29 8.666 0.206
23 30 12.982 0.958
23 31 11.18 0.57
23 32 44.698 0.125
23 33 13.98 0.339
23 34 12.994 0.97
23 35 14.721 0.527
23 36 12.715 0.401
23 37 12.258 0.697
23 38 14.026 0.136
23 39 11.761 0.142
23 40 10.938 1.159
23 41 14.27 1.122
23 42 14.132 0.589
23 43 8.286 0.184
23 44 13.799 0.65
23 45 11.017 0.479
23 46 9.543 0.111
23 47 10.07 0.876
23 48 10.572 0.668
23 49 47.518 0.199
24 25 9.319 0.217
24 26 11.675 0.037
24 27 13.827 0.175
24 28 27.412 0.223
24 29 10.471 0.207
24 30 14.795 0.168
24 31 12.817 0.064
24 32 10.485 0.377
24 33 12.198 0.859
24 34 13.31 0.0
24 35 14.738 1.145
24 36 11.988 0.361
24 37 8.699 0.847
24 38 9.808 0.503
24 39 8.23 0.318
24 40 11.859 0.69
24 41 11.894 0.601
24 42 8.181 1.149
24 43 14.093 0.013
24 44 10.999 0.149
24 45 10.819 0.817
24 46 15.118 0.107
24 47 11.95 0.121
24 48 26.544 0.582
24 49 11.717 0.907
25 26 14.0 0.765
25 27 11.951 0.292
25 28 10.631 0.616
25 29 12.856 0.239
25 30 14.19 1.303
25 31 13.563 1.799
25 32 10.867 0.518
25 33 11.084 1.107
25 34 10.218 0.431
25 35 13.019 0.001
25 36 9.301 0.161
25 37 10.307 1.193
25 38 11.152 1.59
25 39 14.697 0.929
25 40 10.923 0.696
25 41 10.857 0.038
25 42 14.571 0.617
25 43 11.054 0.145
25 44 12.875 0.243
25 45 8.428 0.549
25 46 58.024 0.723
25 47 11.184 0.657
25 48 8.404 0.844
25 49 15.651 0.858
26 27 10.388 0.96
26 28 8.638 0.282
26 29 10.84 0.431
26 30 13.005 0.43
26 31 7.815 0.492
26 32 60.043 1.386
26 33 8.462 0.3
26 34 9.912 0.058
26 35 12.629 0.318
26 36 15.064 0.483
26 37 14.163 0.112
26 38 7.242 0.845
26 39 12.42 1.401
26 40 11.898 1.521
26 41 11.936 0.477
26 42 12.537 2.025
26 43 14.018 0.253
26 44 9.272 0.194
26 45 13.037 0.139
26 46 8.521 0.592
26 47 12.132 1.647
26 48 12.474 0.867
26 49 59.054 0.198
27 28 8.737 0.582
27 29 13.501 0.396
27 30 9.881 1.352
27 31 32.427 1.138
27 32 7.844 0.487
27 33 11.134 1.32
27 34 16.63 1.05
27 35 12.334 0.126
27 36 10.454 0.865
27 37 11.99 0.355
27 38 11.562 0.239
27 39 7.639 0.382
27 40 9.218 0.937
27 41 12.834 0.378
27 42 14.236 0.203
27 43 13.435 1.459
27 44 11.93 0.323
27 45 10.096 1.976
27 46 12.341 0.739
27 47 7.451 0.046
27 48 7.665 0.25
27 49 10.081 0.61
28 29 9.554 0.494
28 30 13.989 0.386
28 31 14.295 0.756
28 32 16.972 0.92
28 33 10.713 0.379
28 34 10.084 0.208
28 35 13.928 0.853
28 36 11.275 0.323
28 37 13.726 0.752
28 38 12.534 1.225
28 39 10.116 0.358
28 40 8.849 0.617
28 41 8.407 0.046
28 42 11.83 0.16
28 43 11.62 0.805
28 44 14.926 0.201
28 45 10.865 0.083
28 46 16.271 0.226
28 47 10.372 0.273
28 48 37.842 1.577
28 49 12.089 0.62
29 30 7.103 0.458
29 31 14.175 0.621
29 32 11.174 0.205
29 33 13.28 0.185
29 34 15.614 0.529
29 35 39.421 0.036
29 36 12.291 1.501
29 37 10.353 0.764
29 38 12.925 0.455
29 39 8.763 0.187
29 40 10.423 0.534
29 41 9.147 1.983
29 42 10.904 0.765
29 43 13.74 0.314
29 44 12.115 0.282
29 45 13.023 0.41
29 46 13.234 0.224
29 47 14.964 0.022
29 48 15.57 0.403
29 49 14.086 0.139
30 31 13.392 0.235
30 32 13.584 0.432
30 33 13.392 0.13
30 34 11.178 0.323
30 35 11.757 0.135
30 36 10.862 0.955
30 37 11.584 0.644
30 38 15.769 0.025
30 39 13.565 1.223
30 40 12.911 2.024
30 41 11.305 0.498
30 42 10.665 0.509
30 43 14.86 0.009
30 44 15.555 0.617
30 45 51.703 0.661
30 46 8.427 0.663
30 47 10.406 0.323
30 48 10.651 0.063
30 49 8.677 2.249
31 32 10.659 0.552
31 33 12.556 1.188
31 34 11.609 1.649
31 35 12.913 0.96
31 36 15.282 0.865
31 37 9.43 0.388
31 38 11.423 0.614
31 39 9.12 0.273
31 40 9.334 0.318
31 41 14.985 0.466
31 42 13.596 0.128
31 43 16.395 0.184
31 44 13.158 0.295
31 45 12.766 0.408
31 46 15.648 0.404
31 47 11.607 0.106
31 48 12.255 0.005
31 49 14.014 0.346
32 33 14.153 0.254
32 34 13.02 0.095
32 35 14.143 0.473
32 36 10.254 1.239
32 37 9.283 1.338
32 38 11.644 0.651
32 39 11.645 0.258
32 40 5.882 0.164
32 41 10.804 0.162
32 42 9.39 0.21
32 43 12.403 0.272
32 44 16.011 0.576
32 45 10.417 0.865
32 46 9.741 0.009
32 47 10.514 0.233
32 48 13.25 0.03
32 49 69.449 0.133
33 34 13.218 0.113
33 35 14.605 0.374
33 36 55.428 1.006
33 37 9.075 0.851
33 38 14.95 0.266
33 39 11.149 0.952
33 40 56.889 1.045
33 41 10.602 0.021
33 42 15.664 0.255
33 43 10.578 0.136
33 44 10.725 0.683
33 45 13.348 0.862
33 46 10.816 0.426
33 47 12.342 0.636
33 48 11.051 0.391
33 49 7.179 0.314
34 35 9.55 0.713
34 36 10.112 0.643
34 37 13.697 0.507
34 38 15.51 1.287
34 39 13.163 0.529
34 40 10.253 0.617
34 41 8.573 0.033
34 42 10.411 0.33
34 43 12.49 0.571
34 44 11.687 0.875
34 45 9.92 0.255
34 46 14.571 0.049
34 47 11.127 0.884
34 48 14.761 0.06
34 49 11.647 0.37
35 36 14.374 0.012
35 37 15.835 0.045
35 38 13.176 0.173
35 39 9.699 0.415
35 40 10.12 0.421
35 41 10.766 0.327
35 42 10.07 1.053
35 43 10.334 0.478
35 44 11.651 0.833
35 45 7.44 0.469
35 46 12.898 0.114
35 47 10.067 0.42
35 48 9.544 0.192
35 49 7.819 0.244
36 37 12.627 0.104
36 38 14.896 1.237
36 39 10.475 1.495
36 40 68.815 0.453
36 41 11.552 0.352
36 42 10.527 0.924
36 43 8.293 0.106
36 44 11.308 0.976
36 45 14.651 0.326
36 46 11.873 0.237
36 47 12.184 0.199
36 48 11.45 0.756
36 49 11.612 0.62
37 38 14.651 0.2
37 39 12.19 0.856
37 40 9.587 0.984
37 41 13.573 0.045
37 42 9.137 0.533
37 43 15.079 0.039
37 44 16.062 0.207
37 45 9.2 0.538
37 46 13.756 0.329
37 47 13.64 0.756
37 48 9.939 0.792
37 49 9.711 0.233
38 39 11.216 0.64
38 40 10.322 0.197
38 41 11.274 0.401
38 42 11.184 0.567
38 43 43.949 0.675
38 44 12.579 0.639
38 45 10.345 0.878
38 46 15.135 0.532
38 47 13.492 1.043
38 48 12.749 0.439
38 49 9.731 0.69
39 40 13.341 0.428
39 41 12.949 0.114
39 42 54.481 0.084
39 43 9.727 0.33
39 44 9.415 1.147
39 45 11.477 0.33
39 46 14.469 0.696
39 47 10.481 0.813
39 48 10.42 0.944
39 49 9.333 0.338
40 41 12.323 1.238
40 42 11.874 0.194
40 43 11.968 0.452
40 44 14.074 0.701
40 45 8.206 1.01
40 46 7.227 0.414
40 47 10.295 0.615
40 48 10.471 0.134
40 49 12.097 0.108
41 42 12.169 0.035
41 43 5.423 0.588
41 44 13.667 0.96
41 45 13.125 0.682
41 46 12.341 0.553
41 47 6.886 0.135
41 48 12.209 0.64
41 49 11.568 0.698
42 43 11.64 0.729
42 44 14.292 1.458
42 45 11.631 0.293
42 46 14.624 0.117
42 47 13.057 1.489
42 48 11.81 0.181
42 49 11.976 0.532
43 44 10.044 0.909
43 45 11.752 1.206
43 46 10.994 1.616
43 47 12.547 0.258
43 48 14.334 0.722
43 49 13.507 0.451
44 45 14.714 0.226
44 46 12.198 0.517
44 47 45.47 0.69
44 48 15.468 1.227
44 49 10.64 0.405
45 46 12.608 0.192
45 47 9.556 0.203
45 48 11.61 0.207
45 49 13.028 0.041
46 47 12.931 0.41
46 48 14.974 0.875
46 49 15.477 0.467
47 48 12.154 0.037
47 49 12.908 0.12
48 49 8.347 0.904
