50
58.824
0 1 13.767 0.394
0 2 4.934 0.502
0 3 12.175 0.624
0 4 2.354 0.461
0 5 9.67 0.513
0 6 3.587 0.478
0 7 16.965 0.41
0 8 0.511 0.498
0 9 12.987 0.485
0 10 5.305 0.672
0 11 9.367 0.614
0 12 9.953 0.613
0 13 2.199 0.544
0 14 0.896 0.51
0 15 10.653 0.628
0 16 15.414 0.37
0 17 9.208 0.471
0 18 6.174 0.598
0 19 12.224 0.482
0 20 16.346 0.443
0 21 9.203 0.542
0 22 8.515 0.489
0 23 13.78 0.503
0 24 14.943 0.654
0 25 7.941 0.649
0 26 14.814 0.675
0 27 10.691 0.515
0 28 5.862 0.611
0 29 11.353 0.67
0 30 1.645 0.475
0 31 6.157 0.455
0 32 9.546 0.601
0 33 14.361 0.508
0 34 9.467 0.561
0 35 4.625 0.603
0 36 11.83 0.518
0 37 1.076 0.671
0 38 14.436 0.626
0 39 5.634 0.67
0 40 6.502 0.647
0 41 2.111 0.508
0 42 9.989 0.592
0 43 4.11 0.487
0 44 7.841 0.504
0 45 10.353 0.568
0 46 8.34 0.519
0 47 12.297 0.518
0 48 8.291 0.472
0 49 11.019 0.648
1 2 11.455 0.55
1 3 6.27 0.64
1 4 3.737 0.666
1 5 8.117 0.585
1 6 1.053 0.498
1 7 14.141 0.347
1 8 2.374 0.65
1 9 5.616 0.514
1 10 0.822 0.525
1 11 10.004 0.674
1 12 6.948 0.49
1 13 5.052 0.59
1 14 1.145 0.569
1 15 9.835 0.488
1 16 16.192 0.367
1 17 10.687 0.482
1 18 2.352 0.576
1 19 1.497 0.615
1 20 16.791 0.412
1 21 0.754 0.665
1 22 9.521 0.5
1 23 14.271 0.609
1 24 6.468 0.457
1 25 7.387 0.621
1 26 12.643 0.545
1 27 9.872 0.665
1 28 0.23 0.63
1 29 2.194 0.504
1 30 7.993 0.668
1 31 1.702 0.482
1 32 2.352 0.506
1 33 12.332 0.669
1 34 7.25 0.487
1 35 5.606 0.531
1 36 9.376 0.643
1 37 8.931 0.664
1 38 0.008 0.555
1 39 14.569 0.56
1 40 3.926 0.496
1 41 7.035 0.624
1 42 6.867 0.523
1 43 0.931 0.526
1 44 12.273 0.656
1 45 7.216 0.668
1 46 9.52 0.648
1 47 0.402 0.543
1 48 4.293 0.523
1 49 8.609 0.618
2 3 9.565 1.12
2 4 4.901 0.869
2 5 10.631 0.812
2 6 7.577 0.982
2 7 7.88 0.887
2 8 0.58 0.987
2 9 1.145 0.824
2 10 7.531 1.076
2 11 11.057 0.761
2 12 8.386 0.847
2 13 12.441 0.966
2 14 2.781 0.951
2 15 3.296 1.012
2 16 8.883 0.981
2 17 10.591 0.931
2 18 3.37 1.086
2 19 2.379 0.845
2 20 11.396 0.93
2 21 13.941 0.644
2 22 2.9 1.12
2 23 6.551 0.961
2 24 1.969 1.112
2 25 2.769 0.848
2 26 6.602 0.769
2 27 13.375 1.065
2 28 3.945 0.96
2 29 8.752 1.027
2 30 9.18 0.82
2 31 8.049 0.929
2 32 1.086 0.932
2 33 1.483 0.99
2 34 1.827 0.831
2 35 15.544 0.615
2 36 7.951 0.797
2 37 0.337 1.126
2 38 4.545 0.829
2 39 3.19 0.941
2 40 2.489 0.792
2 41 14.428 1.044
2 42 8.344 0.799
2 43 1.131 1.114
2 44 3.413 0.993
2 45 0.109 0.951
2 46 11.038 1.101
2 47 12.234 0.837
2 48 6.712 1.083
2 49 14.497 0.724
3 4 12.324 0.323
3 5 0.505 0.303
3 6 11.968 0.226
3 7 0.657 0.266
3 8 6.596 0.309
3 9 16.378 0.185
3 10 0.548 0.275
3 11 2.354 0.232
3 12 6.527 0.248
3 13 12.467 0.274
3 14 14.542 0.204
3 15 13.747 0.206
3 16 9.611 0.279
3 17 3.844 0.224
3 18 14.221 0.293
3 19 10.956 0.285
3 20 7.06 0.319
3 21 0.001 0.233
3 22 13.379 0.27
3 23 7.495 0.299
3 24 14.78 0.197
3 25 10.516 0.282
3 26 10.797 0.247
3 27 13.486 0.309
3 28 3.496 0.253
3 29 0.936 0.281
3 30 5.541 0.23
3 31 9.108 0.259
3 32 12.0 0.309
3 33 4.157 0.261
3 34 3.793 0.265
3 35 2.006 0.301
3 36 5.878 0.227
3 37 3.217 0.272
3 38 9.566 0.302
3 39 13.362 0.2
3 40 4.449 0.232
3 41 11.574 0.224
3 42 9.206 0.293
3 43 9.291 0.233
3 44 10.173 0.293
3 45 12.698 0.247
3 46 0.584 0.23
3 47 16.761 0.201
3 48 11.125 0.229
3 49 13.232 0.246
4 5 14.188 1.022
4 6 6.573 1.036
4 7 1.995 0.756
4 8 10.571 1.088
4 9 8.365 1.01
4 10 5.11 1.08
4 11 3.289 0.94
4 12 12.921 0.702
4 13 1.098 0.803
4 14 13.359 1.105
4 15 5.071 1.018
4 16 13.357 1.026
4 17 11.864 0.902
4 18 8.231 1.108
4 19 2.946 1.071
4 20 7.214 0.92
4 21 11.99 0.936
4 22 5.06 1.065
4 23 4.828 0.761
4 24 2.004 1.102
4 25 10.47 1.025
4 26 13.874 0.974
4 27 1.454 0.776
4 28 9.875 0.961
4 29 6.461 1.053
4 30 9.705 0.834
4 31 11.026 0.888
4 32 12.653 0.727
4 33 5.427 0.926
4 34 5.862 0.872
4 35 11.642 0.843
4 36 12.209 0.96
4 37 6.312 0.866
4 38 15.541 0.597
4 39 9.467 0.936
4 40 1.253 0.784
4 41 5.398 0.806
4 42 1.569 1.031
4 43 11.196 0.843
4 44 10.474 1.064
4 45 3.728 0.823
4 46 9.321 0.832
4 47 9.801 1.004
4 48 1.717 1.049
4 49 14.651 0.79
5 6 13.295 0.978
5 7 6.162 0.896
5 8 13.614 1.095
5 9 0.466 1.026
5 10 2.68 0.856
5 11 10.003 0.897
5 12 2.494 1.092
5 13 1.311 0.899
5 14 3.669 0.985
5 15 2.333 0.923
5 16 12.255 0.984
5 17 2.353 1.003
5 18 8.025 1.096
5 19 7.723 0.88
5 20 12.487 0.814
5 21 13.704 0.846
5 22 1.067 0.984
5 23 1.233 0.852
5 24 9.129 0.835
5 25 9.614 1.021
5 26 2.28 0.94
5 27 10.544 0.762
5 28 11.402 0.911
5 29 14.977 0.604
5 30 8.547 1.096
5 31 1.176 0.893
5 32 0.502 0.998
5 33 17.0 0.712
5 34 7.083 0.824
5 35 8.61 1.118
5 36 10.325 1.045
5 37 7.15 0.756
5 38 14.973 1.008
5 39 11.758 0.954
5 40 12.805 0.721
5 41 3.119 0.966
5 42 7.605 0.861
5 43 6.213 0.902
5 44 8.775 0.875
5 45 4.461 0.948
5 46 11.595 1.093
5 47 12.172 0.76
5 48 5.365 0.946
5 49 12.595 0.842
6 7 2.451 0.408
6 8 14.049 0.292
6 9 3.21 0.357
6 10 12.323 0.436
6 11 6.131 0.431
6 12 9.583 0.31
6 13 13.27 0.448
6 14 11.209 0.385
6 15 9.894 0.393
6 16 14.406 0.381
6 17 7.998 0.415
6 18 16.944 0.284
6 19 12.004 0.371
6 20 2.662 0.396
6 21 6.147 0.436
6 22 8.264 0.413
6 23 14.518 0.421
6 24 3.828 0.343
6 25 11.926 0.364
6 26 10.811 0.304
6 27 6.96 0.389
6 28 14.532 0.286
6 29 6.328 0.338
6 30 2.483 0.407
6 31 6.241 0.404
6 32 7.292 0.383
6 33 9.122 0.302
6 34 0.831 0.448
6 35 11.628 0.411
6 36 6.932 0.375
6 37 12.713 0.428
6 38 14.626 0.31
6 39 6.887 0.341
6 40 9.531 0.313
6 41 2.227 0.351
6 42 13.895 0.233
6 43 12.453 0.394
6 44 3.974 0.429
6 45 15.982 0.293
6 46 7.283 0.384
6 47 0.062 0.343
6 48 13.799 0.343
6 49 5.42 0.445
7 8 10.871 0.578
7 9 14.345 0.507
7 10 10.064 0.514
7 11 13.417 0.653
7 12 0.867 0.613
7 13 9.691 0.596
7 14 7.801 0.454
7 15 2.418 0.562
7 16 14.926 0.435
7 17 11.956 0.609
7 18 8.862 0.61
7 19 14.042 0.466
7 20 16.25 0.357
7 21 0.437 0.552
7 22 12.857 0.624
7 23 13.023 0.497
7 24 4.462 0.654
7 25 4.313 0.463
7 26 7.45 0.654
7 27 9.511 0.476
7 28 10.406 0.545
7 29 9.158 0.655
7 30 10.963 0.657
7 31 12.236 0.47
7 32 0.139 0.466
7 33 0.813 0.644
7 34 9.091 0.597
7 35 4.686 0.466
7 36 0.075 0.668
7 37 14.61 0.651
7 38 11.777 0.497
7 39 12.16 0.565
7 40 4.999 0.664
7 41 3.121 0.63
7 42 9.242 0.657
7 43 0.308 0.644
7 44 7.435 0.534
7 45 11.444 0.495
7 46 11.492 0.519
7 47 6.251 0.486
7 48 4.21 0.611
7 49 4.385 0.619
8 9 12.128 0.38
8 10 1.72 0.365
8 11 11.174 0.347
8 12 13.027 0.432
8 13 6.673 0.354
8 14 13.127 0.436
8 15 2.229 0.346
8 16 11.722 0.305
8 17 0.497 0.409
8 18 15.78 0.229
8 19 12.426 0.358
8 20 7.684 0.416
8 21 9.882 0.303
8 22 11.845 0.305
8 23 5.391 0.357
8 24 14.165 0.401
8 25 9.698 0.431
8 26 12.106 0.361
8 27 12.333 0.335
8 28 16.869 0.247
8 29 10.242 0.31
8 30 11.555 0.319
8 31 1.94 0.408
8 32 14.444 0.411
8 33 2.693 0.443
8 34 2.39 0.335
8 35 2.408 0.407
8 36 0.219 0.424
8 37 13.357 0.398
8 38 10.147 0.452
8 39 0.155 0.31
8 40 2.128 0.401
8 41 13.552 0.318
8 42 14.728 0.245
8 43 11.018 0.385
8 44 12.56 0.355
8 45 13.825 0.239
8 46 10.09 0.398
8 47 14.802 0.416
8 48 11.138 0.451
8 49 10.467 0.349
9 10 1.583 0.216
9 11 14.891 0.29
9 12 13.463 0.282
9 13 2.24 0.255
9 14 14.939 0.171
9 15 15.474 0.197
9 16 11.55 0.228
9 17 4.004 0.322
9 18 10.932 0.269
9 19 1.444 0.271
9 20 14.411 0.321
9 21 7.099 0.318
9 22 13.22 0.319
9 23 13.723 0.29
9 24 17.369 0.197
9 25 2.933 0.257
9 26 11.917 0.244
9 27 0.95 0.219
9 28 1.227 0.315
9 29 0.31 0.258
9 30 2.227 0.239
9 31 14.046 0.231
9 32 3.724 0.278
9 33 4.539 0.323
9 34 13.471 0.232
9 35 13.492 0.231
9 36 7.267 0.298
9 37 9.106 0.217
9 38 5.807 0.236
9 39 15.067 0.173
9 40 1.272 0.278
9 41 12.693 0.282
9 42 14.286 0.216
9 43 4.085 0.302
9 44 9.952 0.249
9 45 1.067 0.278
9 46 11.231 0.252
9 47 15.915 0.213
9 48 7.17 0.307
9 49 0.928 0.273
10 11 0.805 2.121
10 12 13.522 2.004
10 13 12.501 1.37
10 14 12.207 2.096
10 15 0.18 1.541
10 16 12.703 1.71
10 17 5.929 2.163
10 18 10.533 1.989
10 19 12.68 1.967
10 20 8.84 1.976
10 21 8.186 2.031
10 22 1.977 1.873
10 23 8.767 2.192
10 24 0.279 1.769
10 25 3.602 2.07
10 26 7.628 2.167
10 27 8.713 1.587
10 28 0.923 1.567
10 29 0.907 2.195
10 30 12.587 2.245
10 31 12.88 1.532
10 32 4.084 1.694
10 33 6.601 1.61
10 34 15.211 1.434
10 35 7.985 1.802
10 36 2.891 2.007
10 37 3.596 2.001
10 38 4.95 2.17
10 39 6.009 1.889
10 40 14.952 1.648
10 41 11.812 1.956
10 42 7.234 1.971
10 43 8.284 1.647
10 44 7.34 2.175
10 45 13.317 1.664
10 46 7.677 1.853
10 47 6.592 2.212
10 48 9.049 1.616
10 49 11.972 2.09
11 12 0.838 0.449
11 13 3.191 0.451
11 14 5.017 0.326
11 15 6.989 0.345
11 16 0.188 0.393
11 17 14.539 0.281
11 18 5.569 0.431
11 19 6.24 0.318
11 20 7.871 0.322
11 21 11.233 0.417
11 22 15.097 0.236
11 23 1.731 0.377
11 24 10.254 0.399
11 25 2.652 0.325
11 26 17.209 0.299
11 27 0.855 0.398
11 28 14.452 0.342
11 29 5.546 0.356
11 30 6.757 0.371
11 31 1.836 0.367
11 32 6.121 0.419
11 33 5.521 0.395
11 34 7.143 0.399
11 35 10.348 0.436
11 36 14.634 0.281
11 37 4.017 0.381
11 38 14.518 0.36
11 39 1.912 0.349
11 40 5.987 0.438
11 41 5.277 0.441
11 42 14.298 0.422
11 43 4.854 0.367
11 44 8.348 0.314
11 45 10.322 0.427
11 46 9.31 0.342
11 47 11.805 0.431
11 48 14.426 0.229
11 49 3.475 0.389
12 13 6.618 0.877
12 14 11.868 0.945
12 15 1.297 0.791
12 16 5.377 0.942
12 17 3.851 0.82
12 18 1.847 0.952
12 19 2.224 0.989
12 20 12.765 1.122
12 21 10.409 0.777
12 22 2.725 1.104
12 23 5.915 0.842
12 24 5.171 0.932
12 25 4.256 0.864
12 26 9.477 0.873
12 27 12.718 0.942
12 28 4.836 0.944
12 29 12.962 1.04
12 30 0.565 0.772
12 31 3.787 0.771
12 32 16.916 0.73
12 33 7.366 0.807
12 34 6.715 0.847
12 35 8.648 0.775
12 36 5.352 0.869
12 37 6.403 1.004
12 38 17.387 0.569
12 39 2.52 1.063
12 40 14.358 1.001
12 41 11.18 1.013
12 42 10.107 0.769
12 43 14.06 0.791
12 44 8.577 0.838
12 45 10.266 1.008
12 46 10.624 0.856
12 47 6.454 1.027
12 48 14.274 0.816
12 49 13.756 0.987
13 14 7.221 2.018
13 15 1.621 1.726
13 16 8.284 2.049
13 17 12.214 1.988
13 18 7.627 1.715
13 19 13.133 1.8
13 20 4.89 1.851
13 21 10.744 1.578
13 22 10.231 2.054
13 23 11.889 1.652
13 24 4.655 1.648
13 25 0.832 1.83
13 26 11.604 1.911
13 27 2.112 1.731
13 28 2.894 1.94
13 29 2.806 2.203
13 30 11.191 1.996
13 31 8.226 2.114
13 32 1.968 1.716
13 33 4.594 1.809
13 34 13.953 1.265
13 35 12.155 1.727
13 36 7.184 2.247
13 37 4.856 1.634
13 38 6.821 1.523
13 39 9.355 2.003
13 40 0.066 1.886
13 41 0.669 1.568
13 42 4.353 1.849
13 43 14.512 1.667
13 44 10.929 1.79
13 45 8.551 2.039
13 46 7.056 2.222
13 47 9.107 1.691
13 48 5.617 2.248
13 49 12.373 2.066
14 15 14.395 0.165
14 16 6.337 0.238
14 17 14.203 0.296
14 18 14.718 0.256
14 19 3.602 0.258
14 20 11.981 0.274
14 21 8.813 0.266
14 22 1.311 0.311
14 23 14.339 0.284
14 24 13.552 0.178
14 25 14.304 0.243
14 26 2.585 0.223
14 27 10.438 0.31
14 28 6.845 0.322
14 29 7.344 0.222
14 30 9.306 0.247
14 31 11.424 0.254
14 32 9.02 0.261
14 33 9.253 0.237
14 34 0.518 0.263
14 35 1.998 0.231
14 36 0.003 0.244
14 37 3.567 0.302
14 38 6.934 0.232
14 39 15.721 0.19
14 40 10.821 0.281
14 41 7.377 0.258
14 42 6.433 0.297
14 43 10.57 0.321
14 44 6.706 0.225
14 45 7.398 0.241
14 46 14.609 0.296
14 47 17.223 0.211
14 48 10.641 0.246
14 49 3.783 0.275
15 16 1.673 0.26
15 17 14.358 0.295
15 18 6.473 0.257
15 19 13.875 0.268
15 20 5.175 0.264
15 21 10.704 0.261
15 22 7.257 0.304
15 23 10.002 0.247
15 24 13.367 0.163
15 25 7.817 0.251
15 26 10.503 0.312
15 27 11.884 0.29
15 28 8.342 0.249
15 29 5.647 0.219
15 30 1.204 0.217
15 31 1.673 0.263
15 32 1.117 0.22
15 33 13.593 0.279
15 34 13.988 0.305
15 35 6.671 0.226
15 36 10.967 0.319
15 37 11.343 0.216
15 38 8.544 0.233
15 39 13.415 0.172
15 40 4.353 0.246
15 41 6.457 0.272
15 42 6.362 0.278
15 43 13.75 0.265
15 44 2.267 0.269
15 45 3.343 0.291
15 46 13.761 0.286
15 47 17.439 0.211
15 48 3.097 0.301
15 49 10.592 0.296
16 17 8.327 0.454
16 18 12.405 0.648
16 19 7.77 0.623
16 20 14.767 0.42
16 21 8.717 0.472
16 22 2.754 0.483
16 23 14.929 0.582
16 24 11.111 0.666
16 25 6.73 0.469
16 26 14.47 0.623
16 27 4.0 0.654
16 28 4.399 0.545
16 29 10.621 0.593
16 30 12.697 0.523
16 31 11.968 0.636
16 32 1.03 0.458
16 33 4.317 0.664
16 34 9.262 0.64
16 35 6.108 0.473
16 36 8.139 0.502
16 37 13.661 0.639
16 38 9.493 0.532
16 39 4.487 0.631
16 40 6.477 0.504
16 41 14.278 0.651
16 42 11.29 0.677
16 43 5.286 0.655
16 44 6.981 0.536
16 45 9.263 0.515
16 46 1.521 0.591
16 47 7.094 0.675
16 48 13.8 0.575
16 49 7.401 0.586
17 18 13.306 0.433
17 19 13.233 0.34
17 20 6.645 0.412
17 21 5.666 0.432
17 22 15.774 0.296
17 23 1.304 0.439
17 24 0.4 0.343
17 25 14.514 0.425
17 26 14.535 0.261
17 27 5.656 0.371
17 28 13.608 0.333
17 29 7.11 0.39
17 30 8.2 0.308
17 31 1.215 0.376
17 32 11.163 0.389
17 33 2.313 0.333
17 34 5.454 0.333
17 35 7.355 0.346
17 36 12.534 0.252
17 37 4.601 0.391
17 38 6.567 0.415
17 39 8.845 0.45
17 40 9.187 0.365
17 41 8.843 0.443
17 42 9.772 0.361
17 43 5.682 0.349
17 44 14.377 0.41
17 45 9.966 0.344
17 46 13.681 0.376
17 47 3.971 0.372
17 48 13.897 0.296
17 49 1.908 0.38
18 19 3.626 0.451
18 20 6.987 0.43
18 21 2.764 0.366
18 22 2.822 0.321
18 23 5.781 0.325
18 24 10.244 0.406
18 25 2.489 0.412
18 26 7.301 0.437
18 27 13.169 0.445
18 28 12.619 0.258
18 29 1.014 0.413
18 30 5.167 0.444
18 31 11.004 0.388
18 32 9.61 0.313
18 33 9.806 0.391
18 34 13.271 0.429
18 35 1.895 0.371
18 36 5.381 0.332
18 37 6.337 0.352
18 38 13.765 0.329
18 39 13.156 0.405
18 40 3.797 0.388
18 41 11.241 0.375
18 42 14.225 0.297
18 43 10.525 0.413
18 44 3.404 0.388
18 45 13.395 0.237
18 46 12.466 0.325
18 47 9.543 0.317
18 48 0.799 0.352
18 49 14.099 0.327
19 20 2.297 0.826
19 21 1.081 0.823
19 22 10.811 1.087
19 23 1.574 0.831
19 24 1.24 0.803
19 25 4.354 0.842
19 26 0.966 0.81
19 27 14.274 0.64
19 28 12.644 0.971
19 29 2.798 0.973
19 30 6.266 1.092
19 31 0.167 0.929
19 32 11.776 0.903
19 33 4.084 1.072
19 34 1.561 0.963
19 35 4.509 0.853
19 36 2.442 0.805
19 37 15.139 0.574
19 38 7.514 1.024
19 39 2.948 1.107
19 40 0.6 1.09
19 41 2.741 0.963
19 42 8.513 1.0
19 43 8.426 0.867
19 44 16.667 0.689
19 45 12.817 1.029
19 46 9.15 1.087
19 47 8.959 0.968
19 48 2.874 1.02
19 49 13.509 1.038
20 21 4.144 0.521
20 22 3.054 0.503
20 23 8.232 0.644
20 24 11.727 0.624
20 25 8.059 0.633
20 26 12.609 0.633
20 27 5.487 0.46
20 28 0.014 0.561
20 29 8.554 0.592
20 30 12.548 0.498
20 31 10.272 0.618
20 32 12.474 0.504
20 33 0.154 0.551
20 34 8.231 0.635
20 35 4.466 0.62
20 36 6.235 0.619
20 37 7.567 0.536
20 38 2.065 0.494
20 39 5.696 0.6
20 40 12.714 0.666
20 41 9.104 0.614
20 42 13.905 0.632
20 43 13.153 0.524
20 44 9.165 0.63
20 45 1.855 0.539
20 46 11.718 0.617
20 47 12.117 0.629
20 48 1.836 0.615
20 49 1.096 0.545
21 22 13.301 1.103
21 23 7.599 0.785
21 24 0.481 0.873
21 25 13.617 0.854
21 26 12.657 1.039
21 27 7.113 1.05
21 28 13.069 0.886
21 29 1.461 0.819
21 30 14.309 1.051
21 31 4.537 0.972
21 32 9.971 0.93
21 33 2.094 0.977
21 34 13.587 1.069
21 35 14.731 0.666
21 36 13.547 0.94
21 37 8.146 1.072
21 38 2.792 0.956
21 39 1.201 1.122
21 40 9.702 0.802
21 41 14.225 1.004
21 42 4.688 1.107
21 43 7.267 0.781
21 44 4.505 0.889
21 45 14.42 1.092
21 46 2.838 1.129
21 47 11.138 1.115
21 48 5.837 0.778
21 49 14.818 0.602
22 23 6.245 0.34
22 24 2.573 0.343
22 25 14.337 0.346
22 26 16.554 0.236
22 27 5.114 0.383
22 28 6.836 0.374
22 29 11.011 0.445
22 30 7.799 0.365
22 31 1.669 0.423
22 32 5.106 0.439
22 33 0.884 0.358
22 34 11.024 0.393
22 35 13.953 0.378
22 36 15.561 0.228
22 37 14.767 0.372
22 38 5.211 0.311
22 39 3.537 0.408
22 40 14.381 0.435
22 41 1.433 0.319
22 42 8.656 0.412
22 43 12.807 0.423
22 44 14.757 0.31
22 45 7.044 0.36
22 46 3.589 0.452
22 47 4.142 0.332
22 48 16.685 0.26
22 49 11.652 0.38
23 24 5.438 1.883
23 25 14.714 1.326
23 26 3.924 1.74
23 27 11.435 2.004
23 28 13.818 1.808
23 29 11.975 1.976
23 30 5.017 1.871
23 31 6.963 1.77
23 32 14.151 1.862
23 33 9.576 1.871
23 34 11.767 2.204
23 35 5.988 1.558
23 36 10.702 1.695
23 37 0.23 2.025
23 38 4.224 2.18
23 39 0.104 2.07
23 40 13.678 1.643
23 41 10.991 2.208
23 42 5.179 1.511
23 43 14.57 1.272
23 44 9.101 1.599
23 45 8.986 1.533
23 46 14.757 1.955
23 47 2.632 1.665
23 48 7.456 1.713
23 49 6.626 1.638
24 25 7.791 0.246
24 26 5.032 0.318
24 27 3.054 0.225
24 28 5.664 0.244
24 29 10.957 0.289
24 30 14.559 0.284
24 31 5.869 0.292
24 32 4.231 0.224
24 33 1.209 0.261
24 34 2.005 0.305
24 35 14.337 0.296
24 36 11.614 0.287
24 37 5.33 0.25
24 38 6.211 0.318
24 39 13.111 0.196
24 40 5.781 0.236
24 41 0.305 0.274
24 42 3.818 0.319
24 43 4.075 0.28
24 44 14.192 0.264
24 45 10.214 0.263
24 46 7.527 0.309
24 47 15.692 0.212
24 48 2.971 0.229
24 49 8.468 0.311
25 26 8.496 2.196
25 27 11.491 1.521
25 28 5.369 1.511
25 29 13.067 2.115
25 30 4.813 1.864
25 31 9.215 1.979
25 32 2.909 1.962
25 33 4.558 1.585
25 34 2.589 1.809
25 35 8.897 2.003
25 36 8.83 1.783
25 37 7.708 1.882
25 38 10.211 2.184
25 39 4.822 1.904
25 40 13.627 1.622
25 41 8.34 1.963
25 42 0.996 2.075
25 43 14.022 1.223
25 44 4.328 1.818
25 45 2.249 1.713
25 46 7.88 1.778
25 47 1.998 1.94
25 48 1.17 1.571
25 49 8.985 2.056
26 27 2.728 0.309
26 28 2.018 0.376
26 29 7.58 0.412
26 30 10.501 0.434
26 31 10.405 0.336
26 32 13.015 0.362
26 33 6.842 0.352
26 34 0.792 0.322
26 35 11.698 0.362
26 36 16.991 0.243
26 37 1.022 0.422
26 38 12.74 0.35
26 39 9.939 0.335
26 40 6.127 0.406
26 41 11.395 0.373
26 42 5.712 0.399
26 43 0.902 0.433
26 44 14.078 0.402
26 45 3.273 0.319
26 46 8.101 0.306
26 47 7.24 0.377
26 48 16.118 0.248
26 49 12.303 0.443
27 28 8.154 1.08
27 29 1.025 1.04
27 30 9.738 1.122
27 31 14.853 1.1
27 32 11.605 0.997
27 33 9.65 0.833
27 34 6.816 1.127
27 35 11.238 0.953
27 36 5.41 0.84
27 37 12.696 0.588
27 38 1.292 0.869
27 39 12.331 1.015
27 40 13.412 1.031
27 41 9.591 0.82
27 42 4.815 0.948
27 43 4.743 0.98
27 44 16.431 0.618
27 45 1.136 0.781
27 46 4.894 0.828
27 47 3.084 1.019
27 48 2.422 0.98
27 49 12.139 0.895
28 29 7.252 0.366
28 30 8.97 0.374
28 31 3.177 0.338
28 32 13.147 0.382
28 33 7.458 0.312
28 34 7.205 0.399
28 35 11.694 0.347
28 36 7.898 0.31
28 37 9.134 0.421
28 38 2.536 0.325
28 39 1.929 0.343
28 40 0.228 0.358
28 41 5.318 0.373
28 42 14.286 0.26
28 43 7.92 0.438
28 44 8.246 0.307
28 45 15.342 0.288
28 46 2.006 0.392
28 47 2.862 0.432
28 48 10.538 0.381
28 49 0.723 0.379
29 30 14.444 0.883
29 31 12.779 1.015
29 32 14.86 0.943
29 33 15.759 0.637
29 34 14.638 1.038
29 35 4.385 0.813
29 36 14.156 1.008
29 37 7.206 1.0
29 38 3.534 1.076
29 39 7.71 0.916
29 40 16.594 0.69
29 41 0.279 0.821
29 42 2.808 0.981
29 43 4.287 0.995
29 44 13.535 1.022
29 45 6.383 1.127
29 46 4.524 0.883
29 47 4.556 1.0
29 48 14.548 0.95
29 49 14.98 0.958
30 31 15.465 4.225
30 32 7.967 6.615
30 33 0.396 6.701
30 34 6.185 6.091
30 35 2.262 4.59
30 36 2.907 5.809
30 37 2.609 6.771
30 38 2.506 4.949
30 39 2.004 6.231
30 40 4.069 5.806
30 41 2.218 4.995
30 42 12.693 6.493
30 43 7.645 5.004
30 44 3.255 5.319
30 45 11.598 5.532
30 46 9.439 6.075
30 47 13.432 6.277
30 48 9.307 5.007
30 49 11.66 4.648
31 32 3.157 5.031
31 33 2.298 4.565
31 34 1.509 5.739
31 35 5.289 5.745
31 36 1.185 5.614
31 37 0.17 5.607
31 38 3.9 5.473
31 39 12.335 5.608
31 40 1.686 5.762
31 41 6.418 6.202
31 42 2.263 4.699
31 43 3.8 6.046
31 44 7.872 6.127
31 45 4.665 6.42
31 46 7.832 6.187
31 47 12.871 6.528
31 48 12.665 6.019
31 49 5.052 6.231
32 33 4.402 1.061
32 34 14.269 0.997
32 35 2.356 0.842
32 36 1.636 0.769
32 37 3.263 0.982
32 38 13.783 0.687
32 39 0.441 0.85
32 40 4.149 1.056
32 41 6.444 0.916
32 42 0.107 0.793
32 43 11.422 0.823
32 44 9.429 1.098
32 45 0.873 0.97
32 46 8.134 1.096
32 47 0.341 1.064
32 48 10.824 1.013
32 49 14.924 0.83
33 34 12.975 1.105
33 35 12.634 0.917
33 36 14.606 1.091
33 37 11.23 0.822
33 38 5.011 1.015
33 39 13.271 1.015
33 40 14.757 0.624
33 41 0.113 0.866
33 42 9.843 0.871
33 43 8.078 1.118
33 44 0.21 0.817
33 45 6.062 1.11
33 46 12.114 0.864
33 47 3.041 0.903
33 48 9.06 1.031
33 49 14.278 0.774
34 35 14.408 1.652
34 36 3.509 1.807
34 37 6.793 1.532
34 38 9.392 1.841
34 39 4.52 1.846
34 40 6.045 1.844
34 41 6.788 1.645
34 42 13.914 1.743
34 43 7.567 2.073
34 44 8.195 1.644
34 45 0.668 2.219
34 46 5.935 1.707
34 47 12.395 1.891
34 48 2.058 1.537
34 49 4.797 2.166
35 36 8.511 0.799
35 37 9.958 1.025
35 38 2.469 1.037
35 39 9.882 1.004
35 40 13.789 0.782
35 41 3.087 0.924
35 42 13.103 1.068
35 43 7.129 1.071
35 44 3.297 1.07
35 45 3.183 0.951
35 46 13.094 0.8
35 47 10.186 1.005
35 48 5.102 0.83
35 49 14.929 0.663
36 37 8.653 0.383
36 38 3.043 0.409
36 39 5.642 0.328
36 40 2.454 0.412
36 41 4.966 0.336
36 42 13.436 0.422
36 43 6.0 0.36
36 44 8.81 0.396
36 45 9.071 0.378
36 46 10.102 0.335
36 47 14.833 0.319
36 48 14.279 0.294
36 49 2.0 0.337
37 38 14.954 0.997
37 39 0.77 0.992
37 40 7.412 0.79
37 41 2.993 0.836
37 42 9.405 0.875
37 43 1.156 0.802
37 44 14.492 0.723
37 45 14.989 0.839
37 46 14.391 0.813
37 47 11.873 0.942
37 48 14.036 0.878
37 49 12.936 0.895
38 39 5.515 0.976
38 40 1.449 1.082
38 41 1.914 1.002
38 42 6.981 0.907
38 43 12.632 0.763
38 44 2.505 0.935
38 45 10.161 0.984
38 46 9.918 0.859
38 47 11.95 0.79
38 48 5.438 1.04
38 49 9.913 0.759
39 40 0.241 0.291
39 41 13.143 0.25
39 42 14.471 0.298
39 43 12.009 0.294
39 44 6.103 0.291
39 45 11.658 0.278
39 46 11.19 0.31
39 47 15.328 0.176
39 48 8.855 0.275
39 49 10.528 0.218
40 41 12.702 0.968
40 42 2.61 1.128
40 43 14.444 0.793
40 44 9.983 0.931
40 45 1.044 1.038
40 46 4.81 1.01
40 47 11.989 0.989
40 48 2.504 1.017
40 49 3.069 0.783
41 42 9.724 5.913
41 43 3.386 6.461
41 44 0.442 6.001
41 45 11.221 5.258
41 46 11.728 5.477
41 47 3.35 5.564
41 48 10.058 6.124
41 49 14.606 6.146
42 43 9.564 0.445
42 44 13.762 0.424
42 45 16.575 0.293
42 46 3.832 0.373
42 47 8.973 0.401
42 48 4.956 0.386
42 49 9.475 0.313
43 44 2.234 1.605
43 45 1.525 1.69
43 46 0.12 2.086
43 47 2.157 2.091
43 48 11.891 1.907
43 49 9.174 2.232
44 45 6.327 0.872
44 46 4.436 1.0
44 47 11.75 0.986
44 48 8.293 0.8
44 49 9.885 1.081
45 46 3.063 0.313
45 47 3.042 0.359
45 48 8.876 0.449
45 49 11.862 0.433
46 47 0.838 5.433
46 48 7.763 6.316
46 49 7.919 5.358
47 48 3.032 0.306
47 49 7.865 0.318
48 49 10.126 0.375
