50
96
0 1 15.17 4.35
0 2 19.5 9.88
0 3 16.05 5.33
0 4 12.67 9.92
0 5 13.77 9.33
0 6 8.02 6.26
0 7 15.61 5.95
0 8 16.36 9.54
0 9 12.4 5.67
0 10 11.03 4.53
0 11 15.59 7.61
0 12 9.57 9.94
0 13 19.39 4.84
0 14 8.16 9.73
0 15 9.03 5.31
0 16 11.2 8.93
0 17 19.68 8.41
0 18 16.31 8.06
0 19 17.83 4.71
0 20 16.98 7.97
0 21 8.94 4.28
0 22 9.26 9.99
0 23 20.5 0.24
0 24 17.64 9.65
0 25 16.4 6.33
0 26 12.86 7.23
0 27 15.67 4.72
0 28 13.08 6.07
0 29 17.07 4.21
0 30 15.16 6.92
0 31 18.2 6.41
0 32 10.31 5.98
0 33 9.7 4.75
0 34 11.77 9.9
0 35 17.06 9.62
0 36 12.53 4.37
0 37 10.8 4.17
0 38 38.9 1.39
0 39 15.25 5.77
0 40 16.33 5.26
0 41 12.13 9.58
0 42 13.73 5.71
0 43 10.26 4.66
0 44 19.33 6.97
0 45 10.92 9.49
0 46 15.6 5.88
0 47 19.38 6.44
0 48 11.84 9.83
0 49 19.17 8.93
1 2 15.63 4.29
1 3 12.59 4.71
1 4 13.4 4.18
1 5 9.66 4.84
1 6 11.52 7.92
1 7 8.09 7.21
1 8 12.23 7.3
1 9 9.91 8.97
1 10 17.31 8.65
1 11 12.49 5.89
1 12 8.81 9.61
1 13 25.7 1.0
1 14 8.11 5.52
1 15 14.82 8.64
1 16 16.92 6.4
1 17 19.95 7.04
1 18 8.98 6.14
1 19 11.08 4.37
1 20 16.75 9.63
1 21 13.32 9.01
1 22 16.96 4.39
1 23 17.38 8.81
1 24 8.37 8.11
1 25 13.6 6.07
1 26 18.11 7.99
1 27 17.27 5.93
1 28 14.8 7.39
1 29 17.77 8.26
1 30 11.56 7.5
1 31 11.54 4.09
1 32 9.22 6.74
1 33 14.75 6.21
1 34 18.21 5.75
1 35 16.07 7.57
1 36 15.21 7.26
1 37 18.85 5.97
1 38 11.61 7.08
1 39 16.32 9.41
1 40 12.38 7.79
1 41 19.84 9.9
1 42 15.73 8.16
1 43 18.99 4.2
1 44 13.88 5.83
1 45 10.59 8.18
1 46 37.8 1.3
1 47 18.4 4.75
1 48 15.91 6.05
1 49 10.21 9.82
2 3 14.53 4.17
2 4 17.45 8.79
2 5 12.86 4.09
2 6 9.3 6.53
2 7 19.49 9.04
2 8 17.94 4.47
2 9 17.67 6.36
2 10 13.77 9.66
2 11 16.93 4.9
2 12 15.97 4.0
2 13 11.96 8.18
2 14 14.02 6.68
2 15 8.68 5.08
2 16 12.74 9.64
2 17 8.23 8.42
2 18 10.74 9.56
2 19 15.58 5.96
2 20 11.68 8.74
2 21 23.2 4.0
2 22 9.05 4.89
2 23 9.52 5.22
2 24 16.2 4.91
2 25 18.18 8.95
2 26 19.55 7.27
2 27 18.36 4.39
2 28 10.35 4.16
2 29 10.75 6.33
2 30 8.66 5.39
2 31 10.48 9.05
2 32 10.72 5.96
2 33 10.93 6.18
2 34 15.43 9.87
2 35 16.01 4.12
2 36 15.88 9.81
2 37 19.03 8.71
2 38 13.2 8.11
2 39 14.69 9.55
2 40 11.01 4.46
2 41 8.44 9.09
2 42 17.16 9.53
2 43 18.52 6.66
2 44 11.33 8.61
2 45 8.09 6.24
2 46 13.63 4.14
2 47 12.3 7.19
2 48 12.37 6.72
2 49 15.89 5.06
3 4 10.28 4.95
3 5 15.58 8.87
3 6 16.29 5.83
3 7 16.57 6.66
3 8 13.32 9.0
3 9 14.64 6.38
3 10 8.12 7.56
3 11 31.3 1.0
3 12 15.69 4.09
3 13 12.87 4.36
3 14 10.58 4.44
3 15 12.88 5.43
3 16 15.19 4.68
3 17 14.2 7.9
3 18 12.3 4.14
3 19 15.49 4.76
3 20 16.5 4.67
3 21 19.39 9.27
3 22 10.73 4.48
3 23 16.64 8.27
3 24 10.23 5.66
3 25 10.7 6.07
3 26 11.09 4.86
3 27 8.68 7.54
3 28 17.43 7.86
3 29 13.73 9.07
3 30 8.32 9.94
3 31 19.16 4.43
3 32 14.75 7.95
3 33 9.81 9.98
3 34 8.12 5.65
3 35 12.06 8.16
3 36 8.48 5.52
3 37 39.6 2.6
3 38 17.37 6.99
3 39 18.37 8.16
3 40 18.56 5.38
3 41 18.0 9.59
3 42 13.48 6.48
3 43 8.95 6.35
3 44 18.58 9.76
3 45 17.65 6.74
3 46 12.84 5.84
3 47 12.5 8.02
3 48 8.02 9.3
3 49 16.6 5.52
4 5 14.82 8.9
4 6 14.43 4.88
4 7 11.56 6.93
4 8 13.92 6.11
4 9 14.4 4.85
4 10 19.99 7.56
4 11 19.6 7.76
4 12 14.11 9.69
4 13 18.1 7.9
4 14 19.61 6.68
4 15 19.05 8.99
4 16 11.66 7.51
4 17 15.5 8.45
4 18 15.61 6.38
4 19 22.1 0.4
4 20 13.11 5.31
4 21 18.23 8.03
4 22 9.62 6.67
4 23 18.65 9.9
4 24 15.57 6.1
4 25 13.9 8.59
4 26 14.96 6.02
4 27 16.59 8.18
4 28 17.56 9.45
4 29 9.24 7.76
4 30 8.15 7.47
4 31 14.34 9.88
4 32 19.55 5.69
4 33 15.95 6.66
4 34 12.83 8.73
4 35 9.93 5.54
4 36 15.25 7.98
4 37 8.89 6.23
4 38 18.89 8.38
4 39 33.9 2.4
4 40 8.49 5.38
4 41 13.08 9.78
4 42 9.22 9.5
4 43 14.6 4.26
4 44 14.55 9.18
4 45 17.85 8.62
4 46 16.9 7.16
4 47 16.05 7.4
4 48 17.89 8.28
4 49 15.21 9.84
5 6 66.2 0.722
5 7 14.93 7.42
5 8 19.42 9.17
5 9 18.42 4.92
5 10 12.08 4.81
5 11 17.2 6.95
5 12 10.54 5.06
5 13 19.67 5.19
5 14 16.68 9.79
5 15 17.17 9.07
5 16 9.28 6.08
5 17 14.96 5.1
5 18 8.83 4.61
5 19 11.79 6.99
5 20 11.45 5.3
5 21 13.24 5.91
5 22 11.25 5.12
5 23 15.11 9.84
5 24 11.14 5.56
5 25 19.25 6.7
5 26 18.64 9.18
5 27 8.45 9.89
5 28 19.31 5.78
5 29 52.9 1.11
5 30 12.17 7.96
5 31 11.13 9.25
5 32 11.12 8.18
5 33 13.74 4.08
5 34 18.05 9.01
5 35 10.62 4.94
5 36 9.64 9.54
5 37 14.97 8.09
5 38 13.6 8.54
5 39 14.62 8.45
5 40 8.16 6.29
5 41 17.77 9.23
5 42 10.72 8.02
5 43 16.4 8.45
5 44 13.01 4.2
5 45 46.1 0.527
5 46 16.93 5.55
5 47 18.93 8.58
5 48 11.44 7.05
5 49 10.09 7.53
6 7 17.61 7.16
6 8 18.34 8.29
6 9 15.68 5.48
6 10 13.85 8.06
6 11 14.38 5.1
6 12 11.48 8.33
6 13 14.19 4.17
6 14 8.79 6.39
6 15 15.33 4.12
6 16 19.79 4.69
6 17 13.78 8.81
6 18 9.42 8.83
6 19 11.98 5.67
6 20 18.58 6.73
6 21 13.94 6.83
6 22 15.29 9.07
6 23 18.41 9.16
6 24 18.52 6.22
6 25 18.78 8.64
6 26 8.48 6.43
6 27 8.32 9.51
6 28 12.62 9.3
6 29 70.2 2.22
6 30 12.77 6.1
6 31 18.53 5.52
6 32 10.11 5.67
6 33 11.71 5.71
6 34 12.73 8.81
6 35 9.97 4.38
6 36 12.5 6.9
6 37 11.13 9.82
6 38 15.2 5.17
6 39 19.27 4.64
6 40 10.94 9.44
6 41 9.65 6.06
6 42 18.1 8.11
6 43 15.38 4.59
6 44 11.92 5.09
6 45 48.6 0.666
6 46 14.28 8.59
6 47 19.36 5.29
6 48 19.98 9.26
6 49 13.26 7.93
7 8 11.25 7.72
7 9 16.97 4.96
7 10 17.6 8.22
7 11 11.55 8.88
7 12 12.98 4.91
7 13 17.25 9.41
7 14 8.11 9.24
7 15 32.8 2.1
7 16 13.06 5.82
7 17 9.28 9.54
7 18 19.93 4.24
7 19 15.6 8.7
7 20 13.07 9.41
7 21 14.8 4.53
7 22 8.58 9.22
7 23 11.23 9.33
7 24 10.06 6.72
7 25 8.54 5.69
7 26 15.31 9.8
7 27 13.65 4.37
7 28 14.16 4.88
7 29 19.11 6.72
7 30 19.23 8.95
7 31 12.9 5.96
7 32 14.51 8.63
7 33 19.95 8.09
7 34 29.24 1.40
7 35 19.46 9.21
7 36 17.68 5.57
7 37 15.06 6.81
7 38 13.12 7.73
7 39 18.32 5.75
7 40 18.05 9.13
7 41 16.22 4.68
7 42 17.76 9.26
7 43 17.56 9.73
7 44 17.49 7.67
7 45 18.87 7.84
7 46 10.14 9.67
7 47 18.93 9.16
7 48 12.68 7.16
7 49 17.41 4.23
8 9 19.04 6.83
8 10 10.0 7.45
8 11 15.87 8.61
8 12 19.65 9.19
8 13 19.95 8.38
8 14 18.39 9.16
8 15 8.76 5.25
8 16 19.9 7.77
8 17 18.81 5.63
8 18 14.04 6.48
8 19 19.01 6.86
8 20 10.47 8.69
8 21 17.89 6.99
8 22 18.67 8.7
8 23 12.88 5.86
8 24 16.06 6.21
8 25 8.83 4.39
8 26 13.88 7.7
8 27 12.04 4.44
8 28 12.67 5.68
8 29 19.55 5.06
8 30 39.8 2.10
8 31 17.06 9.8
8 32 13.13 4.9
8 33 12.95 8.55
8 34 19.4 4.14
8 35 15.39 5.19
8 36 12.66 5.15
8 37 19.17 6.97
8 38 8.32 4.64
8 39 10.28 7.66
8 40 30.82 0.93
8 41 9.19 6.41
8 42 9.09 6.75
8 43 12.39 9.01
8 44 18.36 8.98
8 45 18.43 5.45
8 46 12.42 8.77
8 47 18.4 9.24
8 48 10.22 7.57
8 49 12.8 9.15
9 10 47.87 0.27
9 11 8.47 8.4
9 12 15.41 5.78
9 13 18.27 8.63
9 14 51.01 0.836
9 15 18.2 4.96
9 16 11.03 4.05
9 17 9.84 5.3
9 18 14.06 8.01
9 19 8.18 7.45
9 20 9.73 7.86
9 21 11.4 8.7
9 22 8.73 8.93
9 23 11.46 5.3
9 24 8.19 6.03
9 25 14.61 8.82
9 26 19.85 6.14
9 27 8.79 8.78
9 28 43.54 0.063
9 29 18.08 4.19
9 30 12.26 5.81
9 31 13.04 9.93
9 32 11.5 8.18
9 33 19.9 7.19
9 34 16.91 5.45
9 35 11.21 9.58
9 36 14.53 8.96
9 37 13.69 9.66
9 38 11.94 6.56
9 39 12.17 5.3
9 40 18.99 6.92
9 41 11.98 6.7
9 42 13.79 4.94
9 43 11.31 8.64
9 44 10.23 9.2
9 45 18.93 9.64
9 46 13.59 5.62
9 47 13.42 8.25
9 48 64.21 0.581
9 49 14.82 6.84
10 11 11.98 5.02
10 12 8.07 9.98
10 13 12.43 6.32
10 14 58.23 0.218
10 15 9.75 8.62
10 16 17.15 9.91
10 17 10.33 4.34
10 18 9.32 5.19
10 19 13.69 7.93
10 20 19.73 8.91
10 21 13.15 4.68
10 22 8.2 7.32
10 23 10.9 8.43
10 24 9.61 5.75
10 25 16.67 5.39
10 26 15.79 4.16
10 27 8.71 4.28
10 28 41.28 0.109
10 29 18.21 9.19
10 30 14.06 5.47
10 31 11.11 5.68
10 32 12.1 9.55
10 33 11.27 7.69
10 34 10.14 4.33
10 35 11.12 5.71
10 36 15.31 4.14
10 37 11.01 6.38
10 38 16.08 4.05
10 39 17.72 5.98
10 40 12.03 6.56
10 41 18.65 6.98
10 42 12.81 8.2
10 43 13.89 4.63
10 44 19.78 7.99
10 45 13.45 7.07
10 46 9.43 9.81
10 47 15.2 8.47
10 48 91.81 0.581
10 49 19.15 9.42
11 12 10.46 9.17
11 13 18.69 6.8
11 14 19.4 9.26
11 15 15.45 9.91
11 16 15.91 7.48
11 17 15.02 5.49
11 18 10.26 5.38
11 19 14.08 5.65
11 20 15.65 7.39
11 21 17.05 8.69
11 22 10.47 5.73
11 23 10.55 7.66
11 24 11.54 8.11
11 25 19.9 5.58
11 26 11.48 4.28
11 27 9.67 8.43
11 28 12.63 7.4
11 29 14.58 6.6
11 30 10.04 5.16
11 31 16.71 9.22
11 32 12.27 9.55
11 33 11.06 6.5
11 34 16.09 9.05
11 35 19.66 5.25
11 36 11.8 8.6
11 37 26.21 0.24
11 38 18.42 4.86
11 39 18.32 6.15
11 40 11.69 9.09
11 41 12.1 8.13
11 42 9.26 6.02
11 43 15.31 6.96
11 44 8.41 7.21
11 45 10.54 8.73
11 46 18.87 5.36
11 47 16.05 6.23
11 48 14.06 9.93
11 49 8.48 8.48
12 13 9.49 8.39
12 14 12.6 4.75
12 15 13.35 9.53
12 16 8.03 5.8
12 17 12.75 5.85
12 18 12.11 8.21
12 19 17.49 4.05
12 20 11.87 4.42
12 21 9.27 4.33
12 22 11.81 7.01
12 23 10.25 9.39
12 24 15.05 9.03
12 25 35.29 1.7
12 26 18.73 5.54
12 27 12.25 5.38
12 28 16.68 6.09
12 29 12.08 6.58
12 30 13.6 9.56
12 31 17.93 5.38
12 32 17.86 4.16
12 33 13.49 7.66
12 34 9.29 5.59
12 35 18.55 5.0
12 36 15.11 6.41
12 37 18.46 4.74
12 38 14.67 9.28
12 39 17.87 5.99
12 40 9.57 6.46
12 41 37.76 1.65
12 42 17.0 7.78
12 43 16.41 6.81
12 44 9.43 9.89
12 45 14.72 4.24
12 46 12.05 8.79
12 47 16.74 6.56
12 48 12.69 7.72
12 49 8.73 9.57
13 14 12.22 4.82
13 15 12.56 7.54
13 16 17.45 6.55
13 17 12.88 4.49
13 18 13.31 4.28
13 19 10.76 4.91
13 20 16.65 5.19
13 21 10.37 4.18
13 22 16.58 5.35
13 23 15.58 8.7
13 24 15.82 5.16
13 25 18.91 6.69
13 26 18.29 4.26
13 27 19.26 9.67
13 28 11.14 9.37
13 29 13.14 6.16
13 30 19.63 9.79
13 31 10.59 5.07
13 32 9.13 9.05
13 33 13.07 7.01
13 34 13.74 6.86
13 35 12.61 4.67
13 36 16.97 4.91
13 37 10.22 6.8
13 38 19.96 5.71
13 39 14.57 5.71
13 40 8.72 9.88
13 41 14.21 9.0
13 42 17.3 6.81
13 43 13.16 6.09
13 44 19.79 8.94
13 45 11.74 9.28
13 46 39.81 1.5
13 47 10.16 5.87
13 48 8.17 9.85
13 49 19.82 9.28
14 15 15.55 7.35
14 16 9.72 4.38
14 17 11.28 4.46
14 18 11.21 4.84
14 19 16.29 4.24
14 20 10.67 7.16
14 21 15.06 4.8
14 22 9.85 4.14
14 23 16.72 6.36
14 24 12.93 9.63
14 25 8.88 9.05
14 26 17.91 8.96
14 27 17.44 7.17
14 28 72.08 0.545
14 29 10.93 8.89
14 30 18.57 8.1
14 31 8.57 4.68
14 32 13.16 8.69
14 33 14.46 4.91
14 34 14.19 6.87
14 35 14.09 8.43
14 36 14.73 6.06
14 37 9.27 8.15
14 38 8.09 5.23
14 39 11.38 5.16
14 40 17.04 6.65
14 41 16.43 6.94
14 42 10.15 5.28
14 43 18.1 9.47
14 44 15.48 5.57
14 45 9.6 5.46
14 46 10.67 9.05
14 47 15.22 9.33
14 48 64.52 0.654
14 49 12.48 7.1
15 16 11.76 9.26
15 17 8.05 8.22
15 18 18.56 7.52
15 19 10.69 5.56
15 20 10.21 8.42
15 21 16.75 7.6
15 22 13.57 4.18
15 23 14.12 9.67
15 24 13.85 6.25
15 25 13.97 9.69
15 26 19.14 6.3
15 27 16.62 9.72
15 28 13.27 5.54
15 29 12.29 7.84
15 30 10.06 8.84
15 31 18.63 4.07
15 32 16.65 5.43
15 33 14.98 8.02
15 34 20.89 0.36
15 35 13.81 6.43
15 36 18.31 6.23
15 37 12.44 6.09
15 38 17.58 6.13
15 39 12.99 6.47
15 40 13.08 4.07
15 41 13.47 9.76
15 42 8.05 7.68
15 43 9.13 9.04
15 44 17.58 8.22
15 45 12.85 9.7
15 46 15.55 6.6
15 47 16.14 9.11
15 48 19.31 7.25
15 49 19.98 6.07
16 17 13.37 9.17
16 18 11.37 8.39
16 19 13.04 5.71
16 20 19.5 8.45
16 21 16.31 4.9
16 22 24.12 0.28
16 23 10.46 8.77
16 24 18.12 6.7
16 25 16.86 5.19
16 26 8.08 9.99
16 27 15.64 7.77
16 28 8.56 5.84
16 29 16.08 5.83
16 30 9.76 8.47
16 31 16.97 8.7
16 32 11.74 9.88
16 33 16.62 6.58
16 34 17.37 9.42
16 35 16.0 4.89
16 36 9.74 6.62
16 37 9.31 5.41
16 38 16.48 6.52
16 39 11.69 8.58
16 40 11.61 4.91
16 41 17.71 4.59
16 42 15.36 4.99
16 43 15.08 9.08
16 44 19.09 8.33
16 45 12.04 8.07
16 46 19.85 9.97
16 47 15.01 5.16
16 48 8.08 4.3
16 49 37.3 2.35
17 18 29.6 1.48
17 19 14.46 6.58
17 20 14.58 7.82
17 21 9.33 4.81
17 22 17.36 8.35
17 23 12.59 8.04
17 24 14.81 6.24
17 25 13.97 8.65
17 26 8.56 8.17
17 27 12.94 5.63
17 28 16.17 9.14
17 29 13.5 4.5
17 30 17.26 7.35
17 31 19.0 5.97
17 32 16.96 4.53
17 33 12.51 9.21
17 34 15.36 6.01
17 35 14.62 8.95
17 36 15.22 7.96
17 37 15.11 8.83
17 38 19.39 8.2
17 39 9.15 4.84
17 40 17.58 4.5
17 41 19.49 8.69
17 42 34.5 1.44
17 43 19.09 9.34
17 44 15.79 8.56
17 45 8.81 5.44
17 46 13.1 5.0
17 47 15.53 8.31
17 48 14.32 4.81
17 49 16.55 4.93
18 19 13.07 5.92
18 20 14.97 9.95
18 21 19.29 8.22
18 22 17.63 7.47
18 23 12.38 7.24
18 24 16.02 7.1
18 25 9.6 4.0
18 26 8.7 5.74
18 27 11.03 7.93
18 28 15.19 6.96
18 29 9.8 5.4
18 30 15.88 6.96
18 31 18.96 8.84
18 32 11.85 6.43
18 33 13.95 6.22
18 34 8.24 8.09
18 35 10.22 9.38
18 36 13.48 4.4
18 37 10.93 9.45
18 38 17.12 9.52
18 39 13.63 7.7
18 40 12.82 4.4
18 41 15.85 7.39
18 42 30.18 1.06
18 43 14.0 4.68
18 44 12.68 8.95
18 45 14.94 5.48
18 46 14.13 6.36
18 47 15.0 5.11
18 48 18.85 4.81
18 49 14.9 5.19
19 20 19.74 5.17
19 21 11.65 5.73
19 22 13.25 4.94
19 23 16.44 8.78
19 24 19.54 8.84
19 25 17.78 7.33
19 26 19.33 8.33
19 27 17.93 9.63
19 28 9.87 8.62
19 29 19.73 5.56
19 30 17.78 7.07
19 31 9.75 5.72
19 32 11.08 8.56
19 33 12.06 6.04
19 34 11.52 6.6
19 35 13.21 9.77
19 36 17.46 7.51
19 37 10.91 7.09
19 38 17.93 9.44
19 39 36.25 1.1
19 40 15.7 9.39
19 41 19.73 9.96
19 42 14.52 5.44
19 43 16.3 5.34
19 44 19.47 9.94
19 45 10.19 7.4
19 46 19.49 8.37
19 47 10.26 8.04
19 48 15.18 9.73
19 49 12.27 5.7
20 21 9.88 5.57
20 22 14.93 8.75
20 23 15.33 8.69
20 24 17.91 7.59
20 25 10.6 7.4
20 26 17.24 7.57
20 27 18.68 7.85
20 28 12.34 8.82
20 29 9.99 6.86
20 30 11.42 4.97
20 31 38.81 3.0
20 32 12.95 6.68
20 33 12.49 4.01
20 34 9.72 7.12
20 35 17.15 8.15
20 36 19.16 8.99
20 37 8.96 6.57
20 38 17.72 5.96
20 39 8.83 8.62
20 40 17.42 5.05
20 41 17.84 6.36
20 42 10.7 5.03
20 43 13.75 4.38
20 44 8.19 8.39
20 45 12.48 4.98
20 46 19.47 8.25
20 47 19.01 6.11
20 48 16.52 8.63
20 49 13.78 7.73
21 22 14.62 7.44
21 23 19.49 5.05
21 24 17.86 8.68
21 25 9.94 7.96
21 26 10.88 7.06
21 27 17.24 7.51
21 28 18.67 5.05
21 29 8.42 7.82
21 30 10.77 9.17
21 31 8.24 6.41
21 32 13.85 8.76
21 33 18.05 5.99
21 34 15.87 9.62
21 35 19.69 8.56
21 36 11.8 7.74
21 37 17.53 9.82
21 38 16.15 7.75
21 39 19.48 7.08
21 40 10.22 7.93
21 41 13.02 7.14
21 42 10.76 8.57
21 43 13.83 6.06
21 44 19.64 6.05
21 45 10.39 8.58
21 46 15.72 9.98
21 47 13.4 6.69
21 48 13.03 7.59
21 49 8.61 8.47
22 23 17.13 8.13
22 24 15.73 8.12
22 25 14.91 8.34
22 26 18.9 6.42
22 27 14.9 4.25
22 28 16.29 6.75
22 29 15.22 6.83
22 30 14.16 5.75
22 31 18.53 9.13
22 32 9.68 8.19
22 33 18.57 6.24
22 34 11.37 5.28
22 35 9.85 6.24
22 36 11.35 5.69
22 37 18.14 5.74
22 38 12.63 5.41
22 39 18.96 5.12
22 40 16.34 8.01
22 41 17.6 4.91
22 42 10.64 7.06
22 43 13.84 6.32
22 44 12.7 8.12
22 45 16.79 6.84
22 46 17.34 6.59
22 47 18.07 5.5
22 48 8.85 6.81
22 49 32.8 1.35
23 24 13.88 7.3
23 25 18.81 9.84
23 26 10.0 8.57
23 27 9.67 6.5
23 28 16.34 6.95
23 29 18.03 8.08
23 30 11.27 9.51
23 31 19.52 6.03
23 32 8.51 7.73
23 33 12.75 9.19
23 34 13.11 5.07
23 35 18.23 4.85
23 36 16.97 6.29
23 37 16.5 5.02
23 38 39.2 2.35
23 39 16.0 9.48
23 40 10.77 6.69
23 41 11.01 5.19
23 42 17.21 5.99
23 43 9.8 4.51
23 44 16.42 4.64
23 45 10.99 5.3
23 46 11.33 4.78
23 47 19.1 4.99
23 48 16.86 7.39
23 49 10.79 5.83
24 25 31.81 1.4
24 26 10.75 4.23
24 27 14.02 6.51
24 28 17.41 8.29
24 29 11.36 7.31
24 30 17.73 5.27
24 31 18.23 7.96
24 32 13.96 6.02
24 33 10.51 8.22
24 34 19.06 5.52
24 35 14.63 8.47
24 36 13.86 8.9
24 37 18.24 8.02
24 38 10.57 4.53
24 39 13.02 9.77
24 40 11.09 9.24
24 41 10.53 7.77
24 42 19.46 4.34
24 43 36.1 1.36
24 44 10.36 6.96
24 45 17.26 6.29
24 46 12.57 6.82
24 47 10.32 9.14
24 48 17.17 4.88
24 49 18.37 6.23
25 26 18.85 7.09
25 27 12.68 6.03
25 28 10.6 9.27
25 29 11.9 5.93
25 30 15.07 4.22
25 31 10.81 8.92
25 32 8.07 8.13
25 33 19.91 4.55
25 34 19.74 9.6
25 35 15.23 7.71
25 36 11.57 9.72
25 37 13.02 6.03
25 38 13.07 9.07
25 39 15.59 7.21
25 40 8.04 8.02
25 41 22.6 0.61
25 42 10.54 4.23
25 43 28.9 1.23
25 44 11.0 4.75
25 45 15.37 9.67
25 46 14.37 7.38
25 47 13.23 4.38
25 48 10.78 5.96
25 49 10.15 8.99
26 27 11.73 7.61
26 28 13.1 6.08
26 29 18.04 4.3
26 30 9.89 6.52
26 31 14.86 4.8
26 32 13.23 5.02
26 33 34.7 1.65
26 34 14.86 5.25
26 35 10.47 7.4
26 36 14.78 4.68
26 37 10.95 4.09
26 38 13.18 7.56
26 39 15.27 8.59
26 40 16.63 9.12
26 41 15.7 9.17
26 42 9.93 5.6
26 43 17.05 5.81
26 44 24.2 0.66
26 45 9.04 9.6
26 46 13.32 5.53
26 47 12.63 4.1
26 48 13.19 4.59
26 49 13.14 7.04
27 28 9.28 7.54
27 29 19.77 8.03
27 30 9.14 6.39
27 31 12.57 7.02
27 32 39.8 4.0
27 33 10.88 7.05
27 34 15.15 6.46
27 35 17.61 7.46
27 36 16.83 9.51
27 37 17.9 8.75
27 38 14.95 5.77
27 39 19.07 5.23
27 40 9.33 9.32
27 41 10.72 4.88
27 42 15.73 6.96
27 43 14.71 7.34
27 44 17.31 8.06
27 45 10.6 9.26
27 46 12.4 6.07
27 47 11.98 4.87
27 48 18.2 5.36
27 49 10.43 4.9
28 29 17.43 9.37
28 30 11.85 8.6
28 31 13.39 4.09
28 32 11.15 9.58
28 33 10.84 6.88
28 34 16.59 8.6
28 35 13.85 7.25
28 36 17.91 9.26
28 37 16.57 6.4
28 38 10.56 4.6
28 39 16.95 9.64
28 40 13.86 9.68
28 41 19.37 5.48
28 42 8.05 7.18
28 43 13.87 7.63
28 44 16.79 9.53
28 45 16.09 8.1
28 46 18.4 7.7
28 47 11.86 6.72
28 48 57.12 0.6
28 49 14.05 8.77
29 30 13.34 8.99
29 31 8.92 7.3
29 32 15.38 7.52
29 33 11.33 4.23
29 34 16.69 5.6
29 35 18.2 7.76
29 36 14.0 5.53
29 37 16.08 8.56
29 38 12.26 6.42
29 39 14.91 4.23
29 40 17.81 5.49
29 41 16.53 7.3
29 42 11.06 7.47
29 43 17.4 4.83
29 44 17.89 5.78
29 45 40.6 0.227
29 46 19.76 7.1
29 47 10.86 4.11
29 48 11.37 8.85
29 49 18.98 6.98
30 31 12.16 6.71
30 32 10.85 4.98
30 33 13.03 4.3
30 34 15.68 4.68
30 35 13.0 7.24
30 36 17.76 5.97
30 37 12.91 6.51
30 38 13.73 6.48
30 39 10.03 4.87
30 40 35.1 0.96
30 41 15.87 9.6
30 42 9.05 8.14
30 43 14.75 4.05
30 44 12.97 6.08
30 45 17.61 6.9
30 46 13.08 8.32
30 47 8.77 7.72
30 48 16.46 9.55
30 49 9.11 4.37
31 32 12.27 6.67
31 33 13.35 6.97
31 34 8.54 6.49
31 35 19.44 8.32
31 36 19.02 5.73
31 37 13.98 5.04
31 38 17.25 7.87
31 39 15.79 6.1
31 40 10.98 7.33
31 41 9.47 6.95
31 42 8.27 8.62
31 43 8.96 5.58
31 44 11.73 9.27
31 45 13.48 4.16
31 46 10.45 8.13
31 47 10.52 8.32
31 48 15.81 7.98
31 49 11.94 9.06
32 33 17.61 4.6
32 34 8.95 8.14
32 35 14.63 7.0
32 36 18.42 5.9
32 37 17.14 7.57
32 38 15.75 9.83
32 39 18.27 5.82
32 40 18.66 5.14
32 41 17.76 5.02
32 42 16.75 4.1
32 43 9.64 8.86
32 44 15.81 4.33
32 45 11.18 8.17
32 46 16.78 8.9
32 47 16.57 4.37
32 48 10.6 4.17
32 49 19.23 5.35
33 34 15.04 6.01
33 35 19.96 9.52
33 36 15.86 5.67
33 37 15.07 8.14
33 38 15.27 4.64
33 39 17.23 4.42
33 40 18.62 6.26
33 41 8.7 4.05
33 42 9.91 6.05
33 43 9.52 8.09
33 44 35.9 1.67
33 45 17.12 7.05
33 46 19.63 9.6
33 47 18.53 9.12
33 48 17.59 7.84
33 49 9.44 7.72
34 35 9.68 4.38
34 36 12.93 6.23
34 37 15.32 8.4
34 38 13.94 8.07
34 39 17.58 5.0
34 40 10.64 8.13
34 41 11.34 8.18
34 42 19.16 7.54
34 43 16.23 9.24
34 44 9.59 4.09
34 45 16.92 8.23
34 46 17.35 8.64
34 47 14.21 8.32
34 48 18.0 6.27
34 49 16.27 4.79
35 36 22.3 0.95
35 37 19.7 9.76
35 38 9.29 8.99
35 39 13.21 5.45
35 40 19.77 6.03
35 41 11.9 6.94
35 42 10.9 5.24
35 43 16.68 4.52
35 44 9.51 7.79
35 45 18.62 8.03
35 46 8.16 9.7
35 47 37.2 1.81
35 48 8.32 7.97
35 49 10.23 7.03
36 37 16.25 5.76
36 38 16.06 4.75
36 39 17.92 5.6
36 40 19.89 9.18
36 41 9.21 6.18
36 42 19.65 7.21
36 43 13.22 9.48
36 44 15.08 8.3
36 45 8.84 9.81
36 46 10.42 9.33
36 47 36.2 1.23
36 48 16.15 8.24
36 49 14.33 9.51
37 38 9.84 7.2
37 39 19.19 9.57
37 40 9.17 7.61
37 41 18.42 4.49
37 42 15.86 5.92
37 43 19.8 6.54
37 44 15.56 5.91
37 45 12.66 9.82
37 46 8.34 7.41
37 47 11.15 7.9
37 48 15.5 9.73
37 49 17.6 4.85
38 39 19.84 7.47
38 40 12.21 9.9
38 41 15.91 4.81
38 42 9.43 5.68
38 43 19.06 5.76
38 44 11.07 9.19
38 45 8.51 9.69
38 46 9.18 6.3
38 47 15.27 5.96
38 48 18.67 9.21
38 49 8.49 6.66
39 40 17.62 7.12
39 41 19.0 7.04
39 42 18.65 8.03
39 43 14.83 4.11
39 44 19.89 6.08
39 45 15.39 5.79
39 46 9.82 5.93
39 47 18.41 9.63
39 48 19.49 8.8
39 49 12.43 4.48
40 41 10.54 9.52
40 42 13.85 9.72
40 43 18.27 8.48
40 44 15.62 6.53
40 45 13.83 4.78
40 46 11.35 9.77
40 47 9.42 6.1
40 48 19.77 9.44
40 49 16.91 7.41
41 42 8.45 7.31
41 43 17.09 6.9
41 44 15.51 6.89
41 45 19.02 9.2
41 46 15.89 6.0
41 47 14.22 7.71
41 48 12.47 9.44
41 49 9.89 9.84
42 43 12.3 4.94
42 44 15.16 6.53
42 45 12.5 7.04
42 46 8.72 7.35
42 47 9.68 7.53
42 48 17.11 6.49
42 49 12.55 7.29
43 44 14.36 9.24
43 45 15.57 9.4
43 46 16.44 5.12
43 47 8.92 7.92
43 48 13.85 7.61
43 49 15.93 6.72
44 45 10.11 5.87
44 46 10.07 6.5
44 47 17.87 9.08
44 48 19.72 9.84
44 49 9.35 4.72
45 46 14.28 5.25
45 47 12.7 4.63
45 48 16.23 6.41
45 49 17.37 6.36
46 47 18.74 5.0
46 48 15.02 7.69
46 49 14.28 6.01
47 48 12.12 7.52
47 49 15.28 7.3
48 49 10.65 8.1