50
4
0 1 96 1
0 2 83 1
0 3 90 1
0 4 6 1
0 5 51 1
0 6 41 1
0 7 50 1
0 8 1 1
0 9 36 1
0 10 69 1
0 11 17 1
0 12 6 1
0 13 32 1
0 14 28 1
0 15 7 1
0 16 85 1
0 17 31 1
0 18 4 1
0 19 20 1
0 20 30 1
0 21 8 1
0 22 70 1
0 23 92 1
0 24 21 1
0 25 68 1
0 26 68 1
0 27 86 1
0 28 20 1
0 29 82 1
0 30 46 1
0 31 0 0
0 32 97 0
0 33 18 0
0 34 4 0
0 35 63 0
0 36 59 0
0 37 5 0
0 38 97 0
0 39 5 0
0 40 65 0
0 41 15 0
0 42 75 0
0 43 78 0
0 44 19 0
0 45 59 0
0 46 1 0
0 47 39 0
0 48 43 0
0 49 33 0
1 2 53 1
1 3 78 1
1 4 52 1
1 5 99 0
1 6 56 1
1 7 31 1
1 8 88 1
1 9 68 1
1 10 86 1
1 11 23 1
1 12 30 1
1 13 73 0
1 14 85 1
1 15 11 1
1 16 69 1
1 17 69 1
1 18 50 1
1 19 27 1
1 20 70 1
1 21 70 1
1 22 20 1
1 23 32 1
1 24 66 1
1 25 32 1
1 26 47 1
1 27 99 2
1 28 62 1
1 29 98 2
1 30 5 1
1 31 1 1
1 32 68 1
1 33 5 1
1 34 5 1
1 35 30 1
1 36 12 1
1 37 87 1
1 38 61 1
1 39 30 1
1 40 90 1
1 41 58 1
1 42 22 1
1 43 84 0
1 44 39 0
1 45 28 0
1 46 20 0
1 47 53 0
1 48 26 0
1 49 82 0
2 3 67 0
2 4 10 0
2 5 38 0
2 6 10 0
2 7 56 0
2 8 54 0
2 9 26 0
2 10 14 0
2 11 59 0
2 12 83 0
2 13 17 0
2 14 17 0
2 15 47 0
2 16 96 0
2 17 54 0
2 18 75 0
2 19 46 0
2 20 46 0
2 21 90 0
2 22 74 0
2 23 38 0
2 24 1 0
2 25 95 0
2 26 94 0
2 27 35 0
2 28 96 0
2 29 34 0
2 30 87 0
2 31 95 0
2 32 14 0
2 33 75 0
2 34 79 0
2 35 35 0
2 36 37 0
2 37 17 0
2 38 25 0
2 39 55 0
2 40 87 0
2 41 74 0
2 42 16 0
2 43 40 0
2 44 6 0
2 45 99 0
2 46 47 0
2 47 89 0
2 48 37 0
2 49 66 0
3 4 90 0
3 5 3 0
3 6 84 0
3 7 61 0
3 8 36 0
3 9 97 0
3 10 43 0
3 11 57 0
3 12 92 0
3 13 14 0
3 14 95 0
3 15 21 0
3 16 73 0
3 17 21 0
3 18 9 0
3 19 14 0
3 20 52 0
3 21 75 0
3 22 6 0
3 23 60 0
3 24 52 0
3 25 21 0
3 26 49 0
3 27 46 0
3 28 43 0
3 29 45 0
3 30 74 0
3 31 7 0
3 32 64 0
3 33 75 0
3 34 33 0
3 35 12 0
3 36 5 0
3 37 96 0
3 38 15 0
3 39 6 0
3 40 23 0
3 41 36 0
3 42 85 0
3 43 15 0
3 44 93 0
3 45 95 0
3 46 12 0
3 47 84 0
3 48 11 0
3 49 25 0
4 5 79 0
4 6 12 0
4 7 36 0
4 8 51 0
4 9 28 0
4 10 8 0
4 11 72 0
4 12 31 0
4 13 78 0
4 14 70 0
4 15 33 0
4 16 28 0
4 17 4 0
4 18 53 0
4 19 74 0
4 20 64 0
4 21 88 0
4 22 92 0
4 23 0 0
4 24 85 0
4 25 60 0
4 26 55 0
4 27 95 0
4 28 23 0
4 29 14 0
4 30 85 0
4 31 52 0
4 32 75 0
4 33 48 0
4 34 81 0
4 35 23 0
4 36 31 0
4 37 23 0
4 38 58 0
4 39 7 0
4 40 77 0
4 41 42 0
4 42 89 0
4 43 35 0
4 44 66 0
4 45 24 0
4 46 55 0
4 47 10 0
4 48 69 0
4 49 0 0
5 6 46 0
5 7 18 0
5 8 85 0
5 9 19 0
5 10 17 0
5 11 73 0
5 12 53 0
5 13 75 0
5 14 25 0
5 15 51 0
5 16 68 0
5 17 80 0
5 18 93 0
5 19 58 0
5 20 66 0
5 21 35 0
5 22 42 0
5 23 92 0
5 24 10 0
5 25 4 0
5 26 27 0
5 27 93 0
5 28 67 0
5 29 48 0
5 30 30 0
5 31 53 0
5 32 43 0
5 33 21 0
5 34 84 0
5 35 84 0
5 36 68 0
5 37 72 0
5 38 54 0
5 39 64 0
5 40 55 0
5 41 76 0
5 42 20 0
5 43 97 0
5 44 27 0
5 45 49 0
5 46 35 0
5 47 57 0
5 48 6 0
5 49 65 0
6 7 39 0
6 8 45 0
6 9 42 0
6 10 77 0
6 11 28 0
6 12 35 0
6 13 93 0
6 14 50 0
6 15 50 0
6 16 67 0
6 17 40 0
6 18 6 0
6 19 62 0
6 20 23 0
6 21 58 0
6 22 79 0
6 23 48 0
6 24 14 0
6 25 94 0
6 26 97 0
6 27 53 0
6 28 60 0
6 29 73 0
6 30 8 0
6 31 54 0
6 32 43 0
6 33 67 0
6 34 64 0
6 35 47 0
6 36 28 0
6 37 89 0
6 38 98 2
6 39 99 0
6 40 36 0
6 41 1 0
6 42 44 0
6 43 46 0
6 44 28 0
6 45 32 0
6 46 68 0
6 47 64 0
6 48 50 0
6 49 72 0
7 8 81 0
7 9 51 0
7 10 62 0
7 11 52 0
7 12 6 0
7 13 9 0
7 14 24 0
7 15 21 0
7 16 6 0
7 17 61 0
7 18 49 0
7 19 5 0
7 20 26 0
7 21 76 0
7 22 99 0
7 23 3 0
7 24 22 0
7 25 74 0
7 26 18 0
7 27 99 2
7 28 20 0
7 29 68 0
7 30 82 0
7 31 81 0
7 32 89 0
7 33 50 0
7 34 15 0
7 35 38 0
7 36 7 0
7 37 98 0
7 38 80 0
7 39 62 0
7 40 70 0
7 41 42 0
7 42 10 0
7 43 18 0
7 44 36 0
7 45 0 0
7 46 23 0
7 47 84 0
7 48 2 0
7 49 71 0
8 9 22 0
8 10 25 0
8 11 8 0
8 12 88 0
8 13 47 0
8 14 6 0
8 15 61 0
8 16 31 0
8 17 17 0
8 18 86 0
8 19 59 0
8 20 84 0
8 21 11 0
8 22 35 0
8 23 69 0
8 24 46 0
8 25 88 0
8 26 56 0
8 27 67 0
8 28 93 0
8 29 66 0
8 30 2 0
8 31 82 0
8 32 91 0
8 33 76 0
8 34 26 0
8 35 30 0
8 36 24 0
8 37 21 0
8 38 10 0
8 39 33 0
8 40 95 0
8 41 52 0
8 42 95 0
8 43 24 0
8 44 60 0
8 45 17 0
8 46 96 0
8 47 27 0
8 48 17 0
8 49 60 0
9 10 27 0
9 11 77 0
9 12 27 0
9 13 34 0
9 14 70 0
9 15 11 0
9 16 83 0
9 17 60 0
9 18 39 0
9 19 49 0
9 20 97 0
9 21 12 0
9 22 64 0
9 23 68 0
9 24 92 0
9 25 61 0
9 26 97 0
9 27 34 0
9 28 92 0
9 29 32 0
9 30 11 0
9 31 82 0
9 32 36 0
9 33 79 0
9 34 10 0
9 35 87 0
9 36 2 0
9 37 30 0
9 38 59 0
9 39 2 0
9 40 7 0
9 41 56 0
9 42 79 0
9 43 32 0
9 44 23 0
9 45 1 0
9 46 34 0
9 47 91 0
9 48 5 0
9 49 16 0
10 11 72 0
10 12 58 0
10 13 60 0
10 14 3 0
10 15 21 0
10 16 99 0
10 17 0 0
10 18 37 0
10 19 31 0
10 20 12 0
10 21 46 0
10 22 17 0
10 23 15 0
10 24 21 0
10 25 62 0
10 26 99 2
10 27 11 0
10 28 26 0
10 29 87 0
10 30 42 0
10 31 10 0
10 32 75 0
10 33 37 0
10 34 92 0
10 35 73 0
10 36 75 0
10 37 40 0
10 38 68 0
10 39 57 0
10 40 43 0
10 41 24 0
10 42 89 0
10 43 64 0
10 44 52 0
10 45 77 0
10 46 87 0
10 47 79 0
10 48 30 0
10 49 32 0
11 12 67 0
11 13 57 0
11 14 64 0
11 15 35 0
11 16 77 0
11 17 6 0
11 18 43 0
11 19 55 0
11 20 60 0
11 21 7 0
11 22 96 0
11 23 33 0
11 24 47 0
11 25 93 0
11 26 39 0
11 27 95 0
11 28 28 0
11 29 48 0
11 30 17 0
11 31 97 0
11 32 6 0
11 33 6 0
11 34 60 0
11 35 13 0
11 36 47 0
11 37 39 0
11 38 46 0
11 39 71 0
11 40 73 0
11 41 96 0
11 42 87 0
11 43 49 0
11 44 36 0
11 45 40 0
11 46 35 0
11 47 70 0
11 48 33 0
11 49 90 0
12 13 43 0
12 14 55 0
12 15 98 0
12 16 53 0
12 17 11 0
12 18 5 0
12 19 84 0
12 20 18 0
12 21 90 0
12 22 29 0
12 23 54 0
12 24 66 0
12 25 69 0
12 26 51 0
12 27 63 0
12 28 89 0
12 29 36 0
12 30 3 0
12 31 85 0
12 32 75 0
12 33 54 0
12 34 64 0
12 35 96 0
12 36 11 0
12 37 5 0
12 38 2 0
12 39 10 0
12 40 3 0
12 41 16 0
12 42 25 0
12 43 40 0
12 44 86 0
12 45 58 0
12 46 32 0
12 47 65 0
12 48 62 0
12 49 50 0
13 14 62 0
13 15 50 0
13 16 56 0
13 17 21 0
13 18 14 0
13 19 85 0
13 20 43 0
13 21 39 0
13 22 54 0
13 23 1 0
13 24 74 0
13 25 52 0
13 26 20 0
13 27 61 0
13 28 44 0
13 29 46 0
13 30 22 0
13 31 19 0
13 32 73 0
13 33 82 0
13 34 37 0
13 35 71 0
13 36 88 0
13 37 86 0
13 38 19 0
13 39 22 0
13 40 34 0
13 41 27 0
13 42 11 0
13 43 99 0
13 44 81 0
13 45 78 0
13 46 89 0
13 47 24 0
13 48 26 0
13 49 92 0
14 15 33 0
14 16 66 0
14 17 31 0
14 18 16 0
14 19 37 0
14 20 17 0
14 21 9 0
14 22 17 0
14 23 22 0
14 24 47 0
14 25 94 0
14 26 26 0
14 27 93 0
14 28 70 0
14 29 90 0
14 30 40 0
14 31 60 0
14 32 39 0
14 33 93 0
14 34 47 0
14 35 67 0
14 36 13 0
14 37 63 0
14 38 48 0
14 39 76 0
14 40 8 0
14 41 84 0
14 42 94 0
14 43 93 0
14 44 16 0
14 45 14 0
14 46 5 0
14 47 30 0
14 48 88 0
14 49 51 0
15 16 83 0
15 17 85 0
15 18 11 0
15 19 48 0
15 20 83 0
15 21 29 0
15 22 96 0
15 23 72 0
15 24 83 0
15 25 17 0
15 26 29 0
15 27 80 0
15 28 90 0
15 29 74 0
15 30 76 0
15 31 59 0
15 32 41 0
15 33 58 0
15 34 44 0
15 35 69 0
15 36 4 0
15 37 51 0
15 38 81 0
15 39 49 0
15 40 42 0
15 41 31 0
15 42 89 0
15 43 54 0
15 44 48 0
15 45 59 0
15 46 70 0
15 47 78 0
15 48 50 0
15 49 38 0
16 17 32 0
16 18 34 0
16 19 65 0
16 20 27 0
16 21 87 0
16 22 78 0
16 23 3 0
16 24 17 0
16 25 75 0
16 26 7 0
16 27 41 0
16 28 5 0
16 29 9 0
16 30 26 0
16 31 50 0
16 32 31 0
16 33 12 0
16 34 86 0
16 35 74 0
16 36 29 0
16 37 17 0
16 38 66 0
16 39 58 0
16 40 98 0
16 41 52 0
16 42 97 0
16 43 32 0
16 44 87 0
16 45 90 0
16 46 55 0
16 47 80 0
16 48 12 0
16 49 48 0
17 18 13 0
17 19 89 0
17 20 61 0
17 21 90 0
17 22 60 0
17 23 86 0
17 24 72 0
17 25 85 0
17 26 51 0
17 27 65 0
17 28 66 0
17 29 87 0
17 30 67 0
17 31 38 0
17 32 13 0
17 33 97 0
17 34 87 0
17 35 99 0
17 36 2 0
17 37 25 0
17 38 37 0
17 39 86 0
17 40 18 0
17 41 61 0
17 42 76 0
17 43 38 0
17 44 91 0
17 45 61 0
17 46 0 0
17 47 33 0
17 48 10 0
17 49 80 0
18 19 82 0
18 20 19 0
18 21 57 0
18 22 52 0
18 23 55 0
18 24 78 0
18 25 77 0
18 26 40 0
18 27 53 0
18 28 84 0
18 29 98 0
18 30 24 0
18 31 58 0
18 32 81 0
18 33 60 0
18 34 41 0
18 35 68 0
18 36 10 0
18 37 92 0
18 38 51 0
18 39 21 0
18 40 31 0
18 41 50 0
18 42 26 0
18 43 72 0
18 44 97 0
18 45 20 0
18 46 14 0
18 47 16 0
18 48 24 0
18 49 59 0
19 20 58 0
19 21 35 0
19 22 8 0
19 23 27 0
19 24 79 0
19 25 64 0
19 26 42 0
19 27 52 0
19 28 77 0
19 29 19 0
19 30 6 0
19 31 96 0
19 32 32 0
19 33 8 0
19 34 53 0
19 35 20 0
19 36 23 0
19 37 50 0
19 38 10 0
19 39 90 0
19 40 0 0
19 41 71 0
19 42 71 0
19 43 8 0
19 44 3 0
19 45 70 0
19 46 32 0
19 47 48 0
19 48 64 0
19 49 23 0
20 21 1 0
20 22 96 0
20 23 8 0
20 24 9 0
20 25 2 0
20 26 71 0
20 27 53 0
20 28 27 0
20 29 41 0
20 30 53 0
20 31 64 0
20 32 80 0
20 33 90 0
20 34 9 0
20 35 95 0
20 36 97 0
20 37 76 0
20 38 44 0
20 39 61 0
20 40 18 0
20 41 54 0
20 42 34 0
20 43 97 0
20 44 56 0
20 45 16 0
20 46 11 0
20 47 84 0
20 48 87 0
20 49 90 0
21 22 91 0
21 23 28 0
21 24 14 0
21 25 79 0
21 26 41 0
21 27 90 0
21 28 24 0
21 29 24 0
21 30 52 0
21 31 91 0
21 32 64 0
21 33 98 0
21 34 63 0
21 35 78 0
21 36 10 0
21 37 87 0
21 38 46 0
21 39 76 0
21 40 47 0
21 41 45 0
21 42 86 0
21 43 86 0
21 44 14 0
21 45 30 0
21 46 32 0
21 47 21 0
21 48 14 0
21 49 95 0
22 23 68 0
22 24 26 0
22 25 25 0
22 26 77 0
22 27 26 0
22 28 35 0
22 29 75 0
22 30 17 0
22 31 80 0
22 32 2 0
22 33 49 0
22 34 36 0
22 35 28 0
22 36 41 0
22 37 75 0
22 38 83 0
22 39 49 0
22 40 45 0
22 41 5 0
22 42 69 0
22 43 26 0
22 44 48 0
22 45 95 0
22 46 37 0
22 47 17 0
22 48 99 0
22 49 69 0
23 24 84 0
23 25 93 0
23 26 41 0
23 27 93 0
23 28 34 0
23 29 22 0
23 30 18 0
23 31 37 0
23 32 12 0
23 33 38 0
23 34 34 0
23 35 6 0
23 36 34 0
23 37 35 0
23 38 11 0
23 39 98 0
23 40 56 0
23 41 9 0
23 42 12 0
23 43 34 0
23 44 76 0
23 45 95 0
23 46 63 0
23 47 64 0
23 48 13 0
23 49 69 0
24 25 55 0
24 26 58 0
24 27 38 0
24 28 81 0
24 29 61 0
24 30 77 0
24 31 46 0
24 32 96 0
24 33 26 0
24 34 11 0
24 35 61 0
24 36 21 0
24 37 71 0
24 38 19 0
24 39 18 0
24 40 81 0
24 41 57 0
24 42 39 0
24 43 2 0
24 44 0 0
24 45 16 0
24 46 73 0
24 47 99 0
24 48 39 0
24 49 93 0
25 26 54 0
25 27 42 0
25 28 35 0
25 29 71 0
25 30 86 0
25 31 13 0
25 32 39 0
25 33 29 0
25 34 55 0
25 35 78 0
25 36 19 0
25 37 89 0
25 38 15 0
25 39 50 0
25 40 23 0
25 41 14 0
25 42 60 0
25 43 54 0
25 44 88 0
25 45 54 0
25 46 17 0
25 47 62 0
25 48 58 0
25 49 12 0
26 27 42 0
26 28 90 0
26 29 16 0
26 30 38 0
26 31 37 0
26 32 82 0
26 33 93 0
26 34 41 0
26 35 18 0
26 36 49 0
26 37 52 0
26 38 65 0
26 39 70 0
26 40 58 0
26 41 29 0
26 42 71 0
26 43 85 0
26 44 83 0
26 45 45 0
26 46 95 0
26 47 66 0
26 48 16 0
26 49 85 0
27 28 24 0
27 29 18 0
27 30 15 0
27 31 98 2
27 32 94 0
27 33 14 0
27 34 23 0
27 35 98 2
27 36 45 0
27 37 98 2
27 38 68 0
27 39 25 0
27 40 71 0
27 41 82 0
27 42 9 0
27 43 4 0
27 44 45 0
27 45 71 0
27 46 35 0
27 47 3 0
27 48 44 0
27 49 57 0
28 29 52 0
28 30 82 0
28 31 98 0
28 32 65 0
28 33 24 0
28 34 34 0
28 35 6 0
28 36 91 0
28 37 57 0
28 38 95 0
28 39 45 0
28 40 76 0
28 41 72 0
28 42 54 0
28 43 42 0
28 44 49 0
28 45 26 0
28 46 93 0
28 47 75 0
28 48 55 0
28 49 15 0
29 30 58 0
29 31 53 0
29 32 5 0
29 33 49 0
29 34 71 0
29 35 21 0
29 36 22 0
29 37 30 0
29 38 95 0
29 39 21 0
29 40 29 0
29 41 93 0
29 42 94 0
29 43 61 0
29 44 48 0
29 45 7 0
29 46 81 0
29 47 98 0
29 48 71 0
29 49 12 0
30 31 9 0
30 32 44 0
30 33 25 0
30 34 1 0
30 35 33 0
30 36 87 0
30 37 1 0
30 38 12 0
30 39 13 0
30 40 53 0
30 41 38 0
30 42 63 0
30 43 91 0
30 44 7 0
30 45 99 0
30 46 21 0
30 47 78 0
30 48 69 0
30 49 57 0
31 32 60 0
31 33 84 0
31 34 54 0
31 35 81 0
31 36 18 0
31 37 47 0
31 38 0 0
31 39 98 0
31 40 27 0
31 41 98 0
31 42 88 0
31 43 99 0
31 44 28 0
31 45 80 0
31 46 29 0
31 47 12 0
31 48 31 0
31 49 6 0
32 33 17 0
32 34 98 0
32 35 76 0
32 36 98 0
32 37 45 0
32 38 75 0
32 39 22 0
32 40 43 0
32 41 82 0
32 42 33 0
32 43 72 0
32 44 98 0
32 45 75 0
32 46 77 0
32 47 11 0
32 48 17 0
32 49 98 0
33 34 69 0
33 35 72 0
33 36 32 0
33 37 18 0
33 38 60 0
33 39 79 0
33 40 88 0
33 41 48 0
33 42 39 0
33 43 23 0
33 44 66 0
33 45 21 0
33 46 9 0
33 47 56 0
33 48 63 0
33 49 53 0
34 35 69 0
34 36 44 0
34 37 14 0
34 38 25 0
34 39 11 0
34 40 13 0
34 41 55 0
34 42 58 0
34 43 90 0
34 44 97 0
34 45 82 0
34 46 42 0
34 47 13 0
34 48 27 0
34 49 85 0
35 36 11 0
35 37 88 0
35 38 99 0
35 39 98 0
35 40 99 2
35 41 66 0
35 42 21 0
35 43 14 0
35 44 76 0
35 45 71 0
35 46 29 0
35 47 14 0
35 48 35 0
35 49 49 0
36 37 37 0
36 38 53 0
36 39 4 0
36 40 95 0
36 41 73 0
36 42 59 0
36 43 72 0
36 44 62 0
36 45 11 0
36 46 37 0
36 47 58 0
36 48 4 0
36 49 64 0
37 38 0 0
37 39 69 0
37 40 5 0
37 41 45 0
37 42 58 0
37 43 43 0
37 44 13 0
37 45 17 0
37 46 57 0
37 47 81 0
37 48 30 0
37 49 24 0
38 39 9 0
38 40 4 0
38 41 4 0
38 42 78 0
38 43 13 0
38 44 13 0
38 45 36 0
38 46 59 0
38 47 15 0
38 48 88 0
38 49 96 0
39 40 58 0
39 41 91 0
39 42 35 0
39 43 70 0
39 44 55 0
39 45 79 0
39 46 83 0
39 47 84 0
39 48 33 0
39 49 51 0
40 41 48 0
40 42 98 0
40 43 53 0
40 44 90 0
40 45 55 0
40 46 91 0
40 47 89 0
40 48 79 0
40 49 51 0
41 42 81 0
41 43 11 0
41 44 79 0
41 45 11 0
41 46 6 0
41 47 25 0
41 48 64 0
41 49 4 0
42 43 2 0
42 44 5 0
42 45 4 0
42 46 42 0
42 47 17 0
42 48 43 0
42 49 18 0
43 44 2 0
43 45 98 0
43 46 6 0
43 47 34 0
43 48 56 0
43 49 84 0
44 45 4 0
44 46 28 0
44 47 25 0
44 48 0 0
44 49 46 0
45 46 65 0
45 47 38 0
45 48 16 0
45 49 52 0
46 47 15 0
46 48 57 0
46 49 86 0
47 48 59 0
47 49 50 0
48 49 76 0
