50
87.228
0 1 90.027 22.99
0 2 29.546 0.019
0 3 3.285 0.003
0 4 15.98 0.003
0 5 12.523 0.002
0 6 50.312 0.093
0 7 88.481 57.675
0 8 80.503 96.329
0 9 94.766 64.965
0 10 88.375 11.331
0 11 65.807 0.154
0 12 84.903 89.884
0 13 87.503 83.27
0 14 6.422 0.004
0 15 82.244 67.02
0 16 73.436 0.122
0 17 95.298 33.875
0 18 12.872 0.004
0 19 3.672 0.003
0 20 88.676 51.524
0 21 97.935 54.685
0 22 23.856 0.067
0 23 80.443 17.406
0 24 87.742 85.899
0 25 12.945 0.003
0 26 89.821 45.568
0 27 66.512 0.030
0 28 12.498 0.001
0 29 85.549 11.37
0 30 46.878 0.090
0 31 11.685 0.003
0 32 97.371 92.147
0 33 35.924 0.142
0 34 10.478 0.001
0 35 88.983 34.794
0 36 59.727 0.073
0 37 4.762 0.001
0 38 12.842 0.002
0 39 42.711 0.050
0 40 82.871 55.09
0 41 7.205 0.001
0 42 11.878 0.001
0 43 27.534 0.107
0 44 92.365 83.984
0 45 15.203 0.001
0 46 78.397 0.039
0 47 85.924 17.68
0 48 46.102 0.004
0 49 3.409 0.002
1 2 88.416 99.046
1 3 4.661 0.003
1 4 59.122 0.335
1 5 85.353 91.702
1 6 3.226 0.001
1 7 39.989 0.266
1 8 81.197 94.524
1 9 97.76 18.876
1 10 85.755 13.645
1 11 1.869 0.004
1 12 5.419 0.001
1 13 50.586 0.097
1 14 74.009 0.345
1 15 96.155 91.976
1 16 88.886 22.629
1 17 39.94 0.080
1 18 10.426 0.001
1 19 12.144 0.002
1 20 96.326 45.422
1 21 95.741 17.524
1 22 0.521 0.002
1 23 84.124 53.868
1 24 95.455 43.796
1 25 4.459 0.003
1 26 10.589 0.002
1 27 9.858 0.002
1 28 85.51 89.17
1 29 63.278 0.027
1 30 84.059 36.252
1 31 14.565 0.001
1 32 87.416 18.056
1 33 0.881 0.003
1 34 9.574 0.004
1 35 8.55 0.003
1 36 96.133 58.58
1 37 82.348 84.085
1 38 13.021 0.004
1 39 81.602 78.483
1 40 14.273 0.004
1 41 84.32 18.313
1 42 13.897 0.001
1 43 95.699 19.282
1 44 88.992 39.77
1 45 78.185 0.199
1 46 86.64 97.025
1 47 69.012 0.083
1 48 85.397 69.566
1 49 31.068 0.321
2 3 9.187 0.003
2 4 80.487 34.215
2 5 93.591 85.487
2 6 55.6 0.109
2 7 79.882 85.775
2 8 13.677 0.003
2 9 5.265 0.004
2 10 13.048 0.002
2 11 50.698 0.186
2 12 82.941 12.016
2 13 8.677 0.004
2 14 91.786 44.09
2 15 83.166 46.637
2 16 69.621 0.147
2 17 9.0 0.003
2 18 1.044 0.003
2 19 86.157 15.671
2 20 91.953 18.47
2 21 89.389 20.59
2 22 50.616 0.023
2 23 11.876 0.001
2 24 89.58 19.671
2 25 93.712 96.63
2 26 84.633 55.627
2 27 42.838 0.087
2 28 96.85 60.321
2 29 96.866 51.661
2 30 75.857 0.046
2 31 5.954 0.004
2 32 83.463 57.279
2 33 54.235 0.189
2 34 97.272 28.685
2 35 10.626 0.003
2 36 69.626 0.046
2 37 91.99 56.658
2 38 97.658 22.315
2 39 46.468 0.052
2 40 81.94 73.081
2 41 90.961 60.469
2 42 96.595 84.531
2 43 43.805 0.186
2 44 12.62 0.002
2 45 8.575 0.001
2 46 25.195 0.159
2 47 93.43 83.729
2 48 38.859 0.137
2 49 85.356 36.731
3 4 9.44 0.002
3 5 97.113 55.184
3 6 82.775 90.23
3 7 11.109 0.003
3 8 40.171 0.090
3 9 97.627 73.843
3 10 81.046 52.607
3 11 93.621 75.944
3 12 86.152 85.45
3 13 87.534 55.379
3 14 87.723 50.439
3 15 53.562 0.587
3 16 90.864 29.333
3 17 96.772 46.123
3 18 93.394 10.75
3 19 86.086 13.584
3 20 14.764 0.001
3 21 31.42 0.009
3 22 8.939 0.001
3 23 87.204 10.52
3 24 52.487 0.608
3 25 84.187 75.35
3 26 1.957 0.001
3 27 13.926 0.001
3 28 89.258 45.38
3 29 87.754 31.775
3 30 5.045 0.002
3 31 94.216 32.886
3 32 4.905 0.002
3 33 0.803 0.003
3 34 10.79 0.002
3 35 80.789 28.01
3 36 93.267 22.852
3 37 12.805 0.002
3 38 92.754 48.679
3 39 89.706 13.237
3 40 47.336 0.182
3 41 90.022 94.746
3 42 12.929 0.003
3 43 94.055 57.361
3 44 55.826 0.215
3 45 82.287 58.092
3 46 2.363 0.002
3 47 93.764 20.251
3 48 86.523 29.746
3 49 82.711 89.473
4 5 1.71 0.001
4 6 84.07 32.155
4 7 32.049 0.126
4 8 14.868 0.004
4 9 84.689 93.343
4 10 5.54 0.002
4 11 85.405 23.549
4 12 5.37 0.002
4 13 40.534 0.143
4 14 54.678 0.194
4 15 90.932 89.576
4 16 91.283 12.926
4 17 44.994 0.008
4 18 8.986 0.002
4 19 15.127 0.001
4 20 83.324 65.411
4 21 86.299 95.297
4 22 2.713 0.004
4 23 12.977 0.004
4 24 92.0 53.628
4 25 93.059 65.179
4 26 85.305 38.372
4 27 90.59 87.216
4 28 14.687 0.002
4 29 22.364 0.124
4 30 81.126 50.476
4 31 15.035 0.002
4 32 14.784 0.003
4 33 2.876 0.003
4 34 1.171 0.002
4 35 90.183 31.945
4 36 8.163 0.004
4 37 7.98 0.004
4 38 8.295 0.002
4 39 11.412 0.003
4 40 90.584 64.499
4 41 80.864 22.393
4 42 84.861 13.672
4 43 91.43 54.609
4 44 96.604 14.206
4 45 51.041 0.238
4 46 8.757 0.002
4 47 30.554 0.032
4 48 88.924 39.725
4 49 58.794 0.239
5 6 80.499 33.106
5 7 86.157 39.761
5 8 6.776 0.004
5 9 70.893 0.184
5 10 6.79 0.002
5 11 9.159 0.002
5 12 7.212 0.004
5 13 88.488 19.143
5 14 85.298 96.716
5 15 2.811 0.002
5 16 93.033 93.39
5 17 97.825 98.99
5 18 84.425 35.971
5 19 97.037 35.09
5 20 89.282 96.045
5 21 14.066 0.004
5 22 8.316 0.004
5 23 80.519 67.332
5 24 92.648 18.714
5 25 55.598 0.764
5 26 89.831 57.207
5 27 85.016 31.136
5 28 81.762 29.387
5 29 14.874 0.002
5 30 4.591 0.004
5 31 94.1 76.965
5 32 34.963 0.083
5 33 0.416 0.002
5 34 75.718 0.943
5 35 79.914 49.02
5 36 85.571 89.178
5 37 93.318 38.312
5 38 88.962 81.74
5 39 82.207 33.715
5 40 81.097 30.064
5 41 35.263 0.534
5 42 6.361 0.004
5 43 8.34 0.004
5 44 15.749 0.002
5 45 0.734 0.003
5 46 80.514 92.595
5 47 1.725 0.002
5 48 89.673 90.269
5 49 89.089 15.385
6 7 80.104 17.13
6 8 13.868 0.001
6 9 6.21 0.004
6 10 11.729 0.002
6 11 54.837 0.044
6 12 9.089 0.002
6 13 92.87 43.861
6 14 6.576 0.004
6 15 79.832 74.804
6 16 72.124 0.178
6 17 92.249 68.811
6 18 94.92 68.056
6 19 9.99 0.001
6 20 92.336 84.631
6 21 12.957 0.002
6 22 23.094 0.173
6 23 82.689 69.469
6 24 5.124 0.003
6 25 3.684 0.001
6 26 86.382 55.67
6 27 26.134 0.023
6 28 5.651 0.001
6 29 97.573 39.362
6 30 27.951 0.159
6 31 94.172 47.036
6 32 1.757 0.002
6 33 65.931 0.132
6 34 9.747 0.001
6 35 81.452 12.503
6 36 61.162 0.044
6 37 84.134 98.22
6 38 85.396 48.599
6 39 59.603 0.146
6 40 80.549 84.777
6 41 3.874 0.003
6 42 80.576 68.123
6 43 25.451 0.012
6 44 90.686 67.534
6 45 85.092 52.711
6 46 73.844 0.158
6 47 14.676 0.002
6 48 59.366 0.125
6 49 84.961 76.905
7 8 86.789 53.363
7 9 97.342 40.091
7 10 0.49 0.001
7 11 8.46 0.002
7 12 88.564 31.826
7 13 67.315 0.141
7 14 58.695 0.116
7 15 95.708 35.233
7 16 5.836 0.004
7 17 48.109 0.336
7 18 12.591 0.001
7 19 91.386 61.143
7 20 10.551 0.004
7 21 1.895 0.001
7 22 11.508 0.001
7 23 92.616 73.969
7 24 92.468 91.021
7 25 8.969 0.001
7 26 93.428 69.976
7 27 87.991 15.002
7 28 80.08 91.275
7 29 20.605 0.215
7 30 10.232 0.004
7 31 96.159 34.562
7 32 8.104 0.003
7 33 5.581 0.001
7 34 84.095 87.938
7 35 1.622 0.001
7 36 10.448 0.002
7 37 92.291 48.773
7 38 88.985 52.979
7 39 87.955 63.552
7 40 87.776 74.591
7 41 83.587 37.283
7 42 1.475 0.003
7 43 85.545 18.776
7 44 95.318 81.013
7 45 36.852 0.149
7 46 81.557 62.43
7 47 34.429 0.248
7 48 82.631 79.385
7 49 78.261 0.287
8 9 96.862 54.289
8 10 85.083 89.171
8 11 6.123 0.001
8 12 92.448 43.069
8 13 12.6 0.004
8 14 93.043 99.37
8 15 25.584 0.459
8 16 87.168 44.373
8 17 14.781 0.003
8 18 87.039 80.831
8 19 93.584 29.421
8 20 97.657 12.078
8 21 67.812 0.303
8 22 85.226 57.47
8 23 86.952 16.369
8 24 60.006 0.478
8 25 0.094 0.003
8 26 94.51 96.052
8 27 90.49 36.287
8 28 14.291 0.001
8 29 4.037 0.001
8 30 8.757 0.002
8 31 88.957 82.89
8 32 83.934 69.329
8 33 0.564 0.002
8 34 11.686 0.002
8 35 8.866 0.001
8 36 90.897 88.766
8 37 89.337 69.452
8 38 6.123 0.004
8 39 9.016 0.002
8 40 74.443 0.528
8 41 10.937 0.002
8 42 3.056 0.001
8 43 4.224 0.004
8 44 71.174 0.231
8 45 9.768 0.004
8 46 94.955 99.159
8 47 87.928 66.692
8 48 3.381 0.004
8 49 86.191 55.254
9 10 0.259 0.001
9 11 12.989 0.004
9 12 87.774 80.731
9 13 88.305 79.009
9 14 93.015 54.591
9 15 89.623 38.148
9 16 8.457 0.002
9 17 84.251 20.975
9 18 90.529 67.224
9 19 10.745 0.001
9 20 82.911 82.348
9 21 82.79 58.488
9 22 0.492 0.002
9 23 8.205 0.001
9 24 12.934 0.003
9 25 36.042 0.661
9 26 13.527 0.003
9 27 83.672 46.576
9 28 5.643 0.002
9 29 12.615 0.004
9 30 2.566 0.003
9 31 88.825 99.127
9 32 74.95 0.717
9 33 3.741 0.001
9 34 71.178 0.417
9 35 7.96 0.003
9 36 2.361 0.004
9 37 11.313 0.001
9 38 6.916 0.003
9 39 2.8 0.001
9 40 97.456 14.525
9 41 43.776 0.278
9 42 92.878 68.474
9 43 5.228 0.001
9 44 3.156 0.002
9 45 15.247 0.003
9 46 96.052 45.209
9 47 92.182 57.338
9 48 5.953 0.003
9 49 92.105 57.909
10 11 1.119 0.004
10 12 15.184 0.004
10 13 10.853 0.003
10 14 79.875 69.108
10 15 3.95 0.002
10 16 82.531 56.102
10 17 2.282 0.002
10 18 74.294 8.623
10 19 84.935 48.263
10 20 12.298 0.004
10 21 0.14 0.003
10 22 2.854 0.002
10 23 82.902 43.598
10 24 85.635 83.837
10 25 86.458 23.702
10 26 89.616 62.909
10 27 15.472 0.002
10 28 0.257 0.003
10 29 1.39 0.003
10 30 84.121 99.228
10 31 83.702 44.518
10 32 5.502 0.001
10 33 82.17 26.285
10 34 10.892 0.002
10 35 9.651 0.001
10 36 10.807 0.003
10 37 81.759 69.672
10 38 5.208 0.001
10 39 8.626 0.004
10 40 10.658 0.004
10 41 2.247 0.001
10 42 11.833 0.003
10 43 88.528 49.487
10 44 1.266 0.004
10 45 4.682 0.004
10 46 13.115 0.001
10 47 89.691 64.877
10 48 93.911 31.907
10 49 92.813 88.786
11 12 0.869 0.001
11 13 15.933 0.004
11 14 14.118 0.004
11 15 8.158 0.003
11 16 68.757 0.152
11 17 80.379 58.002
11 18 83.595 17.988
11 19 81.22 90.192
11 20 89.871 11.819
11 21 82.943 70.59
11 22 36.682 0.017
11 23 85.174 71.238
11 24 2.516 0.001
11 25 86.415 22.431
11 26 0.701 0.004
11 27 54.376 0.132
11 28 91.327 25.153
11 29 4.792 0.001
11 30 79.66 0.167
11 31 87.072 32.651
11 32 8.885 0.002
11 33 43.606 0.081
11 34 0.145 0.004
11 35 7.813 0.002
11 36 22.218 0.067
11 37 95.415 17.584
11 38 94.447 79.684
11 39 20.94 0.068
11 40 10.756 0.003
11 41 3.02 0.001
11 42 10.93 0.004
11 43 79.78 0.077
11 44 81.26 27.304
11 45 91.659 85.947
11 46 53.555 0.086
11 47 3.862 0.004
11 48 20.022 0.123
11 49 9.188 0.001
12 13 12.736 0.003
12 14 95.936 78.869
12 15 12.146 0.001
12 16 94.686 48.59
12 17 15.211 0.001
12 18 14.881 0.001
12 19 12.427 0.001
12 20 85.073 73.81
12 21 91.821 31.442
12 22 10.568 0.001
12 23 2.495 0.004
12 24 96.54 96.321
12 25 12.341 0.002
12 26 35.248 2.568
12 27 91.648 30.269
12 28 87.196 65.005
12 29 9.563 0.002
12 30 5.253 0.001
12 31 65.999 0.740
12 32 10.991 0.002
12 33 96.67 29.999
12 34 5.205 0.002
12 35 83.227 12.353
12 36 4.681 0.002
12 37 91.334 56.283
12 38 11.126 0.002
12 39 89.837 64.312
12 40 15.562 0.002
12 41 2.275 0.003
12 42 83.483 70.151
12 43 15.304 0.002
12 44 83.993 19.252
12 45 94.791 51.684
12 46 4.947 0.001
12 47 12.468 0.002
12 48 86.37 44.013
12 49 97.077 95.055
13 14 41.841 0.214
13 15 12.536 0.001
13 16 81.606 29.365
13 17 65.268 0.349
13 18 2.814 0.003
13 19 11.569 0.003
13 20 6.69 0.002
13 21 9.35 0.002
13 22 9.662 0.001
13 23 14.233 0.004
13 24 5.848 0.003
13 25 11.183 0.003
13 26 10.103 0.004
13 27 81.949 45.638
13 28 4.298 0.004
13 29 40.084 0.318
13 30 97.633 82.856
13 31 92.269 34.543
13 32 15.526 0.004
13 33 86.096 24.349
13 34 93.397 39.559
13 35 80.076 49.221
13 36 95.583 81.045
13 37 14.447 0.001
13 38 6.702 0.002
13 39 12.821 0.004
13 40 10.968 0.003
13 41 94.825 27.138
13 42 5.125 0.002
13 43 13.599 0.002
13 44 92.755 59.804
13 45 36.705 0.224
13 46 86.937 76.028
13 47 67.499 0.274
13 48 88.606 81.834
13 49 21.186 0.339
14 15 85.692 43.737
14 16 5.192 0.003
14 17 70.759 0.012
14 18 15.121 0.001
14 19 3.959 0.001
14 20 10.479 0.003
14 21 85.774 57.52
14 22 6.34 0.003
14 23 94.985 58.549
14 24 1.644 0.003
14 25 82.869 16.344
14 26 89.828 55.555
14 27 93.693 23.54
14 28 90.347 92.96
14 29 63.934 0.284
14 30 14.148 0.004
14 31 87.028 66.396
14 32 87.369 89.645
14 33 85.894 21.403
14 34 82.388 80.76
14 35 97.738 45.823
14 36 96.313 23.897
14 37 86.207 38.484
14 38 8.589 0.003
14 39 0.857 0.001
14 40 4.449 0.003
14 41 82.176 79.406
14 42 88.038 65.934
14 43 86.193 21.002
14 44 2.228 0.001
14 45 32.924 0.141
14 46 3.708 0.001
14 47 40.96 0.182
14 48 8.699 0.004
14 49 43.959 0.141
15 16 93.23 92.235
15 17 88.844 28.603
15 18 12.867 0.002
15 19 5.029 0.003
15 20 1.619 0.004
15 21 25.623 0.234
15 22 10.034 0.002
15 23 0.889 0.001
15 24 71.842 0.762
15 25 12.433 0.004
15 26 1.931 0.001
15 27 88.008 45.057
15 28 84.629 60.58
15 29 86.764 63.343
15 30 0.441 0.001
15 31 85.156 45.813
15 32 9.181 0.002
15 33 6.053 0.002
15 34 90.662 92.721
15 35 12.712 0.002
15 36 3.439 0.003
15 37 8.482 0.003
15 38 83.199 55.566
15 39 96.973 73.407
15 40 20.835 0.721
15 41 89.547 59.23
15 42 1.861 0.003
15 43 4.081 0.004
15 44 58.187 0.390
15 45 83.429 58.673
15 46 12.79 0.001
15 47 97.875 18.995
15 48 88.314 42.114
15 49 14.041 0.003
16 17 96.14 99.402
16 18 8.85 0.002
16 19 96.105 89.76
16 20 8.835 0.003
16 21 12.287 0.001
16 22 27.695 0.142
16 23 79.847 32.42
16 24 84.632 52.046
16 25 2.237 0.001
16 26 86.171 74.505
16 27 33.641 0.031
16 28 91.137 10.906
16 29 14.693 0.001
16 30 23.333 0.173
16 31 97.572 54.319
16 32 92.025 15.311
16 33 34.863 0.011
16 34 6.56 0.003
16 35 12.883 0.003
16 36 66.629 0.018
16 37 96.183 28.158
16 38 79.844 17.317
16 39 62.211 0.020
16 40 95.071 11.451
16 41 91.302 61.332
16 42 5.42 0.004
16 43 64.165 0.010
16 44 91.612 43.239
16 45 0.05 0.001
16 46 25.485 0.091
16 47 87.034 91.664
16 48 66.253 0.015
16 49 2.396 0.002
17 18 1.982 0.003
17 19 91.021 30.406
17 20 11.859 0.003
17 21 81.864 29.765
17 22 94.314 54.663
17 23 9.602 0.003
17 24 5.861 0.001
17 25 97.248 66.31
17 26 82.872 22.532
17 27 11.073 0.004
17 28 88.366 72.527
17 29 61.283 0.008
17 30 91.185 63.699
17 31 96.195 72.499
17 32 80.16 34.067
17 33 6.449 0.001
17 34 6.512 0.002
17 35 4.498 0.003
17 36 96.841 66.468
17 37 89.665 76.755
17 38 8.971 0.002
17 39 12.14 0.003
17 40 1.615 0.004
17 41 3.99 0.003
17 42 80.857 99.839
17 43 12.75 0.004
17 44 95.389 13.545
17 45 65.808 0.221
17 46 88.408 74.83
17 47 70.052 0.166
17 48 4.238 0.001
17 49 39.871 0.308
18 19 82.119 45.567
18 20 6.023 0.003
18 21 84.714 42.659
18 22 15.259 0.004
18 23 87.697 68.267
18 24 85.782 17.26
18 25 11.566 0.001
18 26 5.908 0.002
18 27 84.492 48.422
18 28 5.401 0.003
18 29 5.421 0.003
18 30 90.346 98.067
18 31 6.282 0.003
18 32 81.572 63.883
18 33 3.625 0.003
18 34 87.85 45.006
18 35 91.351 82.915
18 36 11.286 0.002
18 37 83.736 49.675
18 38 90.75 25.787
18 39 8.123 0.003
18 40 15.677 0.004
18 41 82.748 64.354
18 42 84.912 25.505
18 43 2.985 0.003
18 44 9.696 0.001
18 45 97.923 46.491
18 46 81.181 42.957
18 47 81.444 23.469
18 48 80.613 70.972
18 49 8.888 0.001
19 20 82.49 18.349
19 21 1.829 0.003
19 22 89.486 22.374
19 23 88.768 64.859
19 24 12.773 0.002
19 25 5.023 0.001
19 26 88.401 41.768
19 27 86.065 15.95
19 28 10.393 0.004
19 29 2.553 0.001
19 30 4.417 0.003
19 31 88.702 23.526
19 32 86.96 18.255
19 33 93.263 71.277
19 34 2.69 0.004
19 35 80.481 29.898
19 36 6.796 0.002
19 37 20.575 8.623
19 38 4.7 0.004
19 39 84.164 38.719
19 40 4.93 0.002
19 41 5.941 0.001
19 42 85.113 29.82
19 43 4.754 0.004
19 44 3.536 0.002
19 45 91.025 14.507
19 46 88.688 18.89
19 47 81.744 42.059
19 48 93.495 95.364
19 49 8.538 0.001
20 21 86.762 29.667
20 22 0.466 0.001
20 23 13.117 0.003
20 24 3.374 0.003
20 25 0.193 0.002
20 26 9.759 0.004
20 27 12.789 0.002
20 28 12.995 0.001
20 29 10.756 0.002
20 30 97.774 75.613
20 31 83.599 17.74
20 32 83.778 62.827
20 33 0.565 0.001
20 34 10.149 0.003
20 35 11.562 0.001
20 36 10.67 0.002
20 37 5.173 0.001
20 38 2.23 0.004
20 39 14.041 0.002
20 40 90.713 47.176
20 41 93.059 52.122
20 42 86.852 93.397
20 43 10.968 0.004
20 44 83.26 34.54
20 45 93.365 61.058
20 46 86.187 84.383
20 47 84.128 89.649
20 48 6.396 0.002
20 49 88.624 46.361
21 22 7.94 0.002
21 23 86.01 83.834
21 24 64.449 0.505
21 25 80.559 70.077
21 26 93.249 62.718
21 27 2.159 0.004
21 28 86.852 77.031
21 29 6.704 0.003
21 30 83.249 96.257
21 31 14.76 0.001
21 32 10.918 0.004
21 33 13.865 0.001
21 34 13.788 0.004
21 35 1.709 0.001
21 36 6.592 0.003
21 37 94.135 22.068
21 38 3.817 0.003
21 39 5.069 0.003
21 40 46.309 0.737
21 41 9.246 0.002
21 42 8.256 0.001
21 43 86.645 70.296
21 44 30.917 0.719
21 45 4.949 0.001
21 46 8.223 0.002
21 47 15.536 0.002
21 48 13.312 0.002
21 49 9.471 0.002
22 23 11.754 0.003
22 24 88.594 20.44
22 25 8.906 0.004
22 26 90.178 76.596
22 27 36.474 0.172
22 28 85.703 36.482
22 29 87.881 30.254
22 30 58.138 0.017
22 31 90.426 44.096
22 32 11.381 0.001
22 33 35.026 0.026
22 34 88.946 71.164
22 35 91.716 70.33
22 36 44.108 0.117
22 37 3.582 0.003
22 38 7.766 0.004
22 39 59.857 0.018
22 40 89.44 13.744
22 41 84.287 89.85
22 42 95.459 41.667
22 43 51.798 0.082
22 44 13.515 0.003
22 45 15.871 0.004
22 46 55.5 0.127
22 47 79.926 26.208
22 48 39.365 0.050
22 49 80.414 33.215
23 24 13.566 0.004
23 25 11.553 0.004
23 26 15.233 0.002
23 27 97.319 35.072
23 28 32.625 8.623
23 29 81.285 52.664
23 30 5.564 0.003
23 31 7.126 0.002
23 32 94.825 73.188
23 33 97.153 25.892
23 34 96.038 45.783
23 35 0.908 0.003
23 36 0.645 0.004
23 37 82.107 30.597
23 38 92.305 86.672
23 39 1.857 0.003
23 40 4.099 0.004
23 41 15.909 0.003
23 42 86.734 45.948
23 43 90.507 40.926
23 44 97.272 70.574
23 45 89.901 71.279
23 46 95.64 71.0
23 47 13.077 0.004
23 48 15.37 0.002
23 49 7.65 0.003
24 25 9.345 0.003
24 26 93.501 25.418
24 27 7.806 0.003
24 28 86.415 76.324
24 29 5.671 0.002
24 30 94.619 68.8
24 31 94.152 66.082
24 32 2.83 0.003
24 33 2.96 0.004
24 34 97.124 10.674
24 35 88.481 48.089
24 36 91.91 79.214
24 37 0.623 0.001
24 38 90.751 22.195
24 39 87.498 52.276
24 40 33.901 0.099
24 41 9.198 0.002
24 42 3.985 0.001
24 43 91.046 10.613
24 44 23.905 0.216
24 45 0.372 0.003
24 46 1.366 0.002
24 47 93.696 46.271
24 48 87.728 23.623
24 49 9.479 0.001
25 26 83.716 53.103
25 27 85.448 99.909
25 28 88.621 42.571
25 29 89.605 14.212
25 30 11.576 0.003
25 31 15.27 0.004
25 32 61.122 0.402
25 33 93.678 25.138
25 34 34.805 0.624
25 35 9.031 0.004
25 36 9.429 0.003
25 37 7.42 0.004
25 38 12.047 0.002
25 39 13.414 0.002
25 40 15.405 0.001
25 41 26.226 0.817
25 42 9.843 0.001
25 43 95.202 20.568
25 44 2.424 0.001
25 45 86.385 23.081
25 46 93.965 30.915
25 47 4.16 0.003
25 48 89.222 50.668
25 49 14.186 0.004
26 27 97.494 39.429
26 28 87.302 29.812
26 29 94.508 92.263
26 30 79.969 59.368
26 31 43.655 5.315
26 32 80.0 94.641
26 33 96.309 96.231
26 34 88.011 75.368
26 35 89.396 98.294
26 36 14.352 0.003
26 37 87.329 37.92
26 38 92.281 46.085
26 39 82.0 15.262
26 40 80.707 19.362
26 41 13.952 0.003
26 42 13.94 0.004
26 43 7.781 0.003
26 44 90.504 14.003
26 45 9.407 0.003
26 46 10.612 0.002
26 47 13.216 0.003
26 48 12.669 0.001
26 49 88.982 30.907
27 28 86.551 78.723
27 29 88.442 98.458
27 30 58.865 0.027
27 31 80.825 51.262
27 32 3.389 0.004
27 33 69.499 0.181
27 34 87.85 29.31
27 35 91.703 78.009
27 36 31.317 0.171
27 37 82.844 77.638
27 38 82.51 85.596
27 39 48.038 0.170
27 40 5.334 0.004
27 41 12.037 0.001
27 42 95.271 98.797
27 43 36.319 0.030
27 44 86.466 14.394
27 45 80.364 31.455
27 46 48.137 0.078
27 47 84.042 17.679
27 48 22.507 0.114
27 49 96.274 77.338
28 29 10.414 0.002
28 30 87.281 64.0
28 31 83.449 18.286
28 32 2.406 0.002
28 33 10.062 0.002
28 34 93.776 15.745
28 35 81.239 86.24
28 36 86.331 69.179
28 37 12.688 0.002
28 38 9.506 0.002
28 39 4.94 0.003
28 40 81.436 64.197
28 41 82.096 24.64
28 42 85.19 87.265
28 43 15.872 0.003
28 44 5.654 0.003
28 45 4.914 0.003
28 46 16.011 0.003
28 47 96.952 34.586
28 48 15.891 0.002
28 49 89.548 98.992
29 30 97.053 56.849
29 31 15.921 0.002
29 32 7.829 0.001
29 33 96.303 70.817
29 34 90.908 11.058
29 35 13.979 0.003
29 36 81.322 14.624
29 37 1.621 0.001
29 38 94.813 46.837
29 39 9.968 0.003
29 40 81.389 45.35
29 41 0.45 0.001
29 42 8.89 0.004
29 43 95.384 47.806
29 44 11.18 0.001
29 45 73.377 0.344
29 46 91.169 57.31
29 47 39.653 0.281
29 48 80.896 28.183
29 49 62.834 0.182
30 31 13.028 0.004
30 32 6.952 0.002
30 33 64.578 0.181
30 34 81.741 62.834
30 35 15.679 0.004
30 36 49.351 0.062
30 37 3.271 0.004
30 38 94.453 78.463
30 39 74.895 0.018
30 40 13.011 0.003
30 41 13.254 0.003
30 42 92.871 42.245
30 43 61.781 0.178
30 44 4.06 0.001
30 45 85.742 51.64
30 46 51.263 0.156
30 47 93.601 51.024
30 48 29.508 0.114
30 49 87.803 75.33
31 32 4.975 0.004
31 33 7.206 0.001
31 34 92.669 36.643
31 35 3.661 0.004
31 36 4.541 0.004
31 37 91.717 44.209
31 38 5.022 0.003
31 39 95.811 66.975
31 40 5.178 0.002
31 41 83.391 22.048
31 42 14.451 0.004
31 43 95.089 67.749
31 44 92.683 50.595
31 45 90.785 14.792
31 46 80.264 66.952
31 47 89.69 25.22
31 48 13.666 0.003
31 49 2.547 0.003
32 33 96.33 70.368
32 34 32.67 0.618
32 35 13.874 0.002
32 36 8.025 0.003
32 37 81.984 44.7
32 38 1.431 0.001
32 39 83.24 93.967
32 40 7.802 0.002
32 41 56.801 0.870
32 42 91.349 21.372
32 43 15.686 0.003
32 44 4.192 0.001
32 45 12.924 0.004
32 46 15.149 0.003
32 47 84.322 98.656
32 48 94.199 66.949
32 49 80.719 13.531
33 34 88.02 61.196
33 35 6.875 0.002
33 36 75.234 0.024
33 37 87.847 53.773
33 38 97.84 55.568
33 39 60.103 0.115
33 40 91.04 42.196
33 41 90.483 54.179
33 42 14.355 0.002
33 43 77.875 0.047
33 44 7.287 0.004
33 45 89.052 31.874
33 46 79.137 0.102
33 47 96.735 74.179
33 48 63.578 0.169
33 49 9.12 0.002
34 35 6.701 0.003
34 36 94.27 76.929
34 37 87.279 30.664
34 38 93.708 70.166
34 39 0.763 0.002
34 40 96.498 91.243
34 41 61.767 0.709
34 42 13.236 0.003
34 43 2.64 0.003
34 44 92.001 15.647
34 45 82.043 99.355
34 46 96.986 73.219
34 47 15.057 0.002
34 48 7.934 0.003
34 49 9.205 0.002
35 36 2.365 0.001
35 37 88.17 50.214
35 38 65.821 4.166
35 39 95.368 79.669
35 40 80.734 55.022
35 41 9.544 0.002
35 42 76.861 0.780
35 43 87.273 88.403
35 44 90.731 13.516
35 45 87.947 97.956
35 46 1.254 0.001
35 47 12.573 0.004
35 48 92.85 91.505
35 49 84.994 97.945
36 37 92.059 80.84
36 38 13.769 0.001
36 39 63.148 0.025
36 40 9.063 0.002
36 41 12.547 0.004
36 42 82.132 65.638
36 43 42.897 0.083
36 44 93.357 78.467
36 45 83.658 48.54
36 46 41.893 0.031
36 47 89.817 86.508
36 48 46.519 0.185
36 49 14.229 0.004
37 38 2.415 0.004
37 39 14.335 0.002
37 40 3.335 0.004
37 41 11.28 0.004
37 42 8.401 0.003
37 43 85.769 74.102
37 44 97.674 81.233
37 45 82.48 90.204
37 46 96.368 79.501
37 47 80.839 94.203
37 48 5.576 0.003
37 49 10.733 0.001
38 39 11.09 0.004
38 40 96.926 13.358
38 41 2.3 0.004
38 42 78.371 3.677
38 43 1.97 0.003
38 44 95.256 31.855
38 45 13.296 0.002
38 46 94.52 71.644
38 47 94.487 69.339
38 48 84.021 13.479
38 49 1.273 0.002
39 40 8.078 0.001
39 41 5.225 0.003
39 42 9.927 0.001
39 43 78.917 0.095
39 44 6.725 0.001
39 45 1.318 0.001
39 46 32.42 0.136
39 47 87.174 47.286
39 48 42.535 0.191
39 49 83.645 24.434
40 41 86.073 71.387
40 42 94.005 77.212
40 43 91.928 60.329
40 44 76.186 0.549
40 45 81.636 21.547
40 46 9.354 0.003
40 47 8.392 0.002
40 48 12.626 0.002
40 49 2.579 0.001
41 42 10.161 0.001
41 43 84.1 96.553
41 44 2.714 0.001
41 45 87.048 78.476
41 46 82.512 94.421
41 47 85.985 42.791
41 48 4.315 0.002
41 49 94.565 25.648
42 43 86.91 17.677
42 44 13.644 0.004
42 45 3.173 0.003
42 46 88.795 52.417
42 47 13.294 0.004
42 48 5.982 0.004
42 49 14.172 0.003
43 44 11.958 0.001
43 45 92.264 94.055
43 46 52.399 0.054
43 47 2.781 0.002
43 48 29.785 0.134
43 49 4.562 0.001
44 45 0.662 0.002
44 46 88.501 53.099
44 47 0.998 0.003
44 48 88.7 99.89
44 49 7.282 0.002
45 46 82.548 37.402
45 47 22.169 0.182
45 48 89.411 87.252
45 49 41.501 0.050
46 47 3.335 0.004
46 48 36.256 0.107
46 49 86.834 10.16
47 48 80.265 62.797
47 49 74.9 0.058
48 49 10.584 0.004
