50
99
0 1 8.0 0.759
0 2 9.0 1.017
0 3 8.0 0.423
0 4 4.0 0.39
0 5 4.0 0.708
0 6 3.0 0.936
0 7 3.0 0.544
0 8 8.0 0.634
0 9 7.0 0.451
0 10 1 1.46
0 11 1 1.485
0 12 1 1.499
0 13 1 1.452
0 14 1 1.472
0 15 1 1.457
0 16 1 1.496
0 17 1 1.477
0 18 1 1.462
0 19 1 1.492
0 20 1 1.468
0 21 1 1.475
0 22 1 1.492
0 23 1 1.495
0 24 1 1.488
0 25 1 1.487
0 26 1 1.463
0 27 1 1.454
0 28 1 1.486
0 29 1 1.483
0 30 1 1.487
0 31 1 1.451
0 32 1 1.471
0 33 1 1.471
0 34 1 1.481
0 35 1 1.457
0 36 1 1.459
0 37 1 1.455
0 38 1 1.466
0 39 1 1.475
0 40 1 1.459
0 41 1 1.464
0 42 1 1.455
0 43 1 1.454
0 44 1 1.479
0 45 1 1.48
0 46 1 1.46
0 47 1 1.473
0 48 1 1.483
0 49 1 1.48
1 2 6.0 0.24
1 3 7.0 0.192
1 4 8.0 0.981
1 5 3.0 0.897
1 6 9.0 1.54
1 7 9.0 1.052
1 8 9.0 0.745
1 9 9.0 0.483
1 10 1 1.466
1 11 1 1.463
1 12 1 1.478
1 13 1 1.486
1 14 1 1.492
1 15 1 1.451
1 16 1 1.475
1 17 1 1.451
1 18 1 1.467
1 19 1 1.451
1 20 1 1.461
1 21 1 1.451
1 22 1 1.494
1 23 1 1.489
1 24 1 1.485
1 25 1 1.499
1 26 1 1.492
1 27 1 1.485
1 28 1 1.466
1 29 1 1.465
1 30 1 1.47
1 31 1 1.469
1 32 1 1.49
1 33 1 1.457
1 34 1 1.49
1 35 1 1.453
1 36 1 1.489
1 37 1 1.469
1 38 1 1.493
1 39 1 1.485
1 40 1 1.46
1 41 1 1.49
1 42 1 1.496
1 43 1 1.49
1 44 1 1.467
1 45 1 1.453
1 46 1 1.467
1 47 1 1.483
1 48 1 1.496
1 49 1 1.496
2 3 5.0 0.888
2 4 9.0 0.678
2 5 2.0 1.524
2 6 3.0 0.677
2 7 9.0 0.892
2 8 2.0 0.899
2 9 4.0 0.791
2 10 1 1.5
2 11 1 1.498
2 12 1 1.464
2 13 1 1.491
2 14 1 1.48
2 15 1 1.475
2 16 1 1.47
2 17 1 1.467
2 18 1 1.479
2 19 1 1.5
2 20 1 1.475
2 21 1 1.492
2 22 1 1.471
2 23 1 1.454
2 24 1 1.477
2 25 1 1.453
2 26 1 1.471
2 27 1 1.46
2 28 1 1.495
2 29 1 1.491
2 30 1 1.489
2 31 1 1.476
2 32 1 1.495
2 33 1 1.459
2 34 1 1.486
2 35 1 1.451
2 36 1 1.453
2 37 1 1.45
2 38 1 1.468
2 39 1 1.495
2 40 1 1.483
2 41 1 1.493
2 42 1 1.5
2 43 1 1.49
2 44 1 1.498
2 45 1 1.495
2 46 1 1.467
2 47 1 1.484
2 48 1 1.454
2 49 1 1.495
3 4 8.0 0.463
3 5 4.0 0.912
3 6 3.0 0.384
3 7 7.0 0.683
3 8 9.0 0.366
3 9 2.0 0.776
3 10 1 1.496
3 11 1 1.483
3 12 1 1.478
3 13 1 1.494
3 14 1 1.464
3 15 1 1.489
3 16 1 1.476
3 17 1 1.498
3 18 1 1.48
3 19 1 1.453
3 20 1 1.483
3 21 1 1.47
3 22 1 1.468
3 23 1 1.476
3 24 1 1.464
3 25 1 1.477
3 26 1 1.47
3 27 1 1.494
3 28 1 1.468
3 29 1 1.491
3 30 1 1.492
3 31 1 1.498
3 32 1 1.471
3 33 1 1.457
3 34 1 1.453
3 35 1 1.49
3 36 1 1.477
3 37 1 1.495
3 38 1 1.5
3 39 1 1.48
3 40 1 1.482
3 41 1 1.454
3 42 1 1.497
3 43 1 1.491
3 44 1 1.483
3 45 1 1.48
3 46 1 1.477
3 47 1 1.461
3 48 1 1.457
3 49 1 1.495
4 5 4.0 0.677
4 6 10.0 1.583
4 7 6.0 0.92
4 8 9.0 0.464
4 9 5.0 0.101
4 10 1 1.471
4 11 1 1.459
4 12 1 1.48
4 13 1 1.457
4 14 1 1.473
4 15 1 1.461
4 16 1 1.488
4 17 1 1.466
4 18 1 1.458
4 19 1 1.487
4 20 1 1.47
4 21 1 1.482
4 22 1 1.469
4 23 1 1.453
4 24 1 1.462
4 25 1 1.474
4 26 1 1.494
4 27 1 1.491
4 28 1 1.454
4 29 1 1.47
4 30 1 1.49
4 31 1 1.457
4 32 1 1.456
4 33 1 1.491
4 34 1 1.461
4 35 1 1.464
4 36 1 1.498
4 37 1 1.485
4 38 1 1.482
4 39 1 1.471
4 40 1 1.493
4 41 1 1.491
4 42 1 1.493
4 43 1 1.456
4 44 1 1.451
4 45 1 1.492
4 46 1 1.483
4 47 1 1.486
4 48 1 1.467
4 49 1 1.494
5 6 3.0 0.676
5 7 4.0 0.898
5 8 9.0 0.211
5 9 3.0 0.407
5 10 1 1.467
5 11 1 1.453
5 12 1 1.483
5 13 1 1.474
5 14 1 1.458
5 15 1 1.456
5 16 1 1.47
5 17 1 1.484
5 18 1 1.465
5 19 1 1.452
5 20 1 1.495
5 21 1 1.451
5 22 1 1.451
5 23 1 1.49
5 24 1 1.489
5 25 1 1.498
5 26 1 1.493
5 27 1 1.459
5 28 1 1.456
5 29 1 1.477
5 30 1 1.462
5 31 1 1.487
5 32 1 1.476
5 33 1 1.497
5 34 1 1.485
5 35 1 1.47
5 36 1 1.479
5 37 1 1.496
5 38 1 1.472
5 39 1 1.466
5 40 1 1.465
5 41 1 1.491
5 42 1 1.463
5 43 1 1.479
5 44 1 1.451
5 45 1 1.45
5 46 1 1.487
5 47 1 1.482
5 48 1 1.468
5 49 1 1.48
6 7 8.0 0.719
6 8 4.0 0.506
6 9 4.0 0.4
6 10 1 1.489
6 11 1 1.477
6 12 1 1.468
6 13 1 1.489
6 14 1 1.455
6 15 1 1.464
6 16 1 1.484
6 17 1 1.464
6 18 1 1.471
6 19 1 1.456
6 20 1 1.462
6 21 1 1.466
6 22 1 1.499
6 23 1 1.493
6 24 1 1.498
6 25 1 1.489
6 26 1 1.481
6 27 1 1.463
6 28 1 1.461
6 29 1 1.462
6 30 1 1.483
6 31 1 1.483
6 32 1 1.48
6 33 1 1.478
6 34 1 1.495
6 35 1 1.454
6 36 1 1.484
6 37 1 1.499
6 38 1 1.474
6 39 1 1.496
6 40 1 1.47
6 41 1 1.493
6 42 1 1.496
6 43 1 1.475
6 44 1 1.499
6 45 1 1.467
6 46 1 1.495
6 47 1 1.49
6 48 1 1.458
6 49 1 1.453
7 8 2.0 0.149
7 9 6.0 0.236
7 10 1 1.497
7 11 1 1.476
7 12 1 1.489
7 13 1 1.457
7 14 1 1.492
7 15 1 1.464
7 16 1 1.492
7 17 1 1.481
7 18 1 1.474
7 19 1 1.489
7 20 1 1.487
7 21 1 1.461
7 22 1 1.492
7 23 1 1.467
7 24 1 1.48
7 25 1 1.495
7 26 1 1.451
7 27 1 1.465
7 28 1 1.488
7 29 1 1.49
7 30 1 1.461
7 31 1 1.499
7 32 1 1.481
7 33 1 1.479
7 34 1 1.465
7 35 1 1.469
7 36 1 1.468
7 37 1 1.488
7 38 1 1.465
7 39 1 1.465
7 40 1 1.45
7 41 1 1.455
7 42 1 1.464
7 43 1 1.472
7 44 1 1.481
7 45 1 1.454
7 46 1 1.457
7 47 1 1.485
7 48 1 1.455
7 49 1 1.486
8 9 8.0 1.529
8 10 1 1.474
8 11 1 1.492
8 12 1 1.492
8 13 1 1.457
8 14 1 1.459
8 15 1 1.45
8 16 1 1.466
8 17 1 1.482
8 18 1 1.46
8 19 1 1.459
8 20 1 1.48
8 21 1 1.495
8 22 1 1.466
8 23 1 1.491
8 24 1 1.452
8 25 1 1.461
8 26 1 1.467
8 27 1 1.454
8 28 1 1.491
8 29 1 1.469
8 30 1 1.483
8 31 1 1.46
8 32 1 1.457
8 33 1 1.455
8 34 1 1.478
8 35 1 1.451
8 36 1 1.482
8 37 1 1.451
8 38 1 1.461
8 39 1 1.497
8 40 1 1.465
8 41 1 1.493
8 42 1 1.471
8 43 1 1.479
8 44 1 1.47
8 45 1 1.472
8 46 1 1.471
8 47 1 1.467
8 48 1 1.497
8 49 1 1.457
9 10 1 1.463
9 11 1 1.455
9 12 1 1.486
9 13 1 1.473
9 14 1 1.495
9 15 1 1.485
9 16 1 1.478
9 17 1 1.492
9 18 1 1.488
9 19 1 1.482
9 20 1 1.461
9 21 1 1.468
9 22 1 1.478
9 23 1 1.497
9 24 1 1.474
9 25 1 1.458
9 26 1 1.468
9 27 1 1.495
9 28 1 1.499
9 29 1 1.49
9 30 1 1.451
9 31 1 1.494
9 32 1 1.489
9 33 1 1.459
9 34 1 1.456
9 35 1 1.462
9 36 1 1.483
9 37 1 1.491
9 38 1 1.499
9 39 1 1.496
9 40 1 1.455
9 41 1 1.492
9 42 1 1.463
9 43 1 1.461
9 44 1 1.451
9 45 1 1.481
9 46 1 1.489
9 47 1 1.479
9 48 1 1.493
9 49 1 1.451
10 11 1 1.481
10 12 1 1.455
10 13 1 1.478
10 14 1 1.498
10 15 1 1.48
10 16 1 1.481
10 17 1 1.462
10 18 1 1.464
10 19 1 1.469
10 20 1 1.454
10 21 1 1.457
10 22 1 1.494
10 23 1 1.494
10 24 1 1.472
10 25 1 1.48
10 26 1 1.459
10 27 1 1.467
10 28 1 1.5
10 29 1 1.495
10 30 1 1.491
10 31 1 1.494
10 32 1 1.493
10 33 1 1.452
10 34 1 1.479
10 35 1 1.468
10 36 1 1.47
10 37 1 1.467
10 38 1 1.455
10 39 1 1.485
10 40 1 1.457
10 41 1 1.465
10 42 1 1.497
10 43 1 1.452
10 44 1 1.481
10 45 1 1.499
10 46 1 1.46
10 47 1 1.461
10 48 1 1.462
10 49 1 1.477
11 12 1 1.473
11 13 1 1.487
11 14 1 1.453
11 15 1 1.469
11 16 1 1.462
11 17 1 1.462
11 18 1 1.483
11 19 1 1.496
11 20 1 1.483
11 21 1 1.497
11 22 1 1.474
11 23 1 1.46
11 24 1 1.5
11 25 1 1.495
11 26 1 1.453
11 27 1 1.493
11 28 1 1.47
11 29 1 1.454
11 30 1 1.464
11 31 1 1.475
11 32 1 1.487
11 33 1 1.476
11 34 1 1.496
11 35 1 1.482
11 36 1 1.478
11 37 1 1.5
11 38 1 1.49
11 39 1 1.491
11 40 1 1.486
11 41 1 1.493
11 42 1 1.452
11 43 1 1.465
11 44 1 1.462
11 45 1 1.488
11 46 1 1.451
11 47 1 1.473
11 48 1 1.454
11 49 1 1.452
12 13 1 1.454
12 14 1 1.456
12 15 1 1.452
12 16 1 1.451
12 17 1 1.454
12 18 1 1.492
12 19 1 1.453
12 20 1 1.495
12 21 1 1.495
12 22 1 1.489
12 23 1 1.459
12 24 1 1.491
12 25 1 1.453
12 26 1 1.489
12 27 1 1.455
12 28 1 1.489
12 29 1 1.484
12 30 1 1.498
12 31 1 1.499
12 32 1 1.48
12 33 1 1.468
12 34 1 1.492
12 35 1 1.494
12 36 1 1.459
12 37 1 1.462
12 38 1 1.483
12 39 1 1.492
12 40 1 1.484
12 41 1 1.471
12 42 1 1.464
12 43 1 1.483
12 44 1 1.475
12 45 1 1.471
12 46 1 1.49
12 47 1 1.477
12 48 1 1.485
12 49 1 1.488
13 14 1 1.453
13 15 1 1.492
13 16 1 1.457
13 17 1 1.497
13 18 1 1.497
13 19 1 1.474
13 20 1 1.485
13 21 1 1.469
13 22 1 1.499
13 23 1 1.499
13 24 1 1.479
13 25 1 1.484
13 26 1 1.469
13 27 1 1.479
13 28 1 1.493
13 29 1 1.461
13 30 1 1.488
13 31 1 1.487
13 32 1 1.485
13 33 1 1.498
13 34 1 1.485
13 35 1 1.485
13 36 1 1.453
13 37 1 1.482
13 38 1 1.457
13 39 1 1.497
13 40 1 1.496
13 41 1 1.456
13 42 1 1.493
13 43 1 1.474
13 44 1 1.486
13 45 1 1.484
13 46 1 1.484
13 47 1 1.488
13 48 1 1.484
13 49 1 1.486
14 15 1 1.461
14 16 1 1.474
14 17 1 1.482
14 18 1 1.456
14 19 1 1.492
14 20 1 1.464
14 21 1 1.45
14 22 1 1.488
14 23 1 1.488
14 24 1 1.474
14 25 1 1.468
14 26 1 1.499
14 27 1 1.464
14 28 1 1.499
14 29 1 1.481
14 30 1 1.463
14 31 1 1.499
14 32 1 1.477
14 33 1 1.477
14 34 1 1.474
14 35 1 1.453
14 36 1 1.474
14 37 1 1.458
14 38 1 1.498
14 39 1 1.459
14 40 1 1.495
14 41 1 1.451
14 42 1 1.47
14 43 1 1.459
14 44 1 1.463
14 45 1 1.457
14 46 1 1.484
14 47 1 1.483
14 48 1 1.451
14 49 1 1.495
15 16 1 1.457
15 17 1 1.475
15 18 1 1.468
15 19 1 1.45
15 20 1 1.487
15 21 1 1.462
15 22 1 1.479
15 23 1 1.499
15 24 1 1.496
15 25 1 1.45
15 26 1 1.462
15 27 1 1.457
15 28 1 1.489
15 29 1 1.498
15 30 1 1.484
15 31 1 1.479
15 32 1 1.484
15 33 1 1.458
15 34 1 1.451
15 35 1 1.488
15 36 1 1.485
15 37 1 1.458
15 38 1 1.459
15 39 1 1.499
15 40 1 1.456
15 41 1 1.454
15 42 1 1.476
15 43 1 1.497
15 44 1 1.489
15 45 1 1.473
15 46 1 1.496
15 47 1 1.477
15 48 1 1.474
15 49 1 1.476
16 17 1 1.465
16 18 1 1.494
16 19 1 1.464
16 20 1 1.454
16 21 1 1.478
16 22 1 1.468
16 23 1 1.466
16 24 1 1.475
16 25 1 1.462
16 26 1 1.483
16 27 1 1.456
16 28 1 1.482
16 29 1 1.454
16 30 1 1.456
16 31 1 1.458
16 32 1 1.456
16 33 1 1.457
16 34 1 1.498
16 35 1 1.49
16 36 1 1.488
16 37 1 1.485
16 38 1 1.482
16 39 1 1.482
16 40 1 1.451
16 41 1 1.457
16 42 1 1.471
16 43 1 1.496
16 44 1 1.486
16 45 1 1.466
16 46 1 1.452
16 47 1 1.452
16 48 1 1.45
16 49 1 1.481
17 18 1 1.457
17 19 1 1.487
17 20 1 1.495
17 21 1 1.498
17 22 1 1.471
17 23 1 1.463
17 24 1 1.461
17 25 1 1.498
17 26 1 1.491
17 27 1 1.497
17 28 1 1.47
17 29 1 1.482
17 30 1 1.477
17 31 1 1.488
17 32 1 1.487
17 33 1 1.468
17 34 1 1.496
17 35 1 1.451
17 36 1 1.471
17 37 1 1.453
17 38 1 1.474
17 39 1 1.467
17 40 1 1.483
17 41 1 1.477
17 42 1 1.462
17 43 1 1.483
17 44 1 1.492
17 45 1 1.475
17 46 1 1.493
17 47 1 1.457
17 48 1 1.471
17 49 1 1.469
18 19 1 1.451
18 20 1 1.478
18 21 1 1.478
18 22 1 1.481
18 23 1 1.481
18 24 1 1.475
18 25 1 1.478
18 26 1 1.495
18 27 1 1.484
18 28 1 1.477
18 29 1 1.493
18 30 1 1.489
18 31 1 1.476
18 32 1 1.461
18 33 1 1.464
18 34 1 1.484
18 35 1 1.465
18 36 1 1.457
18 37 1 1.493
18 38 1 1.489
18 39 1 1.478
18 40 1 1.494
18 41 1 1.499
18 42 1 1.496
18 43 1 1.472
18 44 1 1.457
18 45 1 1.473
18 46 1 1.485
18 47 1 1.466
18 48 1 1.458
18 49 1 1.473
19 20 1 1.487
19 21 1 1.486
19 22 1 1.479
19 23 1 1.471
19 24 1 1.49
19 25 1 1.451
19 26 1 1.492
19 27 1 1.485
19 28 1 1.498
19 29 1 1.46
19 30 1 1.491
19 31 1 1.46
19 32 1 1.491
19 33 1 1.455
19 34 1 1.466
19 35 1 1.452
19 36 1 1.48
19 37 1 1.461
19 38 1 1.489
19 39 1 1.485
19 40 1 1.45
19 41 1 1.479
19 42 1 1.495
19 43 1 1.456
19 44 1 1.455
19 45 1 1.467
19 46 1 1.499
19 47 1 1.47
19 48 1 1.452
19 49 1 1.495
20 21 1 1.475
20 22 1 1.494
20 23 1 1.499
20 24 1 1.472
20 25 1 1.462
20 26 1 1.468
20 27 1 1.49
20 28 1 1.497
20 29 1 1.483
20 30 1 1.499
20 31 1 1.49
20 32 1 1.496
20 33 1 1.485
20 34 1 1.47
20 35 1 1.49
20 36 1 1.453
20 37 1 1.469
20 38 1 1.466
20 39 1 1.489
20 40 1 1.472
20 41 1 1.457
20 42 1 1.488
20 43 1 1.486
20 44 1 1.491
20 45 1 1.467
20 46 1 1.453
20 47 1 1.498
20 48 1 1.466
20 49 1 1.487
21 22 1 1.493
21 23 1 1.488
21 24 1 1.472
21 25 1 1.457
21 26 1 1.491
21 27 1 1.452
21 28 1 1.45
21 29 1 1.474
21 30 1 1.464
21 31 1 1.482
21 32 1 1.492
21 33 1 1.465
21 34 1 1.46
21 35 1 1.46
21 36 1 1.498
21 37 1 1.488
21 38 1 1.489
21 39 1 1.491
21 40 1 1.451
21 41 1 1.495
21 42 1 1.481
21 43 1 1.45
21 44 1 1.482
21 45 1 1.482
21 46 1 1.462
21 47 1 1.498
21 48 1 1.489
21 49 1 1.494
22 23 1 1.461
22 24 1 1.472
22 25 1 1.458
22 26 1 1.451
22 27 1 1.459
22 28 1 1.465
22 29 1 1.462
22 30 1 1.467
22 31 1 1.463
22 32 1 1.482
22 33 1 1.497
22 34 1 1.499
22 35 1 1.494
22 36 1 1.466
22 37 1 1.49
22 38 1 1.464
22 39 1 1.479
22 40 1 1.462
22 41 1 1.49
22 42 1 1.453
22 43 1 1.499
22 44 1 1.487
22 45 1 1.477
22 46 1 1.487
22 47 1 1.467
22 48 1 1.45
22 49 1 1.451
23 24 1 1.477
23 25 1 1.459
23 26 1 1.484
23 27 1 1.476
23 28 1 1.492
23 29 1 1.46
23 30 1 1.485
23 31 1 1.481
23 32 1 1.462
23 33 1 1.475
23 34 1 1.488
23 35 1 1.464
23 36 1 1.482
23 37 1 1.472
23 38 1 1.475
23 39 1 1.487
23 40 1 1.456
23 41 1 1.455
23 42 1 1.486
23 43 1 1.459
23 44 1 1.476
23 45 1 1.469
23 46 1 1.471
23 47 1 1.492
23 48 1 1.499
23 49 1 1.48
24 25 1 1.476
24 26 1 1.455
24 27 1 1.453
24 28 1 1.474
24 29 1 1.497
24 30 1 1.485
24 31 1 1.483
24 32 1 1.464
24 33 1 1.469
24 34 1 1.496
24 35 1 1.478
24 36 1 1.468
24 37 1 1.455
24 38 1 1.477
24 39 1 1.484
24 40 1 1.453
24 41 1 1.488
24 42 1 1.475
24 43 1 1.47
24 44 1 1.484
24 45 1 1.469
24 46 1 1.466
24 47 1 1.47
24 48 1 1.489
24 49 1 1.491
25 26 1 1.467
25 27 1 1.494
25 28 1 1.494
25 29 1 1.458
25 30 1 1.496
25 31 1 1.495
25 32 1 1.476
25 33 1 1.491
25 34 1 1.479
25 35 1 1.481
25 36 1 1.483
25 37 1 1.472
25 38 1 1.459
25 39 1 1.474
25 40 1 1.464
25 41 1 1.499
25 42 1 1.487
25 43 1 1.452
25 44 1 1.48
25 45 1 1.484
25 46 1 1.468
25 47 1 1.472
25 48 1 1.456
25 49 1 1.461
26 27 1 1.49
26 28 1 1.454
26 29 1 1.481
26 30 1 1.478
26 31 1 1.499
26 32 1 1.482
26 33 1 1.498
26 34 1 1.459
26 35 1 1.482
26 36 1 1.485
26 37 1 1.466
26 38 1 1.489
26 39 1 1.488
26 40 1 1.456
26 41 1 1.461
26 42 1 1.474
26 43 1 1.482
26 44 1 1.484
26 45 1 1.484
26 46 1 1.482
26 47 1 1.491
26 48 1 1.47
26 49 1 1.473
27 28 1 1.467
27 29 1 1.476
27 30 1 1.475
27 31 1 1.499
27 32 1 1.473
27 33 1 1.492
27 34 1 1.467
27 35 1 1.497
27 36 1 1.48
27 37 1 1.455
27 38 1 1.469
27 39 1 1.461
27 40 1 1.454
27 41 1 1.454
27 42 1 1.466
27 43 1 1.476
27 44 1 1.459
27 45 1 1.455
27 46 1 1.457
27 47 1 1.458
27 48 1 1.475
27 49 1 1.461
28 29 1 1.453
28 30 1 1.471
28 31 1 1.488
28 32 1 1.451
28 33 1 1.473
28 34 1 1.487
28 35 1 1.466
28 36 1 1.458
28 37 1 1.49
28 38 1 1.471
28 39 1 1.46
28 40 1 1.473
28 41 1 1.45
28 42 1 1.471
28 43 1 1.492
28 44 1 1.45
28 45 1 1.488
28 46 1 1.492
28 47 1 1.455
28 48 1 1.487
28 49 1 1.479
29 30 1 1.457
29 31 1 1.478
29 32 1 1.495
29 33 1 1.48
29 34 1 1.496
29 35 1 1.456
29 36 1 1.458
29 37 1 1.457
29 38 1 1.493
29 39 1 1.472
29 40 1 1.49
29 41 1 1.489
29 42 1 1.459
29 43 1 1.475
29 44 1 1.471
29 45 1 1.492
29 46 1 1.464
29 47 1 1.484
29 48 1 1.475
29 49 1 1.46
30 31 1 1.483
30 32 1 1.497
30 33 1 1.493
30 34 1 1.498
30 35 1 1.498
30 36 1 1.492
30 37 1 1.496
30 38 1 1.481
30 39 1 1.469
30 40 1 1.477
30 41 1 1.471
30 42 1 1.482
30 43 1 1.465
30 44 1 1.456
30 45 1 1.465
30 46 1 1.494
30 47 1 1.475
30 48 1 1.495
30 49 1 1.489
31 32 1 1.468
31 33 1 1.479
31 34 1 1.488
31 35 1 1.495
31 36 1 1.498
31 37 1 1.491
31 38 1 1.491
31 39 1 1.453
31 40 1 1.478
31 41 1 1.458
31 42 1 1.466
31 43 1 1.462
31 44 1 1.463
31 45 1 1.482
31 46 1 1.469
31 47 1 1.492
31 48 1 1.486
31 49 1 1.453
32 33 1 1.483
32 34 1 1.466
32 35 1 1.498
32 36 1 1.496
32 37 1 1.456
32 38 1 1.453
32 39 1 1.472
32 40 1 1.456
32 41 1 1.455
32 42 1 1.494
32 43 1 1.496
32 44 1 1.463
32 45 1 1.475
32 46 1 1.496
32 47 1 1.472
32 48 1 1.456
32 49 1 1.49
33 34 1 1.498
33 35 1 1.459
33 36 1 1.461
33 37 1 1.474
33 38 1 1.488
33 39 1 1.451
33 40 1 1.493
33 41 1 1.471
33 42 1 1.453
33 43 1 1.481
33 44 1 1.5
33 45 1 1.492
33 46 1 1.481
33 47 1 1.496
33 48 1 1.458
33 49 1 1.492
34 35 1 1.5
34 36 1 1.495
34 37 1 1.463
34 38 1 1.461
34 39 1 1.49
34 40 1 1.477
34 41 1 1.462
34 42 1 1.46
34 43 1 1.483
34 44 1 1.459
34 45 1 1.459
34 46 1 1.489
34 47 1 1.483
34 48 1 1.466
34 49 1 1.492
35 36 1 1.497
35 37 1 1.476
35 38 1 1.453
35 39 1 1.5
35 40 1 1.479
35 41 1 1.477
35 42 1 1.488
35 43 1 1.459
35 44 1 1.456
35 45 1 1.462
35 46 1 1.486
35 47 1 1.469
35 48 1 1.456
35 49 1 1.493
36 37 1 1.47
36 38 1 1.462
36 39 1 1.471
36 40 1 1.456
36 41 1 1.455
36 42 1 1.477
36 43 1 1.459
36 44 1 1.465
36 45 1 1.456
36 46 1 1.458
36 47 1 1.465
36 48 1 1.478
36 49 1 1.5
37 38 1 1.478
37 39 1 1.475
37 40 1 1.469
37 41 1 1.469
37 42 1 1.483
37 43 1 1.473
37 44 1 1.456
37 45 1 1.483
37 46 1 1.481
37 47 1 1.473
37 48 1 1.469
37 49 1 1.482
38 39 1 1.494
38 40 1 1.482
38 41 1 1.491
38 42 1 1.472
38 43 1 1.476
38 44 1 1.5
38 45 1 1.459
38 46 1 1.466
38 47 1 1.498
38 48 1 1.455
38 49 1 1.453
39 40 1 1.491
39 41 1 1.495
39 42 1 1.458
39 43 1 1.453
39 44 1 1.46
39 45 1 1.471
39 46 1 1.467
39 47 1 1.492
39 48 1 1.49
39 49 1 1.464
40 41 1 1.458
40 42 1 1.485
40 43 1 1.463
40 44 1 1.455
40 45 1 1.452
40 46 1 1.456
40 47 1 1.485
40 48 1 1.49
40 49 1 1.491
41 42 1 1.457
41 43 1 1.485
41 44 1 1.486
41 45 1 1.497
41 46 1 1.478
41 47 1 1.47
41 48 1 1.49
41 49 1 1.484
42 43 1 1.475
42 44 1 1.452
42 45 1 1.476
42 46 1 1.48
42 47 1 1.457
42 48 1 1.489
42 49 1 1.457
43 44 1 1.464
43 45 1 1.478
43 46 1 1.468
43 47 1 1.457
43 48 1 1.493
43 49 1 1.46
44 45 1 1.478
44 46 1 1.464
44 47 1 1.485
44 48 1 1.463
44 49 1 1.465
45 46 1 1.473
45 47 1 1.488
45 48 1 1.49
45 49 1 1.475
46 47 1 1.466
46 48 1 1.468
46 49 1 1.493
47 48 1 1.494
47 49 1 1.481
48 49 1 1.475
