50 
32.865 
0 1 66.719 41.3
0 2 66.011 51.46
0 3 70.666 95.185
0 4 38.811 3.586
0 5 2.484 34.161
0 6 88.433 49.992
0 7 48.989 40.443
0 8 82.262 59.121
0 9 4.542 85.719
0 10 36.19 77.868
0 11 51.538 60.973
0 12 29.217 76.879
0 13 20.988 81.505
0 14 43.942 21.639
0 15 92.198 1.941
0 16 65.442 1.627
0 17 89.777 42.444
0 18 47.364 75.493
0 19 97.264 74.728
0 20 12.194 71.659
0 21 36.613 16.609
0 22 8.279 71.063
0 23 70.008 85.611
0 24 12.45 91.381
0 25 79.809 77.979
0 26 96.363 91.169
0 27 79.938 97.603
0 28 27.525 69.11
0 29 15.407 99.551
0 30 21.81 17.67
0 31 72.086 74.038
0 32 96.119 57.402
0 33 15.497 1.459
0 34 24.524 63.562
0 35 74.816 19.482
0 36 79.137 18.881
0 37 11.974 75.145
0 38 57.775 36.629
0 39 56.17 45.659
0 40 54.253 3.911
0 41 95.576 92.156
0 42 60.762 3.777
0 43 9.758 80.856
0 44 59.896 95.784
0 45 25.072 69.674
0 46 37.229 63.496
0 47 29.533 75.125
0 48 63.702 51.217
0 49 3.305 44.845
1 2 88.616 42.864
1 3 55.978 80.182
1 4 63.922 56.19
1 5 91.019 50.679
1 6 34.859 7.796
1 7 97.141 22.555
1 8 30.082 52.532
1 9 54.002 87.021
1 10 53.278 43.852
1 11 32.969 59.067
1 12 74.568 69.608
1 13 83.167 35.321
1 14 96.14 32.579
1 15 12.435 76.491
1 16 83.335 8.224
1 17 56.024 96.39
1 18 77.186 65.361
1 19 84.744 16.842
1 20 69.636 52.045
1 21 96.321 27.861
1 22 85.825 5.072
1 23 31.861 12.96
1 24 84.123 20.335
1 25 90.143 73.356
1 26 7.84 16.4
1 27 42.432 21.113
1 28 63.713 10.802
1 29 36.317 99.424
1 30 60.012 78.3
1 31 16.912 16.021
1 32 71.083 99.093
1 33 99.453 72.975
1 34 47.164 30.062
1 35 17.239 27.291
1 36 39.51 1.489
1 37 50.898 94.051
1 38 94.969 90.634
1 39 48.763 97.047
1 40 75.829 44.563
1 41 43.935 73.089
1 42 50.505 85.917
1 43 40.399 33.891
1 44 45.256 6.331
1 45 73.238 50.676
1 46 75.302 47.158
1 47 37.872 84.157
1 48 85.354 61.766
1 49 75.716 26.889
2 3 95.32 2.364
2 4 18.873 89.177
2 5 2.635 56.636
2 6 17.935 77.555
2 7 50.396 53.656
2 8 32.651 40.051
2 9 49.384 45.76
2 10 20.827 73.587
2 11 74.47 43.175
2 12 61.333 47.676
2 13 13.479 29.192
2 14 79.741 75.3
2 15 95.698 15.407
2 16 76.354 29.427
2 17 99.319 65.25
2 18 17.033 61.815
2 19 7.484 64.431
2 20 95.721 24.713
2 21 91.868 89.406
2 22 30.178 24.418
2 23 93.096 40.954
2 24 86.263 74.691
2 25 90.265 59.761
2 26 30.815 12.51
2 27 10.188 76.873
2 28 2.138 30.102
2 29 26.698 82.112
2 30 49.733 28.149
2 31 93.342 25.541
2 32 96.255 24.544
2 33 23.62 49.783
2 34 44.231 93.81
2 35 2.938 2.625
2 36 57.128 98.094
2 37 87.937 88.435
2 38 30.095 28.266
2 39 42.188 37.481
2 40 91.03 69.684
2 41 80.895 77.595
2 42 17.639 73.884
2 43 83.343 90.991
2 44 35.543 36.921
2 45 17.204 16.751
2 46 77.75 28.352
2 47 92.487 83.714
2 48 8.769 68.339
2 49 45.862 27.306
3 4 90.293 54.856
3 5 15.903 10.305
3 6 77.094 62.677
3 7 71.654 57.707
3 8 86.415 95.435
3 9 41.47 91.426
3 10 86.885 64.038
3 11 38.589 57.293
3 12 64.987 18.331
3 13 99.068 22.214
3 14 85.486 73.768
3 15 44.171 22.272
3 16 87.384 91.358
3 17 66.594 18.179
3 18 45.812 42.68
3 19 8.435 21.909
3 20 26.683 23.1
3 21 33.366 13.614
3 22 80.49 62.04
3 23 85.773 59.394
3 24 69.574 1.633
3 25 33.219 1.238
3 26 68.492 12.75
3 27 40.286 35.222
3 28 41.136 38.344
3 29 49.389 84.563
3 30 30.66 61.037
3 31 26.47 68.946
3 32 12.068 43.936
3 33 57.907 17.527
3 34 73.913 93.218
3 35 42.634 51.191
3 36 98.087 87.407
3 37 84.453 84.568
3 38 31.562 23.565
3 39 82.682 20.446
3 40 80.878 2.627
3 41 84.341 62.947
3 42 54.9 4.096
3 43 67.916 81.068
3 44 52.467 93.994
3 45 80.059 26.376
3 46 22.214 44.821
3 47 61.639 43.501
3 48 82.18 40.106
3 49 32.995 77.761
4 5 7.484 16.678
4 6 44.254 43.9
4 7 4.399 88.898
4 8 20.512 89.083
4 9 35.627 28.358
4 10 88.432 8.608
4 11 52.329 52.767
4 12 89.52 95.844
4 13 81.558 73.912
4 14 22.071 84.0
4 15 10.433 97.803
4 16 20.33 74.43
4 17 17.546 20.966
4 18 71.107 96.749
4 19 83.466 37.256
4 20 13.061 29.096
4 21 39.329 92.781
4 22 84.21 58.449
4 23 96.476 86.2
4 24 92.342 97.454
4 25 87.059 87.118
4 26 15.232 38.802
4 27 81.549 82.24
4 28 89.358 1.007
4 29 85.274 24.904
4 30 11.931 63.522
4 31 39.37 73.782
4 32 79.227 69.471
4 33 72.89 72.522
4 34 67.184 52.671
4 35 64.975 13.388
4 36 6.367 40.159
4 37 73.299 70.358
4 38 64.574 80.73
4 39 60.004 27.193
4 40 15.764 63.488
4 41 42.405 45.877
4 42 20.268 80.447
4 43 49.165 58.434
4 44 54.906 97.925
4 45 73.312 27.13
4 46 0.911 58.889
4 47 84.186 99.339
4 48 32.024 16.062
4 49 12.045 53.094
5 6 11.412 25.29
5 7 20.319 95.126
5 8 98.74 86.189
5 9 21.709 20.956
5 10 96.334 71.378
5 11 58.977 13.753
5 12 99.346 93.86
5 13 87.354 49.401
5 14 21.551 61.389
5 15 93.906 1.397
5 16 45.067 86.975
5 17 33.814 24.302
5 18 4.547 80.488
5 19 59.182 44.029
5 20 10.896 31.969
5 21 76.12 32.965
5 22 76.249 45.42
5 23 95.574 16.572
5 24 57.136 81.919
5 25 98.263 85.284
5 26 5.998 19.442
5 27 25.486 56.528
5 28 71.447 54.073
5 29 69.938 82.994
5 30 93.225 26.484
5 31 1.547 51.836
5 32 27.648 33.905
5 33 63.364 18.173
5 34 23.617 90.422
5 35 59.488 50.388
5 36 67.133 87.711
5 37 84.348 36.134
5 38 25.527 44.822
5 39 90.159 79.062
5 40 36.859 21.512
5 41 77.46 98.477
5 42 80.339 59.875
5 43 65.997 83.819
5 44 19.83 20.28
5 45 32.548 17.041
5 46 46.549 8.706
5 47 77.484 0.027
5 48 81.216 90.89
5 49 42.107 84.392
6 7 74.787 17.988
6 8 36.675 56.631
6 9 68.383 77.356
6 10 48.764 97.857
6 11 33.776 17.926
6 12 76.765 50.509
6 13 98.767 83.964
6 14 49.436 72.7
6 15 38.894 39.586
6 16 41.654 86.01
6 17 49.564 77.989
6 18 27.527 70.349
6 19 35.725 4.316
6 20 55.369 7.797
6 21 15.282 37.443
6 22 45.23 65.48
6 23 86.802 5.888
6 24 18.338 78.268
6 25 90.138 61.291
6 26 81.533 91.056
6 27 84.732 51.459
6 28 10.981 53.535
6 29 31.378 39.298
6 30 20.068 54.588
6 31 12.06 41.635
6 32 46.841 84.356
6 33 99.119 8.659
6 34 2.398 1.379
6 35 80.322 49.4
6 36 69.073 30.736
6 37 33.31 66.118
6 38 30.178 56.094
6 39 24.677 94.866
6 40 50.185 48.826
6 41 37.496 54.014
6 42 74.99 84.629
6 43 15.23 53.228
6 44 32.677 23.78
6 45 64.983 50.24
6 46 4.413 2.738
6 47 72.458 65.715
6 48 64.782 27.321
6 49 99.88 27.08
7 8 48.359 2.275
7 9 69.24 23.652
7 10 26.699 17.814
7 11 55.014 0.57
7 12 37.2 25.276
7 13 27.043 3.853
7 14 20.423 53.998
7 15 12.464 15.68
7 16 32.723 28.261
7 17 20.859 75.218
7 18 48.32 30.653
7 19 5.601 89.703
7 20 45.076 62.795
7 21 89.536 4.942
7 22 77.47 86.199
7 23 85.741 61.222
7 24 40.66 59.008
7 25 20.897 71.839
7 26 72.744 92.405
7 27 23.887 18.972
7 28 56.506 39.894
7 29 8.016 73.031
7 30 10.16 51.586
7 31 78.196 30.029
7 32 39.219 9.669
7 33 51.453 87.339
7 34 36.992 2.309
7 35 27.538 88.109
7 36 35.762 31.619
7 37 62.885 29.863
7 38 38.52 47.806
7 39 89.791 28.137
7 40 53.832 34.095
7 41 56.391 37.965
7 42 27.573 94.926
7 43 16.062 75.162
7 44 65.408 63.623
7 45 8.344 51.203
7 46 76.498 87.804
7 47 36.273 47.779
7 48 33.233 45.61
7 49 7.935 93.387
8 9 48.467 71.878
8 10 78.455 9.817
8 11 8.95 67.661
8 12 50.126 35.597
8 13 70.136 87.154
8 14 1.358 79.51
8 15 69.864 62.839
8 16 31.455 50.83
8 17 95.597 35.4
8 18 58.323 93.27
8 19 91.171 55.798
8 20 42.658 6.975
8 21 30.791 63.594
8 22 42.226 38.52
8 23 51.976 96.852
8 24 44.882 23.938
8 25 40.561 71.238
8 26 41.91 39.756
8 27 88.776 79.926
8 28 53.98 13.606
8 29 37.034 42.383
8 30 66.483 27.828
8 31 71.242 44.263
8 32 65.849 62.774
8 33 84.701 20.899
8 34 43.503 76.026
8 35 35.932 22.688
8 36 34.985 32.541
8 37 14.858 57.371
8 38 82.267 16.781
8 39 79.944 47.113
8 40 77.358 80.697
8 41 68.729 78.466
8 42 70.563 37.776
8 43 42.394 55.399
8 44 75.902 15.395
8 45 21.76 52.682
8 46 75.172 25.895
8 47 30.289 16.439
8 48 22.977 47.797
8 49 98.545 40.3
9 10 7.786 69.753
9 11 4.839 49.438
9 12 77.848 91.149
9 13 6.307 94.755
9 14 0.79 27.283
9 15 84.936 53.603
9 16 78.379 91.454
9 17 16.203 9.629
9 18 88.037 53.094
9 19 77.696 14.118
9 20 24.393 12.52
9 21 16.95 57.257
9 22 46.335 26.577
9 23 34.461 44.432
9 24 32.529 15.95
9 25 36.892 34.68
9 26 69.576 92.591
9 27 24.366 24.13
9 28 24.055 33.448
9 29 78.657 93.567
9 30 87.519 94.596
9 31 76.947 52.275
9 32 34.902 43.254
9 33 62.432 3.602
9 34 64.036 45.168
9 35 24.155 97.833
9 36 53.237 63.062
9 37 88.992 29.868
9 38 21.098 58.348
9 39 0.586 8.711
9 40 74.369 18.903
9 41 38.504 14.729
9 42 18.168 89.526
9 43 18.84 80.144
9 44 57.964 26.691
9 45 77.85 93.123
9 46 84.237 88.788
9 47 47.913 59.947
9 48 47.295 86.016
9 49 58.84 16.708
10 11 94.785 70.25
10 12 42.784 59.75
10 13 30.656 57.275
10 14 38.131 84.73
10 15 61.65 46.755
10 16 87.267 50.926
10 17 90.28 34.618
10 18 45.42 42.033
10 19 44.832 19.882
10 20 27.952 97.156
10 21 73.69 99.526
10 22 32.081 33.472
10 23 2.949 67.041
10 24 92.439 45.128
10 25 77.97 8.12
10 26 6.615 45.811
10 27 6.774 72.491
10 28 30.294 77.024
10 29 12.844 16.538
10 30 92.757 31.495
10 31 1.835 39.091
10 32 21.448 68.162
10 33 28.259 17.44
10 34 10.66 56.134
10 35 6.37 43.682
10 36 31.064 71.594
10 37 20.799 24.435
10 38 78.574 9.882
10 39 55.076 78.137
10 40 56.261 62.089
10 41 30.202 27.934
10 42 91.921 26.555
10 43 32.196 97.092
10 44 89.174 35.311
10 45 58.086 65.697
10 46 96.085 6.352
10 47 99.374 29.581
10 48 39.712 44.462
10 49 61.697 82.712
11 12 57.573 37.951
11 13 48.263 56.757
11 14 3.622 36.577
11 15 15.739 91.845
11 16 71.733 59.252
11 17 54.981 55.89
11 18 26.9 24.311
11 19 73.366 40.106
11 20 37.73 3.247
11 21 36.554 68.068
11 22 26.061 85.444
11 23 11.403 38.528
11 24 81.328 27.019
11 25 44.286 77.257
11 26 44.109 31.363
11 27 46.048 65.712
11 28 48.972 30.006
11 29 84.207 32.619
11 30 35.083 56.96
11 31 40.986 22.941
11 32 45.249 13.557
11 33 34.974 2.891
11 34 88.454 89.167
11 35 39.32 87.181
11 36 69.545 10.468
11 37 37.732 76.339
11 38 70.68 20.832
11 39 61.694 17.985
11 40 72.28 60.422
11 41 41.805 9.505
11 42 55.497 95.328
11 43 56.016 36.916
11 44 23.86 32.612
11 45 37.151 15.003
11 46 86.871 21.791
11 47 48.635 69.584
11 48 73.591 16.816
11 49 81.061 67.17
12 13 65.212 1.649
12 14 81.761 28.48
12 15 45.871 81.146
12 16 1.88 75.002
12 17 26.285 40.777
12 18 70.697 94.574
12 19 89.542 15.058
12 20 89.935 75.303
12 21 65.809 44.637
12 22 63.879 3.003
12 23 48.322 65.907
12 24 42.786 23.942
12 25 90.256 36.165
12 26 63.573 13.016
12 27 34.541 39.584
12 28 7.852 27.816
12 29 26.878 70.096
12 30 93.446 83.76
12 31 35.808 89.077
12 32 68.068 69.605
12 33 66.348 20.184
12 34 3.262 62.817
12 35 12.458 26.26
12 36 82.589 54.466
12 37 32.386 34.454
12 38 90.921 96.399
12 39 97.289 21.145
12 40 58.27 96.997
12 41 47.156 28.17
12 42 60.265 79.894
12 43 28.902 14.496
12 44 59.056 47.066
12 45 4.959 76.741
12 46 74.553 98.955
12 47 16.636 6.734
12 48 55.745 42.277
12 49 8.797 14.172
13 14 75.581 93.085
13 15 63.512 94.635
13 16 6.436 18.524
13 17 30.034 67.325
13 18 60.281 29.818
13 19 96.241 88.035
13 20 68.152 34.68
13 21 48.179 19.793
13 22 67.687 31.792
13 23 99.0 91.444
13 24 38.95 76.067
13 25 74.972 14.254
13 26 36.393 82.495
13 27 58.851 62.791
13 28 60.839 93.723
13 29 6.569 37.299
13 30 73.216 5.233
13 31 88.191 36.836
13 32 94.913 60.594
13 33 39.476 92.114
13 34 73.957 24.81
13 35 30.298 56.89
13 36 66.835 31.715
13 37 85.811 41.587
13 38 84.798 38.69
13 39 10.106 99.853
13 40 66.732 4.603
13 41 87.901 97.415
13 42 88.815 48.663
13 43 33.014 45.366
13 44 73.995 67.336
13 45 1.115 84.671
13 46 27.005 29.681
13 47 18.165 66.692
13 48 85.017 11.372
13 49 82.497 43.78
14 15 79.217 8.609
14 16 16.231 89.203
14 17 37.536 94.771
14 18 36.333 15.715
14 19 58.235 43.761
14 20 69.373 52.005
14 21 89.265 81.229
14 22 96.933 1.854
14 23 43.647 60.602
14 24 73.762 84.673
14 25 76.288 73.024
14 26 81.331 48.812
14 27 91.327 91.091
14 28 54.524 31.958
14 29 10.204 19.034
14 30 72.857 10.901
14 31 84.8 16.437
14 32 6.085 54.489
14 33 58.229 95.781
14 34 34.75 55.771
14 35 79.905 7.473
14 36 3.682 30.46
14 37 56.081 45.114
14 38 26.112 7.311
14 39 74.575 13.207
14 40 6.891 75.929
14 41 13.835 86.316
14 42 31.962 18.903
14 43 77.098 26.948
14 44 35.573 71.47
14 45 15.428 65.753
14 46 38.867 60.916
14 47 78.884 62.05
14 48 69.85 20.279
14 49 23.011 5.156
15 16 57.008 27.907
15 17 35.031 29.833
15 18 47.196 68.906
15 19 43.537 65.01
15 20 66.509 89.071
15 21 21.708 4.836
15 22 25.106 99.849
15 23 78.959 18.763
15 24 4.441 32.721
15 25 30.847 26.002
15 26 86.443 25.583
15 27 75.999 20.552
15 28 74.706 28.088
15 29 76.286 80.036
15 30 91.833 30.215
15 31 52.063 60.844
15 32 93.828 4.386
15 33 94.865 3.848
15 34 8.361 2.03
15 35 23.446 15.295
15 36 35.851 23.669
15 37 14.702 25.04
15 38 74.558 71.461
15 39 72.093 81.064
15 40 99.24 98.018
15 41 92.999 34.568
15 42 43.444 80.455
15 43 57.185 99.263
15 44 40.122 21.002
15 45 20.095 85.524
15 46 38.145 17.058
15 47 44.085 78.819
15 48 94.828 43.372
15 49 15.86 25.279
16 17 57.401 65.107
16 18 32.362 32.726
16 19 75.435 9.19
16 20 69.368 60.882
16 21 73.234 18.835
16 22 31.185 74.141
16 23 35.139 5.166
16 24 97.682 20.654
16 25 21.974 97.805
16 26 11.67 85.121
16 27 46.667 6.172
16 28 17.966 54.386
16 29 93.317 92.37
16 30 53.749 41.63
16 31 88.822 43.351
16 32 56.023 97.772
16 33 84.988 11.872
16 34 71.011 95.204
16 35 38.016 1.599
16 36 2.587 97.782
16 37 93.413 17.343
16 38 86.465 21.325
16 39 40.875 0.775
16 40 41.124 46.418
16 41 49.729 99.101
16 42 39.803 24.203
16 43 56.595 2.894
16 44 1.748 26.449
16 45 50.344 32.399
16 46 38.195 35.033
16 47 90.346 65.999
16 48 41.626 29.27
16 49 48.849 59.961
17 18 63.579 70.988
17 19 40.21 37.929
17 20 99.841 46.389
17 21 14.556 33.66
17 22 79.489 71.4
17 23 78.128 71.476
17 24 6.209 18.85
17 25 50.373 88.4
17 26 68.329 51.053
17 27 90.03 73.731
17 28 24.072 83.308
17 29 61.201 12.602
17 30 12.644 56.183
17 31 22.678 26.073
17 32 33.517 81.27
17 33 90.597 11.783
17 34 76.623 87.722
17 35 6.777 52.377
17 36 29.253 18.101
17 37 57.394 67.619
17 38 49.84 75.2
17 39 58.423 75.635
17 40 94.086 1.595
17 41 54.986 20.06
17 42 86.129 10.586
17 43 83.784 80.808
17 44 96.109 62.491
17 45 98.116 34.379
17 46 61.506 5.072
17 47 51.072 21.729
17 48 47.258 91.217
17 49 87.532 69.785
18 19 56.465 95.165
18 20 71.224 66.096
18 21 73.227 0.973
18 22 89.742 27.02
18 23 82.305 0.611
18 24 90.872 66.709
18 25 56.362 88.28
18 26 57.253 53.561
18 27 81.795 29.333
18 28 31.883 50.143
18 29 1.703 7.81
18 30 12.892 10.804
18 31 62.596 78.077
18 32 77.131 53.762
18 33 83.479 8.909
18 34 27.927 68.254
18 35 7.586 32.527
18 36 44.739 80.489
18 37 81.966 83.89
18 38 22.955 35.385
18 39 96.166 38.175
18 40 84.814 78.33
18 41 52.113 28.448
18 42 47.083 60.334
18 43 92.518 63.285
18 44 82.658 34.175
18 45 82.763 6.323
18 46 60.566 55.225
18 47 29.921 88.309
18 48 19.687 51.273
18 49 99.367 15.598
19 20 79.519 64.387
19 21 86.644 84.191
19 22 70.255 98.679
19 23 12.655 89.318
19 24 57.904 29.156
19 25 62.654 69.505
19 26 79.147 69.048
19 27 48.768 85.958
19 28 81.477 47.348
19 29 40.03 67.748
19 30 91.467 27.169
19 31 11.116 6.874
19 32 1.462 84.726
19 33 74.708 99.46
19 34 88.476 69.685
19 35 3.355 19.038
19 36 0.534 65.486
19 37 82.919 65.663
19 38 79.009 56.125
19 39 39.294 52.294
19 40 48.718 61.788
19 41 7.212 90.816
19 42 72.995 76.246
19 43 9.097 63.158
19 44 4.178 18.858
19 45 22.459 54.835
19 46 39.002 98.621
19 47 21.221 58.561
19 48 66.811 83.807
19 49 45.591 24.157
20 21 96.456 37.232
20 22 77.327 81.17
20 23 28.693 79.589
20 24 67.197 92.547
20 25 1.722 62.861
20 26 15.086 68.185
20 27 85.985 38.588
20 28 24.099 16.423
20 29 66.554 8.542
20 30 33.113 26.764
20 31 47.024 24.04
20 32 54.886 57.702
20 33 10.011 11.232
20 34 9.627 13.164
20 35 81.1 54.902
20 36 37.558 27.009
20 37 13.909 71.308
20 38 37.154 21.246
20 39 81.254 85.316
20 40 92.943 58.955
20 41 64.599 44.274
20 42 60.73 57.001
20 43 67.148 1.027
20 44 62.204 39.071
20 45 0.9 73.06
20 46 63.959 29.873
20 47 70.17 88.177
20 48 49.987 12.443
20 49 98.294 24.021
21 22 25.572 81.082
21 23 53.29 75.288
21 24 67.117 20.227
21 25 2.239 87.532
21 26 95.933 30.32
21 27 38.654 18.796
21 28 71.779 55.903
21 29 64.505 92.187
21 30 39.686 7.085
21 31 29.899 96.477
21 32 55.639 97.404
21 33 3.063 98.151
21 34 40.377 80.488
21 35 92.584 62.873
21 36 77.393 78.896
21 37 33.091 41.063
21 38 88.292 51.234
21 39 45.091 1.221
21 40 91.288 98.106
21 41 14.163 30.083
21 42 17.254 40.655
21 43 0.814 16.72
21 44 73.584 46.921
21 45 59.532 30.78
21 46 11.692 93.966
21 47 23.212 58.034
21 48 66.103 83.85
21 49 2.497 70.022
22 23 45.717 10.32
22 24 99.497 35.338
22 25 59.22 17.595
22 26 82.016 30.865
22 27 40.845 96.726
22 28 50.848 42.964
22 29 94.631 7.859
22 30 41.988 61.769
22 31 88.759 70.107
22 32 1.846 35.083
22 33 39.036 10.659
22 34 94.149 60.262
22 35 35.075 59.44
22 36 10.679 85.033
22 37 34.735 12.842
22 38 11.126 16.051
22 39 85.229 3.081
22 40 91.16 3.599
22 41 92.504 19.023
22 42 61.711 41.065
22 43 88.807 10.341
22 44 31.529 61.592
22 45 54.064 97.367
22 46 69.696 62.562
22 47 25.004 31.161
22 48 98.018 62.543
22 49 7.708 63.545
23 24 39.816 35.947
23 25 74.984 51.808
23 26 62.013 75.328
23 27 51.518 27.793
23 28 31.257 94.772
23 29 47.16 97.87
23 30 86.052 47.769
23 31 63.414 72.696
23 32 97.625 65.89
23 33 48.793 32.303
23 34 24.185 47.535
23 35 39.13 47.576
23 36 7.408 76.521
23 37 79.371 35.332
23 38 74.302 45.878
23 39 40.969 74.441
23 40 23.245 20.405
23 41 85.229 55.627
23 42 47.858 4.671
23 43 70.944 79.859
23 44 15.551 94.706
23 45 61.645 64.506
23 46 59.294 39.336
23 47 18.191 10.422
23 48 67.062 96.239
23 49 82.821 87.229
24 25 11.249 18.24
24 26 95.263 84.269
24 27 98.388 65.882
24 28 37.865 32.654
24 29 89.982 42.307
24 30 31.917 35.195
24 31 25.243 51.367
24 32 53.333 19.967
24 33 96.856 10.001
24 34 14.848 0.646
24 35 86.93 54.386
24 36 61.665 9.094
24 37 14.645 95.941
24 38 85.866 92.82
24 39 57.851 89.964
24 40 22.959 28.049
24 41 92.64 51.739
24 42 83.742 17.275
24 43 72.938 14.546
24 44 9.632 54.066
24 45 16.974 26.565
24 46 74.512 78.909
24 47 26.106 71.777
24 48 28.926 81.472
24 49 80.826 81.712
25 26 58.247 16.168
25 27 60.969 12.959
25 28 0.345 29.436
25 29 75.518 92.741
25 30 30.147 11.353
25 31 65.406 63.755
25 32 85.597 93.02
25 33 0.832 36.615
25 34 86.362 33.244
25 35 2.503 87.71
25 36 28.994 9.581
25 37 31.235 22.34
25 38 40.695 88.92
25 39 79.939 32.091
25 40 57.044 67.336
25 41 9.885 66.399
25 42 17.316 91.267
25 43 37.215 82.563
25 44 19.102 36.906
25 45 92.907 57.58
25 46 33.22 46.214
25 47 5.74 8.239
25 48 66.685 74.728
25 49 98.443 96.148
26 27 29.067 45.563
26 28 24.894 43.5
26 29 13.31 23.192
26 30 78.011 77.519
26 31 49.86 46.2
26 32 71.629 73.15
26 33 51.325 88.529
26 34 6.966 89.045
26 35 92.863 52.845
26 36 94.806 72.039
26 37 74.458 29.177
26 38 17.359 17.592
26 39 72.736 27.101
26 40 6.057 53.896
26 41 36.038 33.418
26 42 88.478 30.723
26 43 71.319 40.988
26 44 44.816 75.036
26 45 45.986 15.935
26 46 99.519 7.464
26 47 21.797 21.454
26 48 92.998 22.092
26 49 77.958 69.868
27 28 41.97 46.491
27 29 11.241 4.402
27 30 63.972 55.657
27 31 98.424 31.994
27 32 49.371 99.808
27 33 21.913 77.494
27 34 39.91 93.912
27 35 79.365 3.772
27 36 46.592 6.537
27 37 15.689 87.525
27 38 43.18 76.771
27 39 97.105 83.446
27 40 53.232 10.923
27 41 2.908 49.78
27 42 25.419 27.593
27 43 77.982 11.59
27 44 55.844 64.757
27 45 16.666 44.974
27 46 65.246 32.686
27 47 97.233 15.588
27 48 29.257 71.23
27 49 81.263 24.006
28 29 14.742 66.03
28 30 86.968 69.397
28 31 57.287 29.895
28 32 23.183 0.053
28 33 86.944 48.892
28 34 49.118 24.5
28 35 99.626 30.48
28 36 42.351 77.513
28 37 54.516 97.855
28 38 43.239 94.428
28 39 30.763 75.837
28 40 97.814 87.94
28 41 4.905 51.906
28 42 85.625 33.968
28 43 32.02 41.103
28 44 90.608 76.071
28 45 3.089 32.861
28 46 28.04 46.552
28 47 13.067 4.331
28 48 28.041 32.08
28 49 78.567 59.21
29 30 18.86 51.325
29 31 84.996 79.364
29 32 57.175 43.112
29 33 84.045 39.135
29 34 64.227 50.331
29 35 23.524 66.403
29 36 95.342 21.251
29 37 90.191 1.243
29 38 70.131 19.156
29 39 45.462 62.842
29 40 71.318 16.866
29 41 79.359 7.043
29 42 60.418 24.902
29 43 54.551 57.918
29 44 29.18 41.758
29 45 10.714 6.524
29 46 67.116 37.705
29 47 63.043 83.444
29 48 45.595 34.188
29 49 62.145 4.335
30 31 81.223 16.199
30 32 26.408 0.866
30 33 66.469 17.308
30 34 26.853 16.244
30 35 69.542 59.868
30 36 85.713 5.404
30 37 34.214 38.693
30 38 65.589 55.756
30 39 0.205 4.526
30 40 41.672 19.57
30 41 95.605 78.06
30 42 37.327 33.562
30 43 17.474 65.146
30 44 46.114 20.72
30 45 74.807 10.053
30 46 47.292 17.728
30 47 82.004 72.785
30 48 35.144 56.286
30 49 86.823 7.563
31 32 21.1 73.907
31 33 80.683 34.784
31 34 43.539 60.977
31 35 89.913 83.786
31 36 43.211 31.089
31 37 41.678 22.378
31 38 92.205 62.404
31 39 39.126 22.432
31 40 96.352 8.389
31 41 43.013 15.071
31 42 98.711 89.997
31 43 59.724 90.919
31 44 86.089 75.767
31 45 14.506 92.746
31 46 99.707 18.542
31 47 71.514 7.436
31 48 59.493 73.443
31 49 1.844 62.983
32 33 48.968 22.401
32 34 55.5 59.02
32 35 67.815 87.364
32 36 19.315 14.919
32 37 38.283 66.486
32 38 77.136 73.858
32 39 26.418 4.859
32 40 43.993 31.029
32 41 70.525 23.629
32 42 12.383 53.36
32 43 17.843 18.292
32 44 33.513 13.925
32 45 50.967 33.556
32 46 0.295 10.363
32 47 44.168 77.713
32 48 86.256 19.448
32 49 3.189 93.485
33 34 62.178 7.405
33 35 54.155 33.49
33 36 61.316 95.837
33 37 4.78 34.825
33 38 84.645 82.996
33 39 17.351 10.654
33 40 30.108 12.772
33 41 62.322 10.713
33 42 93.021 89.567
33 43 25.956 90.197
33 44 48.667 15.149
33 45 22.937 65.323
33 46 46.454 82.959
33 47 40.012 18.13
33 48 52.843 8.549
33 49 69.695 95.461
34 35 15.523 3.483
34 36 75.691 47.673
34 37 66.475 83.967
34 38 71.536 88.731
34 39 52.127 88.412
34 40 56.584 63.478
34 41 26.715 84.176
34 42 42.311 69.404
34 43 43.535 31.425
34 44 77.526 90.942
34 45 97.433 12.113
34 46 33.148 60.354
34 47 42.336 58.909
34 48 86.919 99.581
34 49 94.616 31.723
35 36 7.678 74.771
35 37 80.183 45.707
35 38 4.939 70.94
35 39 56.346 78.114
35 40 67.111 30.804
35 41 50.817 42.393
35 42 52.0 17.455
35 43 86.59 23.385
35 44 33.987 80.576
35 45 83.212 17.741
35 46 47.4 70.591
35 47 57.196 18.806
35 48 0.879 39.484
35 49 18.902 85.083
36 37 76.268 86.56
36 38 6.986 28.716
36 39 42.198 96.925
36 40 40.544 98.462
36 41 37.173 51.581
36 42 4.356 11.975
36 43 5.867 88.856
36 44 3.64 20.152
36 45 43.508 32.645
36 46 56.92 4.775
36 47 79.864 30.27
36 48 56.13 81.306
36 49 26.623 85.537
37 38 13.143 42.941
37 39 68.862 50.166
37 40 60.662 50.073
37 41 71.431 79.178
37 42 81.32 51.562
37 43 54.269 78.975
37 44 56.938 2.86
37 45 3.848 48.351
37 46 82.792 72.722
37 47 36.168 80.038
37 48 37.853 22.579
37 49 37.346 81.3
38 39 25.528 4.918
38 40 10.92 7.826
38 41 77.679 36.991
38 42 8.987 39.313
38 43 93.072 48.183
38 44 27.893 22.091
38 45 32.239 59.669
38 46 88.9 69.882
38 47 76.419 25.588
38 48 68.536 26.085
38 49 57.46 66.131
39 40 29.433 84.134
39 41 57.55 87.712
39 42 94.302 31.709
39 43 67.564 45.046
39 44 52.464 12.559
39 45 87.169 11.192
39 46 32.177 92.978
39 47 67.812 51.781
39 48 22.376 43.336
39 49 9.785 7.66
40 41 74.529 80.502
40 42 13.099 22.889
40 43 22.855 6.572
40 44 43.961 41.824
40 45 54.13 80.721
40 46 70.079 49.682
40 47 63.19 30.433
40 48 22.081 34.746
40 49 79.401 98.991
41 42 35.762 5.306
41 43 27.872 73.523
41 44 19.809 63.399
41 45 76.395 62.653
41 46 7.054 84.398
41 47 29.9 11.77
41 48 10.978 54.582
41 49 2.284 56.275
42 43 4.705 71.172
42 44 99.683 3.842
42 45 99.336 3.31
42 46 72.539 91.466
42 47 29.271 3.601
42 48 42.353 89.295
42 49 42.29 38.0
43 44 29.463 44.654
43 45 52.571 22.129
43 46 19.242 11.569
43 47 70.081 62.471
43 48 80.505 58.789
43 49 75.516 95.474
44 45 81.598 57.076
44 46 86.553 2.29
44 47 76.685 61.627
44 48 59.52 94.214
44 49 70.069 72.66
45 46 33.768 66.57
45 47 51.763 53.886
45 48 91.886 37.716
45 49 98.173 7.901
46 47 96.802 60.066
46 48 62.125 37.336
46 49 20.555 6.446
47 48 77.541 40.833
47 49 0.184 99.78
48 49 95.889 35.638