50
99.502
0 1 1.046 1.23
0 2 1.327 1.16
0 3 1.026 1.16
0 4 2.074 0.467
0 5 1.145 1.328
0 6 1.179 1.223
0 7 0.94 1.125
0 8 0.899 1.253
0 9 2.113 0.481
0 10 0.968 1.305
0 11 1.245 1.286
0 12 2.088 0.483
0 13 1.068 1.186
0 14 1.805 0.429
0 15 1.284 1.013
0 16 1.02 1.424
0 17 1.036 1.346
0 18 1.187 1.081
0 19 0.862 1.231
0 20 1.106 1.448
0 21 0.933 1.142
0 22 1.121 1.078
0 23 1.86 0.513
0 24 1.146 1.191
0 25 0.994 1.011
0 26 1.842 0.404
0 27 1.276 1.101
0 28 1.096 1.009
0 29 1.049 1.241
0 30 0.902 0.977
0 31 1.0 1.298
0 32 1.192 1.266
0 33 1.309 1.292
0 34 1.102 0.972
0 35 2.134 0.557
0 36 1.298 1.348
0 37 1.264 1.286
0 38 1.138 1.05
0 39 1.226 1.125
0 40 1.102 1.308
0 41 0.984 1.06
0 42 1.207 1.114
0 43 1.079 1.299
0 44 1.261 1.303
0 45 0.878 1.336
0 46 1.09 1.393
0 47 1.25 1.005
0 48 1.727 0.476
0 49 0.891 1.444
1 2 1.008 1.096
1 3 1.217 1.25
1 4 1.05 1.008
1 5 1.233 1.329
1 6 1.003 1.129
1 7 0.911 1.066
1 8 0.912 1.191
1 9 1.178 1.368
1 10 2.992 0.958
1 11 1.297 1.259
1 12 1.286 1.019
1 13 0.945 1.068
1 14 1.063 1.388
1 15 1.167 1.289
1 16 1.122 1.376
1 17 0.977 1.401
1 18 1.032 1.228
1 19 0.92 1.264
1 20 3.342 0.55
1 21 1.162 1.232
1 22 1.239 1.364
1 23 1.171 1.052
1 24 1.259 1.437
1 25 1.286 1.34
1 26 1.15 1.263
1 27 1.003 1.244
1 28 0.906 1.431
1 29 1.324 1.173
1 30 1.034 1.33
1 31 1.269 1.326
1 32 1.113 0.964
1 33 1.254 1.37
1 34 3.175 0.954
1 35 1.038 1.44
1 36 3.358 0.837
1 37 0.86 1.116
1 38 1.232 1.107
1 39 1.036 1.12
1 40 1.191 1.296
1 41 3.1 0.558
1 42 1.004 1.283
1 43 0.888 0.984
1 44 1.092 1.079
1 45 1.008 0.992
1 46 1.136 1.136
1 47 1.058 1.108
1 48 1.046 1.145
1 49 3.008 0.522
2 3 1.329 1.024
2 4 1.001 1.124
2 5 0.954 0.983
2 6 1.17 1.003
2 7 0.994 1.221
2 8 0.952 1.052
2 9 0.878 1.389
2 10 1.138 1.336
2 11 1.027 1.337
2 12 1.343 1.229
2 13 1.573 0.431
2 14 1.079 1.245
2 15 0.999 1.005
2 16 1.256 0.985
2 17 1.262 1.149
2 18 0.937 1.184
2 19 1.6 0.473
2 20 0.974 1.373
2 21 1.033 1.205
2 22 0.887 1.012
2 23 1.346 1.188
2 24 1.27 1.055
2 25 1.497 0.41
2 26 0.919 0.986
2 27 1.49 0.152
2 28 1.076 1.445
2 29 1.532 0.51
2 30 1.496 0.183
2 31 1.059 1.407
2 32 1.69 0.582
2 33 1.515 0.337
2 34 0.882 1.01
2 35 1.213 1.371
2 36 0.916 0.986
2 37 1.125 1.355
2 38 1.246 1.394
2 39 1.627 0.303
2 40 1.323 1.396
2 41 0.866 1.264
2 42 1.105 1.449
2 43 1.246 1.124
2 44 0.931 1.074
2 45 1.026 1.165
2 46 0.898 1.403
2 47 0.866 1.152
2 48 0.982 1.237
2 49 0.905 1.316
3 4 1.177 1.018
3 5 1.161 1.386
3 6 1.3 1.032
3 7 2.444 0.56
3 8 1.164 0.96
3 9 0.904 1.131
3 10 1.002 1.127
3 11 2.461 0.805
3 12 1.143 1.148
3 13 1.145 1.263
3 14 1.138 1.21
3 15 2.689 0.426
3 16 0.889 1.129
3 17 0.966 0.99
3 18 2.526 0.745
3 19 1.322 1.022
3 20 0.869 1.23
3 21 2.665 0.698
3 22 2.357 0.75
3 23 0.89 1.215
3 24 1.09 1.378
3 25 1.236 1.088
3 26 1.118 1.254
3 27 0.966 1.098
3 28 0.91 1.133
3 29 1.341 1.089
3 30 1.062 1.192
3 31 0.895 1.219
3 32 1.16 1.277
3 33 1.087 1.09
3 34 0.94 1.325
3 35 1.258 1.004
3 36 1.059 1.056
3 37 1.236 1.218
3 38 1.263 1.393
3 39 1.145 1.36
3 40 1.213 1.293
3 41 0.981 1.155
3 42 1.252 1.399
3 43 1.16 1.015
3 44 2.579 0.391
3 45 1.014 0.996
3 46 0.984 1.2
3 47 1.051 1.147
3 48 0.941 1.17
3 49 1.009 0.971
4 5 1.223 1.078
4 6 0.997 1.24
4 7 1.027 1.115
4 8 1.339 1.258
4 9 1.984 0.651
4 10 1.189 1.065
4 11 1.306 1.01
4 12 1.775 0.508
4 13 0.95 1.058
4 14 1.788 0.34
4 15 1.136 1.221
4 16 1.269 1.303
4 17 1.325 1.074
4 18 1.267 1.08
4 19 1.094 1.403
4 20 1.048 1.334
4 21 1.331 1.201
4 22 1.065 1.415
4 23 1.924 0.343
4 24 0.898 1.389
4 25 1.313 1.084
4 26 1.761 0.45
4 27 1.27 1.177
4 28 0.859 1.045
4 29 0.996 1.154
4 30 0.992 1.151
4 31 1.34 1.371
4 32 1.346 1.065
4 33 1.04 1.195
4 34 0.999 1.254
4 35 2.092 0.693
4 36 1.054 0.984
4 37 1.151 1.428
4 38 0.876 1.301
4 39 1.291 1.26
4 40 1.237 1.257
4 41 1.258 1.384
4 42 1.351 1.424
4 43 1.265 1.088
4 44 0.99 1.02
4 45 1.312 1.238
4 46 0.945 1.048
4 47 0.903 1.311
4 48 1.771 0.386
4 49 1.119 1.312
5 6 1.081 1.283
5 7 1.278 1.35
5 8 2.38 0.503
5 9 0.897 1.128
5 10 0.991 1.115
5 11 0.952 1.211
5 12 1.034 1.287
5 13 1.095 1.19
5 14 1.22 1.05
5 15 1.038 1.432
5 16 2.276 0.406
5 17 1.244 1.414
5 18 1.328 1.372
5 19 1.193 1.385
5 20 1.07 1.278
5 21 1.076 1.271
5 22 1.326 1.132
5 23 0.952 1.388
5 24 1.306 1.419
5 25 1.288 1.27
5 26 1.101 1.388
5 27 1.172 1.358
5 28 1.231 0.964
5 29 1.314 1.418
5 30 1.297 1.222
5 31 2.425 0.486
5 32 1.285 1.313
5 33 1.171 1.269
5 34 0.875 1.091
5 35 1.243 1.106
5 36 1.006 1.452
5 37 2.665 0.331
5 38 1.241 1.206
5 39 1.242 1.282
5 40 0.883 1.155
5 41 1.041 1.232
5 42 2.657 0.515
5 43 2.638 0.819
5 44 1.294 1.009
5 45 1.137 1.341
5 46 1.269 1.324
5 47 2.546 0.69
5 48 1.164 1.02
5 49 0.983 1.426
6 7 1.09 1.287
6 8 1.131 1.129
6 9 1.074 1.042
6 10 1.094 1.04
6 11 1.022 1.146
6 12 1.022 1.092
6 13 1.107 1.248
6 14 1.173 1.094
6 15 1.068 1.244
6 16 0.882 1.399
6 17 2.712 0.819
6 18 1.132 1.21
6 19 1.151 1.015
6 20 1.017 1.345
6 21 0.907 1.245
6 22 0.997 1.196
6 23 1.213 1.048
6 24 2.374 0.71
6 25 1.075 1.078
6 26 0.882 1.451
6 27 1.265 1.318
6 28 2.404 0.687
6 29 1.226 1.189
6 30 1.089 1.006
6 31 1.333 1.402
6 32 1.058 1.386
6 33 1.016 1.203
6 34 1.097 1.392
6 35 1.009 1.43
6 36 1.102 1.201
6 37 0.911 1.062
6 38 2.307 0.695
6 39 0.891 1.199
6 40 2.357 0.436
6 41 1.169 1.152
6 42 0.875 1.255
6 43 1.187 0.966
6 44 0.932 1.331
6 45 2.264 0.646
6 46 2.567 0.5
6 47 1.112 1.198
6 48 1.29 1.354
6 49 1.158 1.425
7 8 1.27 1.097
7 9 1.354 1.193
7 10 1.099 1.454
7 11 2.251 0.499
7 12 1.118 1.131
7 13 1.079 1.052
7 14 1.269 1.405
7 15 2.601 0.355
7 16 1.043 1.068
7 17 1.116 1.439
7 18 2.634 0.534
7 19 0.979 1.255
7 20 1.095 1.031
7 21 2.479 0.471
7 22 2.411 0.376
7 23 1.299 1.361
7 24 0.888 1.199
7 25 0.946 1.344
7 26 0.967 1.221
7 27 0.89 1.168
7 28 1.221 1.103
7 29 1.025 1.362
7 30 1.011 1.121
7 31 1.289 1.145
7 32 0.977 1.339
7 33 1.191 1.103
7 34 0.937 1.072
7 35 0.884 1.087
7 36 1.318 1.046
7 37 1.07 1.235
7 38 1.21 0.962
7 39 1.241 1.195
7 40 1.094 1.342
7 41 1.232 1.136
7 42 1.055 1.213
7 43 0.954 1.419
7 44 2.341 0.555
7 45 1.036 1.27
7 46 1.221 1.252
7 47 1.245 1.253
7 48 0.934 1.067
7 49 1.219 0.991
8 9 1.086 1.233
8 10 0.883 1.303
8 11 1.351 1.4
8 12 1.154 0.997
8 13 1.274 1.252
8 14 1.171 1.126
8 15 1.33 1.036
8 16 2.702 0.582
8 17 1.28 1.113
8 18 0.973 1.264
8 19 1.057 1.372
8 20 0.998 1.197
8 21 1.009 1.353
8 22 1.299 1.375
8 23 1.15 1.123
8 24 0.86 1.217
8 25 1.092 1.437
8 26 1.118 1.04
8 27 1.296 1.052
8 28 1.075 1.03
8 29 1.098 1.355
8 30 1.225 1.439
8 31 2.34 0.359
8 32 1.342 1.215
8 33 1.221 1.209
8 34 0.959 1.238
8 35 1.212 1.334
8 36 1.0 0.968
8 37 2.321 0.487
8 38 1.305 1.387
8 39 1.101 1.184
8 40 1.071 1.052
8 41 1.174 1.296
8 42 2.667 0.434
8 43 2.313 0.642
8 44 0.866 1.023
8 45 1.147 1.096
8 46 1.027 1.143
8 47 2.558 0.744
8 48 1.141 1.358
8 49 1.254 1.103
9 10 1.315 1.102
9 11 1.225 1.172
9 12 1.95 0.49
9 13 0.863 1.193
9 14 2.062 0.431
9 15 1.061 1.162
9 16 1.253 1.122
9 17 1.203 1.069
9 18 0.868 1.201
9 19 1.324 1.15
9 20 1.153 1.191
9 21 1.089 1.206
9 22 0.977 1.099
9 23 2.129 0.462
9 24 1.266 0.994
9 25 1.183 0.996
9 26 1.846 0.261
9 27 0.864 1.294
9 28 1.178 1.128
9 29 1.237 1.301
9 30 1.06 1.454
9 31 1.285 1.443
9 32 1.167 1.068
9 33 1.085 1.007
9 34 0.885 1.274
9 35 2.207 0.592
9 36 1.107 1.054
9 37 1.301 1.429
9 38 1.28 1.254
9 39 1.291 1.232
9 40 1.174 1.208
9 41 1.317 1.136
9 42 1.268 0.988
9 43 1.326 1.158
9 44 1.109 1.363
9 45 1.045 1.335
9 46 1.043 1.037
9 47 1.163 1.301
9 48 2.084 0.306
9 49 1.097 1.358
10 11 1.268 1.049
10 12 1.249 1.391
10 13 0.986 1.292
10 14 1.038 1.256
10 15 1.072 1.286
10 16 1.187 1.243
10 17 1.136 1.158
10 18 0.882 1.381
10 19 1.169 1.401
10 20 2.936 0.849
10 21 1.14 1.055
10 22 1.179 1.438
10 23 0.88 1.069
10 24 1.33 1.146
10 25 1.035 1.184
10 26 1.233 1.203
10 27 1.281 1.259
10 28 0.952 1.113
10 29 1.33 1.224
10 30 0.876 1.39
10 31 1.35 1.064
10 32 0.969 1.126
10 33 1.178 1.345
10 34 3.414 0.738
10 35 0.965 1.134
10 36 3.301 0.839
10 37 1.29 1.175
10 38 1.077 1.442
10 39 1.313 1.445
10 40 0.947 1.216
10 41 3.393 0.93
10 42 1.095 1.23
10 43 1.183 1.234
10 44 1.121 1.004
10 45 0.857 1.172
10 46 1.128 0.964
10 47 1.305 1.116
10 48 1.068 1.137
10 49 3.268 0.76
11 12 0.929 1.204
11 13 1.162 1.374
11 14 1.352 1.32
11 15 2.547 0.637
11 16 0.944 0.996
11 17 1.226 1.399
11 18 2.497 0.36
11 19 0.924 0.995
11 20 1.072 1.299
11 21 2.336 0.331
11 22 2.324 0.602
11 23 0.948 1.05
11 24 1.003 1.051
11 25 1.016 1.066
11 26 1.255 1.317
11 27 0.944 1.42
11 28 1.122 1.265
11 29 1.099 1.199
11 30 0.943 1.131
11 31 1.063 1.125
11 32 1.224 1.074
11 33 0.896 1.172
11 34 1.162 1.024
11 35 0.95 1.12
11 36 1.073 1.359
11 37 1.003 1.139
11 38 1.207 1.167
11 39 0.961 0.99
11 40 0.892 1.216
11 41 1.341 1.319
11 42 1.226 1.022
11 43 1.308 1.0
11 44 2.617 0.781
11 45 0.937 1.14
11 46 1.065 1.032
11 47 1.088 1.353
11 48 1.159 1.041
11 49 0.949 1.088
12 13 1.227 1.174
12 14 1.821 0.569
12 15 1.116 1.296
12 16 1.277 1.273
12 17 1.266 1.185
12 18 1.05 1.368
12 19 1.335 1.205
12 20 1.347 1.377
12 21 1.08 1.237
12 22 0.866 1.33
12 23 1.989 0.572
12 24 1.29 1.287
12 25 1.028 1.408
12 26 2.01 0.526
12 27 1.229 1.36
12 28 1.118 1.229
12 29 0.859 1.236
12 30 1.017 1.028
12 31 1.249 1.255
12 32 1.074 1.208
12 33 1.234 1.175
12 34 0.923 1.19
12 35 1.736 0.339
12 36 1.033 1.371
12 37 1.349 1.43
12 38 1.164 0.988
12 39 0.925 1.212
12 40 1.014 1.139
12 41 1.32 1.406
12 42 0.913 1.356
12 43 0.917 1.259
12 44 1.19 1.192
12 45 1.066 1.191
12 46 1.221 1.283
12 47 1.342 1.38
12 48 2.088 0.32
12 49 1.042 1.432
13 14 1.035 1.114
13 15 1.116 1.119
13 16 1.271 1.284
13 17 1.298 1.409
13 18 1.053 1.367
13 19 1.702 0.138
13 20 1.184 1.437
13 21 1.048 1.058
13 22 1.047 1.248
13 23 1.135 1.131
13 24 1.114 1.136
13 25 1.445 0.155
13 26 1.257 1.188
13 27 1.619 0.357
13 28 1.001 0.997
13 29 1.498 0.479
13 30 1.581 0.596
13 31 0.964 1.005
13 32 1.703 0.166
13 33 1.484 0.338
13 34 1.284 0.995
13 35 0.922 0.975
13 36 1.114 1.242
13 37 1.319 1.127
13 38 1.007 1.335
13 39 1.569 0.374
13 40 1.167 1.053
13 41 1.336 1.444
13 42 1.117 1.188
13 43 0.94 1.45
13 44 1.179 1.306
13 45 1.304 1.447
13 46 1.309 0.992
13 47 1.254 1.166
13 48 1.04 0.959
13 49 1.106 1.206
14 15 1.009 1.273
14 16 1.34 1.24
14 17 0.892 1.446
14 18 1.015 1.135
14 19 1.244 1.16
14 20 1.296 1.07
14 21 1.149 1.108
14 22 1.053 1.318
14 23 1.8 0.219
14 24 0.952 1.037
14 25 1.183 1.241
14 26 2.198 0.422
14 27 1.071 1.051
14 28 0.997 1.296
14 29 0.89 1.386
14 30 1.158 1.061
14 31 0.947 0.991
14 32 1.253 1.352
14 33 1.339 1.401
14 34 1.345 1.111
14 35 2.159 0.46
14 36 1.077 1.254
14 37 1.059 1.252
14 38 1.158 1.241
14 39 1.07 1.169
14 40 1.339 0.985
14 41 1.104 1.454
14 42 1.244 1.151
14 43 1.091 1.326
14 44 0.956 1.071
14 45 1.287 1.316
14 46 1.025 1.385
14 47 1.355 1.277
14 48 1.945 0.399
14 49 1.164 1.4
15 16 1.304 0.997
15 17 1.085 1.097
15 18 2.479 0.76
15 19 0.934 1.279
15 20 1.319 1.067
15 21 2.264 0.405
15 22 2.707 0.731
15 23 1.119 1.275
15 24 1.195 1.337
15 25 0.875 1.129
15 26 1.037 1.377
15 27 0.938 1.029
15 28 1.338 1.442
15 29 1.075 1.107
15 30 1.268 1.142
15 31 1.182 1.269
15 32 1.241 1.24
15 33 1.012 1.355
15 34 0.938 0.977
15 35 1.043 1.151
15 36 1.124 1.437
15 37 0.983 1.176
15 38 1.239 1.02
15 39 1.263 1.096
15 40 1.047 1.223
15 41 1.19 1.381
15 42 1.154 1.311
15 43 1.073 1.307
15 44 2.432 0.438
15 45 1.08 1.444
15 46 1.002 1.288
15 47 0.992 1.202
15 48 0.874 1.031
15 49 1.191 1.282
16 17 1.244 1.428
16 18 0.881 1.079
16 19 0.959 1.18
16 20 1.006 1.164
16 21 1.032 1.292
16 22 1.255 1.43
16 23 1.236 1.118
16 24 0.974 1.42
16 25 1.083 1.097
16 26 1.228 1.424
16 27 1.081 1.003
16 28 1.067 1.083
16 29 1.09 1.353
16 30 1.05 1.092
16 31 2.432 0.517
16 32 0.941 1.023
16 33 1.036 1.14
16 34 0.907 1.05
16 35 1.209 1.336
16 36 1.093 1.088
16 37 2.638 0.38
16 38 0.997 1.455
16 39 1.07 1.17
16 40 1.013 1.348
16 41 1.019 1.133
16 42 2.441 0.791
16 43 2.721 0.568
16 44 1.048 1.229
16 45 0.873 0.966
16 46 0.894 1.072
16 47 2.34 0.508
16 48 1.253 1.365
16 49 1.11 1.104
17 18 1.318 1.403
17 19 1.332 1.233
17 20 1.282 1.292
17 21 1.166 1.375
17 22 1.107 1.054
17 23 0.867 1.128
17 24 2.273 0.453
17 25 1.06 1.321
17 26 1.151 1.163
17 27 0.959 1.14
17 28 2.669 0.353
17 29 1.066 1.144
17 30 1.098 1.088
17 31 1.009 1.282
17 32 1.201 1.276
17 33 0.889 1.119
17 34 1.206 1.135
17 35 0.9 1.238
17 36 1.139 1.387
17 37 1.233 1.198
17 38 2.595 0.451
17 39 1.129 1.018
17 40 2.247 0.817
17 41 1.252 1.425
17 42 1.196 1.234
17 43 1.072 1.209
17 44 1.099 1.086
17 45 2.381 0.793
17 46 2.615 0.783
17 47 1.318 1.418
17 48 1.221 1.41
17 49 0.982 1.294
18 19 0.896 1.047
18 20 1.346 1.382
18 21 2.514 0.665
18 22 2.293 0.776
18 23 1.013 1.235
18 24 1.199 1.429
18 25 1.185 1.357
18 26 1.164 1.011
18 27 1.028 1.393
18 28 1.1 1.319
18 29 1.07 1.231
18 30 1.28 1.081
18 31 1.155 1.279
18 32 0.921 1.336
18 33 1.041 1.182
18 34 0.971 1.022
18 35 1.071 1.266
18 36 1.03 1.174
18 37 1.186 1.302
18 38 0.921 1.305
18 39 1.304 1.33
18 40 1.015 0.989
18 41 0.872 1.187
18 42 1.285 1.385
18 43 0.916 1.315
18 44 2.269 0.576
18 45 1.087 1.213
18 46 1.348 1.402
18 47 0.98 1.309
18 48 1.002 1.062
18 49 1.162 1.399
19 20 1.114 1.178
19 21 1.105 1.207
19 22 0.868 1.148
19 23 1.252 1.282
19 24 1.333 1.086
19 25 1.412 0.59
19 26 1.005 0.961
19 27 1.631 0.337
19 28 1.036 1.277
19 29 1.716 0.324
19 30 1.408 0.397
19 31 1.237 1.108
19 32 1.668 0.38
19 33 1.405 0.579
19 34 1.093 0.997
19 35 1.197 1.113
19 36 1.084 1.175
19 37 1.239 1.072
19 38 1.33 1.219
19 39 1.73 0.226
19 40 0.969 1.449
19 41 1.037 1.344
19 42 1.146 1.041
19 43 0.871 1.411
19 44 0.938 1.359
19 45 1.078 0.974
19 46 1.225 1.03
19 47 1.081 1.263
19 48 1.174 1.068
19 49 0.946 1.26
20 21 1.24 1.063
20 22 1.197 1.02
20 23 1.237 1.283
20 24 1.229 1.217
20 25 1.353 1.334
20 26 1.07 1.276
20 27 0.996 1.455
20 28 1.246 1.092
20 29 1.081 1.006
20 30 1.273 1.242
20 31 0.889 1.341
20 32 0.875 1.222
20 33 1.124 1.146
20 34 3.25 0.639
20 35 1.117 1.445
20 36 2.993 0.748
20 37 0.908 1.038
20 38 1.129 1.26
20 39 0.876 1.091
20 40 0.995 1.209
20 41 2.966 0.926
20 42 1.352 1.011
20 43 1.303 1.447
20 44 1.01 1.32
20 45 1.305 1.296
20 46 0.905 0.965
20 47 1.185 1.292
20 48 0.974 1.073
20 49 3.049 0.716
21 22 2.622 0.386
21 23 1.273 1.366
21 24 1.119 1.335
21 25 1.122 1.198
21 26 1.045 1.115
21 27 1.163 1.111
21 28 0.864 1.291
21 29 0.945 0.996
21 30 1.09 1.188
21 31 1.26 1.399
21 32 1.024 1.413
21 33 1.14 1.326
21 34 1.166 1.446
21 35 1.025 1.161
21 36 1.244 1.269
21 37 1.344 1.214
21 38 1.24 0.991
21 39 1.175 1.068
21 40 0.952 1.378
21 41 1.248 1.015
21 42 0.986 1.378
21 43 1.272 1.184
21 44 2.379 0.71
21 45 1.289 1.252
21 46 1.257 1.338
21 47 0.857 1.248
21 48 1.183 1.266
21 49 0.99 1.146
22 23 1.15 1.335
22 24 1.331 1.134
22 25 1.217 1.339
22 26 0.875 1.338
22 27 1.128 0.993
22 28 1.295 1.105
22 29 0.972 1.414
22 30 0.94 0.989
22 31 0.918 1.388
22 32 0.94 1.113
22 33 0.968 1.319
22 34 0.861 1.114
22 35 1.267 1.045
22 36 1.283 1.148
22 37 0.901 1.201
22 38 1.182 1.313
22 39 0.909 1.029
22 40 1.181 1.445
22 41 0.891 0.976
22 42 1.086 1.022
22 43 1.32 0.997
22 44 2.694 0.581
22 45 1.029 1.206
22 46 0.857 1.274
22 47 0.913 0.962
22 48 1.042 1.239
22 49 1.086 1.429
23 24 1.315 1.042
23 25 1.034 1.225
23 26 1.846 0.436
23 27 1.218 1.309
23 28 1.226 1.051
23 29 0.957 1.051
23 30 1.308 1.263
23 31 0.88 1.0
23 32 0.873 1.328
23 33 1.055 1.259
23 34 1.262 1.099
23 35 1.872 0.452
23 36 0.877 1.174
23 37 1.175 1.106
23 38 1.112 1.062
23 39 1.266 1.048
23 40 0.922 1.411
23 41 0.879 1.276
23 42 1.087 1.029
23 43 1.212 1.448
23 44 1.213 1.23
23 45 1.15 1.166
23 46 0.971 1.275
23 47 0.97 1.29
23 48 1.85 0.606
23 49 0.878 1.001
24 25 1.12 1.306
24 26 1.328 1.338
24 27 0.865 1.407
24 28 2.409 0.533
24 29 1.23 1.074
24 30 1.152 0.981
24 31 1.1 1.229
24 32 1.153 0.98
24 33 1.048 1.216
24 34 1.237 1.29
24 35 1.112 1.395
24 36 0.963 1.289
24 37 0.946 1.097
24 38 2.504 0.327
24 39 1.216 1.432
24 40 2.299 0.681
24 41 1.06 0.959
24 42 0.907 1.412
24 43 0.968 1.036
24 44 1.248 1.227
24 45 2.619 0.613
24 46 2.729 0.329
24 47 1.141 1.312
24 48 1.267 1.052
24 49 1.259 1.126
25 26 1.033 1.429
25 27 1.376 0.448
25 28 1.089 1.355
25 29 1.704 0.377
25 30 1.71 0.301
25 31 1.034 1.328
25 32 1.51 0.427
25 33 1.795 0.36
25 34 1.218 1.321
25 35 1.123 1.368
25 36 0.896 1.275
25 37 1.174 0.978
25 38 1.113 0.96
25 39 1.685 0.224
25 40 1.055 1.08
25 41 0.88 1.072
25 42 1.253 1.093
25 43 1.132 1.348
25 44 1.136 1.063
25 45 0.895 1.239
25 46 1.207 1.138
25 47 1.029 1.112
25 48 1.279 1.208
25 49 0.971 1.236
26 27 1.255 1.133
26 28 1.282 0.984
26 29 1.002 1.061
26 30 1.034 1.191
26 31 1.264 1.367
26 32 1.275 1.087
26 33 1.298 1.241
26 34 0.998 1.187
26 35 2.173 0.355
26 36 1.301 1.154
26 37 1.175 1.436
26 38 0.933 1.196
26 39 0.999 1.22
26 40 1.028 0.977
26 41 0.888 1.09
26 42 1.313 0.974
26 43 1.088 1.367
26 44 1.207 1.393
26 45 0.894 1.103
26 46 1.04 1.135
26 47 1.041 1.02
26 48 2.163 0.573
26 49 1.128 1.25
27 28 1.207 1.14
27 29 1.844 0.261
27 30 1.601 0.551
27 31 1.196 1.241
27 32 1.356 0.508
27 33 1.792 0.568
27 34 1.277 1.303
27 35 1.032 1.158
27 36 1.326 1.06
27 37 1.072 1.067
27 38 0.992 0.988
27 39 1.526 0.307
27 40 1.016 1.317
27 41 1.225 1.233
27 42 1.107 1.012
27 43 1.14 1.133
27 44 0.994 1.148
27 45 1.105 1.301
27 46 1.308 1.446
27 47 0.988 1.445
27 48 1.242 1.341
27 49 0.891 1.163
28 29 0.934 1.361
28 30 0.924 1.226
28 31 1.15 1.431
28 32 1.002 1.182
28 33 1.061 1.097
28 34 1.097 1.23
28 35 0.946 1.14
28 36 1.106 0.987
28 37 1.321 1.071
28 38 2.677 0.578
28 39 1.29 1.386
28 40 2.372 0.39
28 41 0.862 1.182
28 42 1.067 1.401
28 43 1.344 1.189
28 44 1.002 1.416
28 45 2.703 0.465
28 46 2.602 0.568
28 47 0.886 1.161
28 48 0.943 1.324
28 49 1.283 1.298
29 30 1.369 0.144
29 31 0.952 1.252
29 32 1.674 0.608
29 33 1.47 0.397
29 34 0.978 1.381
29 35 1.314 0.998
29 36 1.051 1.307
29 37 1.163 0.989
29 38 1.045 0.997
29 39 1.599 0.354
29 40 0.976 1.392
29 41 1.345 1.246
29 42 1.071 1.278
29 43 0.871 1.09
29 44 1.141 1.052
29 45 0.945 1.1
29 46 0.883 0.979
29 47 1.02 1.055
29 48 1.284 1.066
29 49 1.134 1.45
30 31 1.065 1.236
30 32 1.405 0.433
30 33 1.831 0.396
30 34 1.161 1.174
30 35 1.329 1.313
30 36 1.175 1.376
30 37 1.294 1.414
30 38 1.051 1.169
30 39 1.755 0.286
30 40 0.936 1.122
30 41 0.97 1.01
30 42 1.257 1.337
30 43 1.123 1.209
30 44 1.143 1.392
30 45 1.044 1.301
30 46 1.112 1.27
30 47 1.287 0.969
30 48 1.316 1.121
30 49 0.991 1.367
31 32 1.084 1.043
31 33 0.889 1.245
31 34 1.158 1.221
31 35 1.004 0.965
31 36 0.927 1.435
31 37 2.257 0.635
31 38 0.972 0.974
31 39 1.239 1.281
31 40 1.13 1.433
31 41 1.069 1.37
31 42 2.453 0.633
31 43 2.525 0.341
31 44 1.353 1.056
31 45 0.912 0.991
31 46 1.074 1.084
31 47 2.537 0.46
31 48 0.888 1.368
31 49 1.284 1.344
32 33 1.788 0.126
32 34 1.139 1.115
32 35 1.006 1.407
32 36 1.113 1.121
32 37 1.004 1.13
32 38 1.203 1.362
32 39 1.824 0.255
32 40 1.104 1.014
32 41 1.011 1.25
32 42 1.037 1.258
32 43 1.258 0.991
32 44 1.258 1.256
32 45 0.904 1.195
32 46 1.089 1.384
32 47 0.93 1.227
32 48 1.349 1.132
32 49 1.238 1.035
33 34 1.2 0.98
33 35 1.225 0.98
33 36 1.237 1.239
33 37 1.304 1.274
33 38 1.193 1.219
33 39 1.795 0.367
33 40 1.344 1.299
33 41 0.97 1.413
33 42 1.267 1.067
33 43 1.091 1.43
33 44 0.926 1.112
33 45 0.92 1.457
33 46 1.348 0.979
33 47 1.012 1.192
33 48 0.975 1.008
33 49 0.928 1.083
34 35 1.157 1.331
34 36 2.957 0.637
34 37 1.011 1.031
34 38 1.206 1.303
34 39 1.077 1.366
34 40 1.066 0.963
34 41 3.384 0.918
34 42 0.999 1.261
34 43 1.27 1.293
34 44 0.937 1.238
34 45 1.08 1.132
34 46 0.927 1.127
34 47 1.011 1.225
34 48 1.042 1.414
34 49 3.357 0.627
35 36 0.994 1.0
35 37 1.352 1.424
35 38 1.157 0.986
35 39 1.029 1.008
35 40 1.254 1.133
35 41 1.236 1.391
35 42 1.062 1.053
35 43 1.212 1.342
35 44 1.007 1.196
35 45 1.084 1.44
35 46 1.19 1.354
35 47 0.913 1.102
35 48 2.146 0.445
35 49 0.982 1.246
36 37 1.066 1.335
36 38 1.297 1.026
36 39 1.293 1.182
36 40 1.127 1.135
36 41 3.039 0.728
36 42 1.102 1.291
36 43 1.136 1.037
36 44 1.144 1.323
36 45 1.039 1.135
36 46 0.997 1.416
36 47 1.274 1.366
36 48 1.095 1.182
36 49 3.082 0.518
37 38 1.332 1.093
37 39 1.06 1.21
37 40 1.144 1.437
37 41 0.914 1.038
37 42 2.311 0.663
37 43 2.42 0.77
37 44 1.145 1.077
37 45 0.884 1.448
37 46 1.31 1.431
37 47 2.553 0.664
37 48 0.903 1.203
37 49 1.167 1.262
38 39 0.986 1.212
38 40 2.472 0.363
38 41 1.06 1.097
38 42 0.959 1.431
38 43 0.92 1.116
38 44 1.141 1.074
38 45 2.572 0.459
38 46 2.361 0.756
38 47 1.0 1.221
38 48 1.332 1.072
38 49 0.889 1.014
39 40 1.177 1.008
39 41 1.272 1.451
39 42 1.149 1.357
39 43 0.905 0.988
39 44 1.337 0.984
39 45 1.011 1.341
39 46 0.877 1.208
39 47 1.345 1.359
39 48 0.969 1.09
39 49 0.867 1.12
40 41 1.179 1.003
40 42 1.258 0.997
40 43 0.896 1.142
40 44 1.06 1.126
40 45 2.604 0.693
40 46 2.591 0.74
40 47 0.96 1.173
40 48 1.066 1.156
40 49 1.04 1.377
41 42 1.193 1.326
41 43 1.153 1.349
41 44 1.143 1.374
41 45 1.168 1.423
41 46 1.1 1.221
41 47 1.157 1.271
41 48 1.093 0.981
41 49 3.311 0.546
42 43 2.517 0.809
42 44 1.115 1.03
42 45 0.94 1.223
42 46 1.35 1.378
42 47 2.598 0.647
42 48 1.006 1.062
42 49 1.325 1.202
43 44 0.879 1.028
43 45 1.052 1.044
43 46 1.073 1.207
43 47 2.461 0.716
43 48 1.203 1.224
43 49 1.028 1.137
44 45 1.273 1.158
44 46 1.249 1.384
44 47 1.259 1.102
44 48 1.167 1.136
44 49 1.199 1.031
45 46 2.385 0.406
45 47 1.106 1.368
45 48 1.124 1.088
45 49 1.085 1.341
46 47 0.93 1.157
46 48 1.145 1.149
46 49 1.027 1.118
47 48 0.923 1.112
47 49 1.311 1.163
48 49 0.982 1.398