50
99
0 1 95.085 66.793
0 2 67.627 61.393
0 3 18.558 47.255
0 4 20.199 53.973
0 5 93.924 7.832
0 6 1.091 91.986
0 7 58.365 60.610
0 8 99.958 20.307
0 9 29.796 49.239
0 10 99.526 78.651
0 11 38.748 41.017
0 12 54.845 56.032
0 13 26.429 13.613
0 14 3.001 31.001
0 15 51.586 97.861
0 16 28.964 31.359
0 17 99.475 73.649
0 18 75.519 57.123
0 19 24.275 25.988
0 20 23.535 37.823
0 21 39.523 11.211
0 22 58.031 82.736
0 23 57.014 63.131
0 24 58.364 74.296
0 25 30.102 43.612
0 26 56.604 97.532
0 27 63.758 76.108
0 28 81.586 61.517
0 29 26.126 26.283
0 30 20.238 81.245
0 31 5.692 14.201
0 32 81.290 63.536
0 33 77.033 72.698
0 34 88.207 99.243
0 35 9.334 78.508
0 36 63.504 96.247
0 37 20.877 70.865
0 38 83.069 94.646
0 39 2.812 36.787
0 40 40.055 49.238
0 41 84.147 0.934
0 42 12.349 62.784
0 43 77.923 60.490
0 44 90.552 69.134
0 45 65.206 74.380
0 46 66.460 51.729
0 47 76.719 47.528
0 48 71.934 2.160
0 49 89.099 2.040
1 2 21.326 73.069
1 3 58.452 20.184
1 4 99.277 38.340
1 5 28.654 75.296
1 6 77.620 97.949
1 7 39.612 72.769
1 8 66.580 62.278
1 9 26.272 7.126
1 10 43.215 0.721
1 11 68.104 29.954
1 12 9.505 61.069
1 13 50.225 66.310
1 14 70.414 43.973
1 15 3.707 42.570
1 16 66.872 6.468
1 17 28.414 74.615
1 18 24.782 84.865
1 19 16.220 99.763
1 20 83.252 39.973
1 21 71.615 98.442
1 22 66.037 2.894
1 23 23.059 61.455
1 24 18.697 9.780
1 25 51.870 19.865
1 26 0.631 90.524
1 27 73.802 55.562
1 28 22.601 52.359
1 29 5.651 95.896
1 30 43.214 81.053
1 31 42.162 74.194
1 32 62.967 64.688
1 33 12.558 63.849
1 34 8.199 58.471
1 35 58.756 29.374
1 36 20.687 23.795
1 37 99.982 3.885
1 38 75.705 2.092
1 39 46.659 18.284
1 40 81.754 89.280
1 41 69.682 10.500
1 42 90.319 27.585
1 43 8.462 35.125
1 44 12.021 73.026
1 45 25.396 35.095
1 46 18.395 41.052
1 47 35.065 12.351
1 48 62.100 80.681
1 49 39.011 6.245
2 3 90.624 55.840
2 4 3.442 90.882
2 5 78.265 3.655
2 6 98.750 53.366
2 7 30.960 40.550
2 8 65.611 94.270
2 9 2.773 11.484
2 10 61.248 71.855
2 11 50.459 80.837
2 12 50.896 45.907
2 13 46.616 10.151
2 14 10.534 61.979
2 15 25.171 88.760
2 16 59.301 0.576
2 17 75.155 52.500
2 18 24.184 67.117
2 19 82.430 99.667
2 20 48.280 67.626
2 21 94.564 77.627
2 22 25.727 96.651
2 23 54.455 55.459
2 24 5.985 80.745
2 25 10.812 52.928
2 26 48.178 45.982
2 27 13.150 9.403
2 28 98.463 59.890
2 29 1.379 43.496
2 30 93.283 79.561
2 31 6.999 48.885
2 32 49.295 72.250
2 33 79.327 62.327
2 34 81.904 16.246
2 35 62.909 83.908
2 36 93.510 58.629
2 37 14.675 53.854
2 38 6.594 95.109
2 39 64.529 71.167
2 40 96.549 23.117
2 41 12.533 79.609
2 42 37.232 66.833
2 43 24.242 85.415
2 44 31.907 0.502
2 45 91.220 36.386
2 46 1.619 69.563
2 47 4.549 24.329
2 48 2.012 58.233
2 49 32.867 23.499
3 4 86.036 84.615
3 5 11.307 99.263
3 6 97.549 54.055
3 7 7.131 77.250
3 8 41.157 49.894
3 9 78.692 69.391
3 10 71.867 24.566
3 11 34.367 84.499
3 12 15.418 99.903
3 13 53.639 89.731
3 14 94.154 12.485
3 15 18.476 47.016
3 16 40.236 3.905
3 17 84.019 72.779
3 18 90.437 38.760
3 19 94.732 57.676
3 20 81.038 3.706
3 21 4.080 71.066
3 22 87.474 71.144
3 23 37.697 11.336
3 24 49.544 78.820
3 25 99.225 17.428
3 26 20.852 57.238
3 27 21.938 14.993
3 28 74.665 20.500
3 29 2.854 90.756
3 30 63.991 54.046
3 31 25.059 82.868
3 32 39.602 37.176
3 33 60.110 33.334
3 34 94.553 84.958
3 35 90.624 35.357
3 36 28.472 28.153
3 37 40.653 98.528
3 38 60.897 12.482
3 39 70.707 25.708
3 40 45.019 32.697
3 41 4.005 78.091
3 42 3.792 22.286
3 43 59.136 73.362
3 44 2.200 66.998
3 45 57.703 56.975
3 46 31.979 74.108
3 47 33.143 0.095
3 48 18.731 17.726
3 49 26.029 18.872
4 5 87.578 13.694
4 6 96.376 96.300
4 7 78.503 63.593
4 8 19.670 14.437
4 9 75.043 87.137
4 10 73.239 3.815
4 11 26.544 75.359
4 12 32.370 38.866
4 13 87.977 43.169
4 14 38.698 64.265
4 15 77.934 86.972
4 16 1.801 29.903
4 17 16.540 55.017
4 18 81.833 10.672
4 19 94.095 35.300
4 20 88.215 66.100
4 21 45.485 97.189
4 22 14.818 76.669
4 23 8.458 51.158
4 24 20.562 6.881
4 25 26.664 5.205
4 26 94.112 56.322
4 27 7.600 20.837
4 28 59.561 55.737
4 29 29.462 73.350
4 30 11.384 23.589
4 31 65.919 82.534
4 32 21.724 77.619
4 33 43.838 83.758
4 34 68.154 3.622
4 35 85.225 85.749
4 36 15.703 0.781
4 37 68.909 0.697
4 38 58.000 3.505
4 39 82.546 31.463
4 40 5.243 64.001
4 41 22.402 28.165
4 42 55.750 35.932
4 43 49.295 52.445
4 44 0.526 95.911
4 45 38.664 35.947
4 46 94.262 27.019
4 47 77.183 94.658
4 48 25.849 44.871
4 49 48.777 91.521
5 6 83.943 39.451
5 7 32.609 14.815
5 8 16.875 21.045
5 9 82.885 82.125
5 10 36.871 66.972
5 11 59.133 85.705
5 12 80.947 64.943
5 13 38.619 18.254
5 14 29.709 81.556
5 15 78.171 87.720
5 16 53.297 34.847
5 17 90.479 73.053
5 18 68.010 14.457
5 19 23.082 69.637
5 20 74.506 28.684
5 21 8.005 14.199
5 22 53.783 8.957
5 23 35.845 74.156
5 24 68.811 83.744
5 25 24.475 72.277
5 26 39.002 66.960
5 27 39.618 31.955
5 28 51.432 11.706
5 29 12.588 7.325
5 30 23.468 60.978
5 31 44.771 22.243
5 32 61.012 28.523
5 33 52.245 70.096
5 34 50.422 59.344
5 35 35.819 12.995
5 36 30.261 38.885
5 37 50.257 43.653
5 38 45.324 27.012
5 39 72.492 70.937
5 40 32.942 63.358
5 41 42.640 10.925
5 42 17.501 99.944
5 43 66.177 55.877
5 44 20.929 5.209
5 45 96.261 13.066
5 46 24.150 61.433
5 47 77.300 36.582
5 48 1.004 57.922
5 49 2.741 23.144
6 7 88.249 78.603
6 8 11.170 50.795
6 9 47.751 72.902
6 10 45.960 9.194
6 11 15.060 87.285
6 12 23.527 12.804
6 13 4.618 17.833
6 14 65.095 98.211
6 15 68.552 74.538
6 16 99.051 74.039
6 17 53.972 29.111
6 18 22.550 42.138
6 19 53.277 98.561
6 20 87.510 53.168
6 21 64.615 48.321
6 22 38.247 56.614
6 23 42.358 76.030
6 24 41.487 60.798
6 25 66.451 2.354
6 26 33.490 44.431
6 27 52.906 26.188
6 28 27.318 66.989
6 29 23.659 95.459
6 30 41.306 21.715
6 31 78.558 96.013
6 32 15.089 6.809
6 33 4.823 38.748
6 34 72.159 71.184
6 35 78.929 12.896
6 36 84.992 40.159
6 37 50.494 43.361
6 38 50.185 10.258
6 39 16.916 90.710
6 40 10.299 21.261
6 41 52.547 35.909
6 42 0.304 99.744
6 43 38.016 79.708
6 44 77.561 34.968
6 45 27.959 98.182
6 46 67.075 56.190
6 47 97.079 33.044
6 48 38.336 7.421
6 49 79.584 59.830
7 8 90.040 49.364
7 9 31.826 10.287
7 10 71.131 78.396
7 11 87.801 60.705
7 12 76.630 25.456
7 13 41.035 33.550
7 14 35.675 60.809
7 15 99.624 43.762
7 16 62.857 65.238
7 17 30.703 89.957
7 18 13.879 63.920
7 19 96.626 16.136
7 20 90.944 78.610
7 21 70.569 14.769
7 22 32.170 56.431
7 23 30.925 44.240
7 24 13.919 25.531
7 25 30.666 12.049
7 26 17.626 30.736
7 27 77.164 25.216
7 28 97.622 45.592
7 29 81.978 50.236
7 30 92.263 50.997
7 31 78.464 2.457
7 32 58.727 83.184
7 33 89.111 35.207
7 34 81.657 72.534
7 35 47.260 97.621
7 36 83.461 44.579
7 37 62.523 51.049
7 38 75.351 42.880
7 39 11.782 22.994
7 40 67.689 19.997
7 41 3.827 65.906
7 42 40.271 22.754
7 43 15.815 74.494
7 44 85.298 5.291
7 45 37.711 73.978
7 46 52.143 99.366
7 47 22.678 21.295
7 48 15.476 85.212
7 49 70.078 56.576
8 9 27.759 0.183
8 10 99.089 0.650
8 11 25.674 40.745
8 12 92.615 53.054
8 13 91.457 93.549
8 14 49.960 37.128
8 15 48.178 58.939
8 16 59.105 96.708
8 17 92.292 68.576
8 18 34.173 32.548
8 19 42.346 69.852
8 20 9.917 38.473
8 21 85.381 37.518
8 22 49.594 5.384
8 23 6.157 14.996
8 24 33.731 69.508
8 25 20.275 24.722
8 26 81.830 23.197
8 27 70.694 82.328
8 28 72.482 46.629
8 29 51.652 39.926
8 30 14.501 52.159
8 31 98.261 56.270
8 32 40.851 60.191
8 33 66.049 41.815
8 34 41.755 62.424
8 35 91.628 46.655
8 36 37.744 48.101
8 37 14.434 93.919
8 38 92.668 51.584
8 39 37.573 82.550
8 40 37.402 89.203
8 41 89.561 37.005
8 42 80.353 31.678
8 43 69.965 18.698
8 44 1.084 39.386
8 45 97.567 42.404
8 46 61.908 97.978
8 47 64.940 58.051
8 48 32.250 12.550
8 49 74.793 3.180
9 10 74.419 44.388
9 11 59.330 82.443
9 12 87.663 44.663
9 13 60.338 45.376
9 14 63.340 18.632
9 15 74.690 36.510
9 16 22.609 25.890
9 17 82.261 94.866
9 18 48.245 6.482
9 19 13.701 18.914
9 20 48.174 82.824
9 21 74.656 59.907
9 22 3.590 20.279
9 23 18.843 34.724
9 24 73.446 13.830
9 25 11.740 52.820
9 26 54.071 12.948
9 27 58.267 41.059
9 28 54.550 97.297
9 29 96.747 6.441
9 30 43.508 93.612
9 31 95.944 81.346
9 32 1.454 59.661
9 33 18.469 69.074
9 34 51.148 55.595
9 35 40.260 7.175
9 36 22.734 97.280
9 37 0.772 49.211
9 38 87.727 24.625
9 39 32.013 3.853
9 40 32.472 67.102
9 41 4.444 36.694
9 42 12.465 2.850
9 43 1.409 70.968
9 44 39.540 20.561
9 45 28.763 20.775
9 46 5.154 86.089
9 47 69.716 3.285
9 48 59.902 4.138
9 49 60.176 93.674
10 11 28.670 33.917
10 12 89.110 44.149
10 13 76.511 17.463
10 14 24.043 9.974
10 15 28.844 89.062
10 16 67.248 67.619
10 17 88.884 97.797
10 18 11.763 32.204
10 19 47.225 74.888
10 20 18.676 30.106
10 21 58.040 60.078
10 22 37.769 67.933
10 23 88.303 5.425
10 24 54.226 22.809
10 25 79.418 80.512
10 26 69.198 31.411
10 27 22.210 27.383
10 28 11.938 80.938
10 29 54.793 52.767
10 30 59.657 69.744
10 31 56.104 50.810
10 32 61.577 10.865
10 33 41.955 34.604
10 34 2.240 99.916
10 35 93.941 29.480
10 36 47.516 11.744
10 37 41.151 9.905
10 38 56.600 21.655
10 39 80.418 70.602
10 40 74.160 84.811
10 41 69.012 17.802
10 42 12.326 86.295
10 43 40.392 47.555
10 44 21.943 69.832
10 45 12.887 1.030
10 46 70.985 3.751
10 47 64.910 52.201
10 48 33.504 66.750
10 49 43.274 16.849
11 12 87.807 6.842
11 13 91.465 59.648
11 14 16.516 4.819
11 15 86.770 22.721
11 16 29.707 1.866
11 17 41.587 87.345
11 18 75.517 3.225
11 19 79.256 8.030
11 20 46.834 70.688
11 21 3.120 55.566
11 22 10.302 51.506
11 23 37.650 47.570
11 24 97.512 19.472
11 25 64.968 89.678
11 26 20.819 38.134
11 27 84.612 93.601
11 28 89.437 15.654
11 29 73.020 46.285
11 30 7.139 20.854
11 31 15.752 85.972
11 32 54.893 42.766
11 33 62.661 69.283
11 34 91.340 4.890
11 35 37.351 18.499
11 36 73.065 99.300
11 37 48.923 87.365
11 38 44.873 2.325
11 39 17.577 29.942
11 40 6.852 97.493
11 41 18.215 86.221
11 42 94.031 60.721
11 43 47.159 77.994
11 44 33.201 15.975
11 45 38.513 66.163
11 46 33.239 59.696
11 47 22.197 4.541
11 48 31.840 23.604
11 49 7.910 0.054
12 13 27.308 25.516
12 14 93.546 41.991
12 15 22.239 26.608
12 16 73.236 1.870
12 17 87.516 76.100
12 18 32.734 91.193
12 19 61.612 90.609
12 20 82.977 18.468
12 21 47.301 13.953
12 22 36.889 47.805
12 23 68.622 54.865
12 24 54.971 51.866
12 25 42.536 67.401
12 26 96.905 43.097
12 27 21.700 8.766
12 28 41.512 24.828
12 29 53.824 19.481
12 30 80.234 31.563
12 31 38.313 9.880
12 32 11.295 33.155
12 33 44.610 97.192
12 34 28.561 65.277
12 35 94.441 92.757
12 36 33.660 21.442
12 37 92.728 98.540
12 38 84.937 86.641
12 39 9.731 13.525
12 40 50.296 47.549
12 41 71.318 63.475
12 42 10.512 52.392
12 43 7.680 25.523
12 44 99.973 8.698
12 45 35.962 6.322
12 46 69.172 53.117
12 47 27.373 50.688
12 48 77.696 37.800
12 49 68.541 39.329
13 14 26.478 11.261
13 15 77.331 43.684
13 16 84.330 92.694
13 17 37.617 68.501
13 18 18.482 5.881
13 19 72.119 9.115
13 20 54.731 79.302
13 21 49.540 42.871
13 22 40.185 91.151
13 23 29.374 46.367
13 24 78.472 75.754
13 25 4.312 67.044
13 26 65.723 32.751
13 27 44.747 26.416
13 28 50.263 79.584
13 29 44.559 72.256
13 30 35.648 29.700
13 31 55.777 97.668
13 32 16.355 88.242
13 33 78.195 60.055
13 34 91.065 71.534
13 35 92.969 94.668
13 36 19.228 95.803
13 37 37.167 34.749
13 38 40.638 86.795
13 39 88.675 3.115
13 40 18.309 70.011
13 41 13.572 77.818
13 42 96.040 54.333
13 43 82.715 70.472
13 44 23.288 73.789
13 45 15.439 79.737
13 46 84.692 33.093
13 47 77.460 50.599
13 48 39.339 66.088
13 49 81.193 63.276
14 15 31.546 89.484
14 16 19.146 77.863
14 17 88.868 54.939
14 18 19.459 8.017
14 19 3.134 24.149
14 20 18.562 95.061
14 21 85.891 86.571
14 22 5.820 34.998
14 23 29.892 55.052
14 24 97.022 20.337
14 25 29.057 65.315
14 26 37.468 14.803
14 27 31.701 49.093
14 28 80.843 3.539
14 29 5.226 33.187
14 30 67.427 90.789
14 31 37.827 9.329
14 32 37.489 89.430
14 33 27.928 90.866
14 34 38.209 17.546
14 35 75.199 49.906
14 36 11.307 46.834
14 37 68.970 58.073
14 38 60.162 72.002
14 39 79.764 89.233
14 40 43.438 85.736
14 41 47.580 3.105
14 42 72.691 73.748
14 43 51.129 45.438
14 44 47.008 17.090
14 45 19.222 16.194
14 46 21.530 61.230
14 47 91.235 81.819
14 48 24.981 11.403
14 49 0.143 21.732
15 16 38.310 67.231
15 17 83.978 47.556
15 18 85.397 47.345
15 19 84.793 94.624
15 20 90.997 4.122
15 21 3.995 32.307
15 22 6.220 31.298
15 23 7.394 59.789
15 24 89.434 96.041
15 25 93.511 79.584
15 26 98.783 31.883
15 27 12.688 9.542
15 28 46.459 73.718
15 29 21.752 33.140
15 30 48.142 14.075
15 31 64.518 80.200
15 32 59.181 37.422
15 33 99.907 3.152
15 34 91.075 81.516
15 35 72.675 82.064
15 36 51.305 87.820
15 37 45.404 58.031
15 38 38.863 21.570
15 39 36.162 34.083
15 40 63.626 59.769
15 41 68.043 11.174
15 42 90.858 70.164
15 43 96.521 58.072
15 44 29.290 28.538
15 45 46.300 79.366
15 46 82.348 63.751
15 47 27.936 65.826
15 48 23.870 2.679
15 49 49.654 27.955
16 17 97.009 47.319
16 18 82.960 85.362
16 19 55.808 13.408
16 20 99.516 84.607
16 21 30.099 81.098
16 22 85.047 90.426
16 23 90.530 34.882
16 24 45.294 44.825
16 25 25.759 84.074
16 26 13.866 72.002
16 27 68.816 33.090
16 28 28.540 33.405
16 29 69.886 69.797
16 30 15.168 68.324
16 31 8.714 13.455
16 32 92.290 76.950
16 33 60.566 40.002
16 34 89.617 47.625
16 35 70.602 56.878
16 36 34.115 35.248
16 37 88.626 21.935
16 38 27.340 99.318
16 39 16.841 91.483
16 40 57.253 56.332
16 41 57.208 45.727
16 42 64.531 86.930
16 43 49.072 94.942
16 44 79.063 11.852
16 45 46.667 72.315
16 46 87.116 8.121
16 47 62.318 10.775
16 48 45.633 2.830
16 49 76.163 5.842
17 18 56.551 8.315
17 19 92.348 23.695
17 20 86.721 27.494
17 21 63.780 75.446
17 22 43.301 80.732
17 23 65.768 3.835
17 24 92.231 58.099
17 25 42.474 48.159
17 26 39.936 29.211
17 27 67.314 42.889
17 28 2.071 67.791
17 29 93.709 14.816
17 30 52.878 37.422
17 31 7.984 12.481
17 32 58.165 47.537
17 33 46.085 44.169
17 34 91.562 69.841
17 35 13.135 77.173
17 36 58.984 95.529
17 37 34.995 51.040
17 38 86.616 81.171
17 39 91.823 93.581
17 40 57.865 65.696
17 41 75.326 9.742
17 42 9.644 7.571
17 43 35.714 30.614
17 44 84.474 71.588
17 45 75.740 57.290
17 46 92.262 36.721
17 47 48.660 60.189
17 48 9.606 70.970
17 49 13.893 60.683
18 19 89.994 6.575
18 20 74.801 36.212
18 21 24.182 45.945
18 22 50.589 12.255
18 23 25.330 26.337
18 24 88.073 34.529
18 25 92.329 10.557
18 26 79.786 90.517
18 27 83.123 28.006
18 28 7.290 30.736
18 29 88.445 39.845
18 30 12.694 69.735
18 31 17.061 61.383
18 32 45.022 9.100
18 33 5.377 2.820
18 34 3.149 41.645
18 35 83.249 50.161
18 36 35.546 60.010
18 37 42.331 21.214
18 38 79.857 52.542
18 39 84.771 92.744
18 40 45.774 65.212
18 41 47.881 76.501
18 42 70.420 65.068
18 43 74.362 81.706
18 44 17.726 97.677
18 45 11.498 28.787
18 46 12.078 95.184
18 47 75.464 59.222
18 48 28.324 99.788
18 49 82.886 37.258
19 20 46.025 38.027
19 21 44.055 33.855
19 22 59.213 27.642
19 23 17.614 15.085
19 24 21.527 85.930
19 25 7.804 88.722
19 26 77.270 89.798
19 27 80.356 54.594
19 28 93.912 21.944
19 29 13.495 60.336
19 30 4.424 67.647
19 31 91.499 95.788
19 32 87.259 10.418
19 33 15.982 33.127
19 34 72.136 62.715
19 35 13.914 57.051
19 36 74.293 87.296
19 37 37.837 2.603
19 38 31.879 36.821
19 39 85.215 88.400
19 40 94.895 24.943
19 41 51.875 77.746
19 42 50.007 66.961
19 43 73.408 3.466
19 44 34.251 96.021
19 45 46.728 94.498
19 46 83.670 80.613
19 47 86.286 47.015
19 48 55.674 1.928
19 49 45.452 7.176
20 21 5.052 1.440
20 22 60.370 47.261
20 23 53.589 72.884
20 24 84.492 45.925
20 25 63.467 15.737
20 26 53.198 42.575
20 27 58.230 56.990
20 28 79.634 36.342
20 29 51.948 34.115
20 30 67.512 27.689
20 31 66.205 14.074
20 32 17.689 59.773
20 33 9.276 41.526
20 34 7.114 55.536
20 35 4.214 43.129
20 36 81.949 38.524
20 37 32.935 61.947
20 38 49.530 43.491
20 39 35.506 20.279
20 40 37.388 84.841
20 41 99.807 33.748
20 42 45.895 75.592
20 43 51.718 28.604
20 44 15.459 39.563
20 45 72.821 75.862
20 46 68.523 19.069
20 47 50.741 72.659
20 48 78.455 94.471
20 49 48.990 1.752
21 22 88.045 61.399
21 23 44.583 81.569
21 24 52.227 53.001
21 25 17.176 15.762
21 26 67.780 48.714
21 27 68.275 85.128
21 28 82.584 52.351
21 29 56.287 81.940
21 30 42.802 97.128
21 31 47.490 92.897
21 32 93.703 65.153
21 33 54.913 2.389
21 34 99.286 63.290
21 35 72.631 92.756
21 36 76.059 0.560
21 37 45.116 39.580
21 38 26.246 88.336
21 39 33.888 46.544
21 40 53.003 54.315
21 41 2.053 94.891
21 42 95.383 37.748
21 43 1.640 84.957
21 44 38.415 3.492
21 45 83.185 2.439
21 46 14.962 78.817
21 47 64.813 16.561
21 48 97.854 0.382
21 49 32.991 51.486
22 23 64.683 65.963
22 24 37.360 24.237
22 25 22.633 65.022
22 26 9.470 39.032
22 27 56.629 88.370
22 28 22.776 11.845
22 29 61.066 59.802
22 30 42.246 92.584
22 31 83.754 53.490
22 32 59.212 10.615
22 33 14.868 96.654
22 34 32.168 97.338
22 35 94.588 14.573
22 36 86.729 30.417
22 37 62.417 66.089
22 38 23.406 58.572
22 39 75.925 73.171
22 40 33.139 58.823
22 41 42.063 93.242
22 42 52.097 52.958
22 43 95.314 12.528
22 44 16.376 84.224
22 45 59.643 44.104
22 46 27.764 9.380
22 47 25.815 41.415
22 48 20.095 98.743
22 49 48.226 47.554
23 24 4.192 92.484
23 25 70.463 88.088
23 26 6.250 11.471
23 27 18.429 49.154
23 28 28.422 96.795
23 29 22.972 95.546
23 30 42.686 29.877
23 31 24.184 1.374
23 32 81.937 45.499
23 33 51.274 67.100
23 34 17.593 71.639
23 35 13.229 46.799
23 36 78.551 77.236
23 37 67.803 10.124
23 38 26.446 10.381
23 39 75.094 51.820
23 40 65.538 54.614
23 41 39.196 42.567
23 42 87.337 34.803
23 43 80.625 30.986
23 44 86.610 20.989
23 45 79.969 31.448
23 46 20.456 78.951
23 47 51.936 66.080
23 48 56.166 71.688
23 49 43.198 43.379
24 25 55.337 72.556
24 26 87.525 72.291
24 27 55.265 30.963
24 28 15.569 56.280
24 29 79.671 2.310
24 30 72.185 59.118
24 31 70.016 15.839
24 32 83.124 2.889
24 33 53.442 50.515
24 34 29.626 23.174
24 35 51.819 86.667
24 36 96.955 38.835
24 37 76.618 63.775
24 38 55.353 79.321
24 39 33.323 43.330
24 40 54.060 93.045
24 41 10.596 19.606
24 42 90.707 2.967
24 43 80.206 69.776
24 44 38.980 57.729
24 45 33.405 53.275
24 46 35.329 36.361
24 47 90.820 82.161
24 48 44.989 67.692
24 49 92.053 7.460
25 26 59.525 64.540
25 27 1.066 30.439
25 28 80.869 4.208
25 29 98.125 7.866
25 30 37.589 40.718
25 31 74.838 33.948
25 32 89.514 49.705
25 33 29.660 12.464
25 34 82.418 99.469
25 35 42.519 60.659
25 36 80.481 7.117
25 37 71.719 41.240
25 38 89.208 32.690
25 39 6.326 18.986
25 40 61.961 72.587
25 41 73.425 55.408
25 42 52.738 24.867
25 43 9.493 13.511
25 44 75.536 72.015
25 45 23.087 19.852
25 46 65.839 54.328
25 47 30.358 25.229
25 48 82.067 70.991
25 49 50.521 84.487
26 27 23.469 92.826
26 28 57.467 27.546
26 29 47.132 78.681
26 30 76.578 3.714
26 31 90.652 7.884
26 32 26.117 96.950
26 33 19.974 70.711
26 34 35.504 86.055
26 35 16.720 85.278
26 36 37.359 30.734
26 37 42.813 0.063
26 38 80.498 0.109
26 39 32.486 57.355
26 40 38.579 66.317
26 41 89.107 18.710
26 42 22.863 33.578
26 43 30.343 81.750
26 44 44.407 65.411
26 45 90.040 96.009
26 46 65.149 21.275
26 47 70.883 32.222
26 48 2.712 25.046
26 49 14.357 87.473
27 28 83.313 47.897
27 29 25.532 56.936
27 30 81.550 2.317
27 31 7.139 6.990
27 32 35.185 43.515
27 33 69.980 63.600
27 34 62.199 92.616
27 35 58.607 5.822
27 36 38.218 35.532
27 37 52.215 85.871
27 38 37.176 76.087
27 39 31.531 4.498
27 40 23.051 80.261
27 41 76.828 48.219
27 42 8.380 88.386
27 43 6.938 12.588
27 44 52.990 73.748
27 45 45.344 4.330
27 46 97.859 38.966
27 47 0.699 36.776
27 48 84.432 3.685
27 49 94.934 76.231
28 29 70.911 62.209
28 30 51.476 6.927
28 31 59.742 58.500
28 32 0.609 31.515
28 33 13.217 93.895
28 34 36.032 89.072
28 35 65.912 26.111
28 36 29.447 42.719
28 37 21.525 45.943
28 38 20.282 80.924
28 39 73.047 87.312
28 40 32.765 32.235
28 41 99.156 19.447
28 42 80.166 97.441
28 43 28.537 32.427
28 44 45.383 21.834
28 45 90.824 57.203
28 46 78.583 36.618
28 47 26.725 96.432
28 48 82.459 90.308
28 49 45.244 24.441
29 30 63.387 51.364
29 31 72.047 18.200
29 32 13.861 6.290
29 33 73.108 64.057
29 34 35.491 92.574
29 35 69.534 3.503
29 36 9.951 49.758
29 37 64.587 2.365
29 38 95.749 15.517
29 39 41.181 88.995
29 40 62.267 67.540
29 41 48.039 27.940
29 42 83.129 85.425
29 43 81.120 74.140
29 44 79.922 22.529
29 45 57.816 78.838
29 46 10.673 18.157
29 47 86.515 79.877
29 48 60.578 30.652
29 49 82.957 69.546
30 31 68.890 53.393
30 32 71.806 91.222
30 33 67.842 36.768
30 34 7.127 64.927
30 35 5.008 67.659
30 36 7.157 69.924
30 37 20.196 48.252
30 38 77.067 54.379
30 39 51.702 14.864
30 40 24.605 15.860
30 41 69.009 16.828
30 42 0.662 5.603
30 43 39.433 46.601
30 44 68.287 61.479
30 45 16.480 80.816
30 46 82.926 64.950
30 47 38.603 25.304
30 48 79.914 80.047
30 49 63.428 11.155
31 32 4.438 79.718
31 33 14.629 53.192
31 34 17.948 62.117
31 35 78.397 42.802
31 36 77.468 61.029
31 37 12.634 45.952
31 38 53.198 81.483
31 39 13.629 19.848
31 40 61.949 20.778
31 41 45.390 22.543
31 42 64.389 33.953
31 43 39.675 17.974
31 44 16.062 70.428
31 45 95.027 74.024
31 46 73.980 0.701
31 47 29.183 87.354
31 48 95.510 67.534
31 49 13.432 91.600
32 33 59.941 85.554
32 34 21.785 68.598
32 35 28.459 24.708
32 36 39.623 0.522
32 37 25.959 32.029
32 38 48.917 64.689
32 39 99.993 60.451
32 40 85.387 3.418
32 41 30.397 1.265
32 42 76.716 89.713
32 43 68.394 47.509
32 44 92.163 65.262
32 45 87.633 97.071
32 46 90.072 94.360
32 47 5.872 63.397
32 48 22.799 23.356
32 49 94.488 39.096
33 34 93.163 94.249
33 35 17.199 54.129
33 36 34.663 40.604
33 37 7.911 79.481
33 38 42.100 31.683
33 39 5.442 72.757
33 40 21.682 18.285
33 41 34.524 62.183
33 42 24.155 67.687
33 43 99.348 17.660
33 44 66.413 17.093
33 45 20.079 14.405
33 46 85.215 78.001
33 47 59.691 36.237
33 48 18.119 75.382
33 49 43.069 71.791
34 35 47.203 45.184
34 36 73.998 11.213
34 37 49.759 73.082
34 38 6.727 16.438
34 39 14.300 88.294
34 40 65.917 30.282
34 41 15.207 43.147
34 42 94.253 50.467
34 43 69.209 55.560
34 44 31.792 13.897
34 45 99.343 81.076
34 46 24.214 33.506
34 47 23.860 91.461
34 48 9.165 39.691
34 49 4.835 82.671
35 36 83.629 72.070
35 37 86.566 85.048
35 38 21.008 73.018
35 39 67.905 4.893
35 40 32.016 1.769
35 41 52.620 91.869
35 42 75.673 96.798
35 43 87.662 91.563
35 44 16.895 59.326
35 45 40.255 90.027
35 46 37.809 72.880
35 47 61.867 50.659
35 48 31.298 45.949
35 49 92.567 83.430
36 37 47.079 25.047
36 38 36.745 88.679
36 39 43.734 8.827
36 40 46.568 77.369
36 41 39.746 77.943
36 42 54.775 39.209
36 43 29.366 62.708
36 44 77.484 53.911
36 45 76.791 1.028
36 46 1.976 80.574
36 47 41.320 37.338
36 48 22.988 88.175
36 49 74.529 69.740
37 38 85.449 1.192
37 39 40.839 29.851
37 40 26.022 68.676
37 41 42.722 79.325
37 42 89.108 51.217
37 43 11.394 26.255
37 44 58.552 1.090
37 45 98.686 51.030
37 46 26.854 11.971
37 47 50.762 57.971
37 48 41.546 46.011
37 49 48.324 55.146
38 39 40.636 26.755
38 40 49.561 32.394
38 41 71.334 68.308
38 42 96.556 9.574
38 43 8.225 61.877
38 44 54.669 1.733
38 45 72.167 84.688
38 46 37.428 75.206
38 47 27.976 44.546
38 48 48.530 11.174
38 49 40.333 5.790
39 40 11.318 6.982
39 41 79.548 45.599
39 42 93.443 60.214
39 43 80.432 99.205
39 44 39.284 31.409
39 45 33.925 51.236
39 46 38.229 15.102
39 47 35.949 9.980
39 48 58.998 73.613
39 49 3.748 30.432
40 41 11.962 94.790
40 42 30.019 70.436
40 43 27.803 53.502
40 44 84.709 48.162
40 45 81.239 20.932
40 46 60.848 1.566
40 47 19.349 77.773
40 48 18.924 71.495
40 49 55.474 20.099
41 42 74.389 23.752
41 43 96.539 4.495
41 44 67.034 37.743
41 45 12.674 35.815
41 46 98.049 69.889
41 47 24.546 56.854
41 48 29.265 34.689
41 49 57.127 86.244
42 43 92.663 28.875
42 44 99.858 1.339
42 45 25.572 3.517
42 46 44.989 88.491
42 47 58.826 50.086
42 48 86.880 2.679
42 49 41.177 54.836
43 44 67.850 33.654
43 45 86.592 15.035
43 46 8.623 11.821
43 47 59.112 90.583
43 48 89.434 87.042
43 49 61.324 49.808
44 45 93.022 56.532
44 46 39.372 1.135
44 47 88.615 28.553
44 48 81.360 67.081
44 49 2.037 27.511
45 46 8.367 14.091
45 47 69.852 36.851
45 48 32.895 34.942
45 49 88.465 84.553
46 47 12.913 25.473
46 48 35.777 6.328
46 49 14.931 60.207
47 48 52.442 90.488
47 49 12.305 75.744
48 49 85.775 11.621
