50
99.999
0 1 72.666 2.422
0 2 3.513 1.022
0 3 80.4 0.728
0 4 88.684 1.707
0 5 71.125 0.775
0 6 33.424 0.28
0 7 56.816 2.872
0 8 44.611 0.23
0 9 26.182 2.23
0 10 21.982 0.379
0 11 30.436 2.105
0 12 55.574 0.34
0 13 15.624 2.288
0 14 3.627 1.754
0 15 56.046 2.23
0 16 38.883 0.658
0 17 18.147 2.078
0 18 20.618 1.484
0 19 97.314 1.237
0 20 26.087 1.274
0 21 97.539 1.337
0 22 61.745 2.732
0 23 88.968 2.554
0 24 37.05 0.406
0 25 77.28 1.46
0 26 59.301 1.609
0 27 58.627 0.937
0 28 92.749 0.477
0 29 89.063 2.826
0 30 90.291 0.193
0 31 43.007 1.608
0 32 20.991 0.683
0 33 72.348 0.422
0 34 76.234 1.671
0 35 74.311 1.618
0 36 86.267 0.993
0 37 0.358 0.102
0 38 83.296 0.885
0 39 23.723 0.6
0 40 98.997 0.093
0 41 3.691 0.325
0 42 36.697 2.609
0 43 56.141 0.303
0 44 45.061 1.893
0 45 59.82 2.657
0 46 98.731 2.577
0 47 53.586 2.548
0 48 67.309 1.973
0 49 69.647 2.126
1 2 49.895 0.574
1 3 32.57 2.791
1 4 55.58 0.551
1 5 65.156 2.088
1 6 99.686 0.274
1 7 37.077 1.578
1 8 72.787 0.778
1 9 92.682 0.274
1 10 17.28 1.158
1 11 91.026 1.681
1 12 88.602 0.755
1 13 24.994 1.437
1 14 46.889 0.613
1 15 8.309 2.755
1 16 20.854 1.356
1 17 50.412 1.111
1 18 80.323 2.153
1 19 63.537 2.163
1 20 56.978 1.751
1 21 41.841 0.621
1 22 0.11 2.066
1 23 96.627 0.081
1 24 31.061 2.391
1 25 91.023 0.451
1 26 83.491 0.241
1 27 77.496 2.333
1 28 4.107 1.071
1 29 64.869 1.089
1 30 19.155 2.472
1 31 95.081 0.704
1 32 59.434 1.094
1 33 43.863 2.458
1 34 66.485 1.312
1 35 36.197 2.563
1 36 67.969 2.897
1 37 15.823 0.294
1 38 99.451 2.166
1 39 25.941 1.901
1 40 66.414 1.092
1 41 54.971 2.309
1 42 30.034 0.961
1 43 26.399 1.004
1 44 12.909 2.124
1 45 72.232 1.794
1 46 61.063 2.212
1 47 47.228 0.998
1 48 16.045 1.345
1 49 81.028 0.663
2 3 97.734 1.842
2 4 58.889 2.229
2 5 18.79 0.269
2 6 54.924 2.019
2 7 66.883 2.429
2 8 8.64 1.718
2 9 21.428 1.378
2 10 62.928 2.123
2 11 71.002 0.635
2 12 68.045 2.124
2 13 14.667 1.839
2 14 20.823 1.287
2 15 11.864 2.247
2 16 73.831 2.16
2 17 76.413 1.327
2 18 32.312 0.425
2 19 91.297 2.015
2 20 38.802 1.634
2 21 57.384 1.057
2 22 92.04 1.643
2 23 71.229 2.126
2 24 62.637 1.483
2 25 98.411 1.425
2 26 50.926 0.782
2 27 22.49 0.836
2 28 46.736 1.067
2 29 95.494 1.999
2 30 50.298 0.015
2 31 68.198 1.167
2 32 68.806 0.587
2 33 20.588 2.112
2 34 32.281 2.583
2 35 48.524 2.234
2 36 34.428 0.674
2 37 19.011 0.96
2 38 31.75 0.363
2 39 88.767 2.465
2 40 19.536 1.331
2 41 63.026 0.874
2 42 51.346 2.535
2 43 98.344 2.505
2 44 97.864 1.101
2 45 69.892 1.081
2 46 87.519 0.699
2 47 93.361 1.489
2 48 58.947 2.179
2 49 52.335 0.592
3 4 49.649 1.303
3 5 22.469 2.162
3 6 29.637 1.865
3 7 88.344 0.538
3 8 55.808 0.282
3 9 31.815 1.051
3 10 67.004 0.632
3 11 63.538 2.008
3 12 83.258 2.248
3 13 61.493 0.301
3 14 62.542 0.507
3 15 93.646 1.341
3 16 87.369 1.922
3 17 31.158 0.444
3 18 58.884 0.773
3 19 51.522 1.047
3 20 80.343 1.513
3 21 49.836 0.868
3 22 82.839 2.962
3 23 83.099 2.244
3 24 5.586 2.598
3 25 12.643 2.291
3 26 74.89 1.354
3 27 67.947 2.114
3 28 61.404 1.72
3 29 7.871 2.957
3 30 78.042 1.796
3 31 43.211 0.01
3 32 62.426 2.426
3 33 51.553 2.06
3 34 75.408 2.07
3 35 81.874 1.162
3 36 89.228 2.176
3 37 0.404 2.814
3 38 5.902 0.474
3 39 45.485 1.392
3 40 73.37 2.681
3 41 60.484 0.216
3 42 0.665 2.975
3 43 25.683 0.253
3 44 87.587 2.84
3 45 69.767 1.87
3 46 3.395 0.37
3 47 36.666 2.231
3 48 31.385 2.801
3 49 63.9 1.524
4 5 62.416 0.76
4 6 25.761 2.821
4 7 96.848 1.782
4 8 15.547 1.768
4 9 0.868 0.444
4 10 55.022 0.759
4 11 74.597 1.409
4 12 61.79 0.55
4 13 60.588 0.959
4 14 0.759 1.753
4 15 87.277 2.857
4 16 79.27 0.034
4 17 77.581 2.09
4 18 38.66 2.025
4 19 49.044 2.623
4 20 83.524 0.386
4 21 91.196 1.094
4 22 29.587 0.835
4 23 59.058 0.161
4 24 5.716 2.567
4 25 53.235 1.848
4 26 49.378 1.756
4 27 15.188 0.768
4 28 66.723 0.748
4 29 60.681 1.283
4 30 20.183 0.589
4 31 86.411 1.589
4 32 9.894 2.935
4 33 34.643 2.21
4 34 38.411 0.228
4 35 35.902 1.553
4 36 67.38 0.471
4 37 58.261 0.878
4 38 13.246 0.697
4 39 16.148 2.673
4 40 77.436 1.169
4 41 17.139 0.873
4 42 91.279 2.666
4 43 17.44 2.59
4 44 27.735 1.556
4 45 5.211 1.6
4 46 36.613 1.67
4 47 7.229 2.311
4 48 42.863 0.622
4 49 19.591 0.522
5 6 89.884 1.079
5 7 48.491 2.166
5 8 77.197 2.941
5 9 99.207 2.187
5 10 74.293 2.562
5 11 69.829 0.976
5 12 99.134 0.298
5 13 53.749 0.084
5 14 15.415 2.452
5 15 95.933 2.097
5 16 2.77 0.026
5 17 13.71 1.33
5 18 41.52 2.33
5 19 0.604 2.519
5 20 79.219 0.403
5 21 84.217 0.288
5 22 80.488 0.174
5 23 26.603 0.448
5 24 19.093 1.957
5 25 41.543 0.458
5 26 54.949 2.28
5 27 16.632 1.883
5 28 64.479 2.392
5 29 24.927 2.805
5 30 65.999 2.651
5 31 91.375 2.959
5 32 45.108 1.87
5 33 84.394 2.947
5 34 93.223 0.169
5 35 12.802 0.947
5 36 53.547 2.571
5 37 71.62 2.71
5 38 84.888 1.311
5 39 92.008 1.951
5 40 10.438 0.254
5 41 8.372 0.666
5 42 73.589 2.253
5 43 82.206 0.648
5 44 12.849 1.399
5 45 98.05 2.746
5 46 56.138 0.618
5 47 76.979 0.021
5 48 86.403 1.356
5 49 96.254 1.916
6 7 19.007 2.485
6 8 91.803 0.124
6 9 38.398 2.574
6 10 86.512 0.446
6 11 9.591 1.191
6 12 45.451 0.981
6 13 14.058 2.783
6 14 21.779 2.694
6 15 24.301 0.351
6 16 89.292 1.097
6 17 17.768 2.795
6 18 97.705 1.069
6 19 56.016 2.465
6 20 13.386 0.01
6 21 53.84 2.12
6 22 70.025 2.532
6 23 35.217 0.221
6 24 24.035 1.544
6 25 57.158 1.109
6 26 74.498 0.269
6 27 96.052 1.812
6 28 88.81 1.168
6 29 56.363 2.088
6 30 89.886 1.862
6 31 37.232 2.963
6 32 40.468 0.98
6 33 11.315 0.715
6 34 53.757 1.469
6 35 11.788 1.319
6 36 15.378 2.73
6 37 85.641 1.349
6 38 11.338 1.316
6 39 52.804 1.152
6 40 64.799 1.474
6 41 84.913 1.955
6 42 67.068 0.337
6 43 7.828 2.204
6 44 4.831 0.696
6 45 87.664 0.91
6 46 79.062 1.4
6 47 28.564 0.786
6 48 55.194 1.893
6 49 81.818 1.022
7 8 13.779 0.662
7 9 34.897 0.406
7 10 38.936 0.67
7 11 1.06 1.707
7 12 50.845 0.024
7 13 6.663 1.693
7 14 24.451 2.933
7 15 74.625 1.343
7 16 88.984 0.716
7 17 26.869 0.163
7 18 95.722 1.638
7 19 97.51 0.599
7 20 93.773 0.775
7 21 6.167 0.327
7 22 96.544 0.538
7 23 14.198 0.96
7 24 22.63 2.53
7 25 19.764 1.617
7 26 34.47 0.906
7 27 1.758 1.893
7 28 22.632 2.477
7 29 47.358 2.1
7 30 50.949 1.889
7 31 37.042 2.737
7 32 74.292 2.973
7 33 85.154 1.429
7 34 16.707 0.234
7 35 5.911 0.215
7 36 81.487 0.101
7 37 81.231 1.53
7 38 44.888 1.923
7 39 14.721 0.015
7 40 86.585 2.71
7 41 31.023 0.168
7 42 16.162 2.995
7 43 10.761 2.693
7 44 66.752 2.556
7 45 49.991 2.335
7 46 50.933 0.883
7 47 72.796 1.303
7 48 7.917 2.878
7 49 23.606 0.622
8 9 68.79 1.65
8 10 46.739 2.028
8 11 73.693 0.894
8 12 37.339 0.975
8 13 75.093 2.182
8 14 5.523 1.574
8 15 76.596 2.562
8 16 11.64 0.615
8 17 43.652 2.317
8 18 28.793 2.599
8 19 16.623 1.116
8 20 30.11 1.154
8 21 20.518 0.64
8 22 75.408 2.203
8 23 58.105 0.62
8 24 97.493 2.386
8 25 89.104 1.206
8 26 35.437 2.499
8 27 60.368 0.204
8 28 26.029 2.243
8 29 46.61 1.843
8 30 22.477 0.702
8 31 48.741 0.364
8 32 42.452 2.818
8 33 83.128 2.312
8 34 47.026 1.193
8 35 36.105 2.306
8 36 41.617 1.109
8 37 12.24 2.576
8 38 4.697 2.685
8 39 39.512 1.985
8 40 82.98 0.097
8 41 66.219 1.277
8 42 4.446 1.593
8 43 49.799 2.336
8 44 28.936 2.574
8 45 3.807 1.103
8 46 40.464 1.396
8 47 24.317 2.719
8 48 80.417 1.907
8 49 76.713 0.773
9 10 70.854 0.662
9 11 73.689 2.048
9 12 84.324 0.983
9 13 48.788 0.178
9 14 82.861 1.957
9 15 67.289 0.311
9 16 64.929 0.167
9 17 1.499 1.092
9 18 40.938 1.769
9 19 21.258 0.211
9 20 40.424 1.09
9 21 92.634 2.899
9 22 93.426 2.703
9 23 61.233 1.889
9 24 33.742 2.326
9 25 89.825 0.867
9 26 23.495 1.409
9 27 14.562 0.47
9 28 66.167 0.767
9 29 80.749 2.42
9 30 14.555 0.708
9 31 66.846 2.09
9 32 19.312 2.664
9 33 98.242 1.0
9 34 36.829 2.692
9 35 14.468 0.192
9 36 41.628 1.529
9 37 48.952 0.919
9 38 62.517 2.408
9 39 5.284 1.075
9 40 69.45 1.048
9 41 22.282 0.521
9 42 11.482 2.376
9 43 16.054 0.087
9 44 4.64 2.182
9 45 47.684 1.399
9 46 54.372 1.906
9 47 87.911 1.978
9 48 86.681 2.99
9 49 13.093 0.407
10 11 42.03 2.385
10 12 74.14 0.469
10 13 86.13 1.541
10 14 99.781 0.201
10 15 89.563 1.279
10 16 4.725 1.687
10 17 84.801 0.149
10 18 46.625 1.061
10 19 60.397 0.652
10 20 60.94 2.323
10 21 35.061 1.349
10 22 99.888 1.458
10 23 24.588 2.017
10 24 34.568 2.891
10 25 70.58 0.808
10 26 52.742 2.02
10 27 26.683 1.63
10 28 27.15 1.934
10 29 12.463 1.142
10 30 48.211 1.959
10 31 96.447 1.031
10 32 94.306 2.957
10 33 55.247 1.385
10 34 44.079 0.265
10 35 17.499 2.35
10 36 20.479 1.43
10 37 34.766 1.205
10 38 42.759 2.244
10 39 89.575 2.051
10 40 11.922 1.753
10 41 63.856 1.721
10 42 22.711 2.683
10 43 23.973 2.748
10 44 18.665 2.798
10 45 95.479 0.263
10 46 2.001 0.701
10 47 27.707 2.714
10 48 54.712 0.453
10 49 19.01 1.321
11 12 63.393 2.236
11 13 14.957 2.74
11 14 24.995 0.459
11 15 22.192 2.551
11 16 7.759 1.894
11 17 78.25 0.82
11 18 62.896 0.467
11 19 71.013 1.933
11 20 32.801 0.292
11 21 77.752 0.329
11 22 98.389 1.956
11 23 89.282 2.8
11 24 14.242 0.539
11 25 87.104 0.271
11 26 81.909 2.799
11 27 1.274 2.658
11 28 12.113 1.733
11 29 79.146 2.813
11 30 14.777 1.077
11 31 84.492 0.552
11 32 64.213 0.982
11 33 43.311 1.761
11 34 25.693 0.362
11 35 13.229 2.717
11 36 76.905 1.203
11 37 95.316 2.388
11 38 73.441 0.916
11 39 17.688 1.544
11 40 2.097 0.173
11 41 94.841 2.923
11 42 11.198 0.454
11 43 92.807 0.494
11 44 26.892 1.567
11 45 21.901 2.921
11 46 17.485 1.456
11 47 64.925 1.563
11 48 33.601 0.423
11 49 49.403 0.907
12 13 83.317 0.407
12 14 33.44 0.584
12 15 29.883 2.116
12 16 61.047 0.367
12 17 59.902 2.572
12 18 48.464 1.627
12 19 70.633 0.874
12 20 18.472 0.531
12 21 58.077 2.17
12 22 77.117 1.99
12 23 78.474 1.856
12 24 87.24 2.611
12 25 52.177 0.439
12 26 25.028 0.755
12 27 16.512 2.932
12 28 99.543 2.41
12 29 73.702 1.65
12 30 50.56 2.223
12 31 39.382 1.049
12 32 67.688 0.595
12 33 95.207 0.283
12 34 6.872 1.591
12 35 32.358 0.261
12 36 37.007 2.871
12 37 57.377 0.226
12 38 19.506 0.985
12 39 59.076 1.404
12 40 89.531 0.163
12 41 86.263 1.373
12 42 43.674 1.789
12 43 84.859 2.86
12 44 7.191 2.725
12 45 38.764 2.068
12 46 93.96 1.967
12 47 59.123 0.234
12 48 5.452 1.18
12 49 24.413 1.698
13 14 27.14 1.985
13 15 35.206 1.742
13 16 65.21 2.566
13 17 53.22 0.413
13 18 82.513 1.152
13 19 24.043 1.284
13 20 57.456 0.087
13 21 71.527 1.61
13 22 15.713 0.322
13 23 14.784 0.44
13 24 66.02 0.011
13 25 84.848 1.7
13 26 11.788 1.103
13 27 92.168 2.195
13 28 77.378 2.472
13 29 12.452 2.614
13 30 54.036 1.096
13 31 66.201 1.647
13 32 24.418 0.589
13 33 21.759 2.966
13 34 32.153 1.266
13 35 40.661 0.536
13 36 86.249 1.976
13 37 94.045 1.095
13 38 87.836 1.761
13 39 85.733 1.825
13 40 78.087 2.237
13 41 99.452 1.161
13 42 34.022 0.303
13 43 57.686 2.0
13 44 78.324 2.392
13 45 63.762 0.035
13 46 66.335 0.511
13 47 55.764 1.768
13 48 69.383 2.944
13 49 36.719 0.086
14 15 84.991 2.629
14 16 49.599 1.948
14 17 65.864 0.189
14 18 99.162 0.131
14 19 23.073 2.491
14 20 75.654 2.036
14 21 53.431 1.823
14 22 79.437 1.611
14 23 3.398 1.731
14 24 49.708 1.747
14 25 64.493 1.635
14 26 76.616 0.728
14 27 84.781 0.773
14 28 34.332 1.037
14 29 82.797 0.139
14 30 39.437 2.964
14 31 85.11 1.302
14 32 33.506 1.284
14 33 26.625 2.728
14 34 57.976 0.807
14 35 45.73 2.457
14 36 13.756 0.419
14 37 30.14 1.661
14 38 84.303 1.322
14 39 44.379 2.514
14 40 37.65 0.228
14 41 27.849 0.611
14 42 91.913 0.294
14 43 63.629 2.991
14 44 44.34 1.458
14 45 93.88 2.312
14 46 52.935 0.083
14 47 45.68 1.763
14 48 57.614 1.0
14 49 92.078 2.834
15 16 92.291 1.272
15 17 33.044 0.378
15 18 0.046 0.531
15 19 77.82 0.368
15 20 44.805 2.04
15 21 27.653 2.726
15 22 71.75 0.156
15 23 86.859 0.887
15 24 19.543 2.962
15 25 37.404 1.189
15 26 85.322 2.651
15 27 98.848 2.736
15 28 60.482 2.688
15 29 20.452 0.106
15 30 13.143 0.061
15 31 86.751 0.462
15 32 47.072 2.557
15 33 60.509 1.454
15 34 66.75 1.229
15 35 66.668 1.161
15 36 74.805 2.874
15 37 24.285 1.183
15 38 58.377 0.871
15 39 46.62 0.93
15 40 99.726 0.14
15 41 8.387 0.66
15 42 69.294 2.379
15 43 74.777 2.046
15 44 99.07 1.608
15 45 38.143 0.302
15 46 9.061 0.12
15 47 17.707 0.071
15 48 18.059 0.952
15 49 99.256 0.275
16 17 76.309 2.497
16 18 90.064 0.056
16 19 12.591 1.458
16 20 90.961 2.508
16 21 81.258 0.732
16 22 11.713 0.109
16 23 31.925 0.77
16 24 45.588 2.028
16 25 68.283 2.061
16 26 65.155 2.676
16 27 55.768 0.885
16 28 22.322 2.01
16 29 2.27 0.309
16 30 36.0 1.204
16 31 37.264 2.495
16 32 6.044 1.976
16 33 82.748 0.431
16 34 10.088 0.422
16 35 99.251 1.653
16 36 55.312 0.627
16 37 93.673 2.439
16 38 0.822 0.755
16 39 60.615 0.227
16 40 22.269 1.283
16 41 45.774 1.819
16 42 56.033 0.371
16 43 0.215 0.082
16 44 54.52 0.54
16 45 64.831 1.505
16 46 82.456 2.221
16 47 14.196 1.555
16 48 0.545 1.006
16 49 85.487 1.289
17 18 48.634 2.885
17 19 7.08 1.378
17 20 75.49 1.545
17 21 76.87 2.348
17 22 20.364 0.126
17 23 72.285 2.337
17 24 23.629 2.267
17 25 31.009 0.126
17 26 52.134 0.803
17 27 65.71 1.248
17 28 18.508 1.438
17 29 58.146 1.799
17 30 54.254 0.939
17 31 46.665 1.386
17 32 43.834 1.809
17 33 58.772 2.584
17 34 77.461 0.236
17 35 77.215 0.295
17 36 29.363 1.451
17 37 47.847 1.056
17 38 38.351 2.202
17 39 70.338 0.815
17 40 51.318 0.991
17 41 84.084 0.974
17 42 90.168 1.009
17 43 58.202 0.226
17 44 20.769 1.173
17 45 0.293 0.964
17 46 34.088 2.996
17 47 17.554 0.638
17 48 39.511 2.112
17 49 6.911 0.922
18 19 68.78 2.897
18 20 16.439 1.972
18 21 0.89 2.268
18 22 72.921 2.155
18 23 54.138 2.94
18 24 20.949 0.724
18 25 88.206 2.807
18 26 11.716 0.324
18 27 95.437 2.017
18 28 1.922 0.492
18 29 53.568 1.08
18 30 21.587 1.541
18 31 4.962 0.22
18 32 29.13 1.305
18 33 79.949 0.676
18 34 80.266 1.369
18 35 70.547 2.214
18 36 32.758 1.928
18 37 47.921 2.895
18 38 5.909 2.01
18 39 23.205 0.52
18 40 21.131 1.439
18 41 85.615 2.725
18 42 16.689 1.621
18 43 52.896 0.897
18 44 44.796 1.073
18 45 23.292 0.272
18 46 67.076 2.772
18 47 7.028 2.59
18 48 99.892 1.29
18 49 45.265 0.178
19 20 26.871 0.954
19 21 70.372 0.568
19 22 42.36 0.173
19 23 48.56 1.303
19 24 27.725 1.65
19 25 7.288 0.599
19 26 11.082 0.383
19 27 98.656 0.861
19 28 95.631 0.828
19 29 83.223 2.628
19 30 17.716 0.471
19 31 58.073 2.963
19 32 75.732 1.133
19 33 52.181 0.439
19 34 76.2 2.303
19 35 82.543 2.771
19 36 37.559 0.546
19 37 22.92 0.777
19 38 12.678 0.164
19 39 35.26 1.746
19 40 91.205 0.487
19 41 18.304 0.774
19 42 51.56 2.299
19 43 34.584 1.372
19 44 16.986 2.22
19 45 13.173 1.808
19 46 74.263 2.808
19 47 97.189 0.957
19 48 42.782 1.405
19 49 50.415 0.787
20 21 92.104 1.454
20 22 89.119 1.138
20 23 78.9 2.517
20 24 88.242 2.215
20 25 76.122 2.035
20 26 1.63 0.265
20 27 14.757 2.788
20 28 5.703 0.085
20 29 28.167 0.221
20 30 46.23 2.16
20 31 96.197 1.182
20 32 27.052 1.894
20 33 68.518 1.021
20 34 39.453 1.408
20 35 8.911 1.768
20 36 42.463 0.083
20 37 50.083 1.032
20 38 95.459 1.627
20 39 51.968 1.131
20 40 95.68 0.08
20 41 71.991 0.548
20 42 12.746 0.079
20 43 89.048 0.21
20 44 87.92 0.783
20 45 27.793 0.339
20 46 40.747 2.548
20 47 91.427 1.427
20 48 73.105 0.653
20 49 55.841 1.649
21 22 43.138 2.28
21 23 88.433 0.152
21 24 54.675 2.865
21 25 56.253 1.864
21 26 87.969 1.148
21 27 70.626 0.951
21 28 90.823 2.784
21 29 72.054 0.015
21 30 34.244 1.854
21 31 72.37 1.014
21 32 5.834 0.24
21 33 83.062 2.21
21 34 77.069 1.368
21 35 88.148 1.721
21 36 73.046 2.75
21 37 58.903 2.249
21 38 17.469 0.796
21 39 57.99 1.362
21 40 95.007 2.401
21 41 8.463 2.846
21 42 98.39 0.64
21 43 35.606 2.602
21 44 30.216 2.141
21 45 3.721 2.78
21 46 44.887 0.665
21 47 68.331 1.231
21 48 9.704 1.173
21 49 7.204 2.111
22 23 89.283 0.009
22 24 87.24 1.394
22 25 71.616 2.312
22 26 64.049 0.034
22 27 59.598 0.534
22 28 50.649 0.106
22 29 40.957 1.048
22 30 4.109 2.197
22 31 65.862 1.777
22 32 87.263 2.43
22 33 16.856 1.584
22 34 86.849 2.202
22 35 98.686 2.051
22 36 99.921 2.922
22 37 93.745 2.955
22 38 62.978 1.216
22 39 43.269 0.209
22 40 4.841 0.763
22 41 59.333 0.435
22 42 38.627 1.008
22 43 11.588 0.333
22 44 60.616 2.413
22 45 21.648 0.476
22 46 86.307 0.398
22 47 98.908 1.1
22 48 89.132 0.334
22 49 77.895 1.605
23 24 7.47 2.315
23 25 3.31 1.255
23 26 54.815 2.998
23 27 12.914 1.558
23 28 36.785 0.805
23 29 93.472 2.981
23 30 43.736 1.095
23 31 81.656 0.467
23 32 9.701 0.713
23 33 13.142 2.843
23 34 18.23 0.803
23 35 20.425 2.546
23 36 52.054 1.666
23 37 78.862 2.427
23 38 30.984 0.399
23 39 35.39 0.722
23 40 50.15 0.959
23 41 51.367 1.902
23 42 4.572 0.261
23 43 20.337 1.839
23 44 90.977 0.166
23 45 46.758 1.822
23 46 9.008 2.05
23 47 37.739 2.462
23 48 1.309 1.157
23 49 61.042 0.158
24 25 99.205 1.663
24 26 12.091 2.492
24 27 96.91 1.058
24 28 24.603 1.317
24 29 66.094 1.505
24 30 6.404 0.407
24 31 87.704 0.582
24 32 88.239 1.016
24 33 17.911 0.926
24 34 71.288 1.333
24 35 54.739 2.02
24 36 8.507 0.203
24 37 97.477 1.633
24 38 8.053 1.38
24 39 98.359 2.592
24 40 31.959 2.108
24 41 99.814 0.667
24 42 77.296 2.015
24 43 53.295 2.088
24 44 95.912 0.711
24 45 36.318 0.743
24 46 16.238 2.186
24 47 88.863 1.76
24 48 76.507 2.116
24 49 35.635 0.802
25 26 60.913 1.567
25 27 12.907 1.121
25 28 32.593 2.283
25 29 59.225 0.391
25 30 29.097 1.343
25 31 99.937 0.81
25 32 4.461 2.923
25 33 56.84 2.934
25 34 86.833 1.352
25 35 81.566 0.665
25 36 27.667 0.127
25 37 72.192 0.191
25 38 64.681 2.467
25 39 21.505 1.443
25 40 57.399 0.7
25 41 79.256 0.343
25 42 81.867 2.159
25 43 81.781 2.471
25 44 74.994 0.662
25 45 19.979 0.717
25 46 95.535 1.817
25 47 42.593 2.622
25 48 13.564 1.476
25 49 76.415 0.72
26 27 81.831 1.806
26 28 67.981 0.565
26 29 67.707 0.154
26 30 27.407 2.758
26 31 50.554 2.206
26 32 4.784 1.787
26 33 32.352 0.0
26 34 25.475 0.501
26 35 31.871 0.424
26 36 21.587 2.574
26 37 13.545 0.713
26 38 5.485 2.79
26 39 87.521 0.938
26 40 31.085 2.916
26 41 27.217 0.217
26 42 96.372 2.288
26 43 18.181 0.28
26 44 12.703 1.234
26 45 41.345 0.457
26 46 95.381 2.032
26 47 30.237 0.706
26 48 28.576 2.132
26 49 53.351 0.329
27 28 1.128 1.321
27 29 60.763 2.718
27 30 76.763 2.144
27 31 63.118 1.394
27 32 70.574 2.627
27 33 41.517 0.567
27 34 34.088 1.265
27 35 57.699 0.056
27 36 42.617 0.391
27 37 87.759 2.747
27 38 58.086 2.561
27 39 33.694 1.535
27 40 94.592 2.455
27 41 88.856 0.312
27 42 92.634 0.748
27 43 16.269 1.496
27 44 14.212 2.342
27 45 25.149 1.321
27 46 0.365 2.501
27 47 45.74 0.887
27 48 97.066 2.531
27 49 84.955 2.068
28 29 55.264 0.862
28 30 45.286 0.875
28 31 15.756 0.37
28 32 29.752 1.135
28 33 68.641 2.488
28 34 34.235 0.632
28 35 37.545 0.631
28 36 32.639 1.563
28 37 91.604 0.828
28 38 75.959 0.563
28 39 0.965 1.398
28 40 39.876 1.544
28 41 58.434 0.703
28 42 50.52 1.879
28 43 37.055 0.118
28 44 37.944 0.161
28 45 89.271 2.767
28 46 50.821 0.143
28 47 33.723 0.734
28 48 33.608 0.468
28 49 47.821 0.246
29 30 38.305 0.183
29 31 84.312 0.534
29 32 73.844 0.758
29 33 25.263 0.372
29 34 59.446 1.501
29 35 77.693 2.541
29 36 77.899 2.006
29 37 74.15 2.993
29 38 49.468 1.858
29 39 31.576 0.965
29 40 51.338 1.342
29 41 59.879 0.426
29 42 23.697 1.352
29 43 84.453 2.3
29 44 79.463 0.672
29 45 50.264 1.005
29 46 54.577 0.809
29 47 59.295 1.068
29 48 75.583 2.594
29 49 2.375 2.446
30 31 68.209 1.923
30 32 62.548 0.665
30 33 48.481 0.34
30 34 29.119 0.386
30 35 77.507 1.801
30 36 40.662 0.999
30 37 10.201 0.235
30 38 83.897 1.82
30 39 63.652 2.636
30 40 56.884 2.156
30 41 74.942 1.517
30 42 28.662 1.677
30 43 78.457 1.713
30 44 12.452 1.355
30 45 64.172 0.825
30 46 70.533 2.498
30 47 80.218 0.443
30 48 63.139 2.164
30 49 33.158 0.766
31 32 50.402 0.501
31 33 35.552 2.485
31 34 17.083 0.949
31 35 92.105 1.251
31 36 84.024 2.171
31 37 0.537 0.151
31 38 15.227 0.61
31 39 15.995 1.023
31 40 39.147 1.488
31 41 78.914 1.015
31 42 19.321 2.042
31 43 79.674 2.067
31 44 40.851 1.425
31 45 74.467 0.441
31 46 14.566 0.875
31 47 80.25 2.668
31 48 90.231 0.2
31 49 43.591 2.181
32 33 33.017 2.26
32 34 17.1 1.698
32 35 72.212 0.904
32 36 74.947 2.734
32 37 67.37 0.4
32 38 96.698 2.093
32 39 36.988 0.095
32 40 30.621 0.912
32 41 39.617 2.689
32 42 88.911 2.872
32 43 59.24 2.519
32 44 91.082 2.42
32 45 11.786 2.687
32 46 74.97 0.579
32 47 76.226 1.776
32 48 88.562 2.057
32 49 92.038 1.035
33 34 36.336 0.991
33 35 55.404 2.642
33 36 74.507 0.544
33 37 53.265 1.065
33 38 20.432 1.756
33 39 59.681 0.142
33 40 85.932 2.641
33 41 15.59 1.228
33 42 40.513 1.01
33 43 35.933 0.802
33 44 78.029 0.825
33 45 64.712 0.043
33 46 23.883 1.594
33 47 83.138 2.699
33 48 36.201 2.749
33 49 54.376 0.205
34 35 8.157 2.985
34 36 6.756 0.998
34 37 52.633 1.706
34 38 88.133 1.186
34 39 43.133 1.76
34 40 60.569 1.258
34 41 65.499 1.209
34 42 4.726 2.637
34 43 2.597 0.573
34 44 90.37 1.659
34 45 59.67 1.058
34 46 8.354 0.532
34 47 47.324 2.356
34 48 52.192 0.679
34 49 66.948 1.012
35 36 4.873 1.932
35 37 83.927 2.803
35 38 82.739 1.276
35 39 71.474 0.183
35 40 99.375 1.661
35 41 67.387 2.272
35 42 90.186 2.295
35 43 41.034 0.097
35 44 73.318 2.626
35 45 21.123 0.196
35 46 21.007 1.56
35 47 12.632 2.606
35 48 56.111 1.141
35 49 5.531 1.71
36 37 33.263 2.846
36 38 22.828 2.373
36 39 38.582 2.512
36 40 78.883 1.11
36 41 93.549 2.489
36 42 50.817 2.885
36 43 79.658 2.072
36 44 84.798 1.758
36 45 50.527 0.545
36 46 80.813 1.456
36 47 22.359 0.679
36 48 21.508 1.546
36 49 30.807 0.372
37 38 63.538 1.51
37 39 79.926 2.096
37 40 12.918 1.459
37 41 18.202 0.308
37 42 80.955 2.049
37 43 38.194 0.803
37 44 21.771 2.892
37 45 29.906 1.461
37 46 52.619 2.539
37 47 52.049 0.712
37 48 31.597 2.24
37 49 3.395 0.089
38 39 50.953 1.505
38 40 23.408 1.069
38 41 35.642 1.553
38 42 54.716 0.605
38 43 39.113 0.667
38 44 60.452 0.106
38 45 97.421 2.903
38 46 61.11 0.648
38 47 90.556 2.93
38 48 95.068 0.166
38 49 2.279 0.516
39 40 1.376 0.439
39 41 65.179 2.79
39 42 15.79 0.03
39 43 30.514 2.291
39 44 10.894 1.384
39 45 27.304 1.386
39 46 6.282 2.998
39 47 98.586 2.114
39 48 22.489 0.752
39 49 9.441 2.52
40 41 96.323 1.475
40 42 20.118 2.297
40 43 73.19 2.53
40 44 88.985 2.309
40 45 3.548 2.235
40 46 7.676 0.831
40 47 35.406 0.379
40 48 8.48 0.999
40 49 57.232 2.81
41 42 80.992 1.896
41 43 24.946 1.723
41 44 75.456 2.344
41 45 37.696 2.715
41 46 18.762 2.194
41 47 18.872 2.893
41 48 76.971 1.288
41 49 25.439 1.983
42 43 60.862 0.263
42 44 55.787 2.001
42 45 46.192 1.086
42 46 99.406 1.108
42 47 7.084 0.477
42 48 63.735 0.864
42 49 56.518 2.814
43 44 69.373 0.881
43 45 25.386 2.06
43 46 29.72 1.194
43 47 58.802 1.75
43 48 57.801 0.286
43 49 61.649 0.521
44 45 8.118 0.011
44 46 65.826 1.976
44 47 47.304 0.117
44 48 66.54 1.357
44 49 79.265 0.877
45 46 17.031 1.008
45 47 9.121 2.283
45 48 84.914 2.286
45 49 16.663 0.246
46 47 29.606 1.311
46 48 11.319 1.751
46 49 41.393 1.407
47 48 44.919 2.332
47 49 98.382 2.458
48 49 99.258 0.085