50
93.991
0 1 1.045 0.944
0 2 1.609 0.344
0 3 1.882 1.335
0 4 1.121 1.46
0 5 0.372 0.188
0 6 1.864 1.571
0 7 2.776 2.437
0 8 1.114 0.866
0 9 1.022 0.679
0 10 2.781 2.288
0 11 0.067 1.196
0 12 1.932 1.535
0 13 0.775 0.46
0 14 1.787 1.253
0 15 1.961 0.129
0 16 2.156 1.919
0 17 2.171 1.691
0 18 0.328 1.135
0 19 0.243 0.637
0 20 1.19 2.631
0 21 0.046 2.141
0 22 0.505 2.729
0 23 0.54 0.421
0 24 0.25 1.674
0 25 0.268 1.305
0 26 0.647 0.039
0 27 1.562 0.791
0 28 2.369 0.501
0 29 2.006 0.962
0 30 2.256 1.323
0 31 1.091 0.922
0 32 1.343 2.289
0 33 1.693 1.862
0 34 0.687 2.776
0 35 1.236 1.392
0 36 1.969 1.715
0 37 0.968 0.207
0 38 0.62 0.501
0 39 0.92 0.495
0 40 0.678 1.648
0 41 2.591 0.96
0 42 0.17 0.011
0 43 1.976 0.656
0 44 1.754 2.4
0 45 2.308 1.832
0 46 0.964 1.305
0 47 1.059 0.768
0 48 2.102 0.277
0 49 1.523 0.817
1 2 1.077 0.754
1 3 2.401 1.659
1 4 0.646 2.231
1 5 0.97 0.853
1 6 0.32 0.433
1 7 0.239 0.1
1 8 2.547 2.785
1 9 2.7 1.281
1 10 1.615 1.452
1 11 2.598 1.892
1 12 2.61 0.35
1 13 0.384 1.294
1 14 0.904 1.396
1 15 1.652 2.45
1 16 2.313 0.29
1 17 0.743 2.742
1 18 2.392 1.128
1 19 2.194 1.426
1 20 1.6 2.572
1 21 2.143 0.789
1 22 1.071 2.504
1 23 2.299 1.47
1 24 1.754 2.301
1 25 2.017 0.595
1 26 1.988 0.007
1 27 0.751 0.052
1 28 0.917 2.215
1 29 1.83 2.805
1 30 0.098 1.561
1 31 0.567 1.543
1 32 0.844 1.048
1 33 2.073 0.65
1 34 2.186 2.24
1 35 2.396 0.551
1 36 2.523 1.054
1 37 2.228 1.046
1 38 1.911 1.788
1 39 0.783 2.015
1 40 1.775 0.331
1 41 1.184 1.776
1 42 0.79 2.728
1 43 1.082 2.199
1 44 2.34 0.083
1 45 1.912 2.675
1 46 0.261 2.705
1 47 0.145 1.007
1 48 0.426 1.514
1 49 2.274 1.495
2 3 1.232 1.96
2 4 0.782 1.334
2 5 2.53 0.081
2 6 2.007 0.196
2 7 1.688 0.505
2 8 1.755 0.336
2 9 2.082 2.284
2 10 2.08 2.563
2 11 1.123 0.005
2 12 0.802 2.321
2 13 0.221 1.292
2 14 0.481 1.183
2 15 1.9 0.291
2 16 2.684 2.568
2 17 0.634 2.618
2 18 1.178 2.318
2 19 1.095 0.347
2 20 1.055 1.065
2 21 0.861 0.195
2 22 1.769 0.311
2 23 2.686 0.798
2 24 0.527 0.633
2 25 0.088 2.135
2 26 1.915 2.321
2 27 0.601 1.472
2 28 0.008 1.326
2 29 0.496 0.795
2 30 2.437 1.83
2 31 0.378 1.345
2 32 1.374 0.034
2 33 2.808 1.644
2 34 0.206 1.415
2 35 2.167 1.167
2 36 2.025 1.368
2 37 0.965 0.651
2 38 0.18 1.215
2 39 0.614 1.291
2 40 0.969 0.194
2 41 0.721 1.863
2 42 0.606 0.194
2 43 2.72 0.305
2 44 0.393 1.979
2 45 0.157 0.592
2 46 1.287 1.042
2 47 0.312 1.567
2 48 2.759 1.655
2 49 0.136 2.164
3 4 1.519 2.523
3 5 2.336 0.061
3 6 2.138 2.059
3 7 0.251 1.149
3 8 0.512 2.163
3 9 2.242 0.615
3 10 2.252 2.288
3 11 0.161 2.581
3 12 2.568 1.716
3 13 1.461 2.045
3 14 0.046 1.478
3 15 0.711 2.448
3 16 0.046 2.097
3 17 0.483 1.229
3 18 2.578 0.404
3 19 2.576 1.866
3 20 2.611 2.017
3 21 0.429 1.139
3 22 1.204 2.413
3 23 0.43 1.227
3 24 2.35 2.599
3 25 0.794 0.998
3 26 1.268 0.357
3 27 1.385 1.198
3 28 0.806 1.314
3 29 1.669 0.477
3 30 1.972 2.424
3 31 0.558 1.517
3 32 2.088 1.528
3 33 0.585 2.087
3 34 2.59 1.043
3 35 1.184 2.438
3 36 0.277 1.136
3 37 0.424 0.696
3 38 0.009 2.23
3 39 2.572 1.058
3 40 0.851 2.157
3 41 0.865 0.775
3 42 2.241 0.469
3 43 1.051 2.702
3 44 1.675 0.837
3 45 0.38 2.036
3 46 1.783 2.18
3 47 0.46 2.744
3 48 1.105 2.013
3 49 0.385 2.029
4 5 0.409 2.203
4 6 1.305 2.323
4 7 0.575 0.815
4 8 1.843 2.585
4 9 1.294 2.004
4 10 1.469 2.805
4 11 2.024 2.727
4 12 2.791 1.011
4 13 1.801 2.493
4 14 0.042 1.793
4 15 0.839 1.582
4 16 1.968 1.422
4 17 2.386 2.454
4 18 0.38 0.425
4 19 1.952 0.235
4 20 2.099 0.592
4 21 1.896 0.782
4 22 2.436 0.443
4 23 1.946 1.255
4 24 2.787 1.578
4 25 2.266 1.04
4 26 1.295 1.943
4 27 2.023 0.659
4 28 1.45 0.143
4 29 0.27 0.007
4 30 2.141 1.495
4 31 2.678 1.701
4 32 1.163 1.194
4 33 0.426 1.103
4 34 1.673 2.46
4 35 0.528 2.69
4 36 2.091 2.796
4 37 1.895 1.059
4 38 0.945 2.116
4 39 1.596 1.604
4 40 0.37 1.43
4 41 0.519 0.214
4 42 1.151 0.339
4 43 2.391 2.303
4 44 1.306 1.328
4 45 1.959 1.651
4 46 1.988 1.635
4 47 0.465 0.78
4 48 0.533 0.572
4 49 1.748 0.253
5 6 2.358 1.204
5 7 2.467 2.398
5 8 2.065 1.421
5 9 2.109 1.584
5 10 1.705 0.098
5 11 1.979 2.075
5 12 1.149 2.09
5 13 1.982 1.481
5 14 1.179 0.927
5 15 0.086 0.383
5 16 1.072 1.218
5 17 1.771 1.226
5 18 1.084 0.772
5 19 1.354 1.462
5 20 1.333 2.788
5 21 0.542 2.755
5 22 0.687 1.2
5 23 0.997 0.307
5 24 1.667 0.526
5 25 1.022 0.946
5 26 2.662 0.863
5 27 1.772 1.321
5 28 1.14 2.817
5 29 0.52 1.419
5 30 0.968 0.737
5 31 1.63 2.102
5 32 0.003 1.526
5 33 2.502 1.857
5 34 2.472 1.303
5 35 1.075 2.413
5 36 1.604 2.725
5 37 1.58 1.081
5 38 0.026 0.676
5 39 0.492 1.537
5 40 1.391 0.435
5 41 0.957 0.338
5 42 1.658 0.447
5 43 0.716 1.095
5 44 2.003 0.574
5 45 0.83 0.75
5 46 1.061 2.706
5 47 1.451 2.467
5 48 1.754 0.538
5 49 0.978 2.574
6 7 0.614 2.773
6 8 0.685 0.688
6 9 1.979 1.446
6 10 1.431 1.955
6 11 0.768 0.031
6 12 1.117 2.201
6 13 1.578 0.192
6 14 2.533 2.586
6 15 0.661 2.335
6 16 0.971 0.882
6 17 2.05 0.172
6 18 0.67 0.138
6 19 2.479 2.353
6 20 0.529 1.288
6 21 1.35 1.603
6 22 2.745 1.006
6 23 0.437 0.349
6 24 0.668 0.174
6 25 0.958 1.966
6 26 1.205 1.908
6 27 1.981 0.441
6 28 2.774 2.511
6 29 0.277 2.522
6 30 1.201 1.116
6 31 2.379 0.508
6 32 0.645 1.483
6 33 0.934 1.272
6 34 1.52 1.316
6 35 1.143 1.234
6 36 0.208 1.784
6 37 1.589 2.603
6 38 0.376 2.702
6 39 0.966 0.96
6 40 1.5 0.088
6 41 0.866 0.538
6 42 2.374 2.451
6 43 1.875 0.515
6 44 2.433 2.338
6 45 1.08 1.505
6 46 1.662 0.969
6 47 0.574 1.972
6 48 0.707 2.041
6 49 0.453 0.941
7 8 1.318 0.59
7 9 1.627 2.712
7 10 0.122 1.595
7 11 2.336 2.588
7 12 1.755 2.358
7 13 2.087 2.116
7 14 2.217 2.64
7 15 1.789 2.124
7 16 2.278 2.546
7 17 0.701 1.573
7 18 1.294 1.589
7 19 1.161 2.226
7 20 2.507 0.306
7 21 0.043 0.523
7 22 1.845 0.902
7 23 1.969 1.772
7 24 1.04 2.315
7 25 0.696 0.089
7 26 1.109 2.805
7 27 1.347 0.306
7 28 0.841 0.79
7 29 0.263 1.098
7 30 2.165 2.076
7 31 0.339 1.128
7 32 0.956 0.873
7 33 2.619 2.319
7 34 2.509 0.735
7 35 2.456 0.669
7 36 0.793 0.367
7 37 0.92 0.492
7 38 1.976 0.746
7 39 0.967 0.695
7 40 0.115 1.803
7 41 1.763 0.487
7 42 2.386 1.63
7 43 0.429 0.55
7 44 2.348 1.076
7 45 0.121 2.798
7 46 2.666 2.615
7 47 1.564 1.806
7 48 1.472 1.806
7 49 2.701 2.783
8 9 0.975 0.447
8 10 1.266 0.607
8 11 0.543 1.832
8 12 1.676 0.906
8 13 2.478 0.433
8 14 1.402 2.365
8 15 1.967 1.094
8 16 0.327 2.554
8 17 1.894 1.901
8 18 2.63 0.828
8 19 1.907 2.784
8 20 0.383 2.233
8 21 1.307 2.542
8 22 0.751 2.705
8 23 0.201 0.689
8 24 1.655 0.544
8 25 2.105 1.717
8 26 2.56 1.155
8 27 0.603 2.342
8 28 1.707 0.279
8 29 1.222 1.826
8 30 0.158 2.633
8 31 0.215 0.531
8 32 2.752 0.177
8 33 1.753 1.733
8 34 0.348 1.436
8 35 2.742 2.706
8 36 0.608 1.251
8 37 1.013 0.811
8 38 0.024 1.699
8 39 1.434 0.186
8 40 0.243 0.698
8 41 0.881 2.544
8 42 1.138 1.378
8 43 1.25 1.28
8 44 1.821 1.069
8 45 0.388 1.432
8 46 0.576 1.337
8 47 2.066 2.14
8 48 0.547 1.524
8 49 0.397 0.51
9 10 1.094 2.472
9 11 1.224 0.625
9 12 0.949 1.998
9 13 2.761 0.861
9 14 2.345 0.348
9 15 2.665 0.026
9 16 2.276 0.334
9 17 2.431 1.979
9 18 2.488 0.546
9 19 1.616 2.532
9 20 2.592 1.045
9 21 2.258 1.237
9 22 2.199 0.925
9 23 1.418 0.831
9 24 0.665 2.245
9 25 1.799 1.245
9 26 0.823 2.788
9 27 2.465 1.037
9 28 1.537 1.705
9 29 1.696 1.239
9 30 1.834 1.263
9 31 1.845 1.101
9 32 1.643 1.483
9 33 0.953 0.911
9 34 1.2 1.238
9 35 0.301 1.539
9 36 0.72 0.593
9 37 1.076 2.222
9 38 2.733 2.4
9 39 2.086 0.537
9 40 0.214 1.229
9 41 0.321 1.009
9 42 1.477 1.825
9 43 1.862 1.376
9 44 2.625 2.72
9 45 2.444 0.982
9 46 1.139 1.316
9 47 1.814 0.938
9 48 1.947 2.122
9 49 1.495 2.501
10 11 0.653 2.059
10 12 0.634 2.656
10 13 1.972 0.261
10 14 0.29 1.716
10 15 2.55 0.464
10 16 0.368 1.292
10 17 1.635 1.678
10 18 1.521 0.303
10 19 1.438 0.635
10 20 0.235 0.254
10 21 1.005 0.917
10 22 0.725 1.063
10 23 2.035 1.95
10 24 0.012 1.566
10 25 2.819 1.387
10 26 2.422 1.77
10 27 2.158 0.774
10 28 2.184 1.287
10 29 2.451 0.921
10 30 1.46 1.931
10 31 2.598 2.67
10 32 2.08 0.801
10 33 0.212 2.269
10 34 1.127 0.173
10 35 2.694 2.773
10 36 1.784 1.297
10 37 2.217 1.519
10 38 1.406 2.571
10 39 0.449 1.492
10 40 1.547 2.502
10 41 0.229 2.154
10 42 0.665 2.65
10 43 1.099 1.997
10 44 1.845 2.314
10 45 0.888 2.402
10 46 2.558 0.27
10 47 2.4 1.823
10 48 0.248 0.234
10 49 1.082 0.122
11 12 1.577 1.886
11 13 1.981 2.614
11 14 1.91 1.686
11 15 2.617 2.78
11 16 0.094 2.133
11 17 0.477 1.014
11 18 0.542 1.023
11 19 1.865 1.374
11 20 2.492 0.176
11 21 2.783 1.184
11 22 0.314 0.075
11 23 1.561 0.077
11 24 0.422 0.575
11 25 2.529 0.725
11 26 0.47 1.338
11 27 2.473 0.885
11 28 2.714 2.38
11 29 2.304 0.784
11 30 0.95 0.504
11 31 1.194 1.208
11 32 1.21 2.606
11 33 1.105 0.937
11 34 1.697 1.202
11 35 1.37 1.428
11 36 0.622 0.692
11 37 1.607 1.779
11 38 0.985 2.488
11 39 2.583 2.084
11 40 0.373 1.486
11 41 0.888 1.611
11 42 1.778 1.284
11 43 1.634 1.092
11 44 0.826 2.612
11 45 2.47 2.037
11 46 1.959 1.481
11 47 1.24 1.803
11 48 0.051 0.913
11 49 2.2 2.608
12 13 2.182 2.522
12 14 2.382 1.22
12 15 0.839 1.54
12 16 2.107 0.363
12 17 1.658 0.506
12 18 1.057 1.724
12 19 1.262 0.501
12 20 0.554 1.023
12 21 1.504 0.994
12 22 1.967 2.806
12 23 0.688 2.455
12 24 2.706 0.523
12 25 2.27 1.814
12 26 1.226 2.392
12 27 0.82 0.768
12 28 2.043 1.875
12 29 2.385 2.436
12 30 2.497 1.753
12 31 0.092 1.798
12 32 2.193 0.753
12 33 1.011 0.3
12 34 1.231 2.13
12 35 1.024 1.904
12 36 0.649 0.038
12 37 2.817 0.38
12 38 1.416 2.326
12 39 0.298 2.317
12 40 1.529 2.674
12 41 0.729 0.786
12 42 0.045 1.825
12 43 1.042 1.316
12 44 1.369 0.882
12 45 2.527 2.641
12 46 0.559 1.979
12 47 1.183 0.116
12 48 1.681 0.798
12 49 2.581 2.466
13 14 2.522 1.466
13 15 0.584 0.634
13 16 0.115 2.141
13 17 0.17 2.212
13 18 0.656 0.652
13 19 0.351 1.029
13 20 1.843 1.37
13 21 0.953 2.811
13 22 2.369 0.562
13 23 0.982 0.845
13 24 1.956 0.312
13 25 2.738 1.463
13 26 2.477 2.256
13 27 0.993 1.779
13 28 0.634 0.062
13 29 1.726 0.394
13 30 2.809 0.297
13 31 1.146 2.646
13 32 2.237 0.588
13 33 1.216 2.553
13 34 0.385 0.341
13 35 2.491 0.431
13 36 0.441 1.948
13 37 0.643 0.517
13 38 1.415 1.069
13 39 0.512 1.705
13 40 1.161 2.441
13 41 2.808 1.636
13 42 1.599 2.633
13 43 0.564 0.071
13 44 1.365 1.091
13 45 1.657 0.267
13 46 0.364 1.98
13 47 0.476 0.18
13 48 0.768 1.359
13 49 1.697 0.664
14 15 1.819 2.173
14 16 1.541 2.189
14 17 0.413 2.037
14 18 0.094 1.272
14 19 0.274 2.06
14 20 0.397 2.001
14 21 0.358 1.1
14 22 0.001 2.292
14 23 2.673 2.278
14 24 0.705 1.623
14 25 1.294 2.471
14 26 0.763 2.554
14 27 1.688 2.321
14 28 0.219 1.619
14 29 1.122 1.184
14 30 1.786 1.301
14 31 1.106 2.623
14 32 0.043 2.497
14 33 1.084 2.293
14 34 0.149 1.914
14 35 0.679 0.682
14 36 2.548 2.816
14 37 0.549 2.325
14 38 1.983 0.778
14 39 1.042 2.069
14 40 0.306 1.381
14 41 0.892 1.323
14 42 2.245 2.815
14 43 1.679 0.857
14 44 1.064 2.599
14 45 0.97 1.169
14 46 0.799 1.331
14 47 1.752 0.463
14 48 2.207 1.028
14 49 1.4 1.511
15 16 1.671 1.95
15 17 2.342 1.178
15 18 1.488 2.097
15 19 0.415 1.896
15 20 0.058 0.385
15 21 1.963 2.378
15 22 2.329 1.249
15 23 2.353 2.369
15 24 1.854 1.542
15 25 0.344 0.137
15 26 0.576 0.525
15 27 0.532 2.425
15 28 0.627 1.208
15 29 1.233 1.185
15 30 1.221 2.236
15 31 2.543 2.58
15 32 2.354 0.4
15 33 1.936 0.304
15 34 1.451 0.944
15 35 0.243 0.408
15 36 0.331 1.253
15 37 2.527 1.621
15 38 0.415 2.712
15 39 0.619 1.961
15 40 2.326 0.054
15 41 0.86 0.426
15 42 1.822 2.055
15 43 1.918 0.778
15 44 0.637 1.395
15 45 2.54 2.612
15 46 1.099 1.11
15 47 0.269 2.596
15 48 0.33 0.181
15 49 0.41 1.123
16 17 0.426 1.776
16 18 0.93 2.109
16 19 1.038 1.117
16 20 1.296 1.642
16 21 1.66 1.365
16 22 0.411 0.768
16 23 1.536 2.64
16 24 0.968 1.348
16 25 0.856 2.709
16 26 0.521 0.597
16 27 0.863 0.007
16 28 1.269 2.291
16 29 0.175 0.856
16 30 2.106 2.251
16 31 1.782 1.809
16 32 0.698 2.768
16 33 1.623 0.162
16 34 1.234 0.907
16 35 0.141 2.707
16 36 1.577 0.585
16 37 1.914 1.858
16 38 2.036 2.458
16 39 1.562 2.163
16 40 1.722 0.287
16 41 0.643 2.326
16 42 2.591 1.873
16 43 2.207 2.521
16 44 1.615 2.137
16 45 0.039 1.9
16 46 0.572 1.505
16 47 2.771 1.983
16 48 1.685 1.226
16 49 2.63 0.841
17 18 0.8 2.152
17 19 1.367 2.686
17 20 1.275 0.072
17 21 0.765 0.336
17 22 2.63 1.331
17 23 1.609 1.02
17 24 1.638 1.49
17 25 1.082 0.014
17 26 1.265 1.611
17 27 1.964 2.752
17 28 1.123 1.56
17 29 1.265 1.328
17 30 2.747 0.696
17 31 1.006 1.578
17 32 2.217 2.675
17 33 0.932 0.492
17 34 2.338 2.07
17 35 2.264 0.373
17 36 2.66 1.89
17 37 1.322 1.65
17 38 1.803 0.749
17 39 0.798 1.977
17 40 1.279 1.82
17 41 2.446 1.894
17 42 1.423 1.718
17 43 2.068 0.821
17 44 0.067 1.566
17 45 0.167 0.397
17 46 0.663 1.278
17 47 2.391 2.476
17 48 0.087 2.529
17 49 1.359 1.574
18 19 2.084 2.156
18 20 1.563 0.697
18 21 0.662 0.863
18 22 0.983 2.134
18 23 2.618 1.483
18 24 0.157 0.886
18 25 0.615 2.129
18 26 0.997 1.528
18 27 1.55 0.845
18 28 2.664 1.9
18 29 1.653 1.583
18 30 0.156 2.042
18 31 2.007 2.269
18 32 0.419 0.983
18 33 0.568 0.023
18 34 0.384 1.472
18 35 0.237 1.88
18 36 1.772 1.838
18 37 0.981 1.552
18 38 0.335 2.218
18 39 0.643 0.569
18 40 1.62 0.755
18 41 0.952 1.773
18 42 1.329 0.093
18 43 0.269 1.861
18 44 0.127 2.445
18 45 0.213 2.385
18 46 0.187 0.945
18 47 1.123 0.615
18 48 2.168 2.618
18 49 2.131 1.227
19 20 2.037 1.282
19 21 1.309 0.463
19 22 0.153 0.382
19 23 1.716 0.654
19 24 1.886 1.434
19 25 1.808 1.879
19 26 0.462 2.097
19 27 2.25 2.299
19 28 2.053 1.597
19 29 0.708 0.498
19 30 0.282 1.892
19 31 1.627 2.641
19 32 2.103 0.491
19 33 1.795 1.255
19 34 2.557 1.13
19 35 2.128 2.317
19 36 1.423 1.446
19 37 2.638 1.902
19 38 0.485 0.62
19 39 1.665 1.691
19 40 0.114 2.642
19 41 1.487 2.67
19 42 0.918 0.775
19 43 1.679 1.753
19 44 2.047 0.6
19 45 1.223 1.407
19 46 1.443 1.964
19 47 0.823 0.263
19 48 2.344 2.534
19 49 1.412 0.829
20 21 0.771 0.463
20 22 0.698 2.783
20 23 1.605 1.728
20 24 0.306 2.039
20 25 2.781 2.146
20 26 0.91 0.167
20 27 1.614 0.77
20 28 2.418 1.558
20 29 1.276 1.467
20 30 0.372 0.432
20 31 1.518 2.025
20 32 1.706 0.204
20 33 2.576 1.783
20 34 1.063 0.519
20 35 2.575 1.298
20 36 0.075 0.525
20 37 1.357 1.726
20 38 1.667 1.294
20 39 2.569 0.971
20 40 0.212 1.026
20 41 2.034 1.486
20 42 1.73 1.519
20 43 1.25 1.475
20 44 0.53 1.372
20 45 0.008 2.537
20 46 2.779 1.961
20 47 2.382 1.745
20 48 0.849 1.315
20 49 1.3 1.337
21 22 2.194 0.987
21 23 2.243 2.719
21 24 1.198 0.691
21 25 0.658 0.478
21 26 1.8 0.46
21 27 2.17 1.067
21 28 2.457 1.543
21 29 2.758 0.835
21 30 1.462 1.071
21 31 0.372 2.26
21 32 0.931 1.403
21 33 2.612 0.036
21 34 1.843 1.678
21 35 1.859 1.628
21 36 1.965 0.266
21 37 1.283 1.964
21 38 1.537 2.786
21 39 0.451 0.221
21 40 1.091 2.455
21 41 0.406 1.782
21 42 0.318 2.462
21 43 1.168 0.734
21 44 2.347 2.743
21 45 1.462 0.947
21 46 1.618 1.203
21 47 2.532 2.565
21 48 1.08 2.011
21 49 2.136 2.429
22 23 0.555 2.632
22 24 0.46 0.788
22 25 2.777 1.352
22 26 0.998 2.513
22 27 0.819 0.656
22 28 2.692 0.101
22 29 0.585 2.224
22 30 0.906 0.512
22 31 1.738 2.732
22 32 0.768 1.672
22 33 0.581 0.067
22 34 2.668 1.182
22 35 1.302 2.599
22 36 0.161 1.853
22 37 1.012 2.685
22 38 0.417 1.674
22 39 0.171 2.494
22 40 1.965 0.707
22 41 2.369 1.49
22 42 2.432 1.414
22 43 0.173 0.609
22 44 2.767 1.176
22 45 2.666 2.649
22 46 1.574 1.137
22 47 0.49 1.343
22 48 1.033 0.129
22 49 0.457 1.308
23 24 2.45 1.672
23 25 1.371 1.738
23 26 0.237 1.48
23 27 0.031 2.221
23 28 2.316 2.322
23 29 1.447 0.569
23 30 0.834 1.54
23 31 0.467 2.039
23 32 0.941 0.568
23 33 1.739 0.485
23 34 0.817 0.687
23 35 2.129 0.925
23 36 1.521 0.941
23 37 0.65 0.874
23 38 1.247 0.637
23 39 0.931 1.569
23 40 0.854 2.027
23 41 1.083 2.692
23 42 2.346 1.715
23 43 2.464 1.011
23 44 2.249 1.831
23 45 0.137 0.759
23 46 0.7 1.564
23 47 1.197 0.249
23 48 1.132 1.269
23 49 2.508 2.652
24 25 1.144 1.553
24 26 0.3 0.934
24 27 2.044 0.919
24 28 0.627 0.476
24 29 0.15 1.787
24 30 2.662 1.941
24 31 2.219 1.562
24 32 2.753 2.527
24 33 1.87 2.467
24 34 1.812 2.225
24 35 0.239 0.343
24 36 0.698 2.666
24 37 2.368 0.315
24 38 0.593 2.199
24 39 2.625 0.946
24 40 2.527 2.216
24 41 0.685 2.149
24 42 0.622 2.262
24 43 1.467 1.957
24 44 1.488 0.766
24 45 1.074 1.891
24 46 2.643 0.701
24 47 1.371 2.633
24 48 2.112 2.743
24 49 1.698 0.368
25 26 0.301 2.042
25 27 0.243 0.062
25 28 2.43 2.686
25 29 1.181 2.498
25 30 0.411 2.663
25 31 2.494 0.113
25 32 0.832 0.013
25 33 2.025 1.907
25 34 2.802 0.227
25 35 2.695 1.817
25 36 0.833 2.225
25 37 1.838 1.261
25 38 0.77 0.159
25 39 2.523 2.541
25 40 1.76 0.923
25 41 0.101 0.41
25 42 1.115 1.649
25 43 2.77 2.276
25 44 2.067 1.843
25 45 1.929 0.563
25 46 2.111 2.101
25 47 1.617 2.075
25 48 0.915 0.62
25 49 0.468 0.259
26 27 2.165 1.634
26 28 0.582 1.281
26 29 1.557 0.488
26 30 1.469 1.74
26 31 2.286 0.728
26 32 1.16 2.718
26 33 1.363 1.496
26 34 2.124 2.331
26 35 0.291 0.567
26 36 0.577 2.315
26 37 0.497 0.015
26 38 1.693 0.165
26 39 0.238 2.551
26 40 1.676 0.688
26 41 0.041 1.328
26 42 1.907 0.536
26 43 2.526 2.239
26 44 1.173 0.221
26 45 2.327 1.527
26 46 0.549 2.779
26 47 2.443 0.605
26 48 1.842 2.741
26 49 1.914 2.039
27 28 1.599 0.769
27 29 1.359 1.851
27 30 0.092 0.004
27 31 1.389 2.624
27 32 1.792 0.353
27 33 1.161 2.06
27 34 0.895 2.273
27 35 2.263 0.678
27 36 1.847 1.251
27 37 2.485 2.129
27 38 0.004 2.661
27 39 2.274 0.181
27 40 2.802 1.213
27 41 0.618 0.887
27 42 2.806 1.369
27 43 1.375 0.553
27 44 1.551 0.196
27 45 1.485 2.45
27 46 1.891 1.165
27 47 0.937 0.377
27 48 2.757 0.406
27 49 1.703 0.24
28 29 1.198 2.739
28 30 2.178 2.538
28 31 0.797 2.45
28 32 0.096 0.494
28 33 2.176 0.505
28 34 0.434 0.122
28 35 1.353 2.385
28 36 1.259 2.612
28 37 1.634 1.99
28 38 1.124 1.434
28 39 0.967 1.422
28 40 1.446 1.398
28 41 2.133 1.379
28 42 2.09 2.7
28 43 1.157 1.95
28 44 1.599 2.777
28 45 1.917 1.001
28 46 1.453 1.221
28 47 1.852 1.487
28 48 1.399 1.652
28 49 0.272 2.159
29 30 0.157 2.083
29 31 2.645 0.818
29 32 0.829 1.916
29 33 1.401 1.93
29 34 0.492 2.066
29 35 1.71 2.452
29 36 2.69 0.94
29 37 2.287 1.059
29 38 1.045 1.376
29 39 0.758 0.374
29 40 2.053 1.76
29 41 0.613 1.29
29 42 0.078 2.306
29 43 2.167 1.522
29 44 1.02 0.954
29 45 0.364 1.702
29 46 2.119 0.987
29 47 2.81 2.255
29 48 2.766 1.196
29 49 0.448 1.752
30 31 1.684 2.015
30 32 1.152 2.053
30 33 1.025 1.449
30 34 0.77 2.381
30 35 2.8 2.337
30 36 2.441 0.799
30 37 2.106 1.168
30 38 0.096 2.403
30 39 1.109 1.034
30 40 2.409 1.992
30 41 1.573 2.219
30 42 1.111 2.688
30 43 1.235 2.255
30 44 0.286 0.159
30 45 0.104 1.333
30 46 2.051 1.992
30 47 2.356 0.591
30 48 1.668 0.642
30 49 2.722 0.468
31 32 2.69 1.251
31 33 0.767 0.546
31 34 0.928 1.88
31 35 2.289 1.815
31 36 2.091 1.13
31 37 1.434 0.674
31 38 0.941 0.382
31 39 2.588 2.288
31 40 0.27 1.861
31 41 2.807 0.804
31 42 2.223 2.155
31 43 1.446 2.419
31 44 0.986 2.806
31 45 2.621 1.072
31 46 1.102 1.884
31 47 1.58 2.081
31 48 0.556 1.318
31 49 1.01 1.448
32 33 2.01 1.268
32 34 2.127 2.769
32 35 1.104 0.311
32 36 1.48 1.271
32 37 2.788 1.826
32 38 2.535 2.161
32 39 0.442 1.29
32 40 1.55 2.682
32 41 2.068 0.908
32 42 1.624 0.775
32 43 1.462 0.005
32 44 0.14 1.241
32 45 2.659 2.017
32 46 2.481 2.281
32 47 1.904 2.259
32 48 1.437 2.704
32 49 1.577 1.37
33 34 1.799 1.523
33 35 2.78 0.837
33 36 2.562 0.256
33 37 2.352 2.748
33 38 0.471 1.574
33 39 0.254 1.579
33 40 1.807 2.262
33 41 1.741 1.158
33 42 1.047 2.403
33 43 0.88 0.718
33 44 0.46 0.404
33 45 0.886 1.364
33 46 0.053 2.558
33 47 1.26 1.262
33 48 1.006 1.209
33 49 1.342 0.635
34 35 1.592 2.192
34 36 0.398 0.095
34 37 0.519 0.144
34 38 0.47 2.401
34 39 1.187 0.452
34 40 2.175 2.483
34 41 1.586 1.92
34 42 0.778 0.757
34 43 2.78 2.251
34 44 0.49 0.808
34 45 2.253 2.819
34 46 0.181 2.653
34 47 2.425 2.66
34 48 1.37 1.079
34 49 0.813 0.61
35 36 1.606 2.447
35 37 0.235 1.764
35 38 0.949 2.044
35 39 2.212 2.434
35 40 1.468 2.572
35 41 1.523 0.141
35 42 2.667 1.374
35 43 0.972 2.29
35 44 0.581 2.495
35 45 0.807 0.136
35 46 0.206 1.551
35 47 1.428 1.345
35 48 0.401 1.306
35 49 1.325 0.785
36 37 1.388 0.708
36 38 0.985 1.418
36 39 2.733 1.091
36 40 1.651 2.374
36 41 0.465 1.466
36 42 0.99 1.181
36 43 0.155 1.816
36 44 1.388 1.792
36 45 1.094 1.319
36 46 0.4 1.355
36 47 1.511 0.181
36 48 1.229 1.936
36 49 2.783 0.814
37 38 1.593 1.682
37 39 2.515 2.028
37 40 0.198 2.373
37 41 0.343 2.445
37 42 0.081 2.429
37 43 1.613 1.947
37 44 0.664 1.874
37 45 0.066 0.389
37 46 0.637 2.725
37 47 2.113 1.196
37 48 0.948 1.328
37 49 0.805 2.365
38 39 0.161 1.492
38 40 0.017 1.169
38 41 1.481 1.635
38 42 0.071 1.631
38 43 0.338 2.567
38 44 2.776 1.736
38 45 0.1 0.453
38 46 0.611 1.345
38 47 1.762 0.83
38 48 1.594 1.166
38 49 1.199 1.138
39 40 1.248 0.059
39 41 0.069 2.595
39 42 0.143 2.172
39 43 1.19 2.0
39 44 2.037 2.26
39 45 2.661 2.761
39 46 1.443 2.598
39 47 0.482 1.232
39 48 2.472 0.394
39 49 0.544 1.526
40 41 0.182 0.432
40 42 2.484 0.108
40 43 1.431 2.759
40 44 1.306 2.163
40 45 1.896 1.52
40 46 1.118 1.391
40 47 2.77 0.009
40 48 0.732 1.975
40 49 1.214 2.032
41 42 1.782 1.643
41 43 1.837 0.841
41 44 2.503 1.834
41 45 0.282 2.258
41 46 1.284 0.44
41 47 0.953 0.439
41 48 1.294 0.198
41 49 2.692 0.26
42 43 0.918 1.943
42 44 0.346 2.32
42 45 2.808 0.682
42 46 1.79 2.732
42 47 1.013 0.122
42 48 0.143 1.308
42 49 2.336 0.521
43 44 1.684 1.055
43 45 2.468 2.757
43 46 2.257 0.79
43 47 1.316 2.367
43 48 1.344 1.088
43 49 0.875 1.203
44 45 2.598 1.76
44 46 1.466 0.558
44 47 1.946 0.331
44 48 1.981 2.502
44 49 0.372 1.603
45 46 1.426 1.919
45 47 2.006 2.447
45 48 1.61 2.297
45 49 1.025 1.422
46 47 1.052 1.467
46 48 1.289 0.526
46 49 2.149 2.463
47 48 1.876 1.789
47 49 2.782 2.326
48 49 0.833 0.843
