50
80
0 1 7 61
0 2 61 66
0 3 66 64
0 4 23 50
0 5 4 59
0 6 11 45
0 7 39 77
0 8 0 34
0 9 63 60
0 10 65 10
0 11 72 26
0 12 32 74
0 13 35 76
0 14 26 26
0 15 39 61
0 16 68 78
0 17 8 12
0 18 61 40
0 19 50 31
0 20 49 51
0 21 8 75
0 22 23 49
0 23 71 14
0 24 51 73
0 25 20 15
0 26 51 50
0 27 77 5
0 28 5 6
0 29 41 54
0 30 29 51
0 31 21 46
0 32 54 35
0 33 51 76
0 34 53 42
0 35 51 2
0 36 51 15
0 37 34 66
0 38 39 13
0 39 49 71
0 40 63 57
0 41 17 12
0 42 62 65
0 43 24 46
0 44 51 74
0 45 69 65
0 46 27 16
0 47 4 40
0 48 7 67
0 49 56 48
1 2 45 32
1 3 15 34
1 4 30 77
1 5 7 18
1 6 63 11
1 7 40 76
1 8 74 36
1 9 19 13
1 10 55 35
1 11 39 60
1 12 16 6
1 13 5 11
1 14 53 59
1 15 29 30
1 16 49 54
1 17 14 72
1 18 74 16
1 19 28 59
1 20 25 62
1 21 51 38
1 22 20 2
1 23 76 70
1 24 60 76
1 25 70 65
1 26 33 65
1 27 78 0
1 28 74 71
1 29 53 50
1 30 53 52
1 31 46 76
1 32 63 34
1 33 79 64
1 34 33 28
1 35 57 72
1 36 49 61
1 37 9 72
1 38 59 31
1 39 28 45
1 40 46 31
1 41 28 15
1 42 25 13
1 43 52 76
1 44 47 22
1 45 67 30
1 46 64 42
1 47 50 63
1 48 39 71
1 49 37 55
2 3 32 28
2 4 57 68
2 5 61 3
2 6 32 34
2 7 7 37
2 8 56 74
2 9 13 56
2 10 58 34
2 11 52 41
2 12 24 71
2 13 22 29
2 14 56 77
2 15 10 34
2 16 8 16
2 17 19 59
2 18 48 13
2 19 31 2
2 20 23 60
2 21 42 14
2 22 63 62
2 23 6 22
2 24 6 12
2 25 74 55
2 26 58 40
2 27 35 38
2 28 72 5
2 29 78 77
2 30 78 58
2 31 39 17
2 32 38 23
2 33 78 29
2 34 1 37
2 35 25 77
2 36 77 51
2 37 55 16
2 38 0 30
2 39 6 16
2 40 40 71
2 41 17 53
2 42 30 61
2 43 12 56
2 44 30 42
2 45 53 68
2 46 18 61
2 47 77 38
2 48 38 62
2 49 37 34
3 4 69 61
3 5 55 9
3 6 53 41
3 7 68 44
3 8 51 17
3 9 72 71
3 10 67 6
3 11 2 10
3 12 30 7
3 13 70 65
3 14 42 25
3 15 5 25
3 16 18 27
3 17 57 38
3 18 36 62
3 19 63 33
3 20 57 3
3 21 70 40
3 22 25 11
3 23 74 2
3 24 66 23
3 25 38 8
3 26 40 2
3 27 8 72
3 28 16 76
3 29 71 73
3 30 78 44
3 31 70 40
3 32 2 71
3 33 76 12
3 34 78 71
3 35 28 59
3 36 38 52
3 37 73 53
3 38 26 30
3 39 65 36
3 40 71 43
3 41 64 43
3 42 39 64
3 43 59 19
3 44 23 32
3 45 30 44
3 46 54 73
3 47 55 16
3 48 23 6
3 49 36 76
4 5 55 62
4 6 5 72
4 7 39 33
4 8 34 40
4 9 54 11
4 10 76 53
4 11 45 5
4 12 12 76
4 13 17 22
4 14 40 5
4 15 40 71
4 16 35 0
4 17 53 3
4 18 70 78
4 19 44 31
4 20 26 79
4 21 3 9
4 22 5 76
4 23 4 11
4 24 13 28
4 25 58 71
4 26 69 14
4 27 12 42
4 28 71 38
4 29 34 61
4 30 13 74
4 31 2 79
4 32 19 26
4 33 67 29
4 34 20 56
4 35 1 78
4 36 57 34
4 37 61 72
4 38 56 20
4 39 32 26
4 40 56 7
4 41 56 60
4 42 41 74
4 43 3 42
4 44 8 56
4 45 7 15
4 46 35 63
4 47 72 36
4 48 47 3
4 49 78 15
5 6 0 29
5 7 58 14
5 8 30 70
5 9 23 70
5 10 46 35
5 11 16 45
5 12 7 52
5 13 40 64
5 14 7 68
5 15 78 45
5 16 12 53
5 17 26 1
5 18 59 26
5 19 44 5
5 20 37 76
5 21 75 18
5 22 71 53
5 23 39 17
5 24 28 74
5 25 16 17
5 26 79 63
5 27 7 67
5 28 48 50
5 29 1 30
5 30 75 42
5 31 49 77
5 32 46 16
5 33 23 15
5 34 71 0
5 35 41 27
5 36 68 20
5 37 27 77
5 38 13 78
5 39 0 60
5 40 71 46
5 41 39 51
5 42 56 66
5 43 58 57
5 44 40 65
5 45 2 60
5 46 73 32
5 47 58 28
5 48 53 54
5 49 50 72
6 7 67 13
6 8 71 3
6 9 20 77
6 10 45 21
6 11 26 9
6 12 50 42
6 13 11 23
6 14 1 32
6 15 5 32
6 16 48 48
6 17 22 73
6 18 1 18
6 19 11 63
6 20 42 71
6 21 48 8
6 22 48 35
6 23 64 15
6 24 43 45
6 25 71 35
6 26 2 63
6 27 21 70
6 28 36 51
6 29 14 32
6 30 53 70
6 31 25 21
6 32 7 44
6 33 72 77
6 34 17 14
6 35 34 23
6 36 8 14
6 37 29 29
6 38 52 2
6 39 3 35
6 40 13 2
6 41 10 74
6 42 31 38
6 43 27 1
6 44 11 51
6 45 41 10
6 46 14 13
6 47 67 31
6 48 29 17
6 49 30 64
7 8 52 13
7 9 28 67
7 10 66 31
7 11 42 40
7 12 36 16
7 13 17 21
7 14 28 2
7 15 61 13
7 16 0 46
7 17 59 39
7 18 22 29
7 19 18 20
7 20 2 34
7 21 43 41
7 22 67 13
7 23 60 13
7 24 48 9
7 25 70 48
7 26 47 39
7 27 34 14
7 28 5 25
7 29 33 66
7 30 45 7
7 31 17 4
7 32 62 11
7 33 9 8
7 34 55 44
7 35 46 32
7 36 20 32
7 37 78 28
7 38 54 28
7 39 39 20
7 40 43 67
7 41 57 47
7 42 18 10
7 43 3 32
7 44 23 49
7 45 22 21
7 46 69 27
7 47 26 75
7 48 72 0
7 49 69 62
8 9 42 40
8 10 77 62
8 11 39 41
8 12 11 14
8 13 19 27
8 14 2 37
8 15 78 43
8 16 6 29
8 17 77 27
8 18 16 25
8 19 11 27
8 20 23 67
8 21 64 60
8 22 57 79
8 23 13 21
8 24 34 41
8 25 1 78
8 26 70 40
8 27 12 6
8 28 59 6
8 29 19 15
8 30 32 55
8 31 56 21
8 32 34 27
8 33 4 21
8 34 62 58
8 35 14 60
8 36 71 2
8 37 5 67
8 38 54 2
8 39 28 52
8 40 23 10
8 41 14 43
8 42 41 71
8 43 19 73
8 44 10 3
8 45 55 65
8 46 62 27
8 47 9 19
8 48 38 7
8 49 44 30
9 10 0 34
9 11 56 35
9 12 17 60
9 13 72 79
9 14 42 69
9 15 23 6
9 16 54 11
9 17 48 73
9 18 43 14
9 19 24 5
9 20 51 79
9 21 30 5
9 22 22 10
9 23 62 79
9 24 76 13
9 25 49 1
9 26 60 60
9 27 0 58
9 28 38 68
9 29 16 79
9 30 36 73
9 31 68 18
9 32 10 32
9 33 79 0
9 34 9 76
9 35 23 76
9 36 6 14
9 37 7 16
9 38 50 18
9 39 79 26
9 40 14 41
9 41 64 64
9 42 36 22
9 43 51 72
9 44 74 50
9 45 57 23
9 46 47 74
9 47 78 27
9 48 59 13
9 49 59 28
10 11 2 28
10 12 63 19
10 13 34 72
10 14 53 55
10 15 52 33
10 16 48 61
10 17 79 22
10 18 59 56
10 19 62 50
10 20 65 65
10 21 42 27
10 22 47 7
10 23 61 9
10 24 56 42
10 25 78 47
10 26 70 41
10 27 3 52
10 28 55 55
10 29 54 65
10 30 79 56
10 31 53 23
10 32 45 27
10 33 34 16
10 34 52 53
10 35 73 36
10 36 55 36
10 37 42 53
10 38 4 57
10 39 44 22
10 40 22 41
10 41 7 51
10 42 58 39
10 43 41 8
10 44 72 31
10 45 37 33
10 46 27 24
10 47 0 55
10 48 34 23
10 49 31 13
11 12 12 49
11 13 79 10
11 14 20 68
11 15 29 28
11 16 0 40
11 17 72 1
11 18 11 43
11 19 52 29
11 20 35 56
11 21 40 31
11 22 3 60
11 23 70 0
11 24 29 30
11 25 48 4
11 26 7 36
11 27 76 56
11 28 28 46
11 29 19 10
11 30 48 32
11 31 71 28
11 32 24 62
11 33 26 75
11 34 48 35
11 35 67 56
11 36 11 73
11 37 45 31
11 38 56 68
11 39 33 78
11 40 11 14
11 41 46 43
11 42 3 7
11 43 51 39
11 44 41 30
11 45 74 3
11 46 71 21
11 47 36 12
11 48 20 58
11 49 79 26
12 13 33 20
12 14 29 70
12 15 6 48
12 16 75 33
12 17 59 59
12 18 36 47
12 19 16 62
12 20 0 46
12 21 69 5
12 22 27 58
12 23 35 53
12 24 61 15
12 25 27 8
12 26 35 37
12 27 78 15
12 28 76 3
12 29 42 67
12 30 62 40
12 31 60 58
12 32 9 59
12 33 54 79
12 34 72 62
12 35 70 23
12 36 13 19
12 37 4 79
12 38 13 26
12 39 68 3
12 40 69 13
12 41 37 50
12 42 32 33
12 43 45 75
12 44 48 69
12 45 20 76
12 46 70 0
12 47 14 16
12 48 31 61
12 49 79 13
13 14 77 24
13 15 14 46
13 16 24 76
13 17 22 9
13 18 44 35
13 19 36 29
13 20 30 25
13 21 64 16
13 22 17 16
13 23 67 44
13 24 3 50
13 25 68 41
13 26 57 63
13 27 78 65
13 28 55 15
13 29 22 46
13 30 27 58
13 31 74 5
13 32 3 77
13 33 46 76
13 34 2 64
13 35 2 32
13 36 33 77
13 37 42 53
13 38 7 49
13 39 69 26
13 40 49 13
13 41 46 57
13 42 52 43
13 43 2 74
13 44 64 33
13 45 61 64
13 46 47 79
13 47 69 20
13 48 13 2
13 49 66 6
14 15 64 42
14 16 13 44
14 17 50 61
14 18 41 62
14 19 48 31
14 20 29 45
14 21 74 21
14 22 5 26
14 23 26 69
14 24 34 2
14 25 7 51
14 26 60 32
14 27 41 15
14 28 74 29
14 29 35 69
14 30 70 49
14 31 77 0
14 32 26 77
14 33 56 34
14 34 11 23
14 35 0 7
14 36 13 12
14 37 27 19
14 38 54 2
14 39 67 78
14 40 22 41
14 41 10 75
14 42 47 54
14 43 77 50
14 44 40 42
14 45 68 70
14 46 42 4
14 47 74 18
14 48 76 57
14 49 59 32
15 16 11 13
15 17 46 54
15 18 57 17
15 19 55 32
15 20 4 26
15 21 72 73
15 22 56 71
15 23 64 38
15 24 27 14
15 25 48 24
15 26 49 70
15 27 63 72
15 28 54 1
15 29 70 39
15 30 31 57
15 31 39 47
15 32 50 29
15 33 57 55
15 34 22 6
15 35 32 31
15 36 11 0
15 37 65 74
15 38 49 58
15 39 33 38
15 40 18 40
15 41 9 9
15 42 30 78
15 43 73 28
15 44 0 11
15 45 7 36
15 46 16 7
15 47 9 76
15 48 6 12
15 49 41 62
16 17 16 60
16 18 31 61
16 19 27 15
16 20 13 62
16 21 32 16
16 22 4 73
16 23 22 73
16 24 31 58
16 25 68 16
16 26 40 49
16 27 75 41
16 28 13 62
16 29 16 16
16 30 33 3
16 31 12 41
16 32 0 52
16 33 62 29
16 34 65 38
16 35 29 5
16 36 41 55
16 37 76 19
16 38 55 27
16 39 34 5
16 40 45 74
16 41 18 18
16 42 58 23
16 43 57 15
16 44 16 2
16 45 65 73
16 46 51 9
16 47 29 30
16 48 15 70
16 49 77 9
17 18 71 70
17 19 53 1
17 20 56 72
17 21 58 65
17 22 32 7
17 23 6 65
17 24 27 79
17 25 59 36
17 26 3 69
17 27 60 19
17 28 54 8
17 29 17 26
17 30 71 25
17 31 35 44
17 32 15 43
17 33 66 16
17 34 27 4
17 35 10 10
17 36 67 50
17 37 67 51
17 38 4 71
17 39 49 18
17 40 40 57
17 41 27 55
17 42 4 10
17 43 41 66
17 44 28 23
17 45 79 7
17 46 1 72
17 47 19 67
17 48 46 65
17 49 0 31
18 19 14 4
18 20 69 42
18 21 42 8
18 22 63 46
18 23 59 21
18 24 79 37
18 25 65 13
18 26 47 33
18 27 60 36
18 28 73 65
18 29 42 23
18 30 32 21
18 31 56 12
18 32 46 34
18 33 44 46
18 34 70 13
18 35 37 74
18 36 30 68
18 37 66 20
18 38 50 72
18 39 34 75
18 40 41 11
18 41 41 48
18 42 75 70
18 43 11 45
18 44 63 72
18 45 29 38
18 46 48 74
18 47 70 69
18 48 42 2
18 49 40 17
19 20 13 64
19 21 47 21
19 22 14 44
19 23 1 41
19 24 50 23
19 25 61 72
19 26 52 39
19 27 9 4
19 28 74 55
19 29 34 74
19 30 4 68
19 31 13 34
19 32 37 34
19 33 9 57
19 34 2 42
19 35 60 69
19 36 48 66
19 37 59 11
19 38 54 14
19 39 1 24
19 40 8 27
19 41 4 15
19 42 20 3
19 43 9 49
19 44 28 57
19 45 58 41
19 46 71 78
19 47 45 43
19 48 49 31
19 49 27 14
20 21 20 69
20 22 67 8
20 23 61 68
20 24 57 3
20 25 41 42
20 26 14 38
20 27 1 9
20 28 67 21
20 29 5 42
20 30 42 37
20 31 10 10
20 32 64 13
20 33 10 14
20 34 79 25
20 35 74 16
20 36 34 5
20 37 17 11
20 38 32 71
20 39 62 55
20 40 11 26
20 41 6 54
20 42 73 49
20 43 57 75
20 44 17 78
20 45 67 50
20 46 17 11
20 47 77 14
20 48 55 72
20 49 55 77
21 22 6 20
21 23 26 40
21 24 48 15
21 25 11 4
21 26 9 27
21 27 68 13
21 28 43 51
21 29 28 39
21 30 63 61
21 31 33 52
21 32 35 25
21 33 76 26
21 34 4 60
21 35 32 20
21 36 37 8
21 37 67 2
21 38 24 21
21 39 12 4
21 40 17 76
21 41 68 18
21 42 26 7
21 43 49 18
21 44 74 18
21 45 67 12
21 46 50 73
21 47 18 49
21 48 4 5
21 49 42 56
22 23 73 4
22 24 28 4
22 25 78 16
22 26 71 75
22 27 73 12
22 28 17 71
22 29 20 30
22 30 22 48
22 31 39 2
22 32 64 30
22 33 70 15
22 34 70 61
22 35 59 40
22 36 19 50
22 37 43 20
22 38 39 5
22 39 21 2
22 40 59 22
22 41 29 13
22 42 13 76
22 43 37 32
22 44 63 57
22 45 11 26
22 46 52 28
22 47 47 72
22 48 20 70
22 49 36 54
23 24 28 25
23 25 22 53
23 26 43 39
23 27 12 20
23 28 71 49
23 29 13 37
23 30 22 52
23 31 73 19
23 32 78 12
23 33 10 72
23 34 16 26
23 35 33 23
23 36 46 63
23 37 30 60
23 38 50 55
23 39 1 71
23 40 33 48
23 41 72 51
23 42 32 11
23 43 58 67
23 44 25 15
23 45 25 36
23 46 71 9
23 47 8 13
23 48 15 33
23 49 36 27
24 25 34 19
24 26 51 55
24 27 55 71
24 28 77 40
24 29 60 28
24 30 59 59
24 31 49 57
24 32 25 66
24 33 8 78
24 34 45 7
24 35 2 26
24 36 36 11
24 37 71 21
24 38 21 66
24 39 47 61
24 40 1 13
24 41 61 29
24 42 9 54
24 43 44 6
24 44 17 8
24 45 49 1
24 46 55 37
24 47 39 19
24 48 45 37
24 49 0 73
25 26 39 41
25 27 67 6
25 28 42 71
25 29 62 52
25 30 32 45
25 31 54 11
25 32 73 3
25 33 39 71
25 34 39 42
25 35 11 25
25 36 79 75
25 37 35 26
25 38 7 50
25 39 50 6
25 40 33 71
25 41 71 41
25 42 6 52
25 43 79 67
25 44 4 10
25 45 5 54
25 46 77 35
25 47 55 64
25 48 26 19
25 49 74 14
26 27 14 61
26 28 10 63
26 29 58 65
26 30 34 69
26 31 4 14
26 32 62 76
26 33 65 52
26 34 42 53
26 35 18 21
26 36 27 38
26 37 22 17
26 38 19 42
26 39 62 53
26 40 60 70
26 41 66 10
26 42 73 54
26 43 78 3
26 44 59 39
26 45 13 31
26 46 5 3
26 47 41 66
26 48 1 22
26 49 78 49
27 28 18 67
27 29 29 25
27 30 13 12
27 31 12 58
27 32 46 52
27 33 10 23
27 34 45 21
27 35 12 49
27 36 37 33
27 37 20 17
27 38 56 22
27 39 63 51
27 40 35 22
27 41 78 10
27 42 23 72
27 43 40 12
27 44 8 63
27 45 75 2
27 46 1 72
27 47 56 29
27 48 14 67
27 49 26 10
28 29 30 76
28 30 53 66
28 31 53 2
28 32 45 4
28 33 59 11
28 34 32 18
28 35 42 33
28 36 70 39
28 37 50 52
28 38 44 57
28 39 4 22
28 40 42 55
28 41 54 49
28 42 48 48
28 43 18 76
28 44 6 41
28 45 33 31
28 46 40 24
28 47 54 14
28 48 23 47
28 49 56 55
29 30 1 45
29 31 25 14
29 32 7 13
29 33 24 33
29 34 4 35
29 35 51 39
29 36 24 2
29 37 52 65
29 38 70 68
29 39 15 24
29 40 8 62
29 41 77 70
29 42 16 41
29 43 2 26
29 44 46 24
29 45 68 71
29 46 37 0
29 47 41 28
29 48 30 72
29 49 44 20
30 31 16 24
30 32 21 26
30 33 15 15
30 34 56 70
30 35 27 31
30 36 41 19
30 37 78 62
30 38 55 11
30 39 7 2
30 40 50 18
30 41 77 25
30 42 53 7
30 43 3 33
30 44 76 29
30 45 63 75
30 46 15 72
30 47 0 41
30 48 19 11
30 49 61 54
31 32 31 13
31 33 54 37
31 34 67 56
31 35 0 9
31 36 41 25
31 37 54 18
31 38 34 50
31 39 35 25
31 40 42 0
31 41 41 39
31 42 41 3
31 43 68 11
31 44 38 60
31 45 60 32
31 46 4 6
31 47 78 5
31 48 6 12
31 49 76 77
32 33 20 5
32 34 3 74
32 35 16 0
32 36 45 22
32 37 36 30
32 38 31 65
32 39 63 65
32 40 14 67
32 41 34 4
32 42 6 79
32 43 23 36
32 44 7 54
32 45 17 65
32 46 53 41
32 47 73 48
32 48 32 63
32 49 73 57
33 34 25 76
33 35 68 1
33 36 41 37
33 37 71 66
33 38 24 60
33 39 25 59
33 40 19 39
33 41 33 36
33 42 76 3
33 43 70 23
33 44 66 28
33 45 49 34
33 46 9 71
33 47 50 68
33 48 61 4
33 49 23 12
34 35 50 10
34 36 46 9
34 37 15 46
34 38 23 49
34 39 23 67
34 40 25 6
34 41 1 72
34 42 55 7
34 43 70 18
34 44 32 2
34 45 68 34
34 46 39 56
34 47 11 6
34 48 37 27
34 49 18 26
35 36 13 27
35 37 67 58
35 38 4 23
35 39 39 69
35 40 15 54
35 41 6 59
35 42 53 68
35 43 75 33
35 44 47 34
35 45 73 64
35 46 62 46
35 47 74 58
35 48 75 56
35 49 72 69
36 37 49 31
36 38 17 17
36 39 2 0
36 40 65 38
36 41 13 34
36 42 30 12
36 43 62 22
36 44 60 6
36 45 25 3
36 46 57 74
36 47 65 76
36 48 73 40
36 49 38 51
37 38 64 38
37 39 56 71
37 40 79 6
37 41 63 22
37 42 76 66
37 43 26 26
37 44 39 48
37 45 72 16
37 46 39 31
37 47 28 61
37 48 71 15
37 49 60 2
38 39 56 23
38 40 30 71
38 41 15 58
38 42 10 67
38 43 44 51
38 44 36 65
38 45 61 33
38 46 47 20
38 47 35 37
38 48 10 8
38 49 56 22
39 40 0 68
39 41 35 4
39 42 57 69
39 43 53 23
39 44 54 24
39 45 13 11
39 46 18 22
39 47 56 6
39 48 60 71
39 49 0 58
40 41 31 7
40 42 25 56
40 43 46 43
40 44 69 26
40 45 3 7
40 46 37 6
40 47 66 17
40 48 35 11
40 49 37 8
41 42 8 38
41 43 58 78
41 44 24 58
41 45 71 79
41 46 16 34
41 47 67 31
41 48 8 17
41 49 31 25
42 43 37 72
42 44 25 46
42 45 33 70
42 46 5 9
42 47 70 15
42 48 32 65
42 49 53 68
43 44 39 54
43 45 33 25
43 46 57 12
43 47 44 30
43 48 26 42
43 49 62 4
44 45 30 4
44 46 62 35
44 47 31 2
44 48 14 55
44 49 1 2
45 46 30 64
45 47 68 68
45 48 11 59
45 49 72 1
46 47 23 54
46 48 0 49
46 49 12 7
47 48 71 27
47 49 26 52
48 49 14 67