50
80
0 1 4.572 1.231
0 2 2.807 0.814
0 3 4.539 0.285
0 4 4.594 0.222
0 5 2.451 0.917
0 6 4.312 2.784
0 7 1.070 5.855
0 8 3.524 2.073
0 9 4.273 2.782
0 10 1.994 5.508
0 11 3.140 1.037
0 12 3.276 0.093
0 13 0.396 0.478
0 14 2.893 5.177
0 15 0.828 2.972
0 16 2.742 1.452
0 17 3.633 1.125
0 18 0.247 7.109
0 19 3.041 0.443
0 20 3.515 4.628
0 21 1.786 2.879
0 22 2.699 1.537
0 23 4.130 7.616
0 24 1.863 0.821
0 25 0.650 0.035
0 26 0.153 1.203
0 27 0.673 6.628
0 28 3.935 0.043
0 29 4.267 3.935
0 30 3.198 1.727
0 31 1.606 4.683
0 32 4.366 7.841
0 33 3.646 2.435
0 34 4.592 1.299
0 35 1.087 1.649
0 36 0.365 1.140
0 37 1.882 0.549
0 38 4.736 2.045
0 39 3.889 5.473
0 40 2.888 0.455
0 41 3.825 2.954
0 42 3.876 0.735
0 43 2.031 3.320
0 44 3.943 2.799
0 45 3.278 1.538
0 46 3.338 1.212
0 47 2.596 2.940
0 48 2.224 0.420
0 49 4.061 6.218
1 2 2.770 4.780
1 3 3.346 5.844
1 4 4.883 0.241
1 5 0.442 7.780
1 6 4.758 6.273
1 7 1.987 0.551
1 8 4.133 0.124
1 9 1.050 0.129
1 10 0.371 3.654
1 11 1.689 1.793
1 12 1.934 5.914
1 13 2.391 0.055
1 14 0.785 0.337
1 15 3.187 0.964
1 16 2.738 3.261
1 17 4.776 4.879
1 18 3.641 0.843
1 19 0.742 0.334
1 20 4.935 1.652
1 21 3.525 7.329
1 22 2.631 0.045
1 23 0.170 7.223
1 24 1.562 1.583
1 25 4.285 0.585
1 26 2.980 3.991
1 27 4.129 5.441
1 28 0.859 0.133
1 29 2.824 0.292
1 30 2.448 4.856
1 31 1.923 2.923
1 32 0.001 0.912
1 33 1.910 0.142
1 34 1.480 0.980
1 35 3.893 6.717
1 36 0.812 1.006
1 37 4.773 1.505
1 38 3.558 7.568
1 39 2.867 0.122
1 40 4.186 3.089
1 41 4.400 0.006
1 42 1.201 0.635
1 43 0.795 0.469
1 44 3.868 1.267
1 45 4.188 4.025
1 46 4.812 4.890
1 47 3.483 2.668
1 48 4.733 5.246
1 49 3.558 0.232
2 3 0.888 1.273
2 4 4.590 7.133
2 5 2.608 4.620
2 6 1.575 0.004
2 7 0.398 1.514
2 8 1.443 4.882
2 9 0.122 2.725
2 10 3.784 8.102
2 11 2.647 3.006
2 12 0.875 7.109
2 13 0.613 0.000
2 14 4.855 0.004
2 15 0.667 4.728
2 16 2.769 4.663
2 17 3.115 0.258
2 18 2.480 0.235
2 19 4.685 8.214
2 20 2.739 1.894
2 21 2.824 1.238
2 22 0.255 0.019
2 23 4.487 1.078
2 24 3.070 1.161
2 25 0.143 0.017
2 26 3.356 0.460
2 27 4.121 2.708
2 28 2.876 0.978
2 29 1.721 1.352
2 30 3.760 2.320
2 31 3.332 0.518
2 32 3.862 8.237
2 33 3.162 1.512
2 34 2.506 6.792
2 35 0.954 2.450
2 36 1.707 1.275
2 37 2.550 0.001
2 38 1.945 0.682
2 39 4.759 0.248
2 40 1.177 5.016
2 41 2.055 5.060
2 42 0.462 0.751
2 43 1.787 4.665
2 44 3.112 1.307
2 45 0.735 6.904
2 46 1.131 0.521
2 47 1.273 4.591
2 48 0.803 5.462
2 49 3.402 2.664
3 4 1.057 1.985
3 5 0.507 7.090
3 6 3.987 0.209
3 7 4.575 0.342
3 8 4.978 1.664
3 9 2.291 0.695
3 10 0.787 0.046
3 11 3.923 0.388
3 12 0.737 0.411
3 13 1.040 0.654
3 14 0.140 0.894
3 15 1.499 5.138
3 16 1.776 1.382
3 17 1.608 0.001
3 18 0.022 3.727
3 19 4.041 0.820
3 20 3.358 6.284
3 21 3.659 4.650
3 22 1.438 5.554
3 23 0.449 5.036
3 24 3.687 7.211
3 25 3.611 4.854
3 26 4.074 1.152
3 27 0.505 1.586
3 28 1.542 0.287
3 29 1.735 3.103
3 30 4.987 4.581
3 31 1.971 4.524
3 32 3.038 2.302
3 33 1.573 2.942
3 34 2.743 8.043
3 35 0.226 0.343
3 36 3.947 0.816
3 37 4.688 0.978
3 38 2.775 1.643
3 39 2.288 3.716
3 40 4.734 0.121
3 41 0.259 0.011
3 42 2.869 1.449
3 43 3.868 5.661
3 44 1.864 2.958
3 45 1.887 4.959
3 46 3.388 6.696
3 47 1.677 0.051
3 48 1.796 3.107
3 49 2.480 2.396
4 5 0.144 1.817
4 6 4.442 3.514
4 7 0.552 0.426
4 8 2.878 2.125
4 9 2.446 0.827
4 10 0.777 0.186
4 11 4.851 1.568
4 12 4.947 0.041
4 13 0.829 1.423
4 14 2.665 0.383
4 15 3.728 1.931
4 16 3.609 0.551
4 17 0.407 7.841
4 18 2.887 1.610
4 19 0.750 7.204
4 20 1.216 0.017
4 21 2.932 6.949
4 22 4.159 5.435
4 23 3.553 1.803
4 24 0.779 0.651
4 25 0.768 3.253
4 26 3.737 0.235
4 27 3.304 1.466
4 28 1.704 0.248
4 29 1.947 3.343
4 30 0.687 0.096
4 31 4.338 7.760
4 32 0.231 6.846
4 33 4.233 5.810
4 34 2.187 0.008
4 35 0.889 3.251
4 36 3.020 3.739
4 37 1.404 0.460
4 38 2.265 5.198
4 39 1.062 0.300
4 40 1.652 0.611
4 41 3.270 2.832
4 42 2.897 0.310
4 43 2.753 0.047
4 44 0.630 3.456
4 45 1.539 3.853
4 46 0.356 2.044
4 47 0.326 0.323
4 48 4.591 0.000
4 49 0.751 1.517
5 6 4.522 4.655
5 7 1.511 1.525
5 8 0.509 0.164
5 9 3.381 2.700
5 10 0.816 2.593
5 11 1.529 0.048
5 12 4.601 3.216
5 13 4.137 0.482
5 14 1.852 1.776
5 15 0.579 2.521
5 16 2.008 1.337
5 17 0.746 2.139
5 18 2.953 3.326
5 19 0.791 0.538
5 20 2.822 1.565
5 21 0.920 0.179
5 22 3.194 0.006
5 23 1.004 0.958
5 24 4.005 0.191
5 25 4.707 0.015
5 26 1.600 1.944
5 27 1.582 1.054
5 28 0.835 5.524
5 29 2.235 3.551
5 30 4.443 5.430
5 31 0.364 3.103
5 32 2.890 3.824
5 33 1.138 4.864
5 34 3.491 0.210
5 35 0.999 6.521
5 36 4.384 4.473
5 37 2.350 0.224
5 38 3.129 2.536
5 39 1.367 6.363
5 40 2.544 5.470
5 41 1.276 3.551
5 42 4.301 5.807
5 43 1.927 5.891
5 44 4.691 3.981
5 45 0.535 5.036
5 46 1.466 3.127
5 47 3.129 3.786
5 48 4.893 0.000
5 49 3.560 0.016
6 7 0.323 0.001
6 8 0.654 3.058
6 9 2.623 0.964
6 10 4.079 1.584
6 11 3.598 0.463
6 12 0.252 0.482
6 13 2.188 2.364
6 14 2.266 6.922
6 15 1.338 0.042
6 16 1.954 0.025
6 17 1.564 3.885
6 18 4.697 4.079
6 19 2.688 0.021
6 20 4.383 4.468
6 21 2.712 4.289
6 22 3.581 7.805
6 23 1.034 0.590
6 24 2.957 0.268
6 25 3.909 1.085
6 26 4.029 0.003
6 27 1.520 2.191
6 28 0.247 7.263
6 29 3.967 1.031
6 30 1.632 7.915
6 31 2.142 0.590
6 32 2.646 7.534
6 33 3.043 2.107
6 34 1.658 0.101
6 35 0.539 6.898
6 36 3.200 0.863
6 37 0.424 1.063
6 38 0.247 0.166
6 39 3.557 1.586
6 40 3.157 0.139
6 41 3.331 0.069
6 42 0.309 4.468
6 43 3.830 0.000
6 44 3.028 4.383
6 45 3.701 6.058
6 46 3.683 0.982
6 47 3.881 5.552
6 48 2.796 1.049
6 49 3.873 0.209
7 8 2.446 0.233
7 9 4.005 2.755
7 10 1.230 1.444
7 11 4.216 0.024
7 12 3.305 4.229
7 13 2.326 1.242
7 14 2.824 0.383
7 15 2.793 1.336
7 16 3.698 0.968
7 17 0.825 0.000
7 18 3.509 2.640
7 19 0.376 0.001
7 20 1.488 6.696
7 21 2.554 1.519
7 22 1.826 6.946
7 23 4.919 0.019
7 24 2.358 0.180
7 25 0.694 2.613
7 26 0.671 1.349
7 27 2.260 2.632
7 28 4.071 2.341
7 29 4.517 4.163
7 30 2.364 0.234
7 31 2.171 1.357
7 32 2.195 0.867
7 33 3.409 5.031
7 34 3.586 2.006
7 35 1.902 3.799
7 36 0.084 5.810
7 37 3.001 4.946
7 38 2.130 4.356
7 39 2.683 7.189
7 40 0.121 0.458
7 41 1.545 2.574
7 42 2.429 1.109
7 43 2.893 1.255
7 44 3.446 0.010
7 45 4.583 1.082
7 46 3.972 6.015
7 47 3.841 6.825
7 48 2.218 0.280
7 49 1.378 4.673
8 9 0.678 2.430
8 10 2.911 0.039
8 11 1.684 5.766
8 12 2.666 0.042
8 13 3.633 3.799
8 14 0.488 0.525
8 15 1.241 3.997
8 16 1.009 2.080
8 17 0.862 1.983
8 18 4.295 0.291
8 19 3.785 2.149
8 20 3.974 8.313
8 21 4.953 1.372
8 22 3.258 0.652
8 23 0.861 6.789
8 24 3.209 3.901
8 25 2.755 6.316
8 26 0.141 6.169
8 27 0.105 3.694
8 28 2.133 1.457
8 29 0.903 3.276
8 30 4.167 0.610
8 31 4.672 0.013
8 32 4.307 0.593
8 33 2.088 0.411
8 34 2.330 2.473
8 35 4.751 6.636
8 36 4.300 3.463
8 37 0.276 0.666
8 38 1.223 3.424
8 39 1.464 6.215
8 40 1.956 0.031
8 41 4.058 0.043
8 42 4.127 2.765
8 43 3.451 4.409
8 44 1.937 0.960
8 45 0.258 7.401
8 46 4.176 6.843
8 47 1.547 0.292
8 48 3.131 0.455
8 49 3.381 5.459
9 10 4.130 0.821
9 11 1.815 0.061
9 12 4.854 0.015
9 13 4.983 0.033
9 14 0.286 0.349
9 15 2.100 1.119
9 16 2.109 8.039
9 17 0.600 0.219
9 18 2.906 0.931
9 19 2.497 6.276
9 20 2.734 7.173
9 21 2.338 0.432
9 22 0.233 1.009
9 23 3.554 0.860
9 24 3.202 4.985
9 25 1.880 0.051
9 26 1.146 0.435
9 27 1.207 4.816
9 28 1.661 4.196
9 29 2.763 0.003
9 30 3.290 0.037
9 31 1.555 3.801
9 32 3.682 2.174
9 33 1.550 4.473
9 34 0.731 0.000
9 35 4.967 3.817
9 36 2.746 7.066
9 37 0.272 4.458
9 38 2.322 3.497
9 39 4.035 4.593
9 40 2.923 7.980
9 41 2.323 1.519
9 42 0.843 0.118
9 43 2.727 1.200
9 44 1.885 1.135
9 45 1.562 0.394
9 46 4.442 6.494
9 47 1.216 0.267
9 48 2.548 0.160
9 49 1.768 0.685
10 11 2.256 5.254
10 12 3.579 0.282
10 13 2.554 0.012
10 14 4.423 1.736
10 15 2.609 0.486
10 16 2.062 2.295
10 17 4.671 6.232
10 18 3.140 2.103
10 19 4.825 5.622
10 20 0.340 0.591
10 21 0.429 4.438
10 22 3.120 1.712
10 23 3.557 4.375
10 24 2.792 0.040
10 25 0.829 4.693
10 26 1.014 0.063
10 27 2.211 6.163
10 28 0.980 1.671
10 29 2.547 6.046
10 30 3.072 3.484
10 31 3.322 1.371
10 32 2.382 2.283
10 33 0.629 3.573
10 34 0.570 2.786
10 35 2.949 3.127
10 36 1.844 4.025
10 37 1.214 2.147
10 38 1.178 2.539
10 39 2.327 1.899
10 40 1.571 7.023
10 41 3.430 3.743
10 42 2.735 1.008
10 43 0.621 0.423
10 44 3.760 0.450
10 45 2.902 5.291
10 46 3.751 6.660
10 47 0.922 6.436
10 48 0.371 5.897
10 49 4.915 0.444
11 12 4.802 7.880
11 13 4.712 3.006
11 14 3.428 6.018
11 15 0.416 0.258
11 16 3.980 0.001
11 17 3.487 2.749
11 18 4.830 0.358
11 19 1.971 0.314
11 20 1.196 8.277
11 21 0.528 8.098
11 22 3.023 0.497
11 23 3.548 3.337
11 24 4.135 5.259
11 25 0.149 0.131
11 26 1.023 4.342
11 27 1.358 5.931
11 28 2.959 3.935
11 29 0.565 6.342
11 30 2.024 5.661
11 31 1.991 8.187
11 32 2.092 0.681
11 33 3.118 0.023
11 34 4.804 5.154
11 35 2.485 0.044
11 36 1.319 3.615
11 37 3.329 6.877
11 38 4.378 2.154
11 39 4.009 2.905
11 40 2.866 5.075
11 41 0.914 1.191
11 42 2.816 0.818
11 43 1.572 1.547
11 44 2.781 0.314
11 45 2.185 0.480
11 46 1.387 3.214
11 47 2.130 0.001
11 48 4.291 0.062
11 49 1.259 1.973
12 13 0.209 0.133
12 14 0.990 0.882
12 15 0.393 6.783
12 16 4.447 0.807
12 17 2.356 6.631
12 18 1.979 2.419
12 19 1.781 2.236
12 20 1.214 0.057
12 21 0.558 6.178
12 22 1.581 3.661
12 23 1.720 0.575
12 24 4.747 7.489
12 25 1.076 1.031
12 26 3.791 2.090
12 27 3.537 0.000
12 28 4.808 6.995
12 29 4.295 0.332
12 30 0.471 3.739
12 31 4.709 7.477
12 32 4.467 6.253
12 33 0.270 2.521
12 34 2.704 1.063
12 35 1.914 2.617
12 36 0.474 0.055
12 37 3.036 0.804
12 38 0.081 0.161
12 39 3.776 4.296
12 40 3.486 4.638
12 41 2.776 0.347
12 42 4.493 0.678
12 43 1.392 0.001
12 44 0.626 4.306
12 45 4.051 5.672
12 46 4.504 5.877
12 47 1.608 1.529
12 48 4.159 0.013
12 49 2.360 4.553
13 14 3.037 0.366
13 15 0.574 0.001
13 16 3.575 1.084
13 17 0.050 0.021
13 18 3.415 5.331
13 19 0.716 1.996
13 20 4.463 6.287
13 21 0.715 4.885
13 22 3.154 7.115
13 23 4.726 1.872
13 24 3.201 2.982
13 25 0.469 0.127
13 26 2.759 5.495
13 27 1.262 0.966
13 28 0.459 1.478
13 29 1.478 7.783
13 30 2.069 1.201
13 31 0.930 0.952
13 32 1.112 0.666
13 33 2.574 0.227
13 34 4.498 0.001
13 35 4.464 0.016
13 36 3.922 1.264
13 37 3.825 0.196
13 38 4.659 2.606
13 39 2.458 4.419
13 40 0.613 6.506
13 41 3.700 2.035
13 42 0.096 1.501
13 43 3.901 3.564
13 44 1.525 1.374
13 45 0.247 1.603
13 46 1.432 3.420
13 47 0.009 2.328
13 48 1.505 3.032
13 49 4.584 7.032
14 15 1.995 2.191
14 16 2.950 2.394
14 17 0.843 2.355
14 18 0.154 6.351
14 19 4.115 0.185
14 20 1.724 3.790
14 21 4.774 4.524
14 22 4.589 0.167
14 23 0.935 0.382
14 24 1.190 6.178
14 25 3.380 0.024
14 26 2.992 3.512
14 27 0.056 1.353
14 28 4.829 3.249
14 29 4.106 6.445
14 30 0.968 1.169
14 31 4.962 3.945
14 32 4.242 5.978
14 33 4.690 7.760
14 34 1.098 5.661
14 35 0.140 6.310
14 36 2.246 0.482
14 37 3.008 2.281
14 38 3.669 3.781
14 39 0.309 0.076
14 40 2.281 1.059
14 41 4.824 0.429
14 42 2.185 1.024
14 43 2.662 4.409
14 44 3.172 0.154
14 45 4.662 7.725
14 46 3.353 3.716
14 47 0.301 2.871
14 48 2.412 5.083
14 49 1.209 4.130
15 16 1.264 1.936
15 17 1.686 2.214
15 18 1.688 4.985
15 19 4.417 0.010
15 20 0.032 0.023
15 21 2.411 0.688
15 22 4.547 7.556
15 23 3.017 1.504
15 24 2.441 3.745
15 25 3.842 1.721
15 26 0.975 7.376
15 27 2.433 0.391
15 28 0.002 7.568
15 29 0.439 2.838
15 30 3.960 0.893
15 31 4.249 2.441
15 32 1.687 0.886
15 33 0.162 4.014
15 34 1.952 1.390
15 35 2.625 2.286
15 36 3.034 3.463
15 37 2.583 1.029
15 38 3.757 0.852
15 39 0.903 5.177
15 40 3.156 0.000
15 41 2.939 6.095
15 42 3.286 0.400
15 43 2.454 0.073
15 44 1.775 2.403
15 45 1.231 0.756
15 46 0.530 5.741
15 47 1.640 3.405
15 48 0.102 0.891
15 49 0.761 3.748
16 17 2.545 2.554
16 18 1.464 0.053
16 19 3.446 2.767
16 20 2.652 0.000
16 21 3.197 4.187
16 22 4.471 0.630
16 23 2.920 7.597
16 24 1.488 4.215
16 25 1.651 7.977
16 26 1.648 4.361
16 27 1.298 1.813
16 28 2.786 6.956
16 29 4.643 2.380
16 30 4.473 1.671
16 31 0.703 7.860
16 32 2.492 0.286
16 33 4.344 0.000
16 34 1.224 5.757
16 35 3.457 3.942
16 36 3.821 0.029
16 37 4.453 1.768
16 38 4.280 0.512
16 39 2.995 7.712
16 40 2.840 3.020
16 41 4.812 1.023
16 42 3.939 3.683
16 43 1.778 0.576
16 44 1.731 4.813
16 45 1.483 5.161
16 46 3.973 0.158
16 47 4.721 0.255
16 48 2.717 3.375
16 49 0.282 0.194
17 18 1.234 2.196
17 19 1.776 0.050
17 20 0.527 1.163
17 21 4.215 0.658
17 22 0.389 3.566
17 23 1.230 0.174
17 24 1.628 4.465
17 25 3.410 4.244
17 26 3.795 1.653
17 27 0.426 0.074
17 28 3.210 0.549
17 29 4.263 3.312
17 30 3.981 0.152
17 31 4.277 1.771
17 32 3.733 2.932
17 33 4.843 1.857
17 34 3.410 1.167
17 35 2.008 0.574
17 36 3.374 8.000
17 37 2.642 1.951
17 38 1.652 0.562
17 39 4.759 0.827
17 40 2.022 0.722
17 41 0.816 3.343
17 42 1.428 3.979
17 43 2.957 6.201
17 44 0.391 0.715
17 45 1.149 1.069
17 46 0.265 2.982
17 47 1.520 2.055
17 48 4.648 2.761
17 49 1.737 1.247
18 19 0.401 8.020
18 20 1.287 0.524
18 21 0.033 1.399
18 22 2.285 6.789
18 23 3.265 2.234
18 24 2.572 4.239
18 25 1.338 6.825
18 26 0.240 0.273
18 27 3.187 6.166
18 28 4.370 1.894
18 29 0.345 5.869
18 30 0.329 6.436
18 31 4.815 7.741
18 32 4.350 0.340
18 33 0.737 0.162
18 34 4.183 0.012
18 35 3.908 0.112
18 36 2.222 3.350
18 37 1.484 1.656
18 38 1.538 0.015
18 39 4.330 0.247
18 40 0.500 5.705
18 41 0.469 0.125
18 42 4.143 3.099
18 43 1.077 0.298
18 44 2.379 4.086
18 45 3.786 3.901
18 46 2.874 1.154
18 47 0.877 7.223
18 48 4.059 4.137
18 49 4.261 3.203
19 20 2.189 2.313
19 21 4.944 0.053
19 22 1.226 0.319
19 23 2.066 0.033
19 24 0.700 7.941
19 25 1.573 6.374
19 26 1.372 2.634
19 27 2.501 1.954
19 28 3.296 0.420
19 29 0.729 0.034
19 30 0.967 0.677
19 31 2.082 8.158
19 32 0.347 0.575
19 33 4.924 1.028
19 34 0.843 0.647
19 35 1.070 4.065
19 36 0.847 0.076
19 37 3.312 0.121
19 38 2.577 0.567
19 39 0.734 7.546
19 40 4.938 1.026
19 41 3.260 0.331
19 42 3.669 1.700
19 43 3.161 1.329
19 44 1.592 7.648
19 45 4.686 1.006
19 46 3.691 1.691
19 47 2.716 7.121
19 48 0.765 0.518
19 49 1.254 0.232
20 21 1.438 0.116
20 22 1.234 4.588
20 23 4.766 0.046
20 24 4.100 0.466
20 25 1.257 1.646
20 26 1.051 2.264
20 27 1.319 0.233
20 28 0.805 6.877
20 29 4.492 4.740
20 30 2.127 1.031
20 31 1.651 2.499
20 32 1.544 0.178
20 33 1.589 0.054
20 34 0.517 1.401
20 35 4.039 2.978
20 36 4.611 5.070
20 37 2.114 3.828
20 38 0.000 4.844
20 39 0.519 1.813
20 40 4.076 0.046
20 41 1.644 8.043
20 42 3.312 2.823
20 43 4.062 0.892
20 44 1.606 3.301
20 45 1.641 2.907
20 46 1.255 1.215
20 47 0.449 1.401
20 48 4.079 5.419
20 49 4.031 4.806
21 22 1.451 0.271
21 23 4.368 0.189
21 24 4.796 5.062
21 25 4.505 6.527
21 26 2.955 2.295
21 27 3.048 0.909
21 28 1.464 0.791
21 29 1.723 1.517
21 30 3.065 0.123
21 31 1.059 7.242
21 32 4.602 1.420
21 33 0.203 2.850
21 34 0.064 1.113
21 35 0.183 3.815
21 36 2.097 0.015
21 37 3.962 1.359
21 38 4.845 0.023
21 39 4.620 0.528
21 40 1.653 0.206
21 41 3.472 3.000
21 42 2.281 3.259
21 43 2.235 1.156
21 44 4.608 3.390
21 45 0.929 7.546
21 46 1.963 1.124
21 47 3.765 0.733
21 48 2.256 7.477
21 49 3.362 1.561
22 23 2.577 0.206
22 24 0.658 1.118
22 25 0.452 0.056
22 26 1.057 4.404
22 27 4.640 2.732
22 28 2.348 6.418
22 29 1.896 1.076
22 30 1.162 1.240
22 31 3.496 6.038
22 32 4.279 0.142
22 33 3.644 0.002
22 34 1.916 0.950
22 35 0.735 4.165
22 36 2.125 5.304
22 37 1.138 7.935
22 38 3.370 6.401
22 39 4.106 1.512
22 40 1.221 1.000
22 41 3.840 2.512
22 42 0.125 6.235
22 43 4.958 0.176
22 44 1.478 2.444
22 45 1.319 1.946
22 46 3.496 0.327
22 47 1.050 1.978
22 48 0.082 1.882
22 49 1.050 5.970
23 24 3.323 4.778
23 25 1.279 5.576
23 26 4.158 0.212
23 27 4.495 3.377
23 28 0.813 0.640
23 29 1.981 7.480
23 30 1.227 5.285
23 31 4.869 3.674
23 32 3.997 0.000
23 33 4.719 5.686
23 34 2.765 1.508
23 35 2.371 1.824
23 36 1.919 6.421
23 37 4.392 6.548
23 38 1.919 3.093
23 39 2.167 0.231
23 40 4.374 0.834
23 41 1.981 6.412
23 42 1.473 0.415
23 43 0.904 2.441
23 44 4.155 0.320
23 45 4.553 1.624
23 46 3.946 1.375
23 47 4.593 0.040
23 48 3.561 2.615
23 49 3.533 2.879
24 25 0.731 2.320
24 26 1.336 1.364
24 27 3.527 4.074
24 28 4.618 6.158
24 29 1.194 4.034
24 30 4.298 3.358
24 31 1.452 2.092
24 32 2.444 2.856
24 33 2.699 8.161
24 34 2.652 7.032
24 35 0.999 1.558
24 36 4.822 1.509
24 37 1.982 0.795
24 38 1.964 0.077
24 39 1.725 5.771
24 40 4.801 2.842
24 41 3.412 5.705
24 42 4.741 0.581
24 43 1.989 0.608
24 44 2.491 0.109
24 45 1.260 0.213
24 46 3.684 5.880
24 47 2.986 0.152
24 48 2.809 0.808
24 49 0.493 4.915
25 26 3.361 2.895
25 27 1.525 5.970
25 28 3.151 1.054
25 29 4.005 5.333
25 30 2.703 0.435
25 31 2.134 1.202
25 32 4.699 3.799
25 33 4.774 1.487
25 34 2.675 1.941
25 35 0.065 0.488
25 36 2.469 0.099
25 37 2.836 1.952
25 38 4.417 7.540
25 39 4.811 3.739
25 40 1.829 5.328
25 41 0.372 6.342
25 42 3.462 6.892
25 43 4.364 2.675
25 44 4.168 1.213
25 45 4.122 5.799
25 46 2.521 4.698
25 47 4.838 0.572
25 48 0.714 0.239
25 49 1.062 0.333
26 27 1.641 4.421
26 28 3.408 1.898
26 29 1.040 1.780
26 30 2.028 0.023
26 31 1.915 0.420
26 32 3.884 2.355
26 33 2.198 3.514
26 34 4.668 2.341
26 35 4.327 5.093
26 36 2.693 5.511
26 37 0.118 1.038
26 38 0.333 2.439
26 39 2.237 5.203
26 40 3.892 0.405
26 41 1.183 5.900
26 42 2.863 0.349
26 43 0.343 0.064
26 44 0.950 3.345
26 45 3.857 0.017
26 46 2.148 5.432
26 47 3.454 8.062
26 48 1.754 0.769
26 49 1.928 4.053
27 28 1.541 2.221
27 29 4.533 1.728
27 30 0.824 0.169
27 31 2.535 0.392
27 32 1.667 0.009
27 33 1.308 1.662
27 34 0.690 7.780
27 35 0.674 6.447
27 36 2.625 0.098
27 37 0.096 7.242
27 38 0.158 4.568
27 39 3.038 5.998
27 40 4.576 6.178
27 41 3.687 2.519
27 42 4.473 6.660
27 43 4.529 3.881
27 44 0.001 2.112
27 45 4.554 7.192
27 46 4.750 0.865
27 47 1.175 2.017
27 48 2.575 0.637
27 49 1.257 0.323
28 29 2.859 2.105
28 30 4.530 2.799
28 31 3.007 0.272
28 32 2.496 0.243
28 33 3.722 2.753
28 34 4.855 6.480
28 35 1.281 5.301
28 36 0.701 0.321
28 37 2.542 7.786
28 38 0.769 0.208
28 39 4.751 0.030
28 40 3.030 0.255
28 41 3.698 0.001
28 42 0.906 0.762
28 43 4.141 0.015
28 44 4.186 0.054
28 45 4.744 1.005
28 46 4.690 0.179
28 47 1.118 2.190
28 48 3.098 1.808
28 49 2.950 3.892
29 30 3.632 0.047
29 31 2.426 0.952
29 32 0.129 1.452
29 33 1.009 0.273
29 34 1.046 4.378
29 35 1.936 0.000
29 36 3.953 0.832
29 37 0.371 4.683
29 38 1.170 4.241
29 39 0.904 5.379
29 40 0.600 0.772
29 41 3.323 1.415
29 42 2.922 0.277
29 43 2.689 2.734
29 44 1.483 3.386
29 45 0.920 0.453
29 46 2.706 5.584
29 47 4.204 1.766
29 48 1.488 3.575
29 49 1.445 7.725
30 31 2.504 1.646
30 32 3.056 3.499
30 33 4.739 5.288
30 34 0.031 6.777
30 35 0.325 0.624
30 36 4.267 3.890
30 37 2.345 4.380
30 38 1.390 3.632
30 39 3.584 6.892
30 40 3.807 0.870
30 41 1.512 0.036
30 42 4.480 0.022
30 43 2.551 0.052
30 44 0.224 6.840
30 45 1.588 6.255
30 46 3.039 0.464
30 47 1.919 2.514
30 48 4.091 1.081
30 49 0.216 5.554
31 32 4.643 3.469
31 33 4.897 6.261
31 34 2.162 1.349
31 35 2.101 1.621
31 36 0.609 0.235
31 37 3.746 2.698
31 38 3.757 3.741
31 39 0.197 6.989
31 40 4.951 0.088
31 41 1.485 2.190
31 42 0.590 0.011
31 43 2.179 4.778
31 44 0.354 1.786
31 45 3.488 8.095
31 46 1.470 0.139
31 47 4.591 0.003
31 48 1.167 6.553
31 49 0.277 0.699
32 33 0.030 4.137
32 34 2.201 4.718
32 35 3.000 0.449
32 36 4.162 2.185
32 37 3.994 4.826
32 38 4.584 0.439
32 39 3.777 7.607
32 40 1.644 5.062
32 41 2.899 1.934
32 42 2.836 4.509
32 43 2.038 0.644
32 44 3.960 2.883
32 45 4.281 1.868
32 46 3.220 6.109
32 47 4.846 6.465
32 48 2.988 4.412
32 49 3.663 4.229
33 34 3.156 7.607
33 35 2.848 6.889
33 36 3.024 6.307
33 37 3.645 7.718
33 38 0.333 0.370
33 39 4.314 4.051
33 40 4.572 5.323
33 41 2.698 6.221
33 42 0.848 0.188
33 43 1.538 2.792
33 44 2.329 0.080
33 45 0.848 0.177
33 46 1.688 6.480
33 47 1.737 6.058
33 48 1.969 6.351
33 49 4.627 2.587
34 35 0.659 0.353
34 36 3.641 0.950
34 37 1.204 1.416
34 38 1.030 0.377
34 39 1.389 1.154
34 40 2.244 0.821
34 41 3.229 6.675
34 42 0.859 3.752
34 43 1.962 7.760
34 44 3.031 7.565
34 45 1.712 6.539
34 46 4.316 0.104
34 47 0.080 1.309
34 48 3.778 0.376
34 49 3.585 7.420
35 36 1.771 1.449
35 37 2.196 2.278
35 38 0.086 1.947
35 39 0.234 0.775
35 40 4.246 0.160
35 41 3.664 0.287
35 42 3.333 2.574
35 43 3.036 6.063
35 44 0.069 4.829
35 45 1.811 0.007
35 46 0.790 0.101
35 47 0.418 7.870
35 48 2.890 0.268
35 49 4.720 6.302
36 37 1.951 0.450
36 38 0.507 0.638
36 39 2.917 3.407
36 40 4.201 0.845
36 41 2.119 0.872
36 42 0.233 1.655
36 43 2.644 0.218
36 44 4.001 2.621
36 45 3.173 5.519
36 46 4.880 8.317
36 47 3.870 5.785
36 48 2.015 0.018
36 49 4.137 1.066
37 38 3.749 0.166
37 39 4.270 6.744
37 40 1.935 1.968
37 41 3.275 0.317
37 42 4.065 0.075
37 43 2.925 2.506
37 44 0.157 2.510
37 45 3.130 0.721
37 46 1.141 4.424
37 47 0.331 0.452
37 48 3.844 2.117
37 49 3.936 0.090
38 39 2.808 5.609
38 40 3.008 2.677
38 41 1.895 6.123
38 42 4.786 0.318
38 43 3.253 3.842
38 44 2.889 1.207
38 45 4.612 2.181
38 46 4.702 0.004
38 47 0.312 0.002
38 48 2.539 6.506
38 49 3.967 5.344
39 40 4.523 2.732
39 41 2.357 0.957
39 42 1.924 0.063
39 43 1.359 0.408
39 44 4.661 7.376
39 45 2.546 2.142
39 46 4.535 1.488
39 47 4.396 5.653
39 48 0.438 0.016
39 49 1.776 0.862
40 41 4.364 2.181
40 42 3.511 0.888
40 43 2.510 6.474
40 44 4.944 0.026
40 45 4.841 1.788
40 46 1.163 1.888
40 47 0.308 4.346
40 48 4.544 4.586
40 49 0.466 0.014
41 42 0.078 1.431
41 43 0.126 0.069
41 44 1.599 7.320
41 45 1.906 0.060
41 46 1.304 0.120
41 47 1.897 0.279
41 48 4.646 1.760
41 49 2.364 2.100
42 43 1.449 4.051
42 44 0.742 0.209
42 45 2.994 2.574
42 46 2.392 0.933
42 47 0.160 3.940
42 48 3.502 7.320
42 49 2.153 0.903
43 44 2.473 2.176
43 45 0.230 6.072
43 46 0.122 3.910
43 47 4.780 0.006
43 48 1.409 1.078
43 49 2.000 4.758
44 45 3.548 3.632
44 46 2.665 1.830
44 47 4.134 0.010
44 48 3.699 0.387
44 49 3.448 0.312
45 46 3.714 3.187
45 47 1.873 4.088
45 48 3.438 5.039
45 49 1.926 0.109
46 47 0.143 0.079
46 48 2.992 5.206
46 49 1.266 0.812
47 48 1.793 2.346
47 49 1.894 0.101
48 49 3.688 5.824
