50
93.66
0 1 6.699 1.357
0 2 4.652 1.696
0 3 5.576 0.085
0 4 6.301 2.348
0 5 7.412 2.396
0 6 6.526 0.968
0 7 8.964 0.206
0 8 7.092 1.393
0 9 8.221 1.653
0 10 0.265 2.731
0 11 0.22 2.189
0 12 0.065 2.481
0 13 0.14 2.512
0 14 0.355 2.977
0 15 0.11 2.113
0 16 0.08 2.672
0 17 0.415 2.587
0 18 0.08 2.601
0 19 0.46 2.301
0 20 0.03 2.296
0 21 0.1 2.529
0 22 0.215 2.374
0 23 0.49 2.27
0 24 0.35 2.232
0 25 0.085 2.863
0 26 0.375 2.199
0 27 0.075 2.171
0 28 0.17 2.097
0 29 0.47 2.861
0 30 0.14 2.387
0 31 0.105 2.304
0 32 0.405 2.029
0 33 0.165 2.69
0 34 0.355 2.678
0 35 0.355 2.224
0 36 0.215 2.107
0 37 0.46 2.704
0 38 0.265 2.604
0 39 0.025 2.335
0 40 0.385 2.605
0 41 0.495 2.381
0 42 0.295 2.02
0 43 0.445 2.127
0 44 0.16 2.565
0 45 0.01 2.694
0 46 0.26 2.876
0 47 0.455 2.421
0 48 0.295 2.365
0 49 0.125 2.91
1 2 0.834 0.956
1 3 4.387 2.426
1 4 9.759 1.711
1 5 5.13 1.623
1 6 6.781 0.99
1 7 0.889 1.805
1 8 2.201 0.7
1 9 8.747 0.84
1 10 0.19 2.576
1 11 0.245 2.307
1 12 0.135 2.257
1 13 0.29 2.119
1 14 0.27 2.5
1 15 0.265 2.628
1 16 0.155 2.078
1 17 0.34 2.984
1 18 0.29 2.519
1 19 0.415 2.194
1 20 0.12 2.592
1 21 0.115 2.495
1 22 0.415 2.583
1 23 0.26 2.085
1 24 0.02 2.165
1 25 0.26 2.746
1 26 0.365 2.729
1 27 0.235 2.714
1 28 0.12 2.738
1 29 0.005 2.002
1 30 0.11 2.069
1 31 0.43 2.53
1 32 0.14 2.297
1 33 0.2 2.576
1 34 0.4 2.605
1 35 0.04 2.512
1 36 0.095 2.302
1 37 0.195 2.286
1 38 0.47 2.953
1 39 0.425 2.844
1 40 0.025 2.784
1 41 0.1 2.513
1 42 0.005 2.298
1 43 0.045 2.419
1 44 0.46 2.06
1 45 0.26 2.125
1 46 0.0 2.17
1 47 0.01 2.068
1 48 0.095 2.276
1 49 0.215 2.791
2 3 0.191 1.012
2 4 6.448 1.452
2 5 5.0 2.154
2 6 0.506 0.986
2 7 1.387 1.974
2 8 1.038 0.874
2 9 8.857 2.694
2 10 0.25 2.873
2 11 0.255 2.652
2 12 0.245 2.243
2 13 0.22 2.455
2 14 0.425 2.648
2 15 0.26 2.418
2 16 0.27 2.257
2 17 0.385 2.984
2 18 0.22 2.896
2 19 0.22 2.258
2 20 0.37 2.874
2 21 0.25 2.264
2 22 0.265 2.054
2 23 0.195 2.777
2 24 0.155 2.841
2 25 0.06 2.265
2 26 0.01 2.947
2 27 0.43 2.292
2 28 0.11 2.644
2 29 0.355 2.842
2 30 0.045 2.703
2 31 0.195 2.186
2 32 0.14 2.371
2 33 0.38 2.285
2 34 0.385 2.559
2 35 0.005 2.233
2 36 0.085 2.858
2 37 0.17 2.905
2 38 0.285 2.148
2 39 0.355 2.814
2 40 0.1 2.319
2 41 0.055 2.154
2 42 0.46 2.083
2 43 0.055 2.143
2 44 0.04 2.915
2 45 0.21 2.07
2 46 0.08 2.944
2 47 0.095 2.924
2 48 0.02 2.981
2 49 0.265 2.045
3 4 9.93 1.63
3 5 4.692 0.871
3 6 8.277 0.816
3 7 6.474 1.068
3 8 3.634 2.483
3 9 0.824 2.03
3 10 0.0 2.974
3 11 0.34 2.059
3 12 0.075 2.847
3 13 0.27 2.205
3 14 0.01 2.09
3 15 0.22 2.321
3 16 0.22 2.483
3 17 0.38 2.907
3 18 0.215 2.015
3 19 0.045 2.126
3 20 0.205 2.407
3 21 0.235 2.132
3 22 0.11 2.644
3 23 0.24 2.796
3 24 0.48 2.576
3 25 0.185 2.789
3 26 0.235 2.949
3 27 0.46 2.969
3 28 0.37 2.208
3 29 0.065 2.199
3 30 0.16 2.018
3 31 0.14 2.044
3 32 0.31 2.744
3 33 0.425 2.284
3 34 0.03 2.056
3 35 0.16 2.8
3 36 0.255 2.413
3 37 0.2 2.218
3 38 0.06 2.439
3 39 0.395 2.592
3 40 0.075 2.1
3 41 0.395 2.58
3 42 0.045 2.138
3 43 0.155 2.767
3 44 0.07 2.474
3 45 0.125 2.256
3 46 0.005 2.103
3 47 0.475 2.192
3 48 0.295 2.593
3 49 0.28 2.628
4 5 7.567 0.866
4 6 1.422 2.272
4 7 9.211 1.87
4 8 6.004 0.019
4 9 1.14 2.878
4 10 0.255 2.445
4 11 0.055 2.038
4 12 0.12 2.425
4 13 0.355 2.803
4 14 0.27 2.485
4 15 0.035 2.219
4 16 0.295 2.013
4 17 0.08 2.921
4 18 0.445 2.014
4 19 0.13 2.126
4 20 0.385 2.223
4 21 0.06 2.79
4 22 0.28 2.338
4 23 0.13 2.552
4 24 0.495 2.293
4 25 0.31 2.386
4 26 0.415 2.945
4 27 0.47 2.952
4 28 0.365 2.639
4 29 0.17 2.979
4 30 0.265 2.868
4 31 0.15 2.439
4 32 0.115 2.617
4 33 0.235 2.895
4 34 0.4 2.093
4 35 0.49 2.144
4 36 0.395 2.206
4 37 0.055 2.214
4 38 0.245 2.573
4 39 0.2 2.857
4 40 0.475 2.823
4 41 0.405 2.88
4 42 0.42 2.694
4 43 0.035 2.074
4 44 0.28 2.709
4 45 0.22 2.035
4 46 0.085 2.271
4 47 0.245 2.857
4 48 0.195 2.615
4 49 0.225 2.566
5 6 9.043 2.252
5 7 9.667 1.801
5 8 4.029 2.255
5 9 2.93 1.008
5 10 0.345 2.409
5 11 0.355 2.141
5 12 0.375 2.731
5 13 0.075 2.153
5 14 0.35 2.798
5 15 0.225 2.396
5 16 0.05 2.068
5 17 0.315 2.323
5 18 0.38 2.301
5 19 0.175 2.778
5 20 0.485 2.751
5 21 0.195 2.294
5 22 0.275 2.881
5 23 0.39 2.162
5 24 0.175 2.935
5 25 0.43 2.618
5 26 0.3 2.234
5 27 0.11 2.714
5 28 0.245 2.288
5 29 0.185 2.899
5 30 0.02 2.687
5 31 0.115 2.882
5 32 0.43 2.262
5 33 0.13 2.096
5 34 0.06 2.198
5 35 0.2 2.96
5 36 0.25 2.6
5 37 0.025 2.194
5 38 0.01 2.55
5 39 0.45 2.619
5 40 0.125 2.793
5 41 0.04 2.256
5 42 0.16 2.057
5 43 0.27 2.041
5 44 0.205 2.432
5 45 0.0 2.119
5 46 0.095 2.374
5 47 0.145 2.562
5 48 0.425 2.683
5 49 0.375 2.263
6 7 4.912 1.652
6 8 6.576 0.851
6 9 0.134 2.194
6 10 0.45 2.234
6 11 0.44 2.963
6 12 0.36 2.315
6 13 0.14 2.622
6 14 0.295 2.207
6 15 0.405 2.8
6 16 0.09 2.012
6 17 0.485 2.349
6 18 0.08 2.803
6 19 0.45 2.425
6 20 0.41 2.913
6 21 0.235 2.814
6 22 0.35 2.498
6 23 0.125 2.585
6 24 0.37 2.592
6 25 0.245 2.346
6 26 0.485 2.527
6 27 0.09 2.755
6 28 0.185 2.93
6 29 0.35 2.493
6 30 0.355 2.521
6 31 0.33 2.583
6 32 0.29 2.589
6 33 0.44 2.824
6 34 0.475 2.308
6 35 0.01 2.104
6 36 0.335 2.053
6 37 0.425 2.526
6 38 0.2 2.484
6 39 0.145 2.615
6 40 0.075 2.428
6 41 0.455 2.342
6 42 0.355 2.564
6 43 0.11 2.356
6 44 0.295 2.463
6 45 0.36 2.592
6 46 0.105 2.807
6 47 0.445 2.384
6 48 0.43 2.514
6 49 0.01 2.315
7 8 8.675 2.893
7 9 4.906 0.842
7 10 0.17 2.042
7 11 0.285 2.297
7 12 0.24 2.38
7 13 0.22 2.797
7 14 0.46 2.08
7 15 0.005 2.694
7 16 0.49 2.246
7 17 0.19 2.995
7 18 0.46 2.544
7 19 0.29 2.511
7 20 0.28 2.171
7 21 0.38 2.645
7 22 0.245 2.194
7 23 0.37 2.65
7 24 0.13 2.835
7 25 0.005 2.058
7 26 0.16 2.086
7 27 0.44 2.512
7 28 0.245 2.504
7 29 0.335 2.876
7 30 0.28 2.147
7 31 0.215 2.357
7 32 0.425 2.417
7 33 0.245 2.317
7 34 0.49 2.983
7 35 0.42 2.623
7 36 0.125 2.052
7 37 0.41 2.664
7 38 0.025 2.03
7 39 0.42 2.597
7 40 0.485 2.977
7 41 0.37 2.034
7 42 0.01 2.352
7 43 0.465 2.089
7 44 0.085 2.249
7 45 0.14 2.679
7 46 0.205 2.686
7 47 0.14 2.999
7 48 0.43 2.562
7 49 0.22 2.357
8 9 2.616 1.72
8 10 0.135 2.556
8 11 0.11 2.925
8 12 0.24 2.6
8 13 0.09 2.52
8 14 0.06 2.546
8 15 0.08 2.2
8 16 0.255 2.308
8 17 0.21 2.364
8 18 0.35 2.057
8 19 0.315 2.01
8 20 0.41 2.034
8 21 0.315 2.995
8 22 0.325 2.136
8 23 0.285 2.485
8 24 0.31 2.751
8 25 0.38 2.223
8 26 0.38 2.205
8 27 0.195 2.909
8 28 0.145 2.814
8 29 0.235 2.782
8 30 0.355 2.769
8 31 0.1 2.43
8 32 0.185 2.958
8 33 0.445 2.961
8 34 0.035 2.448
8 35 0.105 2.945
8 36 0.275 2.499
8 37 0.205 2.942
8 38 0.065 2.901
8 39 0.185 2.017
8 40 0.225 2.941
8 41 0.135 2.352
8 42 0.005 2.476
8 43 0.305 2.0
8 44 0.21 2.449
8 45 0.455 2.799
8 46 0.39 2.677
8 47 0.18 2.748
8 48 0.42 2.886
8 49 0.115 2.417
9 10 0.385 2.775
9 11 0.02 2.558
9 12 0.235 2.389
9 13 0.24 2.682
9 14 0.135 2.139
9 15 0.425 2.245
9 16 0.445 2.671
9 17 0.135 2.031
9 18 0.11 2.127
9 19 0.045 2.487
9 20 0.09 2.52
9 21 0.395 2.032
9 22 0.35 2.618
9 23 0.33 2.838
9 24 0.08 2.195
9 25 0.28 2.153
9 26 0.1 2.516
9 27 0.275 2.056
9 28 0.045 2.681
9 29 0.02 2.372
9 30 0.05 2.8
9 31 0.295 2.637
9 32 0.245 2.002
9 33 0.48 2.165
9 34 0.36 2.973
9 35 0.28 2.696
9 36 0.24 2.061
9 37 0.145 2.637
9 38 0.495 2.966
9 39 0.305 2.601
9 40 0.45 2.704
9 41 0.07 2.817
9 42 0.26 2.846
9 43 0.255 2.992
9 44 0.02 2.966
9 45 0.0 2.374
9 46 0.305 2.909
9 47 0.05 2.087
9 48 0.37 2.713
9 49 0.11 2.3
10 11 0.297 2.919
10 12 2.713 1.219
10 13 6.72 2.725
10 14 3.149 1.765
10 15 0.497 1.674
10 16 4.719 2.527
10 17 3.796 1.395
10 18 7.513 1.322
10 19 9.358 2.862
10 20 0.285 2.985
10 21 0.085 2.42
10 22 0.07 2.129
10 23 0.235 2.298
10 24 0.14 2.031
10 25 0.22 2.394
10 26 0.28 2.762
10 27 0.325 2.922
10 28 0.465 2.367
10 29 0.235 2.316
10 30 0.0 2.078
10 31 0.31 2.716
10 32 0.185 2.106
10 33 0.32 2.785
10 34 0.175 2.739
10 35 0.24 2.895
10 36 0.25 2.637
10 37 0.275 2.591
10 38 0.235 2.053
10 39 0.26 2.312
10 40 0.255 2.226
10 41 0.22 2.515
10 42 0.225 2.314
10 43 0.42 2.748
10 44 0.095 2.077
10 45 0.25 2.677
10 46 0.42 2.972
10 47 0.19 2.795
10 48 0.165 2.426
10 49 0.125 2.326
11 12 4.646 1.616
11 13 5.417 0.635
11 14 0.081 1.045
11 15 1.727 0.966
11 16 9.357 1.009
11 17 7.61 1.045
11 18 2.71 2.611
11 19 1.111 2.643
11 20 0.385 2.867
11 21 0.475 2.838
11 22 0.005 2.507
11 23 0.115 2.214
11 24 0.035 2.948
11 25 0.13 2.917
11 26 0.215 2.473
11 27 0.355 2.949
11 28 0.405 2.222
11 29 0.13 2.487
11 30 0.215 2.597
11 31 0.1 2.976
11 32 0.065 2.859
11 33 0.085 2.341
11 34 0.465 2.342
11 35 0.02 2.078
11 36 0.45 2.677
11 37 0.04 2.221
11 38 0.415 2.125
11 39 0.095 2.536
11 40 0.425 2.464
11 41 0.485 2.883
11 42 0.13 2.864
11 43 0.005 2.35
11 44 0.105 2.833
11 45 0.21 2.634
11 46 0.07 2.641
11 47 0.45 2.165
11 48 0.375 2.578
11 49 0.31 2.617
12 13 6.538 0.043
12 14 5.574 2.852
12 15 9.674 0.345
12 16 6.271 2.532
12 17 5.504 1.192
12 18 5.063 0.472
12 19 9.624 0.166
12 20 0.225 2.047
12 21 0.37 2.794
12 22 0.045 2.733
12 23 0.13 2.356
12 24 0.275 2.071
12 25 0.355 2.477
12 26 0.205 2.791
12 27 0.155 2.337
12 28 0.355 2.578
12 29 0.495 2.286
12 30 0.055 2.791
12 31 0.03 2.638
12 32 0.24 2.741
12 33 0.075 2.302
12 34 0.44 2.235
12 35 0.39 2.886
12 36 0.285 2.993
12 37 0.245 2.478
12 38 0.205 2.029
12 39 0.37 2.05
12 40 0.265 2.325
12 41 0.275 2.307
12 42 0.285 2.916
12 43 0.33 2.85
12 44 0.085 2.033
12 45 0.28 2.725
12 46 0.395 2.109
12 47 0.38 2.793
12 48 0.39 2.223
12 49 0.235 2.85
13 14 5.495 1.089
13 15 5.429 0.621
13 16 4.219 0.854
13 17 6.782 1.969
13 18 7.199 0.385
13 19 7.765 1.843
13 20 0.08 2.076
13 21 0.485 2.112
13 22 0.125 2.671
13 23 0.445 2.497
13 24 0.065 2.676
13 25 0.43 2.123
13 26 0.01 2.864
13 27 0.115 2.572
13 28 0.065 2.127
13 29 0.29 2.771
13 30 0.1 2.307
13 31 0.29 2.776
13 32 0.235 2.486
13 33 0.375 2.387
13 34 0.165 2.429
13 35 0.145 2.231
13 36 0.065 2.618
13 37 0.47 2.922
13 38 0.405 2.655
13 39 0.15 2.948
13 40 0.24 2.85
13 41 0.255 2.178
13 42 0.305 2.51
13 43 0.335 2.27
13 44 0.01 2.768
13 45 0.315 2.806
13 46 0.095 2.792
13 47 0.395 2.678
13 48 0.315 2.871
13 49 0.485 2.095
14 15 0.723 0.412
14 16 4.389 1.208
14 17 7.982 1.567
14 18 2.094 2.094
14 19 1.653 0.11
14 20 0.22 2.187
14 21 0.115 2.625
14 22 0.445 2.034
14 23 0.14 2.813
14 24 0.12 2.885
14 25 0.185 2.272
14 26 0.315 2.981
14 27 0.39 2.624
14 28 0.44 2.032
14 29 0.02 2.277
14 30 0.275 2.244
14 31 0.155 2.856
14 32 0.19 2.105
14 33 0.465 2.037
14 34 0.335 2.285
14 35 0.215 2.626
14 36 0.33 2.542
14 37 0.27 2.026
14 38 0.045 2.774
14 39 0.0 2.608
14 40 0.415 2.201
14 41 0.41 2.115
14 42 0.47 2.197
14 43 0.485 2.944
14 44 0.125 2.492
14 45 0.435 2.026
14 46 0.48 2.275
14 47 0.19 2.095
14 48 0.035 2.257
14 49 0.12 2.318
15 16 5.908 0.155
15 17 1.761 1.397
15 18 7.183 0.797
15 19 5.94 1.008
15 20 0.41 2.886
15 21 0.375 2.618
15 22 0.17 2.723
15 23 0.435 2.539
15 24 0.025 2.454
15 25 0.23 2.166
15 26 0.49 2.13
15 27 0.27 2.445
15 28 0.24 2.014
15 29 0.375 2.217
15 30 0.095 2.844
15 31 0.2 2.435
15 32 0.14 2.402
15 33 0.17 2.308
15 34 0.03 2.054
15 35 0.03 2.585
15 36 0.08 2.285
15 37 0.005 2.783
15 38 0.21 2.371
15 39 0.105 2.934
15 40 0.125 2.98
15 41 0.26 2.342
15 42 0.165 2.925
15 43 0.41 2.916
15 44 0.37 2.282
15 45 0.31 2.888
15 46 0.305 2.782
15 47 0.095 2.079
15 48 0.175 2.742
15 49 0.11 2.469
16 17 1.995 2.105
16 18 6.137 1.063
16 19 1.493 2.25
16 20 0.19 2.764
16 21 0.38 2.486
16 22 0.045 2.116
16 23 0.41 2.304
16 24 0.215 2.009
16 25 0.08 2.45
16 26 0.49 2.929
16 27 0.44 2.19
16 28 0.025 2.849
16 29 0.455 2.483
16 30 0.335 2.373
16 31 0.315 2.788
16 32 0.25 2.841
16 33 0.0 2.62
16 34 0.075 2.991
16 35 0.285 2.578
16 36 0.13 2.028
16 37 0.48 2.497
16 38 0.455 2.854
16 39 0.32 2.479
16 40 0.4 2.769
16 41 0.195 2.842
16 42 0.14 2.181
16 43 0.37 2.425
16 44 0.235 2.71
16 45 0.435 2.264
16 46 0.445 2.628
16 47 0.15 2.406
16 48 0.42 2.743
16 49 0.42 2.483
17 18 1.796 1.32
17 19 3.735 1.506
17 20 0.175 2.681
17 21 0.37 2.742
17 22 0.17 2.021
17 23 0.44 2.406
17 24 0.345 2.877
17 25 0.175 2.615
17 26 0.175 2.364
17 27 0.18 2.686
17 28 0.075 2.796
17 29 0.36 2.129
17 30 0.46 2.649
17 31 0.26 2.654
17 32 0.095 2.046
17 33 0.41 2.406
17 34 0.375 2.997
17 35 0.19 2.783
17 36 0.045 2.684
17 37 0.185 2.507
17 38 0.07 2.858
17 39 0.02 2.06
17 40 0.2 2.791
17 41 0.04 2.18
17 42 0.05 2.312
17 43 0.17 2.931
17 44 0.47 2.147
17 45 0.475 2.711
17 46 0.395 2.176
17 47 0.405 2.695
17 48 0.155 2.229
17 49 0.265 2.404
18 19 4.603 2.188
18 20 0.445 2.748
18 21 0.26 2.502
18 22 0.06 2.967
18 23 0.085 2.447
18 24 0.38 2.263
18 25 0.095 2.345
18 26 0.14 2.99
18 27 0.155 2.19
18 28 0.14 2.408
18 29 0.3 2.698
18 30 0.035 2.296
18 31 0.23 2.113
18 32 0.445 2.455
18 33 0.165 2.682
18 34 0.45 2.57
18 35 0.31 2.982
18 36 0.075 2.873
18 37 0.15 2.915
18 38 0.015 2.596
18 39 0.475 2.987
18 40 0.445 2.476
18 41 0.235 2.433
18 42 0.235 2.48
18 43 0.07 2.861
18 44 0.32 2.45
18 45 0.46 2.335
18 46 0.475 2.628
18 47 0.435 2.268
18 48 0.025 2.841
18 49 0.06 2.033
19 20 0.4 2.701
19 21 0.015 2.961
19 22 0.25 2.335
19 23 0.46 2.267
19 24 0.42 2.993
19 25 0.41 2.494
19 26 0.475 2.414
19 27 0.405 2.268
19 28 0.425 2.941
19 29 0.465 2.501
19 30 0.46 2.213
19 31 0.155 2.717
19 32 0.09 2.727
19 33 0.115 2.81
19 34 0.47 2.665
19 35 0.34 2.402
19 36 0.25 2.183
19 37 0.35 2.923
19 38 0.08 2.775
19 39 0.09 2.701
19 40 0.41 2.439
19 41 0.39 2.609
19 42 0.325 2.083
19 43 0.31 2.302
19 44 0.11 2.047
19 45 0.035 2.656
19 46 0.34 2.669
19 47 0.495 2.797
19 48 0.475 2.51
19 49 0.07 2.031
20 21 1.491 1.07
20 22 6.332 2.894
20 23 9.101 2.254
20 24 5.821 2.476
20 25 3.675 2.305
20 26 8.182 1.481
20 27 1.418 0.741
20 28 2.63 0.851
20 29 9.79 0.523
20 30 0.1 2.274
20 31 0.155 2.041
20 32 0.46 2.445
20 33 0.005 2.979
20 34 0.02 2.366
20 35 0.02 2.432
20 36 0.265 2.83
20 37 0.22 2.826
20 38 0.305 2.237
20 39 0.36 2.493
20 40 0.31 2.035
20 41 0.045 2.507
20 42 0.155 2.464
20 43 0.315 2.41
20 44 0.39 2.602
20 45 0.105 2.086
20 46 0.36 2.311
20 47 0.315 2.418
20 48 0.185 2.982
20 49 0.235 2.79
21 22 2.038 1.7
21 23 2.519 2.491
21 24 5.739 1.282
21 25 4.978 1.366
21 26 3.147 0.615
21 27 4.386 0.41
21 28 6.085 1.788
21 29 9.344 0.633
21 30 0.16 2.908
21 31 0.245 2.176
21 32 0.075 2.68
21 33 0.015 2.329
21 34 0.2 2.295
21 35 0.24 2.534
21 36 0.48 2.518
21 37 0.485 2.516
21 38 0.155 2.641
21 39 0.415 2.323
21 40 0.19 2.971
21 41 0.315 2.457
21 42 0.14 2.255
21 43 0.18 2.078
21 44 0.43 2.795
21 45 0.335 2.84
21 46 0.22 2.18
21 47 0.33 2.828
21 48 0.0 2.379
21 49 0.34 2.073
22 23 5.341 2.989
22 24 0.977 0.346
22 25 7.495 0.818
22 26 3.662 0.84
22 27 1.325 0.678
22 28 6.705 1.077
22 29 9.205 1.732
22 30 0.36 2.494
22 31 0.13 2.351
22 32 0.47 2.555
22 33 0.35 2.317
22 34 0.405 2.614
22 35 0.41 2.537
22 36 0.45 2.805
22 37 0.045 2.657
22 38 0.185 2.207
22 39 0.205 2.759
22 40 0.26 2.082
22 41 0.245 2.952
22 42 0.1 2.534
22 43 0.08 2.383
22 44 0.2 2.695
22 45 0.465 2.117
22 46 0.445 2.307
22 47 0.02 2.835
22 48 0.05 2.97
22 49 0.085 2.866
23 24 9.628 2.443
23 25 7.84 1.321
23 26 2.783 1.914
23 27 4.384 2.653
23 28 1.908 2.328
23 29 8.563 1.142
23 30 0.18 2.387
23 31 0.25 2.84
23 32 0.175 2.641
23 33 0.45 2.188
23 34 0.145 2.926
23 35 0.055 2.755
23 36 0.205 2.182
23 37 0.27 2.065
23 38 0.07 2.75
23 39 0.355 2.121
23 40 0.36 2.53
23 41 0.235 2.208
23 42 0.255 2.1
23 43 0.215 2.837
23 44 0.12 2.916
23 45 0.075 2.836
23 46 0.48 2.037
23 47 0.31 2.607
23 48 0.13 2.748
23 49 0.21 2.75
24 25 9.907 1.938
24 26 8.747 1.876
24 27 1.701 2.979
24 28 0.095 1.462
24 29 8.249 0.624
24 30 0.245 2.115
24 31 0.41 2.533
24 32 0.245 2.767
24 33 0.435 2.246
24 34 0.135 2.128
24 35 0.49 2.026
24 36 0.32 2.926
24 37 0.095 2.615
24 38 0.255 2.045
24 39 0.355 2.406
24 40 0.015 2.694
24 41 0.345 2.26
24 42 0.165 2.428
24 43 0.145 2.853
24 44 0.315 2.752
24 45 0.31 2.698
24 46 0.065 2.954
24 47 0.335 2.594
24 48 0.42 2.285
24 49 0.46 2.968
25 26 5.881 1.796
25 27 4.04 0.449
25 28 8.886 1.218
25 29 8.251 1.382
25 30 0.455 2.842
25 31 0.35 2.468
25 32 0.39 2.318
25 33 0.205 2.208
25 34 0.145 2.28
25 35 0.19 2.273
25 36 0.435 2.821
25 37 0.33 2.43
25 38 0.21 2.19
25 39 0.355 2.534
25 40 0.065 2.524
25 41 0.02 2.754
25 42 0.495 2.893
25 43 0.315 2.589
25 44 0.11 2.65
25 45 0.355 2.628
25 46 0.435 2.534
25 47 0.01 2.128
25 48 0.225 2.038
25 49 0.21 2.796
26 27 8.358 1.048
26 28 3.562 1.021
26 29 9.448 0.578
26 30 0.115 2.324
26 31 0.36 2.598
26 32 0.02 2.347
26 33 0.3 2.039
26 34 0.125 2.941
26 35 0.065 2.1
26 36 0.245 2.3
26 37 0.46 2.958
26 38 0.245 2.68
26 39 0.405 2.682
26 40 0.385 2.188
26 41 0.14 2.315
26 42 0.415 2.167
26 43 0.055 2.175
26 44 0.37 2.075
26 45 0.11 2.705
26 46 0.2 2.729
26 47 0.39 2.955
26 48 0.025 2.42
26 49 0.38 2.579
27 28 8.176 2.25
27 29 6.261 1.304
27 30 0.425 2.763
27 31 0.05 2.293
27 32 0.12 2.068
27 33 0.26 2.882
27 34 0.035 2.656
27 35 0.49 2.165
27 36 0.01 2.828
27 37 0.22 2.834
27 38 0.02 2.12
27 39 0.01 2.69
27 40 0.425 2.075
27 41 0.265 2.617
27 42 0.255 2.003
27 43 0.255 2.572
27 44 0.13 2.108
27 45 0.23 2.986
27 46 0.31 2.921
27 47 0.48 2.206
27 48 0.305 2.196
27 49 0.42 2.086
28 29 5.97 0.198
28 30 0.38 2.282
28 31 0.195 2.325
28 32 0.07 2.541
28 33 0.335 2.976
28 34 0.08 2.539
28 35 0.4 2.348
28 36 0.295 2.596
28 37 0.045 2.645
28 38 0.06 2.762
28 39 0.11 2.82
28 40 0.385 2.462
28 41 0.32 2.533
28 42 0.41 2.842
28 43 0.265 2.578
28 44 0.36 2.311
28 45 0.24 2.823
28 46 0.02 2.932
28 47 0.4 2.552
28 48 0.21 2.038
28 49 0.16 2.035
29 30 0.24 2.936
29 31 0.405 2.342
29 32 0.12 2.615
29 33 0.06 2.676
29 34 0.075 2.144
29 35 0.1 2.952
29 36 0.26 2.837
29 37 0.345 2.981
29 38 0.165 2.332
29 39 0.08 2.346
29 40 0.015 2.428
29 41 0.37 2.005
29 42 0.465 2.925
29 43 0.385 2.71
29 44 0.03 2.709
29 45 0.05 2.583
29 46 0.13 2.034
29 47 0.205 2.558
29 48 0.295 2.283
29 49 0.07 2.943
30 31 1.656 0.936
30 32 0.032 0.309
30 33 2.512 1.388
30 34 4.897 1.181
30 35 8.093 2.616
30 36 3.843 2.535
30 37 4.081 0.76
30 38 6.886 0.094
30 39 9.234 2.82
30 40 0.275 2.472
30 41 0.33 2.093
30 42 0.34 2.456
30 43 0.28 2.968
30 44 0.36 2.058
30 45 0.44 2.453
30 46 0.49 2.334
30 47 0.035 2.4
30 48 0.155 2.815
30 49 0.11 2.745
31 32 3.359 2.538
31 33 1.486 1.126
31 34 3.115 1.151
31 35 1.015 0.837
31 36 0.78 0.521
31 37 4.361 0.592
31 38 8.663 2.954
31 39 5.254 1.717
31 40 0.055 2.815
31 41 0.375 2.49
31 42 0.215 2.871
31 43 0.355 2.003
31 44 0.13 2.928
31 45 0.46 2.869
31 46 0.14 2.163
31 47 0.455 2.479
31 48 0.135 2.23
31 49 0.005 2.66
32 33 8.83 0.862
32 34 8.517 0.119
32 35 3.805 2.978
32 36 3.126 1.168
32 37 8.384 0.79
32 38 9.316 1.567
32 39 2.109 0.138
32 40 0.25 2.264
32 41 0.475 2.894
32 42 0.0 2.213
32 43 0.335 2.101
32 44 0.26 2.922
32 45 0.095 2.555
32 46 0.38 2.933
32 47 0.495 2.19
32 48 0.235 2.143
32 49 0.39 2.486
33 34 2.477 2.297
33 35 3.115 1.37
33 36 3.52 0.385
33 37 9.251 0.948
33 38 1.362 1.235
33 39 1.658 2.8
33 40 0.125 2.311
33 41 0.4 2.141
33 42 0.265 2.89
33 43 0.385 2.948
33 44 0.01 2.823
33 45 0.14 2.644
33 46 0.34 2.749
33 47 0.28 2.017
33 48 0.305 2.529
33 49 0.19 2.225
34 35 8.245 1.882
34 36 9.291 2.131
34 37 2.697 2.468
34 38 0.31 0.749
34 39 8.145 0.755
34 40 0.11 2.125
34 41 0.465 2.101
34 42 0.415 2.646
34 43 0.37 2.207
34 44 0.295 2.807
34 45 0.465 2.537
34 46 0.37 2.131
34 47 0.075 2.047
34 48 0.095 2.993
34 49 0.115 2.674
35 36 7.665 1.32
35 37 7.386 2.424
35 38 1.764 1.253
35 39 4.466 2.312
35 40 0.255 2.973
35 41 0.41 2.071
35 42 0.245 2.09
35 43 0.4 2.082
35 44 0.465 2.154
35 45 0.41 2.878
35 46 0.23 2.889
35 47 0.085 2.771
35 48 0.24 2.486
35 49 0.27 2.923
36 37 2.664 1.2
36 38 5.834 0.632
36 39 7.887 0.393
36 40 0.04 2.927
36 41 0.18 2.59
36 42 0.085 2.779
36 43 0.1 2.06
36 44 0.275 2.138
36 45 0.19 2.164
36 46 0.255 2.056
36 47 0.225 2.058
36 48 0.23 2.115
36 49 0.47 2.053
37 38 2.105 2.576
37 39 9.647 0.233
37 40 0.15 2.751
37 41 0.39 2.358
37 42 0.01 2.562
37 43 0.33 2.997
37 44 0.135 2.127
37 45 0.145 2.598
37 46 0.005 2.775
37 47 0.0 2.406
37 48 0.28 2.345
37 49 0.49 2.67
38 39 0.209 2.499
38 40 0.14 2.233
38 41 0.295 2.489
38 42 0.325 2.903
38 43 0.315 2.327
38 44 0.345 2.625
38 45 0.425 2.657
38 46 0.135 2.398
38 47 0.435 2.614
38 48 0.0 2.9
38 49 0.49 2.114
39 40 0.175 2.827
39 41 0.08 2.641
39 42 0.07 2.177
39 43 0.3 2.754
39 44 0.005 2.87
39 45 0.315 2.464
39 46 0.325 2.585
39 47 0.445 2.78
39 48 0.12 2.871
39 49 0.02 2.104
40 41 3.103 2.129
40 42 3.024 0.272
40 43 4.413 1.993
40 44 0.142 2.854
40 45 3.1 1.072
40 46 9.093 0.241
40 47 8.292 1.701
40 48 3.875 1.619
40 49 0.124 0.473
41 42 8.541 2.738
41 43 7.485 1.817
41 44 1.635 2.017
41 45 2.952 2.966
41 46 5.734 1.712
41 47 8.434 1.772
41 48 2.896 1.134
41 49 3.995 1.169
42 43 5.835 0.181
42 44 4.049 1.057
42 45 1.571 0.854
42 46 9.639 1.899
42 47 8.985 2.838
42 48 2.894 1.473
42 49 4.198 0.831
43 44 9.919 2.95
43 45 8.059 2.931
43 46 1.317 0.776
43 47 8.123 2.145
43 48 5.393 1.779
43 49 3.458 0.918
44 45 7.639 0.41
44 46 4.4 2.525
44 47 1.543 2.144
44 48 0.914 0.167
44 49 9.992 2.768
45 46 2.631 0.777
45 47 3.571 0.548
45 48 0.805 0.705
45 49 1.914 1.202
46 47 7.48 1.8
46 48 6.943 1.039
46 49 9.924 0.787
47 48 2.295 2.71
47 49 9.083 2.333
48 49 1.523 2.712