50
0.583
0 1 0.004 0.002
0 2 0.001 0.001
0 3 0.01 0.005
0 4 0.009 0.004
0 5 0.003 0.002
0 6 0.002 0.001
0 7 0.006 0.003
0 8 0.002 0.001
0 9 0.003 0.002
0 10 0.005 0.003
0 11 0.008 0.004
0 12 0.008 0.004
0 13 0.009 0.004
0 14 0.004 0.002
0 15 0.005 0.003
0 16 0.009 0.004
0 17 0.004 0.002
0 18 0.003 0.002
0 19 0.005 0.003
0 20 0.004 0.002
0 21 0.009 0.004
0 22 0.002 0.001
0 23 0.002 0.001
0 24 0.006 0.003
0 25 0.005 0.003
0 26 0.002 0.001
0 27 0.005 0.003
0 28 0.002 0.001
0 29 0.005 0.003
0 30 0.001 0.001
0 31 0.001 0.001
0 32 0.001 0.001
0 33 0.002 0.001
0 34 0.006 0.003
0 35 0.005 0.003
0 36 0.008 0.004
0 37 0.007 0.004
0 38 0.004 0.002
0 39 0.005 0.003
0 40 0.005 0.003
0 41 0.008 0.004
0 42 0.007 0.004
0 43 0.003 0.002
0 44 0.006 0.003
0 45 0.004 0.002
0 46 0.004 0.002
0 47 0.008 0.004
0 48 0.003 0.002
0 49 0.002 0.001
1 2 0.007 0.004
1 3 0.006 0.003
1 4 0.008 0.004
1 5 0.001 0.001
1 6 0.006 0.003
1 7 0.002 0.001
1 8 0.004 0.002
1 9 0.002 0.001
1 10 0.007 0.004
1 11 0.01 0.005
1 12 0.007 0.004
1 13 0.007 0.004
1 14 0.007 0.004
1 15 0.008 0.004
1 16 0.006 0.003
1 17 0.007 0.004
1 18 0.002 0.001
1 19 0.004 0.002
1 20 0.003 0.002
1 21 0.003 0.002
1 22 0.005 0.003
1 23 0.007 0.004
1 24 0.009 0.004
1 25 0.005 0.003
1 26 0.009 0.004
1 27 0.01 0.005
1 28 0.008 0.004
1 29 0.01 0.005
1 30 0.004 0.002
1 31 0.004 0.002
1 32 0.007 0.004
1 33 0.004 0.002
1 34 0.002 0.001
1 35 0.009 0.004
1 36 0.004 0.002
1 37 0.007 0.004
1 38 0.005 0.003
1 39 0.01 0.005
1 40 0.008 0.004
1 41 0.007 0.004
1 42 0.008 0.004
1 43 0.008 0.004
1 44 0.003 0.002
1 45 0.009 0.004
1 46 0.009 0.004
1 47 0.004 0.002
1 48 0.01 0.005
1 49 0.004 0.002
2 3 0.001 0.001
2 4 0.005 0.003
2 5 0.01 0.005
2 6 0.008 0.004
2 7 0.009 0.004
2 8 0.003 0.002
2 9 0.008 0.004
2 10 0.001 0.001
2 11 0.006 0.003
2 12 0.009 0.004
2 13 0.01 0.005
2 14 0.002 0.001
2 15 0.002 0.001
2 16 0.009 0.004
2 17 0.008 0.004
2 18 0.007 0.004
2 19 0.002 0.001
2 20 0.002 0.001
2 21 0.009 0.004
2 22 0.006 0.003
2 23 0.005 0.003
2 24 0.006 0.003
2 25 0.002 0.001
2 26 0.01 0.005
2 27 0.006 0.003
2 28 0.009 0.004
2 29 0.002 0.001
2 30 0.006 0.003
2 31 0.004 0.002
2 32 0.009 0.004
2 33 0.003 0.002
2 34 0.006 0.003
2 35 0.005 0.003
2 36 0.009 0.004
2 37 0.008 0.004
2 38 0.004 0.002
2 39 0.002 0.001
2 40 0.006 0.003
2 41 0.002 0.001
2 42 0.005 0.003
2 43 0.004 0.002
2 44 0.002 0.001
2 45 0.008 0.004
2 46 0.007 0.004
2 47 0.006 0.003
2 48 0.005 0.003
2 49 0.007 0.004
3 4 0.008 0.004
3 5 0.007 0.004
3 6 0.002 0.001
3 7 0.008 0.004
3 8 0.005 0.003
3 9 0.007 0.004
3 10 0.006 0.003
3 11 0.01 0.005
3 12 0.009 0.004
3 13 0.008 0.004
3 14 0.007 0.004
3 15 0.009 0.004
3 16 0.003 0.002
3 17 0.005 0.003
3 18 0.007 0.004
3 19 0.005 0.003
3 20 0.009 0.004
3 21 0.003 0.002
3 22 0.004 0.002
3 23 0.009 0.004
3 24 0.002 0.001
3 25 0.001 0.001
3 26 0.008 0.004
3 27 0.01 0.005
3 28 0.009 0.004
3 29 0.004 0.002
3 30 0.006 0.003
3 31 0.009 0.004
3 32 0.007 0.004
3 33 0.009 0.004
3 34 0.009 0.004
3 35 0.009 0.004
3 36 0.009 0.004
3 37 0.008 0.004
3 38 0.002 0.001
3 39 0.002 0.001
3 40 0.002 0.001
3 41 0.008 0.004
3 42 0.002 0.001
3 43 0.004 0.002
3 44 0.004 0.002
3 45 0.006 0.003
3 46 0.008 0.004
3 47 0.01 0.005
3 48 0.003 0.002
3 49 0.004 0.002
4 5 0.007 0.004
4 6 0.001 0.001
4 7 0.005 0.003
4 8 0.01 0.005
4 9 0.003 0.002
4 10 0.002 0.001
4 11 0.009 0.004
4 12 0.003 0.002
4 13 0.005 0.003
4 14 0.01 0.005
4 15 0.001 0.001
4 16 0.006 0.003
4 17 0.005 0.003
4 18 0.009 0.004
4 19 0.009 0.004
4 20 0.008 0.004
4 21 0.005 0.003
4 22 0.009 0.004
4 23 0.001 0.001
4 24 0.01 0.005
4 25 0.005 0.003
4 26 0.004 0.002
4 27 0.003 0.002
4 28 0.003 0.002
4 29 0.005 0.003
4 30 0.007 0.004
4 31 0.009 0.004
4 32 0.004 0.002
4 33 0.009 0.004
4 34 0.008 0.004
4 35 0.007 0.004
4 36 0.007 0.004
4 37 0.008 0.004
4 38 0.007 0.004
4 39 0.003 0.002
4 40 0.002 0.001
4 41 0.004 0.002
4 42 0.008 0.004
4 43 0.005 0.003
4 44 0.008 0.004
4 45 0.005 0.003
4 46 0.006 0.003
4 47 0.006 0.003
4 48 0.008 0.004
4 49 0.008 0.004
5 6 0.002 0.001
5 7 0.007 0.004
5 8 0.009 0.004
5 9 0.003 0.002
5 10 0.002 0.001
5 11 0.01 0.005
5 12 0.005 0.003
5 13 0.002 0.001
5 14 0.006 0.003
5 15 0.01 0.005
5 16 0.003 0.002
5 17 0.002 0.001
5 18 0.01 0.005
5 19 0.006 0.003
5 20 0.007 0.004
5 21 0.008 0.004
5 22 0.01 0.005
5 23 0.008 0.004
5 24 0.001 0.001
5 25 0.004 0.002
5 26 0.007 0.004
5 27 0.008 0.004
5 28 0.009 0.004
5 29 0.003 0.002
5 30 0.006 0.003
5 31 0.006 0.003
5 32 0.009 0.004
5 33 0.003 0.002
5 34 0.008 0.004
5 35 0.008 0.004
5 36 0.002 0.001
5 37 0.004 0.002
5 38 0.001 0.001
5 39 0.001 0.001
5 40 0.001 0.001
5 41 0.004 0.002
5 42 0.006 0.003
5 43 0.004 0.002
5 44 0.006 0.003
5 45 0.004 0.002
5 46 0.008 0.004
5 47 0.008 0.004
5 48 0.006 0.003
5 49 0.007 0.004
6 7 0.008 0.004
6 8 0.009 0.004
6 9 0.002 0.001
6 10 0.007 0.004
6 11 0.005 0.003
6 12 0.007 0.004
6 13 0.007 0.004
6 14 0.001 0.001
6 15 0.002 0.001
6 16 0.008 0.004
6 17 0.003 0.002
6 18 0.005 0.003
6 19 0.001 0.001
6 20 0.001 0.001
6 21 0.007 0.004
6 22 0.009 0.004
6 23 0.008 0.004
6 24 0.009 0.004
6 25 0.004 0.002
6 26 0.005 0.003
6 27 0.003 0.002
6 28 0.008 0.004
6 29 0.007 0.004
6 30 0.007 0.004
6 31 0.007 0.004
6 32 0.01 0.005
6 33 0.01 0.005
6 34 0.007 0.004
6 35 0.006 0.003
6 36 0.008 0.004
6 37 0.006 0.003
6 38 0.006 0.003
6 39 0.004 0.002
6 40 0.008 0.004
6 41 0.003 0.002
6 42 0.003 0.002
6 43 0.01 0.005
6 44 0.006 0.003
6 45 0.01 0.005
6 46 0.008 0.004
6 47 0.002 0.001
6 48 0.008 0.004
6 49 0.008 0.004
7 8 0.007 0.004
7 9 0.007 0.004
7 10 0.007 0.004
7 11 0.002 0.001
7 12 0.001 0.001
7 13 0.004 0.002
7 14 0.01 0.005
7 15 0.003 0.002
7 16 0.006 0.003
7 17 0.008 0.004
7 18 0.007 0.004
7 19 0.002 0.001
7 20 0.005 0.003
7 21 0.006 0.003
7 22 0.008 0.004
7 23 0.005 0.003
7 24 0.008 0.004
7 25 0.001 0.001
7 26 0.01 0.005
7 27 0.003 0.002
7 28 0.004 0.002
7 29 0.009 0.004
7 30 0.009 0.004
7 31 0.002 0.001
7 32 0.004 0.002
7 33 0.01 0.005
7 34 0.009 0.004
7 35 0.005 0.003
7 36 0.002 0.001
7 37 0.008 0.004
7 38 0.004 0.002
7 39 0.004 0.002
7 40 0.001 0.001
7 41 0.008 0.004
7 42 0.007 0.004
7 43 0.006 0.003
7 44 0.008 0.004
7 45 0.006 0.003
7 46 0.009 0.004
7 47 0.002 0.001
7 48 0.002 0.001
7 49 0.003 0.002
8 9 0.01 0.005
8 10 0.009 0.004
8 11 0.001 0.001
8 12 0.002 0.001
8 13 0.003 0.002
8 14 0.006 0.003
8 15 0.01 0.005
8 16 0.008 0.004
8 17 0.005 0.003
8 18 0.004 0.002
8 19 0.004 0.002
8 20 0.006 0.003
8 21 0.01 0.005
8 22 0.002 0.001
8 23 0.003 0.002
8 24 0.004 0.002
8 25 0.006 0.003
8 26 0.009 0.004
8 27 0.002 0.001
8 28 0.005 0.003
8 29 0.005 0.003
8 30 0.009 0.004
8 31 0.008 0.004
8 32 0.004 0.002
8 33 0.008 0.004
8 34 0.008 0.004
8 35 0.008 0.004
8 36 0.002 0.001
8 37 0.008 0.004
8 38 0.005 0.003
8 39 0.006 0.003
8 40 0.009 0.004
8 41 0.006 0.003
8 42 0.01 0.005
8 43 0.002 0.001
8 44 0.004 0.002
8 45 0.008 0.004
8 46 0.001 0.001
8 47 0.008 0.004
8 48 0.006 0.003
8 49 0.001 0.001
9 10 0.007 0.004
9 11 0.002 0.001
9 12 0.006 0.003
9 13 0.006 0.003
9 14 0.002 0.001
9 15 0.003 0.002
9 16 0.003 0.002
9 17 0.01 0.005
9 18 0.007 0.004
9 19 0.008 0.004
9 20 0.004 0.002
9 21 0.007 0.004
9 22 0.006 0.003
9 23 0.004 0.002
9 24 0.002 0.001
9 25 0.007 0.004
9 26 0.003 0.002
9 27 0.003 0.002
9 28 0.006 0.003
9 29 0.003 0.002
9 30 0.003 0.002
9 31 0.009 0.004
9 32 0.007 0.004
9 33 0.004 0.002
9 34 0.009 0.004
9 35 0.006 0.003
9 36 0.006 0.003
9 37 0.006 0.003
9 38 0.005 0.003
9 39 0.006 0.003
9 40 0.01 0.005
9 41 0.007 0.004
9 42 0.007 0.004
9 43 0.008 0.004
9 44 0.008 0.004
9 45 0.006 0.003
9 46 0.01 0.005
9 47 0.002 0.001
9 48 0.005 0.003
9 49 0.009 0.004
10 11 0.005 0.003
10 12 0.006 0.003
10 13 0.005 0.003
10 14 0.008 0.004
10 15 0.004 0.002
10 16 0.004 0.002
10 17 0.004 0.002
10 18 0.002 0.001
10 19 0.009 0.004
10 20 0.008 0.004
10 21 0.005 0.003
10 22 0.009 0.004
10 23 0.007 0.004
10 24 0.007 0.004
10 25 0.004 0.002
10 26 0.009 0.004
10 27 0.002 0.001
10 28 0.008 0.004
10 29 0.001 0.001
10 30 0.007 0.004
10 31 0.004 0.002
10 32 0.009 0.004
10 33 0.002 0.001
10 34 0.01 0.005
10 35 0.009 0.004
10 36 0.006 0.003
10 37 0.008 0.004
10 38 0.007 0.004
10 39 0.009 0.004
10 40 0.008 0.004
10 41 0.008 0.004
10 42 0.005 0.003
10 43 0.007 0.004
10 44 0.005 0.003
10 45 0.008 0.004
10 46 0.009 0.004
10 47 0.004 0.002
10 48 0.009 0.004
10 49 0.004 0.002
11 12 0.007 0.004
11 13 0.007 0.004
11 14 0.006 0.003
11 15 0.009 0.004
11 16 0.003 0.002
11 17 0.002 0.001
11 18 0.002 0.001
11 19 0.006 0.003
11 20 0.006 0.003
11 21 0.003 0.002
11 22 0.003 0.002
11 23 0.008 0.004
11 24 0.004 0.002
11 25 0.004 0.002
11 26 0.006 0.003
11 27 0.005 0.003
11 28 0.006 0.003
11 29 0.008 0.004
11 30 0.005 0.003
11 31 0.007 0.004
11 32 0.01 0.005
11 33 0.006 0.003
11 34 0.008 0.004
11 35 0.003 0.002
11 36 0.005 0.003
11 37 0.006 0.003
11 38 0.01 0.005
11 39 0.01 0.005
11 40 0.009 0.004
11 41 0.007 0.004
11 42 0.009 0.004
11 43 0.007 0.004
11 44 0.007 0.004
11 45 0.008 0.004
11 46 0.001 0.001
11 47 0.009 0.004
11 48 0.009 0.004
11 49 0.009 0.004
12 13 0.004 0.002
12 14 0.004 0.002
12 15 0.006 0.003
12 16 0.002 0.001
12 17 0.01 0.005
12 18 0.006 0.003
12 19 0.005 0.003
12 20 0.006 0.003
12 21 0.005 0.003
12 22 0.006 0.003
12 23 0.009 0.004
12 24 0.009 0.004
12 25 0.006 0.003
12 26 0.002 0.001
12 27 0.004 0.002
12 28 0.008 0.004
12 29 0.007 0.004
12 30 0.008 0.004
12 31 0.001 0.001
12 32 0.006 0.003
12 33 0.002 0.001
12 34 0.002 0.001
12 35 0.008 0.004
12 36 0.002 0.001
12 37 0.007 0.004
12 38 0.008 0.004
12 39 0.002 0.001
12 40 0.006 0.003
12 41 0.002 0.001
12 42 0.008 0.004
12 43 0.009 0.004
12 44 0.008 0.004
12 45 0.001 0.001
12 46 0.008 0.004
12 47 0.009 0.004
12 48 0.004 0.002
12 49 0.007 0.004
13 14 0.009 0.004
13 15 0.007 0.004
13 16 0.004 0.002
13 17 0.002 0.001
13 18 0.008 0.004
13 19 0.002 0.001
13 20 0.009 0.004
13 21 0.002 0.001
13 22 0.007 0.004
13 23 0.007 0.004
13 24 0.002 0.001
13 25 0.005 0.003
13 26 0.002 0.001
13 27 0.006 0.003
13 28 0.006 0.003
13 29 0.001 0.001
13 30 0.006 0.003
13 31 0.008 0.004
13 32 0.007 0.004
13 33 0.001 0.001
13 34 0.005 0.003
13 35 0.01 0.005
13 36 0.003 0.002
13 37 0.006 0.003
13 38 0.004 0.002
13 39 0.003 0.002
13 40 0.01 0.005
13 41 0.003 0.002
13 42 0.008 0.004
13 43 0.008 0.004
13 44 0.002 0.001
13 45 0.009 0.004
13 46 0.008 0.004
13 47 0.003 0.002
13 48 0.001 0.001
13 49 0.002 0.001
14 15 0.008 0.004
14 16 0.009 0.004
14 17 0.007 0.004
14 18 0.005 0.003
14 19 0.007 0.004
14 20 0.003 0.002
14 21 0.003 0.002
14 22 0.005 0.003
14 23 0.006 0.003
14 24 0.006 0.003
14 25 0.009 0.004
14 26 0.007 0.004
14 27 0.009 0.004
14 28 0.003 0.002
14 29 0.006 0.003
14 30 0.001 0.001
14 31 0.006 0.003
14 32 0.005 0.003
14 33 0.005 0.003
14 34 0.005 0.003
14 35 0.008 0.004
14 36 0.001 0.001
14 37 0.008 0.004
14 38 0.007 0.004
14 39 0.003 0.002
14 40 0.004 0.002
14 41 0.008 0.004
14 42 0.004 0.002
14 43 0.007 0.004
14 44 0.009 0.004
14 45 0.008 0.004
14 46 0.01 0.005
14 47 0.007 0.004
14 48 0.008 0.004
14 49 0.006 0.003
15 16 0.002 0.001
15 17 0.005 0.003
15 18 0.009 0.004
15 19 0.002 0.001
15 20 0.002 0.001
15 21 0.003 0.002
15 22 0.007 0.004
15 23 0.001 0.001
15 24 0.002 0.001
15 25 0.005 0.003
15 26 0.009 0.004
15 27 0.008 0.004
15 28 0.004 0.002
15 29 0.004 0.002
15 30 0.004 0.002
15 31 0.004 0.002
15 32 0.008 0.004
15 33 0.008 0.004
15 34 0.003 0.002
15 35 0.008 0.004
15 36 0.006 0.003
15 37 0.003 0.002
15 38 0.004 0.002
15 39 0.007 0.004
15 40 0.004 0.002
15 41 0.006 0.003
15 42 0.003 0.002
15 43 0.004 0.002
15 44 0.007 0.004
15 45 0.01 0.005
15 46 0.002 0.001
15 47 0.001 0.001
15 48 0.002 0.001
15 49 0.008 0.004
16 17 0.008 0.004
16 18 0.004 0.002
16 19 0.002 0.001
16 20 0.006 0.003
16 21 0.004 0.002
16 22 0.002 0.001
16 23 0.008 0.004
16 24 0.008 0.004
16 25 0.003 0.002
16 26 0.006 0.003
16 27 0.003 0.002
16 28 0.004 0.002
16 29 0.007 0.004
16 30 0.009 0.004
16 31 0.001 0.001
16 32 0.004 0.002
16 33 0.004 0.002
16 34 0.002 0.001
16 35 0.007 0.004
16 36 0.008 0.004
16 37 0.002 0.001
16 38 0.004 0.002
16 39 0.008 0.004
16 40 0.009 0.004
16 41 0.009 0.004
16 42 0.006 0.003
16 43 0.001 0.001
16 44 0.003 0.002
16 45 0.008 0.004
16 46 0.009 0.004
16 47 0.002 0.001
16 48 0.002 0.001
16 49 0.005 0.003
17 18 0.008 0.004
17 19 0.008 0.004
17 20 0.008 0.004
17 21 0.008 0.004
17 22 0.005 0.003
17 23 0.002 0.001
17 24 0.01 0.005
17 25 0.01 0.005
17 26 0.002 0.001
17 27 0.002 0.001
17 28 0.009 0.004
17 29 0.003 0.002
17 30 0.006 0.003
17 31 0.008 0.004
17 32 0.002 0.001
17 33 0.004 0.002
17 34 0.001 0.001
17 35 0.007 0.004
17 36 0.007 0.004
17 37 0.006 0.003
17 38 0.007 0.004
17 39 0.003 0.002
17 40 0.002 0.001
17 41 0.009 0.004
17 42 0.006 0.003
17 43 0.01 0.005
17 44 0.008 0.004
17 45 0.003 0.002
17 46 0.005 0.003
17 47 0.002 0.001
17 48 0.01 0.005
17 49 0.007 0.004
18 19 0.002 0.001
18 20 0.01 0.005
18 21 0.009 0.004
18 22 0.003 0.002
18 23 0.005 0.003
18 24 0.003 0.002
18 25 0.007 0.004
18 26 0.003 0.002
18 27 0.002 0.001
18 28 0.01 0.005
18 29 0.009 0.004
18 30 0.006 0.003
18 31 0.004 0.002
18 32 0.007 0.004
18 33 0.001 0.001
18 34 0.005 0.003
18 35 0.001 0.001
18 36 0.009 0.004
18 37 0.003 0.002
18 38 0.005 0.003
18 39 0.007 0.004
18 40 0.004 0.002
18 41 0.005 0.003
18 42 0.002 0.001
18 43 0.009 0.004
18 44 0.005 0.003
18 45 0.005 0.003
18 46 0.009 0.004
18 47 0.003 0.002
18 48 0.007 0.004
18 49 0.002 0.001
19 20 0.007 0.004
19 21 0.009 0.004
19 22 0.005 0.003
19 23 0.002 0.001
19 24 0.009 0.004
19 25 0.005 0.003
19 26 0.006 0.003
19 27 0.005 0.003
19 28 0.007 0.004
19 29 0.008 0.004
19 30 0.002 0.001
19 31 0.008 0.004
19 32 0.006 0.003
19 33 0.008 0.004
19 34 0.003 0.002
19 35 0.008 0.004
19 36 0.003 0.002
19 37 0.004 0.002
19 38 0.008 0.004
19 39 0.005 0.003
19 40 0.009 0.004
19 41 0.003 0.002
19 42 0.008 0.004
19 43 0.007 0.004
19 44 0.005 0.003
19 45 0.002 0.001
19 46 0.002 0.001
19 47 0.002 0.001
19 48 0.002 0.001
19 49 0.005 0.003
20 21 0.005 0.003
20 22 0.01 0.005
20 23 0.004 0.002
20 24 0.002 0.001
20 25 0.004 0.002
20 26 0.004 0.002
20 27 0.006 0.003
20 28 0.008 0.004
20 29 0.008 0.004
20 30 0.003 0.002
20 31 0.002 0.001
20 32 0.002 0.001
20 33 0.002 0.001
20 34 0.007 0.004
20 35 0.003 0.002
20 36 0.002 0.001
20 37 0.003 0.002
20 38 0.009 0.004
20 39 0.009 0.004
20 40 0.001 0.001
20 41 0.004 0.002
20 42 0.008 0.004
20 43 0.005 0.003
20 44 0.004 0.002
20 45 0.007 0.004
20 46 0.004 0.002
20 47 0.004 0.002
20 48 0.003 0.002
20 49 0.001 0.001
21 22 0.002 0.001
21 23 0.004 0.002
21 24 0.001 0.001
21 25 0.004 0.002
21 26 0.007 0.004
21 27 0.002 0.001
21 28 0.001 0.001
21 29 0.007 0.004
21 30 0.005 0.003
21 31 0.007 0.004
21 32 0.009 0.004
21 33 0.003 0.002
21 34 0.006 0.003
21 35 0.001 0.001
21 36 0.007 0.004
21 37 0.006 0.003
21 38 0.003 0.002
21 39 0.004 0.002
21 40 0.009 0.004
21 41 0.009 0.004
21 42 0.006 0.003
21 43 0.004 0.002
21 44 0.002 0.001
21 45 0.006 0.003
21 46 0.004 0.002
21 47 0.006 0.003
21 48 0.001 0.001
21 49 0.005 0.003
22 23 0.008 0.004
22 24 0.008 0.004
22 25 0.007 0.004
22 26 0.006 0.003
22 27 0.003 0.002
22 28 0.002 0.001
22 29 0.004 0.002
22 30 0.003 0.002
22 31 0.002 0.001
22 32 0.006 0.003
22 33 0.009 0.004
22 34 0.009 0.004
22 35 0.009 0.004
22 36 0.008 0.004
22 37 0.002 0.001
22 38 0.003 0.002
22 39 0.01 0.005
22 40 0.006 0.003
22 41 0.006 0.003
22 42 0.003 0.002
22 43 0.005 0.003
22 44 0.004 0.002
22 45 0.006 0.003
22 46 0.009 0.004
22 47 0.004 0.002
22 48 0.005 0.003
22 49 0.006 0.003
23 24 0.004 0.002
23 25 0.006 0.003
23 26 0.003 0.002
23 27 0.003 0.002
23 28 0.005 0.003
23 29 0.006 0.003
23 30 0.009 0.004
23 31 0.004 0.002
23 32 0.005 0.003
23 33 0.008 0.004
23 34 0.008 0.004
23 35 0.006 0.003
23 36 0.008 0.004
23 37 0.001 0.001
23 38 0.003 0.002
23 39 0.01 0.005
23 40 0.008 0.004
23 41 0.007 0.004
23 42 0.005 0.003
23 43 0.002 0.001
23 44 0.003 0.002
23 45 0.002 0.001
23 46 0.01 0.005
23 47 0.004 0.002
23 48 0.007 0.004
23 49 0.002 0.001
24 25 0.004 0.002
24 26 0.008 0.004
24 27 0.003 0.002
24 28 0.007 0.004
24 29 0.003 0.002
24 30 0.008 0.004
24 31 0.008 0.004
24 32 0.002 0.001
24 33 0.008 0.004
24 34 0.003 0.002
24 35 0.006 0.003
24 36 0.007 0.004
24 37 0.004 0.002
24 38 0.008 0.004
24 39 0.006 0.003
24 40 0.004 0.002
24 41 0.01 0.005
24 42 0.004 0.002
24 43 0.008 0.004
24 44 0.009 0.004
24 45 0.008 0.004
24 46 0.008 0.004
24 47 0.004 0.002
24 48 0.008 0.004
24 49 0.006 0.003
25 26 0.004 0.002
25 27 0.009 0.004
25 28 0.007 0.004
25 29 0.003 0.002
25 30 0.005 0.003
25 31 0.004 0.002
25 32 0.008 0.004
25 33 0.008 0.004
25 34 0.007 0.004
25 35 0.008 0.004
25 36 0.001 0.001
25 37 0.001 0.001
25 38 0.007 0.004
25 39 0.009 0.004
25 40 0.003 0.002
25 41 0.007 0.004
25 42 0.01 0.005
25 43 0.006 0.003
25 44 0.005 0.003
25 45 0.002 0.001
25 46 0.009 0.004
25 47 0.001 0.001
25 48 0.004 0.002
25 49 0.009 0.004
26 27 0.01 0.005
26 28 0.001 0.001
26 29 0.009 0.004
26 30 0.002 0.001
26 31 0.002 0.001
26 32 0.003 0.002
26 33 0.002 0.001
26 34 0.004 0.002
26 35 0.001 0.001
26 36 0.009 0.004
26 37 0.001 0.001
26 38 0.004 0.002
26 39 0.004 0.002
26 40 0.006 0.003
26 41 0.007 0.004
26 42 0.004 0.002
26 43 0.003 0.002
26 44 0.005 0.003
26 45 0.01 0.005
26 46 0.001 0.001
26 47 0.001 0.001
26 48 0.004 0.002
26 49 0.001 0.001
27 28 0.005 0.003
27 29 0.003 0.002
27 30 0.009 0.004
27 31 0.01 0.005
27 32 0.009 0.004
27 33 0.008 0.004
27 34 0.01 0.005
27 35 0.003 0.002
27 36 0.006 0.003
27 37 0.006 0.003
27 38 0.007 0.004
27 39 0.01 0.005
27 40 0.006 0.003
27 41 0.007 0.004
27 42 0.004 0.002
27 43 0.001 0.001
27 44 0.005 0.003
27 45 0.007 0.004
27 46 0.008 0.004
27 47 0.007 0.004
27 48 0.007 0.004
27 49 0.006 0.003
28 29 0.009 0.004
28 30 0.01 0.005
28 31 0.007 0.004
28 32 0.006 0.003
28 33 0.009 0.004
28 34 0.004 0.002
28 35 0.005 0.003
28 36 0.006 0.003
28 37 0.004 0.002
28 38 0.004 0.002
28 39 0.004 0.002
28 40 0.003 0.002
28 41 0.006 0.003
28 42 0.003 0.002
28 43 0.006 0.003
28 44 0.008 0.004
28 45 0.001 0.001
28 46 0.007 0.004
28 47 0.003 0.002
28 48 0.005 0.003
28 49 0.002 0.001
29 30 0.003 0.002
29 31 0.002 0.001
29 32 0.004 0.002
29 33 0.006 0.003
29 34 0.001 0.001
29 35 0.006 0.003
29 36 0.006 0.003
29 37 0.008 0.004
29 38 0.005 0.003
29 39 0.004 0.002
29 40 0.006 0.003
29 41 0.01 0.005
29 42 0.009 0.004
29 43 0.005 0.003
29 44 0.004 0.002
29 45 0.008 0.004
29 46 0.003 0.002
29 47 0.003 0.002
29 48 0.002 0.001
29 49 0.003 0.002
30 31 0.01 0.005
30 32 0.004 0.002
30 33 0.004 0.002
30 34 0.005 0.003
30 35 0.006 0.003
30 36 0.003 0.002
30 37 0.006 0.003
30 38 0.008 0.004
30 39 0.008 0.004
30 40 0.006 0.003
30 41 0.005 0.003
30 42 0.002 0.001
30 43 0.008 0.004
30 44 0.005 0.003
30 45 0.002 0.001
30 46 0.004 0.002
30 47 0.008 0.004
30 48 0.008 0.004
30 49 0.008 0.004
31 32 0.003 0.002
31 33 0.002 0.001
31 34 0.007 0.004
31 35 0.001 0.001
31 36 0.008 0.004
31 37 0.009 0.004
31 38 0.007 0.004
31 39 0.008 0.004
31 40 0.008 0.004
31 41 0.005 0.003
31 42 0.001 0.001
31 43 0.006 0.003
31 44 0.002 0.001
31 45 0.007 0.004
31 46 0.01 0.005
31 47 0.005 0.003
31 48 0.007 0.004
31 49 0.008 0.004
32 33 0.006 0.003
32 34 0.003 0.002
32 35 0.008 0.004
32 36 0.007 0.004
32 37 0.005 0.003
32 38 0.001 0.001
32 39 0.009 0.004
32 40 0.002 0.001
32 41 0.009 0.004
32 42 0.008 0.004
32 43 0.008 0.004
32 44 0.005 0.003
32 45 0.005 0.003
32 46 0.004 0.002
32 47 0.004 0.002
32 48 0.003 0.002
32 49 0.006 0.003
33 34 0.008 0.004
33 35 0.001 0.001
33 36 0.003 0.002
33 37 0.004 0.002
33 38 0.008 0.004
33 39 0.01 0.005
33 40 0.005 0.003
33 41 0.003 0.002
33 42 0.01 0.005
33 43 0.008 0.004
33 44 0.004 0.002
33 45 0.007 0.004
33 46 0.005 0.003
33 47 0.005 0.003
33 48 0.006 0.003
33 49 0.008 0.004
34 35 0.001 0.001
34 36 0.009 0.004
34 37 0.009 0.004
34 38 0.007 0.004
34 39 0.006 0.003
34 40 0.009 0.004
34 41 0.006 0.003
34 42 0.003 0.002
34 43 0.002 0.001
34 44 0.01 0.005
34 45 0.002 0.001
34 46 0.002 0.001
34 47 0.003 0.002
34 48 0.004 0.002
34 49 0.01 0.005
35 36 0.009 0.004
35 37 0.002 0.001
35 38 0.01 0.005
35 39 0.002 0.001
35 40 0.002 0.001
35 41 0.009 0.004
35 42 0.002 0.001
35 43 0.009 0.004
35 44 0.004 0.002
35 45 0.001 0.001
35 46 0.003 0.002
35 47 0.001 0.001
35 48 0.002 0.001
35 49 0.003 0.002
36 37 0.002 0.001
36 38 0.005 0.003
36 39 0.002 0.001
36 40 0.008 0.004
36 41 0.007 0.004
36 42 0.003 0.002
36 43 0.003 0.002
36 44 0.002 0.001
36 45 0.006 0.003
36 46 0.006 0.003
36 47 0.003 0.002
36 48 0.009 0.004
36 49 0.007 0.004
37 38 0.009 0.004
37 39 0.006 0.003
37 40 0.007 0.004
37 41 0.006 0.003
37 42 0.003 0.002
37 43 0.008 0.004
37 44 0.001 0.001
37 45 0.003 0.002
37 46 0.002 0.001
37 47 0.009 0.004
37 48 0.009 0.004
37 49 0.009 0.004
38 39 0.01 0.005
38 40 0.007 0.004
38 41 0.01 0.005
38 42 0.007 0.004
38 43 0.009 0.004
38 44 0.009 0.004
38 45 0.005 0.003
38 46 0.005 0.003
38 47 0.004 0.002
38 48 0.005 0.003
38 49 0.003 0.002
39 40 0.006 0.003
39 41 0.004 0.002
39 42 0.008 0.004
39 43 0.007 0.004
39 44 0.004 0.002
39 45 0.002 0.001
39 46 0.008 0.004
39 47 0.009 0.004
39 48 0.003 0.002
39 49 0.004 0.002
40 41 0.006 0.003
40 42 0.003 0.002
40 43 0.007 0.004
40 44 0.008 0.004
40 45 0.008 0.004
40 46 0.009 0.004
40 47 0.009 0.004
40 48 0.01 0.005
40 49 0.007 0.004
41 42 0.003 0.002
41 43 0.003 0.002
41 44 0.003 0.002
41 45 0.005 0.003
41 46 0.009 0.004
41 47 0.001 0.001
41 48 0.002 0.001
41 49 0.005 0.003
42 43 0.002 0.001
42 44 0.007 0.004
42 45 0.003 0.002
42 46 0.001 0.001
42 47 0.002 0.001
42 48 0.003 0.002
42 49 0.009 0.004
43 44 0.004 0.002
43 45 0.003 0.002
43 46 0.008 0.004
43 47 0.007 0.004
43 48 0.006 0.003
43 49 0.003 0.002
44 45 0.003 0.002
44 46 0.01 0.005
44 47 0.008 0.004
44 48 0.002 0.001
44 49 0.006 0.003
45 46 0.002 0.001
45 47 0.002 0.001
45 48 0.009 0.004
45 49 0.008 0.004
46 47 0.002 0.001
46 48 0.002 0.001
46 49 0.002 0.001
47 48 0.002 0.001
47 49 0.001 0.001
48 49 0.001 0.001
