50
80.532
0 1 47.059 1.78
0 2 61.372 1.139
0 3 34.946 1.166
0 4 68.235 1.944
0 5 60.674 0.216
0 6 97.989 0.974
0 7 43.535 1.888
0 8 90.983 1.033
0 9 78.884 0.616
0 10 93.991 0.144
0 11 99.681 1.865
0 12 80.821 0.842
0 13 3.464 0.704
0 14 93.128 1.197
0 15 78.822 0.783
0 16 56.381 0.273
0 17 40.523 1.634
0 18 93.229 1.471
0 19 51.443 1.585
0 20 50.36 1.186
0 21 93.882 1.75
0 22 53.205 0.518
0 23 17.351 1.771
0 24 73.354 0.325
0 25 43.421 0.395
0 26 69.876 0.895
0 27 86.03 0.503
0 28 5.844 0.257
0 29 35.048 0.799
0 30 91.947 1.375
0 31 21.5 1.5
0 32 36.515 0.427
0 33 77.731 1.362
0 34 29.85 0.826
0 35 33.137 1.273
0 36 85.372 0.245
0 37 35.405 0.597
0 38 75.142 0.001
0 39 37.219 0.986
0 40 31.257 0.381
0 41 96.459 1.658
0 42 42.645 0.446
0 43 78.883 0.85
0 44 29.883 1.2
0 45 38.215 0.573
0 46 43.922 1.138
0 47 85.678 1.846
0 48 12.303 0.689
0 49 85.859 0.914
1 2 77.331 1.029
1 3 94.565 0.131
1 4 50.453 1.41
1 5 78.683 0.323
1 6 84.15 1.08
1 7 91.319 1.415
1 8 70.617 1.863
1 9 16.481 1.772
1 10 71.923 0.296
1 11 21.06 0.746
1 12 37.461 1.441
1 13 67.351 0.914
1 14 87.378 1.73
1 15 49.779 0.358
1 16 46.212 1.718
1 17 11.17 0.227
1 18 5.97 0.845
1 19 31.371 1.74
1 20 8.878 0.942
1 21 75.261 0.356
1 22 69.007 0.331
1 23 64.354 1.79
1 24 13.36 0.003
1 25 30.961 1.536
1 26 26.778 1.541
1 27 29.321 1.954
1 28 6.829 1.407
1 29 42.994 1.088
1 30 46.867 0.338
1 31 3.038 0.905
1 32 45.655 1.869
1 33 2.455 1.705
1 34 30.188 1.593
1 35 46.543 1.307
1 36 1.103 1.611
1 37 8.599 0.836
1 38 36.464 0.036
1 39 80.544 1.93
1 40 59.852 1.477
1 41 12.742 0.361
1 42 55.187 0.326
1 43 76.28 0.279
1 44 11.695 1.355
1 45 8.737 1.217
1 46 2.983 1.671
1 47 97.025 1.376
1 48 24.243 1.709
1 49 46.87 0.646
2 3 30.811 0.847
2 4 49.143 0.587
2 5 24.119 0.817
2 6 17.871 1.664
2 7 88.91 1.504
2 8 52.326 1.248
2 9 46.288 0.143
2 10 1.018 0.646
2 11 1.743 0.934
2 12 93.441 1.367
2 13 22.272 0.204
2 14 16.626 0.177
2 15 94.172 1.033
2 16 96.137 0.864
2 17 11.747 1.284
2 18 94.863 0.573
2 19 96.557 0.121
2 20 6.266 1.194
2 21 75.509 0.751
2 22 11.544 1.224
2 23 94.492 1.034
2 24 26.126 0.285
2 25 3.957 1.576
2 26 92.161 1.706
2 27 79.284 1.162
2 28 20.658 0.374
2 29 17.381 1.263
2 30 25.674 1.536
2 31 97.129 1.814
2 32 66.67 1.214
2 33 13.251 1.824
2 34 45.091 1.793
2 35 43.664 0.962
2 36 51.629 0.963
2 37 35.752 1.672
2 38 88.092 0.837
2 39 68.422 1.463
2 40 9.898 1.764
2 41 8.438 0.716
2 42 27.278 1.256
2 43 31.25 0.518
2 44 88.539 0.556
2 45 29.327 1.903
2 46 85.888 1.508
2 47 51.408 0.094
2 48 48.307 1.707
2 49 71.132 0.586
3 4 84.954 0.437
3 5 0.967 1.583
3 6 9.52 1.04
3 7 75.236 0.633
3 8 20.312 0.216
3 9 15.477 0.601
3 10 77.669 1.857
3 11 52.849 1.149
3 12 39.285 0.555
3 13 90.252 1.333
3 14 10.109 0.823
3 15 3.506 1.942
3 16 92.979 1.986
3 17 3.31 0.576
3 18 89.824 1.069
3 19 69.355 0.366
3 20 0.0 1.955
3 21 62.337 0.408
3 22 47.901 0.624
3 23 11.312 0.103
3 24 86.387 1.129
3 25 67.754 0.658
3 26 70.133 0.562
3 27 29.508 0.91
3 28 70.128 1.973
3 29 42.759 0.335
3 30 17.947 0.763
3 31 66.527 1.827
3 32 28.067 1.318
3 33 45.296 0.541
3 34 1.868 1.9
3 35 15.291 0.627
3 36 59.421 0.51
3 37 70.112 0.271
3 38 4.129 1.989
3 39 95.55 1.312
3 40 3.218 0.847
3 41 47.396 0.346
3 42 72.688 1.46
3 43 72.583 1.646
3 44 54.054 1.649
3 45 46.529 0.696
3 46 87.496 1.254
3 47 68.352 0.559
3 48 47.817 1.743
3 49 46.084 1.163
4 5 36.83 0.479
4 6 4.502 0.386
4 7 41.626 1.074
4 8 79.643 1.68
4 9 75.828 1.288
4 10 9.213 0.09
4 11 28.454 0.732
4 12 6.239 1.121
4 13 46.368 1.536
4 14 51.452 1.406
4 15 99.986 0.1
4 16 45.476 1.516
4 17 51.957 0.976
4 18 9.182 0.115
4 19 76.834 0.883
4 20 63.673 1.293
4 21 68.517 1.303
4 22 92.532 0.891
4 23 12.341 1.42
4 24 37.287 1.135
4 25 32.824 1.41
4 26 69.165 0.802
4 27 46.953 1.219
4 28 80.863 0.387
4 29 54.084 1.628
4 30 71.651 1.889
4 31 16.402 0.047
4 32 26.859 0.91
4 33 4.67 1.221
4 34 56.896 0.217
4 35 22.58 0.1
4 36 53.063 1.306
4 37 50.513 1.591
4 38 50.679 0.839
4 39 77.675 0.462
4 40 30.009 1.479
4 41 63.292 0.766
4 42 58.802 1.786
4 43 10.259 0.868
4 44 23.926 0.205
4 45 94.858 0.851
4 46 44.956 1.296
4 47 58.666 0.623
4 48 61.298 1.227
4 49 86.382 0.823
5 6 91.919 0.356
5 7 17.365 1.224
5 8 33.406 1.577
5 9 22.871 1.8
5 10 8.742 0.58
5 11 62.399 0.676
5 12 77.213 0.068
5 13 88.745 1.094
5 14 76.428 1.032
5 15 0.207 0.977
5 16 26.3 1.75
5 17 99.29 0.38
5 18 18.843 1.172
5 19 37.132 0.843
5 20 83.442 1.337
5 21 87.149 0.247
5 22 93.621 0.457
5 23 27.664 1.992
5 24 89.394 0.137
5 25 94.083 0.312
5 26 53.267 0.914
5 27 28.971 0.431
5 28 24.578 1.672
5 29 52.415 1.026
5 30 80.239 1.682
5 31 10.974 0.499
5 32 81.83 1.589
5 33 51.352 1.865
5 34 11.953 1.892
5 35 63.435 1.296
5 36 74.9 0.187
5 37 88.216 1.527
5 38 44.312 0.489
5 39 71.14 0.176
5 40 61.854 0.926
5 41 99.374 1.527
5 42 1.058 0.124
5 43 8.169 0.395
5 44 28.318 0.702
5 45 23.774 0.522
5 46 54.182 0.049
5 47 10.174 1.802
5 48 36.237 0.892
5 49 29.882 1.285
6 7 88.231 1.388
6 8 77.86 0.007
6 9 24.16 1.149
6 10 68.874 0.737
6 11 6.363 0.278
6 12 32.633 1.376
6 13 8.391 1.295
6 14 91.484 1.015
6 15 32.853 0.977
6 16 36.81 0.356
6 17 28.6 1.911
6 18 48.503 1.715
6 19 17.34 0.837
6 20 10.105 0.586
6 21 59.087 1.009
6 22 64.332 1.856
6 23 95.266 1.488
6 24 55.317 1.812
6 25 71.969 0.677
6 26 94.328 0.608
6 27 63.845 1.712
6 28 36.878 0.421
6 29 62.458 0.229
6 30 79.657 0.116
6 31 63.201 1.922
6 32 55.577 0.88
6 33 44.523 1.417
6 34 62.296 1.531
6 35 81.512 0.269
6 36 51.855 1.728
6 37 34.319 1.098
6 38 75.572 1.669
6 39 43.479 0.49
6 40 16.312 1.802
6 41 98.128 1.539
6 42 58.15 0.475
6 43 9.763 1.98
6 44 35.191 1.146
6 45 70.272 1.121
6 46 37.377 1.333
6 47 93.651 0.003
6 48 91.632 1.904
6 49 49.967 1.896
7 8 90.728 1.916
7 9 87.253 0.782
7 10 18.176 0.288
7 11 24.693 1.963
7 12 85.459 1.903
7 13 82.42 0.638
7 14 29.083 1.351
7 15 62.471 1.077
7 16 54.861 1.75
7 17 12.188 1.492
7 18 88.519 1.86
7 19 8.607 0.217
7 20 80.882 0.162
7 21 43.282 1.405
7 22 17.947 0.989
7 23 43.723 0.691
7 24 84.813 0.472
7 25 40.712 1.97
7 26 37.035 0.658
7 27 84.131 0.34
7 28 85.078 0.561
7 29 29.054 0.584
7 30 52.964 1.691
7 31 21.631 1.882
7 32 64.925 1.543
7 33 34.9 1.891
7 34 22.415 0.019
7 35 62.888 1.707
7 36 47.764 0.313
7 37 52.72 1.6
7 38 64.751 0.055
7 39 50.826 0.972
7 40 53.291 1.364
7 41 63.571 1.815
7 42 27.108 0.794
7 43 69.257 0.992
7 44 20.975 0.781
7 45 10.339 1.541
7 46 69.643 1.738
7 47 33.243 1.214
7 48 17.228 1.635
7 49 42.283 1.704
8 9 90.675 0.953
8 10 84.123 0.784
8 11 66.07 0.657
8 12 16.692 1.748
8 13 0.082 1.72
8 14 57.1 1.506
8 15 16.102 1.911
8 16 52.912 0.32
8 17 54.349 1.404
8 18 87.076 0.963
8 19 72.658 0.87
8 20 71.352 0.774
8 21 76.065 1.175
8 22 81.844 0.016
8 23 34.689 0.867
8 24 14.695 1.443
8 25 70.622 1.355
8 26 39.0 1.737
8 27 28.791 0.856
8 28 90.612 0.813
8 29 29.915 0.52
8 30 90.105 1.849
8 31 18.345 0.447
8 32 13.717 0.261
8 33 97.484 0.049
8 34 24.075 0.067
8 35 74.417 0.071
8 36 85.688 1.522
8 37 52.988 0.156
8 38 66.449 0.614
8 39 82.655 1.941
8 40 99.41 1.015
8 41 30.901 0.868
8 42 4.597 0.902
8 43 79.386 1.033
8 44 7.155 0.688
8 45 87.909 1.98
8 46 84.553 0.806
8 47 5.574 0.438
8 48 57.771 1.966
8 49 48.596 1.513
9 10 87.595 0.065
9 11 70.962 0.219
9 12 66.924 1.518
9 13 65.783 0.408
9 14 74.78 0.525
9 15 81.788 0.703
9 16 85.296 1.152
9 17 73.602 0.112
9 18 16.59 0.106
9 19 58.072 0.749
9 20 10.013 0.655
9 21 4.657 0.985
9 22 86.131 0.031
9 23 81.345 0.451
9 24 55.984 0.088
9 25 41.956 1.81
9 26 58.992 0.28
9 27 19.268 1.773
9 28 10.219 1.183
9 29 38.373 0.52
9 30 91.29 1.979
9 31 81.427 1.812
9 32 73.442 0.651
9 33 7.694 1.657
9 34 99.444 0.188
9 35 72.843 1.401
9 36 40.496 0.153
9 37 92.093 0.248
9 38 84.26 0.743
9 39 16.379 1.235
9 40 86.259 1.984
9 41 18.914 1.137
9 42 56.673 0.743
9 43 7.12 0.613
9 44 29.205 0.7
9 45 79.091 1.21
9 46 18.595 1.015
9 47 5.449 0.03
9 48 99.355 0.455
9 49 90.615 0.222
10 11 36.616 1.282
10 12 55.566 0.659
10 13 41.586 0.229
10 14 19.67 0.66
10 15 37.43 0.93
10 16 41.741 1.543
10 17 94.386 0.534
10 18 77.993 1.241
10 19 72.342 1.74
10 20 34.474 0.992
10 21 2.512 0.674
10 22 25.224 1.803
10 23 83.545 0.269
10 24 45.151 0.968
10 25 85.579 0.731
10 26 40.038 1.386
10 27 28.374 0.215
10 28 35.966 0.322
10 29 39.133 0.029
10 30 7.866 0.848
10 31 33.916 1.348
10 32 39.752 0.273
10 33 3.769 0.871
10 34 74.513 1.113
10 35 27.507 0.196
10 36 24.727 0.606
10 37 72.823 1.621
10 38 1.758 1.876
10 39 54.327 1.083
10 40 70.598 0.559
10 41 40.953 1.865
10 42 17.192 1.739
10 43 58.558 1.662
10 44 30.231 1.967
10 45 40.871 1.06
10 46 49.182 0.748
10 47 92.878 0.932
10 48 91.094 1.47
10 49 31.17 0.325
11 12 55.664 1.77
11 13 51.059 1.256
11 14 2.894 1.6
11 15 69.312 0.943
11 16 24.215 1.373
11 17 79.235 1.089
11 18 73.885 1.902
11 19 17.698 0.119
11 20 66.574 0.611
11 21 13.974 1.668
11 22 39.883 1.774
11 23 2.452 0.026
11 24 52.294 0.189
11 25 47.18 1.946
11 26 5.5 1.653
11 27 36.748 0.174
11 28 86.767 0.65
11 29 70.302 0.111
11 30 41.984 0.414
11 31 52.212 1.501
11 32 69.098 1.768
11 33 4.979 1.628
11 34 28.698 1.954
11 35 35.19 0.956
11 36 45.524 0.414
11 37 68.371 0.965
11 38 59.988 0.484
11 39 56.588 1.399
11 40 86.338 1.407
11 41 46.559 1.334
11 42 83.308 1.907
11 43 94.839 0.526
11 44 56.472 1.905
11 45 89.555 1.876
11 46 56.358 1.389
11 47 4.322 0.663
11 48 32.199 1.545
11 49 55.605 0.851
12 13 74.917 0.108
12 14 8.058 1.611
12 15 12.677 1.915
12 16 95.555 1.02
12 17 84.513 0.9
12 18 5.305 0.34
12 19 20.078 1.35
12 20 91.588 1.647
12 21 91.485 0.59
12 22 52.591 0.232
12 23 95.625 1.84
12 24 69.487 0.106
12 25 51.123 1.331
12 26 51.062 0.341
12 27 6.705 0.999
12 28 86.739 1.291
12 29 93.024 0.249
12 30 2.995 1.674
12 31 75.041 0.622
12 32 12.17 1.15
12 33 5.613 1.87
12 34 67.536 1.998
12 35 21.356 0.858
12 36 99.397 1.93
12 37 58.773 1.46
12 38 1.423 0.806
12 39 47.935 1.238
12 40 24.327 0.608
12 41 9.297 0.541
12 42 51.928 1.643
12 43 25.578 1.911
12 44 17.817 1.084
12 45 93.249 0.845
12 46 94.504 1.976
12 47 80.058 1.907
12 48 86.235 0.975
12 49 52.749 0.797
13 14 86.534 0.584
13 15 74.566 1.243
13 16 33.993 1.383
13 17 2.418 0.304
13 18 3.805 1.371
13 19 53.592 1.52
13 20 13.92 0.11
13 21 75.968 0.576
13 22 64.781 0.486
13 23 13.973 1.075
13 24 81.669 0.033
13 25 8.981 1.89
13 26 28.522 0.621
13 27 67.363 1.528
13 28 13.779 0.767
13 29 87.197 1.74
13 30 50.259 1.475
13 31 77.591 0.988
13 32 93.857 1.438
13 33 28.94 1.979
13 34 55.439 0.491
13 35 20.651 1.528
13 36 78.774 1.472
13 37 87.981 1.637
13 38 22.038 1.673
13 39 23.666 1.05
13 40 65.176 1.46
13 41 30.064 0.274
13 42 73.157 1.282
13 43 78.298 0.325
13 44 56.394 0.619
13 45 16.2 0.46
13 46 51.895 0.219
13 47 0.041 0.69
13 48 46.405 1.001
13 49 87.408 0.185
14 15 43.529 0.567
14 16 88.878 0.776
14 17 20.453 1.284
14 18 13.575 0.389
14 19 77.609 1.299
14 20 9.784 0.933
14 21 34.35 0.287
14 22 27.392 0.314
14 23 28.749 1.075
14 24 73.266 0.442
14 25 38.944 1.032
14 26 87.829 1.548
14 27 60.573 0.771
14 28 14.74 0.079
14 29 53.316 0.021
14 30 94.45 0.45
14 31 88.789 1.029
14 32 64.258 0.072
14 33 71.667 0.229
14 34 44.103 0.289
14 35 78.5 0.153
14 36 43.146 1.24
14 37 16.763 0.18
14 38 83.801 1.993
14 39 86.694 1.386
14 40 53.398 1.005
14 41 39.535 1.891
14 42 96.456 1.503
14 43 61.606 0.053
14 44 21.6 0.733
14 45 37.977 0.427
14 46 25.57 1.654
14 47 55.635 1.822
14 48 61.179 1.86
14 49 73.754 0.546
15 16 59.102 1.414
15 17 24.5 1.39
15 18 7.458 1.182
15 19 24.318 1.427
15 20 30.135 1.507
15 21 94.097 0.782
15 22 32.403 1.166
15 23 41.597 1.049
15 24 40.734 0.341
15 25 77.528 0.564
15 26 46.505 1.803
15 27 83.823 1.591
15 28 52.202 1.645
15 29 10.927 0.117
15 30 93.228 0.759
15 31 24.159 1.704
15 32 86.454 0.016
15 33 53.641 0.935
15 34 19.85 0.286
15 35 30.776 0.338
15 36 52.653 1.027
15 37 0.669 0.05
15 38 39.424 1.95
15 39 48.337 1.738
15 40 63.728 1.736
15 41 27.199 1.04
15 42 58.878 1.58
15 43 33.04 0.109
15 44 63.545 1.603
15 45 75.85 0.934
15 46 38.594 0.768
15 47 89.358 0.848
15 48 85.654 1.807
15 49 26.265 1.027
16 17 15.372 0.751
16 18 8.711 1.906
16 19 82.632 1.823
16 20 93.205 0.809
16 21 78.387 0.391
16 22 47.365 0.224
16 23 39.089 1.894
16 24 21.491 0.127
16 25 28.224 0.772
16 26 62.26 1.72
16 27 13.252 1.145
16 28 66.751 0.349
16 29 48.463 0.039
16 30 61.047 0.437
16 31 97.376 1.81
16 32 18.184 0.577
16 33 48.917 0.891
16 34 93.529 1.628
16 35 20.678 1.792
16 36 39.851 0.391
16 37 88.095 1.092
16 38 49.56 1.733
16 39 85.559 1.282
16 40 81.364 1.238
16 41 45.874 0.196
16 42 13.649 0.303
16 43 18.113 0.53
16 44 32.096 1.319
16 45 77.768 0.186
16 46 90.082 1.943
16 47 71.971 1.676
16 48 39.483 1.848
16 49 89.565 1.781
17 18 29.968 0.975
17 19 95.57 1.674
17 20 77.503 0.531
17 21 72.75 1.068
17 22 76.409 1.942
17 23 19.457 0.336
17 24 35.122 1.097
17 25 38.711 1.178
17 26 50.878 1.227
17 27 14.695 1.141
17 28 33.812 0.37
17 29 25.053 1.721
17 30 81.523 1.677
17 31 66.415 0.532
17 32 89.673 0.47
17 33 87.436 1.972
17 34 66.904 0.915
17 35 65.203 0.854
17 36 69.094 0.493
17 37 59.545 0.631
17 38 87.587 1.719
17 39 26.315 1.428
17 40 53.448 1.306
17 41 96.539 0.433
17 42 54.542 0.138
17 43 23.749 1.825
17 44 18.948 1.338
17 45 33.129 0.396
17 46 71.148 1.587
17 47 67.332 0.977
17 48 56.411 1.461
17 49 94.037 0.08
18 19 53.643 1.606
18 20 51.323 1.622
18 21 92.22 1.811
18 22 71.374 0.917
18 23 99.324 1.137
18 24 85.794 1.737
18 25 31.952 0.669
18 26 59.348 0.313
18 27 19.452 1.622
18 28 64.094 1.237
18 29 51.709 1.652
18 30 71.087 0.254
18 31 96.102 0.896
18 32 3.089 1.081
18 33 33.73 1.588
18 34 66.748 1.035
18 35 84.114 0.057
18 36 31.429 1.122
18 37 45.421 0.773
18 38 90.296 1.304
18 39 65.949 1.315
18 40 59.081 1.754
18 41 9.482 0.813
18 42 48.738 1.107
18 43 69.391 1.478
18 44 13.874 0.433
18 45 20.828 1.407
18 46 49.344 0.34
18 47 62.746 0.999
18 48 19.388 0.006
18 49 0.151 0.765
19 20 54.597 1.93
19 21 72.375 0.085
19 22 65.803 1.788
19 23 1.681 1.938
19 24 31.242 1.209
19 25 57.714 0.721
19 26 24.365 0.854
19 27 80.912 1.339
19 28 13.539 0.292
19 29 91.268 1.396
19 30 25.283 0.638
19 31 20.681 1.842
19 32 5.965 1.12
19 33 30.309 1.685
19 34 71.681 1.63
19 35 88.469 0.053
19 36 46.404 1.836
19 37 64.069 1.253
19 38 57.217 0.926
19 39 79.278 1.791
19 40 11.917 0.459
19 41 52.805 0.777
19 42 1.407 1.649
19 43 70.486 1.241
19 44 58.656 1.733
19 45 98.539 1.866
19 46 50.518 1.538
19 47 58.786 0.792
19 48 32.666 0.157
19 49 42.555 0.649
20 21 92.747 1.802
20 22 68.879 1.126
20 23 23.0 0.946
20 24 70.085 0.437
20 25 6.184 0.05
20 26 36.214 0.579
20 27 83.791 1.947
20 28 52.834 1.937
20 29 35.946 1.897
20 30 38.988 1.411
20 31 58.594 1.677
20 32 54.15 0.723
20 33 43.979 1.7
20 34 10.086 0.751
20 35 30.391 0.387
20 36 53.234 1.158
20 37 12.12 0.352
20 38 15.185 1.758
20 39 37.567 0.476
20 40 63.243 0.295
20 41 43.863 2.0
20 42 84.725 1.19
20 43 24.062 0.672
20 44 78.139 0.198
20 45 96.761 1.886
20 46 20.541 0.183
20 47 43.095 1.863
20 48 35.485 0.3
20 49 17.064 0.979
21 22 58.714 1.192
21 23 64.231 0.479
21 24 73.522 0.282
21 25 36.322 1.857
21 26 30.589 0.177
21 27 91.835 0.571
21 28 52.751 1.292
21 29 19.432 0.338
21 30 22.322 0.47
21 31 2.71 1.012
21 32 23.746 1.867
21 33 17.312 1.716
21 34 35.046 0.18
21 35 76.226 0.114
21 36 61.583 1.789
21 37 25.578 1.774
21 38 12.68 1.535
21 39 0.033 1.36
21 40 25.092 1.403
21 41 18.093 1.982
21 42 41.618 0.41
21 43 17.036 1.644
21 44 14.266 0.852
21 45 57.198 1.497
21 46 49.978 0.62
21 47 99.688 0.315
21 48 91.513 0.128
21 49 33.951 1.017
22 23 68.433 1.033
22 24 37.989 1.73
22 25 10.386 0.494
22 26 91.618 1.21
22 27 67.711 0.346
22 28 32.392 0.281
22 29 73.104 0.687
22 30 76.303 0.355
22 31 25.899 0.399
22 32 31.634 1.305
22 33 86.852 0.918
22 34 90.601 0.986
22 35 18.657 0.924
22 36 69.912 0.277
22 37 25.6 0.306
22 38 0.793 0.433
22 39 15.93 0.518
22 40 75.479 0.154
22 41 22.874 1.856
22 42 16.654 0.442
22 43 66.758 0.168
22 44 32.009 1.961
22 45 38.109 0.936
22 46 67.439 1.341
22 47 0.717 1.846
22 48 46.874 1.622
22 49 10.191 1.885
23 24 87.468 0.731
23 25 69.166 0.837
23 26 11.62 1.251
23 27 14.996 1.855
23 28 6.762 0.358
23 29 93.991 1.054
23 30 51.928 1.862
23 31 25.463 1.356
23 32 61.876 1.263
23 33 66.977 0.588
23 34 2.766 0.108
23 35 84.182 1.234
23 36 36.128 1.942
23 37 88.767 0.7
23 38 95.917 0.68
23 39 62.336 1.9
23 40 42.217 0.898
23 41 78.486 0.603
23 42 39.747 0.44
23 43 96.452 0.059
23 44 92.523 1.428
23 45 24.739 1.31
23 46 52.689 0.988
23 47 93.098 0.358
23 48 46.085 0.735
23 49 19.184 0.754
24 25 46.81 1.205
24 26 8.641 1.905
24 27 98.128 0.986
24 28 71.205 1.243
24 29 46.166 0.386
24 30 80.07 0.343
24 31 15.998 0.292
24 32 67.739 1.068
24 33 49.755 1.722
24 34 57.022 0.312
24 35 6.202 1.422
24 36 15.265 0.901
24 37 14.016 1.953
24 38 80.634 0.864
24 39 26.497 1.693
24 40 81.197 0.974
24 41 50.767 0.336
24 42 7.458 1.834
24 43 86.69 0.277
24 44 76.7 1.138
24 45 78.132 1.012
24 46 86.223 0.231
24 47 40.746 0.221
24 48 44.633 0.683
24 49 63.596 0.247
25 26 62.444 0.982
25 27 41.545 0.045
25 28 83.341 0.081
25 29 25.569 1.169
25 30 68.977 0.115
25 31 12.847 0.217
25 32 70.465 0.35
25 33 81.53 1.267
25 34 40.326 0.518
25 35 60.223 1.115
25 36 93.681 1.586
25 37 15.175 1.871
25 38 11.072 0.994
25 39 92.27 1.581
25 40 38.706 0.107
25 41 51.745 1.743
25 42 60.485 0.611
25 43 54.234 1.26
25 44 52.455 1.02
25 45 89.44 0.594
25 46 17.86 1.978
25 47 31.9 1.231
25 48 70.558 0.402
25 49 34.219 1.238
26 27 77.952 1.2
26 28 14.7 0.749
26 29 73.969 0.628
26 30 67.636 0.546
26 31 3.535 1.459
26 32 1.451 1.117
26 33 78.035 1.412
26 34 13.516 1.835
26 35 61.577 0.085
26 36 75.818 1.608
26 37 50.442 0.748
26 38 16.724 1.666
26 39 12.009 1.556
26 40 73.86 1.041
26 41 42.001 0.454
26 42 77.23 0.893
26 43 93.707 1.898
26 44 57.259 1.636
26 45 0.877 0.151
26 46 9.018 0.524
26 47 84.16 1.297
26 48 25.317 0.321
26 49 85.973 1.831
27 28 0.879 0.857
27 29 62.412 1.102
27 30 56.465 0.135
27 31 91.091 0.277
27 32 32.714 1.664
27 33 54.919 1.872
27 34 74.481 0.738
27 35 42.876 0.444
27 36 73.528 1.41
27 37 84.859 1.606
27 38 91.825 0.367
27 39 81.742 1.579
27 40 72.279 1.765
27 41 73.797 1.279
27 42 93.953 0.48
27 43 36.502 0.057
27 44 51.305 0.017
27 45 51.644 1.442
27 46 64.559 1.438
27 47 56.551 0.208
27 48 97.759 0.144
27 49 14.375 1.829
28 29 49.062 1.324
28 30 93.232 0.453
28 31 42.748 0.704
28 32 31.998 0.972
28 33 36.443 0.205
28 34 3.907 1.572
28 35 57.192 1.553
28 36 21.276 0.776
28 37 41.141 0.291
28 38 89.97 0.736
28 39 79.98 1.934
28 40 88.415 0.392
28 41 51.809 0.186
28 42 99.318 0.897
28 43 55.021 0.917
28 44 29.742 0.816
28 45 48.385 1.963
28 46 22.148 1.553
28 47 36.074 1.201
28 48 60.779 0.715
28 49 88.989 0.425
29 30 1.185 0.983
29 31 67.275 0.196
29 32 89.826 0.982
29 33 64.916 0.432
29 34 82.815 1.783
29 35 82.663 1.86
29 36 97.18 0.987
29 37 63.511 1.641
29 38 4.617 0.996
29 39 94.715 0.267
29 40 38.202 0.302
29 41 51.696 1.23
29 42 99.025 0.687
29 43 67.315 1.958
29 44 52.988 0.167
29 45 34.667 0.6
29 46 96.024 1.258
29 47 36.017 1.061
29 48 88.537 0.799
29 49 3.562 1.262
30 31 47.695 0.332
30 32 42.138 0.109
30 33 73.793 1.782
30 34 56.537 1.163
30 35 13.722 0.815
30 36 86.039 0.692
30 37 49.155 0.27
30 38 11.613 0.877
30 39 90.066 1.051
30 40 95.111 1.32
30 41 33.822 0.551
30 42 11.871 0.48
30 43 6.967 0.818
30 44 66.369 0.887
30 45 56.538 1.732
30 46 92.329 1.295
30 47 9.75 0.239
30 48 28.422 0.797
30 49 21.456 0.083
31 32 27.843 1.009
31 33 73.167 0.784
31 34 24.69 1.631
31 35 63.438 0.366
31 36 81.347 0.998
31 37 15.561 0.981
31 38 39.235 0.19
31 39 63.634 1.366
31 40 90.464 1.416
31 41 13.715 1.293
31 42 24.758 1.789
31 43 93.289 1.425
31 44 36.857 1.003
31 45 15.419 1.262
31 46 88.748 1.988
31 47 90.55 0.02
31 48 31.633 0.045
31 49 68.232 1.14
32 33 77.694 1.115
32 34 8.054 0.071
32 35 58.972 1.992
32 36 30.834 1.326
32 37 1.098 0.742
32 38 38.203 0.535
32 39 84.507 0.376
32 40 61.606 0.362
32 41 33.37 0.478
32 42 12.237 1.456
32 43 89.618 0.731
32 44 59.681 1.643
32 45 11.178 0.553
32 46 96.499 0.376
32 47 94.735 1.414
32 48 19.918 1.094
32 49 84.355 0.298
33 34 24.783 0.117
33 35 36.99 1.316
33 36 61.362 1.488
33 37 59.483 0.753
33 38 62.512 0.76
33 39 19.448 0.72
33 40 51.622 1.567
33 41 11.056 1.175
33 42 84.797 0.068
33 43 53.391 1.082
33 44 79.836 0.171
33 45 61.439 0.813
33 46 22.004 0.786
33 47 1.62 0.759
33 48 71.091 0.593
33 49 81.051 0.905
34 35 36.401 1.211
34 36 8.798 1.801
34 37 39.93 0.666
34 38 57.719 1.566
34 39 69.236 0.801
34 40 83.372 1.783
34 41 35.182 0.167
34 42 17.077 1.26
34 43 18.662 0.183
34 44 90.435 0.888
34 45 47.458 1.815
34 46 93.887 1.966
34 47 66.011 1.513
34 48 82.172 1.469
34 49 81.27 0.136
35 36 25.692 0.935
35 37 87.952 1.557
35 38 53.962 0.358
35 39 19.608 0.451
35 40 53.363 1.571
35 41 17.221 0.246
35 42 3.802 1.246
35 43 10.242 0.611
35 44 21.739 1.577
35 45 38.687 0.265
35 46 5.664 1.675
35 47 63.212 0.099
35 48 30.819 1.916
35 49 3.076 0.903
36 37 35.331 0.063
36 38 17.594 0.729
36 39 7.041 0.084
36 40 48.662 0.799
36 41 72.815 1.578
36 42 99.063 1.367
36 43 6.313 0.444
36 44 60.927 0.677
36 45 57.644 1.291
36 46 49.715 0.299
36 47 81.395 0.314
36 48 31.078 1.305
36 49 93.194 0.391
37 38 45.773 1.757
37 39 8.36 1.018
37 40 90.72 0.32
37 41 18.537 1.825
37 42 6.706 0.987
37 43 42.995 1.309
37 44 84.088 0.264
37 45 70.915 1.76
37 46 48.737 1.703
37 47 26.642 0.301
37 48 12.533 0.237
37 49 36.202 0.263
38 39 12.456 1.257
38 40 89.55 1.423
38 41 38.535 1.992
38 42 87.067 0.141
38 43 90.369 1.156
38 44 0.084 1.503
38 45 15.418 0.202
38 46 41.417 0.04
38 47 96.31 1.076
38 48 43.564 1.194
38 49 66.636 1.468
39 40 60.662 1.519
39 41 27.507 1.898
39 42 12.505 1.992
39 43 59.286 1.466
39 44 9.242 0.169
39 45 75.953 0.156
39 46 25.009 0.031
39 47 48.918 1.126
39 48 56.243 1.903
39 49 28.801 1.15
40 41 59.208 0.224
40 42 91.526 1.25
40 43 15.868 1.433
40 44 25.726 0.627
40 45 34.523 1.911
40 46 98.609 0.47
40 47 96.23 1.679
40 48 86.647 0.357
40 49 60.165 0.589
41 42 34.374 0.785
41 43 26.915 0.477
41 44 62.353 0.554
41 45 73.72 0.089
41 46 56.737 1.859
41 47 83.688 0.283
41 48 73.592 0.665
41 49 3.157 1.459
42 43 20.758 0.744
42 44 9.267 0.478
42 45 11.378 1.521
42 46 81.414 1.68
42 47 17.512 1.272
42 48 24.346 1.312
42 49 12.225 1.619
43 44 81.59 0.022
43 45 45.196 1.122
43 46 85.831 1.607
43 47 3.966 1.263
43 48 99.503 0.804
43 49 9.074 0.201
44 45 54.16 0.907
44 46 8.546 1.31
44 47 32.75 1.206
44 48 70.195 0.349
44 49 72.603 0.778
45 46 63.877 0.322
45 47 4.214 0.509
45 48 3.504 0.02
45 49 84.517 0.463
46 47 12.172 0.188
46 48 38.197 0.737
46 49 16.966 1.606
47 48 80.495 0.015
47 49 98.383 0.334
48 49 57.437 0.745