50
86.04
0 1 49.096 0.662
0 2 53.922 0.504
0 3 54.137 0.911
0 4 43.503 0.632
0 5 43.427 0.527
0 6 50.05 0.512
0 7 51.697 0.683
0 8 45.496 0.88
0 9 45.474 0.583
0 10 49.473 0.515
0 11 42.828 0.595
0 12 46.663 0.944
0 13 53.888 0.973
0 14 44.171 0.832
0 15 44.129 0.574
0 16 47.657 0.868
0 17 41.082 0.649
0 18 46.073 0.676
0 19 44.168 0.535
0 20 46.383 0.648
0 21 48.373 0.747
0 22 44.773 0.925
0 23 44.882 0.547
0 24 48.506 0.608
0 25 45.12 0.738
0 26 50.838 0.547
0 27 49.139 0.812
0 28 54.969 0.851
0 29 45.643 0.518
0 30 50.172 0.736
0 31 47.567 0.752
0 32 44.092 0.654
0 33 53.921 0.937
0 34 47.067 0.75
0 35 48.846 0.564
0 36 49.17 0.606
0 37 49.542 0.639
0 38 44.997 0.933
0 39 45.088 0.767
0 40 52.385 0.743
0 41 53.68 0.746
0 42 46.889 0.704
0 43 47.514 0.822
0 44 44.715 0.836
0 45 46.47 0.507
0 46 44.15 0.532
0 47 50.031 0.799
0 48 49.873 0.955
0 49 47.82 0.778
1 2 44.682 0.738
1 3 47.963 0.551
1 4 44.939 0.815
1 5 47.898 0.87
1 6 52.173 0.655
1 7 44.425 0.511
1 8 49.798 0.66
1 9 53.915 0.626
1 10 46.835 0.553
1 11 53.422 0.735
1 12 43.008 0.627
1 13 51.32 0.872
1 14 52.861 0.788
1 15 49.289 0.697
1 16 42.539 0.749
1 17 41.672 0.914
1 18 55.745 0.539
1 19 42.792 0.726
1 20 43.373 0.944
1 21 43.203 0.727
1 22 47.26 0.572
1 23 42.57 0.85
1 24 49.421 0.881
1 25 53.686 0.836
1 26 40.915 0.74
1 27 52.436 0.528
1 28 46.826 0.554
1 29 53.319 0.827
1 30 48.288 0.877
1 31 52.839 0.663
1 32 44.273 0.509
1 33 43.352 0.994
1 34 48.852 0.921
1 35 49.27 0.816
1 36 52.029 0.725
1 37 46.998 0.53
1 38 50.66 0.886
1 39 50.023 0.821
1 40 48.844 0.647
1 41 51.681 0.785
1 42 44.619 0.615
1 43 43.596 0.66
1 44 47.384 0.864
1 45 52.72 0.534
1 46 51.799 0.762
1 47 46.144 0.872
1 48 48.154 0.66
1 49 54.224 0.97
2 3 48.459 0.979
2 4 44.845 0.772
2 5 48.257 0.774
2 6 51.992 0.881
2 7 44.216 0.951
2 8 41.732 0.823
2 9 48.884 0.64
2 10 52.334 0.501
2 11 46.347 0.77
2 12 50.859 0.711
2 13 52.972 0.546
2 14 47.884 0.829
2 15 51.754 0.596
2 16 41.774 0.611
2 17 45.507 0.926
2 18 49.775 0.885
2 19 45.994 0.781
2 20 51.225 0.91
2 21 50.8 0.694
2 22 55.744 0.638
2 23 48.847 0.729
2 24 42.154 0.787
2 25 51.195 0.667
2 26 44.11 0.795
2 27 52.392 0.583
2 28 55.385 0.906
2 29 50.681 0.588
2 30 46.511 0.719
2 31 49.374 0.68
2 32 41.827 0.786
2 33 43.203 0.52
2 34 52.301 0.905
2 35 45.738 0.836
2 36 49.371 0.766
2 37 56.437 0.586
2 38 41.321 0.959
2 39 44.503 0.627
2 40 52.939 0.93
2 41 46.542 0.972
2 42 43.475 0.772
2 43 49.332 0.515
2 44 55.28 0.774
2 45 48.003 0.961
2 46 48.433 0.528
2 47 49.656 0.966
2 48 50.195 0.822
2 49 48.902 0.724
3 4 46.8 0.616
3 5 50.701 0.898
3 6 43.732 0.516
3 7 42.063 0.536
3 8 50.514 0.505
3 9 49.649 0.601
3 10 42.911 0.915
3 11 44.64 0.623
3 12 53.906 0.566
3 13 53.754 0.939
3 14 48.954 0.592
3 15 43.928 0.777
3 16 52.47 0.823
3 17 52.356 0.964
3 18 54.216 0.652
3 19 46.985 0.603
3 20 42.12 0.537
3 21 47.988 0.54
3 22 50.825 0.872
3 23 44.7 0.584
3 24 42.392 0.681
3 25 53.44 0.581
3 26 49.919 0.891
3 27 47.635 0.545
3 28 54.49 0.894
3 29 48.304 0.61
3 30 42.856 0.805
3 31 41.858 0.801
3 32 43.818 0.908
3 33 52.803 0.682
3 34 54.0 0.799
3 35 46.71 0.83
3 36 51.2 0.57
3 37 45.717 0.862
3 38 45.877 0.909
3 39 45.128 0.591
3 40 51.316 0.722
3 41 44.879 0.761
3 42 41.107 0.821
3 43 49.952 0.867
3 44 43.938 0.729
3 45 52.865 0.703
3 46 50.928 0.966
3 47 56.752 0.852
3 48 55.311 0.635
3 49 54.695 0.957
4 5 49.458 0.616
4 6 43.984 0.516
4 7 42.769 0.919
4 8 43.476 0.822
4 9 53.257 0.985
4 10 51.242 0.983
4 11 45.145 0.999
4 12 42.202 0.79
4 13 53.995 0.799
4 14 54.073 0.866
4 15 55.168 0.953
4 16 51.137 0.807
4 17 44.176 0.578
4 18 53.148 0.861
4 19 47.084 0.7
4 20 51.43 0.668
4 21 47.61 0.724
4 22 49.409 0.611
4 23 46.413 0.942
4 24 45.636 0.517
4 25 55.581 0.678
4 26 50.967 0.768
4 27 46.235 0.651
4 28 49.923 0.758
4 29 56.491 0.736
4 30 45.526 0.799
4 31 42.799 0.866
4 32 46.02 0.557
4 33 51.741 0.766
4 34 49.458 0.558
4 35 46.453 0.967
4 36 47.614 0.696
4 37 54.898 0.895
4 38 48.363 0.824
4 39 50.314 0.594
4 40 41.303 0.54
4 41 52.201 0.566
4 42 42.918 0.632
4 43 46.651 0.882
4 44 52.123 0.561
4 45 41.13 0.985
4 46 48.282 0.987
4 47 51.494 0.871
4 48 47.874 0.705
4 49 49.193 0.873
5 6 48.606 0.865
5 7 49.058 0.913
5 8 45.835 0.656
5 9 50.328 0.778
5 10 43.705 0.796
5 11 49.104 0.996
5 12 53.891 0.555
5 13 43.07 0.571
5 14 50.626 0.943
5 15 48.432 0.806
5 16 55.814 0.545
5 17 45.8 0.513
5 18 52.721 0.878
5 19 45.972 0.575
5 20 45.183 0.614
5 21 44.375 0.601
5 22 54.905 0.928
5 23 46.171 0.697
5 24 48.201 0.88
5 25 50.418 0.937
5 26 51.982 0.718
5 27 53.823 0.887
5 28 50.148 0.823
5 29 46.066 0.751
5 30 50.443 0.586
5 31 45.558 0.728
5 32 43.331 0.747
5 33 46.921 0.533
5 34 47.412 0.748
5 35 47.569 0.895
5 36 44.678 0.838
5 37 52.619 0.994
5 38 46.148 0.735
5 39 45.306 0.781
5 40 52.776 0.828
5 41 42.93 0.894
5 42 43.41 0.833
5 43 45.991 0.907
5 44 48.813 0.727
5 45 52.145 0.864
5 46 53.368 0.624
5 47 43.52 0.613
5 48 55.83 0.904
5 49 43.126 0.583
6 7 43.654 0.659
6 8 45.058 0.955
6 9 48.08 0.5
6 10 44.405 0.677
6 11 49.106 0.518
6 12 56.362 0.771
6 13 55.597 0.793
6 14 55.101 0.698
6 15 54.487 0.587
6 16 50.578 0.712
6 17 42.389 0.911
6 18 50.297 0.8
6 19 46.214 0.751
6 20 45.498 0.96
6 21 46.067 0.779
6 22 47.818 0.566
6 23 56.916 0.525
6 24 43.796 0.575
6 25 48.07 0.729
6 26 43.233 0.638
6 27 54.134 0.592
6 28 53.848 0.655
6 29 56.163 0.827
6 30 51.092 0.586
6 31 45.674 0.532
6 32 47.034 0.892
6 33 53.661 0.979
6 34 48.196 0.537
6 35 43.254 0.638
6 36 53.843 0.847
6 37 55.015 0.582
6 38 48.859 0.906
6 39 50.244 0.765
6 40 51.748 0.93
6 41 50.396 0.665
6 42 53.218 0.588
6 43 51.922 0.896
6 44 45.468 0.94
6 45 50.342 0.828
6 46 50.217 0.829
6 47 50.903 0.92
6 48 43.651 0.861
6 49 51.923 0.837
7 8 47.712 0.951
7 9 53.546 0.644
7 10 51.122 0.615
7 11 56.986 0.876
7 12 53.769 0.683
7 13 44.599 0.877
7 14 44.1 0.963
7 15 55.077 0.943
7 16 54.174 0.752
7 17 41.316 0.547
7 18 46.28 0.647
7 19 55.942 0.74
7 20 49.574 0.804
7 21 43.244 0.824
7 22 48.797 0.78
7 23 47.032 0.673
7 24 48.141 0.691
7 25 45.012 0.777
7 26 53.448 0.556
7 27 54.369 0.674
7 28 49.199 0.662
7 29 47.954 0.851
7 30 56.763 0.788
7 31 49.998 0.537
7 32 53.548 0.883
7 33 47.154 0.976
7 34 46.989 0.673
7 35 46.367 0.83
7 36 48.356 0.63
7 37 49.505 0.669
7 38 49.882 0.73
7 39 52.477 0.888
7 40 41.681 0.89
7 41 46.665 0.871
7 42 50.328 0.767
7 43 43.763 0.747
7 44 47.171 0.788
7 45 48.98 0.697
7 46 43.31 0.766
7 47 43.348 0.703
7 48 56.312 0.706
7 49 45.808 0.842
8 9 52.148 0.787
8 10 51.916 0.845
8 11 55.116 0.555
8 12 44.904 0.94
8 13 43.754 0.812
8 14 52.025 0.567
8 15 51.122 0.829
8 16 56.474 0.723
8 17 43.818 1.0
8 18 47.808 0.75
8 19 55.524 0.612
8 20 44.411 0.993
8 21 56.082 0.672
8 22 53.255 0.954
8 23 53.339 0.753
8 24 51.823 0.901
8 25 56.6 0.925
8 26 45.069 0.571
8 27 48.528 0.804
8 28 55.216 0.878
8 29 44.769 0.62
8 30 43.674 0.612
8 31 48.314 0.852
8 32 53.96 0.77
8 33 55.955 0.603
8 34 46.533 0.898
8 35 56.874 0.599
8 36 45.665 0.962
8 37 49.859 0.865
8 38 50.174 0.8
8 39 44.995 0.948
8 40 43.836 0.876
8 41 41.546 0.57
8 42 47.001 0.554
8 43 49.298 0.788
8 44 52.0 0.666
8 45 48.02 0.95
8 46 43.288 0.713
8 47 55.939 0.595
8 48 51.052 0.824
8 49 49.1 0.737
9 10 55.2 0.638
9 11 45.538 0.522
9 12 51.488 0.735
9 13 55.105 0.788
9 14 50.695 0.839
9 15 45.829 0.836
9 16 50.717 0.798
9 17 52.144 0.913
9 18 47.569 0.925
9 19 55.43 0.872
9 20 47.182 0.758
9 21 51.369 0.901
9 22 54.545 0.572
9 23 47.743 0.821
9 24 55.543 0.512
9 25 43.936 0.715
9 26 46.499 0.521
9 27 52.595 0.728
9 28 52.952 0.668
9 29 47.436 0.737
9 30 45.559 0.804
9 31 41.13 0.95
9 32 54.049 0.864
9 33 54.005 0.822
9 34 43.181 0.969
9 35 52.341 0.515
9 36 47.282 0.913
9 37 47.419 0.856
9 38 47.25 0.524
9 39 48.053 0.781
9 40 51.114 0.561
9 41 47.997 0.894
9 42 42.62 0.754
9 43 49.225 0.716
9 44 53.622 0.927
9 45 43.569 0.928
9 46 43.83 0.79
9 47 46.833 0.738
9 48 44.772 0.511
9 49 48.156 0.856
10 11 44.888 0.765
10 12 46.419 0.749
10 13 48.239 0.945
10 14 46.739 0.824
10 15 53.113 0.865
10 16 43.064 0.832
10 17 52.738 0.842
10 18 52.421 0.998
10 19 54.844 0.512
10 20 50.081 0.918
10 21 48.838 0.658
10 22 55.669 0.857
10 23 55.922 0.918
10 24 55.341 0.66
10 25 46.638 0.514
10 26 53.775 0.966
10 27 46.404 0.634
10 28 55.282 0.858
10 29 53.508 0.734
10 30 56.118 0.648
10 31 44.817 0.564
10 32 41.976 0.857
10 33 49.871 0.738
10 34 48.223 0.771
10 35 55.175 0.775
10 36 53.585 0.864
10 37 53.624 0.784
10 38 49.505 0.691
10 39 49.806 0.949
10 40 45.671 0.822
10 41 41.868 0.851
10 42 49.4 0.717
10 43 44.428 0.814
10 44 49.787 0.653
10 45 52.743 0.771
10 46 50.758 0.951
10 47 54.001 0.596
10 48 48.251 0.637
10 49 43.005 0.73
11 12 56.884 0.708
11 13 46.045 0.518
11 14 56.866 0.784
11 15 44.761 0.925
11 16 43.428 0.943
11 17 47.488 0.661
11 18 49.668 0.87
11 19 45.879 0.641
11 20 47.778 0.909
11 21 50.028 0.766
11 22 44.465 0.84
11 23 54.165 0.757
11 24 50.812 0.535
11 25 53.133 0.727
11 26 47.449 0.836
11 27 50.053 0.855
11 28 54.071 0.679
11 29 43.053 0.589
11 30 49.498 0.718
11 31 41.636 0.552
11 32 52.287 0.863
11 33 55.554 0.511
11 34 50.395 0.509
11 35 46.503 0.825
11 36 45.158 0.871
11 37 48.308 0.876
11 38 43.35 0.814
11 39 55.541 0.551
11 40 44.517 0.742
11 41 42.12 0.55
11 42 41.886 0.698
11 43 47.351 0.555
11 44 48.526 0.847
11 45 46.95 0.964
11 46 51.976 0.76
11 47 54.374 0.761
11 48 47.119 0.612
11 49 54.453 0.748
12 13 47.8 0.973
12 14 48.111 0.879
12 15 55.173 0.606
12 16 49.839 0.911
12 17 46.461 0.564
12 18 49.068 0.561
12 19 43.685 0.941
12 20 47.908 0.95
12 21 46.723 0.918
12 22 45.614 0.709
12 23 47.374 0.946
12 24 56.667 0.969
12 25 45.201 0.954
12 26 56.342 0.841
12 27 51.299 0.926
12 28 50.807 0.652
12 29 54.326 0.735
12 30 45.268 0.903
12 31 50.533 0.871
12 32 49.8 0.848
12 33 49.775 0.59
12 34 45.925 0.735
12 35 46.128 0.766
12 36 48.173 0.997
12 37 46.794 0.983
12 38 47.926 0.806
12 39 47.703 0.644
12 40 48.419 0.896
12 41 43.955 0.714
12 42 48.335 0.927
12 43 46.129 0.93
12 44 47.882 0.636
12 45 47.575 0.507
12 46 52.92 0.629
12 47 50.794 0.519
12 48 51.916 0.86
12 49 47.72 0.508
13 14 44.528 0.663
13 15 56.872 0.992
13 16 54.168 0.816
13 17 49.753 0.784
13 18 45.453 0.756
13 19 45.844 0.972
13 20 56.67 0.804
13 21 47.995 0.996
13 22 47.891 0.812
13 23 54.07 0.606
13 24 52.425 0.864
13 25 49.545 0.932
13 26 53.936 0.64
13 27 54.018 0.602
13 28 47.674 0.92
13 29 56.299 0.618
13 30 51.836 0.739
13 31 50.406 0.852
13 32 49.593 0.687
13 33 56.368 0.578
13 34 40.856 0.922
13 35 52.66 0.667
13 36 55.179 0.751
13 37 46.087 0.672
13 38 45.946 0.62
13 39 45.783 0.576
13 40 53.11 0.739
13 41 45.309 0.763
13 42 53.675 0.773
13 43 41.313 0.798
13 44 53.988 0.728
13 45 40.983 0.563
13 46 45.253 0.914
13 47 46.129 0.787
13 48 50.948 0.613
13 49 44.551 0.67
14 15 43.029 0.72
14 16 56.616 0.799
14 17 53.953 0.567
14 18 52.908 0.682
14 19 52.038 0.601
14 20 46.897 0.781
14 21 48.348 0.957
14 22 51.398 0.949
14 23 49.074 0.987
14 24 52.634 0.982
14 25 44.849 0.944
14 26 56.701 0.948
14 27 55.137 0.844
14 28 44.058 0.725
14 29 46.751 0.884
14 30 44.613 0.719
14 31 41.521 0.684
14 32 42.688 0.517
14 33 51.084 0.967
14 34 53.352 0.956
14 35 52.315 0.984
14 36 54.929 0.958
14 37 54.789 0.54
14 38 42.201 0.884
14 39 47.22 0.851
14 40 42.651 0.65
14 41 46.29 0.569
14 42 49.785 0.999
14 43 48.291 0.703
14 44 46.135 0.62
14 45 49.462 0.998
14 46 51.684 0.586
14 47 52.547 0.76
14 48 46.47 0.539
14 49 43.461 0.665
15 16 49.513 0.774
15 17 53.836 0.816
15 18 45.241 0.715
15 19 53.663 0.888
15 20 47.754 0.767
15 21 45.872 0.896
15 22 50.858 0.68
15 23 49.738 0.717
15 24 55.072 0.553
15 25 52.945 0.806
15 26 45.071 0.999
15 27 47.729 0.736
15 28 47.987 0.58
15 29 46.677 0.667
15 30 54.171 0.547
15 31 49.293 0.959
15 32 47.388 0.793
15 33 53.336 0.668
15 34 44.849 0.988
15 35 50.045 0.691
15 36 52.375 0.968
15 37 50.423 0.999
15 38 42.284 0.72
15 39 56.032 0.582
15 40 47.315 0.774
15 41 48.458 0.906
15 42 43.262 0.89
15 43 43.961 0.988
15 44 50.877 0.528
15 45 50.861 0.942
15 46 44.059 0.697
15 47 49.31 0.652
15 48 53.786 0.889
15 49 50.416 0.674
16 17 47.144 0.849
16 18 49.683 0.777
16 19 48.477 0.581
16 20 51.297 0.739
16 21 54.431 0.607
16 22 45.219 0.895
16 23 47.726 0.528
16 24 51.802 0.932
16 25 45.438 0.936
16 26 50.851 0.947
16 27 56.529 0.57
16 28 53.14 0.597
16 29 52.08 0.581
16 30 44.904 0.926
16 31 44.925 0.747
16 32 48.139 0.595
16 33 49.766 0.867
16 34 41.049 0.861
16 35 52.382 0.633
16 36 52.568 0.652
16 37 54.803 0.611
16 38 50.455 0.911
16 39 43.444 0.583
16 40 52.884 0.681
16 41 46.552 0.731
16 42 49.787 0.823
16 43 52.646 0.544
16 44 55.257 0.912
16 45 41.917 0.613
16 46 56.553 0.836
16 47 55.193 0.907
16 48 47.855 0.739
16 49 49.199 0.772
17 18 43.972 0.673
17 19 44.968 0.832
17 20 44.977 0.752
17 21 43.534 0.872
17 22 45.632 0.872
17 23 50.908 0.547
17 24 47.725 0.525
17 25 56.2 0.971
17 26 45.67 0.904
17 27 47.135 0.792
17 28 47.118 0.794
17 29 43.455 0.697
17 30 52.684 0.945
17 31 51.336 0.965
17 32 54.91 0.657
17 33 44.263 0.867
17 34 46.382 0.545
17 35 54.671 0.898
17 36 46.349 0.78
17 37 47.439 0.558
17 38 45.927 0.639
17 39 51.853 0.73
17 40 47.99 0.661
17 41 50.023 0.629
17 42 52.766 0.844
17 43 44.168 0.653
17 44 51.964 0.827
17 45 52.118 0.943
17 46 56.923 0.696
17 47 46.596 0.669
17 48 56.523 0.915
17 49 53.491 0.832
18 19 44.946 0.937
18 20 44.674 0.829
18 21 47.48 0.791
18 22 45.059 0.838
18 23 45.61 0.508
18 24 51.393 0.69
18 25 53.171 0.622
18 26 45.968 0.954
18 27 46.919 0.927
18 28 47.95 0.803
18 29 46.379 0.967
18 30 51.497 0.915
18 31 45.28 0.68
18 32 50.646 0.943
18 33 54.507 0.737
18 34 48.457 0.516
18 35 45.297 0.667
18 36 49.157 0.613
18 37 45.681 0.538
18 38 50.882 0.992
18 39 52.518 0.656
18 40 42.556 0.716
18 41 48.776 0.718
18 42 50.01 0.934
18 43 46.504 0.605
18 44 53.706 0.581
18 45 52.474 0.568
18 46 45.766 0.635
18 47 56.857 0.674
18 48 47.729 0.909
18 49 47.238 0.971
19 20 52.412 0.554
19 21 46.009 0.729
19 22 52.337 0.657
19 23 44.96 0.61
19 24 43.867 0.583
19 25 43.041 0.931
19 26 48.478 0.912
19 27 44.692 0.559
19 28 43.556 0.837
19 29 43.083 0.543
19 30 51.316 0.626
19 31 53.696 0.826
19 32 52.006 0.668
19 33 44.327 0.584
19 34 41.149 0.548
19 35 56.383 0.551
19 36 55.6 0.867
19 37 49.097 0.722
19 38 43.483 0.51
19 39 48.868 0.989
19 40 49.714 0.928
19 41 43.895 0.524
19 42 47.049 0.872
19 43 52.935 0.784
19 44 50.44 0.581
19 45 45.77 0.832
19 46 44.754 0.519
19 47 44.043 0.889
19 48 48.776 0.673
19 49 53.257 0.976
20 21 50.1 0.529
20 22 51.187 0.525
20 23 48.864 0.69
20 24 43.884 0.995
20 25 54.734 0.712
20 26 56.807 0.648
20 27 53.711 0.972
20 28 55.203 0.661
20 29 46.072 0.872
20 30 53.978 0.993
20 31 43.464 0.918
20 32 44.792 0.828
20 33 45.603 0.627
20 34 47.563 0.977
20 35 44.944 0.673
20 36 56.397 0.934
20 37 46.247 0.891
20 38 41.855 0.676
20 39 44.737 0.979
20 40 45.89 0.77
20 41 43.73 0.656
20 42 41.877 0.766
20 43 46.81 0.834
20 44 54.841 0.677
20 45 53.045 0.762
20 46 56.858 0.583
20 47 48.159 0.764
20 48 46.656 0.888
20 49 54.768 0.633
21 22 50.852 0.527
21 23 54.539 0.653
21 24 47.442 0.628
21 25 47.228 0.943
21 26 53.066 0.548
21 27 55.585 0.828
21 28 55.623 0.889
21 29 45.444 0.649
21 30 55.201 0.828
21 31 49.618 0.561
21 32 46.88 0.909
21 33 43.992 0.608
21 34 48.601 0.605
21 35 49.679 0.844
21 36 50.791 0.759
21 37 44.502 0.83
21 38 46.025 0.627
21 39 52.679 0.887
21 40 48.549 0.88
21 41 45.021 0.611
21 42 41.237 0.638
21 43 51.034 0.575
21 44 50.24 0.649
21 45 51.271 0.766
21 46 47.168 0.778
21 47 53.38 0.921
21 48 45.179 0.61
21 49 55.847 0.618
22 23 51.797 0.701
22 24 56.625 0.508
22 25 44.507 0.614
22 26 56.521 0.706
22 27 53.228 0.597
22 28 43.47 0.924
22 29 52.509 0.721
22 30 50.805 0.751
22 31 44.086 0.631
22 32 46.614 0.745
22 33 55.458 0.527
22 34 44.181 0.502
22 35 54.086 0.598
22 36 54.116 0.513
22 37 49.336 0.783
22 38 44.179 0.676
22 39 45.524 0.898
22 40 51.355 0.551
22 41 56.427 0.828
22 42 49.303 0.567
22 43 48.686 0.564
22 44 46.385 0.776
22 45 49.606 0.655
22 46 51.549 0.508
22 47 46.539 0.995
22 48 56.426 0.597
22 49 46.042 0.582
23 24 53.583 0.685
23 25 55.121 0.788
23 26 54.996 0.948
23 27 45.557 0.571
23 28 44.314 0.768
23 29 55.244 0.723
23 30 46.684 0.941
23 31 46.812 0.531
23 32 43.032 0.796
23 33 49.26 0.788
23 34 42.681 0.832
23 35 44.305 0.737
23 36 53.452 0.931
23 37 51.755 0.619
23 38 52.265 0.841
23 39 43.265 0.721
23 40 53.623 0.905
23 41 45.186 0.685
23 42 42.653 0.953
23 43 55.871 0.644
23 44 43.682 0.6
23 45 51.431 0.529
23 46 49.606 0.628
23 47 53.973 0.957
23 48 45.79 0.963
23 49 52.839 0.96
24 25 49.649 0.86
24 26 56.27 0.795
24 27 56.701 0.883
24 28 47.729 0.961
24 29 55.652 0.752
24 30 44.482 0.96
24 31 43.038 0.511
24 32 49.832 0.777
24 33 53.253 0.56
24 34 45.035 0.895
24 35 49.095 0.759
24 36 53.39 0.679
24 37 53.358 0.536
24 38 44.697 0.517
24 39 50.359 0.53
24 40 45.106 0.617
24 41 45.795 0.654
24 42 52.172 0.55
24 43 45.26 0.794
24 44 50.168 0.571
24 45 49.052 0.929
24 46 47.387 0.859
24 47 44.84 0.93
24 48 48.438 0.987
24 49 51.58 0.883
25 26 53.673 0.999
25 27 47.138 0.965
25 28 53.24 0.858
25 29 46.66 0.822
25 30 43.707 0.733
25 31 52.663 0.719
25 32 47.354 0.557
25 33 49.122 0.736
25 34 49.031 0.848
25 35 52.448 0.547
25 36 54.925 0.83
25 37 47.614 0.707
25 38 50.801 0.891
25 39 48.088 0.651
25 40 51.849 0.616
25 41 55.97 0.772
25 42 41.939 0.741
25 43 55.293 0.656
25 44 46.285 0.924
25 45 53.182 0.636
25 46 43.161 0.658
25 47 53.346 0.909
25 48 44.226 0.914
25 49 53.363 0.688
26 27 48.466 0.528
26 28 55.59 0.925
26 29 44.907 0.596
26 30 52.473 0.844
26 31 41.037 0.63
26 32 52.115 0.544
26 33 54.418 0.938
26 34 53.286 0.909
26 35 47.312 0.531
26 36 54.822 0.905
26 37 49.386 0.999
26 38 50.072 0.923
26 39 55.71 0.757
26 40 43.988 0.724
26 41 51.746 0.653
26 42 49.731 0.807
26 43 56.222 0.999
26 44 55.159 0.562
26 45 49.614 0.81
26 46 49.951 0.973
26 47 56.692 0.72
26 48 45.693 0.738
26 49 46.071 0.95
27 28 45.805 0.596
27 29 50.81 0.939
27 30 47.808 0.512
27 31 53.686 0.88
27 32 51.251 0.52
27 33 49.696 0.836
27 34 53.203 0.756
27 35 49.53 0.581
27 36 46.491 0.888
27 37 44.352 0.513
27 38 48.768 0.892
27 39 46.242 0.892
27 40 49.854 0.525
27 41 53.16 0.69
27 42 51.855 0.629
27 43 49.054 0.983
27 44 50.509 0.63
27 45 44.028 0.824
27 46 44.423 0.57
27 47 47.097 0.91
27 48 50.234 0.614
27 49 52.634 0.793
28 29 47.285 0.836
28 30 55.687 0.666
28 31 45.91 0.527
28 32 50.315 0.993
28 33 56.026 0.755
28 34 45.562 0.653
28 35 50.258 0.616
28 36 49.857 0.899
28 37 55.222 0.756
28 38 46.84 0.834
28 39 46.547 0.905
28 40 50.445 0.704
28 41 56.083 0.631
28 42 44.624 0.593
28 43 55.174 0.989
28 44 52.312 0.729
28 45 47.026 0.926
28 46 53.347 0.777
28 47 46.498 0.628
28 48 44.809 0.506
28 49 55.087 0.657
29 30 46.954 0.759
29 31 45.35 0.893
29 32 44.434 0.648
29 33 56.989 0.869
29 34 42.569 0.865
29 35 43.182 0.646
29 36 47.869 0.601
29 37 49.12 0.562
29 38 44.682 0.981
29 39 45.914 0.842
29 40 44.906 0.945
29 41 56.274 0.924
29 42 45.724 0.943
29 43 44.823 0.705
29 44 47.299 0.65
29 45 44.792 0.768
29 46 51.67 0.657
29 47 48.285 0.977
29 48 43.274 0.706
29 49 44.935 0.917
30 31 43.671 0.649
30 32 49.3 0.923
30 33 45.152 0.867
30 34 49.995 0.862
30 35 53.279 0.614
30 36 48.821 0.664
30 37 52.083 0.691
30 38 52.531 0.848
30 39 52.768 0.958
30 40 49.079 0.54
30 41 52.175 0.595
30 42 41.048 0.775
30 43 53.031 0.682
30 44 43.381 0.668
30 45 56.643 0.882
30 46 56.141 0.745
30 47 56.777 0.626
30 48 48.456 0.687
30 49 56.475 0.606
31 32 48.137 0.995
31 33 47.69 0.897
31 34 45.012 0.98
31 35 53.542 0.96
31 36 55.544 0.859
31 37 51.817 0.772
31 38 54.061 0.866
31 39 46.179 0.673
31 40 45.566 0.652
31 41 49.804 0.82
31 42 44.63 0.847
31 43 43.026 0.721
31 44 47.688 0.715
31 45 50.737 0.813
31 46 48.3 0.532
31 47 46.425 0.778
31 48 54.61 0.668
31 49 49.016 0.858
32 33 53.154 0.669
32 34 44.162 0.745
32 35 45.08 0.816
32 36 46.861 0.963
32 37 53.588 0.907
32 38 55.59 0.844
32 39 48.187 0.828
32 40 48.208 0.875
32 41 52.604 0.511
32 42 53.718 0.94
32 43 50.529 0.669
32 44 51.555 0.7
32 45 43.856 0.889
32 46 51.221 0.832
32 47 53.939 0.542
32 48 47.067 0.979
32 49 46.143 0.716
33 34 56.333 0.51
33 35 55.413 0.625
33 36 48.605 0.898
33 37 45.276 0.525
33 38 44.46 0.685
33 39 52.013 0.933
33 40 50.029 0.747
33 41 47.164 0.817
33 42 50.557 0.984
33 43 51.242 0.878
33 44 54.839 0.884
33 45 51.665 0.666
33 46 56.512 0.851
33 47 50.599 0.654
33 48 47.497 0.741
33 49 43.648 0.863
34 35 47.917 0.753
34 36 46.332 0.801
34 37 47.557 0.55
34 38 43.301 0.831
34 39 53.443 0.745
34 40 48.12 0.526
34 41 45.564 0.553
34 42 44.147 0.729
34 43 52.458 0.578
34 44 46.861 0.923
34 45 52.01 0.897
34 46 52.929 0.734
34 47 56.975 0.645
34 48 45.989 0.599
34 49 49.351 0.681
35 36 45.337 0.723
35 37 55.757 0.508
35 38 54.716 0.598
35 39 55.996 0.804
35 40 48.463 0.768
35 41 53.925 0.534
35 42 43.198 0.805
35 43 50.42 0.893
35 44 47.699 0.54
35 45 45.652 0.555
35 46 45.899 0.759
35 47 51.381 0.863
35 48 45.554 0.792
35 49 54.357 0.79
36 37 48.803 0.984
36 38 48.66 0.573
36 39 50.744 0.991
36 40 48.727 0.862
36 41 45.379 0.927
36 42 48.107 0.525
36 43 47.242 0.514
36 44 51.657 0.946
36 45 56.711 0.688
36 46 46.419 0.507
36 47 56.675 0.819
36 48 52.491 0.891
36 49 48.152 1.0
37 38 54.785 0.905
37 39 50.648 0.976
37 40 52.501 0.735
37 41 49.569 0.784
37 42 56.704 0.732
37 43 52.734 0.928
37 44 43.119 0.742
37 45 52.04 0.733
37 46 47.672 0.742
37 47 49.861 0.737
37 48 55.795 0.665
37 49 51.722 0.931
38 39 45.254 0.615
38 40 56.658 0.766
38 41 49.844 0.67
38 42 44.059 0.857
38 43 45.903 0.831
38 44 56.085 0.688
38 45 53.677 0.923
38 46 44.315 0.971
38 47 44.012 0.788
38 48 49.241 0.558
38 49 51.179 0.886
39 40 50.098 0.622
39 41 49.949 0.748
39 42 43.671 0.723
39 43 49.47 0.76
39 44 43.941 0.927
39 45 54.674 0.949
39 46 54.805 0.907
39 47 45.286 0.81
39 48 52.418 0.964
39 49 47.786 0.551
40 41 43.463 0.929
40 42 50.753 0.897
40 43 50.607 0.669
40 44 45.472 0.897
40 45 48.359 0.958
40 46 55.506 0.997
40 47 52.665 0.755
40 48 51.971 0.687
40 49 51.914 0.513
41 42 45.143 0.545
41 43 54.318 0.607
41 44 51.345 0.554
41 45 45.473 0.523
41 46 48.531 0.968
41 47 45.467 0.867
41 48 48.365 0.613
41 49 52.577 0.644
42 43 55.388 0.87
42 44 45.988 0.809
42 45 54.917 0.709
42 46 47.076 0.724
42 47 47.138 0.636
42 48 55.071 0.591
42 49 51.195 0.709
43 44 55.635 0.986
43 45 45.973 0.59
43 46 48.403 0.946
43 47 50.156 0.875
43 48 50.063 0.613
43 49 55.072 0.525
44 45 56.98 0.782
44 46 43.171 0.573
44 47 48.047 0.721
44 48 44.557 0.59
44 49 49.194 0.779
45 46 43.656 0.625
45 47 43.618 0.703
45 48 44.454 0.967
45 49 56.593 0.947
46 47 49.256 0.978
46 48 52.359 0.607
46 49 45.004 0.562
47 48 54.069 0.561
47 49 49.599 0.565
48 49 55.552 0.707