50
93.214
0 1 69 0.272
0 2 67 0.28
0 3 30 0.422
0 4 31 1.282
0 5 28 0.985
0 6 35 0.415
0 7 28 1.028
0 8 75 0.304
0 9 30 1.261
0 10 39 4.551
0 11 22 0.95
0 12 24 1.149
0 13 23 0.997
0 14 34 0.976
0 15 20 3.682
0 16 28 0.453
0 17 29 1.102
0 18 31 0.476
0 19 36 1.252
0 20 32 0.918
0 21 37 1.269
0 22 71 0.285
0 23 24 0.843
0 24 26 0.419
0 25 31 0.884
0 26 38 0.413
0 27 75 0.298
0 28 74 0.301
0 29 41 4.079
0 30 22 0.8
0 31 68 0.269
0 32 39 0.993
0 33 86 0.307
0 34 31 0.822
0 35 23 0.444
0 36 26 4.025
0 37 72 0.297
0 38 65 0.273
0 39 20 0.42
0 40 35 1.019
0 41 27 0.398
0 42 21 0.455
0 43 40 1.274
0 44 25 0.479
0 45 35 0.43
0 46 20 0.481
0 47 41 0.41
0 48 67 0.273
0 49 24 4.554
1 2 85 0.293
1 3 38 0.478
1 4 25 1.212
1 5 31 0.879
1 6 21 0.413
1 7 20 1.004
1 8 85 0.305
1 9 30 1.066
1 10 33 4.551
1 11 29 0.972
1 12 28 1.014
1 13 38 0.892
1 14 26 0.933
1 15 28 3.606
1 16 21 0.502
1 17 21 1.23
1 18 21 0.449
1 19 29 1.001
1 20 21 0.991
1 21 24 1.282
1 22 81 0.268
1 23 36 0.833
1 24 28 0.495
1 25 37 0.893
1 26 38 0.483
1 27 89 0.295
1 28 89 0.263
1 29 26 4.54
1 30 38 0.976
1 31 81 0.298
1 32 21 1.16
1 33 63 0.266
1 34 28 0.991
1 35 41 0.431
1 36 31 4.034
1 37 89 0.3
1 38 85 0.261
1 39 40 0.391
1 40 31 1.01
1 41 30 0.468
1 42 23 0.423
1 43 20 1.276
1 44 38 0.423
1 45 22 0.424
1 46 23 0.477
1 47 40 0.505
1 48 58 0.264
1 49 32 3.842
2 3 35 0.414
2 4 20 1.191
2 5 28 0.988
2 6 28 0.429
2 7 28 0.917
2 8 83 0.266
2 9 34 1.03
2 10 33 4.441
2 11 35 0.889
2 12 27 1.245
2 13 21 0.82
2 14 41 0.789
2 15 24 4.402
2 16 33 0.425
2 17 41 1.013
2 18 20 0.486
2 19 40 1.24
2 20 24 0.98
2 21 34 1.016
2 22 86 0.274
2 23 37 0.847
2 24 23 0.426
2 25 27 0.935
2 26 21 0.437
2 27 81 0.265
2 28 79 0.306
2 29 34 3.831
2 30 33 0.956
2 31 76 0.272
2 32 39 1.084
2 33 58 0.268
2 34 24 1.032
2 35 37 0.445
2 36 21 4.174
2 37 76 0.27
2 38 80 0.301
2 39 31 0.506
2 40 36 1.049
2 41 24 0.481
2 42 29 0.459
2 43 33 1.234
2 44 40 0.497
2 45 27 0.404
2 46 37 0.412
2 47 25 0.402
2 48 87 0.262
2 49 36 4.431
3 4 21 0.481
3 5 38 0.451
3 6 78 0.214
3 7 23 0.444
3 8 35 0.5
3 9 31 0.39
3 10 41 4.312
3 11 34 0.424
3 12 33 0.485
3 13 38 0.406
3 14 28 0.509
3 15 35 4.392
3 16 89 0.211
3 17 34 0.457
3 18 74 0.193
3 19 32 0.429
3 20 25 0.463
3 21 38 0.43
3 22 26 0.458
3 23 36 0.403
3 24 82 0.19
3 25 22 0.494
3 26 81 0.215
3 27 25 0.457
3 28 39 0.425
3 29 20 4.038
3 30 34 0.482
3 31 26 0.396
3 32 23 0.392
3 33 22 0.472
3 34 39 0.404
3 35 59 0.193
3 36 27 3.781
3 37 23 0.438
3 38 38 0.509
3 39 87 0.204
3 40 34 0.419
3 41 67 0.205
3 42 58 0.196
3 43 29 0.504
3 44 58 0.191
3 45 58 0.194
3 46 78 0.21
3 47 77 0.192
3 48 25 0.463
3 49 31 3.546
4 5 28 1.077
4 6 23 0.464
4 7 28 1.138
4 8 28 1.167
4 9 88 0.504
4 10 22 4.594
4 11 35 1.266
4 12 73 0.515
4 13 29 1.184
4 14 35 1.178
4 15 32 4.019
4 16 33 0.438
4 17 70 0.528
4 18 27 0.507
4 19 64 0.516
4 20 38 1.117
4 21 65 0.504
4 22 20 1.166
4 23 33 1.073
4 24 30 0.438
4 25 22 1.222
4 26 25 0.484
4 27 26 1.006
4 28 37 1.012
4 29 32 4.31
4 30 29 1.091
4 31 27 1.054
4 32 81 0.526
4 33 22 1.099
4 34 27 1.293
4 35 36 0.434
4 36 36 4.577
4 37 28 1.165
4 38 36 1.065
4 39 26 0.435
4 40 68 0.552
4 41 38 0.462
4 42 33 0.443
4 43 64 0.472
4 44 40 0.496
4 45 29 0.435
4 46 20 0.411
4 47 25 0.486
4 48 24 1.063
4 49 22 3.581
5 6 32 0.497
5 7 67 0.437
5 8 31 0.922
5 9 25 1.063
5 10 25 4.545
5 11 87 0.4
5 12 39 1.24
5 13 73 0.417
5 14 74 0.419
5 15 29 4.156
5 16 38 0.422
5 17 28 1.125
5 18 35 0.466
5 19 33 1.167
5 20 81 0.421
5 21 28 1.191
5 22 23 0.855
5 23 84 0.435
5 24 29 0.409
5 25 84 0.41
5 26 35 0.438
5 27 29 0.854
5 28 40 0.821
5 29 40 4.458
5 30 71 0.432
5 31 38 0.874
5 32 25 0.999
5 33 38 1.013
5 34 68 0.408
5 35 28 0.495
5 36 30 4.092
5 37 41 0.903
5 38 24 0.791
5 39 29 0.424
5 40 38 1.132
5 41 20 0.421
5 42 35 0.485
5 43 20 1.28
5 44 37 0.506
5 45 38 0.44
5 46 23 0.491
5 47 34 0.496
5 48 40 0.839
5 49 28 3.807
6 7 32 0.469
6 8 34 0.392
6 9 20 0.41
6 10 39 4.193
6 11 27 0.462
6 12 39 0.492
6 13 23 0.48
6 14 33 0.496
6 15 25 3.764
6 16 84 0.217
6 17 33 0.395
6 18 83 0.192
6 19 39 0.449
6 20 30 0.508
6 21 21 0.494
6 22 23 0.45
6 23 27 0.39
6 24 78 0.223
6 25 34 0.506
6 26 81 0.208
6 27 41 0.491
6 28 21 0.466
6 29 27 3.65
6 30 24 0.394
6 31 40 0.423
6 32 23 0.409
6 33 39 0.428
6 34 35 0.441
6 35 77 0.204
6 36 31 4.316
6 37 40 0.398
6 38 24 0.407
6 39 65 0.213
6 40 37 0.441
6 41 82 0.188
6 42 69 0.222
6 43 25 0.44
6 44 74 0.199
6 45 59 0.218
6 46 71 0.198
6 47 89 0.208
6 48 32 0.454
6 49 35 3.757
7 8 32 0.846
7 9 22 1.27
7 10 25 4.586
7 11 82 0.422
7 12 39 1.229
7 13 72 0.439
7 14 76 0.415
7 15 40 4.28
7 16 32 0.457
7 17 20 1.198
7 18 36 0.422
7 19 41 1.013
7 20 83 0.418
7 21 26 1.092
7 22 27 0.978
7 23 67 0.404
7 24 40 0.488
7 25 64 0.421
7 26 34 0.412
7 27 39 0.827
7 28 40 0.8
7 29 36 4.554
7 30 76 0.436
7 31 28 0.827
7 32 32 1.111
7 33 40 0.974
7 34 84 0.414
7 35 36 0.512
7 36 41 4.417
7 37 23 0.789
7 38 33 0.969
7 39 22 0.396
7 40 23 1.199
7 41 24 0.397
7 42 20 0.501
7 43 37 1.187
7 44 29 0.441
7 45 22 0.475
7 46 24 0.479
7 47 33 0.423
7 48 30 0.817
7 49 30 4.532
8 9 32 1.048
8 10 25 4.046
8 11 30 0.931
8 12 23 1.152
8 13 33 0.846
8 14 27 1.017
8 15 25 4.088
8 16 30 0.404
8 17 22 1.293
8 18 28 0.462
8 19 29 1.037
8 20 40 0.918
8 21 41 1.025
8 22 87 0.3
8 23 40 0.882
8 24 20 0.428
8 25 28 0.902
8 26 33 0.42
8 27 74 0.264
8 28 79 0.26
8 29 36 3.904
8 30 35 0.995
8 31 63 0.279
8 32 35 1.142
8 33 70 0.305
8 34 22 0.838
8 35 37 0.421
8 36 36 4.128
8 37 82 0.287
8 38 75 0.267
8 39 27 0.48
8 40 24 1.13
8 41 28 0.41
8 42 38 0.467
8 43 40 1.071
8 44 23 0.486
8 45 22 0.416
8 46 41 0.396
8 47 34 0.486
8 48 86 0.28
8 49 37 4.003
9 10 40 3.656
9 11 30 1.1
9 12 59 0.499
9 13 20 1.007
9 14 39 1.022
9 15 22 4.353
9 16 38 0.433
9 17 75 0.563
9 18 21 0.41
9 19 65 0.562
9 20 27 1.279
9 21 73 0.483
9 22 21 1.214
9 23 40 1.07
9 24 40 0.409
9 25 37 1.054
9 26 20 0.424
9 27 22 1.259
9 28 35 1.142
9 29 23 3.833
9 30 26 1.195
9 31 36 1.111
9 32 62 0.473
9 33 28 1.29
9 34 40 1.088
9 35 24 0.506
9 36 22 4.493
9 37 24 1.217
9 38 35 0.998
9 39 32 0.489
9 40 65 0.534
9 41 30 0.483
9 42 40 0.407
9 43 84 0.555
9 44 21 0.411
9 45 21 0.471
9 46 30 0.486
9 47 29 0.421
9 48 32 1.227
9 49 30 4.564
10 11 41 3.803
10 12 36 4.392
10 13 26 4.046
10 14 21 3.919
10 15 61 1.772
10 16 35 4.439
10 17 29 4.653
10 18 38 4.062
10 19 23 3.779
10 20 29 3.991
10 21 20 4.45
10 22 39 4.325
10 23 28 3.716
10 24 25 3.742
10 25 35 3.742
10 26 23 4.208
10 27 40 3.773
10 28 37 4.383
10 29 74 1.885
10 30 40 3.693
10 31 26 4.562
10 32 26 3.598
10 33 26 4.148
10 34 41 3.576
10 35 33 3.546
10 36 79 1.616
10 37 30 4.417
10 38 31 4.398
10 39 21 3.9
10 40 25 4.549
10 41 36 4.146
10 42 38 3.717
10 43 29 3.818
10 44 26 3.62
10 45 20 4.547
10 46 32 4.252
10 47 32 4.409
10 48 24 3.602
10 49 59 1.916
11 12 27 1.293
11 13 69 0.385
11 14 71 0.438
11 15 23 3.578
11 16 30 0.491
11 17 30 1.04
11 18 37 0.451
11 19 32 1.11
11 20 62 0.418
11 21 36 1.043
11 22 28 0.832
11 23 71 0.372
11 24 40 0.457
11 25 83 0.402
11 26 20 0.433
11 27 37 0.886
11 28 29 0.887
11 29 39 3.701
11 30 80 0.425
11 31 34 0.868
11 32 38 1.066
11 33 34 1.003
11 34 81 0.405
11 35 23 0.41
11 36 36 4.115
11 37 37 0.841
11 38 23 0.907
11 39 37 0.404
11 40 22 1.097
11 41 34 0.454
11 42 34 0.414
11 43 24 1.114
11 44 38 0.432
11 45 41 0.402
11 46 38 0.502
11 47 31 0.416
11 48 28 1.032
11 49 32 3.986
12 13 32 1.254
12 14 40 1.212
12 15 33 3.831
12 16 26 0.393
12 17 58 0.469
12 18 20 0.421
12 19 83 0.495
12 20 31 1.255
12 21 86 0.485
12 22 34 1.047
12 23 33 1.173
12 24 35 0.466
12 25 35 1.051
12 26 36 0.444
12 27 37 1.131
12 28 25 1.147
12 29 33 4.133
12 30 37 1.263
12 31 31 1.051
12 32 77 0.548
12 33 23 1.28
12 34 27 1.135
12 35 34 0.426
12 36 26 3.581
12 37 32 1.101
12 38 28 1.041
12 39 41 0.495
12 40 59 0.556
12 41 31 0.44
12 42 34 0.461
12 43 69 0.55
12 44 23 0.41
12 45 28 0.462
12 46 25 0.458
12 47 31 0.411
12 48 39 1.054
12 49 37 4.292
13 14 67 0.428
13 15 30 4.491
13 16 27 0.413
13 17 33 1.278
13 18 28 0.408
13 19 22 1.071
13 20 62 0.439
13 21 20 1.078
13 22 37 0.879
13 23 60 0.378
13 24 22 0.442
13 25 76 0.402
13 26 35 0.453
13 27 27 0.999
13 28 23 0.944
13 29 35 3.652
13 30 81 0.391
13 31 25 0.807
13 32 34 1.257
13 33 33 1.005
13 34 74 0.425
13 35 27 0.491
13 36 38 4.396
13 37 35 0.914
13 38 34 0.933
13 39 24 0.397
13 40 35 1.137
13 41 40 0.47
13 42 40 0.424
13 43 33 1.235
13 44 39 0.5
13 45 20 0.473
13 46 21 0.431
13 47 22 0.455
13 48 25 0.978
13 49 24 3.762
14 15 40 3.964
14 16 28 0.406
14 17 26 1.281
14 18 25 0.481
14 19 20 1.004
14 20 80 0.383
14 21 34 1.025
14 22 23 0.923
14 23 66 0.438
14 24 20 0.498
14 25 75 0.411
14 26 30 0.485
14 27 21 1.015
14 28 35 0.924
14 29 32 4.584
14 30 77 0.416
14 31 33 0.979
14 32 33 1.27
14 33 36 0.982
14 34 70 0.403
14 35 31 0.447
14 36 28 3.785
14 37 25 0.92
14 38 25 0.803
14 39 41 0.397
14 40 40 1.147
14 41 23 0.457
14 42 27 0.411
14 43 23 1.09
14 44 37 0.502
14 45 24 0.393
14 46 40 0.411
14 47 40 0.424
14 48 21 0.889
14 49 30 4.174
15 16 41 4.338
15 17 33 3.889
15 18 24 4.321
15 19 40 4.141
15 20 33 4.51
15 21 36 3.6
15 22 29 3.704
15 23 31 3.736
15 24 28 4.124
15 25 34 4.254
15 26 25 4.39
15 27 34 3.995
15 28 39 4.521
15 29 72 1.88
15 30 29 3.79
15 31 20 3.585
15 32 34 4.415
15 33 32 4.206
15 34 22 3.57
15 35 38 3.986
15 36 70 1.762
15 37 27 4.04
15 38 31 4.221
15 39 22 3.589
15 40 39 4.178
15 41 22 4.156
15 42 22 4.527
15 43 31 4.159
15 44 33 4.141
15 45 33 3.986
15 46 30 4.271
15 47 33 4.079
15 48 40 4.113
15 49 80 1.919
16 17 41 0.47
16 18 61 0.197
16 19 31 0.484
16 20 21 0.417
16 21 20 0.472
16 22 41 0.457
16 23 31 0.506
16 24 58 0.214
16 25 36 0.455
16 26 60 0.187
16 27 28 0.427
16 28 22 0.465
16 29 31 4.325
16 30 27 0.39
16 31 20 0.426
16 32 35 0.46
16 33 24 0.497
16 34 41 0.43
16 35 75 0.215
16 36 34 4.439
16 37 20 0.412
16 38 20 0.482
16 39 67 0.196
16 40 36 0.51
16 41 87 0.204
16 42 77 0.191
16 43 35 0.51
16 44 75 0.207
16 45 87 0.211
16 46 59 0.213
16 47 75 0.217
16 48 24 0.412
16 49 27 4.031
17 18 30 0.466
17 19 83 0.486
17 20 29 1.069
17 21 60 0.527
17 22 36 1.155
17 23 22 1.065
17 24 32 0.479
17 25 35 1.227
17 26 33 0.417
17 27 28 1.054
17 28 28 1.243
17 29 36 4.073
17 30 39 1.062
17 31 26 1.084
17 32 87 0.543
17 33 26 0.988
17 34 37 1.244
17 35 32 0.492
17 36 35 4.094
17 37 29 1.106
17 38 32 1.054
17 39 28 0.47
17 40 67 0.529
17 41 24 0.39
17 42 31 0.404
17 43 70 0.511
17 44 39 0.477
17 45 24 0.475
17 46 21 0.468
17 47 23 0.443
17 48 26 1.192
17 49 36 3.801
18 19 26 0.439
18 20 27 0.403
18 21 34 0.425
18 22 29 0.482
18 23 30 0.413
18 24 88 0.217
18 25 36 0.49
18 26 58 0.198
18 27 24 0.51
18 28 31 0.481
18 29 32 4.267
18 30 36 0.406
18 31 26 0.434
18 32 27 0.481
18 33 38 0.507
18 34 22 0.442
18 35 66 0.219
18 36 24 4.43
18 37 21 0.467
18 38 25 0.502
18 39 83 0.196
18 40 37 0.488
18 41 76 0.209
18 42 86 0.218
18 43 29 0.406
18 44 67 0.201
18 45 74 0.199
18 46 63 0.203
18 47 67 0.219
18 48 34 0.505
18 49 34 3.553
19 20 40 1.201
19 21 68 0.509
19 22 37 1.043
19 23 21 1.097
19 24 36 0.431
19 25 40 1.004
19 26 32 0.407
19 27 35 1.034
19 28 41 1.181
19 29 38 3.934
19 30 34 1.027
19 31 39 1.177
19 32 74 0.481
19 33 37 1.091
19 34 33 1.041
19 35 28 0.393
19 36 26 4.225
19 37 34 1.012
19 38 38 1.273
19 39 41 0.49
19 40 78 0.477
19 41 33 0.441
19 42 37 0.421
19 43 65 0.51
19 44 28 0.428
19 45 34 0.408
19 46 29 0.509
19 47 38 0.402
19 48 30 0.984
19 49 25 3.954
20 21 36 1.014
20 22 28 1.015
20 23 89 0.446
20 24 22 0.503
20 25 78 0.422
20 26 23 0.505
20 27 37 1.009
20 28 27 0.967
20 29 32 4.392
20 30 80 0.407
20 31 36 1.034
20 32 22 1.29
20 33 36 1.003
20 34 76 0.392
20 35 30 0.406
20 36 34 4.594
20 37 34 0.911
20 38 23 0.803
20 39 28 0.503
20 40 41 1.272
20 41 24 0.39
20 42 35 0.48
20 43 37 1.014
20 44 22 0.461
20 45 31 0.42
20 46 27 0.434
20 47 22 0.449
20 48 39 0.962
20 49 38 3.788
21 22 23 1.025
21 23 29 1.01
21 24 39 0.4
21 25 26 1.147
21 26 29 0.431
21 27 37 1.189
21 28 41 1.217
21 29 23 4.351
21 30 31 1.148
21 31 29 1.127
21 32 78 0.561
21 33 35 1.104
21 34 32 1.006
21 35 33 0.482
21 36 31 4.292
21 37 41 1.225
21 38 38 1.193
21 39 35 0.487
21 40 74 0.533
21 41 40 0.484
21 42 33 0.498
21 43 73 0.516
21 44 20 0.423
21 45 24 0.463
21 46 23 0.507
21 47 36 0.493
21 48 20 1.02
21 49 30 4.01
22 23 24 1.015
22 24 29 0.392
22 25 33 0.898
22 26 36 0.414
22 27 73 0.284
22 28 59 0.257
22 29 33 4.405
22 30 38 0.856
22 31 59 0.278
22 32 20 1.087
22 33 75 0.305
22 34 25 0.981
22 35 27 0.407
22 36 36 3.956
22 37 85 0.264
22 38 73 0.263
22 39 21 0.489
22 40 33 0.987
22 41 37 0.49
22 42 23 0.415
22 43 39 0.996
22 44 40 0.477
22 45 31 0.429
22 46 21 0.46
22 47 34 0.456
22 48 78 0.301
22 49 34 3.578
23 24 22 0.416
23 25 66 0.42
23 26 37 0.476
23 27 39 0.993
23 28 21 0.838
23 29 33 4.032
23 30 58 0.421
23 31 33 0.91
23 32 24 1.293
23 33 23 0.916
23 34 62 0.404
23 35 38 0.391
23 36 28 4.239
23 37 33 0.833
23 38 36 0.856
23 39 24 0.429
23 40 29 1.249
23 41 38 0.469
23 42 26 0.464
23 43 37 1.099
23 44 26 0.406
23 45 24 0.44
23 46 30 0.501
23 47 28 0.471
23 48 32 0.897
23 49 39 4.348
24 25 36 0.491
24 26 69 0.208
24 27 31 0.489
24 28 34 0.411
24 29 41 4.137
24 30 34 0.506
24 31 28 0.427
24 32 28 0.445
24 33 20 0.453
24 34 36 0.451
24 35 76 0.221
24 36 22 4.394
24 37 37 0.425
24 38 39 0.397
24 39 67 0.189
24 40 24 0.417
24 41 71 0.195
24 42 80 0.219
24 43 26 0.436
24 44 66 0.197
24 45 83 0.21
24 46 78 0.209
24 47 74 0.204
24 48 31 0.41
24 49 33 3.783
25 26 26 0.506
25 27 40 1.01
25 28 40 0.887
25 29 20 4.366
25 30 60 0.439
25 31 36 0.787
25 32 37 1.279
25 33 34 0.894
25 34 85 0.408
25 35 38 0.489
25 36 32 3.904
25 37 20 1.005
25 38 33 0.807
25 39 31 0.406
25 40 35 1.276
25 41 39 0.511
25 42 32 0.454
25 43 24 1.124
25 44 29 0.467
25 45 33 0.439
25 46 29 0.477
25 47 38 0.395
25 48 41 0.993
25 49 39 4.452
26 27 37 0.449
26 28 40 0.459
26 29 38 4.157
26 30 26 0.5
26 31 32 0.442
26 32 41 0.467
26 33 28 0.429
26 34 21 0.451
26 35 65 0.203
26 36 30 3.604
26 37 26 0.423
26 38 24 0.482
26 39 79 0.213
26 40 41 0.405
26 41 71 0.19
26 42 88 0.205
26 43 39 0.495
26 44 68 0.194
26 45 79 0.218
26 46 63 0.212
26 47 85 0.217
26 48 36 0.416
26 49 30 3.88
27 28 77 0.305
27 29 33 4.219
27 30 39 0.905
27 31 71 0.298
27 32 40 0.992
27 33 64 0.275
27 34 25 0.867
27 35 32 0.433
27 36 28 4.398
27 37 89 0.294
27 38 87 0.272
27 39 32 0.511
27 40 20 1.15
27 41 37 0.423
27 42 22 0.409
27 43 29 1.121
27 44 30 0.498
27 45 31 0.458
27 46 31 0.492
27 47 38 0.398
27 48 86 0.306
27 49 34 4.107
28 29 34 3.755
28 30 31 0.991
28 31 60 0.267
28 32 33 1.11
28 33 88 0.289
28 34 30 0.974
28 35 39 0.461
28 36 28 4.124
28 37 86 0.304
28 38 81 0.277
28 39 27 0.417
28 40 36 1.175
28 41 34 0.411
28 42 33 0.495
28 43 29 1.07
28 44 30 0.4
28 45 37 0.418
28 46 28 0.447
28 47 20 0.42
28 48 67 0.264
28 49 27 4.502
29 30 23 3.559
29 31 22 4.564
29 32 23 4.623
29 33 38 4.038
29 34 41 3.557
29 35 26 4.348
29 36 84 1.978
29 37 20 3.594
29 38 35 4.599
29 39 39 4.465
29 40 34 4.556
29 41 21 4.135
29 42 28 3.984
29 43 33 3.691
29 44 41 3.99
29 45 39 4.575
29 46 24 3.647
29 47 41 3.919
29 48 40 4.651
29 49 83 1.898
30 31 33 0.979
30 32 28 1.208
30 33 28 0.889
30 34 70 0.364
30 35 36 0.485
30 36 24 4.554
30 37 39 0.817
30 38 23 0.941
30 39 24 0.488
30 40 40 1.243
30 41 24 0.4
30 42 38 0.506
30 43 36 1.061
30 44 25 0.395
30 45 41 0.465
30 46 30 0.509
30 47 32 0.46
30 48 22 1.03
30 49 28 4.441
31 32 33 1.284
31 33 83 0.277
31 34 39 0.822
31 35 25 0.441
31 36 41 4.392
31 37 82 0.272
31 38 72 0.269
31 39 20 0.428
31 40 29 0.998
31 41 36 0.504
31 42 32 0.415
31 43 20 1.118
31 44 30 0.484
31 45 36 0.464
31 46 24 0.443
31 47 28 0.427
31 48 61 0.307
31 49 37 3.706
32 33 20 1.022
32 34 40 0.993
32 35 28 0.48
32 36 20 4.499
32 37 40 1.095
32 38 24 1.112
32 39 41 0.495
32 40 64 0.54
32 41 41 0.509
32 42 34 0.442
32 43 78 0.539
32 44 23 0.482
32 45 23 0.497
32 46 32 0.445
32 47 36 0.404
32 48 24 1.025
32 49 28 3.941
33 34 31 0.984
33 35 38 0.389
33 36 36 4.06
33 37 86 0.265
33 38 61 0.305
33 39 23 0.483
33 40 26 1.184
33 41 36 0.438
33 42 29 0.438
33 43 23 1.264
33 44 41 0.506
33 45 23 0.406
33 46 30 0.438
33 47 29 0.474
33 48 59 0.299
33 49 20 4.469
34 35 27 0.506
34 36 28 4.465
34 37 32 1.008
34 38 31 0.947
34 39 39 0.45
34 40 40 1.134
34 41 34 0.505
34 42 24 0.486
34 43 38 1.016
34 44 39 0.412
34 45 25 0.494
34 46 41 0.462
34 47 32 0.476
34 48 36 0.835
34 49 34 4.312
35 36 34 4.355
35 37 28 0.478
35 38 29 0.507
35 39 81 0.205
35 40 31 0.439
35 41 69 0.196
35 42 74 0.191
35 43 31 0.393
35 44 77 0.199
35 45 58 0.187
35 46 89 0.201
35 47 64 0.211
35 48 33 0.51
35 49 24 3.964
36 37 41 3.626
36 38 29 3.859
36 39 38 3.714
36 40 29 3.548
36 41 31 4.031
36 42 28 4.357
36 43 39 4.484
36 44 34 3.988
36 45 28 4.394
36 46 33 4.528
36 47 32 4.355
36 48 38 3.723
36 49 82 2.012
37 38 68 0.293
37 39 21 0.509
37 40 22 1.137
37 41 39 0.495
37 42 41 0.471
37 43 38 1.281
37 44 24 0.416
37 45 41 0.397
37 46 29 0.464
37 47 32 0.508
37 48 89 0.281
37 49 37 4.206
38 39 21 0.472
38 40 23 1.252
38 41 23 0.471
38 42 40 0.485
38 43 37 1.246
38 44 36 0.394
38 45 20 0.42
38 46 29 0.441
38 47 21 0.46
38 48 88 0.263
38 49 31 3.678
39 40 32 0.403
39 41 70 0.196
39 42 89 0.201
39 43 31 0.486
39 44 71 0.202
39 45 82 0.215
39 46 67 0.214
39 47 75 0.194
39 48 21 0.483
39 49 35 4.346
40 41 40 0.426
40 42 38 0.478
40 43 79 0.485
40 44 29 0.441
40 45 26 0.484
40 46 29 0.413
40 47 31 0.39
40 48 35 1.213
40 49 31 3.77
41 42 60 0.212
41 43 37 0.477
41 44 62 0.213
41 45 67 0.215
41 46 79 0.216
41 47 62 0.2
41 48 24 0.403
41 49 26 4.172
42 43 35 0.497
42 44 76 0.213
42 45 79 0.189
42 46 59 0.192
42 47 87 0.209
42 48 31 0.448
42 49 39 4.198
43 44 20 0.488
43 45 21 0.488
43 46 33 0.51
43 47 25 0.512
43 48 23 1.004
43 49 34 4.223
44 45 76 0.215
44 46 70 0.201
44 47 83 0.22
44 48 35 0.464
44 49 36 4.256
45 46 71 0.193
45 47 89 0.201
45 48 30 0.492
45 49 33 3.895
46 47 66 0.206
46 48 23 0.51
46 49 37 3.88
47 48 34 0.39
47 49 33 4.06
48 49 37 4.116
