50
82.002
0 1 2.002 0.002
0 2 4.005 0.003
1 2 0.006 0.002
0 3 0.001 0.004
1 3 3.005 0.005
2 3 0.009 3.005
0 4 10.002 0.002
1 4 0.008 3.009
2 4 0.006 0.004
3 4 0.007 0.007
0 5 0.009 0.004
1 5 1.004 0.002
2 5 13.001 0.002
3 5 9.006 0.004
4 5 7.007 0.003
0 6 2.006 0.002
1 6 4.009 0.004
2 6 0.005 0.006
3 6 1.005 0.005
4 6 0.001 0.002
5 6 2.009 0.002
0 7 2.008 2.007
1 7 4.005 0.003
2 7 7.003 0.005
3 7 0.007 0.003
4 7 2.004 0.006
5 7 0.01 0.001
6 7 0.003 0.005
0 8 5.006 0.008
1 8 0.001 0.003
2 8 0.008 0.005
3 8 4.004 0.01
4 8 0.007 1.004
5 8 2.006 0.003
6 8 5.006 0.008
7 8 0.008 4.003
0 9 0.009 0.006
1 9 1.001 0.01
2 9 0.005 0.001
3 9 0.009 0.004
4 9 2.009 0.01
5 9 2.004 0.004
6 9 0.01 0.01
7 9 3.005 0.009
8 9 1.005 0.007
0 10 6.003 0.01
1 10 2.003 0.003
2 10 0.009 0.009
3 10 8.007 0.002
4 10 0.001 0.003
5 10 1.008 0.005
6 10 5.003 0.001
7 10 4.006 0.007
8 10 0.008 0.007
9 10 1.009 0.008
0 11 0.002 9.97
1 11 0.001 1.227
2 11 0.004 4.46
3 11 0.008 5.774
4 11 0.008 8.483
5 11 0.008 1.86
6 11 0.003 1.305
7 11 0.005 3.395
8 11 0.005 4.849
9 11 0.002 3.158
10 11 0.009 4.54
0 12 0.009 3.164
1 12 0.001 6.53
2 12 0.005 5.734
3 12 0.001 4.805
4 12 0.006 7.984
5 12 0.001 8.725
6 12 0.005 1.798
7 12 0.004 8.194
8 12 0.005 1.672
9 12 0.002 8.821
10 12 0.004 6.803
11 12 0.002 0.007
0 13 0.004 9.31
1 13 0.003 4.256
2 13 0.008 1.998
3 13 0.002 4.46
4 13 0.01 8.011
5 13 0.009 6.208
6 13 0.008 5.953
7 13 0.01 6.402
8 13 0.01 7.149
9 13 0.002 4.769
10 13 0.007 4.432
11 13 9.002 0.001
12 13 0.008 0.005
0 14 0.003 8.204
1 14 0.001 9.9
2 14 0.002 5.388
3 14 0.005 3.9
4 14 0.005 9.609
5 14 0.008 7.351
6 14 0.004 6.265
7 14 0.007 3.691
8 14 0.002 2.81
9 14 0.002 8.343
10 14 0.005 4.381
11 14 0.005 0.005
12 14 0.009 0.006
13 14 0.002 0.006
0 15 0.009 1.008
1 15 0.006 5.904
2 15 0.009 8.25
3 15 0.006 3.114
4 15 0.001 8.252
5 15 0.006 2.131
6 15 0.001 5.787
7 15 0.005 7.17
8 15 0.003 1.695
9 15 0.004 1.885
10 15 0.003 2.051
11 15 0.008 0.002
12 15 1.008 0.008
13 15 1.002 0.01
14 15 0.005 0.002
0 16 0.009 6.647
1 16 0.001 6.966
2 16 0.005 5.529
3 16 0.006 9.701
4 16 0.005 5.596
5 16 0.009 7.443
6 16 0.008 4.433
7 16 0.005 4.564
8 16 0.004 7.643
9 16 0.01 6.624
10 16 0.006 9.414
11 16 2.009 0.008
12 16 0.002 2.002
13 16 0.007 0.008
14 16 0.008 0.007
15 16 0.007 0.008
0 17 0.008 6.084
1 17 0.008 8.081
2 17 0.002 9.404
3 17 0.007 7.916
4 17 0.001 6.51
5 17 0.008 1.317
6 17 0.005 6.397
7 17 0.009 2.071
8 17 0.002 9.447
9 17 0.005 8.038
10 17 0.007 8.836
11 17 0.01 0.006
12 17 0.007 0.003
13 17 0.003 0.01
14 17 2.008 0.008
15 17 0.004 0.004
16 17 0.002 1.005
0 18 0.008 5.321
1 18 0.004 5.956
2 18 0.009 7.523
3 18 0.009 3.881
4 18 0.01 3.377
5 18 0.005 3.483
6 18 0.006 1.346
7 18 0.002 3.918
8 18 0.007 9.391
9 18 0.005 4.869
10 18 0.007 3.029
11 18 0.007 0.007
12 18 2.009 0.005
13 18 9.007 0.006
14 18 0.009 0.004
15 18 4.003 0.005
16 18 0.008 0.004
17 18 0.01 0.007
0 19 0.006 4.189
1 19 0.005 5.992
2 19 0.007 2.993
3 19 0.007 2.275
4 19 0.008 9.91
5 19 0.009 9.164
6 19 0.009 7.899
7 19 0.004 9.16
8 19 0.009 5.388
9 19 0.007 1.094
10 19 0.004 1.885
11 19 2.002 0.008
12 19 0.007 0.005
13 19 0.004 1.005
14 19 0.001 0.001
15 19 0.003 0.004
16 19 4.002 0.007
17 19 0.001 0.005
18 19 0.005 0.005
0 20 0.01 9.887
1 20 0.005 1.541
2 20 0.002 5.529
3 20 0.009 9.749
4 20 0.009 4.114
5 20 0.004 8.018
6 20 0.005 3.995
7 20 0.006 6.115
8 20 0.002 4.767
9 20 0.009 2.209
10 20 0.004 1.634
11 20 0.01 0.009
12 20 3.003 0.006
13 20 5.007 0.006
14 20 10.006 0.006
15 20 5.004 0.006
16 20 0.001 0.006
17 20 0.004 0.006
18 20 0.004 0.006
19 20 0.002 0.009
0 21 0.007 4.879
1 21 0.003 6.745
2 21 0.003 8.746
3 21 0.006 5.858
4 21 0.005 2.038
5 21 0.009 4.472
6 21 0.003 6.315
7 21 0.001 6.257
8 21 0.002 1.286
9 21 0.002 5.582
10 21 0.002 3.193
11 21 0.007 0.007
12 21 0.001 1.009
13 21 0.007 0.002
14 21 0.005 0.005
15 21 0.007 0.008
16 21 6.008 0.008
17 21 0.01 0.007
18 21 0.003 0.003
19 21 3.005 0.004
20 21 0.007 0.003
0 22 0.007 5.582
1 22 0.009 9.494
2 22 0.008 1.301
3 22 0.006 8.74
4 22 0.006 2.566
5 22 0.008 4.633
6 22 0.007 3.457
7 22 0.007 7.564
8 22 0.007 7.572
9 22 0.006 2.555
10 22 0.008 4.008
11 22 0.007 0.007
12 22 0.005 0.005
13 22 0.009 0.006
14 22 1.003 0.004
15 22 6.003 0.006
16 22 0.001 0.005
17 22 2.002 2.009
18 22 9.003 2.002
19 22 0.009 0.007
20 22 8.005 0.005
21 22 0.002 0.007
0 23 0.008 3.539
1 23 0.007 7.776
2 23 0.007 4.088
3 23 0.005 8.981
4 23 0.004 2.643
5 23 0.001 8.766
6 23 0.002 4.836
7 23 0.002 2.779
8 23 0.002 5.028
9 23 0.01 9.682
10 23 0.009 2.489
11 23 1.008 0.003
12 23 3.005 0.006
13 23 2.002 0.008
14 23 0.009 0.003
15 23 0.002 0.002
16 23 0.003 0.007
17 23 0.002 0.003
18 23 0.008 0.008
19 23 1.008 0.005
20 23 0.006 1.005
21 23 0.006 0.01
22 23 0.005 0.009
0 24 0.007 6.638
1 24 0.003 3.23
2 24 0.008 9.421
3 24 0.002 2.747
4 24 0.002 2.479
5 24 0.008 3.035
6 24 0.007 9.102
7 24 0.007 9.72
8 24 0.005 2.488
9 24 0.01 8.156
10 24 0.005 3.329
11 24 0.007 0.002
12 24 0.005 0.005
13 24 0.006 0.004
14 24 7.009 3.003
15 24 9.003 0.002
16 24 0.006 0.002
17 24 0.01 0.007
18 24 0.004 0.008
19 24 0.005 0.008
20 24 7.01 0.007
21 24 1.003 0.003
22 24 0.002 0.003
23 24 0.003 0.001
0 25 0.009 6.086
1 25 0.006 1.943
2 25 0.006 9.076
3 25 0.009 3.568
4 25 0.009 1.539
5 25 0.009 1.45
6 25 0.003 2.297
7 25 0.009 4.446
8 25 0.006 2.852
9 25 0.005 6.021
10 25 0.005 1.465
11 25 1.005 0.009
12 25 0.005 0.009
13 25 0.003 0.001
14 25 0.002 0.007
15 25 0.01 0.008
16 25 0.005 0.007
17 25 7.006 0.003
18 25 0.007 0.009
19 25 4.007 0.007
20 25 0.005 0.003
21 25 0.008 0.003
22 25 9.006 0.005
23 25 1.009 0.002
24 25 0.005 0.009
0 26 0.005 2.046
1 26 0.006 1.127
2 26 0.006 8.834
3 26 0.007 4.447
4 26 0.008 7.27
5 26 0.009 7.254
6 26 0.005 6.431
7 26 0.008 2.811
8 26 0.004 9.307
9 26 0.009 2.045
10 26 0.004 6.608
11 26 0.004 0.004
12 26 0.01 0.01
13 26 0.006 0.003
14 26 0.005 0.007
15 26 0.002 0.007
16 26 2.001 0.005
17 26 0.004 0.002
18 26 0.004 0.005
19 26 0.009 0.006
20 26 0.002 0.006
21 26 0.002 0.003
22 26 0.003 0.006
23 26 0.006 0.008
24 26 0.008 0.009
25 26 1.003 0.002
0 27 0.003 3.842
1 27 0.006 5.346
2 27 0.008 6.134
3 27 0.004 4.704
4 27 0.008 3.406
5 27 0.003 2.225
6 27 0.008 2.608
7 27 0.002 1.446
8 27 0.006 8.571
9 27 0.009 5.699
10 27 0.002 7.418
11 27 0.01 2.844
12 27 0.009 2.014
13 27 0.005 9.09
14 27 0.004 9.354
15 27 0.008 4.069
16 27 0.007 7.505
17 27 0.001 1.367
18 27 0.001 7.078
19 27 0.005 10.004
20 27 0.009 5.895
21 27 0.008 6.675
22 27 0.005 7.527
23 27 0.007 6.392
24 27 0.006 3.753
25 27 0.003 6.537
26 27 0.008 4.83
0 28 0.005 8.824
1 28 0.006 4.384
2 28 0.007 3.373
3 28 0.004 9.548
4 28 0.003 9.629
5 28 0.01 8.468
6 28 0.002 6.185
7 28 0.005 9.313
8 28 0.005 9.346
9 28 0.003 6.62
10 28 0.005 8.418
11 28 0.005 5.868
12 28 0.002 4.834
13 28 0.009 2.813
14 28 0.007 3.179
15 28 0.01 2.73
16 28 0.003 2.218
17 28 0.008 8.914
18 28 0.003 2.53
19 28 0.003 5.801
20 28 0.001 5.818
21 28 0.008 5.23
22 28 0.009 4.106
23 28 0.003 6.365
24 28 0.006 5.626
25 28 0.006 4.647
26 28 0.007 6.196
27 28 50.005 10.003
0 29 0.008 6.736
1 29 0.004 8.358
2 29 0.008 8.02
3 29 0.008 3.933
4 29 0.003 8.257
5 29 0.006 5.988
6 29 0.001 7.94
7 29 0.005 3.233
8 29 0.001 3.216
9 29 0.007 2.025
10 29 0.002 8.309
11 29 0.009 4.129
12 29 0.005 4.615
13 29 0.003 3.236
14 29 0.004 8.633
15 29 0.002 8.559
16 29 0.007 2.361
17 29 0.005 3.543
18 29 0.01 5.393
19 29 0.003 3.784
20 29 0.008 6.201
21 29 0.008 1.753
22 29 0.007 9.196
23 29 0.006 4.509
24 29 0.009 9.32
25 29 0.001 2.582
26 29 0.002 3.292
27 29 0.001 7.234
28 29 0.004 1.381
0 30 0.005 6.442
1 30 0.002 3.914
2 30 0.006 5.071
3 30 0.009 9.912
4 30 0.007 2.959
5 30 0.01 7.774
6 30 0.006 3.43
7 30 0.004 8.244
8 30 0.006 1.073
9 30 0.003 6.754
10 30 0.006 9.347
11 30 0.008 7.823
12 30 0.006 6.364
13 30 0.007 3.085
14 30 0.004 3.196
15 30 0.001 4.265
16 30 0.009 4.641
17 30 0.004 8.07
18 30 0.007 9.063
19 30 0.009 8.297
20 30 0.003 1.916
21 30 0.005 1.883
22 30 0.003 4.965
23 30 0.001 6.869
24 30 0.003 3.447
25 30 0.006 6.789
26 30 0.006 9.841
27 30 0.008 6.203
28 30 0.007 1.784
29 30 0.004 0.003
0 31 0.005 2.326
1 31 0.001 2.101
2 31 0.004 3.97
3 31 0.004 2.137
4 31 0.007 7.527
5 31 0.009 2.832
6 31 0.006 1.904
7 31 0.01 5.95
8 31 0.002 3.248
9 31 0.007 6.584
10 31 0.005 2.102
11 31 0.005 1.487
12 31 0.007 9.006
13 31 0.008 6.944
14 31 0.007 9.645
15 31 0.003 8.167
16 31 0.008 9.821
17 31 0.003 4.197
18 31 0.003 4.922
19 31 0.004 6.55
20 31 0.008 8.621
21 31 0.002 6.723
22 31 0.01 6.38
23 31 0.005 7.103
24 31 0.003 3.56
25 31 0.009 7.322
26 31 0.001 6.913
27 31 0.003 3.314
28 31 0.009 7.033
29 31 12.006 0.009
30 31 0.002 2.01
0 32 0.01 3.324
1 32 0.008 4.912
2 32 0.009 5.767
3 32 0.007 5.445
4 32 0.004 5.612
5 32 0.009 1.15
6 32 0.007 5.414
7 32 0.005 3.808
8 32 0.002 6.895
9 32 0.002 6.002
10 32 0.009 7.494
11 32 0.006 3.939
12 32 0.005 1.281
13 32 0.004 4.876
14 32 0.002 5.045
15 32 0.007 4.437
16 32 0.003 5.418
17 32 0.009 3.252
18 32 0.002 7.107
19 32 0.003 9.195
20 32 0.002 4.393
21 32 0.005 2.12
22 32 0.009 7.425
23 32 0.007 8.132
24 32 0.006 5.975
25 32 0.005 4.068
26 32 0.01 3.147
27 32 0.006 9.502
28 32 0.007 9.643
29 32 5.008 1.01
30 32 9.006 0.006
31 32 0.007 1.007
0 33 0.006 9.237
1 33 0.005 8.353
2 33 0.002 7.505
3 33 0.009 3.175
4 33 0.003 5.077
5 33 0.004 5.697
6 33 0.008 2.457
7 33 0.01 8.454
8 33 0.006 8.905
9 33 0.01 7.294
10 33 0.002 7.868
11 33 0.003 5.046
12 33 0.01 7.871
13 33 0.006 1.108
14 33 0.004 8.727
15 33 0.005 7.847
16 33 0.003 4.269
17 33 0.008 6.648
18 33 0.006 9.902
19 33 0.003 5.834
20 33 0.003 4.932
21 33 0.009 5.327
22 33 0.006 9.556
23 33 0.006 9.432
24 33 0.005 8.768
25 33 0.005 5.948
26 33 0.007 2.987
27 33 0.008 2.49
28 33 0.003 3.081
29 33 0.003 0.008
30 33 4.007 0.004
31 33 5.007 0.009
32 33 8.005 0.009
0 34 0.002 2.6
1 34 0.001 3.893
2 34 0.004 3.102
3 34 0.001 4.421
4 34 0.007 7.037
5 34 0.004 5.783
6 34 0.005 9.336
7 34 0.009 6.4
8 34 0.009 9.034
9 34 0.003 7.934
10 34 0.005 7.249
11 34 0.002 8.659
12 34 0.009 1.245
13 34 0.009 3.127
14 34 0.008 2.933
15 34 0.005 6.197
16 34 0.005 8.509
17 34 0.003 4.386
18 34 0.003 8.381
19 34 0.003 1.951
20 34 0.005 6.739
21 34 0.007 2.284
22 34 0.001 2.004
23 34 0.002 9.369
24 34 0.007 5.282
25 34 0.003 7.519
26 34 0.006 4.261
27 34 0.007 10.001
28 34 0.005 5.871
29 34 6.008 0.006
30 34 3.002 2.002
31 34 0.006 0.003
32 34 0.007 0.005
33 34 0.004 0.004
0 35 0.008 2.481
1 35 0.006 4.74
2 35 0.003 1.711
3 35 0.003 8.709
4 35 0.005 1.216
5 35 0.002 4.418
6 35 0.009 3.864
7 35 0.001 6.811
8 35 0.003 8.537
9 35 0.005 1.85
10 35 0.007 8.08
11 35 0.002 6.186
12 35 0.006 7.806
13 35 0.01 2.886
14 35 0.01 5.384
15 35 0.01 1.148
16 35 0.007 2.322
17 35 0.006 7.294
18 35 0.007 5.656
19 35 0.008 6.907
20 35 0.005 9.771
21 35 0.004 5.305
22 35 0.002 6.355
23 35 0.01 9.115
24 35 0.009 8.824
25 35 0.003 1.355
26 35 0.008 2.811
27 35 0.007 2.705
28 35 0.008 5.49
29 35 0.008 2.003
30 35 9.007 0.006
31 35 6.002 1.009
32 35 8.001 0.006
33 35 5.006 2.01
34 35 0.009 0.007
0 36 0.008 4.815
1 36 0.008 9.133
2 36 0.002 3.079
3 36 0.008 5.201
4 36 0.007 6.988
5 36 0.003 2.4
6 36 0.003 2.387
7 36 0.006 2.585
8 36 0.006 4.807
9 36 0.004 8.623
10 36 0.009 6.604
11 36 0.008 2.511
12 36 0.009 7.712
13 36 0.008 8.545
14 36 0.001 1.449
15 36 0.004 7.936
16 36 0.008 5.178
17 36 0.009 9.335
18 36 0.001 2.323
19 36 0.009 4.246
20 36 0.009 7.102
21 36 0.007 1.423
22 36 0.005 9.936
23 36 0.008 4.705
24 36 0.003 4.951
25 36 0.003 3.976
26 36 0.006 8.376
27 36 0.004 9.73
28 36 0.009 1.414
29 36 3.007 0.008
30 36 0.003 0.006
31 36 9.002 0.008
32 36 9.008 0.006
33 36 9.009 0.003
34 36 2.003 0.008
35 36 13.006 0.003
0 37 0.009 9.887
1 37 0.004 9.139
2 37 0.002 9.904
3 37 0.008 4.328
4 37 0.004 3.449
5 37 0.004 7.751
6 37 0.01 5.127
7 37 0.005 1.476
8 37 0.006 6.963
9 37 0.005 8.256
10 37 0.004 8.942
11 37 0.002 8.473
12 37 0.002 1.929
13 37 0.008 5.116
14 37 0.004 1.418
15 37 0.005 9.304
16 37 0.005 9.799
17 37 0.008 1.633
18 37 0.005 8.621
19 37 0.006 8.09
20 37 0.001 9.06
21 37 0.002 3.106
22 37 0.005 8.505
23 37 0.007 7.581
24 37 0.006 6.878
25 37 0.004 9.532
26 37 0.008 4.581
27 37 0.008 1.448
28 37 0.006 8.163
29 37 0.004 4.42
30 37 0.004 7.666
31 37 0.005 4.053
32 37 0.006 8.138
33 37 0.004 4.363
34 37 0.004 4.855
35 37 0.005 5.731
36 37 0.002 8.21
0 38 0.007 7.308
1 38 0.005 1.162
2 38 0.003 5.421
3 38 0.008 1.97
4 38 0.004 1.202
5 38 0.003 2.95
6 38 0.004 4.142
7 38 0.004 1.674
8 38 0.009 9.331
9 38 0.002 3.007
10 38 0.003 1.044
11 38 0.009 4.684
12 38 0.007 8.121
13 38 0.009 1.744
14 38 0.007 2.227
15 38 0.008 3.338
16 38 0.002 7.583
17 38 0.01 6.59
18 38 0.004 2.694
19 38 0.003 2.91
20 38 0.007 7.314
21 38 0.009 7.666
22 38 0.008 9.736
23 38 0.006 8.304
24 38 0.003 2.488
25 38 0.003 2.004
26 38 0.009 1.199
27 38 0.006 2.07
28 38 0.006 1.234
29 38 0.008 1.576
30 38 0.004 1.788
31 38 0.008 9.023
32 38 0.007 8.314
33 38 0.008 3.158
34 38 0.002 3.682
35 38 0.002 2.005
36 38 0.009 4.766
37 38 4.005 3.007
0 39 0.007 4.531
1 39 0.003 2.275
2 39 0.006 4.83
3 39 0.002 6.068
4 39 0.006 7.881
5 39 0.007 2.199
6 39 0.008 6.851
7 39 0.01 4.467
8 39 0.01 7.416
9 39 0.005 4.066
10 39 0.008 6.891
11 39 0.004 6.945
12 39 0.003 7.629
13 39 0.005 7.969
14 39 0.002 2.331
15 39 0.002 5.649
16 39 0.01 6.89
17 39 0.003 1.665
18 39 0.007 1.611
19 39 0.005 5.266
20 39 0.002 9.566
21 39 0.003 4.938
22 39 0.007 2.014
23 39 0.008 4.776
24 39 0.006 4.45
25 39 0.002 3.205
26 39 0.008 3.467
27 39 0.009 3.908
28 39 0.007 4.008
29 39 0.002 1.67
30 39 0.009 8.575
31 39 0.001 9.992
32 39 0.004 3.414
33 39 0.001 3.959
34 39 0.003 2.258
35 39 0.01 2.077
36 39 0.006 2.505
37 39 3.004 2.005
38 39 5.003 1.003
0 40 0.004 4.202
1 40 0.004 7.012
2 40 0.005 4.6
3 40 0.003 2.026
4 40 0.008 9.622
5 40 0.008 6.852
6 40 0.007 2.475
7 40 0.01 3.674
8 40 0.004 9.182
9 40 0.002 2.669
10 40 0.005 3.25
11 40 0.005 3.925
12 40 0.01 1.339
13 40 0.008 6.491
14 40 0.007 2.025
15 40 0.009 1.317
16 40 0.006 3.62
17 40 0.002 7.282
18 40 0.009 6.512
19 40 0.005 9.068
20 40 0.002 5.081
21 40 0.008 1.823
22 40 0.007 1.024
23 40 0.005 9.629
24 40 0.009 9.975
25 40 0.007 8.236
26 40 0.007 1.692
27 40 0.003 6.741
28 40 0.003 4.316
29 40 0.005 7.608
30 40 0.008 6.015
31 40 0.009 1.91
32 40 0.004 3.038
33 40 0.004 3.213
34 40 0.002 7.206
35 40 0.002 5.084
36 40 0.004 7.947
37 40 4.003 1.006
38 40 4.01 2.002
39 40 5.008 4.005
0 41 0.006 7.29
1 41 0.006 7.399
2 41 0.002 1.485
3 41 0.002 4.108
4 41 0.008 8.694
5 41 0.003 2.451
6 41 0.01 7.442
7 41 0.007 7.366
8 41 0.001 5.124
9 41 0.004 8.033
10 41 0.008 1.253
11 41 0.003 5.552
12 41 0.004 7.646
13 41 0.004 7.957
14 41 0.007 2.925
15 41 0.007 4.255
16 41 0.007 7.695
17 41 0.003 1.434
18 41 0.009 6.404
19 41 0.001 7.693
20 41 0.009 9.827
21 41 0.005 4.965
22 41 0.008 7.622
23 41 0.006 5.099
24 41 0.005 9.646
25 41 0.009 1.791
26 41 0.007 3.945
27 41 0.003 4.946
28 41 0.003 3.769
29 41 0.005 5.794
30 41 0.003 5.255
31 41 0.006 8.593
32 41 0.002 1.776
33 41 0.003 8.912
34 41 0.01 1.779
35 41 0.002 5.826
36 41 0.002 3.172
37 41 0.004 8.587
38 41 0.005 1.76
39 41 0.005 5.936
40 41 0.007 5.493
0 42 0.002 2.043
1 42 0.01 7.003
2 42 0.002 2.458
3 42 0.009 9.259
4 42 0.005 1.412
5 42 0.008 2.939
6 42 0.009 4.739
7 42 0.005 3.192
8 42 0.01 9.736
9 42 0.002 5.449
10 42 0.008 3.652
11 42 0.007 8.586
12 42 0.004 7.294
13 42 0.006 3.293
14 42 0.008 1.93
15 42 0.001 3.313
16 42 0.009 3.957
17 42 0.002 7.357
18 42 0.005 9.225
19 42 0.002 7.621
20 42 0.007 6.516
21 42 0.002 2.301
22 42 0.003 7.573
23 42 0.004 3.066
24 42 0.003 4.93
25 42 0.006 5.893
26 42 0.008 8.026
27 42 0.002 3.036
28 42 0.008 5.292
29 42 0.005 6.991
30 42 0.002 2.868
31 42 0.001 2.515
32 42 0.002 4.836
33 42 0.01 7.631
34 42 0.003 1.826
35 42 0.005 1.666
36 42 0.006 2.947
37 42 0.003 3.807
38 42 0.009 1.576
39 42 0.006 7.76
40 42 0.008 8.805
41 42 0.008 0.007
0 43 0.006 9.846
1 43 0.002 5.907
2 43 0.009 3.868
3 43 0.003 1.322
4 43 0.009 3.079
5 43 0.008 8.409
6 43 0.008 5.283
7 43 0.007 6.972
8 43 0.002 2.809
9 43 0.002 8.759
10 43 0.007 5.301
11 43 0.002 9.918
12 43 0.004 1.352
13 43 0.003 7.04
14 43 0.003 2.213
15 43 0.008 6.81
16 43 0.007 4.828
17 43 0.01 7.901
18 43 0.001 5.474
19 43 0.007 2.033
20 43 0.01 9.21
21 43 0.002 1.839
22 43 0.006 8.497
23 43 0.008 7.63
24 43 0.01 2.715
25 43 0.005 1.498
26 43 0.007 7.452
27 43 0.01 5.638
28 43 0.007 8.036
29 43 0.002 3.295
30 43 0.001 4.19
31 43 0.006 2.624
32 43 0.003 2.407
33 43 0.005 1.641
34 43 0.004 1.689
35 43 0.001 8.614
36 43 0.005 9.021
37 43 0.005 4.525
38 43 0.005 2.37
39 43 0.006 4.29
40 43 0.006 8.336
41 43 3.006 2.009
42 43 0.007 0.005
0 44 0.003 3.835
1 44 0.005 6.557
2 44 0.007 8.038
3 44 0.004 2.626
4 44 0.008 2.197
5 44 0.004 4.488
6 44 0.008 8.38
7 44 0.004 1.243
8 44 0.003 4.501
9 44 0.006 4.974
10 44 0.01 9.9
11 44 0.002 9.044
12 44 0.003 6.955
13 44 0.007 7.193
14 44 0.008 9.87
15 44 0.003 9.809
16 44 0.007 1.431
17 44 0.009 6.046
18 44 0.009 4.109
19 44 0.007 7.836
20 44 0.004 4.854
21 44 0.002 6.181
22 44 0.006 1.669
23 44 0.005 1.754
24 44 0.005 9.516
25 44 0.005 7.527
26 44 0.004 8.822
27 44 0.009 9.809
28 44 0.004 6.741
29 44 0.004 3.635
30 44 0.004 1.339
31 44 0.006 1.916
32 44 0.001 8.494
33 44 0.005 4.97
34 44 0.008 5.239
35 44 0.006 5.272
36 44 0.006 9.984
37 44 0.005 1.397
38 44 0.008 6.587
39 44 0.009 2.816
40 44 0.007 3.89
41 44 1.009 0.006
42 44 6.003 1.002
43 44 0.006 0.01
0 45 0.007 7.705
1 45 0.003 8.418
2 45 0.001 9.652
3 45 0.007 7.467
4 45 0.004 3.225
5 45 0.003 6.624
6 45 0.01 1.053
7 45 0.008 3.086
8 45 0.003 4.054
9 45 0.002 1.524
10 45 0.002 7.547
11 45 0.006 4.308
12 45 0.002 4.323
13 45 0.008 6.111
14 45 0.008 2.499
15 45 0.002 5.776
16 45 0.007 6.471
17 45 0.007 2.022
18 45 0.004 1.057
19 45 0.007 8.67
20 45 0.008 1.316
21 45 0.008 8.412
22 45 0.006 6.153
23 45 0.003 7.548
24 45 0.007 2.785
25 45 0.003 6.759
26 45 0.004 2.152
27 45 0.009 7.893
28 45 0.003 8.131
29 45 0.01 5.938
30 45 0.006 7.495
31 45 0.003 9.178
32 45 0.004 3.242
33 45 0.003 6.433
34 45 0.001 6.16
35 45 0.002 4.474
36 45 0.002 6.375
37 45 0.003 1.779
38 45 0.001 8.135
39 45 0.004 8.209
40 45 0.002 2.272
41 45 0.007 1.009
42 45 4.003 0.002
43 45 0.005 0.002
44 45 0.004 1.009
0 46 0.003 5.461
1 46 0.002 6.395
2 46 0.007 6.111
3 46 0.003 9.285
4 46 0.003 3.623
5 46 0.008 5.014
6 46 0.007 1.282
7 46 0.01 7.056
8 46 0.002 3.779
9 46 0.006 9.834
10 46 0.002 9.75
11 46 0.001 5.258
12 46 0.005 1.468
13 46 0.01 3.863
14 46 0.005 9.413
15 46 0.006 2.072
16 46 0.007 4.589
17 46 0.007 8.613
18 46 0.003 1.932
19 46 0.004 6.333
20 46 0.008 6.443
21 46 0.003 4.608
22 46 0.006 1.631
23 46 0.001 8.589
24 46 0.009 9.847
25 46 0.008 2.11
26 46 0.007 5.601
27 46 0.003 3.231
28 46 0.002 4.048
29 46 0.007 9.837
30 46 0.003 8.447
31 46 0.009 5.276
32 46 0.009 7.011
33 46 0.006 9.022
34 46 0.007 9.277
35 46 0.004 4.726
36 46 0.006 6.856
37 46 0.003 6.508
38 46 0.008 5.231
39 46 0.007 2.315
40 46 0.009 5.188
41 46 2.008 0.002
42 46 7.008 2.004
43 46 2.007 0.003
44 46 10.008 0.001
45 46 3.001 0.002
0 47 0.005 3.462
1 47 0.002 3.016
2 47 0.001 7.173
3 47 0.004 7.648
4 47 0.004 3.763
5 47 0.001 4.416
6 47 0.003 4.391
7 47 0.009 1.528
8 47 0.007 2.003
9 47 0.003 1.358
10 47 0.009 2.756
11 47 0.003 2.843
12 47 0.006 5.144
13 47 0.01 9.673
14 47 0.002 1.824
15 47 0.009 7.752
16 47 0.003 3.499
17 47 0.005 1.091
18 47 0.003 4.43
19 47 0.002 5.233
20 47 0.009 5.568
21 47 0.002 9.778
22 47 0.006 6.666
23 47 0.009 8.85
24 47 0.003 1.92
25 47 0.008 9.857
26 47 0.005 9.115
27 47 0.005 7.195
28 47 0.008 3.775
29 47 0.007 4.809
30 47 0.009 9.634
31 47 0.002 3.862
32 47 0.005 3.717
33 47 0.007 5.049
34 47 0.009 6.683
35 47 0.004 7.803
36 47 0.007 6.666
37 47 0.007 2.511
38 47 0.004 4.167
39 47 0.003 3.221
40 47 0.01 1.223
41 47 0.001 0.004
42 47 0.007 0.004
43 47 5.002 0.002
44 47 0.008 0.005
45 47 0.003 0.004
46 47 1.008 0.002
0 48 0.007 9.235
1 48 0.005 4.34
2 48 0.005 2.672
3 48 0.006 5.569
4 48 0.005 4.549
5 48 0.005 6.673
6 48 0.003 5.334
7 48 0.004 7.925
8 48 0.003 1.124
9 48 0.002 9.573
10 48 0.005 3.889
11 48 0.004 9.659
12 48 0.005 1.593
13 48 0.002 4.845
14 48 0.008 2.703
15 48 0.007 7.187
16 48 0.007 1.537
17 48 0.003 4.297
18 48 0.007 7.861
19 48 0.006 6.214
20 48 0.003 5.003
21 48 0.007 9.422
22 48 0.009 9.649
23 48 0.007 7.656
24 48 0.006 3.733
25 48 0.009 3.235
26 48 0.003 1.536
27 48 0.006 5.323
28 48 0.004 3.978
29 48 0.003 5.844
30 48 0.002 8.068
31 48 0.003 3.286
32 48 0.008 9.256
33 48 0.003 9.943
34 48 0.006 4.672
35 48 0.008 3.144
36 48 0.01 6.774
37 48 0.007 6.411
38 48 0.007 8.356
39 48 0.007 8.853
40 48 0.008 2.742
41 48 4.006 0.009
42 48 5.001 0.007
43 48 0.002 1.008
44 48 6.006 0.004
45 48 10.002 2.002
46 48 0.004 0.002
47 48 0.004 0.007
0 49 0.003 4.173
1 49 0.009 1.334
2 49 0.004 8.055
3 49 0.007 8.829
4 49 0.002 3.558
5 49 0.005 5.378
6 49 0.004 3.727
7 49 0.003 6.526
8 49 0.006 6.823
9 49 0.007 8.514
10 49 0.006 2.895
11 49 0.009 4.035
12 49 0.005 5.435
13 49 0.004 5.741
14 49 0.01 6.546
15 49 0.006 5.107
16 49 0.01 2.025
17 49 0.001 6.335
18 49 0.002 9.439
19 49 0.008 5.407
20 49 0.007 2.072
21 49 0.006 4.478
22 49 0.007 9.128
23 49 0.006 3.306
24 49 0.005 9.352
25 49 0.001 8.88
26 49 0.01 4.61
27 49 0.006 5.743
28 49 0.004 8.828
29 49 0.009 4.171
30 49 0.003 8.939
31 49 0.005 6.157
32 49 0.001 6.984
33 49 0.007 9.784
34 49 0.002 1.947
35 49 0.005 1.905
36 49 0.005 8.227
37 49 0.006 2.137
38 49 0.004 7.366
39 49 0.002 8.982
40 49 0.007 5.151
41 49 0.006 0.007
42 49 0.004 0.006
43 49 13.009 1.005
44 49 0.004 0.008
45 49 0.009 0.006
46 49 6.003 2.009
47 49 11.004 0.006
48 49 1.006 0.009
