50
44
0 1 1.33 0.779
0 2 1.146 0.439
0 3 0.801 0.477
0 4 1.399 0.437
0 5 1.17 0.571
0 6 0.757 0.641
0 7 1.0 0.476
0 8 1.488 0.771
0 9 1.532 0.687
0 10 1.251 0.694
0 11 0.612 0.438
0 12 0.733 0.415
0 13 1.682 0.788
0 14 1.537 0.668
0 15 1.791 0.438
0 16 1.126 0.646
0 17 1.49 0.526
0 18 1.223 0.554
0 19 1.779 0.724
0 20 1.285 0.717
0 21 1.719 0.417
0 22 0.611 0.557
0 23 1.418 0.54
0 24 1.733 0.295
0 25 1.477 0.591
0 26 1.77 0.415
0 27 0.893 0.67
0 28 1.696 0.778
0 29 1.265 0.532
0 30 1.616 0.537
0 31 1.786 0.474
0 32 0.87 0.563
0 33 0.802 0.776
0 34 1.619 0.69
0 35 1.368 0.537
0 36 0.885 0.765
0 37 1.643 0.597
0 38 0.955 0.769
0 39 1.687 0.771
0 40 0.603 0.42
0 41 0.903 0.671
0 42 0.985 0.532
0 43 0.647 0.536
0 44 1.385 0.784
0 45 0.849 0.512
0 46 1.432 0.496
0 47 0.992 0.522
0 48 1.772 0.616
0 49 0.615 0.711
1 2 1.146 0.409
1 3 1.739 0.447
1 4 1.251 0.697
1 5 1.045 0.497
1 6 0.548 0.541
1 7 1.346 0.41
1 8 1.343 0.569
1 9 1.473 0.739
1 10 1.428 0.458
1 11 1.242 0.765
1 12 0.763 0.551
1 13 1.008 0.405
1 14 1.651 0.556
1 15 1.447 0.69
1 16 1.139 0.533
1 17 1.005 0.746
1 18 1.201 0.687
1 19 0.802 0.649
1 20 1.611 0.798
1 21 0.58 0.424
1 22 1.221 0.613
1 23 1.536 0.608
1 24 1.645 0.749
1 25 0.768 0.774
1 26 0.557 0.482
1 27 1.248 0.274
1 28 0.756 0.643
1 29 0.912 0.526
1 30 0.819 0.779
1 31 1.493 0.487
1 32 1.41 0.222
1 33 1.428 0.407
1 34 1.438 0.613
1 35 1.119 0.67
1 36 0.682 0.8
1 37 0.769 0.479
1 38 0.967 0.76
1 39 0.527 0.781
1 40 0.855 0.516
1 41 1.131 0.64
1 42 0.979 0.636
1 43 1.538 0.546
1 44 0.51 0.716
1 45 0.78 0.791
1 46 0.771 0.749
1 47 1.273 0.777
1 48 0.719 0.532
1 49 0.729 0.561
2 3 0.708 0.723
2 4 1.59 0.418
2 5 1.174 0.446
2 6 1.276 0.701
2 7 1.431 0.738
2 8 1.753 0.7
2 9 0.931 0.776
2 10 1.909 0.458
2 11 1.448 0.744
2 12 1.08 0.741
2 13 0.566 0.515
2 14 1.292 0.664
2 15 1.532 0.403
2 16 1.619 0.501
2 17 1.285 0.537
2 18 0.777 0.58
2 19 1.08 0.658
2 20 1.615 0.494
2 21 1.925 0.266
2 22 0.563 0.558
2 23 1.213 0.507
2 24 1.506 0.71
2 25 1.068 0.477
2 26 1.768 0.549
2 27 0.711 0.435
2 28 0.976 0.775
2 29 1.386 0.619
2 30 1.713 0.537
2 31 1.282 0.799
2 32 1.343 0.678
2 33 1.246 0.77
2 34 0.979 0.547
2 35 1.694 0.402
2 36 1.757 0.589
2 37 1.384 0.779
2 38 1.41 0.625
2 39 1.185 0.69
2 40 1.746 0.582
2 41 1.742 0.488
2 42 0.664 0.484
2 43 0.501 0.769
2 44 1.522 0.536
2 45 1.241 0.635
2 46 1.779 0.732
2 47 1.284 0.58
2 48 1.472 0.757
2 49 1.295 0.752
3 4 1.133 0.388
3 5 1.006 0.432
3 6 1.516 0.73
3 7 1.453 0.558
3 8 0.919 0.442
3 9 1.759 0.586
3 10 1.272 0.457
3 11 0.991 0.775
3 12 1.172 0.6
3 13 1.338 0.782
3 14 1.438 0.517
3 15 1.307 0.685
3 16 1.156 0.758
3 17 1.415 0.548
3 18 1.227 0.497
3 19 0.847 0.787
3 20 1.302 0.404
3 21 0.652 0.643
3 22 1.423 0.488
3 23 0.563 0.765
3 24 0.651 0.581
3 25 1.463 0.455
3 26 0.708 0.476
3 27 0.684 0.616
3 28 0.774 0.558
3 29 0.911 0.611
3 30 0.77 0.453
3 31 1.7 0.795
3 32 1.745 0.408
3 33 1.767 0.489
3 34 1.724 0.771
3 35 1.779 0.647
3 36 1.116 0.535
3 37 1.5 0.649
3 38 0.769 0.624
3 39 0.857 0.684
3 40 0.763 0.63
3 41 1.731 0.498
3 42 1.719 0.578
3 43 0.577 0.537
3 44 0.671 0.543
3 45 0.999 0.794
3 46 0.664 0.611
3 47 1.415 0.402
3 48 1.215 0.786
3 49 0.854 0.456
4 5 1.246 0.52
4 6 1.606 0.584
4 7 1.667 0.514
4 8 1.594 0.662
4 9 1.592 0.647
4 10 0.968 0.637
4 11 0.633 0.758
4 12 0.57 0.712
4 13 1.37 0.502
4 14 1.453 0.538
4 15 1.391 0.754
4 16 0.778 0.554
4 17 1.781 0.614
4 18 1.041 0.779
4 19 1.193 0.572
4 20 1.681 0.426
4 21 0.746 0.471
4 22 1.161 0.528
4 23 0.567 0.765
4 24 1.492 0.558
4 25 1.709 0.666
4 26 1.797 0.547
4 27 1.244 0.667
4 28 1.568 0.45
4 29 1.077 0.408
4 30 1.127 0.619
4 31 0.946 0.677
4 32 0.902 0.708
4 33 1.702 0.428
4 34 0.509 0.443
4 35 1.112 0.74
4 36 1.344 0.477
4 37 0.83 0.582
4 38 1.337 0.618
4 39 1.428 0.762
4 40 0.572 0.475
4 41 1.759 0.47
4 42 1.357 0.721
4 43 0.847 0.5
4 44 1.692 0.741
4 45 1.705 0.771
4 46 0.778 0.542
4 47 0.818 0.588
4 48 1.466 0.435
4 49 1.034 0.432
5 6 1.645 0.567
5 7 1.484 0.57
5 8 1.247 0.405
5 9 0.945 0.685
5 10 1.348 0.564
5 11 1.274 0.462
5 12 1.136 0.6
5 13 1.654 0.762
5 14 1.532 0.775
5 15 1.046 0.704
5 16 0.922 0.464
5 17 1.335 0.315
5 18 1.593 0.509
5 19 0.942 0.607
5 20 0.842 0.727
5 21 1.735 0.762
5 22 1.465 0.643
5 23 0.55 0.475
5 24 1.266 0.671
5 25 1.503 0.558
5 26 0.582 0.784
5 27 0.555 0.492
5 28 0.607 0.554
5 29 1.592 0.728
5 30 1.455 0.471
5 31 0.626 0.672
5 32 1.096 0.468
5 33 0.922 0.788
5 34 1.225 0.549
5 35 1.415 0.606
5 36 1.608 0.779
5 37 1.655 0.406
5 38 1.536 0.682
5 39 1.734 0.789
5 40 1.679 0.725
5 41 1.183 0.539
5 42 0.957 0.458
5 43 1.106 0.564
5 44 0.816 0.618
5 45 0.923 0.701
5 46 0.515 0.712
5 47 0.545 0.735
5 48 0.691 0.42
5 49 1.092 0.4
6 7 0.932 0.725
6 8 1.669 0.681
6 9 0.659 0.716
6 10 1.449 0.473
6 11 0.701 0.658
6 12 1.247 0.609
6 13 1.665 0.75
6 14 0.944 0.504
6 15 1.24 0.764
6 16 0.707 0.402
6 17 1.812 0.354
6 18 0.761 0.705
6 19 1.021 0.586
6 20 0.905 0.413
6 21 1.666 0.695
6 22 1.511 0.765
6 23 1.284 0.589
6 24 1.637 0.592
6 25 1.284 0.582
6 26 1.484 0.709
6 27 1.436 0.659
6 28 0.731 0.536
6 29 0.784 0.464
6 30 0.909 0.584
6 31 0.98 0.628
6 32 0.586 0.6
6 33 1.255 0.538
6 34 1.325 0.468
6 35 0.875 0.636
6 36 0.521 0.53
6 37 1.479 0.433
6 38 1.27 0.614
6 39 0.502 0.676
6 40 1.561 0.513
6 41 1.652 0.569
6 42 0.676 0.746
6 43 0.808 0.576
6 44 0.964 0.788
6 45 1.226 0.62
6 46 0.545 0.408
6 47 1.748 0.696
6 48 1.484 0.42
6 49 1.734 0.569
7 8 1.385 0.753
7 9 1.708 0.603
7 10 1.322 0.671
7 11 1.33 0.766
7 12 0.723 0.514
7 13 1.543 0.8
7 14 1.214 0.688
7 15 0.651 0.455
7 16 1.525 0.69
7 17 1.351 0.617
7 18 1.755 0.487
7 19 1.607 0.609
7 20 1.334 0.46
7 21 1.502 0.425
7 22 1.554 0.479
7 23 0.598 0.609
7 24 1.567 0.738
7 25 0.895 0.493
7 26 1.267 0.652
7 27 0.742 0.556
7 28 1.737 0.658
7 29 1.483 0.456
7 30 0.91 0.505
7 31 1.15 0.702
7 32 1.078 0.51
7 33 0.721 0.456
7 34 0.753 0.627
7 35 1.651 0.789
7 36 0.529 0.467
7 37 1.177 0.552
7 38 1.529 0.437
7 39 0.606 0.63
7 40 1.766 0.481
7 41 1.02 0.53
7 42 0.96 0.537
7 43 0.921 0.571
7 44 1.649 0.741
7 45 1.129 0.555
7 46 1.683 0.483
7 47 1.071 0.783
7 48 1.626 0.421
7 49 1.65 0.443
8 9 1.469 0.51
8 10 1.165 0.745
8 11 1.502 0.347
8 12 0.759 0.72
8 13 0.661 0.727
8 14 1.766 0.577
8 15 1.061 0.799
8 16 0.98 0.443
8 17 1.473 0.5
8 18 1.661 0.593
8 19 1.779 0.639
8 20 1.191 0.456
8 21 1.532 0.778
8 22 1.443 0.66
8 23 0.773 0.788
8 24 1.411 0.699
8 25 0.732 0.414
8 26 1.563 0.569
8 27 1.753 0.463
8 28 0.796 0.769
8 29 0.68 0.474
8 30 1.781 0.719
8 31 1.751 0.437
8 32 1.59 0.675
8 33 0.805 0.749
8 34 1.587 0.721
8 35 1.977 0.256
8 36 0.858 0.782
8 37 1.54 0.551
8 38 0.766 0.553
8 39 1.539 0.508
8 40 1.192 0.65
8 41 1.666 0.615
8 42 0.935 0.474
8 43 1.614 0.503
8 44 1.649 0.773
8 45 0.666 0.557
8 46 0.993 0.665
8 47 0.863 0.468
8 48 0.874 0.733
8 49 0.597 0.76
9 10 0.81 0.708
9 11 0.997 0.777
9 12 0.745 0.609
9 13 1.182 0.496
9 14 1.469 0.641
9 15 0.514 0.484
9 16 0.933 0.796
9 17 1.314 0.631
9 18 1.101 0.777
9 19 1.378 0.401
9 20 0.732 0.6
9 21 1.604 0.677
9 22 1.471 0.762
9 23 1.333 0.466
9 24 0.891 0.423
9 25 1.465 0.62
9 26 0.649 0.706
9 27 1.378 0.734
9 28 0.577 0.68
9 29 1.299 0.546
9 30 1.328 0.539
9 31 1.774 0.597
9 32 1.673 0.505
9 33 1.568 0.787
9 34 1.156 0.609
9 35 1.608 0.749
9 36 1.359 0.46
9 37 1.726 0.476
9 38 0.512 0.488
9 39 1.193 0.787
9 40 1.264 0.503
9 41 1.455 0.761
9 42 0.868 0.712
9 43 1.523 0.794
9 44 0.691 0.623
9 45 1.562 0.605
9 46 1.652 0.582
9 47 1.558 0.427
9 48 1.131 0.421
9 49 0.854 0.509
10 11 1.409 0.753
10 12 0.677 0.608
10 13 1.25 0.57
10 14 0.829 0.424
10 15 1.79 0.61
10 16 0.55 0.617
10 17 0.539 0.533
10 18 1.443 0.517
10 19 0.917 0.593
10 20 1.614 0.463
10 21 1.854 0.558
10 22 1.21 0.637
10 23 1.631 0.598
10 24 0.843 0.674
10 25 1.184 0.593
10 26 0.501 0.743
10 27 1.091 0.44
10 28 1.672 0.727
10 29 1.276 0.67
10 30 1.393 0.642
10 31 0.62 0.565
10 32 0.767 0.442
10 33 0.744 0.555
10 34 1.215 0.615
10 35 1.471 0.679
10 36 1.028 0.675
10 37 1.618 0.732
10 38 1.153 0.611
10 39 1.021 0.758
10 40 1.686 0.64
10 41 1.467 0.611
10 42 1.698 0.7
10 43 1.411 0.651
10 44 1.786 0.704
10 45 1.324 0.783
10 46 0.536 0.67
10 47 0.564 0.468
10 48 1.664 0.442
10 49 0.766 0.702
11 12 1.272 0.586
11 13 1.432 0.68
11 14 1.71 0.59
11 15 0.969 0.773
11 16 1.171 0.416
11 17 1.738 0.773
11 18 1.353 0.592
11 19 0.579 0.561
11 20 0.881 0.531
11 21 1.785 0.568
11 22 0.813 0.403
11 23 1.34 0.709
11 24 1.719 0.69
11 25 1.563 0.726
11 26 0.683 0.637
11 27 1.023 0.604
11 28 1.525 0.765
11 29 1.532 0.674
11 30 1.109 0.432
11 31 1.455 0.508
11 32 0.768 0.699
11 33 1.61 0.457
11 34 0.518 0.487
11 35 1.408 0.55
11 36 0.989 0.562
11 37 1.702 0.728
11 38 0.685 0.675
11 39 0.776 0.631
11 40 1.734 0.699
11 41 1.58 0.428
11 42 0.503 0.624
11 43 1.52 0.666
11 44 1.622 0.78
11 45 1.35 0.491
11 46 0.938 0.784
11 47 0.816 0.455
11 48 0.879 0.64
11 49 1.451 0.662
12 13 0.665 0.795
12 14 0.777 0.787
12 15 0.818 0.477
12 16 1.524 0.538
12 17 1.507 0.436
12 18 0.94 0.436
12 19 1.742 0.512
12 20 0.87 0.515
12 21 1.409 0.8
12 22 1.587 0.764
12 23 1.712 0.792
12 24 1.426 0.524
12 25 0.919 0.426
12 26 1.47 0.777
12 27 1.768 0.422
12 28 0.526 0.567
12 29 0.582 0.657
12 30 0.911 0.46
12 31 1.095 0.781
12 32 0.748 0.77
12 33 1.42 0.4
12 34 1.766 0.602
12 35 1.393 0.704
12 36 0.798 0.472
12 37 0.761 0.405
12 38 1.202 0.575
12 39 1.238 0.488
12 40 0.738 0.683
12 41 1.742 0.531
12 42 0.641 0.5
12 43 0.661 0.68
12 44 1.867 0.571
12 45 1.29 0.687
12 46 1.442 0.651
12 47 1.965 0.545
12 48 1.02 0.45
12 49 1.49 0.511
13 14 1.096 0.786
13 15 0.833 0.604
13 16 1.761 0.4
13 17 0.526 0.742
13 18 1.738 0.535
13 19 1.796 0.73
13 20 0.61 0.512
13 21 1.017 0.421
13 22 1.641 0.792
13 23 1.58 0.501
13 24 0.662 0.66
13 25 1.089 0.524
13 26 1.6 0.57
13 27 0.539 0.539
13 28 1.736 0.66
13 29 0.899 0.521
13 30 1.656 0.485
13 31 1.047 0.619
13 32 1.196 0.589
13 33 1.278 0.701
13 34 1.275 0.771
13 35 1.496 0.798
13 36 1.189 0.575
13 37 1.634 0.353
13 38 1.554 0.557
13 39 1.662 0.763
13 40 0.915 0.599
13 41 0.864 0.781
13 42 1.788 0.694
13 43 0.729 0.684
13 44 0.915 0.76
13 45 1.49 0.432
13 46 0.527 0.566
13 47 0.921 0.58
13 48 1.781 0.767
13 49 0.77 0.456
14 15 0.888 0.489
14 16 0.965 0.746
14 17 0.528 0.771
14 18 0.564 0.513
14 19 0.536 0.719
14 20 0.924 0.668
14 21 1.076 0.465
14 22 1.249 0.672
14 23 1.127 0.491
14 24 1.311 0.638
14 25 1.275 0.488
14 26 1.38 0.66
14 27 1.413 0.205
14 28 1.262 0.724
14 29 1.691 0.741
14 30 0.76 0.746
14 31 1.302 0.426
14 32 1.568 0.303
14 33 1.138 0.777
14 34 1.18 0.787
14 35 1.529 0.784
14 36 0.97 0.755
14 37 1.181 0.66
14 38 1.002 0.743
14 39 1.714 0.55
14 40 0.677 0.788
14 41 1.14 0.409
14 42 1.429 0.407
14 43 1.241 0.527
14 44 1.774 0.624
14 45 1.713 0.466
14 46 0.924 0.642
14 47 1.61 0.735
14 48 1.262 0.597
14 49 0.822 0.496
15 16 1.348 0.234
15 17 0.891 0.503
15 18 1.541 0.658
15 19 0.539 0.693
15 20 1.127 0.683
15 21 1.483 0.693
15 22 0.684 0.679
15 23 0.615 0.415
15 24 1.426 0.605
15 25 1.401 0.472
15 26 1.743 0.619
15 27 1.129 0.497
15 28 0.524 0.627
15 29 1.921 0.37
15 30 1.298 0.534
15 31 1.035 0.457
15 32 1.451 0.73
15 33 1.275 0.504
15 34 0.587 0.508
15 35 0.587 0.652
15 36 1.751 0.557
15 37 1.058 0.53
15 38 1.333 0.627
15 39 0.926 0.55
15 40 1.206 0.646
15 41 1.732 0.708
15 42 0.616 0.697
15 43 1.225 0.598
15 44 1.475 0.685
15 45 1.129 0.478
15 46 1.246 0.433
15 47 0.513 0.441
15 48 1.523 0.567
15 49 1.754 0.595
16 17 1.562 0.757
16 18 1.359 0.57
16 19 1.141 0.471
16 20 1.394 0.416
16 21 1.508 0.7
16 22 0.792 0.559
16 23 0.611 0.589
16 24 1.345 0.681
16 25 1.697 0.588
16 26 1.408 0.478
16 27 1.261 0.548
16 28 1.316 0.674
16 29 1.561 0.233
16 30 0.815 0.629
16 31 0.557 0.792
16 32 0.639 0.742
16 33 0.635 0.728
16 34 1.455 0.435
16 35 1.41 0.568
16 36 1.274 0.647
16 37 0.612 0.416
16 38 0.958 0.715
16 39 0.525 0.526
16 40 0.79 0.572
16 41 1.665 0.742
16 42 1.207 0.524
16 43 0.63 0.412
16 44 1.599 0.55
16 45 1.533 0.554
16 46 0.815 0.697
16 47 0.737 0.761
16 48 0.993 0.524
16 49 0.521 0.492
17 18 1.274 0.646
17 19 0.86 0.796
17 20 1.521 0.667
17 21 1.227 0.752
17 22 1.451 0.41
17 23 1.306 0.764
17 24 0.606 0.567
17 25 1.237 0.604
17 26 0.622 0.658
17 27 1.238 0.437
17 28 0.946 0.447
17 29 1.771 0.721
17 30 1.672 0.684
17 31 0.665 0.611
17 32 0.58 0.746
17 33 1.728 0.711
17 34 1.16 0.489
17 35 1.536 0.544
17 36 1.631 0.569
17 37 0.552 0.615
17 38 0.791 0.607
17 39 0.929 0.454
17 40 1.404 0.619
17 41 0.525 0.457
17 42 1.416 0.776
17 43 0.607 0.429
17 44 0.779 0.765
17 45 0.807 0.581
17 46 1.475 0.487
17 47 1.174 0.666
17 48 1.629 0.587
17 49 1.573 0.333
18 19 1.591 0.408
18 20 1.661 0.404
18 21 0.817 0.507
18 22 1.026 0.794
18 23 1.255 0.458
18 24 0.98 0.746
18 25 1.66 0.562
18 26 0.568 0.722
18 27 1.153 0.568
18 28 1.364 0.285
18 29 0.875 0.525
18 30 0.651 0.693
18 31 0.89 0.638
18 32 1.266 0.502
18 33 0.522 0.795
18 34 1.596 0.479
18 35 1.538 0.696
18 36 1.66 0.705
18 37 1.425 0.738
18 38 1.73 0.319
18 39 1.791 0.675
18 40 0.951 0.58
18 41 0.751 0.6
18 42 1.088 0.688
18 43 1.684 0.503
18 44 0.614 0.604
18 45 1.654 0.793
18 46 1.678 0.581
18 47 0.537 0.607
18 48 1.66 0.479
18 49 1.029 0.414
19 20 1.355 0.404
19 21 0.511 0.497
19 22 1.623 0.674
19 23 1.645 0.48
19 24 0.959 0.628
19 25 1.031 0.504
19 26 0.928 0.511
19 27 0.935 0.592
19 28 1.737 0.654
19 29 1.181 0.734
19 30 0.873 0.713
19 31 1.309 0.433
19 32 1.767 0.553
19 33 1.873 0.299
19 34 1.307 0.755
19 35 0.906 0.44
19 36 1.154 0.668
19 37 0.633 0.441
19 38 1.455 0.657
19 39 1.519 0.217
19 40 1.569 0.778
19 41 0.514 0.61
19 42 1.238 0.476
19 43 1.004 0.589
19 44 1.255 0.547
19 45 1.117 0.638
19 46 0.815 0.47
19 47 0.831 0.793
19 48 0.834 0.699
19 49 1.111 0.674
20 21 0.896 0.779
20 22 1.734 0.629
20 23 1.64 0.482
20 24 1.482 0.783
20 25 0.821 0.723
20 26 1.224 0.633
20 27 1.594 0.576
20 28 1.823 0.458
20 29 0.754 0.498
20 30 1.183 0.799
20 31 0.631 0.431
20 32 1.373 0.502
20 33 0.784 0.54
20 34 1.092 0.657
20 35 0.745 0.695
20 36 0.68 0.448
20 37 1.492 0.607
20 38 1.597 0.391
20 39 0.634 0.6
20 40 1.71 0.514
20 41 0.873 0.544
20 42 0.62 0.636
20 43 1.763 0.518
20 44 1.665 0.728
20 45 0.924 0.476
20 46 1.206 0.456
20 47 1.498 0.64
20 48 1.613 0.711
20 49 1.568 0.474
21 22 1.741 0.569
21 23 1.054 0.713
21 24 1.025 0.773
21 25 1.137 0.319
21 26 1.484 0.522
21 27 0.977 0.776
21 28 0.781 0.782
21 29 1.109 0.488
21 30 0.803 0.461
21 31 1.394 0.587
21 32 0.524 0.618
21 33 0.629 0.751
21 34 0.944 0.633
21 35 1.706 0.746
21 36 0.867 0.762
21 37 0.924 0.787
21 38 1.25 0.447
21 39 1.102 0.514
21 40 0.999 0.773
21 41 1.61 0.433
21 42 1.318 0.572
21 43 1.596 0.427
21 44 0.604 0.59
21 45 1.524 0.702
21 46 1.242 0.584
21 47 1.723 0.687
21 48 0.507 0.648
21 49 1.266 0.449
22 23 1.607 0.529
22 24 1.305 0.697
22 25 1.138 0.504
22 26 1.471 0.588
22 27 1.725 0.74
22 28 1.444 0.716
22 29 1.211 0.447
22 30 0.51 0.432
22 31 0.776 0.579
22 32 1.541 0.424
22 33 1.733 0.607
22 34 1.781 0.27
22 35 1.794 0.436
22 36 0.577 0.62
22 37 1.001 0.541
22 38 1.741 0.65
22 39 1.192 0.772
22 40 1.63 0.746
22 41 1.189 0.405
22 42 1.405 0.726
22 43 0.612 0.511
22 44 0.698 0.646
22 45 0.537 0.719
22 46 1.489 0.544
22 47 1.393 0.544
22 48 1.574 0.494
22 49 1.307 0.512
23 24 1.192 0.437
23 25 1.133 0.436
23 26 0.776 0.58
23 27 1.655 0.719
23 28 1.441 0.536
23 29 1.686 0.622
23 30 0.518 0.744
23 31 1.083 0.621
23 32 1.332 0.667
23 33 0.833 0.666
23 34 1.028 0.27
23 35 1.3 0.641
23 36 0.608 0.584
23 37 0.908 0.453
23 38 0.76 0.599
23 39 0.519 0.657
23 40 1.185 0.423
23 41 0.548 0.539
23 42 0.581 0.609
23 43 0.501 0.798
23 44 0.569 0.768
23 45 0.968 0.759
23 46 1.607 0.77
23 47 0.895 0.676
23 48 1.808 0.304
23 49 1.737 0.62
24 25 0.619 0.468
24 26 1.2 0.575
24 27 1.582 0.6
24 28 1.751 0.769
24 29 1.301 0.651
24 30 1.651 0.548
24 31 1.129 0.437
24 32 0.751 0.454
24 33 1.791 0.743
24 34 1.442 0.635
24 35 1.522 0.45
24 36 1.797 0.464
24 37 0.827 0.422
24 38 1.628 0.489
24 39 0.786 0.787
24 40 1.742 0.781
24 41 0.955 0.467
24 42 0.793 0.78
24 43 0.981 0.435
24 44 0.695 0.642
24 45 1.664 0.739
24 46 0.845 0.424
24 47 1.003 0.733
24 48 1.349 0.496
24 49 1.229 0.548
25 26 1.703 0.666
25 27 1.397 0.479
25 28 0.874 0.758
25 29 1.375 0.777
25 30 0.681 0.777
25 31 1.681 0.435
25 32 0.608 0.626
25 33 0.622 0.509
25 34 0.525 0.736
25 35 1.552 0.527
25 36 1.749 0.463
25 37 0.971 0.618
25 38 1.441 0.433
25 39 0.572 0.56
25 40 0.978 0.442
25 41 1.626 0.52
25 42 1.137 0.436
25 43 1.694 0.488
25 44 1.699 0.401
25 45 0.823 0.41
25 46 1.056 0.716
25 47 0.554 0.788
25 48 0.866 0.753
25 49 1.473 0.73
26 27 1.742 0.681
26 28 0.949 0.54
26 29 0.709 0.582
26 30 1.6 0.505
26 31 1.196 0.479
26 32 0.686 0.62
26 33 1.457 0.614
26 34 1.688 0.487
26 35 1.697 0.51
26 36 0.827 0.587
26 37 1.209 0.581
26 38 0.586 0.42
26 39 1.599 0.413
26 40 1.751 0.24
26 41 1.223 0.53
26 42 1.05 0.459
26 43 1.427 0.766
26 44 1.736 0.666
26 45 1.709 0.277
26 46 1.053 0.436
26 47 0.896 0.536
26 48 1.026 0.69
26 49 1.67 0.759
27 28 1.24 0.794
27 29 0.577 0.597
27 30 0.945 0.476
27 31 1.504 0.662
27 32 1.202 0.201
27 33 0.542 0.748
27 34 1.016 0.645
27 35 0.907 0.578
27 36 1.22 0.763
27 37 0.614 0.584
27 38 1.041 0.472
27 39 0.551 0.777
27 40 0.975 0.669
27 41 0.739 0.479
27 42 1.725 0.423
27 43 0.954 0.695
27 44 1.0 0.531
27 45 0.678 0.409
27 46 0.96 0.691
27 47 0.927 0.484
27 48 1.398 0.409
27 49 0.916 0.569
28 29 0.842 0.435
28 30 0.561 0.49
28 31 0.857 0.515
28 32 1.311 0.621
28 33 0.861 0.785
28 34 0.858 0.452
28 35 0.989 0.661
28 36 0.945 0.702
28 37 1.383 0.603
28 38 1.961 0.576
28 39 1.386 0.424
28 40 0.845 0.425
28 41 1.697 0.477
28 42 0.919 0.575
28 43 1.17 0.586
28 44 1.266 0.57
28 45 1.098 0.526
28 46 1.748 0.648
28 47 0.56 0.448
28 48 1.022 0.77
28 49 1.461 0.493
29 30 0.85 0.457
29 31 0.752 0.477
29 32 0.699 0.494
29 33 0.947 0.45
29 34 1.159 0.772
29 35 0.916 0.73
29 36 0.692 0.715
29 37 0.573 0.437
29 38 0.992 0.798
29 39 1.135 0.597
29 40 1.236 0.596
29 41 1.212 0.48
29 42 1.167 0.564
29 43 1.513 0.576
29 44 0.8 0.73
29 45 1.652 0.596
29 46 1.65 0.617
29 47 1.392 0.66
29 48 1.276 0.518
29 49 0.64 0.531
30 31 1.865 0.44
30 32 1.279 0.798
30 33 1.765 0.701
30 34 0.819 0.729
30 35 1.082 0.706
30 36 1.525 0.564
30 37 1.352 0.453
30 38 0.924 0.426
30 39 1.103 0.791
30 40 0.6 0.752
30 41 1.325 0.742
30 42 0.762 0.436
30 43 1.568 0.799
30 44 0.629 0.722
30 45 1.074 0.712
30 46 1.286 0.744
30 47 1.129 0.717
30 48 0.864 0.504
30 49 1.214 0.441
31 32 1.485 0.554
31 33 1.683 0.668
31 34 0.565 0.469
31 35 1.526 0.665
31 36 1.271 0.8
31 37 0.562 0.534
31 38 1.718 0.677
31 39 0.701 0.668
31 40 0.584 0.66
31 41 1.478 0.632
31 42 1.152 0.654
31 43 0.683 0.477
31 44 0.674 0.796
31 45 1.06 0.441
31 46 0.949 0.458
31 47 1.246 0.608
31 48 1.523 0.681
31 49 1.657 0.463
32 33 1.394 0.409
32 34 1.301 0.488
32 35 1.258 0.603
32 36 0.994 0.794
32 37 0.685 0.565
32 38 0.544 0.475
32 39 0.544 0.629
32 40 1.028 0.497
32 41 1.223 0.565
32 42 1.67 0.444
32 43 1.143 0.508
32 44 1.023 0.553
32 45 0.584 0.529
32 46 1.429 0.645
32 47 0.867 0.555
32 48 1.246 0.557
32 49 1.195 0.783
33 34 1.799 0.797
33 35 0.572 0.705
33 36 1.148 0.618
33 37 0.852 0.741
33 38 1.563 0.724
33 39 1.978 0.409
33 40 1.738 0.59
33 41 1.053 0.776
33 42 1.368 0.478
33 43 1.843 0.461
33 44 1.199 0.714
33 45 1.031 0.659
33 46 1.462 0.519
33 47 0.618 0.421
33 48 1.326 0.489
33 49 1.278 0.659
34 35 1.676 0.552
34 36 0.6 0.428
34 37 0.74 0.768
34 38 0.781 0.778
34 39 1.353 0.792
34 40 1.155 0.777
34 41 0.581 0.495
34 42 1.703 0.583
34 43 1.612 0.718
34 44 1.26 0.502
34 45 1.44 0.417
34 46 0.833 0.517
34 47 0.927 0.458
34 48 1.365 0.307
34 49 1.457 0.61
35 36 0.574 0.677
35 37 0.597 0.455
35 38 0.733 0.601
35 39 1.558 0.572
35 40 1.284 0.424
35 41 0.519 0.766
35 42 1.399 0.67
35 43 0.76 0.745
35 44 1.645 0.427
35 45 0.903 0.756
35 46 1.288 0.544
35 47 1.501 0.716
35 48 1.241 0.774
35 49 1.443 0.773
36 37 0.911 0.611
36 38 1.175 0.408
36 39 1.178 0.738
36 40 1.039 0.444
36 41 1.632 0.698
36 42 1.49 0.564
36 43 1.138 0.482
36 44 1.187 0.59
36 45 1.361 0.461
36 46 1.758 0.204
36 47 1.285 0.707
36 48 0.9 0.665
36 49 1.639 0.785
37 38 0.675 0.685
37 39 1.781 0.561
37 40 1.623 0.745
37 41 1.294 0.428
37 42 1.216 0.482
37 43 0.616 0.434
37 44 1.139 0.774
37 45 0.61 0.41
37 46 1.311 0.487
37 47 1.225 0.793
37 48 0.56 0.629
37 49 1.282 0.592
38 39 1.103 0.714
38 40 1.584 0.606
38 41 0.821 0.731
38 42 0.96 0.534
38 43 0.761 0.702
38 44 1.253 0.752
38 45 0.593 0.709
38 46 1.6 0.512
38 47 0.841 0.609
38 48 0.715 0.468
38 49 0.756 0.71
39 40 0.541 0.751
39 41 0.935 0.799
39 42 1.102 0.669
39 43 1.329 0.521
39 44 1.19 0.689
39 45 0.697 0.703
39 46 1.595 0.637
39 47 1.398 0.702
39 48 0.846 0.438
39 49 1.643 0.635
40 41 0.572 0.515
40 42 1.499 0.418
40 43 0.892 0.4
40 44 1.513 0.579
40 45 1.869 0.309
40 46 1.182 0.753
40 47 1.294 0.551
40 48 0.81 0.554
40 49 1.25 0.761
41 42 1.413 0.473
41 43 0.972 0.515
41 44 1.972 0.599
41 45 1.694 0.671
41 46 1.409 0.515
41 47 1.316 0.587
41 48 1.495 0.796
41 49 1.384 0.416
42 43 1.122 0.578
42 44 1.252 0.452
42 45 1.661 0.767
42 46 1.75 0.569
42 47 0.911 0.634
42 48 0.655 0.682
42 49 1.192 0.679
43 44 1.368 0.747
43 45 0.756 0.583
43 46 1.333 0.779
43 47 1.502 0.575
43 48 1.654 0.481
43 49 0.507 0.734
44 45 0.718 0.797
44 46 1.033 0.406
44 47 1.012 0.305
44 48 1.044 0.585
44 49 0.873 0.508
45 46 0.88 0.747
45 47 0.845 0.718
45 48 0.513 0.49
45 49 1.648 0.605
46 47 1.513 0.764
46 48 0.683 0.532
46 49 0.535 0.425
47 48 0.634 0.734
47 49 0.848 0.453
48 49 1.502 0.777
