50
99.8
0 1 19.446 6.789
0 2 22.742 13.452
0 3 12.227 28.447
0 4 80.630 0.335
0 5 3.665 23.837
0 6 24.282 15.792
0 7 23.334 4.392
0 8 7.625 22.267
0 9 27.023 4.089
0 10 13.768 20.790
0 11 10.252 10.347
0 12 5.100 25.752
0 13 6.530 9.471
0 14 20.233 14.776
0 15 8.309 14.032
0 16 20.564 19.451
0 17 98.448 0.290
0 18 98.642 0.386
0 19 2.121 25.586
0 20 25.382 15.664
0 21 91.656 0.183
0 22 80.993 0.213
0 23 10.029 9.901
0 24 28.991 23.878
0 25 8.937 15.346
0 26 5.716 16.092
0 27 24.303 16.328
0 28 26.117 3.404
0 29 13.552 1.741
0 30 4.280 8.345
0 31 21.144 28.837
0 32 82.091 0.353
0 33 15.267 6.645
0 34 22.201 5.056
0 35 24.314 11.775
0 36 22.788 15.669
0 37 3.852 4.699
0 38 22.420 6.351
0 39 16.967 22.535
0 40 14.488 23.533
0 41 16.133 1.381
0 42 28.338 13.919
0 43 19.772 9.966
0 44 6.035 11.063
0 45 7.217 9.190
0 46 5.295 23.587
0 47 20.675 8.944
0 48 94.404 0.210
0 49 7.184 17.528
1 2 21.382 26.994
1 3 13.546 8.150
1 4 11.229 29.521
1 5 90.440 0.371
1 6 18.001 10.501
1 7 10.690 19.482
1 8 10.159 12.600
1 9 4.992 10.951
1 10 13.390 6.405
1 11 14.912 25.683
1 12 13.997 26.194
1 13 82.877 0.362
1 14 6.748 1.167
1 15 15.501 21.159
1 16 21.641 12.626
1 17 24.900 25.425
1 18 20.633 13.458
1 19 1.873 27.626
1 20 19.746 25.452
1 21 17.583 7.046
1 22 3.910 14.063
1 23 28.701 17.119
1 24 94.265 0.293
1 25 4.848 6.251
1 26 85.847 0.431
1 27 1.051 6.924
1 28 81.913 0.296
1 29 7.181 24.901
1 30 98.471 0.335
1 31 19.639 13.727
1 32 26.996 20.683
1 33 1.726 7.044
1 34 6.445 12.356
1 35 11.285 23.118
1 36 14.396 7.438
1 37 7.727 21.170
1 38 2.217 17.958
1 39 11.467 1.701
1 40 14.665 16.006
1 41 13.293 17.909
1 42 26.722 20.790
1 43 24.181 11.721
1 44 10.367 25.330
1 45 3.660 20.854
1 46 26.681 28.372
1 47 27.865 10.696
1 48 25.003 13.913
1 49 18.605 25.268
2 3 84.918 0.270
2 4 24.260 17.293
2 5 18.695 14.249
2 6 13.360 25.524
2 7 15.789 20.390
2 8 16.653 5.789
2 9 5.933 4.833
2 10 18.446 12.687
2 11 98.337 0.147
2 12 2.524 3.955
2 13 12.456 15.523
2 14 1.526 21.526
2 15 7.516 26.108
2 16 94.228 0.253
2 17 3.785 4.860
2 18 15.674 4.482
2 19 28.325 25.457
2 20 90.845 0.201
2 21 20.684 9.210
2 22 22.315 25.533
2 23 97.950 0.280
2 24 26.292 19.812
2 25 91.974 0.021
2 26 19.691 22.175
2 27 88.958 0.021
2 28 6.073 11.047
2 29 15.165 18.602
2 30 8.542 25.136
2 31 11.995 1.066
2 32 27.574 10.578
2 33 4.879 4.834
2 34 17.703 19.888
2 35 14.054 2.725
2 36 12.338 5.881
2 37 14.114 5.392
2 38 6.548 21.061
2 39 30.009 6.750
2 40 14.940 19.830
2 41 29.040 26.869
2 42 23.772 4.668
2 43 3.129 28.570
2 44 9.232 10.041
2 45 28.779 11.837
2 46 21.363 16.539
2 47 17.547 1.038
2 48 20.525 13.572
2 49 84.855 0.098
3 4 5.074 19.068
3 5 12.238 5.132
3 6 27.845 26.481
3 7 8.243 10.721
3 8 7.395 13.507
3 9 19.151 13.967
3 10 25.012 19.029
3 11 84.589 0.021
3 12 10.848 17.291
3 13 19.886 21.670
3 14 8.278 29.726
3 15 1.097 27.176
3 16 80.039 0.277
3 17 26.197 16.093
3 18 28.946 5.533
3 19 16.993 19.119
3 20 86.851 0.138
3 21 25.849 2.103
3 22 11.001 25.880
3 23 95.874 0.186
3 24 20.480 11.548
3 25 98.516 0.071
3 26 9.836 28.877
3 27 92.306 0.016
3 28 11.633 16.255
3 29 24.383 8.361
3 30 2.192 14.267
3 31 16.716 27.744
3 32 10.804 3.572
3 33 2.232 25.381
3 34 2.982 19.664
3 35 30.095 2.247
3 36 6.587 20.946
3 37 23.647 3.173
3 38 3.374 2.953
3 39 3.920 19.434
3 40 21.903 15.945
3 41 23.659 18.488
3 42 15.540 24.263
3 43 3.370 4.542
3 44 25.771 14.960
3 45 20.548 24.719
3 46 5.714 17.324
3 47 9.385 5.114
3 48 14.092 10.666
3 49 97.839 0.219
4 5 6.858 27.095
4 6 14.193 11.266
4 7 18.164 19.283
4 8 21.641 8.480
4 9 20.163 7.974
4 10 9.970 20.131
4 11 4.524 15.073
4 12 19.029 3.902
4 13 3.123 21.105
4 14 5.718 12.944
4 15 5.536 29.127
4 16 17.243 8.908
4 17 96.100 0.383
4 18 93.343 0.169
4 19 3.651 11.744
4 20 22.694 10.017
4 21 84.711 0.127
4 22 86.939 0.234
4 23 14.511 9.510
4 24 17.297 17.401
4 25 15.266 10.833
4 26 19.447 27.218
4 27 5.805 22.432
4 28 19.648 17.072
4 29 21.113 29.702
4 30 4.719 8.610
4 31 13.911 10.162
4 32 85.676 0.199
4 33 16.873 11.035
4 34 17.365 7.834
4 35 24.060 6.936
4 36 14.552 13.449
4 37 5.022 12.778
4 38 5.455 1.533
4 39 21.628 9.489
4 40 26.354 20.411
4 41 20.909 27.193
4 42 26.589 9.508
4 43 15.968 29.695
4 44 21.123 27.372
4 45 28.306 6.182
4 46 29.435 7.332
4 47 3.068 1.326
4 48 94.910 0.360
4 49 17.568 27.451
5 6 2.461 14.902
5 7 17.524 28.189
5 8 13.019 15.034
5 9 9.236 22.714
5 10 20.102 8.627
5 11 4.176 22.501
5 12 13.831 6.727
5 13 81.003 0.495
5 14 14.469 4.391
5 15 24.649 12.291
5 16 29.545 11.036
5 17 24.404 19.980
5 18 29.833 12.012
5 19 12.333 23.035
5 20 20.444 28.383
5 21 13.708 10.861
5 22 17.683 7.730
5 23 9.673 23.202
5 24 90.762 0.312
5 25 11.053 27.011
5 26 96.418 0.432
5 27 14.224 20.777
5 28 94.968 0.296
5 29 10.390 1.605
5 30 85.826 0.471
5 31 23.162 13.304
5 32 27.338 16.542
5 33 19.358 21.889
5 34 22.093 20.681
5 35 18.607 9.708
5 36 12.440 10.811
5 37 21.365 17.672
5 38 29.189 15.038
5 39 9.454 25.269
5 40 26.662 11.984
5 41 24.881 15.943
5 42 10.456 25.121
5 43 2.820 29.431
5 44 14.425 21.903
5 45 3.657 2.566
5 46 2.463 7.012
5 47 29.323 7.499
5 48 1.582 20.140
5 49 25.863 19.092
6 7 7.017 26.120
6 8 89.515 0.232
6 9 92.935 0.231
6 10 3.628 7.141
6 11 11.399 8.670
6 12 17.321 28.153
6 13 28.254 26.869
6 14 23.950 4.881
6 15 19.498 13.016
6 16 21.758 15.822
6 17 17.967 19.860
6 18 13.378 17.536
6 19 22.924 12.183
6 20 22.766 19.587
6 21 13.377 8.256
6 22 1.706 18.655
6 23 20.837 27.475
6 24 10.256 15.168
6 25 11.181 25.524
6 26 20.778 22.607
6 27 8.562 14.259
6 28 18.052 9.038
6 29 86.082 0.506
6 30 28.338 29.178
6 31 87.440 0.312
6 32 11.073 26.788
6 33 94.567 0.513
6 34 5.850 22.325
6 35 4.658 23.015
6 36 10.459 29.852
6 37 7.495 28.612
6 38 4.630 14.360
6 39 1.046 29.784
6 40 89.886 0.387
6 41 1.683 30.154
6 42 4.480 20.059
6 43 9.336 13.864
6 44 3.013 14.193
6 45 2.007 28.094
6 46 10.549 24.127
6 47 20.959 14.823
6 48 29.847 15.111
6 49 6.868 4.359
7 8 29.733 6.718
7 9 19.645 16.031
7 10 98.069 0.911
7 11 23.934 20.181
7 12 86.710 1.053
7 13 26.885 29.069
7 14 23.197 9.506
7 15 27.770 20.473
7 16 9.792 10.580
7 17 22.718 7.334
7 18 5.841 3.608
7 19 27.757 10.751
7 20 6.816 26.260
7 21 9.426 29.474
7 22 14.029 13.156
7 23 4.571 3.474
7 24 17.459 13.427
7 25 26.705 5.228
7 26 25.246 2.496
7 27 10.474 2.644
7 28 20.853 19.524
7 29 17.787 18.058
7 30 6.111 8.328
7 31 25.723 18.313
7 32 30.161 26.125
7 33 26.222 10.989
7 34 99.440 0.544
7 35 81.839 0.633
7 36 17.347 16.899
7 37 4.291 17.835
7 38 28.326 29.391
7 39 9.735 16.519
7 40 27.690 28.241
7 41 85.209 0.458
7 42 4.267 26.045
7 43 84.243 1.097
7 44 3.562 25.495
7 45 93.340 1.016
7 46 8.503 14.397
7 47 11.249 7.099
7 48 12.633 10.731
7 49 27.451 9.261
8 9 85.649 0.436
8 10 3.853 19.231
8 11 13.893 9.626
8 12 18.104 26.111
8 13 3.803 8.380
8 14 7.360 6.056
8 15 19.259 16.365
8 16 1.870 1.852
8 17 16.302 6.156
8 18 28.098 18.561
8 19 22.905 8.526
8 20 26.354 23.740
8 21 15.638 25.233
8 22 4.888 26.925
8 23 29.943 16.553
8 24 9.216 28.584
8 25 28.364 26.636
8 26 21.714 5.743
8 27 29.409 19.963
8 28 23.375 28.695
8 29 89.363 0.284
8 30 8.889 1.270
8 31 94.272 0.261
8 32 9.600 30.096
8 33 95.736 0.351
8 34 19.987 13.518
8 35 19.499 7.735
8 36 14.311 8.235
8 37 10.018 18.868
8 38 4.975 5.482
8 39 6.244 12.761
8 40 86.487 0.274
8 41 2.782 17.933
8 42 14.216 26.912
8 43 27.535 8.666
8 44 25.068 29.349
8 45 3.245 9.896
8 46 20.030 21.261
8 47 12.894 2.283
8 48 10.940 24.745
8 49 20.047 4.268
9 10 1.809 4.915
9 11 23.227 1.335
9 12 5.876 12.378
9 13 20.524 18.426
9 14 3.798 15.520
9 15 23.933 29.561
9 16 21.813 13.298
9 17 19.836 2.017
9 18 23.116 21.835
9 19 19.224 17.996
9 20 10.766 20.051
9 21 6.756 5.632
9 22 16.111 28.220
9 23 13.387 4.608
9 24 1.179 9.213
9 25 15.496 22.315
9 26 19.514 10.265
9 27 3.161 30.107
9 28 15.386 7.521
9 29 97.700 0.371
9 30 19.523 11.699
9 31 89.683 0.303
9 32 2.446 7.357
9 33 90.800 0.482
9 34 18.972 3.250
9 35 12.624 22.646
9 36 13.981 11.913
9 37 2.145 16.510
9 38 27.769 6.666
9 39 23.402 29.614
9 40 92.183 0.352
9 41 10.431 12.185
9 42 2.846 23.989
9 43 8.899 17.966
9 44 17.923 1.161
9 45 22.170 6.937
9 46 25.668 21.671
9 47 24.235 16.791
9 48 26.133 1.646
9 49 15.216 26.537
10 11 4.856 18.010
10 12 88.341 0.860
10 13 20.426 1.749
10 14 24.975 28.924
10 15 14.523 16.981
10 16 12.944 25.543
10 17 19.841 29.480
10 18 13.533 6.814
10 19 15.955 20.677
10 20 12.048 1.104
10 21 13.360 2.300
10 22 26.799 21.684
10 23 1.031 2.389
10 24 27.302 27.707
10 25 6.859 5.332
10 26 9.482 26.201
10 27 25.978 5.768
10 28 9.432 22.194
10 29 24.415 17.635
10 30 18.642 12.789
10 31 25.806 26.318
10 32 7.631 23.233
10 33 15.679 25.527
10 34 96.433 0.563
10 35 86.678 0.655
10 36 14.066 15.525
10 37 23.585 5.017
10 38 3.207 22.368
10 39 23.069 22.955
10 40 14.997 16.748
10 41 94.486 0.679
10 42 5.107 12.369
10 43 82.221 0.989
10 44 4.435 20.177
10 45 81.336 0.929
10 46 3.185 8.986
10 47 21.892 9.961
10 48 22.809 26.967
10 49 14.375 21.766
11 12 11.052 14.303
11 13 11.890 1.876
11 14 18.820 29.880
11 15 1.473 2.862
11 16 98.307 0.159
11 17 14.310 5.817
11 18 6.351 2.494
11 19 22.613 29.399
11 20 98.350 0.081
11 21 3.050 18.790
11 22 25.407 27.441
11 23 96.848 0.065
11 24 18.177 2.839
11 25 85.183 0.140
11 26 8.115 26.724
11 27 86.436 0.129
11 28 6.510 29.257
11 29 29.365 1.077
11 30 16.410 6.482
11 31 29.859 28.966
11 32 7.355 4.156
11 33 4.825 22.490
11 34 12.428 27.617
11 35 11.330 12.620
11 36 2.730 9.276
11 37 12.298 29.893
11 38 7.283 17.437
11 39 3.229 15.243
11 40 8.541 10.301
11 41 11.637 23.685
11 42 1.869 8.422
11 43 20.667 11.989
11 44 10.675 9.568
11 45 22.513 6.967
11 46 20.170 27.370
11 47 3.364 15.121
11 48 25.942 9.691
11 49 99.484 0.300
12 13 28.515 11.739
12 14 5.754 21.881
12 15 5.035 9.632
12 16 22.072 15.080
12 17 8.071 21.592
12 18 13.626 16.538
12 19 23.517 11.510
12 20 24.082 9.851
12 21 6.467 5.143
12 22 15.770 18.585
12 23 27.372 18.091
12 24 8.007 15.463
12 25 5.368 4.459
12 26 26.492 1.524
12 27 1.036 7.631
12 28 12.935 11.388
12 29 5.835 7.961
12 30 17.745 7.778
12 31 13.601 27.018
12 32 3.648 28.709
12 33 13.567 27.155
12 34 85.397 0.487
12 35 80.672 0.572
12 36 14.126 3.578
12 37 5.091 1.679
12 38 19.030 19.263
12 39 13.623 16.974
12 40 17.040 27.436
12 41 92.272 0.623
12 42 3.219 13.742
12 43 85.959 0.821
12 44 13.955 9.550
12 45 87.314 0.997
12 46 10.849 27.284
12 47 4.188 12.658
12 48 20.591 15.436
12 49 25.414 12.980
13 14 15.968 2.561
13 15 2.522 8.877
13 16 26.834 5.700
13 17 16.314 23.665
13 18 1.770 17.243
13 19 12.527 1.424
13 20 14.441 21.006
13 21 1.088 28.843
13 22 19.706 23.602
13 23 5.712 8.323
13 24 94.024 0.443
13 25 24.895 27.395
13 26 99.348 0.402
13 27 29.659 19.626
13 28 89.745 0.337
13 29 2.294 19.476
13 30 99.127 0.271
13 31 6.885 4.279
13 32 21.399 11.762
13 33 4.515 6.021
13 34 6.594 9.081
13 35 21.875 16.337
13 36 5.948 27.834
13 37 25.270 21.985
13 38 14.112 10.773
13 39 2.551 25.375
13 40 4.915 23.130
13 41 6.027 28.270
13 42 13.715 10.911
13 43 6.705 2.024
13 44 5.855 13.716
13 45 29.977 15.573
13 46 8.217 14.036
13 47 23.597 11.005
13 48 6.052 14.777
13 49 26.029 15.739
14 15 98.428 0.898
14 16 28.438 29.760
14 17 1.185 3.534
14 18 29.476 4.852
14 19 20.280 5.210
14 20 10.273 4.533
14 21 3.780 24.318
14 22 4.695 7.681
14 23 20.568 10.588
14 24 19.584 10.528
14 25 12.272 27.184
14 26 23.458 20.454
14 27 8.050 27.600
14 28 14.388 24.237
14 29 3.044 24.704
14 30 22.423 6.638
14 31 17.760 19.724
14 32 29.298 18.678
14 33 23.794 19.907
14 34 25.615 27.634
14 35 11.776 2.962
14 36 88.708 1.006
14 37 91.294 0.909
14 38 24.925 22.472
14 39 92.191 0.917
14 40 24.995 10.468
14 41 29.669 23.714
14 42 14.478 14.263
14 43 5.924 5.544
14 44 28.005 29.677
14 45 9.200 1.892
14 46 26.657 15.757
14 47 2.408 7.703
14 48 5.016 18.165
14 49 26.657 20.926
15 16 21.334 15.009
15 17 20.779 13.515
15 18 2.684 8.841
15 19 29.905 22.800
15 20 29.269 15.228
15 21 1.485 8.491
15 22 4.659 24.479
15 23 26.557 8.769
15 24 27.558 15.743
15 25 3.480 6.157
15 26 23.542 18.519
15 27 11.863 26.002
15 28 11.507 13.763
15 29 8.274 1.026
15 30 27.622 3.902
15 31 10.789 1.473
15 32 29.117 5.656
15 33 20.906 27.326
15 34 26.706 26.764
15 35 21.852 21.953
15 36 99.443 0.818
15 37 87.843 1.050
15 38 16.568 17.017
15 39 81.839 1.079
15 40 12.551 29.014
15 41 7.198 27.825
15 42 29.327 13.172
15 43 10.806 16.622
15 44 9.016 21.093
15 45 22.051 26.732
15 46 15.698 15.317
15 47 27.174 2.289
15 48 10.732 1.350
15 49 1.077 3.127
16 17 19.632 23.418
16 18 4.307 14.192
16 19 7.920 19.299
16 20 82.820 0.142
16 21 21.714 15.244
16 22 5.852 3.534
16 23 94.651 0.147
16 24 6.191 28.688
16 25 91.992 0.165
16 26 21.086 6.306
16 27 81.614 0.217
16 28 22.261 27.621
16 29 14.285 22.356
16 30 26.563 21.586
16 31 3.268 13.914
16 32 18.984 8.028
16 33 22.946 27.758
16 34 8.193 8.301
16 35 4.378 17.497
16 36 8.689 28.749
16 37 23.425 4.800
16 38 3.381 6.404
16 39 26.228 18.324
16 40 24.475 26.749
16 41 25.736 24.419
16 42 29.957 30.030
16 43 4.290 23.204
16 44 23.241 10.509
16 45 14.492 17.070
16 46 18.067 3.066
16 47 9.949 23.659
16 48 10.800 11.265
16 49 98.720 0.165
17 18 92.485 0.371
17 19 9.973 16.435
17 20 10.712 5.054
17 21 98.877 0.283
17 22 96.277 0.275
17 23 8.917 29.022
17 24 14.629 22.513
17 25 4.419 23.653
17 26 3.286 22.926
17 27 23.784 26.477
17 28 9.198 5.097
17 29 19.138 8.757
17 30 21.152 20.952
17 31 8.263 4.806
17 32 96.519 0.320
17 33 11.037 1.594
17 34 4.972 24.924
17 35 25.536 3.733
17 36 13.261 2.027
17 37 2.453 20.692
17 38 1.570 21.367
17 39 13.167 1.834
17 40 30.022 15.951
17 41 18.260 6.719
17 42 7.770 19.408
17 43 23.334 7.781
17 44 26.098 11.988
17 45 28.940 1.665
17 46 27.623 8.674
17 47 13.645 18.002
17 48 81.714 0.317
17 49 10.460 8.492
18 19 3.979 12.996
18 20 11.876 18.827
18 21 81.365 0.136
18 22 94.140 0.244
18 23 10.906 12.710
18 24 25.530 20.166
18 25 28.092 15.827
18 26 23.556 17.713
18 27 28.852 10.197
18 28 6.445 6.939
18 29 13.078 23.780
18 30 6.577 25.921
18 31 1.589 5.087
18 32 85.475 0.100
18 33 15.007 17.983
18 34 12.719 20.927
18 35 26.926 18.463
18 36 5.949 14.732
18 37 27.437 27.490
18 38 21.900 19.231
18 39 25.297 9.946
18 40 6.344 25.227
18 41 29.611 27.033
18 42 11.506 15.951
18 43 28.197 25.077
18 44 27.858 27.278
18 45 16.400 10.032
18 46 1.379 24.673
18 47 7.753 24.404
18 48 86.461 0.289
18 49 28.955 9.273
19 20 10.078 14.322
19 21 3.001 25.548
19 22 23.489 19.137
19 23 10.574 21.655
19 24 3.461 1.056
19 25 11.351 29.537
19 26 19.832 18.261
19 27 23.533 13.806
19 28 8.919 28.545
19 29 6.154 3.040
19 30 14.669 25.732
19 31 13.855 23.758
19 32 11.721 25.166
19 33 6.379 10.013
19 34 25.016 13.022
19 35 9.730 8.289
19 36 23.860 29.423
19 37 4.244 6.957
19 38 93.369 0.886
19 39 27.687 23.830
19 40 4.229 15.764
19 41 1.840 27.266
19 42 94.241 0.974
19 43 12.099 3.854
19 44 81.383 0.950
19 45 4.693 27.121
19 46 91.020 1.023
19 47 4.517 14.182
19 48 13.748 19.401
19 49 20.069 19.338
20 21 29.851 2.773
20 22 16.868 18.871
20 23 80.548 0.215
20 24 27.451 22.922
20 25 89.198 0.062
20 26 2.490 7.506
20 27 94.821 0.106
20 28 11.264 5.152
20 29 17.102 23.370
20 30 22.210 4.463
20 31 27.744 19.779
20 32 12.364 12.103
20 33 11.942 15.292
20 34 24.773 21.764
20 35 7.055 5.048
20 36 15.742 10.819
20 37 3.286 9.571
20 38 24.849 23.028
20 39 27.660 6.013
20 40 11.431 22.319
20 41 22.586 13.120
20 42 16.376 2.057
20 43 22.145 5.380
20 44 6.760 20.066
20 45 15.133 26.140
20 46 20.845 18.100
20 47 29.272 28.951
20 48 8.861 4.253
20 49 81.867 0.284
21 22 99.562 0.241
21 23 26.703 14.840
21 24 6.903 8.748
21 25 9.082 5.681
21 26 3.077 9.485
21 27 26.537 6.328
21 28 19.401 7.719
21 29 6.933 1.901
21 30 7.370 5.258
21 31 20.534 17.452
21 32 82.274 0.219
21 33 13.324 3.453
21 34 23.473 25.074
21 35 21.021 5.177
21 36 28.036 26.121
21 37 27.156 25.423
21 38 22.591 15.109
21 39 12.368 12.436
21 40 14.027 22.313
21 41 26.150 6.111
21 42 28.315 28.876
21 43 3.477 18.878
21 44 24.093 7.714
21 45 29.210 7.049
21 46 2.664 29.543
21 47 15.384 3.444
21 48 98.916 0.375
21 49 14.222 18.919
22 23 24.460 22.760
22 24 14.555 14.956
22 25 1.997 20.047
22 26 4.010 4.006
22 27 8.874 1.314
22 28 14.461 12.007
22 29 8.165 20.618
22 30 18.477 1.226
22 31 7.107 8.746
22 32 97.256 0.145
22 33 3.165 17.519
22 34 12.626 26.569
22 35 28.951 15.378
22 36 26.839 9.262
22 37 14.100 16.758
22 38 15.247 15.573
22 39 19.298 27.279
22 40 15.595 21.285
22 41 10.911 16.806
22 42 21.267 11.121
22 43 1.684 22.424
22 44 9.201 19.631
22 45 23.958 17.778
22 46 19.925 12.482
22 47 14.212 20.305
22 48 82.001 0.301
22 49 4.947 10.523
23 24 4.836 25.649
23 25 89.800 0.032
23 26 7.045 25.836
23 27 96.424 0.275
23 28 27.980 20.416
23 29 27.856 4.726
23 30 3.299 19.129
23 31 2.654 1.370
23 32 20.955 14.390
23 33 15.745 25.527
23 34 5.442 28.280
23 35 7.361 3.966
23 36 24.667 29.898
23 37 25.907 18.515
23 38 1.182 10.237
23 39 18.812 10.132
23 40 12.852 4.195
23 41 7.294 25.816
23 42 7.295 29.404
23 43 21.183 22.516
23 44 5.978 24.601
23 45 29.466 27.112
23 46 23.143 11.676
23 47 11.195 15.291
23 48 16.748 7.587
23 49 89.618 0.044
24 25 11.251 25.101
24 26 96.039 0.472
24 27 5.667 8.204
24 28 81.405 0.479
24 29 21.315 25.868
24 30 87.787 0.388
24 31 11.843 14.018
24 32 9.876 19.598
24 33 3.307 16.395
24 34 3.119 28.609
24 35 14.806 4.131
24 36 27.837 28.753
24 37 14.041 23.411
24 38 22.414 16.455
24 39 22.881 3.358
24 40 1.171 18.395
24 41 16.138 12.411
24 42 11.265 11.138
24 43 7.529 20.308
24 44 8.959 10.677
24 45 7.718 16.407
24 46 8.309 19.440
24 47 26.186 10.758
24 48 25.160 3.736
24 49 16.321 6.955
25 26 26.159 16.711
25 27 85.075 0.058
25 28 8.351 9.575
25 29 17.029 3.165
25 30 24.035 15.325
25 31 28.612 17.931
25 32 14.761 25.177
25 33 7.934 21.934
25 34 3.605 18.835
25 35 1.135 1.691
25 36 13.522 2.778
25 37 12.222 7.861
25 38 28.157 3.481
25 39 7.668 15.671
25 40 26.037 7.629
25 41 26.278 7.718
25 42 19.042 24.235
25 43 9.591 9.948
25 44 21.111 18.255
25 45 11.987 7.816
25 46 20.964 17.495
25 47 20.300 23.304
25 48 16.639 28.711
25 49 96.444 0.177
26 27 5.804 3.462
26 28 82.206 0.377
26 29 23.282 17.670
26 30 84.602 0.282
26 31 9.734 9.220
26 32 13.750 15.214
26 33 5.042 25.288
26 34 9.809 26.396
26 35 10.980 24.136
26 36 28.252 13.683
26 37 10.807 22.972
26 38 15.595 20.263
26 39 29.816 2.803
26 40 24.229 21.670
26 41 12.190 26.390
26 42 3.427 27.639
26 43 8.806 28.250
26 44 13.986 19.731
26 45 9.701 21.122
26 46 8.017 6.874
26 47 9.337 17.199
26 48 12.945 5.324
26 49 27.694 2.462
27 28 7.300 23.427
27 29 5.569 30.159
27 30 23.707 25.351
27 31 20.577 20.961
27 32 23.980 8.564
27 33 6.925 4.159
27 34 28.164 7.662
27 35 18.987 29.732
27 36 5.080 11.519
27 37 20.277 1.741
27 38 15.524 29.840
27 39 1.733 10.316
27 40 10.735 23.108
27 41 24.328 5.103
27 42 5.260 6.537
27 43 2.817 12.886
27 44 10.677 21.960
27 45 15.272 17.114
27 46 25.090 19.552
27 47 13.679 26.203
27 48 21.154 21.263
27 49 82.055 0.258
28 29 10.821 6.114
28 30 88.561 0.262
28 31 9.593 28.269
28 32 12.023 2.126
28 33 4.235 1.857
28 34 6.061 25.534
28 35 19.333 2.588
28 36 8.224 20.733
28 37 22.053 6.840
28 38 13.417 29.707
28 39 15.942 12.641
28 40 29.483 25.798
28 41 18.200 13.931
28 42 2.719 18.824
28 43 5.145 2.698
28 44 20.511 18.786
28 45 17.482 26.512
28 46 3.173 13.408
28 47 17.036 14.148
28 48 7.999 8.451
28 49 9.166 29.213
29 30 18.954 16.927
29 31 95.713 0.366
29 32 3.912 29.794
29 33 98.440 0.431
29 34 28.378 28.202
29 35 20.213 26.947
29 36 17.113 27.203
29 37 5.639 16.765
29 38 14.834 8.398
29 39 11.495 18.058
29 40 91.825 0.474
29 41 6.721 13.527
29 42 4.186 3.253
29 43 19.780 24.045
29 44 6.129 6.247
29 45 15.279 18.429
29 46 11.457 13.532
29 47 7.238 3.326
29 48 25.547 17.212
29 49 11.380 12.578
30 31 19.838 12.460
30 32 8.561 12.055
30 33 11.140 15.141
30 34 13.913 27.862
30 35 12.060 21.549
30 36 8.359 22.032
30 37 3.552 20.705
30 38 25.332 15.114
30 39 22.122 29.681
30 40 24.161 22.357
30 41 5.196 29.548
30 42 8.860 11.749
30 43 21.368 23.029
30 44 2.394 22.033
30 45 24.589 11.046
30 46 9.867 6.761
30 47 16.827 6.407
30 48 19.733 13.085
30 49 13.429 23.530
31 32 12.596 20.193
31 33 95.774 0.509
31 34 22.330 27.826
31 35 5.616 16.685
31 36 17.081 5.580
31 37 13.812 23.822
31 38 29.055 13.503
31 39 21.608 15.900
31 40 81.095 0.288
31 41 11.644 2.141
31 42 27.427 26.396
31 43 9.696 5.228
31 44 19.146 26.269
31 45 24.092 17.583
31 46 3.747 12.435
31 47 22.133 28.760
31 48 12.500 8.597
31 49 17.506 12.043
32 33 19.015 16.283
32 34 21.256 10.106
32 35 17.974 4.250
32 36 21.788 8.773
32 37 10.983 28.968
32 38 12.688 9.009
32 39 9.633 7.091
32 40 20.344 27.311
32 41 27.640 28.124
32 42 18.682 10.487
32 43 13.006 12.498
32 44 24.272 21.659
32 45 5.891 19.122
32 46 8.738 22.880
32 47 26.166 22.188
32 48 90.132 0.258
32 49 15.034 20.969
33 34 27.728 23.256
33 35 10.348 13.880
33 36 25.250 27.411
33 37 7.899 26.413
33 38 6.790 21.589
33 39 24.867 21.992
33 40 99.040 0.468
33 41 5.484 13.276
33 42 9.884 24.740
33 43 13.809 4.831
33 44 28.256 24.387
33 45 20.200 15.655
33 46 2.388 3.823
33 47 19.119 27.928
33 48 13.191 29.282
33 49 2.185 13.564
34 35 97.883 0.492
34 36 10.220 11.139
34 37 26.140 15.779
34 38 21.892 17.098
34 39 13.916 18.500
34 40 9.254 11.537
34 41 90.528 0.566
34 42 25.572 25.761
34 43 30.004 27.002
34 44 9.367 21.467
34 45 1.973 1.574
34 46 11.637 27.697
34 47 10.073 5.798
34 48 18.845 13.652
34 49 25.703 5.766
35 36 29.001 24.471
35 37 22.065 24.435
35 38 12.095 22.547
35 39 11.963 12.147
35 40 13.814 27.328
35 41 93.085 0.545
35 42 24.177 28.381
35 43 14.893 11.559
35 44 28.587 26.848
35 45 7.390 6.298
35 46 11.843 24.105
35 47 14.306 28.960
35 48 6.920 3.693
35 49 27.021 19.816
36 37 85.213 0.891
36 38 20.131 24.722
36 39 83.665 0.858
36 40 16.464 21.176
36 41 1.438 22.667
36 42 13.373 28.156
36 43 5.638 18.298
36 44 15.933 18.755
36 45 11.498 20.949
36 46 8.491 24.670
36 47 18.143 23.532
36 48 20.521 23.589
36 49 16.260 24.636
37 38 23.825 15.403
37 39 93.789 0.867
37 40 23.669 11.836
37 41 7.641 18.637
37 42 22.018 18.490
37 43 22.968 6.866
37 44 20.328 25.278
37 45 23.455 30.057
37 46 22.793 27.049
37 47 22.658 13.559
37 48 21.858 28.683
37 49 22.354 25.784
38 39 27.520 26.484
38 40 25.954 8.626
38 41 13.460 11.723
38 42 82.240 1.027
38 43 14.661 11.634
38 44 81.378 0.937
38 45 23.069 12.368
38 46 91.856 1.015
38 47 16.042 18.673
38 48 20.289 24.064
38 49 9.921 8.541
39 40 7.581 1.377
39 41 3.833 28.548
39 42 17.393 1.317
39 43 26.901 4.024
39 44 9.868 29.160
39 45 3.622 7.344
39 46 17.427 3.497
39 47 14.100 3.041
39 48 9.600 23.679
39 49 29.587 23.456
40 41 22.335 21.194
40 42 8.250 8.759
40 43 26.729 14.664
40 44 24.532 2.036
40 45 1.786 7.935
40 46 8.846 20.425
40 47 9.659 28.927
40 48 26.277 27.466
40 49 17.395 11.455
41 42 20.363 19.571
41 43 2.009 13.052
41 44 1.223 29.945
41 45 17.362 30.146
41 46 26.746 13.105
41 47 11.559 14.006
41 48 25.625 27.599
41 49 8.310 23.965
42 43 17.659 2.257
42 44 86.057 0.988
42 45 24.487 12.346
42 46 90.353 0.998
42 47 17.716 5.035
42 48 21.651 13.328
42 49 6.365 16.461
43 44 2.273 26.304
43 45 86.916 0.900
43 46 7.717 15.748
43 47 15.133 14.313
43 48 14.429 20.257
43 49 17.599 16.965
44 45 16.894 12.967
44 46 99.138 0.966
44 47 16.775 4.812
44 48 11.984 1.669
44 49 25.943 4.103
45 46 22.505 26.687
45 47 3.355 18.048
45 48 6.834 23.944
45 49 25.634 3.529
46 47 29.770 12.283
46 48 4.207 17.675
46 49 28.351 19.665
47 48 97.349 10.854
47 49 29.541 11.019
48 49 6.011 18.678
