50
70
0 1 61.123 2.239
0 2 17.181 1.381
0 3 61.807 1.552
0 4 58.776 1.771
0 5 97.618 0.452
0 6 27.876 2.397
0 7 43.583 0.371
0 8 64.696 2.588
0 9 87.706 1.037
0 10 2.968 1.366
0 11 27.617 1.266
0 12 65.211 1.234
0 13 33.522 1.995
0 14 94.228 0.751
0 15 15.309 1.777
0 16 46.506 0.265
0 17 52.957 0.914
0 18 77.47 1.632
0 19 23.979 2.629
0 20 18.493 1.396
0 21 90.51 1.904
0 22 92.147 1.078
0 23 6.818 1.469
0 24 83.936 1.259
0 25 55.639 2.182
0 26 53.33 2.028
0 27 77.55 2.297
0 28 96.615 0.624
0 29 68.466 0.41
0 30 83.405 2.824
0 31 42.382 1.349
0 32 29.017 2.841
0 33 83.895 1.067
0 34 47.915 1.761
0 35 75.404 2.035
0 36 8.276 2.607
0 37 2.607 2.544
0 38 83.629 0.028
0 39 75.066 2.709
0 40 72.859 1.217
0 41 94.981 1.09
0 42 98.905 1.001
0 43 62.678 1.715
0 44 97.214 1.258
0 45 48.851 1.947
0 46 57.261 1.881
0 47 47.3 0.823
0 48 92.294 2.053
0 49 12.906 1.585
1 2 45.327 0.82
1 3 43.47 2.173
1 4 69.011 0.344
1 5 46.008 2.204
1 6 43.387 0.765
1 7 48.772 2.881
1 8 53.486 2.908
1 9 10.726 0.712
1 10 59.669 2.736
1 11 93.069 2.623
1 12 4.486 2.521
1 13 87.147 0.285
1 14 65.692 0.294
1 15 27.34 0.303
1 16 74.054 1.619
1 17 89.266 1.894
1 18 83.765 0.862
1 19 6.841 0.698
1 20 95.474 0.752
1 21 20.266 0.904
1 22 87.656 2.123
1 23 53.298 2.577
1 24 44.535 2.264
1 25 19.322 0.852
1 26 75.08 2.85
1 27 24.657 1.626
1 28 30.181 0.702
1 29 93.983 0.424
1 30 73.46 0.365
1 31 96.175 0.933
1 32 20.926 1.559
1 33 88.743 0.785
1 34 52.314 1.762
1 35 7.564 1.677
1 36 39.545 1.868
1 37 83.399 0.486
1 38 66.237 0.75
1 39 31.074 0.011
1 40 84.118 0.214
1 41 24.765 2.963
1 42 65.555 1.63
1 43 18.945 2.684
1 44 1.877 1.43
1 45 94.504 1.681
1 46 56.036 1.999
1 47 22.991 0.46
1 48 97.962 0.047
1 49 42.319 0.251
2 3 64.052 0.094
2 4 3.685 1.838
2 5 55.668 1.409
2 6 69.466 1.998
2 7 91.307 0.065
2 8 81.728 1.703
2 9 85.659 2.901
2 10 0.187 0.908
2 11 17.045 0.777
2 12 25.262 2.212
2 13 67.885 1.908
2 14 51.151 2.321
2 15 53.28 0.454
2 16 85.925 0.274
2 17 37.649 2.122
2 18 55.83 1.157
2 19 22.343 1.576
2 20 39.685 0.562
2 21 32.113 0.029
2 22 19.009 0.86
2 23 50.449 2.722
2 24 96.569 2.047
2 25 27.514 2.617
2 26 77.442 0.637
2 27 0.917 2.277
2 28 53.379 2.809
2 29 65.411 2.102
2 30 69.775 1.858
2 31 54.893 1.245
2 32 42.029 0.179
2 33 27.697 1.901
2 34 93.986 0.418
2 35 46.028 0.329
2 36 20.294 0.746
2 37 49.697 2.053
2 38 11.856 1.655
2 39 30.645 0.072
2 40 17.867 0.172
2 41 91.383 2.728
2 42 71.282 2.511
2 43 93.558 0.408
2 44 15.656 2.108
2 45 52.029 1.064
2 46 24.611 1.76
2 47 12.989 1.506
2 48 97.189 1.569
2 49 36.403 2.053
3 4 98.612 0.804
3 5 96.401 0.538
3 6 73.621 2.068
3 7 6.3 1.002
3 8 50.035 2.49
3 9 56.634 1.738
3 10 51.754 2.689
3 11 73.092 0.722
3 12 45.623 2.491
3 13 51.43 2.183
3 14 57.097 1.192
3 15 80.456 2.162
3 16 59.089 0.861
3 17 18.992 2.512
3 18 77.964 2.431
3 19 69.67 2.714
3 20 59.73 1.267
3 21 46.765 0.887
3 22 81.521 2.367
3 23 41.249 2.254
3 24 68.021 0.542
3 25 18.038 2.131
3 26 42.207 2.858
3 27 71.521 1.261
3 28 44.77 2.073
3 29 26.128 2.364
3 30 21.477 0.641
3 31 48.003 1.228
3 32 25.325 1.474
3 33 30.047 0.271
3 34 34.598 1.082
3 35 0.213 2.381
3 36 90.935 2.21
3 37 28.336 1.426
3 38 33.323 1.536
3 39 57.475 2.814
3 40 2.67 2.995
3 41 64.608 1.423
3 42 73.653 2.356
3 43 60.075 0.46
3 44 53.539 2.004
3 45 97.607 2.853
3 46 64.457 0.43
3 47 6.084 2.124
3 48 36.098 1.12
3 49 31.357 1.946
4 5 78.084 2.382
4 6 92.274 2.163
4 7 60.739 1.298
4 8 85.903 2.098
4 9 97.713 1.271
4 10 50.795 0.257
4 11 96.613 2.707
4 12 47.505 0.244
4 13 18.525 1.643
4 14 76.755 2.46
4 15 4.517 2.026
4 16 16.022 0.729
4 17 93.378 0.443
4 18 71.132 0.063
4 19 33.556 2.464
4 20 96.016 0.901
4 21 99.908 2.876
4 22 97.5 0.098
4 23 10.365 2.989
4 24 4.305 2.167
4 25 70.844 0.78
4 26 20.333 2.549
4 27 77.356 2.593
4 28 55.152 1.479
4 29 46.922 1.829
4 30 43.144 0.453
4 31 86.216 2.091
4 32 75.393 2.229
4 33 6.259 1.326
4 34 76.047 1.397
4 35 14.928 0.565
4 36 37.825 1.591
4 37 79.378 1.038
4 38 76.266 1.836
4 39 13.269 2.784
4 40 55.376 1.604
4 41 52.571 1.325
4 42 0.339 1.963
4 43 30.925 1.196
4 44 88.69 2.233
4 45 11.549 2.548
4 46 8.194 1.217
4 47 99.077 2.017
4 48 77.153 0.749
4 49 61.339 0.192
5 6 47.689 0.348
5 7 65.581 1.296
5 8 78.18 2.615
5 9 5.542 2.369
5 10 29.986 0.497
5 11 6.389 0.776
5 12 74.871 2.535
5 13 75.995 1.572
5 14 60.591 1.315
5 15 22.995 2.84
5 16 58.049 1.325
5 17 27.295 2.732
5 18 11.758 2.462
5 19 82.313 0.23
5 20 28.049 0.765
5 21 27.609 1.128
5 22 25.439 1.756
5 23 38.767 1.605
5 24 28.773 2.213
5 25 57.826 2.485
5 26 13.646 0.332
5 27 6.951 0.459
5 28 26.998 2.879
5 29 87.723 0.673
5 30 20.698 0.645
5 31 87.403 2.339
5 32 68.211 1.578
5 33 41.666 2.617
5 34 40.278 0.166
5 35 24.768 2.351
5 36 46.543 1.64
5 37 0.416 2.921
5 38 31.894 1.23
5 39 58.802 1.449
5 40 39.204 2.149
5 41 93.205 1.158
5 42 48.055 0.519
5 43 94.985 1.414
5 44 91.468 2.559
5 45 27.453 1.205
5 46 33.573 0.397
5 47 13.607 0.159
5 48 85.703 1.146
5 49 31.127 2.489
6 7 59.417 2.822
6 8 30.563 2.95
6 9 85.049 2.96
6 10 64.054 1.005
6 11 36.997 0.502
6 12 84.36 0.466
6 13 35.526 2.72
6 14 7.405 2.155
6 15 54.847 1.209
6 16 2.024 1.566
6 17 33.741 0.296
6 18 61.435 2.768
6 19 62.272 0.375
6 20 79.697 0.148
6 21 71.849 2.501
6 22 91.057 2.281
6 23 29.474 2.642
6 24 6.124 0.219
6 25 38.442 1.265
6 26 22.878 2.31
6 27 65.508 1.204
6 28 84.968 2.835
6 29 71.971 2.129
6 30 18.355 0.98
6 31 14.511 0.927
6 32 26.086 1.609
6 33 83.882 2.284
6 34 88.542 1.518
6 35 90.901 1.36
6 36 46.694 2.985
6 37 98.777 0.735
6 38 96.468 1.277
6 39 92.387 1.977
6 40 97.268 2.17
6 41 60.145 1.546
6 42 0.572 1.618
6 43 83.109 1.038
6 44 79.989 1.711
6 45 56.631 0.342
6 46 15.915 0.821
6 47 24.87 2.223
6 48 23.0 1.731
6 49 0.339 0.523
7 8 69.754 2.055
7 9 86.172 2.034
7 10 68.414 1.881
7 11 20.795 2.302
7 12 42.652 0.91
7 13 17.274 2.853
7 14 26.895 1.753
7 15 18.143 0.048
7 16 48.672 0.746
7 17 58.056 1.774
7 18 73.889 0.349
7 19 82.196 2.862
7 20 9.035 2.109
7 21 57.121 0.151
7 22 14.442 1.659
7 23 7.837 1.569
7 24 12.186 0.415
7 25 19.251 1.017
7 26 14.655 0.674
7 27 45.798 2.899
7 28 25.857 1.931
7 29 98.664 1.11
7 30 33.924 0.4
7 31 69.163 1.151
7 32 74.626 0.133
7 33 34.373 2.006
7 34 52.977 2.816
7 35 0.411 1.222
7 36 84.435 1.264
7 37 5.201 2.874
7 38 71.013 2.317
7 39 99.085 0.037
7 40 83.234 0.395
7 41 65.393 0.767
7 42 34.806 2.632
7 43 13.627 1.662
7 44 85.049 1.507
7 45 40.298 1.775
7 46 39.012 1.078
7 47 50.239 0.085
7 48 40.248 0.23
7 49 93.682 2.606
8 9 58.29 1.489
8 10 53.368 0.141
8 11 67.754 2.481
8 12 50.712 0.095
8 13 2.825 0.513
8 14 85.186 2.674
8 15 38.875 2.518
8 16 23.413 0.336
8 17 33.011 1.386
8 18 45.24 2.956
8 19 25.275 1.943
8 20 39.137 0.588
8 21 63.729 1.599
8 22 91.738 0.59
8 23 86.623 2.572
8 24 34.33 0.409
8 25 4.825 1.618
8 26 5.333 1.169
8 27 63.014 1.091
8 28 41.219 1.171
8 29 7.973 0.567
8 30 78.505 1.926
8 31 47.893 1.84
8 32 88.029 0.029
8 33 80.036 0.238
8 34 22.955 1.462
8 35 26.005 2.957
8 36 47.42 2.59
8 37 8.523 0.588
8 38 12.522 0.893
8 39 92.961 1.917
8 40 51.259 0.402
8 41 21.204 1.828
8 42 52.514 1.118
8 43 51.38 2.108
8 44 23.522 2.489
8 45 65.83 0.619
8 46 13.574 0.247
8 47 1.445 2.469
8 48 47.786 0.38
8 49 52.789 1.368
9 10 54.759 1.238
9 11 7.669 1.178
9 12 52.489 0.039
9 13 44.223 0.037
9 14 96.479 1.007
9 15 52.799 2.197
9 16 75.593 0.785
9 17 5.94 1.61
9 18 46.801 1.587
9 19 68.353 1.309
9 20 27.308 2.322
9 21 70.793 2.312
9 22 36.561 1.538
9 23 31.977 2.831
9 24 91.128 2.044
9 25 94.375 0.907
9 26 24.581 1.136
9 27 80.88 1.853
9 28 77.744 0.911
9 29 66.775 1.61
9 30 48.579 1.683
9 31 14.219 2.441
9 32 20.749 1.326
9 33 13.009 1.615
9 34 86.945 0.101
9 35 30.093 0.184
9 36 97.179 1.872
9 37 42.768 1.028
9 38 97.644 1.87
9 39 51.172 0.965
9 40 72.772 2.795
9 41 9.361 2.936
9 42 31.845 0.592
9 43 27.008 0.218
9 44 92.06 1.69
9 45 3.578 2.789
9 46 17.961 0.862
9 47 47.04 0.864
9 48 59.888 0.535
9 49 92.935 2.619
10 11 62.512 0.031
10 12 7.38 1.036
10 13 84.037 2.414
10 14 17.926 2.202
10 15 38.564 2.3
10 16 81.668 2.569
10 17 2.32 2.757
10 18 59.653 2.727
10 19 11.728 1.782
10 20 19.526 2.111
10 21 24.384 0.196
10 22 84.77 2.578
10 23 79.085 1.563
10 24 52.488 2.599
10 25 1.183 1.242
10 26 41.389 2.28
10 27 32.906 1.248
10 28 28.378 1.35
10 29 98.808 0.747
10 30 30.378 2.049
10 31 48.098 1.077
10 32 5.954 0.012
10 33 27.11 1.453
10 34 17.408 2.523
10 35 23.315 1.24
10 36 17.633 1.301
10 37 69.8 0.369
10 38 33.916 1.794
10 39 50.447 0.825
10 40 27.594 1.106
10 41 7.442 2.625
10 42 57.807 0.403
10 43 80.722 2.411
10 44 74.046 1.143
10 45 53.765 2.47
10 46 64.911 0.62
10 47 19.709 1.55
10 48 24.811 1.896
10 49 26.737 2.72
11 12 71.657 0.217
11 13 44.148 1.199
11 14 1.754 2.886
11 15 60.46 1.972
11 16 72.716 0.427
11 17 46.402 1.682
11 18 46.141 0.596
11 19 67.984 0.39
11 20 21.412 1.312
11 21 65.354 0.057
11 22 89.334 1.754
11 23 68.356 2.093
11 24 66.621 1.889
11 25 40.259 0.086
11 26 82.804 2.659
11 27 35.043 2.218
11 28 64.272 1.255
11 29 85.608 1.245
11 30 23.475 1.027
11 31 59.619 0.47
11 32 74.67 2.407
11 33 42.459 2.188
11 34 19.97 0.715
11 35 65.187 1.969
11 36 90.55 2.823
11 37 31.637 0.008
11 38 68.115 0.802
11 39 65.121 0.394
11 40 62.261 2.855
11 41 0.554 0.16
11 42 39.228 1.621
11 43 33.292 1.716
11 44 52.723 2.91
11 45 58.293 1.35
11 46 39.456 0.785
11 47 34.382 2.068
11 48 29.037 2.299
11 49 96.031 0.15
12 13 16.367 1.578
12 14 60.043 0.194
12 15 1.831 2.353
12 16 72.918 1.285
12 17 92.071 1.038
12 18 13.382 2.796
12 19 63.235 1.359
12 20 8.021 0.062
12 21 13.359 2.309
12 22 62.776 2.825
12 23 0.558 2.494
12 24 1.05 2.351
12 25 22.951 0.403
12 26 27.52 0.022
12 27 26.737 0.699
12 28 93.937 0.803
12 29 82.864 1.756
12 30 76.131 1.211
12 31 55.848 0.001
12 32 58.84 0.342
12 33 76.014 1.134
12 34 76.133 0.777
12 35 25.042 1.949
12 36 13.901 1.953
12 37 4.251 0.363
12 38 70.811 2.767
12 39 57.8 0.974
12 40 83.038 2.886
12 41 54.517 0.914
12 42 60.507 2.752
12 43 94.492 2.459
12 44 55.97 2.802
12 45 18.702 2.747
12 46 46.334 0.178
12 47 83.82 0.923
12 48 82.007 0.127
12 49 22.016 1.733
13 14 3.977 2.522
13 15 32.963 1.348
13 16 4.944 0.927
13 17 54.599 1.656
13 18 19.7 1.036
13 19 35.029 0.64
13 20 47.487 2.624
13 21 65.642 2.803
13 22 32.341 1.343
13 23 46.634 2.454
13 24 13.632 0.659
13 25 83.167 1.684
13 26 7.002 0.767
13 27 76.453 1.287
13 28 72.399 1.079
13 29 63.651 2.441
13 30 42.603 0.521
13 31 88.585 1.71
13 32 21.441 2.249
13 33 56.536 1.46
13 34 60.959 1.814
13 35 48.524 2.233
13 36 50.592 0.131
13 37 55.08 0.295
13 38 52.898 1.183
13 39 2.124 0.444
13 40 15.053 2.143
13 41 83.087 2.169
13 42 67.615 0.603
13 43 2.449 2.276
13 44 4.952 2.69
13 45 25.708 2.074
13 46 72.639 2.635
13 47 94.301 1.456
13 48 30.812 1.939
13 49 62.675 1.111
14 15 19.35 1.876
14 16 26.562 1.947
14 17 18.11 1.682
14 18 72.553 0.216
14 19 49.218 2.51
14 20 54.783 2.031
14 21 49.377 1.665
14 22 24.349 2.96
14 23 63.545 1.827
14 24 66.637 1.551
14 25 26.099 1.95
14 26 3.466 1.963
14 27 10.681 0.414
14 28 62.323 2.587
14 29 53.067 2.389
14 30 1.263 0.788
14 31 51.07 0.965
14 32 48.1 2.209
14 33 84.93 0.257
14 34 40.049 0.752
14 35 42.801 2.994
14 36 25.707 0.026
14 37 32.638 1.722
14 38 6.34 2.223
14 39 60.203 2.97
14 40 90.485 0.423
14 41 6.301 0.785
14 42 17.011 1.66
14 43 44.589 0.392
14 44 89.558 2.655
14 45 1.447 0.354
14 46 26.235 1.94
14 47 78.105 0.903
14 48 63.761 1.127
14 49 30.896 2.819
15 16 9.781 2.406
15 17 82.178 1.019
15 18 62.162 0.494
15 19 91.249 0.673
15 20 20.358 0.375
15 21 14.319 0.528
15 22 75.813 0.331
15 23 70.207 1.12
15 24 87.729 0.97
15 25 35.495 0.052
15 26 39.423 2.457
15 27 66.988 1.707
15 28 60.455 0.182
15 29 93.952 2.066
15 30 3.695 0.8
15 31 60.834 1.269
15 32 62.893 0.697
15 33 49.893 1.288
15 34 76.674 0.909
15 35 9.718 2.149
15 36 51.724 1.805
15 37 37.467 2.027
15 38 33.348 1.358
15 39 46.259 2.551
15 40 81.918 1.787
15 41 71.067 0.116
15 42 40.603 1.768
15 43 50.582 0.307
15 44 92.05 2.715
15 45 39.439 2.306
15 46 3.499 0.103
15 47 37.579 1.172
15 48 37.259 2.911
15 49 28.025 0.953
16 17 35.744 1.643
16 18 86.214 1.433
16 19 27.465 2.101
16 20 83.881 0.867
16 21 50.492 1.285
16 22 78.462 0.295
16 23 24.707 2.433
16 24 67.154 1.615
16 25 2.014 1.908
16 26 15.362 0.307
16 27 40.378 0.208
16 28 71.961 0.393
16 29 94.205 2.99
16 30 45.492 2.225
16 31 72.214 2.357
16 32 0.933 0.193
16 33 21.685 1.772
16 34 56.915 2.535
16 35 32.159 2.85
16 36 61.791 1.794
16 37 53.411 0.72
16 38 92.504 2.344
16 39 42.878 0.656
16 40 41.759 1.219
16 41 36.135 1.991
16 42 52.939 2.86
16 43 97.905 0.248
16 44 64.235 1.04
16 45 74.689 0.939
16 46 49.637 1.605
16 47 65.038 0.669
16 48 81.263 1.388
16 49 44.961 1.97
17 18 28.889 2.149
17 19 67.231 2.581
17 20 82.456 1.138
17 21 36.878 1.307
17 22 24.01 0.146
17 23 88.148 0.746
17 24 82.904 2.794
17 25 61.522 2.036
17 26 27.72 0.831
17 27 64.18 1.182
17 28 13.023 1.317
17 29 36.762 2.737
17 30 92.505 2.685
17 31 34.672 1.305
17 32 60.035 1.232
17 33 90.835 0.09
17 34 2.838 2.194
17 35 87.456 1.903
17 36 42.047 2.909
17 37 40.728 0.027
17 38 60.904 2.942
17 39 56.267 2.749
17 40 13.732 0.994
17 41 86.224 0.022
17 42 43.023 0.984
17 43 76.397 2.766
17 44 94.599 1.719
17 45 43.605 1.773
17 46 5.509 0.782
17 47 18.319 1.34
17 48 60.526 2.881
17 49 3.597 1.468
18 19 4.671 0.207
18 20 12.892 2.055
18 21 98.141 0.771
18 22 58.305 1.179
18 23 22.349 0.956
18 24 73.179 1.029
18 25 74.817 0.4
18 26 36.594 1.333
18 27 24.058 2.025
18 28 85.458 2.585
18 29 73.314 2.652
18 30 0.833 2.131
18 31 53.99 2.084
18 32 26.117 2.569
18 33 37.784 2.506
18 34 25.604 0.588
18 35 29.722 2.305
18 36 1.658 1.803
18 37 39.258 1.719
18 38 30.321 0.404
18 39 52.673 0.272
18 40 14.49 2.781
18 41 17.297 1.643
18 42 63.583 1.64
18 43 58.105 2.81
18 44 10.56 1.368
18 45 48.452 2.66
18 46 68.729 0.439
18 47 71.981 2.587
18 48 20.462 2.797
18 49 40.808 0.464
19 20 37.701 1.133
19 21 48.915 0.633
19 22 28.966 0.64
19 23 54.407 0.829
19 24 92.426 2.057
19 25 46.773 2.205
19 26 89.743 0.123
19 27 74.143 2.538
19 28 48.911 0.192
19 29 45.331 0.599
19 30 32.687 1.677
19 31 84.211 2.497
19 32 22.156 2.14
19 33 70.44 1.712
19 34 2.998 2.347
19 35 58.998 1.681
19 36 11.96 1.085
19 37 12.528 1.306
19 38 12.886 2.567
19 39 48.46 1.506
19 40 47.038 0.444
19 41 33.291 1.048
19 42 62.942 0.57
19 43 44.658 1.685
19 44 8.324 2.08
19 45 17.498 1.51
19 46 87.544 2.178
19 47 38.999 0.343
19 48 47.231 1.735
19 49 59.307 2.803
20 21 7.636 0.17
20 22 76.549 0.39
20 23 42.885 1.884
20 24 85.914 0.651
20 25 55.912 2.045
20 26 82.408 0.727
20 27 63.359 2.213
20 28 86.717 0.347
20 29 70.88 0.654
20 30 12.991 2.148
20 31 3.352 0.502
20 32 36.642 1.345
20 33 3.708 2.389
20 34 40.096 1.136
20 35 7.32 0.073
20 36 51.8 2.174
20 37 39.028 1.483
20 38 36.62 1.858
20 39 97.57 1.812
20 40 7.063 1.496
20 41 13.467 0.323
20 42 44.098 2.732
20 43 46.349 0.038
20 44 11.271 0.76
20 45 51.75 0.129
20 46 78.617 0.557
20 47 17.449 0.394
20 48 22.176 0.906
20 49 47.843 0.01
21 22 32.728 0.133
21 23 55.912 2.803
21 24 20.015 2.913
21 25 80.164 1.923
21 26 74.405 2.565
21 27 97.405 1.657
21 28 77.474 0.385
21 29 59.335 2.877
21 30 38.879 2.498
21 31 42.026 1.889
21 32 1.397 2.438
21 33 32.266 1.15
21 34 53.003 1.591
21 35 89.095 1.117
21 36 33.763 2.656
21 37 59.712 2.413
21 38 50.485 2.39
21 39 33.159 1.849
21 40 64.272 2.285
21 41 70.418 0.763
21 42 54.705 1.606
21 43 82.293 1.741
21 44 81.147 2.265
21 45 13.809 2.133
21 46 80.438 0.577
21 47 98.987 0.197
21 48 7.445 2.516
21 49 35.354 1.49
22 23 91.329 0.688
22 24 26.256 0.262
22 25 68.902 2.65
22 26 39.22 0.839
22 27 21.749 1.769
22 28 21.469 1.21
22 29 67.493 0.561
22 30 58.694 2.202
22 31 30.607 0.793
22 32 38.529 1.069
22 33 32.386 1.512
22 34 41.634 0.997
22 35 40.309 0.324
22 36 77.85 2.608
22 37 80.543 1.043
22 38 46.979 2.843
22 39 25.522 2.325
22 40 96.364 1.448
22 41 83.768 2.896
22 42 61.081 2.404
22 43 41.604 0.923
22 44 40.383 2.88
22 45 59.624 0.662
22 46 15.528 2.839
22 47 76.432 1.43
22 48 77.057 2.928
22 49 16.128 0.285
23 24 62.927 0.596
23 25 11.686 2.192
23 26 14.33 2.277
23 27 54.334 1.077
23 28 26.154 2.373
23 29 25.026 2.454
23 30 63.871 2.517
23 31 6.258 2.532
23 32 85.956 0.565
23 33 94.8 2.682
23 34 88.901 2.816
23 35 85.999 1.907
23 36 23.46 2.376
23 37 94.812 2.298
23 38 89.496 2.849
23 39 94.736 2.501
23 40 32.719 1.901
23 41 41.678 2.864
23 42 1.996 1.769
23 43 70.101 2.107
23 44 6.623 2.018
23 45 16.683 2.14
23 46 33.134 2.492
23 47 64.292 0.905
23 48 87.852 2.276
23 49 63.982 2.49
24 25 16.753 1.723
24 26 77.622 2.628
24 27 17.768 0.445
24 28 15.699 2.119
24 29 81.079 2.741
24 30 95.289 1.517
24 31 94.515 1.483
24 32 62.324 2.337
24 33 89.833 0.365
24 34 64.786 1.658
24 35 69.731 2.258
24 36 57.064 0.886
24 37 89.53 2.42
24 38 91.048 0.643
24 39 29.49 0.021
24 40 12.261 1.926
24 41 42.599 1.999
24 42 62.979 0.748
24 43 52.659 2.542
24 44 91.158 2.784
24 45 77.431 2.101
24 46 17.265 1.031
24 47 69.363 2.102
24 48 35.305 0.543
24 49 69.754 1.0
25 26 92.698 1.731
25 27 47.85 2.6
25 28 90.665 0.44
25 29 63.383 1.945
25 30 1.258 0.488
25 31 19.462 1.16
25 32 68.402 0.231
25 33 58.872 0.04
25 34 58.369 0.232
25 35 73.613 0.855
25 36 26.593 0.364
25 37 7.988 2.527
25 38 78.113 0.646
25 39 41.843 1.67
25 40 26.642 1.475
25 41 41.566 2.354
25 42 90.748 0.551
25 43 55.196 1.671
25 44 85.236 1.374
25 45 74.132 2.134
25 46 48.922 1.023
25 47 75.042 2.38
25 48 10.408 0.802
25 49 64.576 1.799
26 27 46.006 0.055
26 28 7.557 1.112
26 29 47.599 1.246
26 30 41.67 1.096
26 31 49.181 0.302
26 32 6.802 1.658
26 33 44.016 0.827
26 34 56.076 1.549
26 35 33.744 1.068
26 36 81.858 1.939
26 37 69.058 1.411
26 38 54.383 1.992
26 39 74.378 1.284
26 40 67.364 0.119
26 41 49.517 2.107
26 42 3.617 2.584
26 43 3.793 1.167
26 44 8.951 2.646
26 45 42.762 1.969
26 46 62.24 0.77
26 47 50.566 2.781
26 48 2.155 0.922
26 49 86.541 1.765
27 28 47.37 0.213
27 29 51.611 1.122
27 30 12.669 2.498
27 31 91.569 0.803
27 32 35.063 0.618
27 33 92.819 2.212
27 34 5.633 0.385
27 35 85.918 2.329
27 36 32.993 2.632
27 37 75.297 2.988
27 38 85.716 1.26
27 39 59.706 0.702
27 40 55.375 0.442
27 41 35.467 0.899
27 42 58.675 1.181
27 43 52.415 0.089
27 44 62.304 2.276
27 45 93.116 1.076
27 46 33.112 1.593
27 47 41.06 1.242
27 48 22.784 2.426
27 49 36.852 1.164
28 29 34.22 1.262
28 30 42.338 0.027
28 31 5.296 0.35
28 32 4.287 0.195
28 33 35.008 2.238
28 34 43.739 2.448
28 35 49.288 0.07
28 36 11.05 0.261
28 37 52.993 0.507
28 38 36.468 2.265
28 39 25.765 1.479
28 40 17.544 1.149
28 41 52.375 2.318
28 42 99.79 0.796
28 43 81.378 0.042
28 44 67.064 1.58
28 45 5.841 1.8
28 46 61.787 0.039
28 47 68.664 1.784
28 48 21.476 1.245
28 49 72.918 0.019
29 30 20.897 1.549
29 31 30.858 2.364
29 32 51.595 0.285
29 33 93.646 2.228
29 34 87.363 1.091
29 35 80.484 1.398
29 36 45.604 1.971
29 37 7.398 0.841
29 38 28.555 0.0
29 39 18.253 0.174
29 40 32.145 2.861
29 41 76.976 2.985
29 42 59.853 1.373
29 43 85.894 2.978
29 44 28.131 2.438
29 45 58.148 0.403
29 46 79.321 1.848
29 47 53.42 2.504
29 48 62.454 0.31
29 49 20.221 0.453
30 31 65.693 1.976
30 32 1.308 1.647
30 33 30.478 2.422
30 34 79.499 2.154
30 35 48.821 1.341
30 36 88.774 1.086
30 37 35.322 0.766
30 38 81.607 1.81
30 39 31.537 0.994
30 40 36.843 1.383
30 41 96.747 0.684
30 42 70.822 0.19
30 43 55.065 2.959
30 44 42.719 2.426
30 45 30.148 0.371
30 46 22.677 2.973
30 47 69.836 0.089
30 48 98.658 2.046
30 49 27.135 1.525
31 32 90.606 1.233
31 33 96.652 2.43
31 34 67.249 1.386
31 35 8.319 0.505
31 36 52.117 1.229
31 37 7.298 1.289
31 38 3.426 0.902
31 39 97.596 1.619
31 40 40.597 2.959
31 41 34.101 0.706
31 42 44.418 1.617
31 43 65.655 1.859
31 44 8.261 2.927
31 45 75.215 1.819
31 46 27.38 0.506
31 47 52.426 2.564
31 48 32.218 0.374
31 49 26.776 2.995
32 33 45.256 0.627
32 34 70.548 0.533
32 35 81.998 2.739
32 36 14.338 0.423
32 37 80.952 2.021
32 38 88.388 0.995
32 39 36.32 0.002
32 40 89.177 2.512
32 41 38.644 1.504
32 42 99.812 1.423
32 43 23.19 1.053
32 44 72.905 0.58
32 45 95.834 2.413
32 46 40.059 2.776
32 47 91.844 0.905
32 48 23.982 2.403
32 49 72.825 2.502
33 34 58.577 1.17
33 35 57.727 0.018
33 36 32.611 0.576
33 37 39.322 2.83
33 38 69.401 2.493
33 39 73.017 2.645
33 40 71.523 0.056
33 41 93.371 0.461
33 42 87.529 2.132
33 43 57.742 0.783
33 44 65.618 1.28
33 45 82.002 0.207
33 46 68.605 1.704
33 47 11.879 2.688
33 48 40.328 2.581
33 49 16.844 1.125
34 35 94.95 2.252
34 36 18.194 0.107
34 37 9.247 0.532
34 38 17.439 0.64
34 39 9.22 2.085
34 40 69.047 0.766
34 41 60.902 1.87
34 42 16.288 0.63
34 43 88.084 1.417
34 44 84.759 1.397
34 45 28.926 0.713
34 46 56.377 2.442
34 47 15.582 2.222
34 48 63.2 0.043
34 49 95.67 2.753
35 36 68.04 0.502
35 37 73.817 2.048
35 38 98.42 1.134
35 39 34.381 2.005
35 40 1.607 1.277
35 41 35.562 2.534
35 42 90.525 2.184
35 43 73.964 1.005
35 44 98.988 1.767
35 45 28.02 0.776
35 46 23.356 0.147
35 47 88.669 0.912
35 48 90.474 0.248
35 49 38.19 2.877
36 37 83.901 1.525
36 38 57.584 1.004
36 39 84.79 1.926
36 40 44.853 2.35
36 41 59.375 0.352
36 42 10.836 2.956
36 43 95.605 2.26
36 44 41.227 0.105
36 45 34.329 1.328
36 46 66.161 1.781
36 47 15.817 2.1
36 48 53.433 2.776
36 49 45.913 2.493
37 38 60.085 2.264
37 39 97.291 0.562
37 40 8.696 1.335
37 41 88.087 0.655
37 42 27.327 2.334
37 43 1.687 0.419
37 44 46.304 2.702
37 45 37.495 1.969
37 46 1.0 2.807
37 47 97.428 1.936
37 48 10.091 1.189
37 49 40.379 1.199
38 39 18.548 1.484
38 40 11.234 2.623
38 41 49.476 0.077
38 42 77.447 0.288
38 43 60.058 2.347
38 44 23.269 1.704
38 45 74.401 0.51
38 46 23.492 1.143
38 47 55.546 0.193
38 48 41.497 0.775
38 49 12.377 2.636
39 40 72.289 1.482
39 41 98.978 2.343
39 42 52.208 1.854
39 43 54.006 0.007
39 44 67.471 1.114
39 45 48.507 1.977
39 46 89.787 1.97
39 47 54.066 2.743
39 48 65.645 0.912
39 49 88.269 2.723
40 41 44.352 2.16
40 42 14.711 0.94
40 43 72.157 0.669
40 44 25.063 0.424
40 45 80.681 2.462
40 46 61.909 1.346
40 47 27.783 0.128
40 48 92.69 2.953
40 49 3.99 1.187
41 42 77.54 1.327
41 43 79.782 1.134
41 44 10.924 0.884
41 45 78.463 2.673
41 46 76.799 0.792
41 47 88.474 2.276
41 48 24.419 0.405
41 49 5.736 0.449
42 43 82.397 2.562
42 44 95.882 1.129
42 45 56.489 2.931
42 46 31.006 1.662
42 47 94.685 2.143
42 48 31.382 0.289
42 49 64.197 2.041
43 44 49.177 1.451
43 45 12.529 2.468
43 46 55.115 0.144
43 47 38.381 1.767
43 48 6.643 1.259
43 49 88.22 2.746
44 45 23.519 0.752
44 46 87.578 0.023
44 47 12.659 2.958
44 48 29.157 0.685
44 49 50.766 1.701
45 46 0.615 2.621
45 47 85.382 1.779
45 48 71.429 0.924
45 49 70.044 1.69
46 47 90.832 2.885
46 48 24.109 0.512
46 49 19.663 0.826
47 48 46.026 2.115
47 49 85.894 2.754
48 49 90.504 0.923