50
88.609
0 1 0.32 0.431
0 2 0.235 0.242
0 3 0.28 0.238
0 4 0.2 0.34
0 5 4.506 0.301
0 6 0.222 0.239
0 7 0.291 0.502
0 8 0.545 0.291
0 9 0.372 0.312
0 10 4.591 0.24
0 11 0.25 0.231
0 12 0.597 0.203
0 13 0.316 0.242
0 14 0.541 0.493
0 15 0.239 0.248
0 16 0.354 0.208
0 17 3.516 0.405
0 18 0.577 0.384
0 19 0.383 0.218
0 20 3.573 0.306
0 21 0.041 0.204
0 22 0.109 0.244
0 23 0.02 0.546
0 24 0.108 0.336
0 25 0.275 0.244
0 26 4.88 0.329
0 27 0.547 0.219
0 28 0.235 0.408
0 29 0.552 0.222
0 30 0.066 0.227
0 31 4.631 0.011
0 32 0.464 0.216
0 33 0.569 0.436
0 34 0.286 0.215
0 35 0.294 0.232
0 36 0.013 0.224
0 37 0.536 0.476
0 38 0.543 0.243
0 39 0.031 0.234
0 40 0.308 0.233
0 41 0.578 0.264
0 42 4.017 0.344
0 43 0.132 0.366
0 44 0.371 0.201
0 45 0.313 0.21
0 46 0.092 0.22
0 47 0.313 0.216
0 48 0.594 0.212
0 49 0.021 0.249
1 2 0.418 0.287
1 3 0.204 0.239
1 4 3.718 0.546
1 5 0.532 0.478
1 6 0.341 0.204
1 7 0.527 0.238
1 8 4.822 0.658
1 9 4.668 0.069
1 10 0.28 0.445
1 11 0.468 0.216
1 12 0.395 0.236
1 13 0.176 0.213
1 14 0.24 0.204
1 15 0.259 0.52
1 16 0.032 0.239
1 17 0.576 0.471
1 18 0.402 0.233
1 19 0.135 0.246
1 20 0.242 0.263
1 21 0.031 0.397
1 22 0.426 0.241
1 23 4.873 0.13
1 24 3.582 0.147
1 25 0.108 0.5
1 26 0.265 0.498
1 27 0.109 0.276
1 28 0.459 0.222
1 29 0.521 0.515
1 30 0.301 0.219
1 31 0.359 0.371
1 32 0.378 0.248
1 33 0.272 0.248
1 34 0.37 0.226
1 35 0.281 0.241
1 36 0.362 0.204
1 37 4.385 0.678
1 38 0.378 0.249
1 39 0.239 0.24
1 40 0.218 0.233
1 41 0.262 0.223
1 42 0.368 0.443
1 43 0.23 0.217
1 44 0.126 0.23
1 45 0.191 0.226
1 46 4.19 0.056
1 47 0.055 0.264
1 48 0.145 0.203
1 49 0.504 0.544
2 3 0.046 0.407
2 4 0.53 0.588
2 5 0.525 0.233
2 6 0.272 0.272
2 7 0.567 0.227
2 8 0.225 0.296
2 9 0.39 0.529
2 10 0.512 0.207
2 11 0.501 0.449
2 12 0.177 0.377
2 13 0.386 0.218
2 14 0.015 0.245
2 15 4.403 0.006
2 16 4.968 0.45
2 17 0.07 0.228
2 18 0.271 0.201
2 19 0.309 0.421
2 20 0.248 0.224
2 21 3.957 0.452
2 22 0.376 0.237
2 23 0.246 0.326
2 24 0.576 0.429
2 25 4.822 0.036
2 26 0.151 0.231
2 27 3.952 0.134
2 28 0.262 0.229
2 29 4.83 0.146
2 30 0.176 0.237
2 31 0.175 0.229
2 32 0.146 0.203
2 33 0.397 0.214
2 34 0.585 0.232
2 35 0.432 0.215
2 36 0.019 0.252
2 37 0.557 0.563
2 38 0.309 0.24
2 39 0.041 0.257
2 40 0.352 0.483
2 41 0.339 0.213
2 42 0.405 0.227
2 43 0.485 0.213
2 44 0.565 0.341
2 45 0.238 0.545
2 46 0.244 0.545
2 47 3.757 0.046
2 48 0.581 0.238
2 49 3.77 0.589
3 4 0.047 0.232
3 5 0.042 0.203
3 6 0.068 0.225
3 7 0.586 0.204
3 8 0.512 0.245
3 9 0.441 0.235
3 10 0.083 0.237
3 11 3.507 0.712
3 12 3.905 0.596
3 13 0.096 0.225
3 14 0.321 0.234
3 15 0.133 0.483
3 16 0.441 0.228
3 17 0.079 0.233
3 18 0.457 0.215
3 19 0.304 0.23
3 20 0.338 0.205
3 21 0.31 0.281
3 22 4.819 0.678
3 23 0.428 0.212
3 24 0.176 0.233
3 25 0.286 0.319
3 26 0.347 0.209
3 27 0.505 0.212
3 28 0.378 0.232
3 29 0.207 0.427
3 30 0.513 0.207
3 31 0.537 0.243
3 32 0.554 0.222
3 33 0.175 0.212
3 34 0.217 0.212
3 35 0.319 0.225
3 36 3.83 0.504
3 37 0.087 0.24
3 38 3.871 0.137
3 39 4.802 0.274
3 40 0.524 0.216
3 41 0.004 0.211
3 42 0.29 0.248
3 43 0.573 0.209
3 44 3.969 0.062
3 45 0.387 0.243
3 46 0.489 0.219
3 47 0.503 0.42
3 48 4.518 0.488
3 49 0.0 0.56
4 5 0.408 0.526
4 6 0.446 0.244
4 7 0.348 0.236
4 8 4.585 0.227
4 9 4.523 0.001
4 10 0.069 0.314
4 11 0.412 0.24
4 12 0.274 0.221
4 13 0.526 0.211
4 14 0.185 0.202
4 15 0.075 0.529
4 16 0.36 0.244
4 17 0.388 0.465
4 18 0.357 0.237
4 19 0.434 0.206
4 20 0.08 0.486
4 21 0.167 0.492
4 22 0.511 0.236
4 23 4.36 0.403
4 24 4.459 0.738
4 25 0.112 0.59
4 26 0.465 0.528
4 27 0.539 0.386
4 28 0.388 0.218
4 29 0.259 0.464
4 30 0.057 0.236
4 31 0.072 0.481
4 32 0.364 0.226
4 33 0.343 0.233
4 34 0.027 0.225
4 35 0.357 0.202
4 36 0.212 0.241
4 37 3.802 0.251
4 38 0.07 0.24
4 39 0.36 0.215
4 40 0.127 0.226
4 41 0.296 0.24
4 42 0.012 0.221
4 43 0.204 0.208
4 44 0.473 0.231
4 45 0.532 0.214
4 46 3.716 0.351
4 47 0.399 0.552
4 48 0.063 0.24
4 49 0.552 0.44
5 6 0.327 0.202
5 7 0.426 0.371
5 8 0.34 0.451
5 9 0.334 0.328
5 10 3.981 0.335
5 11 0.386 0.206
5 12 0.374 0.244
5 13 0.043 0.327
5 14 0.254 0.348
5 15 0.596 0.24
5 16 0.378 0.248
5 17 4.286 0.09
5 18 0.292 0.354
5 19 0.512 0.244
5 20 3.887 0.447
5 21 0.589 0.239
5 22 0.293 0.211
5 23 0.212 0.514
5 24 0.246 0.232
5 25 0.561 0.236
5 26 3.563 0.234
5 27 0.551 0.214
5 28 0.124 0.309
5 29 0.288 0.208
5 30 0.085 0.245
5 31 4.759 0.679
5 32 0.469 0.51
5 33 0.027 0.466
5 34 0.598 0.225
5 35 0.118 0.243
5 36 0.5 0.217
5 37 0.352 0.491
5 38 0.082 0.236
5 39 0.374 0.202
5 40 0.102 0.22
5 41 0.052 0.354
5 42 3.553 0.291
5 43 0.409 0.486
5 44 0.084 0.216
5 45 0.242 0.214
5 46 0.313 0.503
5 47 0.082 0.224
5 48 0.022 0.219
5 49 0.441 0.217
6 7 0.531 0.505
6 8 0.508 0.219
6 9 0.001 0.244
6 10 0.015 0.228
6 11 0.541 0.232
6 12 0.564 0.207
6 13 0.301 0.391
6 14 0.551 0.446
6 15 0.523 0.321
6 16 4.472 0.201
6 17 0.174 0.201
6 18 0.437 0.382
6 19 3.746 0.386
6 20 0.419 0.203
6 21 0.376 0.539
6 22 0.342 0.203
6 23 0.082 0.206
6 24 0.068 0.204
6 25 0.545 0.404
6 26 0.24 0.239
6 27 0.537 0.239
6 28 0.044 0.264
6 29 0.424 0.543
6 30 4.606 0.123
6 31 0.378 0.223
6 32 0.041 0.512
6 33 0.006 0.349
6 34 3.668 0.278
6 35 4.037 0.389
6 36 0.213 0.206
6 37 0.364 0.23
6 38 0.217 0.247
6 39 0.331 0.241
6 40 3.86 0.377
6 41 0.299 0.44
6 42 0.076 0.212
6 43 0.295 0.34
6 44 0.372 0.227
6 45 3.56 0.524
6 46 0.142 0.238
6 47 0.088 0.307
6 48 0.09 0.246
6 49 0.485 0.481
7 8 0.444 0.201
7 9 0.448 0.201
7 10 0.284 0.414
7 11 0.456 0.224
7 12 0.1 0.249
7 13 4.598 0.205
7 14 3.854 0.066
7 15 0.026 0.232
7 16 0.144 0.411
7 17 0.493 0.389
7 18 4.29 0.057
7 19 0.296 0.409
7 20 0.57 0.439
7 21 0.334 0.248
7 22 0.127 0.205
7 23 0.129 0.249
7 24 0.405 0.204
7 25 0.429 0.225
7 26 0.546 0.407
7 27 0.059 0.211
7 28 4.591 0.637
7 29 0.561 0.247
7 30 0.275 0.51
7 31 0.12 0.276
7 32 3.663 0.452
7 33 3.599 0.675
7 34 0.465 0.288
7 35 0.213 0.466
7 36 0.562 0.244
7 37 0.433 0.235
7 38 0.446 0.228
7 39 0.039 0.231
7 40 0.107 0.36
7 41 4.023 0.425
7 42 0.25 0.412
7 43 4.783 0.042
7 44 0.028 0.203
7 45 0.452 0.462
7 46 0.323 0.246
7 47 0.28 0.202
7 48 0.022 0.233
7 49 0.282 0.201
8 9 4.863 0.193
8 10 0.566 0.338
8 11 0.557 0.235
8 12 0.132 0.205
8 13 0.319 0.247
8 14 0.064 0.219
8 15 0.2 0.452
8 16 0.162 0.24
8 17 0.431 0.317
8 18 0.267 0.209
8 19 0.375 0.215
8 20 0.208 0.542
8 21 0.246 0.422
8 22 0.54 0.234
8 23 4.531 0.322
8 24 4.006 0.587
8 25 0.483 0.339
8 26 0.556 0.309
8 27 0.232 0.479
8 28 0.584 0.245
8 29 0.336 0.274
8 30 0.281 0.225
8 31 0.493 0.399
8 32 0.026 0.244
8 33 0.589 0.224
8 34 0.556 0.224
8 35 0.288 0.237
8 36 0.146 0.232
8 37 3.601 0.0
8 38 0.114 0.246
8 39 0.1 0.2
8 40 0.585 0.22
8 41 0.17 0.225
8 42 0.464 0.545
8 43 0.589 0.203
8 44 0.56 0.246
8 45 0.003 0.24
8 46 3.926 0.577
8 47 0.129 0.422
8 48 0.537 0.209
8 49 0.075 0.495
9 10 0.466 0.405
9 11 0.572 0.224
9 12 0.447 0.213
9 13 0.346 0.226
9 14 0.531 0.211
9 15 0.516 0.295
9 16 0.473 0.222
9 17 0.587 0.326
9 18 0.404 0.234
9 19 0.01 0.242
9 20 0.07 0.394
9 21 0.493 0.503
9 22 0.341 0.237
9 23 4.629 0.591
9 24 3.633 0.421
9 25 0.432 0.237
9 26 0.42 0.572
9 27 3.83 0.353
9 28 0.073 0.203
9 29 0.554 0.573
9 30 0.532 0.232
9 31 0.372 0.323
9 32 0.38 0.214
9 33 0.352 0.242
9 34 0.253 0.203
9 35 0.156 0.216
9 36 0.58 0.233
9 37 3.866 0.423
9 38 0.521 0.218
9 39 0.095 0.232
9 40 0.039 0.241
9 41 0.388 0.213
9 42 0.485 0.295
9 43 0.031 0.247
9 44 0.007 0.204
9 45 0.456 0.239
9 46 3.791 0.083
9 47 0.244 0.502
9 48 0.064 0.201
9 49 0.281 0.247
10 11 0.212 0.216
10 12 0.212 0.239
10 13 0.454 0.357
10 14 0.108 0.481
10 15 0.4 0.215
10 16 0.271 0.243
10 17 4.221 0.606
10 18 0.142 0.439
10 19 0.448 0.212
10 20 4.83 0.569
10 21 0.246 0.236
10 22 0.026 0.239
10 23 0.226 0.515
10 24 0.0 0.302
10 25 0.517 0.201
10 26 4.121 0.412
10 27 0.514 0.235
10 28 0.225 0.245
10 29 0.273 0.244
10 30 0.404 0.232
10 31 4.689 0.483
10 32 0.183 0.317
10 33 0.27 0.378
10 34 0.409 0.237
10 35 0.16 0.206
10 36 0.346 0.214
10 37 0.554 0.435
10 38 0.276 0.249
10 39 0.386 0.236
10 40 0.181 0.231
10 41 0.518 0.259
10 42 4.049 0.139
10 43 0.193 0.29
10 44 0.192 0.205
10 45 0.424 0.206
10 46 0.023 0.373
10 47 0.589 0.236
10 48 0.046 0.24
10 49 0.178 0.21
11 12 3.822 0.615
11 13 0.31 0.227
11 14 0.362 0.249
11 15 0.546 0.51
11 16 0.247 0.214
11 17 0.336 0.216
11 18 0.07 0.244
11 19 0.004 0.212
11 20 0.47 0.229
11 21 0.205 0.371
11 22 3.95 0.406
11 23 0.082 0.229
11 24 0.011 0.236
11 25 0.259 0.395
11 26 0.519 0.212
11 27 0.476 0.336
11 28 0.558 0.224
11 29 0.204 0.355
11 30 0.105 0.218
11 31 0.597 0.248
11 32 0.369 0.213
11 33 0.218 0.204
11 34 0.239 0.216
11 35 0.347 0.248
11 36 4.261 0.534
11 37 0.15 0.21
11 38 4.838 0.341
11 39 4.376 0.495
11 40 0.282 0.21
11 41 0.085 0.234
11 42 0.023 0.211
11 43 0.021 0.209
11 44 4.24 0.172
11 45 0.27 0.208
11 46 0.369 0.247
11 47 0.1 0.3
11 48 4.162 0.608
11 49 0.043 0.312
12 13 0.285 0.228
12 14 0.399 0.237
12 15 0.112 0.334
12 16 0.011 0.226
12 17 0.025 0.203
12 18 0.536 0.239
12 19 0.206 0.215
12 20 0.088 0.23
12 21 0.407 0.22
12 22 4.182 0.714
12 23 0.199 0.209
12 24 0.087 0.211
12 25 0.2 0.561
12 26 0.308 0.249
12 27 0.044 0.518
12 28 0.262 0.222
12 29 0.336 0.437
12 30 0.254 0.217
12 31 0.557 0.245
12 32 0.008 0.229
12 33 0.247 0.246
12 34 0.162 0.206
12 35 0.419 0.246
12 36 4.605 0.213
12 37 0.036 0.241
12 38 4.45 0.271
12 39 3.938 0.619
12 40 0.042 0.241
12 41 0.074 0.234
12 42 0.569 0.214
12 43 0.065 0.228
12 44 3.828 0.321
12 45 0.386 0.236
12 46 0.536 0.218
12 47 0.174 0.233
12 48 3.84 0.69
12 49 0.006 0.301
13 14 4.845 0.508
13 15 0.437 0.21
13 16 0.108 0.426
13 17 0.229 0.478
13 18 4.001 0.222
13 19 0.066 0.418
13 20 0.026 0.581
13 21 0.048 0.202
13 22 0.006 0.238
13 23 0.335 0.234
13 24 0.023 0.225
13 25 0.047 0.235
13 26 0.492 0.494
13 27 0.049 0.235
13 28 3.623 0.493
13 29 0.425 0.232
13 30 0.296 0.385
13 31 0.428 0.416
13 32 3.746 0.121
13 33 4.704 0.268
13 34 0.44 0.262
13 35 0.02 0.552
13 36 0.265 0.241
13 37 0.336 0.203
13 38 0.583 0.216
13 39 0.463 0.219
13 40 0.169 0.49
13 41 4.3 0.177
13 42 0.079 0.337
13 43 4.544 0.566
13 44 0.464 0.2
13 45 0.106 0.503
13 46 0.171 0.215
13 47 0.287 0.227
13 48 0.3 0.247
13 49 0.291 0.238
14 15 0.238 0.2
14 16 0.571 0.308
14 17 0.286 0.381
14 18 4.157 0.454
14 19 0.329 0.574
14 20 0.382 0.466
14 21 0.581 0.21
14 22 0.057 0.248
14 23 0.415 0.237
14 24 0.119 0.221
14 25 0.221 0.224
14 26 0.231 0.486
14 27 0.519 0.247
14 28 4.118 0.696
14 29 0.304 0.24
14 30 0.556 0.219
14 31 0.435 0.393
14 32 4.708 0.378
14 33 4.102 0.434
14 34 0.181 0.499
14 35 0.546 0.479
14 36 0.235 0.248
14 37 0.321 0.243
14 38 0.142 0.242
14 39 0.073 0.238
14 40 0.166 0.473
14 41 3.544 0.457
14 42 0.195 0.285
14 43 4.123 0.668
14 44 0.185 0.239
14 45 0.05 0.506
14 46 0.015 0.239
14 47 0.469 0.206
14 48 0.583 0.232
14 49 0.495 0.238
15 16 0.57 0.325
15 17 0.473 0.228
15 18 0.569 0.237
15 19 0.531 0.482
15 20 0.272 0.223
15 21 4.417 0.164
15 22 0.258 0.276
15 23 0.299 0.244
15 24 0.047 0.51
15 25 4.027 0.231
15 26 0.446 0.205
15 27 4.34 0.29
15 28 0.444 0.226
15 29 4.001 0.133
15 30 0.036 0.279
15 31 0.348 0.232
15 32 0.472 0.219
15 33 0.221 0.205
15 34 0.578 0.378
15 35 0.468 0.359
15 36 0.265 0.538
15 37 0.167 0.372
15 38 0.325 0.32
15 39 0.283 0.242
15 40 0.341 0.519
15 41 0.05 0.208
15 42 0.052 0.203
15 43 0.477 0.235
15 44 0.359 0.233
15 45 0.283 0.396
15 46 0.033 0.356
15 47 3.849 0.052
15 48 0.254 0.342
15 49 4.537 0.045
16 17 0.243 0.216
16 18 0.064 0.37
16 19 3.857 0.734
16 20 0.346 0.245
16 21 0.365 0.451
16 22 0.419 0.205
16 23 0.082 0.203
16 24 0.26 0.228
16 25 0.334 0.449
16 26 0.076 0.232
16 27 0.016 0.367
16 28 0.567 0.389
16 29 0.594 0.438
16 30 3.731 0.111
16 31 0.32 0.247
16 32 0.028 0.524
16 33 0.142 0.488
16 34 3.913 0.531
16 35 4.183 0.398
16 36 0.26 0.214
16 37 0.023 0.237
16 38 0.521 0.233
16 39 0.246 0.216
16 40 4.157 0.343
16 41 4.108 0.366
16 42 0.483 0.24
16 43 0.402 0.43
16 44 0.136 0.215
16 45 4.519 0.132
16 46 0.454 0.244
16 47 0.266 0.436
16 48 0.376 0.21
16 49 0.147 0.493
17 18 0.351 0.436
17 19 0.387 0.24
17 20 3.649 0.324
17 21 0.489 0.221
17 22 0.353 0.243
17 23 0.08 0.343
17 24 0.441 0.402
17 25 0.566 0.242
17 26 4.687 0.331
17 27 0.421 0.213
17 28 0.416 0.292
17 29 0.087 0.236
17 30 0.466 0.218
17 31 4.184 0.079
17 32 0.577 0.364
17 33 0.044 0.523
17 34 0.535 0.249
17 35 0.0 0.236
17 36 0.059 0.221
17 37 0.265 0.351
17 38 0.087 0.244
17 39 0.57 0.217
17 40 0.046 0.233
17 41 0.511 0.551
17 42 4.302 0.653
17 43 0.049 0.538
17 44 0.599 0.247
17 45 0.418 0.231
17 46 0.434 0.559
17 47 0.416 0.23
17 48 0.091 0.203
17 49 0.205 0.208
18 19 0.589 0.255
18 20 0.149 0.423
18 21 0.147 0.204
18 22 0.567 0.249
18 23 0.178 0.202
18 24 0.373 0.225
18 25 0.476 0.248
18 26 0.194 0.583
18 27 0.58 0.213
18 28 4.041 0.564
18 29 0.531 0.215
18 30 0.5 0.409
18 31 0.478 0.311
18 32 4.146 0.339
18 33 4.753 0.184
18 34 0.282 0.433
18 35 0.291 0.302
18 36 0.267 0.215
18 37 0.348 0.231
18 38 0.103 0.222
18 39 0.201 0.242
18 40 0.52 0.353
18 41 3.797 0.411
18 42 0.091 0.509
18 43 4.343 0.182
18 44 0.025 0.228
18 45 0.265 0.334
18 46 0.111 0.231
18 47 0.171 0.223
18 48 0.004 0.208
18 49 0.178 0.221
19 20 0.201 0.202
19 21 0.533 0.371
19 22 0.598 0.242
19 23 0.139 0.232
19 24 0.228 0.2
19 25 0.151 0.259
19 26 0.524 0.226
19 27 0.088 0.236
19 28 0.054 0.311
19 29 0.57 0.332
19 30 4.377 0.546
19 31 0.417 0.235
19 32 0.591 0.329
19 33 0.189 0.557
19 34 4.194 0.537
19 35 3.877 0.19
19 36 0.411 0.207
19 37 0.067 0.249
19 38 0.341 0.244
19 39 0.079 0.22
19 40 4.772 0.291
19 41 0.302 0.435
19 42 0.011 0.222
19 43 0.385 0.277
19 44 0.45 0.209
19 45 4.048 0.503
19 46 0.312 0.234
19 47 0.205 0.374
19 48 0.198 0.201
19 49 0.026 0.517
20 21 0.242 0.223
20 22 0.358 0.248
20 23 0.035 0.247
20 24 0.401 0.348
20 25 0.38 0.209
20 26 4.014 0.355
20 27 0.509 0.242
20 28 0.266 0.299
20 29 0.077 0.235
20 30 0.48 0.243
20 31 4.436 0.723
20 32 0.143 0.566
20 33 0.469 0.393
20 34 0.581 0.209
20 35 0.472 0.202
20 36 0.35 0.238
20 37 0.297 0.362
20 38 0.099 0.226
20 39 0.484 0.201
20 40 0.024 0.242
20 41 0.572 0.495
20 42 4.131 0.587
20 43 0.111 0.435
20 44 0.367 0.236
20 45 0.12 0.213
20 46 0.523 0.426
20 47 0.093 0.218
20 48 0.132 0.222
20 49 0.155 0.228
21 22 0.183 0.241
21 23 0.47 0.256
21 24 0.205 0.495
21 25 4.252 0.038
21 26 0.153 0.229
21 27 3.56 0.347
21 28 0.109 0.204
21 29 3.784 0.127
21 30 0.598 0.487
21 31 0.165 0.246
21 32 0.154 0.202
21 33 0.024 0.218
21 34 0.098 0.543
21 35 0.524 0.401
21 36 0.005 0.241
21 37 0.02 0.388
21 38 4.695 0.238
21 39 0.19 0.386
21 40 0.077 0.204
21 41 0.078 0.243
21 42 0.077 0.205
21 43 0.264 0.213
21 44 0.05 0.292
21 45 0.478 0.498
21 46 0.407 0.582
21 47 4.511 0.429
21 48 0.108 0.508
21 49 4.343 0.625
22 23 0.551 0.237
22 24 0.366 0.221
22 25 0.403 0.387
22 26 0.346 0.237
22 27 0.137 0.431
22 28 0.514 0.209
22 29 0.415 0.418
22 30 0.05 0.232
22 31 0.524 0.243
22 32 0.048 0.2
22 33 0.027 0.224
22 34 0.243 0.238
22 35 0.268 0.231
22 36 4.688 0.274
22 37 0.065 0.23
22 38 4.537 0.379
22 39 3.608 0.557
22 40 0.124 0.226
22 41 0.278 0.246
22 42 0.561 0.244
22 43 0.118 0.246
22 44 4.58 0.541
22 45 0.216 0.225
22 46 0.578 0.242
22 47 0.329 0.52
22 48 4.293 0.499
22 49 0.336 0.345
23 24 3.859 0.225
23 25 0.592 0.5
23 26 0.096 0.491
23 27 0.142 0.287
23 28 0.501 0.21
23 29 0.06 0.494
23 30 0.055 0.215
23 31 0.527 0.519
23 32 0.055 0.232
23 33 0.047 0.234
23 34 0.208 0.238
23 35 0.424 0.235
23 36 0.196 0.231
23 37 4.178 0.252
23 38 0.225 0.239
23 39 0.482 0.223
23 40 0.43 0.229
23 41 0.148 0.213
23 42 0.372 0.297
23 43 0.559 0.217
23 44 0.275 0.208
23 45 0.303 0.22
23 46 3.594 0.064
23 47 0.409 0.392
23 48 0.176 0.22
23 49 0.184 0.431
24 25 0.08 0.389
24 26 0.066 0.485
24 27 0.21 0.252
24 28 0.299 0.212
24 29 0.469 0.461
24 30 0.424 0.201
24 31 0.023 0.507
24 32 0.399 0.219
24 33 0.142 0.223
24 34 0.104 0.209
24 35 0.379 0.205
24 36 0.237 0.239
24 37 4.447 0.223
24 38 0.095 0.21
24 39 0.058 0.209
24 40 0.017 0.235
24 41 0.163 0.232
24 42 0.175 0.255
24 43 0.559 0.236
24 44 0.293 0.207
24 45 0.257 0.217
24 46 4.295 0.641
24 47 0.597 0.283
24 48 0.297 0.227
24 49 0.065 0.263
25 26 0.566 0.224
25 27 4.396 0.592
25 28 0.453 0.248
25 29 3.51 0.098
25 30 0.371 0.336
25 31 0.198 0.235
25 32 0.575 0.216
25 33 0.008 0.222
25 34 0.329 0.304
25 35 0.031 0.307
25 36 0.245 0.525
25 37 0.573 0.384
25 38 4.875 0.313
25 39 0.013 0.313
25 40 0.396 0.519
25 41 0.241 0.238
25 42 0.35 0.219
25 43 0.552 0.214
25 44 0.52 0.259
25 45 0.139 0.274
25 46 0.228 0.337
25 47 4.678 0.748
25 48 0.097 0.551
25 49 3.728 0.381
26 27 0.477 0.238
26 28 0.103 0.282
26 29 0.157 0.22
26 30 0.359 0.249
26 31 4.154 0.686
26 32 0.533 0.478
26 33 0.401 0.555
26 34 0.281 0.242
26 35 0.549 0.231
26 36 0.393 0.224
26 37 0.161 0.318
26 38 0.54 0.211
26 39 0.474 0.204
26 40 0.256 0.224
26 41 0.336 0.55
26 42 3.616 0.252
26 43 0.536 0.381
26 44 0.482 0.233
26 45 0.001 0.242
26 46 0.35 0.314
26 47 0.07 0.224
26 48 0.337 0.209
26 49 0.481 0.21
27 28 0.288 0.233
27 29 3.851 0.003
27 30 0.585 0.257
27 31 0.077 0.245
27 32 0.168 0.202
27 33 0.329 0.245
27 34 0.29 0.411
27 35 0.349 0.426
27 36 0.319 0.489
27 37 0.519 0.406
27 38 0.055 0.234
27 39 0.59 0.246
27 40 0.435 0.522
27 41 0.268 0.202
27 42 0.279 0.231
27 43 0.597 0.221
27 44 0.0 0.328
27 45 0.17 0.288
27 46 0.521 0.318
27 47 4.676 0.478
27 48 0.219 0.39
27 49 4.449 0.137
28 29 0.345 0.229
28 30 0.212 0.261
28 31 0.13 0.469
28 32 3.979 0.527
28 33 3.769 0.319
28 34 0.096 0.472
28 35 0.502 0.323
28 36 0.033 0.203
28 37 0.484 0.202
28 38 0.336 0.208
28 39 0.164 0.201
28 40 0.193 0.428
28 41 4.065 0.666
28 42 0.004 0.326
28 43 4.53 0.09
28 44 0.296 0.202
28 45 0.391 0.495
28 46 0.545 0.214
28 47 0.344 0.244
28 48 0.394 0.227
28 49 0.04 0.249
29 30 0.535 0.41
29 31 0.331 0.214
29 32 0.168 0.21
29 33 0.307 0.245
29 34 0.304 0.254
29 35 0.338 0.562
29 36 0.204 0.426
29 37 0.464 0.524
29 38 0.364 0.565
29 39 0.519 0.418
29 40 0.239 0.563
29 41 0.438 0.243
29 42 0.189 0.234
29 43 0.097 0.225
29 44 0.26 0.283
29 45 0.109 0.312
29 46 0.068 0.446
29 47 3.808 0.665
29 48 0.13 0.376
29 49 4.174 0.623
30 31 0.408 0.238
30 32 0.544 0.273
30 33 0.282 0.351
30 34 4.471 0.126
30 35 4.062 0.676
30 36 0.345 0.204
30 37 0.067 0.238
30 38 0.538 0.224
30 39 0.107 0.211
30 40 3.767 0.663
30 41 0.013 0.443
30 42 0.59 0.227
30 43 0.259 0.337
30 44 0.214 0.247
30 45 3.786 0.316
30 46 0.161 0.214
30 47 0.106 0.579
30 48 0.427 0.229
30 49 0.299 0.336
31 32 0.582 0.47
31 33 0.443 0.247
31 34 0.504 0.2
31 35 0.45 0.235
31 36 0.082 0.21
31 37 0.59 0.385
31 38 0.354 0.209
31 39 0.051 0.243
31 40 0.194 0.235
31 41 0.043 0.55
31 42 4.029 0.638
31 43 0.373 0.525
31 44 0.187 0.201
31 45 0.174 0.24
31 46 0.07 0.31
31 47 0.378 0.231
31 48 0.261 0.238
31 49 0.214 0.201
32 33 4.605 0.608
32 34 0.408 0.507
32 35 0.044 0.331
32 36 0.164 0.238
32 37 0.006 0.221
32 38 0.246 0.22
32 39 0.403 0.235
32 40 0.165 0.436
32 41 3.624 0.604
32 42 0.226 0.407
32 43 3.7 0.331
32 44 0.443 0.213
32 45 0.426 0.444
32 46 0.017 0.228
32 47 0.408 0.24
32 48 0.235 0.207
32 49 0.295 0.242
33 34 0.075 0.477
33 35 0.264 0.271
33 36 0.019 0.213
33 37 0.319 0.23
33 38 0.004 0.218
33 39 0.0 0.211
33 40 0.044 0.434
33 41 3.765 0.727
33 42 0.497 0.378
33 43 3.89 0.206
33 44 0.197 0.231
33 45 0.117 0.309
33 46 0.569 0.223
33 47 0.314 0.218
33 48 0.472 0.224
33 49 0.158 0.21
34 35 4.552 0.29
34 36 0.415 0.23
34 37 0.493 0.236
34 38 0.564 0.239
34 39 0.444 0.23
34 40 4.054 0.626
34 41 3.499 0.538
34 42 0.034 0.242
34 43 0.554 0.44
34 44 0.405 0.244
34 45 4.535 0.226
34 46 0.084 0.235
34 47 0.564 0.272
34 48 0.461 0.228
34 49 0.205 0.558
35 36 0.239 0.203
35 37 0.471 0.226
35 38 0.438 0.201
35 39 0.178 0.211
35 40 3.88 0.332
35 41 0.425 0.497
35 42 0.549 0.218
35 43 0.501 0.357
35 44 0.559 0.206
35 45 3.533 0.052
35 46 0.194 0.221
35 47 0.156 0.253
35 48 0.437 0.249
35 49 0.387 0.411
36 37 0.543 0.225
36 38 3.58 0.425
36 39 4.031 0.063
36 40 0.286 0.231
36 41 0.242 0.245
36 42 0.079 0.24
36 43 0.529 0.205
36 44 4.068 0.476
36 45 0.399 0.212
36 46 0.321 0.215
36 47 0.407 0.56
36 48 4.125 0.07
36 49 0.448 0.296
37 38 0.449 0.232
37 39 0.259 0.242
37 40 0.111 0.226
37 41 0.571 0.231
37 42 0.463 0.314
37 43 0.135 0.237
37 44 0.333 0.229
37 45 0.593 0.213
37 46 4.349 0.654
37 47 0.156 0.526
37 48 0.223 0.217
37 49 0.258 0.549
38 39 3.687 0.462
38 40 0.581 0.243
38 41 0.459 0.248
38 42 0.547 0.217
38 43 0.204 0.243
38 44 4.559 0.614
38 45 0.262 0.208
38 46 0.288 0.238
38 47 0.543 0.436
38 48 4.441 0.371
38 49 0.036 0.502
39 40 0.006 0.232
39 41 0.195 0.236
39 42 0.489 0.2
39 43 0.476 0.221
39 44 3.837 0.116
39 45 0.051 0.208
39 46 0.268 0.249
39 47 0.568 0.491
39 48 4.494 0.185
39 49 0.205 0.396
40 41 0.284 0.365
40 42 0.008 0.214
40 43 0.325 0.256
40 44 0.295 0.224
40 45 4.169 0.532
40 46 0.406 0.246
40 47 0.558 0.262
40 48 0.101 0.247
40 49 0.406 0.26
41 42 0.082 0.342
41 43 4.893 0.73
41 44 0.061 0.207
41 45 0.241 0.29
41 46 0.297 0.237
41 47 0.281 0.228
41 48 0.381 0.246
41 49 0.305 0.236
42 43 0.563 0.536
42 44 0.022 0.208
42 45 0.299 0.209
42 46 0.255 0.413
42 47 0.562 0.239
42 48 0.436 0.211
42 49 0.314 0.209
43 44 0.591 0.209
43 45 0.082 0.433
43 46 0.408 0.227
43 47 0.16 0.245
43 48 0.417 0.231
43 49 0.294 0.235
44 45 0.034 0.217
44 46 0.376 0.204
44 47 0.357 0.491
44 48 3.838 0.286
44 49 0.455 0.342
45 46 0.219 0.222
45 47 0.115 0.255
45 48 0.225 0.203
45 49 0.151 0.584
46 47 0.25 0.488
46 48 0.111 0.204
46 49 0.372 0.371
47 48 0.337 0.298
47 49 3.597 0.019
48 49 0.373 0.565