50
32
0 1 49.9 12.974
0 2 39.92 40.918
0 3 63.872 5.988
0 4 66.866 95.808
0 5 65.868 73.852
0 6 57.884 50.898
0 7 41.916 44.91
0 8 65.868 89.82
0 9 67.864 79.84
0 10 55.888 63.872
0 11 52.894 71.856
0 12 67.864 18.962
0 13 49.9 81.836
0 14 45.908 5.988
0 15 56.886 45.908
0 16 44.91 0.0
0 17 59.88 84.83
0 18 48.902 3.992
0 19 55.888 53.892
0 20 44.91 82.834
0 21 47.904 23.952
0 22 52.894 39.92
0 23 51.896 70.858
0 24 52.894 0.0
0 25 50.6 0.0
0 26 31.05 0.0
0 27 23.0 0.0
0 28 18.4 0.0
0 29 12.65 0.0
0 30 50.6 0.0
0 31 24.15 0.0
0 32 10.35 0.0
0 33 32.2 0.0
0 34 5.75 0.0
0 35 37.95 0.0
0 36 17.25 0.0
0 37 68.862 0.0
0 38 32.2 0.0
0 39 47.15 0.0
0 40 28.75 0.0
0 41 4.6 0.0
0 42 60.878 0.0
0 43 20.7 0.0
0 44 36.8 0.0
0 45 43.7 0.0
0 46 29.9 0.0
0 47 13.8 0.0
0 48 17.25 0.0
0 49 46.0 0.0
1 2 48.902 60.878
1 3 48.902 96.806
1 4 58.882 34.93
1 5 43.912 30.938
1 6 48.902 21.956
1 7 40.918 98.802
1 8 51.896 49.9
1 9 63.872 3.992
1 10 52.894 0.0
1 11 67.864 19.96
1 12 54.89 11.976
1 13 50.898 76.846
1 14 51.896 55.888
1 15 50.898 10.978
1 16 46.906 46.906
1 17 67.864 73.852
1 18 49.9 73.852
1 19 60.878 65.868
1 20 67.864 74.85
1 21 58.882 88.822
1 22 60.878 15.968
1 23 65.868 78.842
1 24 44.91 0.0
1 25 11.5 0.0
1 26 28.75 0.0
1 27 2.3 0.0
1 28 18.4 0.0
1 29 24.15 0.0
1 30 2.3 0.0
1 31 21.85 0.0
1 32 25.3 0.0
1 33 44.85 0.0
1 34 8.05 0.0
1 35 8.05 0.0
1 36 35.65 0.0
1 37 21.85 0.0
1 38 51.75 0.0
1 39 4.6 0.0
1 40 11.5 0.0
1 41 35.65 0.0
1 42 14.95 0.0
1 43 29.9 0.0
1 44 47.15 0.0
1 45 78.842 0.0
1 46 31.05 0.0
1 47 16.1 0.0
1 48 41.4 0.0
1 49 55.2 0.0
2 3 45.908 61.876
2 4 40.918 98.802
2 5 55.888 53.892
2 6 61.876 51.896
2 7 52.894 67.864
2 8 42.914 62.874
2 9 59.88 45.908
2 10 45.908 90.818
2 11 46.906 0.998
2 12 50.898 30.938
2 13 43.912 93.812
2 14 44.91 0.0
2 15 65.868 26.946
2 16 46.906 18.962
2 17 42.914 5.988
2 18 40.918 43.912
2 19 49.9 35.928
2 20 48.902 97.804
2 21 47.904 16.966
2 22 56.886 32.934
2 23 49.9 86.826
2 24 66.866 79.84
2 25 68.862 25.948
2 26 5.75 0.998
2 27 40.25 0.0
2 28 34.5 0.0
2 29 12.65 0.0
2 30 56.35 0.998
2 31 43.7 0.0
2 32 50.6 0.0
2 33 43.7 0.0
2 34 40.25 0.998
2 35 51.75 0.0
2 36 29.9 0.998
2 37 13.8 0.0
2 38 50.6 0.998
2 39 43.7 0.998
2 40 51.75 0.0
2 41 4.6 0.998
2 42 56.35 0.998
2 43 19.55 0.0
2 44 46.0 0.998
2 45 48.3 0.0
2 46 40.25 0.998
2 47 54.05 0.998
2 48 35.65 0.998
2 49 56.35 0.0
3 4 45.908 88.822
3 5 63.872 62.874
3 6 44.91 87.824
3 7 53.892 17.964
3 8 42.914 48.902
3 9 49.9 39.92
3 10 68.862 78.842
3 11 40.918 9.98
3 12 61.876 12.974
3 13 55.888 98.802
3 14 39.92 33.932
3 15 46.906 43.912
3 16 66.866 11.976
3 17 53.892 7.984
3 18 58.882 98.802
3 19 50.898 45.908
3 20 42.914 47.904
3 21 55.888 37.924
3 22 47.904 0.0
3 23 45.908 19.96
3 24 41.916 21.956
3 25 64.87 47.904
3 26 10.35 0.0
3 27 47.15 0.0
3 28 56.35 0.0
3 29 42.55 0.0
3 30 42.55 0.0
3 31 37.95 0.0
3 32 84.83 0.0
3 33 26.45 0.0
3 34 24.15 0.0
3 35 3.45 0.0
3 36 87.824 0.0
3 37 43.7 0.0
3 38 71.856 0.0
3 39 31.05 0.0
3 40 34.5 0.0
3 41 36.8 0.0
3 42 19.55 0.0
3 43 88.822 0.0
3 44 9.2 0.0
3 45 35.65 0.0
3 46 1.15 0.0
3 47 54.05 0.0
3 48 2.3 0.0
3 49 52.9 0.0
4 5 62.874 56.886
4 6 54.89 97.804
4 7 63.872 81.836
4 8 39.92 2.994
4 9 42.914 24.95
4 10 43.912 63.872
4 11 42.914 60.878
4 12 61.876 53.892
4 13 44.91 72.854
4 14 52.894 55.888
4 15 51.896 30.938
4 16 45.908 68.862
4 17 58.882 74.85
4 18 44.91 47.904
4 19 57.884 60.878
4 20 49.9 9.98
4 21 62.874 83.832
4 22 51.896 54.89
4 23 65.868 63.872
4 24 54.89 50.898
4 25 44.91 40.918
4 26 60.878 26.946
4 27 36.8 0.0
4 28 16.1 0.0
4 29 26.45 0.0
4 30 17.25 0.0
4 31 91.816 0.0
4 32 13.8 0.0
4 33 49.45 0.0
4 34 56.35 0.0
4 35 25.3 0.0
4 36 27.6 0.0
4 37 34.5 0.0
4 38 36.8 0.0
4 39 40.25 0.0
4 40 8.05 0.0
4 41 21.85 0.0
4 42 10.35 0.0
4 43 5.75 0.0
4 44 44.85 0.0
4 45 28.75 0.0
4 46 36.8 0.0
4 47 3.45 0.0
4 48 55.888 0.0
4 49 57.884 0.0
5 6 44.91 36.926
5 7 39.92 60.878
5 8 64.87 87.824
5 9 64.87 74.85
5 10 59.88 32.934
5 11 54.89 21.956
5 12 45.908 70.858
5 13 46.906 0.0
5 14 61.876 32.934
5 15 61.876 49.9
5 16 49.9 56.886
5 17 46.906 15.968
5 18 59.88 25.948
5 19 65.868 0.0
5 20 60.878 2.994
5 21 56.886 0.998
5 22 55.888 80.838
5 23 40.918 35.928
5 24 52.894 52.894
5 25 58.882 88.822
5 26 58.882 97.804
5 27 80.838 0.0
5 28 5.75 0.0
5 29 25.3 0.0
5 30 1.15 0.0
5 31 19.55 0.0
5 32 51.75 0.0
5 33 42.55 0.0
5 34 73.852 0.0
5 35 88.822 0.0
5 36 42.55 0.0
5 37 6.9 0.0
5 38 37.95 0.0
5 39 46.0 0.0
5 40 10.35 0.0
5 41 11.5 0.0
5 42 36.8 0.0
5 43 29.9 0.0
5 44 24.15 0.0
5 45 43.7 0.0
5 46 55.888 0.0
5 47 1.15 0.0
5 48 20.7 0.0
5 49 54.05 0.0
6 7 62.874 0.0
6 8 42.914 0.0
6 9 67.864 71.856
6 10 40.918 89.82
6 11 67.864 11.976
6 12 52.894 17.964
6 13 52.894 79.84
6 14 52.894 19.96
6 15 48.902 0.0
6 16 41.916 51.896
6 17 49.9 63.872
6 18 59.88 0.0
6 19 49.9 75.848
6 20 53.892 80.838
6 21 64.87 77.844
6 22 45.908 95.808
6 23 62.874 97.804
6 24 66.866 59.88
6 25 54.89 17.964
6 26 64.87 30.938
6 27 55.888 86.826
6 28 37.95 0.0
6 29 9.2 0.0
6 30 5.75 0.0
6 31 20.7 0.0
6 32 47.15 0.0
6 33 27.6 0.0
6 34 11.5 0.0
6 35 10.35 0.0
6 36 44.85 0.0
6 37 37.95 0.0
6 38 40.25 0.0
6 39 17.25 0.0
6 40 68.862 0.0
6 41 41.4 0.0
6 42 16.1 0.0
6 43 32.2 0.0
6 44 35.65 0.0
6 45 43.7 0.0
6 46 44.85 0.0
6 47 55.2 0.0
6 48 28.75 0.0
6 49 47.15 0.0
7 8 47.904 0.0
7 9 66.866 75.848
7 10 65.868 74.85
7 11 64.87 63.872
7 12 64.87 24.95
7 13 52.894 9.98
7 14 68.862 68.862
7 15 47.904 0.0
7 16 45.908 80.838
7 17 57.884 22.954
7 18 40.918 0.0
7 19 67.864 98.802
7 20 60.878 71.856
7 21 39.92 10.978
7 22 63.872 73.852
7 23 51.896 25.948
7 24 52.894 0.998
7 25 62.874 13.972
7 26 55.888 38.922
7 27 53.892 34.93
7 28 17.25 0.0
7 29 31.05 0.0
7 30 18.4 0.0
7 31 49.45 0.0
7 32 51.75 0.0
7 33 4.6 0.0
7 34 35.65 0.0
7 35 19.55 0.0
7 36 23.0 0.0
7 37 21.85 0.0
7 38 18.4 0.0
7 39 8.05 0.0
7 40 66.866 0.0
7 41 37.95 0.0
7 42 10.35 0.0
7 43 47.15 0.0
7 44 44.85 0.0
7 45 25.3 0.0
7 46 11.5 0.0
7 47 56.35 0.0
7 48 50.6 0.0
7 49 2.3 0.0
8 9 44.91 72.854
8 10 42.914 56.886
8 11 44.91 50.898
8 12 65.868 98.802
8 13 53.892 85.828
8 14 54.89 0.0
8 15 66.866 0.0
8 16 58.882 41.916
8 17 41.916 23.952
8 18 62.874 0.0
8 19 46.906 21.956
8 20 43.912 7.984
8 21 46.906 13.972
8 22 56.886 39.92
8 23 61.876 95.808
8 24 51.896 61.876
8 25 60.878 16.966
8 26 53.892 36.926
8 27 61.876 20.958
8 28 42.914 41.916
8 29 8.05 0.0
8 30 48.3 0.0
8 31 14.95 0.0
8 32 32.2 0.0
8 33 52.9 0.0
8 34 29.9 0.0
8 35 48.3 0.0
8 36 54.05 0.0
8 37 2.3 0.0
8 38 5.75 0.0
8 39 23.0 0.0
8 40 60.878 0.0
8 41 8.05 0.0
8 42 36.8 0.0
8 43 8.05 0.0
8 44 9.2 0.0
8 45 24.15 0.0
8 46 49.45 0.0
8 47 6.9 0.0
8 48 43.7 0.0
8 49 24.15 0.0
9 10 47.904 41.916
9 11 59.88 0.0
9 12 65.868 13.972
9 13 54.89 89.82
9 14 65.868 69.86
9 15 62.874 28.942
9 16 66.866 82.834
9 17 46.906 84.83
9 18 43.912 56.886
9 19 68.862 38.922
9 20 54.89 35.928
9 21 43.912 0.0
9 22 62.874 60.878
9 23 51.896 83.832
9 24 64.87 67.864
9 25 61.876 33.932
9 26 59.88 0.0
9 27 39.92 52.894
9 28 61.876 22.954
9 29 40.25 0.0
9 30 6.9 0.0
9 31 18.4 0.0
9 32 20.7 0.0
9 33 13.8 0.0
9 34 18.4 0.0
9 35 17.25 0.0
9 36 13.8 0.0
9 37 28.75 0.0
9 38 41.4 0.0
9 39 2.3 0.0
9 40 48.3 0.0
9 41 81.836 0.0
9 42 52.9 0.0
9 43 25.3 0.0
9 44 24.15 0.0
9 45 39.1 0.0
9 46 33.35 0.0
9 47 54.05 0.0
9 48 14.95 0.0
9 49 14.95 0.0
10 11 65.868 23.952
10 12 39.92 97.804
10 13 53.892 35.928
10 14 46.906 65.868
10 15 63.872 34.93
10 16 48.902 69.86
10 17 50.898 66.866
10 18 62.874 82.834
10 19 55.888 65.868
10 20 54.89 98.802
10 21 58.882 56.886
10 22 64.87 66.866
10 23 59.88 42.914
10 24 52.894 0.0
10 25 58.882 64.87
10 26 64.87 65.868
10 27 48.902 63.872
10 28 61.876 78.842
10 29 55.888 19.96
10 30 2.3 0.0
10 31 4.6 0.0
10 32 26.45 0.0
10 33 37.95 0.0
10 34 31.05 0.0
10 35 14.95 0.0
10 36 27.6 0.0
10 37 21.85 0.0
10 38 34.5 0.0
10 39 29.9 0.0
10 40 49.45 0.0
10 41 11.5 0.0
10 42 44.85 0.0
10 43 25.3 0.0
10 44 6.9 0.0
10 45 58.882 0.0
10 46 21.85 0.0
10 47 36.8 0.0
10 48 33.35 0.0
10 49 13.8 0.0
11 12 51.896 6.986
11 13 45.908 85.828
11 14 63.872 90.818
11 15 60.878 19.96
11 16 68.862 73.852
11 17 44.91 84.83
11 18 56.886 54.89
11 19 61.876 47.904
11 20 43.912 64.87
11 21 46.906 0.0
11 22 41.916 7.984
11 23 39.92 31.936
11 24 41.916 29.94
11 25 42.914 58.882
11 26 55.888 0.0
11 27 61.876 35.928
11 28 54.89 8.982
11 29 57.884 81.836
11 30 52.9 0.0
11 31 11.5 0.0
11 32 3.45 0.0
11 33 20.7 0.0
11 34 54.05 0.0
11 35 19.55 0.0
11 36 25.3 0.0
11 37 8.05 0.0
11 38 8.05 0.0
11 39 43.7 0.0
11 40 3.45 0.0
11 41 60.878 0.0
11 42 10.35 0.0
11 43 40.25 0.0
11 44 2.3 0.0
11 45 28.75 0.0
11 46 50.6 0.0
11 47 13.8 0.0
11 48 29.9 0.0
11 49 19.55 0.0
12 13 40.918 56.886
12 14 48.902 19.96
12 15 40.918 79.84
12 16 61.876 27.944
12 17 54.89 75.848
12 18 50.898 67.864
12 19 39.92 72.854
12 20 44.91 71.856
12 21 48.902 86.826
12 22 65.868 63.872
12 23 50.898 0.0
12 24 55.888 82.834
12 25 68.862 0.0
12 26 39.92 68.862
12 27 41.916 75.848
12 28 63.872 0.0
12 29 52.894 40.918
12 30 61.876 34.93
12 31 9.2 0.0
12 32 41.4 0.0
12 33 29.9 0.0
12 34 36.8 0.0
12 35 49.45 0.0
12 36 41.4 0.0
12 37 29.9 0.0
12 38 34.5 0.0
12 39 42.55 0.0
12 40 44.85 0.0
12 41 51.75 0.0
12 42 28.75 0.0
12 43 20.7 0.0
12 44 41.4 0.0
12 45 14.95 0.0
12 46 13.8 0.0
12 47 83.832 0.0
12 48 26.45 0.0
12 49 1.15 0.0
13 14 50.898 0.0
13 15 45.908 38.922
13 16 49.9 57.884
13 17 58.882 60.878
13 18 45.908 86.826
13 19 54.89 0.0
13 20 40.918 22.954
13 21 46.906 55.888
13 22 57.884 95.808
13 23 62.874 10.978
13 24 43.912 47.904
13 25 66.866 55.888
13 26 40.918 62.874
13 27 40.918 0.0
13 28 65.868 60.878
13 29 67.864 91.816
13 30 68.862 76.846
13 31 27.6 0.0
13 32 12.65 0.0
13 33 17.25 0.0
13 34 89.82 0.0
13 35 79.84 0.0
13 36 39.1 0.0
13 37 24.15 0.0
13 38 46.0 0.0
13 39 16.1 0.0
13 40 34.5 0.0
13 41 46.0 0.0
13 42 56.35 0.0
13 43 19.55 0.0
13 44 5.75 0.0
13 45 55.2 0.0
13 46 75.848 0.0
13 47 46.0 0.0
13 48 40.25 0.0
13 49 20.7 0.0
14 15 66.866 85.828
14 16 47.904 74.85
14 17 65.868 42.914
14 18 62.874 32.934
14 19 43.912 26.946
14 20 53.892 10.978
14 21 46.906 26.946
14 22 61.876 1.996
14 23 60.878 60.878
14 24 60.878 80.838
14 25 43.912 60.878
14 26 46.906 51.896
14 27 45.908 5.988
14 28 53.892 23.952
14 29 60.878 19.96
14 30 39.92 89.82
14 31 64.87 4.99
14 32 11.5 0.0
14 33 31.05 0.998
14 34 27.6 0.0
14 35 14.95 0.0
14 36 12.65 0.998
14 37 10.35 0.998
14 38 47.15 0.0
14 39 43.7 0.998
14 40 47.15 0.998
14 41 20.7 0.998
14 42 29.9 0.998
14 43 4.6 0.998
14 44 49.45 0.0
14 45 52.9 0.998
14 46 52.9 0.998
14 47 14.95 0.998
14 48 34.5 0.998
14 49 50.6 0.0
15 16 39.92 76.846
15 17 64.87 15.968
15 18 60.878 0.0
15 19 48.902 54.89
15 20 49.9 98.802
15 21 52.894 48.902
15 22 64.87 14.97
15 23 45.908 33.932
15 24 42.914 86.826
15 25 42.914 37.924
15 26 58.882 72.854
15 27 43.912 0.0
15 28 59.88 29.94
15 29 52.894 31.936
15 30 49.9 50.898
15 31 48.902 93.812
15 32 9.2 0.0
15 33 51.75 0.0
15 34 29.9 0.0
15 35 1.15 0.0
15 36 25.3 0.0
15 37 48.3 0.0
15 38 51.75 0.0
15 39 48.3 0.0
15 40 51.896 0.0
15 41 51.75 0.0
15 42 43.7 0.0
15 43 21.85 0.0
15 44 19.55 0.0
15 45 2.3 0.0
15 46 37.95 0.0
15 47 33.35 0.0
15 48 31.05 0.0
15 49 43.7 0.0
16 17 40.918 10.978
16 18 67.864 77.844
16 19 57.884 39.92
16 20 68.862 7.984
16 21 55.888 7.984
16 22 60.878 83.832
16 23 44.91 63.872
16 24 56.886 14.97
16 25 54.89 60.878
16 26 40.918 95.808
16 27 65.868 55.888
16 28 47.904 68.862
16 29 62.874 12.974
16 30 43.912 25.948
16 31 56.886 74.85
16 32 64.87 26.946
16 33 34.5 0.0
16 34 23.0 0.0
16 35 21.85 0.0
16 36 10.35 0.0
16 37 58.882 0.0
16 38 50.6 0.0
16 39 20.7 0.0
16 40 54.05 0.0
16 41 56.35 0.0
16 42 85.828 0.0
16 43 19.55 0.0
16 44 6.9 0.0
16 45 26.45 0.0
16 46 23.0 0.0
16 47 17.25 0.0
16 48 55.2 0.0
16 49 50.6 0.0
17 18 66.866 75.848
17 19 42.914 75.848
17 20 66.866 0.0
17 21 65.868 19.96
17 22 59.88 47.904
17 23 68.862 46.906
17 24 60.878 24.95
17 25 48.902 50.898
17 26 60.878 84.83
17 27 45.908 5.988
17 28 66.866 71.856
17 29 43.912 28.942
17 30 50.898 0.0
17 31 43.912 11.976
17 32 68.862 83.832
17 33 75.848 0.0
17 34 4.6 0.0
17 35 56.35 0.0
17 36 5.75 0.0
17 37 35.65 0.0
17 38 8.05 0.0
17 39 39.1 0.0
17 40 9.2 0.0
17 41 5.75 0.0
17 42 9.2 0.0
17 43 1.15 0.0
17 44 9.2 0.0
17 45 51.75 0.0
17 46 29.9 0.0
17 47 14.95 0.0
17 48 33.35 0.0
17 49 39.1 0.0
18 19 64.87 12.974
18 20 64.87 22.954
18 21 46.906 66.866
18 22 55.888 75.848
18 23 47.904 2.994
18 24 50.898 97.804
18 25 52.894 34.93
18 26 64.87 63.872
18 27 63.872 57.884
18 28 49.9 92.814
18 29 39.92 89.82
18 30 51.896 26.946
18 31 53.892 31.936
18 32 66.866 50.898
18 33 58.882 34.93
18 34 32.2 0.0
18 35 28.75 0.0
18 36 17.25 0.0
18 37 25.3 0.0
18 38 1.15 0.0
18 39 9.2 0.0
18 40 58.882 0.0
18 41 1.15 0.0
18 42 12.65 0.0
18 43 13.8 0.0
18 44 17.25 0.0
18 45 12.65 0.0
18 46 39.1 0.0
18 47 48.3 0.0
18 48 27.6 0.0
18 49 33.35 0.0
19 20 49.9 12.974
19 21 59.88 25.948
19 22 49.9 10.978
19 23 41.916 98.802
19 24 65.868 16.966
19 25 63.872 95.808
19 26 68.862 16.966
19 27 39.92 0.0
19 28 49.9 46.906
19 29 58.882 25.948
19 30 39.92 74.85
19 31 68.862 17.964
19 32 61.876 65.868
19 33 64.87 83.832
19 34 50.898 0.0
19 35 54.89 0.0
19 36 43.7 0.0
19 37 16.1 0.0
19 38 12.65 0.0
19 39 2.3 0.0
19 40 41.4 0.0
19 41 40.25 0.0
19 42 24.15 0.0
19 43 10.35 0.0
19 44 12.65 0.0
19 45 42.55 0.0
19 46 95.808 0.0
19 47 46.0 0.0
19 48 5.75 0.0
19 49 27.6 0.0
20 21 58.882 62.874
20 22 66.866 22.954
20 23 41.916 33.932
20 24 68.862 58.882
20 25 56.886 47.904
20 26 39.92 86.826
20 27 68.862 48.902
20 28 67.864 16.966
20 29 63.872 24.95
20 30 68.862 0.0
20 31 48.902 35.928
20 32 39.92 67.864
20 33 56.886 0.0
20 34 53.892 51.896
20 35 44.85 0.0
20 36 43.7 0.0
20 37 19.55 0.0
20 38 32.2 0.0
20 39 14.95 0.0
20 40 48.3 0.0
20 41 20.7 0.0
20 42 4.6 0.0
20 43 36.8 0.0
20 44 49.45 0.0
20 45 48.3 0.0
20 46 6.9 0.0
20 47 50.6 0.0
20 48 43.7 0.0
20 49 2.3 0.0
21 22 61.876 57.884
21 23 65.868 5.988
21 24 60.878 28.942
21 25 67.864 48.902
21 26 54.89 0.0
21 27 50.898 42.914
21 28 43.912 67.864
21 29 48.902 80.838
21 30 46.906 47.904
21 31 60.878 79.84
21 32 50.898 69.86
21 33 52.894 49.9
21 34 57.884 93.812
21 35 12.65 0.0
21 36 1.15 0.0
21 37 10.35 0.0
21 38 4.6 0.0
21 39 54.05 0.0
21 40 32.2 0.0
21 41 54.89 0.0
21 42 10.35 0.0
21 43 43.7 0.0
21 44 17.25 0.0
21 45 37.95 0.0
21 46 40.25 0.0
21 47 37.95 0.0
21 48 21.85 0.0
21 49 56.35 0.0
22 23 44.91 25.948
22 24 63.872 66.866
22 25 52.894 18.962
22 26 58.882 67.864
22 27 41.916 48.902
22 28 59.88 66.866
22 29 45.908 16.966
22 30 56.886 38.922
22 31 68.862 79.84
22 32 62.874 0.0
22 33 50.898 81.836
22 34 51.896 98.802
22 35 48.902 70.858
22 36 89.82 0.0
22 37 29.9 0.0
22 38 56.886 0.0
22 39 24.15 0.0
22 40 42.55 0.0
22 41 14.95 0.0
22 42 36.8 0.0
22 43 54.89 0.0
22 44 1.15 0.0
22 45 16.1 0.0
22 46 56.35 0.0
22 47 14.95 0.0
22 48 25.3 0.0
22 49 55.2 0.0
23 24 55.888 10.978
23 25 64.87 0.0
23 26 43.912 49.9
23 27 51.896 56.886
23 28 68.862 0.0
23 29 58.882 65.868
23 30 64.87 78.842
23 31 49.9 9.98
23 32 60.878 73.852
23 33 62.874 42.914
23 34 56.886 35.928
23 35 41.916 41.916
23 36 54.05 0.0
23 37 31.05 0.0
23 38 39.1 0.0
23 39 52.9 0.0
23 40 23.0 0.0
23 41 23.0 0.0
23 42 46.0 0.0
23 43 27.6 0.0
23 44 52.9 0.0
23 45 40.25 0.0
23 46 52.9 0.0
23 47 65.868 0.0
23 48 47.15 0.0
23 49 6.9 0.0
24 25 43.912 35.928
24 26 65.868 83.832
24 27 46.906 49.9
24 28 65.868 38.922
24 29 40.918 11.976
24 30 55.888 20.958
24 31 52.894 16.966
24 32 67.864 72.854
24 33 39.92 43.912
24 34 61.876 22.954
24 35 56.886 5.988
24 36 43.912 13.972
24 37 40.25 0.0
24 38 31.05 0.0
24 39 51.75 0.0
24 40 55.2 0.0
24 41 11.5 0.0
24 42 39.1 0.0
24 43 56.35 0.0
24 44 50.6 0.0
24 45 69.86 0.0
24 46 29.9 0.0
24 47 16.1 0.0
24 48 8.05 0.0
24 49 36.8 0.0
25 26 44.91 80.838
25 27 60.878 35.928
25 28 46.906 0.0
25 29 60.878 65.868
25 30 61.876 17.964
25 31 45.908 38.922
25 32 45.908 34.93
25 33 64.87 73.852
25 34 55.888 28.942
25 35 42.914 56.886
25 36 51.896 78.842
25 37 37.95 0.0
25 38 39.1 0.0
25 39 33.35 0.0
25 40 10.35 0.0
25 41 51.75 0.0
25 42 18.4 0.0
25 43 43.7 0.0
25 44 11.5 0.0
25 45 54.05 0.0
25 46 40.25 0.0
25 47 67.864 0.0
25 48 27.6 0.0
25 49 46.0 0.0
26 27 60.878 42.914
26 28 61.876 77.844
26 29 66.866 3.992
26 30 58.882 46.906
26 31 46.906 1.996
26 32 60.878 89.82
26 33 56.886 67.864
26 34 58.882 48.902
26 35 56.886 3.992
26 36 68.862 16.966
26 37 49.9 16.966
26 38 46.0 0.0
26 39 10.35 0.0
26 40 18.4 0.0
26 41 81.836 0.0
26 42 20.7 0.0
26 43 33.35 0.0
26 44 25.3 0.0
26 45 18.4 0.0
26 46 48.3 0.0
26 47 31.05 0.0
26 48 51.75 0.0
26 49 20.7 0.0
27 28 65.868 41.916
27 29 46.906 81.836
27 30 54.89 38.922
27 31 47.904 69.86
27 32 60.878 43.912
27 33 62.874 32.934
27 34 40.918 0.0
27 35 67.864 0.0
27 36 50.898 95.808
27 37 64.87 89.82
27 38 28.75 0.0
27 39 4.6 0.0
27 40 18.4 0.0
27 41 48.3 0.0
27 42 14.95 0.0
27 43 46.0 0.0
27 44 16.1 0.0
27 45 47.15 0.0
27 46 65.868 0.0
27 47 54.05 0.0
27 48 29.9 0.0
27 49 10.35 0.0
28 29 58.882 20.958
28 30 43.912 35.928
28 31 56.886 51.896
28 32 53.892 1.996
28 33 43.912 86.826
28 34 55.888 59.88
28 35 64.87 23.952
28 36 60.878 90.818
28 37 47.904 51.896
28 38 39.92 93.812
28 39 17.25 0.0
28 40 49.45 0.0
28 41 33.35 0.0
28 42 5.75 0.0
28 43 36.8 0.0
28 44 42.55 0.0
28 45 28.75 0.0
28 46 13.8 0.0
28 47 77.844 0.0
28 48 49.45 0.0
28 49 46.0 0.0
29 30 40.918 91.816
29 31 60.878 57.884
29 32 61.876 65.868
29 33 53.892 34.93
29 34 42.914 46.906
29 35 41.916 28.942
29 36 66.866 33.932
29 37 42.914 36.926
29 38 44.91 92.814
29 39 59.88 0.0
29 40 21.85 0.0
29 41 1.15 0.0
29 42 32.2 0.0
29 43 25.3 0.0
29 44 58.882 0.0
29 45 25.3 0.0
29 46 5.75 0.0
29 47 24.15 0.0
29 48 8.05 0.0
29 49 47.15 0.0
30 31 68.862 94.81
30 32 61.876 51.896
30 33 64.87 0.0
30 34 56.886 11.976
30 35 68.862 42.914
30 36 42.914 7.984
30 37 42.914 19.96
30 38 43.912 17.964
30 39 55.888 76.846
30 40 44.85 0.0
30 41 35.65 0.0
30 42 37.95 0.0
30 43 44.85 0.0
30 44 21.85 0.0
30 45 13.8 0.0
30 46 19.55 0.0
30 47 33.35 0.0
30 48 55.2 0.0
30 49 20.7 0.0
31 32 68.862 87.824
31 33 39.92 65.868
31 34 63.872 30.938
31 35 40.918 0.0
31 36 68.862 91.816
31 37 47.904 51.896
31 38 63.872 72.854
31 39 43.912 75.848
31 40 43.7 0.0
31 41 40.25 0.0
31 42 17.25 0.0
31 43 32.2 0.0
31 44 28.75 0.0
31 45 18.4 0.0
31 46 36.8 0.0
31 47 5.75 0.0
31 48 61.876 0.0
31 49 50.898 0.0
32 33 53.892 1.996
32 34 65.868 37.924
32 35 45.908 33.932
32 36 55.888 0.0
32 37 60.878 76.846
32 38 44.91 0.0
32 39 62.874 74.85
32 40 44.91 97.804
32 41 6.9 0.0
32 42 27.6 0.0
32 43 93.812 0.0
32 44 35.65 0.0
32 45 49.45 0.0
32 46 27.6 0.0
32 47 1.15 0.0
32 48 52.9 0.0
32 49 37.95 0.0
33 34 42.914 76.846
33 35 55.888 55.888
33 36 58.882 21.956
33 37 59.88 52.894
33 38 55.888 16.966
33 39 57.884 48.902
33 40 46.906 36.926
33 41 42.55 0.0
33 42 14.95 0.0
33 43 17.25 0.0
33 44 34.5 0.0
33 45 50.6 0.0
33 46 24.15 0.0
33 47 37.95 0.0
33 48 37.95 0.0
33 49 32.2 0.0
34 35 65.868 0.0
34 36 41.916 22.954
34 37 58.882 63.872
34 38 61.876 49.9
34 39 55.888 81.836
34 40 49.9 70.858
34 41 56.886 56.886
34 42 24.15 0.0
34 43 2.3 0.0
34 44 24.15 0.0
34 45 23.0 0.0
34 46 54.89 0.0
34 47 3.45 0.0
34 48 41.4 0.0
34 49 18.4 0.0
35 36 44.91 55.888
35 37 40.918 61.876
35 38 39.92 30.938
35 39 57.884 97.804
35 40 62.874 47.904
35 41 46.906 77.844
35 42 27.6 0.0
35 43 48.3 0.0
35 44 49.45 0.0
35 45 35.65 0.0
35 46 64.87 0.0
35 47 23.0 0.0
35 48 55.2 0.0
35 49 21.85 0.0
36 37 50.898 13.972
36 38 52.894 0.0
36 39 58.882 24.95
36 40 43.912 27.944
36 41 41.916 55.888
36 42 67.864 45.908
36 43 54.89 0.0
36 44 12.65 0.0
36 45 24.15 0.0
36 46 31.05 0.0
36 47 54.05 0.0
36 48 52.9 0.0
36 49 21.85 0.0
37 38 46.906 96.806
37 39 40.918 42.914
37 40 47.904 74.85
37 41 43.912 89.82
37 42 53.892 0.0
37 43 10.35 0.0
37 44 12.65 0.0
37 45 36.8 0.0
37 46 44.85 0.0
37 47 14.95 0.0
37 48 47.15 0.0
37 49 39.1 0.0
38 39 51.896 54.89
38 40 44.91 61.876
38 41 43.912 92.814
38 42 58.882 45.908
38 43 56.886 0.0
38 44 5.75 0.0
38 45 20.7 0.0
38 46 28.75 0.0
38 47 33.35 0.0
38 48 51.75 0.0
38 49 35.65 0.0
39 40 41.916 5.988
39 41 59.88 90.818
39 42 43.912 39.92
39 43 54.89 26.946
39 44 54.89 0.0
39 45 5.75 0.0
39 46 49.45 0.0
39 47 14.95 0.0
39 48 5.75 0.0
39 49 46.0 0.0
40 41 61.876 39.92
40 42 61.876 46.906
40 43 46.906 77.844
40 44 57.884 43.912
40 45 17.25 0.0
40 46 13.8 0.0
40 47 28.75 0.0
40 48 33.35 0.0
40 49 29.9 0.0
41 42 51.896 85.828
41 43 59.88 6.986
41 44 52.894 0.998
41 45 6.9 0.0
41 46 12.65 0.0
41 47 36.8 0.0
41 48 55.2 0.0
41 49 49.45 0.0
42 43 57.884 76.846
42 44 54.89 71.856
42 45 47.904 42.914
42 46 48.3 0.0
42 47 28.75 0.0
42 48 16.1 0.0
42 49 24.15 0.0
43 44 46.906 27.944
43 45 54.89 19.96
43 46 51.75 0.0
43 47 49.45 0.0
43 48 34.5 0.0
43 49 11.5 0.0
44 45 68.862 48.902
44 46 54.89 1.996
44 47 32.2 0.0
44 48 35.65 0.0
44 49 48.3 0.0
45 46 53.892 33.932
45 47 2.3 0.0
45 48 37.95 0.0
45 49 34.5 0.0
46 47 57.884 57.884
46 48 23.0 0.0
46 49 17.25 0.0
47 48 16.1 0.0
47 49 29.9 0.0
48 49 60.878 0.0
