50
98.75
0 1 41 0.5
0 2 9 2.0
0 3 23 2.0
0 4 21 2.375
0 5 8 1.75
0 6 15 1.75
0 7 6 1.375
0 8 43 0.375
0 9 25 2.25
0 10 45 0.625
0 11 16 2.125
0 12 32 0.125
0 13 18 1.625
0 14 8 1.625
0 15 46 1.0
0 16 14 2.375
0 17 10 1.75
0 18 9 2.25
0 19 7 1.5
0 20 12 2.125
0 21 25 1.75
0 22 10 2.0
0 23 25 2.25
0 24 49 1.0
0 25 36 0.375
0 26 40 1.125
0 27 5 2.375
0 28 29 1.625
0 29 14 1.5
0 30 22 1.625
0 31 8 2.375
0 32 9 1.5
0 33 12 1.75
0 34 45 0.5
0 35 9 2.125
0 36 26 2.125
0 37 15 1.875
0 38 7 2.125
0 39 23 2.0
0 40 7 1.875
0 41 8 2.375
0 42 23 1.375
0 43 10 1.5
0 44 29 2.0
0 45 15 1.75
0 46 28 1.5
0 47 9 1.625
0 48 6 1.75
0 49 27 2.25
1 2 44 1.125
1 3 12 2.25
1 4 17 2.375
1 5 8 2.0
1 6 12 1.5
1 7 29 1.875
1 8 8 1.5
1 9 22 1.75
1 10 10 1.5
1 11 23 1.375
1 12 46 1.0
1 13 18 2.25
1 14 22 2.25
1 15 33 0.5
1 16 7 2.0
1 17 27 1.875
1 18 9 1.75
1 19 15 2.0
1 20 25 2.25
1 21 26 1.625
1 22 27 2.125
1 23 20 1.625
1 24 19 2.0
1 25 7 1.375
1 26 15 1.5
1 27 28 2.25
1 28 47 0.625
1 29 29 2.25
1 30 12 2.125
1 31 8 1.625
1 32 15 2.0
1 33 22 1.75
1 34 13 2.375
1 35 10 1.75
1 36 12 1.75
1 37 12 1.75
1 38 48 0.5
1 39 22 1.875
1 40 40 0.5
1 41 7 2.125
1 42 21 1.75
1 43 5 2.125
1 44 13 1.625
1 45 26 2.25
1 46 16 2.125
1 47 9 2.125
1 48 26 1.625
1 49 14 1.375
2 3 43 0.125
2 4 32 0.25
2 5 46 0.5
2 6 21 1.5
2 7 28 1.5
2 8 28 1.75
2 9 20 2.375
2 10 27 1.75
2 11 11 2.125
2 12 19 1.625
2 13 13 1.875
2 14 15 1.5
2 15 24 2.0
2 16 7 1.75
2 17 15 2.0
2 18 13 2.125
2 19 25 1.625
2 20 28 2.375
2 21 16 2.375
2 22 21 1.875
2 23 19 2.0
2 24 21 1.5
2 25 17 2.25
2 26 28 2.375
2 27 6 1.375
2 28 9 1.625
2 29 34 0.875
2 30 15 1.375
2 31 7 2.0
2 32 44 0.125
2 33 25 2.25
2 34 6 1.375
2 35 13 1.875
2 36 13 2.375
2 37 13 1.375
2 38 12 1.375
2 39 18 1.5
2 40 6 1.75
2 41 43 1.0
2 42 43 0.5
2 43 15 1.375
2 44 12 2.375
2 45 13 1.75
2 46 25 1.375
2 47 12 1.5
2 48 14 1.375
2 49 13 2.125
3 4 24 2.375
3 5 10 1.75
3 6 10 2.25
3 7 46 0.5
3 8 20 1.875
3 9 24 2.375
3 10 20 1.625
3 11 20 2.125
3 12 8 2.125
3 13 28 1.75
3 14 37 0.625
3 15 6 1.625
3 16 22 2.125
3 17 17 2.375
3 18 44 0.0
3 19 28 1.75
3 20 12 1.875
3 21 9 1.75
3 22 20 2.25
3 23 9 2.0
3 24 13 2.0
3 25 20 1.875
3 26 37 0.75
3 27 9 2.125
3 28 48 0.5
3 29 15 2.125
3 30 5 1.75
3 31 17 1.5
3 32 10 2.375
3 33 9 1.375
3 34 19 1.75
3 35 15 2.0
3 36 26 1.75
3 37 46 0.0
3 38 17 2.375
3 39 20 2.0
3 40 28 1.625
3 41 25 1.625
3 42 23 1.875
3 43 11 1.625
3 44 29 2.375
3 45 47 1.0
3 46 11 1.5
3 47 46 0.125
3 48 18 1.375
3 49 26 2.0
4 5 12 2.25
4 6 26 1.375
4 7 16 2.0
4 8 6 2.125
4 9 26 2.25
4 10 7 2.0
4 11 13 1.625
4 12 23 2.25
4 13 14 2.375
4 14 22 1.375
4 15 17 1.375
4 16 7 1.375
4 17 26 1.625
4 18 7 1.875
4 19 28 1.5
4 20 28 1.625
4 21 12 1.875
4 22 27 1.5
4 23 31 0.375
4 24 8 1.625
4 25 13 2.25
4 26 22 2.25
4 27 26 2.0
4 28 33 0.75
4 29 26 1.875
4 30 24 1.375
4 31 13 1.375
4 32 10 1.5
4 33 12 1.625
4 34 11 1.875
4 35 21 1.625
4 36 19 2.0
4 37 44 1.0
4 38 20 1.875
4 39 20 1.875
4 40 7 1.375
4 41 24 2.375
4 42 16 1.625
4 43 48 1.0
4 44 45 0.375
4 45 28 1.625
4 46 18 1.875
4 47 27 1.375
4 48 12 2.125
4 49 13 1.5
5 6 17 2.25
5 7 23 1.5
5 8 22 2.125
5 9 12 1.5
5 10 8 1.5
5 11 12 1.625
5 12 11 2.0
5 13 37 0.5
5 14 6 2.375
5 15 6 1.625
5 16 28 1.875
5 17 14 1.875
5 18 27 2.375
5 19 6 1.625
5 20 20 1.5
5 21 6 2.25
5 22 18 1.375
5 23 34 0.625
5 24 18 2.125
5 25 41 1.0
5 26 23 1.5
5 27 9 1.75
5 28 7 1.875
5 29 10 1.75
5 30 18 1.375
5 31 29 1.375
5 32 48 0.0
5 33 9 1.375
5 34 12 2.25
5 35 10 1.375
5 36 26 2.0
5 37 45 1.125
5 38 25 1.625
5 39 43 0.5
5 40 28 1.375
5 41 6 1.875
5 42 15 1.375
5 43 26 2.25
5 44 9 1.75
5 45 5 2.125
5 46 48 0.125
5 47 39 0.625
5 48 41 0.75
5 49 12 2.25
6 7 32 1.125
6 8 6 2.125
6 9 18 2.375
6 10 10 1.5
6 11 18 1.625
6 12 20 2.375
6 13 26 1.625
6 14 22 1.75
6 15 21 2.125
6 16 15 1.625
6 17 26 2.125
6 18 20 1.75
6 19 28 2.125
6 20 10 1.625
6 21 17 1.75
6 22 43 0.125
6 23 25 2.0
6 24 23 1.375
6 25 17 2.375
6 26 18 2.25
6 27 23 1.625
6 28 37 0.375
6 29 46 0.0
6 30 10 2.25
6 31 34 1.0
6 32 38 0.5
6 33 12 1.5
6 34 9 1.875
6 35 14 1.75
6 36 28 1.75
6 37 8 1.375
6 38 18 2.25
6 39 24 1.375
6 40 5 2.125
6 41 25 2.0
6 42 22 1.375
6 43 14 2.25
6 44 7 1.875
6 45 8 2.125
6 46 43 0.875
6 47 21 2.25
6 48 31 0.625
6 49 5 1.875
7 8 20 2.125
7 9 26 1.625
7 10 8 2.25
7 11 13 1.625
7 12 16 1.5
7 13 45 0.25
7 14 10 1.5
7 15 29 1.75
7 16 8 1.75
7 17 17 1.5
7 18 6 2.375
7 19 7 2.125
7 20 16 2.125
7 21 16 2.125
7 22 15 1.375
7 23 37 1.125
7 24 32 0.0
7 25 14 1.75
7 26 22 1.375
7 27 7 2.25
7 28 20 1.875
7 29 14 2.375
7 30 19 2.125
7 31 8 2.125
7 32 10 1.875
7 33 19 1.5
7 34 24 1.625
7 35 11 2.0
7 36 7 1.375
7 37 20 1.875
7 38 17 2.0
7 39 9 1.875
7 40 21 1.875
7 41 14 2.125
7 42 8 2.25
7 43 27 2.0
7 44 19 1.375
7 45 26 1.625
7 46 17 1.75
7 47 16 1.375
7 48 10 1.75
7 49 26 1.375
8 9 14 1.875
8 10 5 1.375
8 11 25 1.375
8 12 19 1.5
8 13 28 2.0
8 14 7 1.375
8 15 36 0.75
8 16 6 1.5
8 17 24 1.875
8 18 6 1.625
8 19 15 1.875
8 20 19 1.5
8 21 17 1.625
8 22 29 1.625
8 23 27 2.25
8 24 28 2.375
8 25 21 1.875
8 26 20 2.375
8 27 28 2.375
8 28 34 0.0
8 29 49 0.375
8 30 5 2.375
8 31 8 1.5
8 32 24 2.375
8 33 24 2.25
8 34 12 2.125
8 35 13 1.5
8 36 8 2.125
8 37 49 0.25
8 38 7 1.5
8 39 47 0.25
8 40 9 2.125
8 41 16 2.375
8 42 15 2.0
8 43 13 1.875
8 44 5 1.625
8 45 15 1.625
8 46 21 1.625
8 47 24 1.75
8 48 15 1.75
8 49 44 0.5
9 10 10 2.375
9 11 31 0.0
9 12 5 2.125
9 13 20 1.375
9 14 27 2.0
9 15 13 1.75
9 16 19 1.625
9 17 11 1.625
9 18 24 2.0
9 19 46 1.125
9 20 44 0.5
9 21 20 2.125
9 22 12 2.25
9 23 29 1.75
9 24 26 1.375
9 25 17 1.75
9 26 11 2.0
9 27 21 1.75
9 28 15 1.375
9 29 14 1.375
9 30 14 2.125
9 31 20 1.625
9 32 29 1.375
9 33 7 1.5
9 34 10 2.125
9 35 15 1.625
9 36 40 0.625
9 37 23 2.25
9 38 48 0.125
9 39 28 1.625
9 40 20 1.75
9 41 21 1.75
9 42 25 1.5
9 43 24 2.25
9 44 21 2.375
9 45 15 1.5
9 46 9 1.625
9 47 14 2.25
9 48 20 1.75
9 49 23 1.875
10 11 10 2.0
10 12 8 1.875
10 13 11 1.875
10 14 17 2.25
10 15 41 1.125
10 16 41 0.0
10 17 15 1.75
10 18 29 1.875
10 19 46 0.625
10 20 21 1.875
10 21 25 1.5
10 22 23 2.25
10 23 25 2.25
10 24 8 2.25
10 25 19 1.5
10 26 16 2.125
10 27 10 1.875
10 28 27 1.75
10 29 16 1.875
10 30 29 2.125
10 31 27 2.375
10 32 5 1.625
10 33 21 2.375
10 34 8 2.375
10 35 7 1.5
10 36 10 2.375
10 37 12 2.25
10 38 24 1.375
10 39 8 1.375
10 40 16 2.375
10 41 6 2.25
10 42 28 2.125
10 43 29 1.5
10 44 40 1.125
10 45 9 1.625
10 46 18 1.375
10 47 12 1.5
10 48 21 1.5
10 49 39 1.0
11 12 11 2.375
11 13 17 2.0
11 14 21 1.875
11 15 21 1.375
11 16 21 1.5
11 17 47 0.125
11 18 7 1.625
11 19 49 0.875
11 20 7 1.5
11 21 5 2.125
11 22 27 2.375
11 23 14 1.875
11 24 28 1.75
11 25 12 2.125
11 26 26 2.375
11 27 40 0.5
11 28 11 1.75
11 29 5 1.75
11 30 9 2.125
11 31 35 0.0
11 32 9 2.25
11 33 20 1.625
11 34 24 2.0
11 35 12 1.375
11 36 28 1.5
11 37 12 2.25
11 38 28 1.875
11 39 13 1.5
11 40 28 2.25
11 41 6 2.375
11 42 43 1.125
11 43 20 1.5
11 44 5 2.0
11 45 15 1.625
11 46 6 2.0
11 47 37 0.875
11 48 16 2.0
11 49 16 2.375
12 13 7 2.125
12 14 11 1.625
12 15 29 1.75
12 16 21 1.5
12 17 14 1.375
12 18 10 2.25
12 19 36 1.125
12 20 20 1.625
12 21 44 1.125
12 22 47 0.375
12 23 18 1.75
12 24 11 2.375
12 25 22 2.125
12 26 19 2.375
12 27 14 2.0
12 28 20 1.375
12 29 18 2.0
12 30 27 1.625
12 31 10 2.25
12 32 44 0.5
12 33 20 1.75
12 34 22 1.875
12 35 20 1.5
12 36 13 1.75
12 37 45 1.125
12 38 28 2.125
12 39 25 2.0
12 40 27 1.375
12 41 37 0.125
12 42 16 1.5
12 43 29 1.75
12 44 20 1.375
12 45 47 0.75
12 46 6 2.125
12 47 14 2.0
12 48 15 2.125
12 49 14 1.75
13 14 24 2.0
13 15 18 2.125
13 16 9 2.125
13 17 26 2.375
13 18 24 1.875
13 19 6 2.125
13 20 47 0.625
13 21 6 2.0
13 22 45 0.125
13 23 19 1.625
13 24 9 1.375
13 25 23 2.25
13 26 9 2.125
13 27 11 2.25
13 28 13 2.125
13 29 26 2.25
13 30 31 0.375
13 31 10 1.75
13 32 19 1.875
13 33 26 1.75
13 34 11 1.625
13 35 28 2.375
13 36 14 1.5
13 37 11 1.375
13 38 9 1.5
13 39 14 2.0
13 40 11 2.0
13 41 20 1.5
13 42 26 1.75
13 43 29 2.125
13 44 33 0.75
13 45 37 0.75
13 46 29 1.375
13 47 11 1.625
13 48 22 2.25
13 49 5 1.375
14 15 10 2.125
14 16 13 2.375
14 17 12 2.375
14 18 21 2.125
14 19 24 2.0
14 20 17 2.25
14 21 8 2.0
14 22 9 1.375
14 23 19 1.75
14 24 14 2.25
14 25 8 1.75
14 26 25 1.5
14 27 10 1.375
14 28 6 2.25
14 29 16 2.375
14 30 24 1.75
14 31 23 2.125
14 32 14 2.375
14 33 22 1.375
14 34 8 2.375
14 35 46 0.75
14 36 11 1.625
14 37 43 0.5
14 38 43 0.875
14 39 10 1.75
14 40 11 1.875
14 41 23 2.25
14 42 11 2.0
14 43 22 1.75
14 44 25 1.625
14 45 13 1.375
14 46 24 1.75
14 47 13 2.0
14 48 42 0.125
14 49 23 1.5
15 16 13 1.5
15 17 25 2.375
15 18 6 1.875
15 19 18 1.75
15 20 20 2.0
15 21 40 1.0
15 22 13 1.875
15 23 22 1.625
15 24 21 2.375
15 25 27 2.375
15 26 33 0.0
15 27 13 1.75
15 28 19 2.25
15 29 8 1.625
15 30 21 2.375
15 31 13 2.125
15 32 24 2.375
15 33 49 0.875
15 34 16 1.625
15 35 46 0.375
15 36 17 1.875
15 37 17 2.0
15 38 9 1.75
15 39 13 1.875
15 40 27 1.625
15 41 41 0.75
15 42 28 1.625
15 43 39 0.375
15 44 28 2.0
15 45 6 2.125
15 46 40 0.25
15 47 6 1.875
15 48 8 1.75
15 49 14 2.125
16 17 11 2.25
16 18 39 0.875
16 19 26 1.625
16 20 7 2.25
16 21 9 1.5
16 22 16 2.125
16 23 19 1.875
16 24 29 1.625
16 25 27 1.875
16 26 16 2.25
16 27 15 1.75
16 28 25 1.5
16 29 21 1.5
16 30 14 1.5
16 31 7 2.375
16 32 38 0.25
16 33 35 0.375
16 34 25 1.375
16 35 16 1.875
16 36 42 0.125
16 37 21 1.625
16 38 7 1.75
16 39 13 2.375
16 40 19 1.5
16 41 22 2.375
16 42 23 2.0
16 43 7 2.125
16 44 12 2.375
16 45 5 2.125
16 46 12 1.375
16 47 15 1.5
16 48 18 1.375
16 49 28 2.375
17 18 28 2.0
17 19 7 2.375
17 20 15 1.375
17 21 8 1.625
17 22 24 1.5
17 23 23 2.375
17 24 11 1.875
17 25 17 1.625
17 26 27 2.375
17 27 42 0.125
17 28 5 1.5
17 29 6 1.75
17 30 8 1.5
17 31 38 0.0
17 32 28 1.625
17 33 7 1.375
17 34 15 2.125
17 35 17 2.125
17 36 15 2.375
17 37 8 2.0
17 38 23 2.125
17 39 6 2.125
17 40 27 2.25
17 41 19 2.0
17 42 39 0.5
17 43 5 2.375
17 44 7 1.625
17 45 17 2.125
17 46 25 2.125
17 47 35 0.0
17 48 21 1.875
17 49 10 2.25
18 19 17 2.25
18 20 17 1.375
18 21 24 2.0
18 22 28 1.625
18 23 6 1.375
18 24 22 2.125
18 25 7 2.0
18 26 9 2.125
18 27 21 2.0
18 28 28 2.375
18 29 24 1.625
18 30 10 2.25
18 31 25 2.375
18 32 47 0.125
18 33 46 0.875
18 34 14 2.25
18 35 9 2.375
18 36 17 1.875
18 37 29 1.625
18 38 20 2.0
18 39 12 1.875
18 40 19 1.875
18 41 12 1.75
18 42 25 2.0
18 43 25 2.125
18 44 23 2.0
18 45 9 1.75
18 46 13 1.5
18 47 15 2.25
18 48 9 1.625
18 49 19 2.25
19 20 13 1.75
19 21 20 1.625
19 22 20 1.875
19 23 19 1.5
19 24 45 0.0
19 25 15 2.375
19 26 27 2.0
19 27 24 2.0
19 28 17 1.625
19 29 5 1.5
19 30 27 2.125
19 31 15 2.0
19 32 14 1.75
19 33 19 2.125
19 34 10 1.75
19 35 19 1.875
19 36 20 1.875
19 37 47 0.25
19 38 19 1.375
19 39 25 1.75
19 40 12 1.375
19 41 21 1.375
19 42 20 2.125
19 43 19 1.375
19 44 20 1.625
19 45 20 1.375
19 46 23 1.5
19 47 21 1.5
19 48 5 2.125
19 49 8 2.125
20 21 5 1.5
20 22 12 1.375
20 23 28 2.25
20 24 16 1.375
20 25 6 1.75
20 26 28 2.25
20 27 48 0.5
20 28 28 2.25
20 29 26 2.0
20 30 32 0.125
20 31 24 1.375
20 32 11 1.625
20 33 11 1.625
20 34 29 1.625
20 35 24 1.875
20 36 9 1.875
20 37 6 1.75
20 38 33 1.125
20 39 21 2.375
20 40 20 1.625
20 41 11 1.375
20 42 6 2.25
20 43 27 1.75
20 44 42 0.375
20 45 49 0.5
20 46 19 2.125
20 47 6 1.75
20 48 15 1.625
20 49 9 1.5
21 22 22 2.375
21 23 46 0.375
21 24 12 2.375
21 25 25 2.0
21 26 21 2.375
21 27 17 2.125
21 28 14 2.375
21 29 10 1.875
21 30 33 1.125
21 31 24 1.875
21 32 16 1.375
21 33 10 1.75
21 34 22 1.875
21 35 27 1.375
21 36 17 1.875
21 37 29 2.0
21 38 7 1.75
21 39 8 1.625
21 40 5 1.5
21 41 20 1.875
21 42 6 1.375
21 43 26 1.875
21 44 24 2.25
21 45 12 2.0
21 46 40 0.75
21 47 21 1.75
21 48 14 2.375
21 49 11 1.5
22 23 9 1.875
22 24 14 1.75
22 25 38 0.75
22 26 27 1.625
22 27 16 2.375
22 28 26 1.75
22 29 27 2.375
22 30 6 1.75
22 31 5 2.0
22 32 8 1.5
22 33 7 2.0
22 34 6 1.875
22 35 5 2.25
22 36 11 2.0
22 37 19 1.625
22 38 27 2.0
22 39 5 2.25
22 40 21 2.125
22 41 28 2.125
22 42 28 1.625
22 43 7 2.375
22 44 9 2.25
22 45 18 2.125
22 46 23 1.5
22 47 9 2.0
22 48 22 1.875
22 49 7 1.625
23 24 49 1.125
23 25 17 2.0
23 26 16 1.5
23 27 28 1.75
23 28 49 0.875
23 29 18 1.625
23 30 20 1.875
23 31 25 1.75
23 32 23 1.875
23 33 23 1.375
23 34 14 2.0
23 35 37 0.125
23 36 42 1.0
23 37 21 1.625
23 38 29 1.625
23 39 20 2.25
23 40 14 2.125
23 41 21 1.875
23 42 10 2.375
23 43 17 1.375
23 44 22 2.25
23 45 22 1.75
23 46 14 1.625
23 47 42 0.0
23 48 24 1.375
23 49 45 0.25
24 25 18 2.125
24 26 23 2.25
24 27 11 1.375
24 28 26 2.125
24 29 36 0.75
24 30 27 1.75
24 31 25 1.5
24 32 45 0.0
24 33 29 1.75
24 34 14 1.75
24 35 28 2.25
24 36 27 1.5
24 37 7 1.625
24 38 21 2.25
24 39 27 2.0
24 40 48 0.875
24 41 19 1.5
24 42 23 1.375
24 43 24 1.75
24 44 5 1.625
24 45 17 2.125
24 46 13 2.125
24 47 27 1.5
24 48 6 1.75
24 49 12 1.875
25 26 5 1.375
25 27 18 1.5
25 28 28 2.0
25 29 13 2.25
25 30 27 2.25
25 31 18 2.25
25 32 15 1.5
25 33 40 0.0
25 34 47 0.25
25 35 17 1.875
25 36 18 1.875
25 37 7 1.625
25 38 28 2.375
25 39 11 1.5
25 40 22 1.75
25 41 19 1.625
25 42 37 0.5
25 43 34 0.0
25 44 15 1.5
25 45 46 1.125
25 46 7 1.375
25 47 19 1.75
25 48 33 0.125
25 49 14 1.375
26 27 17 1.5
26 28 8 2.375
26 29 27 2.125
26 30 11 1.875
26 31 20 1.75
26 32 25 2.125
26 33 29 1.375
26 34 16 1.5
26 35 16 1.625
26 36 29 1.75
26 37 15 1.75
26 38 11 2.25
26 39 16 2.0
26 40 27 1.875
26 41 20 2.375
26 42 5 1.5
26 43 11 2.375
26 44 5 2.375
26 45 9 1.375
26 46 19 1.5
26 47 17 1.5
26 48 25 1.375
26 49 13 2.25
27 28 24 1.375
27 29 17 1.625
27 30 24 2.125
27 31 46 1.125
27 32 16 2.0
27 33 5 2.0
27 34 19 1.5
27 35 14 1.375
27 36 9 1.75
27 37 15 1.5
27 38 19 1.625
27 39 42 1.125
27 40 29 2.125
27 41 23 1.375
27 42 41 0.0
27 43 6 1.375
27 44 13 2.125
27 45 19 2.375
27 46 41 0.75
27 47 33 0.0
27 48 11 2.25
27 49 11 1.375
28 29 28 1.375
28 30 46 1.0
28 31 22 1.5
28 32 16 2.0
28 33 29 1.5
28 34 15 1.875
28 35 9 2.125
28 36 16 1.875
28 37 23 2.375
28 38 28 2.375
28 39 46 0.0
28 40 23 2.25
28 41 6 2.375
28 42 11 2.375
28 43 29 2.125
28 44 14 1.625
28 45 29 1.375
28 46 17 2.0
28 47 11 1.625
28 48 15 1.75
28 49 16 2.25
29 30 9 2.375
29 31 22 1.375
29 32 7 1.375
29 33 7 2.0
29 34 46 0.375
29 35 20 1.5
29 36 35 0.75
29 37 16 1.5
29 38 7 2.0
29 39 19 2.125
29 40 6 2.375
29 41 37 0.75
29 42 7 1.5
29 43 27 2.25
29 44 8 1.875
29 45 29 2.125
29 46 20 1.5
29 47 29 2.25
29 48 23 1.75
29 49 37 1.0
30 31 9 2.125
30 32 39 0.875
30 33 28 1.5
30 34 19 1.375
30 35 17 2.0
30 36 25 1.75
30 37 11 1.5
30 38 27 1.375
30 39 7 2.25
30 40 21 2.125
30 41 23 1.875
30 42 18 1.875
30 43 6 2.25
30 44 48 0.625
30 45 43 0.5
30 46 21 2.25
30 47 12 2.25
30 48 27 1.625
30 49 6 1.75
31 32 27 2.125
31 33 10 2.0
31 34 17 2.125
31 35 13 2.0
31 36 25 2.125
31 37 10 2.375
31 38 16 1.5
31 39 9 1.875
31 40 29 2.125
31 41 10 2.125
31 42 46 0.75
31 43 41 1.125
31 44 24 1.875
31 45 15 1.5
31 46 21 1.75
31 47 39 0.5
31 48 20 2.375
31 49 19 1.625
32 33 39 1.125
32 34 10 1.625
32 35 5 1.375
32 36 6 2.375
32 37 13 2.25
32 38 48 0.75
32 39 44 0.375
32 40 42 0.375
32 41 7 1.375
32 42 28 1.75
32 43 42 0.625
32 44 27 1.875
32 45 5 1.5
32 46 7 2.375
32 47 5 1.75
32 48 11 2.375
32 49 20 1.875
33 34 8 1.875
33 35 27 2.125
33 36 19 2.375
33 37 26 1.875
33 38 27 1.375
33 39 22 2.125
33 40 10 1.625
33 41 12 1.625
33 42 25 1.5
33 43 22 2.125
33 44 14 1.625
33 45 28 2.0
33 46 12 1.5
33 47 39 0.0
33 48 13 1.5
33 49 18 2.375
34 35 16 1.625
34 36 46 1.0
34 37 28 2.375
34 38 23 2.25
34 39 26 2.25
34 40 13 1.75
34 41 10 2.0
34 42 16 1.75
34 43 23 2.375
34 44 27 1.875
34 45 5 1.875
34 46 5 1.375
34 47 14 1.375
34 48 29 2.0
34 49 17 1.875
35 36 29 2.125
35 37 15 1.5
35 38 31 0.875
35 39 29 2.375
35 40 9 1.625
35 41 47 1.0
35 42 6 2.125
35 43 17 1.625
35 44 29 2.125
35 45 21 2.25
35 46 27 1.5
35 47 20 1.875
35 48 47 0.5
35 49 29 1.875
36 37 8 1.875
36 38 23 1.5
36 39 42 1.0
36 40 22 2.375
36 41 11 1.875
36 42 20 1.625
36 43 9 2.0
36 44 13 1.875
36 45 29 1.5
36 46 40 0.5
36 47 11 1.625
36 48 16 2.125
36 49 21 2.25
37 38 19 2.125
37 39 25 1.875
37 40 26 2.375
37 41 15 1.5
37 42 16 1.75
37 43 26 1.875
37 44 16 2.0
37 45 23 2.375
37 46 14 1.5
37 47 14 2.0
37 48 16 1.75
37 49 27 2.125
38 39 8 2.25
38 40 11 1.375
38 41 11 2.375
38 42 29 1.625
38 43 5 1.75
38 44 24 1.625
38 45 22 1.5
38 46 11 1.625
38 47 40 0.875
38 48 49 0.875
38 49 21 1.875
39 40 17 1.875
39 41 7 1.625
39 42 19 2.25
39 43 17 1.625
39 44 13 2.375
39 45 13 2.375
39 46 11 1.875
39 47 11 1.875
39 48 38 0.875
39 49 6 1.75
40 41 20 1.5
40 42 35 0.25
40 43 25 2.125
40 44 16 1.625
40 45 39 0.125
40 46 14 2.25
40 47 8 1.625
40 48 14 2.125
40 49 24 2.0
41 42 26 2.375
41 43 10 2.0
41 44 37 1.125
41 45 15 1.875
41 46 23 1.625
41 47 29 1.625
41 48 12 2.125
41 49 19 1.875
42 43 6 1.75
42 44 25 1.5
42 45 28 1.875
42 46 11 2.375
42 47 46 0.125
42 48 23 1.875
42 49 47 1.0
43 44 19 1.875
43 45 18 2.25
43 46 11 1.375
43 47 27 2.0
43 48 33 0.5
43 49 20 2.25
44 45 31 0.25
44 46 25 1.875
44 47 15 1.5
44 48 12 1.5
44 49 22 2.25
45 46 17 2.25
45 47 24 1.5
45 48 21 2.375
45 49 11 1.75
46 47 17 1.5
46 48 22 1.5
46 49 9 2.125
47 48 19 1.75
47 49 28 1.5
48 49 39 0.75
