50
99
0 1 0.218 0.078
0 2 1.036 0.35
0 3 6.501 2.191
0 4 4.183 1.439
0 49 10.171 3.194
0 5 4.055 6.574
0 6 1.576 5.258
0 7 4.963 6.105
0 8 3.972 7.212
0 9 3.9 4.028
0 10 4.583 7.666
0 11 3.579 6.544
0 12 2.243 6.127
0 13 4.528 4.373
0 14 4.119 7.875
0 15 2.491 7.592
0 16 4.292 3.693
0 17 4.272 4.024
0 18 2.297 3.445
0 19 3.388 4.483
0 20 4.05 4.255
0 21 4.687 6.942
0 22 2.781 4.142
0 23 2.2 7.438
0 24 0.793 4.008
0 25 1.786 7.964
0 26 0.257 4.864
0 27 3.208 3.206
0 28 0.912 3.18
0 29 1.294 7.145
0 30 3.864 7.152
0 31 4.52 3.755
0 32 4.592 5.581
0 33 1.272 6.316
0 34 0.461 3.294
0 35 0.74 4.685
0 36 2.753 3.011
0 37 3.828 7.653
0 38 4.443 4.83
0 39 3.871 7.162
0 40 2.587 6.985
0 41 0.736 7.974
0 42 0.153 5.281
0 43 1.158 4.177
0 44 0.498 4.821
0 45 3.219 6.294
0 46 4.357 6.792
0 47 3.387 7.957
0 48 0.381 7.675
1 2 1.49 0.53
1 3 2.403 0.857
1 4 1.49 0.525
1 5 4.983 6.511
1 6 1.057 6.981
1 7 1.204 5.385
1 8 3.926 4.636
1 9 3.848 7.013
1 10 2.528 7.602
1 11 0.62 4.682
1 12 4.19 3.419
1 13 3.885 7.658
1 14 2.549 7.855
1 15 1.465 3.321
1 16 1.561 4.877
1 17 4.427 7.524
1 18 1.652 5.965
1 19 3.931 3.526
1 20 1.43 7.102
1 21 3.294 6.934
1 22 1.172 6.293
1 23 0.427 3.897
1 24 3.772 3.851
1 25 3.661 7.669
1 26 0.717 5.275
1 27 2.764 6.714
1 28 1.16 5.931
1 29 4.66 6.194
1 30 1.023 4.708
1 31 1.401 5.752
1 32 3.317 6.162
1 33 3.665 5.006
1 34 2.54 6.349
1 35 2.834 6.35
1 36 2.003 5.134
1 37 1.039 6.669
1 38 4.54 3.977
1 39 2.492 5.439
1 40 1.686 3.025
1 41 2.856 6.632
1 42 3.995 6.141
1 43 4.649 7.284
1 44 3.167 5.266
1 45 1.136 7.482
1 46 4.42 7.274
1 47 1.843 5.133
1 48 4.127 6.017
1 49 1.958 7.407
2 3 2.723 0.944
2 4 0.063 0.023
2 5 2.994 5.873
2 6 4.475 7.896
2 7 4.549 7.206
2 8 3.526 5.281
2 9 1.04 7.238
2 10 0.737 5.148
2 11 3.823 5.603
2 12 1.541 4.741
2 13 4.61 4.493
2 14 4.142 3.193
2 15 0.642 7.974
2 16 4.562 5.869
2 17 1.159 4.07
2 18 3.869 6.318
2 19 3.874 4.468
2 20 0.674 6.159
2 21 3.227 5.75
2 22 4.867 6.979
2 23 3.202 7.985
2 24 4.334 4.611
2 25 3.044 5.772
2 26 0.651 7.473
2 27 0.148 7.039
2 28 3.099 4.558
2 29 4.307 4.303
2 30 4.942 6.93
2 31 1.124 4.96
2 32 2.2 3.269
2 33 4.601 7.171
2 34 1.473 3.125
2 35 2.169 7.12
2 36 3.584 6.84
2 37 4.952 7.014
2 38 0.512 6.656
2 39 2.264 3.74
2 40 2.583 3.198
2 41 2.038 6.938
2 42 0.88 6.453
2 43 0.854 3.362
2 44 2.383 3.626
2 45 4.886 3.985
2 46 3.95 6.784
2 47 3.369 3.968
2 48 4.312 4.631
2 49 4.288 5.171
3 4 5.613 2.004
3 5 3.681 5.787
3 6 4.709 7.604
3 7 4.114 6.778
3 8 0.634 4.859
3 9 0.21 7.703
3 10 2.361 4.469
3 11 4.095 7.817
3 12 4.001 5.396
3 13 4.445 6.422
3 14 4.808 4.428
3 15 3.264 7.674
3 16 1.794 4.858
3 17 2.884 6.0
3 18 3.202 4.327
3 19 1.032 4.725
3 20 1.547 4.409
3 21 2.395 7.257
3 22 1.129 4.886
3 23 2.015 7.703
3 24 1.82 6.917
3 25 3.161 3.198
3 26 1.124 6.771
3 27 4.915 6.168
3 28 4.642 3.094
3 29 4.504 5.709
3 30 3.098 6.507
3 31 1.194 6.301
3 32 4.027 6.715
3 33 2.043 3.54
3 34 3.726 6.716
3 35 0.151 5.937
3 36 2.006 7.481
3 37 0.281 5.083
3 38 2.937 4.001
3 39 4.304 4.837
3 40 2.957 7.483
3 41 3.705 3.868
3 42 1.626 3.591
3 43 2.7 7.948
3 44 3.741 3.093
3 45 0.599 7.449
3 46 2.18 5.948
3 47 0.319 3.486
3 48 2.125 5.704
3 49 3.412 5.063
4 5 12.054 3.909
4 6 3.08 3.361
4 7 2.663 4.976
4 8 3.442 3.274
4 9 1.365 4.828
4 10 1.348 6.7
4 11 3.986 3.129
4 12 2.917 7.633
4 13 4.397 7.65
4 14 2.179 4.723
4 15 3.688 5.222
4 16 1.485 4.833
4 17 4.367 4.951
4 18 3.658 7.238
4 19 0.538 7.304
4 20 4.833 7.969
4 21 0.205 4.267
4 22 2.518 4.037
4 23 1.306 7.218
4 24 4.221 4.085
4 25 4.384 4.851
4 26 3.169 4.662
4 27 3.842 4.04
4 28 2.288 6.149
4 29 4.738 7.435
4 30 1.43 5.783
4 31 2.222 7.237
4 32 1.768 7.357
4 33 0.078 7.492
4 34 3.743 5.068
4 35 3.569 6.658
4 36 1.583 5.499
4 37 2.801 6.049
4 38 3.662 6.838
4 39 0.576 7.568
4 40 0.186 6.974
4 41 2.586 7.261
4 42 2.019 5.636
4 43 0.402 6.011
4 44 3.043 4.748
4 45 4.278 4.596
4 46 0.492 7.571
4 47 1.173 6.567
4 48 3.318 5.151
4 49 2.381 6.409
5 6 3.065 1.027
5 7 3.161 1.083
5 8 6.985 2.435
5 9 3.526 6.572
5 10 1.478 4.984
5 11 4.607 3.078
5 12 2.617 5.121
5 13 2.133 3.53
5 14 2.038 4.975
5 15 0.468 4.217
5 16 0.398 4.442
5 17 0.25 5.2
5 18 4.818 7.273
5 19 3.483 7.443
5 20 0.975 5.903
5 21 1.46 3.351
5 22 3.44 3.557
5 23 3.56 7.939
5 24 0.358 4.115
5 25 1.644 3.762
5 26 1.233 4.757
5 27 2.372 7.921
5 28 3.095 3.253
5 29 2.217 7.226
5 30 1.77 3.471
5 31 2.931 3.227
5 32 1.796 6.395
5 33 3.708 7.768
5 34 0.842 5.533
5 35 2.358 3.604
5 36 1.718 5.701
5 37 3.948 6.204
5 38 0.271 5.296
5 39 2.549 3.585
5 40 4.893 3.789
5 41 0.95 6.456
5 42 2.805 7.003
5 43 1.827 7.68
5 44 2.676 3.062
5 45 1.103 6.403
5 46 2.5 5.047
5 47 2.944 6.432
5 48 2.303 5.262
5 49 1.664 5.647
6 7 3.099 1.049
6 8 4.222 1.422
6 9 1.847 5.005
6 10 4.816 6.493
6 11 3.653 4.854
6 12 1.992 4.585
6 13 0.809 5.964
6 14 1.398 7.986
6 15 4.129 5.545
6 16 1.924 4.842
6 17 0.638 6.249
6 18 4.109 6.556
6 19 4.661 4.234
6 20 0.43 7.783
6 21 2.949 7.757
6 22 4.601 6.181
6 23 4.494 5.233
6 24 1.519 6.675
6 25 1.012 5.495
6 26 0.749 7.365
6 27 0.566 4.715
6 28 3.873 3.066
6 29 4.191 4.713
6 30 1.065 6.224
6 31 2.335 3.387
6 32 2.237 6.303
6 33 0.008 3.627
6 34 0.72 4.847
6 35 4.17 5.579
6 36 3.653 6.82
6 37 2.898 4.083
6 38 4.141 3.988
6 39 2.475 7.357
6 40 4.834 5.571
6 41 1.903 4.844
6 42 1.332 6.4
6 43 0.634 6.076
6 44 4.188 6.427
6 45 3.446 7.58
6 46 0.361 4.655
6 47 0.597 6.31
6 48 1.122 6.434
6 49 3.563 4.752
7 8 5.484 1.93
7 9 3.463 7.027
7 10 1.915 5.708
7 11 1.194 3.293
7 12 2.343 6.795
7 13 0.937 6.613
7 14 3.078 7.183
7 15 0.425 5.723
7 16 1.961 5.492
7 17 2.713 5.597
7 18 3.387 7.165
7 19 1.816 3.925
7 20 1.362 3.15
7 21 4.745 3.623
7 22 4.913 6.863
7 23 1.989 7.832
7 24 2.023 5.365
7 25 4.018 5.808
7 26 1.771 7.11
7 27 1.888 3.359
7 28 1.36 6.683
7 29 0.613 5.088
7 30 4.284 7.287
7 31 1.409 4.122
7 32 0.643 3.629
7 33 0.485 5.911
7 34 1.04 3.764
7 35 3.341 5.82
7 36 2.517 4.414
7 37 2.399 4.354
7 38 3.065 4.026
7 39 4.125 7.593
7 40 2.421 4.701
7 41 2.724 5.872
7 42 3.6 7.533
7 43 0.826 6.843
7 44 3.481 5.602
7 45 1.337 7.648
7 46 0.601 3.188
7 47 0.923 5.026
7 48 0.234 4.014
7 49 0.576 4.048
8 9 13.842 4.391
8 10 1.482 5.246
8 11 4.308 5.189
8 12 3.585 5.605
8 13 4.912 4.54
8 14 0.333 7.663
8 15 3.212 7.359
8 16 3.869 5.438
8 17 2.168 4.609
8 18 4.697 3.816
8 19 1.303 7.592
8 20 0.993 5.306
8 21 1.665 7.953
8 22 4.939 6.176
8 23 4.74 6.072
8 24 1.58 4.346
8 25 1.774 4.198
8 26 1.216 3.267
8 27 1.339 6.553
8 28 1.586 3.666
8 29 3.811 5.666
8 30 4.61 3.22
8 31 1.244 7.262
8 32 0.501 6.432
8 33 2.99 5.795
8 34 4.558 4.152
8 35 2.804 4.254
8 36 2.777 5.501
8 37 3.235 4.704
8 38 3.157 6.879
8 39 4.257 6.967
8 40 3.075 4.439
8 41 1.94 5.707
8 42 4.729 4.013
8 43 0.438 4.103
8 44 3.676 4.321
8 45 3.518 5.543
8 46 0.345 6.906
8 47 3.82 5.545
8 48 2.017 4.236
8 49 2.489 7.429
9 10 4.147 1.401
9 11 0.914 0.318
9 12 3.531 1.234
9 13 3.891 1.314
9 14 0.864 3.221
9 15 4.112 4.708
9 16 3.61 4.927
9 17 2.767 7.315
9 18 4.885 7.52
9 19 4.342 5.967
9 20 3.389 6.451
9 21 3.139 3.825
9 22 3.842 5.215
9 23 4.417 4.101
9 24 1.405 5.462
9 25 4.612 5.148
9 26 0.748 6.467
9 27 1.353 7.37
9 28 0.676 6.011
9 29 0.943 5.298
9 30 2.707 3.083
9 31 1.224 5.03
9 32 3.015 6.948
9 33 4.035 6.257
9 34 4.632 3.844
9 35 0.598 4.499
9 36 4.798 5.29
9 37 2.117 3.202
9 38 4.54 3.604
9 39 2.163 7.548
9 40 1.959 6.639
9 41 0.881 7.92
9 42 4.337 5.209
9 43 1.257 5.338
9 44 1.557 5.435
9 45 1.634 6.342
9 46 0.048 5.016
9 47 4.52 7.049
9 48 1.705 7.907
9 49 4.648 3.083
10 11 2.17 0.751
10 12 2.323 0.828
10 13 3.875 1.366
10 14 2.857 6.14
10 15 0.292 7.358
10 16 0.942 7.734
10 17 2.443 5.98
10 18 0.932 7.632
10 19 2.687 3.404
10 20 4.379 5.288
10 21 3.837 3.131
10 22 1.4 7.984
10 23 3.083 6.546
10 24 4.568 5.998
10 25 4.315 7.695
10 26 3.177 5.183
10 27 1.39 4.086
10 28 3.133 6.212
10 29 4.26 6.901
10 30 3.392 6.394
10 31 0.276 6.548
10 32 3.991 6.748
10 33 2.523 3.251
10 34 1.732 7.102
10 35 0.446 4.507
10 36 2.341 7.261
10 37 4.084 3.587
10 38 1.092 7.589
10 39 2.724 4.623
10 40 4.312 7.813
10 41 1.83 3.487
10 42 0.765 7.86
10 43 2.258 6.409
10 44 2.974 7.27
10 45 4.887 4.727
10 46 2.964 7.842
10 47 2.0 5.602
10 48 4.122 3.927
10 49 4.788 3.735
11 12 0.207 0.071
11 13 2.72 0.968
11 14 1.22 3.251
11 15 1.658 4.179
11 16 3.355 5.953
11 17 4.634 5.306
11 18 2.646 4.458
11 19 4.869 4.691
11 20 1.821 5.826
11 21 3.3 3.412
11 22 4.412 7.869
11 23 2.158 7.856
11 24 2.756 3.65
11 25 0.784 4.907
11 26 1.628 4.864
11 27 2.062 4.245
11 28 4.121 7.732
11 29 2.224 3.393
11 30 1.133 7.886
11 31 2.749 4.313
11 32 0.009 4.027
11 33 0.435 3.714
11 34 2.675 3.201
11 35 1.346 5.905
11 36 4.539 3.714
11 37 2.282 7.383
11 38 3.704 3.613
11 39 0.065 3.626
11 40 2.619 5.438
11 41 3.497 4.932
11 42 2.502 5.789
11 43 3.231 3.675
11 44 0.344 3.038
11 45 1.69 3.063
11 46 4.871 4.179
11 47 3.594 5.907
11 48 3.056 3.969
11 49 4.333 3.501
12 13 1.963 0.693
12 14 4.66 7.195
12 15 4.433 3.31
12 16 3.462 5.91
12 17 4.677 3.329
12 18 3.376 6.64
12 19 1.863 3.244
12 20 1.15 7.074
12 21 4.695 6.868
12 22 4.36 6.902
12 23 2.256 4.804
12 24 3.052 5.935
12 25 1.027 7.504
12 26 4.253 5.377
12 27 3.305 4.569
12 28 2.956 5.624
12 29 4.172 5.114
12 30 1.542 4.531
12 31 2.435 5.38
12 32 4.596 5.116
12 33 4.097 5.13
12 34 2.916 7.801
12 35 3.636 7.412
12 36 0.304 6.726
12 37 0.362 5.394
12 38 3.872 4.338
12 39 3.045 7.861
12 40 2.71 5.08
12 41 4.51 4.398
12 42 2.451 4.651
12 43 0.166 6.915
12 44 2.379 4.437
12 45 4.188 3.091
12 46 4.46 6.102
12 47 3.701 4.233
12 48 3.731 6.34
12 49 2.806 6.695
13 14 12.566 4.15
13 15 2.43 5.299
13 16 2.429 6.046
13 17 3.19 7.517
13 18 0.869 7.773
13 19 2.744 3.739
13 20 3.409 7.489
13 21 0.126 6.083
13 22 1.267 3.801
13 23 4.5 7.278
13 24 3.755 3.629
13 25 3.81 5.987
13 26 2.761 7.223
13 27 3.567 4.901
13 28 4.346 6.789
13 29 0.834 4.707
13 30 4.66 3.327
13 31 4.001 5.04
13 32 2.851 7.999
13 33 4.82 3.725
13 34 3.325 6.567
13 35 2.227 4.678
13 36 2.425 6.444
13 37 1.315 7.827
13 38 4.273 5.81
13 39 2.012 6.167
13 40 1.407 6.971
13 41 1.303 3.127
13 42 4.86 5.496
13 43 0.376 6.343
13 44 4.493 4.939
13 45 0.39 3.157
13 46 3.319 5.631
13 47 3.108 6.102
13 48 3.033 3.541
13 49 3.61 4.14
14 15 4.557 1.551
14 16 6.027 2.026
14 17 1.797 0.631
14 18 3.363 4.039
14 19 4.417 7.326
14 20 4.272 3.904
14 21 0.467 7.901
14 22 3.065 6.989
14 23 2.33 4.576
14 24 0.143 4.751
14 25 1.734 5.443
14 26 0.092 7.813
14 27 0.791 7.597
14 28 4.548 3.301
14 29 3.894 7.136
14 30 1.684 5.682
14 31 3.692 7.044
14 32 0.677 7.029
14 33 2.176 3.296
14 34 2.658 3.551
14 35 4.936 4.344
14 36 0.671 3.958
14 37 1.65 5.374
14 38 2.029 7.217
14 39 4.087 5.13
14 40 2.687 7.326
14 41 4.919 4.03
14 42 2.198 7.145
14 43 2.509 6.361
14 44 3.742 5.175
14 45 4.141 5.466
14 46 2.341 5.409
14 47 4.648 4.877
14 48 4.631 7.707
14 49 1.659 4.007
15 16 5.268 1.794
15 17 0.775 0.275
15 18 4.245 6.192
15 19 2.621 3.374
15 20 2.784 5.366
15 21 2.072 4.795
15 22 0.257 7.366
15 23 2.162 3.067
15 24 2.892 7.628
15 25 2.477 7.665
15 26 4.925 6.107
15 27 0.708 6.444
15 28 0.013 7.401
15 29 2.489 6.364
15 30 1.926 7.949
15 31 0.767 4.39
15 32 3.566 3.46
15 33 0.124 4.313
15 34 1.039 4.918
15 35 4.15 5.071
15 36 1.699 5.903
15 37 3.342 5.045
15 38 2.022 6.193
15 39 4.711 5.896
15 40 0.16 5.33
15 41 1.552 7.349
15 42 3.54 3.174
15 43 2.768 6.612
15 44 3.078 7.189
15 45 0.747 3.784
15 46 0.304 3.839
15 47 4.134 6.409
15 48 3.889 4.043
15 49 3.401 6.073
16 17 7.843 2.687
16 18 3.81 7.963
16 19 3.216 4.086
16 20 0.586 6.597
16 21 3.535 5.397
16 22 3.742 4.018
16 23 0.248 7.015
16 24 2.277 6.377
16 25 1.136 6.148
16 26 3.889 5.332
16 27 2.814 5.453
16 28 4.21 6.855
16 29 4.644 3.359
16 30 2.76 4.427
16 31 1.972 3.015
16 32 3.231 7.655
16 33 3.228 6.867
16 34 0.038 4.691
16 35 0.506 3.119
16 36 2.767 7.667
16 37 2.733 7.845
16 38 1.263 3.894
16 39 1.846 5.016
16 40 3.907 3.915
16 41 2.623 4.928
16 42 0.031 6.021
16 43 4.893 7.359
16 44 3.454 4.187
16 45 3.443 3.935
16 46 0.456 6.032
16 47 0.078 5.281
16 48 3.254 5.463
16 49 2.354 6.911
17 18 10.561 3.4
17 19 1.389 3.435
17 20 0.619 7.082
17 21 3.173 3.736
17 22 2.501 6.646
17 23 1.18 5.167
17 24 4.951 6.073
17 25 3.772 3.865
17 26 1.672 5.85
17 27 4.491 7.121
17 28 1.49 4.479
17 29 2.31 3.73
17 30 0.054 6.849
17 31 3.551 4.668
17 32 4.631 6.833
17 33 1.111 4.872
17 34 2.448 5.469
17 35 2.237 3.574
17 36 2.059 4.176
17 37 0.271 3.101
17 38 4.652 3.76
17 39 4.819 4.239
17 40 1.363 6.091
17 41 2.633 4.031
17 42 4.91 5.573
17 43 3.504 4.273
17 44 2.361 5.399
17 45 3.654 7.895
17 46 0.863 5.918
17 47 4.282 5.558
17 48 2.423 6.379
17 49 3.847 7.864
18 19 1.843 0.65
18 20 3.114 1.046
18 21 3.757 1.285
18 22 2.113 0.738
18 23 0.916 4.467
18 24 3.168 6.567
18 25 4.96 5.206
18 26 4.894 4.799
18 27 3.151 5.666
18 28 2.782 6.325
18 29 3.138 3.05
18 30 0.593 6.321
18 31 1.301 5.046
18 32 2.786 4.388
18 33 2.014 7.253
18 34 3.578 5.552
18 35 3.19 6.118
18 36 1.919 3.157
18 37 1.136 4.454
18 38 3.863 4.855
18 39 1.961 5.787
18 40 0.317 4.434
18 41 1.225 4.852
18 42 1.12 3.708
18 43 0.12 3.297
18 44 3.782 7.472
18 45 4.284 5.249
18 46 4.276 6.734
18 47 1.356 6.909
18 48 4.596 5.514
18 49 4.15 7.632
19 20 3.194 1.097
19 21 0.205 0.071
19 22 4.626 1.577
19 23 3.342 3.235
19 24 1.112 5.684
19 25 4.922 6.011
19 26 2.252 6.538
19 27 3.205 6.462
19 28 0.365 7.9
19 29 1.674 7.863
19 30 1.624 7.072
19 31 1.223 4.639
19 32 3.67 7.9
19 33 1.762 4.896
19 34 1.692 5.799
19 35 4.22 3.872
19 36 0.723 5.064
19 37 2.759 6.965
19 38 4.755 6.162
19 39 1.278 7.723
19 40 2.41 7.096
19 41 4.803 7.487
19 42 1.759 4.777
19 43 4.091 5.508
19 44 2.31 6.79
19 45 3.973 7.424
19 46 0.304 6.865
19 47 1.887 5.667
19 48 0.527 3.879
19 49 2.386 7.192
20 21 3.42 1.187
20 22 2.847 0.987
20 23 3.939 3.494
20 24 4.514 7.677
20 25 4.725 5.466
20 26 1.197 7.317
20 27 4.787 6.652
20 28 0.111 4.607
20 29 2.222 7.949
20 30 3.892 6.08
20 31 2.538 4.633
20 32 2.611 7.279
20 33 1.582 7.374
20 34 1.284 6.668
20 35 4.9 6.667
20 36 1.939 4.938
20 37 3.373 5.368
20 38 1.263 6.704
20 39 0.106 3.251
20 40 4.906 5.537
20 41 1.614 6.653
20 42 2.25 7.068
20 43 0.187 5.833
20 44 4.045 5.335
20 45 1.829 7.199
20 46 1.026 6.526
20 47 1.018 7.806
20 48 3.32 3.476
20 49 3.343 6.604
21 22 0.896 0.307
21 23 2.934 3.561
21 24 0.333 5.606
21 25 3.958 6.672
21 26 0.167 4.94
21 27 1.669 3.222
21 28 4.758 4.289
21 29 0.334 3.147
21 30 2.196 6.383
21 31 4.607 6.962
21 32 1.831 6.377
21 33 2.634 4.569
21 34 2.199 7.777
21 35 0.646 5.847
21 36 0.029 4.525
21 37 2.865 7.012
21 38 2.772 7.045
21 39 1.576 7.209
21 40 4.337 5.266
21 41 4.415 3.387
21 42 0.153 4.483
21 43 4.444 4.796
21 44 2.917 4.088
21 45 4.902 4.269
21 46 2.655 7.405
21 47 3.814 3.02
21 48 4.276 3.321
21 49 3.799 5.42
22 23 14.451 4.747
22 24 3.803 6.017
22 25 4.411 7.614
22 26 3.065 3.513
22 27 1.902 5.216
22 28 1.083 3.756
22 29 3.86 6.132
22 30 3.783 7.04
22 31 0.838 6.806
22 32 1.368 7.779
22 33 2.844 7.565
22 34 2.722 4.649
22 35 1.764 7.936
22 36 4.713 5.939
22 37 0.991 5.883
22 38 4.34 5.488
22 39 2.105 5.512
22 40 4.022 7.312
22 41 0.917 5.967
22 42 0.002 3.988
22 43 1.644 5.388
22 44 2.395 7.91
22 45 3.152 4.486
22 46 3.824 7.518
22 47 4.699 3.711
22 48 2.749 7.699
22 49 3.837 4.559
23 24 5.331 1.902
23 25 2.897 0.967
23 26 4.851 1.687
23 27 2.918 5.85
23 28 2.144 4.078
23 29 4.327 6.657
23 30 4.482 7.069
23 31 3.202 4.019
23 32 0.851 5.235
23 33 0.038 5.791
23 34 1.256 5.708
23 35 2.939 7.538
23 36 3.275 4.121
23 37 4.699 6.754
23 38 2.944 3.383
23 39 2.326 6.325
23 40 4.085 6.042
23 41 3.39 4.483
23 42 0.862 3.527
23 43 1.321 4.995
23 44 2.346 3.533
23 45 1.053 7.425
23 46 0.086 3.64
23 47 4.093 6.546
23 48 0.745 7.949
23 49 4.547 4.31
24 25 3.329 1.179
24 26 4.299 1.506
24 27 0.564 5.807
24 28 0.093 6.582
24 29 3.122 7.062
24 30 4.601 6.349
24 31 4.04 7.049
24 32 3.606 6.6
24 33 3.0 5.149
24 34 1.088 5.756
24 35 2.112 5.923
24 36 2.163 3.893
24 37 1.943 6.011
24 38 2.009 4.642
24 39 3.185 7.707
24 40 1.653 3.934
24 41 1.788 3.78
24 42 0.736 3.786
24 43 4.527 6.909
24 44 1.084 3.624
24 45 0.722 4.098
24 46 0.947 7.844
24 47 1.747 5.989
24 48 3.541 7.386
24 49 1.955 5.657
25 26 4.912 1.707
25 27 3.994 4.344
25 28 1.416 6.719
25 29 2.313 7.41
25 30 0.121 7.362
25 31 1.089 4.381
25 32 3.547 6.375
25 33 3.968 7.821
25 34 4.748 5.925
25 35 4.119 5.348
25 36 2.308 5.647
25 37 0.464 3.882
25 38 0.815 3.483
25 39 4.81 3.837
25 40 3.902 3.746
25 41 1.327 6.758
25 42 3.042 5.201
25 43 3.033 5.715
25 44 0.286 7.68
25 45 4.476 5.477
25 46 1.313 4.057
25 47 2.4 5.077
25 48 0.038 7.509
25 49 4.962 6.355
26 27 14.92 4.888
26 28 2.985 3.507
26 29 0.559 7.249
26 30 2.688 6.933
26 31 3.381 6.781
26 32 0.116 6.853
26 33 2.523 7.231
26 34 4.41 5.038
26 35 1.822 4.711
26 36 3.193 3.647
26 37 0.933 3.139
26 38 4.246 3.134
26 39 1.674 3.937
26 40 0.637 3.336
26 41 2.663 6.328
26 42 1.2 3.425
26 43 0.949 4.188
26 44 0.518 4.061
26 45 2.341 7.077
26 46 1.799 6.004
26 47 2.189 3.859
26 48 2.975 4.923
26 49 1.19 6.965
27 28 5.413 1.912
27 29 0.402 0.139
27 30 5.025 1.715
27 31 3.439 1.196
27 32 0.969 4.276
27 33 3.899 6.783
27 34 3.392 4.343
27 35 2.08 4.115
27 36 2.444 7.063
27 37 4.612 6.948
27 38 1.976 3.814
27 39 0.492 3.154
27 40 3.908 6.067
27 41 1.323 3.651
27 42 2.987 3.919
27 43 3.899 6.113
27 44 4.416 5.148
27 45 1.468 3.937
27 46 0.939 7.328
27 47 2.749 4.706
27 48 2.781 4.684
27 49 3.468 4.802
28 29 2.313 0.818
28 30 0.173 0.059
28 31 2.896 0.998
28 32 1.913 6.579
28 33 4.797 3.659
28 34 4.156 7.537
28 35 2.427 5.999
28 36 2.925 7.804
28 37 0.021 6.428
28 38 3.545 4.601
28 39 3.31 5.257
28 40 1.758 3.276
28 41 3.851 7.45
28 42 3.232 5.934
28 43 2.843 6.357
28 44 4.918 3.119
28 45 4.899 3.68
28 46 3.851 4.245
28 47 0.414 5.403
28 48 3.772 5.583
28 49 1.409 4.068
29 30 2.518 0.894
29 31 2.32 0.784
29 32 3.284 5.053
29 33 3.331 5.129
29 34 0.665 4.99
29 35 2.433 4.514
29 36 0.869 5.672
29 37 1.264 5.22
29 38 2.539 6.327
29 39 0.41 6.224
29 40 3.406 5.087
29 41 3.464 5.935
29 42 0.998 6.903
29 43 2.094 5.668
29 44 2.62 4.016
29 45 0.593 7.622
29 46 3.854 6.519
29 47 4.575 3.319
29 48 1.084 7.657
29 49 4.628 6.556
30 31 1.276 0.436
30 32 1.934 7.944
30 33 4.949 7.798
30 34 0.541 6.692
30 35 2.879 7.467
30 36 2.283 7.352
30 37 0.983 4.043
30 38 2.483 3.737
30 39 1.631 6.244
30 40 2.108 3.987
30 41 4.1 6.548
30 42 3.872 5.559
30 43 3.182 4.323
30 44 4.987 6.504
30 45 3.961 3.84
30 46 4.674 3.19
30 47 2.796 3.672
30 48 2.339 4.253
30 49 0.844 3.308
31 32 14.42 4.51
31 33 0.827 5.534
31 34 1.748 7.776
31 35 3.026 5.764
31 36 3.746 7.592
31 37 2.601 6.233
31 38 4.196 3.542
31 39 2.07 5.171
31 40 3.836 4.989
31 41 1.797 3.618
31 42 2.886 5.533
31 43 0.779 7.818
31 44 3.727 3.009
31 45 3.941 5.463
31 46 4.184 3.393
31 47 0.127 6.535
31 48 0.613 3.945
31 49 4.394 3.849
32 33 5.602 1.887
32 34 3.819 1.274
32 35 7.37 2.46
32 36 1.923 6.638
32 37 2.388 3.348
32 38 2.637 6.943
32 39 1.638 4.466
32 40 0.652 7.479
32 41 4.616 5.652
32 42 1.427 7.188
32 43 4.259 6.901
32 44 0.073 6.541
32 45 3.404 6.625
32 46 2.24 6.986
32 47 1.421 3.142
32 48 2.07 5.133
32 49 4.82 6.759
33 34 2.23 0.789
33 35 5.837 2.024
33 36 3.662 4.238
33 37 2.149 4.637
33 38 3.276 4.856
33 39 0.841 3.481
33 40 0.873 7.508
33 41 0.707 7.847
33 42 0.988 6.411
33 43 4.063 4.876
33 44 3.724 5.789
33 45 0.899 3.588
33 46 0.627 6.106
33 47 4.718 5.384
33 48 3.915 6.304
33 49 0.78 7.095
34 35 1.534 0.527
34 36 3.304 3.205
34 37 1.435 7.195
34 38 2.124 4.803
34 39 3.671 3.835
34 40 2.97 4.024
34 41 1.258 4.817
34 42 1.322 4.07
34 43 4.773 5.307
34 44 4.632 6.479
34 45 1.091 7.039
34 46 2.475 7.372
34 47 0.731 4.512
34 48 2.678 7.652
34 49 4.3 6.286
35 36 15.443 4.892
35 37 0.548 6.004
35 38 0.324 7.616
35 39 3.701 3.235
35 40 1.578 3.495
35 41 0.392 3.224
35 42 0.725 4.737
35 43 2.089 4.094
35 44 3.048 6.317
35 45 4.091 4.666
35 46 0.821 4.321
35 47 4.994 5.859
35 48 3.322 7.882
35 49 1.894 7.702
36 37 0.653 0.226
36 38 3.413 1.187
36 39 4.137 1.447
36 40 3.815 1.284
36 41 1.858 6.63
36 42 1.263 3.044
36 43 2.621 3.774
36 44 2.693 4.336
36 45 4.2 6.729
36 46 0.025 7.735
36 47 1.511 3.666
36 48 1.924 6.837
36 49 4.909 5.079
37 38 2.984 1.011
37 39 3.152 1.072
37 40 2.37 0.844
37 41 4.314 5.46
37 42 1.453 3.262
37 43 2.234 4.951
37 44 1.998 4.979
37 45 0.12 3.288
37 46 2.67 4.35
37 47 0.303 3.761
37 48 3.792 4.988
37 49 3.83 3.724
38 39 2.543 0.857
38 40 0.304 0.102
38 41 4.153 6.317
38 42 0.254 3.366
38 43 1.205 3.69
38 44 3.502 4.151
38 45 3.742 3.147
38 46 4.377 3.624
38 47 2.423 4.292
38 48 4.168 3.119
38 49 0.001 3.768
39 40 2.586 0.913
39 41 3.598 5.8
39 42 1.675 6.195
39 43 0.22 3.295
39 44 2.962 5.206
39 45 0.965 5.679
39 46 0.446 6.82
39 47 1.969 6.91
39 48 2.004 5.582
39 49 0.348 3.461
40 41 14.748 4.674
40 42 3.675 4.591
40 43 1.137 6.144
40 44 2.111 4.981
40 45 4.897 3.591
40 46 2.386 4.018
40 47 1.489 4.479
40 48 0.345 3.489
40 49 4.089 7.149
41 42 5.116 1.778
41 43 4.044 1.42
41 44 1.576 0.531
41 45 0.665 4.95
41 46 4.965 4.751
41 47 1.308 7.571
41 48 4.499 7.915
41 49 4.482 5.747
42 43 5.102 1.715
42 44 5.374 1.897
42 45 4.093 3.686
42 46 0.102 3.437
42 47 4.703 3.606
42 48 1.386 4.325
42 49 1.607 6.873
43 44 4.589 1.624
43 45 4.219 5.77
43 46 3.272 5.723
43 47 0.499 4.096
43 48 4.1 4.837
43 49 2.02 5.549
44 45 13.407 4.379
44 46 3.434 7.905
44 47 0.989 5.825
44 48 0.574 4.407
44 49 4.576 4.967
45 46 1.3 0.447
45 47 1.9 0.642
45 48 3.709 1.239
45 49 2.53 0.856
46 47 2.529 0.846
46 48 0.333 0.116
46 49 3.042 1.082
47 48 3.314 1.176
47 49 3.936 1.36
48 49 3.477 1.196