50
83
0 1 3.512 2.435
0 2 32.525 5.416
0 3 24.832 2.037
0 4 51.614 5.616
0 5 47.517 6.301
0 6 23.098 9.253
0 7 48.87 2.779
0 8 77.755 3.686
0 9 75.964 5.147
0 10 10.998 3.68
0 11 70.562 9.326
0 12 62.28 7.955
0 13 15.31 0.021
0 14 13.856 6.601
0 15 82.681 0.137
0 16 71.645 7.353
0 17 40.51 1.572
0 18 56.312 4.378
0 19 72.47 2.143
0 20 47.403 7.717
0 21 12.645 4.824
0 22 55.696 3.657
0 23 1.942 7.89
0 24 32.404 6.928
0 25 73.238 1.064
0 26 75.317 7.201
0 27 34.714 5.757
0 28 17.698 5.898
0 29 73.324 4.759
0 30 17.416 5.991
0 31 1.009 4.745
0 32 38.269 2.679
0 33 59.902 5.658
0 34 21.517 3.061
0 35 70.765 1.884
0 36 23.821 6.023
0 37 70.9 5.207
0 38 11.553 0.411
0 39 16.636 6.71
0 40 48.297 3.496
0 41 61.482 0.95
0 42 36.906 1.004
0 43 52.093 6.378
0 44 10.878 8.928
0 45 44.458 6.188
0 46 44.203 6.038
0 47 57.544 3.528
0 48 20.49 3.672
0 49 11.13 9.651
1 2 72.246 3.124
1 3 51.761 2.186
1 4 12.294 3.972
1 5 6.796 0.087
1 6 53.319 6.053
1 7 18.587 2.722
1 8 76.072 4.082
1 9 79.646 3.082
1 10 16.198 0.191
1 11 53.696 4.43
1 12 19.081 9.66
1 13 14.025 8.388
1 14 81.626 1.291
1 15 12.653 6.441
1 16 79.023 7.995
1 17 36.39 3.055
1 18 44.924 9.547
1 19 72.491 3.029
1 20 30.222 1.352
1 21 63.795 2.307
1 22 69.135 1.974
1 23 57.321 2.875
1 24 59.686 3.923
1 25 55.848 0.579
1 26 55.508 7.915
1 27 11.942 9.824
1 28 28.472 3.571
1 29 74.598 0.553
1 30 76.89 1.357
1 31 51.763 8.729
1 32 23.539 8.867
1 33 0.673 8.928
1 34 6.442 6.061
1 35 19.37 8.064
1 36 48.111 9.58
1 37 4.912 3.877
1 38 15.158 2.19
1 39 41.892 3.682
1 40 64.041 4.37
1 41 31.095 4.683
1 42 4.066 7.838
1 43 54.834 1.16
1 44 13.858 9.023
1 45 32.425 7.169
1 46 62.49 2.436
1 47 62.439 4.095
1 48 9.099 5.306
1 49 81.686 9.986
2 3 0.409 7.567
2 4 75.843 2.454
2 5 47.035 6.051
2 6 49.344 5.53
2 7 48.747 4.863
2 8 19.596 5.749
2 9 68.648 8.725
2 10 21.877 4.284
2 11 58.121 7.736
2 12 69.555 8.015
2 13 48.253 2.475
2 14 80.108 0.717
2 15 5.302 1.837
2 16 26.673 4.253
2 17 62.364 2.376
2 18 18.006 0.493
2 19 15.59 5.724
2 20 57.581 4.343
2 21 29.627 9.411
2 22 18.214 1.669
2 23 70.429 5.321
2 24 26.655 6.002
2 25 81.632 8.52
2 26 14.327 1.826
2 27 81.024 0.979
2 28 59.11 6.764
2 29 47.698 7.573
2 30 67.082 1.359
2 31 32.295 0.341
2 32 44.28 7.768
2 33 6.197 1.449
2 34 26.347 2.118
2 35 82.226 0.07
2 36 13.972 1.015
2 37 42.545 5.343
2 38 35.481 7.961
2 39 72.288 7.165
2 40 0.482 4.462
2 41 81.333 4.043
2 42 67.488 0.565
2 43 76.167 1.387
2 44 1.807 2.546
2 45 23.378 0.846
2 46 0.971 1.907
2 47 6.124 8.772
2 48 9.481 9.562
2 49 76.401 1.195
3 4 33.007 5.3
3 5 14.546 0.272
3 6 1.491 2.813
3 7 39.29 6.065
3 8 14.4 0.446
3 9 58.182 0.778
3 10 16.32 8.356
3 11 44.767 1.771
3 12 50.314 8.298
3 13 63.441 3.618
3 14 61.645 6.62
3 15 26.414 6.343
3 16 62.055 6.821
3 17 17.539 0.478
3 18 3.842 7.308
3 19 25.312 7.107
3 20 18.021 1.221
3 21 69.017 9.024
3 22 46.74 1.974
3 23 32.159 5.228
3 24 55.629 7.535
3 25 82.945 5.789
3 26 67.363 3.509
3 27 25.888 8.677
3 28 77.87 8.714
3 29 30.739 0.804
3 30 76.253 5.353
3 31 2.285 5.332
3 32 25.691 3.214
3 33 36.372 0.199
3 34 66.152 1.568
3 35 54.865 0.648
3 36 34.341 9.672
3 37 27.412 9.413
3 38 40.024 8.623
3 39 52.811 4.236
3 40 66.178 9.214
3 41 41.979 8.518
3 42 8.208 3.128
3 43 25.677 8.585
3 44 52.753 4.141
3 45 59.989 8.708
3 46 41.714 3.918
3 47 69.748 2.384
3 48 47.867 6.265
3 49 50.114 0.417
4 5 69.895 1.013
4 6 69.429 0.152
4 7 29.604 3.299
4 8 49.132 1.291
4 9 35.524 9.697
4 10 41.432 7.059
4 11 30.464 5.752
4 12 29.252 9.655
4 13 17.508 6.067
4 14 1.274 0.529
4 15 36.34 7.595
4 16 80.8 8.278
4 17 14.134 6.598
4 18 65.228 1.711
4 19 4.188 6.927
4 20 43.544 4.352
4 21 45.028 5.014
4 22 29.444 9.006
4 23 38.867 5.247
4 24 20.332 6.435
4 25 20.245 1.095
4 26 20.089 9.359
4 27 34.49 4.69
4 28 57.641 5.469
4 29 13.279 9.94
4 30 67.851 3.479
4 31 21.337 7.495
4 32 48.98 9.73
4 33 10.128 0.871
4 34 25.122 9.774
4 35 1.601 7.7
4 36 34.355 9.455
4 37 77.079 2.088
4 38 31.432 3.05
4 39 15.129 4.189
4 40 49.699 6.178
4 41 81.603 9.231
4 42 77.443 1.496
4 43 44.245 0.698
4 44 0.31 1.934
4 45 70.997 1.155
4 46 48.287 7.906
4 47 81.999 7.308
4 48 78.136 9.63
4 49 45.563 5.123
5 6 12.558 3.296
5 7 73.876 2.781
5 8 19.281 0.845
5 9 33.041 0.494
5 10 0.238 5.335
5 11 30.767 1.292
5 12 4.338 9.706
5 13 42.817 8.948
5 14 11.714 8.579
5 15 5.165 3.53
5 16 40.708 2.735
5 17 58.719 1.083
5 18 80.254 9.799
5 19 70.557 6.393
5 20 35.118 5.602
5 21 48.95 0.67
5 22 72.943 0.867
5 23 17.975 7.353
5 24 14.001 7.994
5 25 45.645 5.026
5 26 60.453 8.063
5 27 5.392 5.442
5 28 12.643 1.221
5 29 35.732 5.635
5 30 22.147 8.864
5 31 26.483 6.952
5 32 35.062 3.056
5 33 16.183 3.711
5 34 15.281 1.99
5 35 77.488 2.227
5 36 12.04 2.349
5 37 25.713 5.737
5 38 44.01 4.3
5 39 47.837 8.095
5 40 63.875 1.597
5 41 8.943 6.569
5 42 41.619 0.216
5 43 40.902 2.684
5 44 59.669 2.514
5 45 24.19 3.235
5 46 68.594 8.116
5 47 75.702 4.737
5 48 30.02 1.865
5 49 42.515 5.314
6 7 70.045 9.426
6 8 79.241 8.979
6 9 59.583 2.954
6 10 58.997 2.581
6 11 82.844 3.07
6 12 39.048 3.745
6 13 72.441 3.651
6 14 19.798 4.882
6 15 28.477 1.31
6 16 13.061 9.055
6 17 55.83 0.721
6 18 52.047 3.543
6 19 64.501 4.389
6 20 5.826 7.813
6 21 55.514 8.351
6 22 2.603 1.97
6 23 46.937 1.975
6 24 30.5 2.614
6 25 56.269 2.541
6 26 24.005 9.546
6 27 2.199 4.566
6 28 69.291 1.634
6 29 79.086 1.564
6 30 38.198 3.91
6 31 1.185 8.849
6 32 32.44 1.454
6 33 11.597 8.516
6 34 35.929 3.07
6 35 35.243 6.354
6 36 61.852 1.992
6 37 0.316 8.356
6 38 58.315 7.925
6 39 11.681 2.367
6 40 36.126 1.676
6 41 40.865 0.471
6 42 10.286 5.425
6 43 48.693 6.674
6 44 8.181 8.323
6 45 0.057 0.888
6 46 71.997 1.739
6 47 44.587 1.668
6 48 79.425 2.378
6 49 54.3 4.376
7 8 69.992 7.603
7 9 45.189 5.183
7 10 49.408 3.256
7 11 76.273 3.814
7 12 25.933 5.046
7 13 61.536 0.073
7 14 50.271 2.015
7 15 59.799 1.359
7 16 81.955 8.594
7 17 4.334 5.281
7 18 78.293 4.732
7 19 57.146 1.164
7 20 44.467 3.654
7 21 19.179 7.833
7 22 38.777 4.74
7 23 62.717 2.92
7 24 61.478 4.63
7 25 76.043 6.394
7 26 37.133 8.817
7 27 69.309 5.114
7 28 36.701 1.56
7 29 18.831 3.772
7 30 4.988 0.686
7 31 52.706 4.248
7 32 70.518 1.888
7 33 39.064 5.677
7 34 64.684 5.94
7 35 18.189 6.718
7 36 41.536 6.477
7 37 1.099 8.703
7 38 40.487 1.944
7 39 34.803 0.914
7 40 11.351 5.852
7 41 57.903 8.251
7 42 5.707 1.67
7 43 39.511 7.603
7 44 41.223 4.29
7 45 41.405 0.22
7 46 63.571 2.793
7 47 50.002 6.702
7 48 25.831 8.541
7 49 33.454 3.053
8 9 13.037 2.196
8 10 9.971 2.976
8 11 30.267 7.778
8 12 41.879 9.626
8 13 28.686 8.565
8 14 69.175 5.121
8 15 11.992 3.269
8 16 11.538 7.273
8 17 28.86 9.151
8 18 49.779 3.28
8 19 73.569 7.964
8 20 4.863 0.993
8 21 74.838 4.81
8 22 79.01 2.531
8 23 19.343 0.017
8 24 2.258 4.137
8 25 20.254 0.693
8 26 47.203 3.552
8 27 22.836 5.917
8 28 55.883 2.571
8 29 6.56 6.19
8 30 17.441 6.614
8 31 49.545 2.151
8 32 58.18 9.761
8 33 39.532 9.445
8 34 34.799 2.067
8 35 46.452 3.612
8 36 68.529 1.135
8 37 47.826 1.453
8 38 25.311 4.761
8 39 25.182 7.357
8 40 20.919 2.528
8 41 33.646 3.981
8 42 64.839 4.602
8 43 49.059 4.662
8 44 12.269 7.18
8 45 58.187 8.034
8 46 64.162 2.885
8 47 11.968 4.283
8 48 49.039 8.241
8 49 39.678 4.122
9 10 13.736 4.428
9 11 59.898 7.494
9 12 49.243 3.84
9 13 62.443 5.012
9 14 25.249 0.071
9 15 38.283 4.889
9 16 81.851 2.926
9 17 44.073 8.05
9 18 66.144 4.61
9 19 6.292 7.225
9 20 47.127 8.845
9 21 37.419 8.481
9 22 32.554 4.335
9 23 7.403 0.345
9 24 80.685 6.047
9 25 32.023 1.22
9 26 79.305 9.347
9 27 35.312 3.508
9 28 65.999 2.358
9 29 74.143 7.729
9 30 63.963 9.586
9 31 32.725 1.598
9 32 23.58 9.229
9 33 38.481 1.451
9 34 74.702 1.543
9 35 77.653 6.734
9 36 3.626 4.818
9 37 38.232 7.6
9 38 44.985 9.755
9 39 10.087 2.322
9 40 26.155 5.923
9 41 15.166 1.287
9 42 31.975 5.853
9 43 75.839 9.332
9 44 20.814 1.974
9 45 17.791 6.954
9 46 76.815 1.038
9 47 50.464 8.538
9 48 78.188 1.387
9 49 41.145 0.464
10 11 77.119 4.302
10 12 47.068 7.128
10 13 11.445 6.061
10 14 44.674 8.394
10 15 15.736 1.104
10 16 7.813 0.5
10 17 76.263 8.572
10 18 42.416 7.407
10 19 23.611 4.489
10 20 27.328 5.926
10 21 53.459 3.069
10 22 75.139 3.513
10 23 66.061 4.781
10 24 74.536 9.236
10 25 81.64 5.646
10 26 49.543 6.953
10 27 41.607 5.403
10 28 50.901 1.559
10 29 29.479 5.412
10 30 12.744 2.861
10 31 61.941 5.516
10 32 50.189 4.926
10 33 45.231 0.639
10 34 30.166 6.261
10 35 3.987 5.082
10 36 71.656 1.693
10 37 55.176 6.945
10 38 64.916 4.065
10 39 8.285 0.82
10 40 12.316 6.98
10 41 41.373 7.706
10 42 18.33 9.942
10 43 57.697 1.215
10 44 31.215 3.629
10 45 22.781 9.122
10 46 14.784 7.579
10 47 74.089 0.312
10 48 35.274 8.843
10 49 22.736 0.809
11 12 11.51 4.838
11 13 1.049 2.051
11 14 10.17 3.471
11 15 37.561 1.211
11 16 45.972 1.82
11 17 70.395 6.501
11 18 34.302 9.197
11 19 1.613 8.393
11 20 41.421 6.711
11 21 80.502 7.754
11 22 33.62 6.578
11 23 79.986 4.623
11 24 0.368 3.672
11 25 56.133 7.306
11 26 55.658 9.596
11 27 27.713 0.896
11 28 80.479 2.926
11 29 4.551 1.735
11 30 78.138 5.851
11 31 10.75 1.494
11 32 0.816 7.365
11 33 69.485 4.057
11 34 72.539 6.804
11 35 50.558 6.144
11 36 37.629 9.382
11 37 17.393 0.538
11 38 65.883 8.261
11 39 4.858 0.167
11 40 27.79 9.483
11 41 63.377 3.127
11 42 18.273 7.023
11 43 48.865 2.12
11 44 43.58 3.752
11 45 7.14 2.393
11 46 62.286 3.042
11 47 42.032 9.932
11 48 40.85 9.796
11 49 35.067 4.479
12 13 38.97 2.507
12 14 16.027 5.211
12 15 24.828 1.212
12 16 51.836 2.433
12 17 21.231 5.747
12 18 42.16 4.49
12 19 36.086 0.612
12 20 35.326 7.545
12 21 52.438 3.64
12 22 28.693 1.051
12 23 29.889 7.67
12 24 78.869 4.462
12 25 77.707 2.799
12 26 31.592 7.436
12 27 21.528 5.421
12 28 47.509 5.888
12 29 80.019 0.174
12 30 46.803 3.089
12 31 8.199 4.454
12 32 77.906 0.972
12 33 55.109 6.805
12 34 62.551 5.67
12 35 28.464 4.144
12 36 52.796 1.437
12 37 6.007 1.739
12 38 23.035 0.973
12 39 57.581 0.82
12 40 39.589 1.22
12 41 4.898 4.308
12 42 14.391 5.676
12 43 47.827 1.788
12 44 65.988 7.577
12 45 2.677 1.394
12 46 17.726 5.741
12 47 22.333 9.297
12 48 48.393 9.349
12 49 20.213 2.941
13 14 14.655 6.829
13 15 7.557 2.37
13 16 80.982 2.173
13 17 56.805 0.653
13 18 55.284 5.486
13 19 49.255 2.549
13 20 52.525 7.256
13 21 48.656 7.187
13 22 18.949 7.595
13 23 6.605 6.704
13 24 40.2 7.098
13 25 35.318 2.083
13 26 13.925 1.261
13 27 18.056 0.841
13 28 6.693 4.784
13 29 22.809 9.557
13 30 62.633 8.132
13 31 23.386 1.81
13 32 56.648 9.508
13 33 63.314 2.37
13 34 59.365 7.518
13 35 57.187 2.287
13 36 54.228 8.611
13 37 14.436 2.177
13 38 74.108 3.084
13 39 58.336 2.865
13 40 64.573 0.488
13 41 29.207 0.185
13 42 24.449 2.759
13 43 35.698 4.882
13 44 7.879 7.739
13 45 70.127 6.433
13 46 18.058 2.791
13 47 15.776 7.127
13 48 58.395 4.836
13 49 64.411 4.515
14 15 46.66 7.74
14 16 46.884 2.848
14 17 41.688 7.036
14 18 60.109 8.867
14 19 46.971 7.625
14 20 4.309 4.158
14 21 48.62 8.312
14 22 54.437 1.204
14 23 23.046 4.137
14 24 1.223 0.483
14 25 80.867 6.541
14 26 39.499 3.145
14 27 64.668 4.748
14 28 29.396 9.12
14 29 36.431 8.374
14 30 23.408 2.882
14 31 12.814 6.222
14 32 7.118 9.866
14 33 24.488 9.515
14 34 82.592 5.392
14 35 63.081 9.792
14 36 3.614 1.685
14 37 35.274 4.535
14 38 57.586 6.108
14 39 28.263 9.443
14 40 35.744 9.673
14 41 59.159 8.585
14 42 62.38 6.15
14 43 45.224 9.147
14 44 30.423 3.773
14 45 3.031 5.936
14 46 70.828 0.687
14 47 59.276 5.718
14 48 60.327 2.247
14 49 65.604 2.195
15 16 76.686 5.935
15 17 59.777 3.96
15 18 10.409 6.666
15 19 12.576 1.825
15 20 38.412 5.606
15 21 70.633 0.345
15 22 56.681 1.508
15 23 47.971 7.579
15 24 6.596 7.377
15 25 48.336 4.948
15 26 59.35 1.517
15 27 41.471 4.921
15 28 8.19 4.291
15 29 30.429 9.606
15 30 53.041 8.966
15 31 77.964 2.804
15 32 32.807 5.935
15 33 36.086 4.65
15 34 26.695 8.629
15 35 31.25 6.221
15 36 0.576 1.71
15 37 80.59 7.99
15 38 74.467 5.731
15 39 4.485 3.838
15 40 76.968 9.215
15 41 6.617 8.184
15 42 17.849 8.276
15 43 4.346 1.078
15 44 30.562 0.891
15 45 24.72 1.939
15 46 67.157 7.068
15 47 11.43 0.183
15 48 74.583 8.11
15 49 16.99 3.89
16 17 2.074 2.628
16 18 62.565 9.966
16 19 42.064 6.112
16 20 71.533 3.005
16 21 19.741 4.627
16 22 14.198 7.485
16 23 45.469 2.63
16 24 55.842 1.196
16 25 66.556 5.847
16 26 32.038 7.052
16 27 71.086 2.83
16 28 81.543 5.131
16 29 82.537 0.48
16 30 17.853 0.496
16 31 23.019 2.992
16 32 64.052 7.389
16 33 73.744 0.821
16 34 81.209 4.849
16 35 71.337 5.141
16 36 25.728 1.55
16 37 49.721 1.034
16 38 13.643 1.457
16 39 71.974 8.476
16 40 80.26 9.233
16 41 40.298 8.707
16 42 35.88 0.821
16 43 12.213 5.303
16 44 55.409 1.594
16 45 47.126 0.713
16 46 53.776 6.21
16 47 25.54 8.197
16 48 36.042 5.907
16 49 3.219 8.209
17 18 9.378 6.882
17 19 0.964 8.604
17 20 9.137 8.633
17 21 82.706 9.261
17 22 81.705 8.627
17 23 0.495 7.07
17 24 6.237 3.299
17 25 11.645 5.145
17 26 77.941 8.174
17 27 52.299 0.818
17 28 82.276 8.987
17 29 78.909 6.966
17 30 78.039 3.658
17 31 54.435 4.489
17 32 82.585 2.765
17 33 33.499 7.45
17 34 51.27 6.186
17 35 2.924 4.904
17 36 33.604 9.612
17 37 44.712 4.448
17 38 3.647 0.529
17 39 17.003 9.49
17 40 51.085 3.655
17 41 0.559 7.858
17 42 34.221 6.29
17 43 39.607 5.124
17 44 54.446 4.636
17 45 74.123 3.68
17 46 41.744 9.414
17 47 34.737 4.717
17 48 7.346 5.586
17 49 18.056 8.134
18 19 15.89 3.532
18 20 69.011 2.92
18 21 46.716 8.471
18 22 59.935 5.008
18 23 49.964 0.323
18 24 71.066 3.963
18 25 62.43 6.288
18 26 80.243 6.088
18 27 59.852 3.454
18 28 25.513 3.756
18 29 16.617 5.863
18 30 20.489 4.537
18 31 66.15 1.188
18 32 12.538 3.608
18 33 14.921 5.816
18 34 15.973 0.884
18 35 73.191 2.404
18 36 71.601 3.273
18 37 60.18 9.03
18 38 29.372 8.367
18 39 40.595 2.508
18 40 73.44 6.273
18 41 27.112 3.35
18 42 77.531 3.68
18 43 56.95 9.154
18 44 70.035 7.864
18 45 71.508 1.885
18 46 25.405 3.018
18 47 16.644 4.078
18 48 81.235 0.178
18 49 26.878 7.428
19 20 33.02 2.207
19 21 3.313 2.582
19 22 74.233 0.21
19 23 38.285 8.8
19 24 57.002 4.596
19 25 25.94 2.014
19 26 19.821 0.691
19 27 43.134 9.548
19 28 17.374 5.925
19 29 71.696 0.911
19 30 53.711 7.174
19 31 7.071 5.911
19 32 36.037 3.875
19 33 6.825 3.164
19 34 65.57 7.125
19 35 79.589 5.897
19 36 55.804 9.137
19 37 66.993 5.831
19 38 70.779 7.171
19 39 9.861 7.162
19 40 30.721 7.133
19 41 81.956 1.604
19 42 70.622 9.05
19 43 59.3 2.993
19 44 50.119 5.186
19 45 1.924 9.247
19 46 8.687 1.295
19 47 6.0 4.74
19 48 78.57 1.413
19 49 51.718 6.789
20 21 36.287 9.036
20 22 58.633 2.313
20 23 71.197 7.448
20 24 60.201 0.511
20 25 73.511 3.06
20 26 50.2 7.678
20 27 33.521 0.967
20 28 1.545 6.62
20 29 74.9 0.422
20 30 15.547 4.885
20 31 36.202 1.609
20 32 81.263 9.727
20 33 14.895 2.282
20 34 42.851 8.033
20 35 30.047 2.967
20 36 39.083 9.746
20 37 56.118 1.881
20 38 1.886 9.584
20 39 34.983 2.856
20 40 66.14 8.858
20 41 44.006 9.638
20 42 56.277 8.267
20 43 65.983 7.005
20 44 79.275 5.653
20 45 27.044 3.647
20 46 58.505 7.736
20 47 68.303 5.253
20 48 35.125 9.101
20 49 49.807 5.035
21 22 69.237 1.304
21 23 35.539 7.159
21 24 38.282 4.842
21 25 17.376 4.423
21 26 27.678 3.616
21 27 46.71 9.78
21 28 34.434 0.97
21 29 59.156 7.665
21 30 67.916 0.643
21 31 39.263 4.071
21 32 20.343 6.962
21 33 69.062 2.836
21 34 28.05 1.409
21 35 75.066 3.973
21 36 34.535 4.803
21 37 9.056 8.194
21 38 65.722 6.913
21 39 49.137 2.367
21 40 71.506 2.413
21 41 32.829 1.18
21 42 2.817 2.347
21 43 65.942 8.773
21 44 59.782 5.713
21 45 57.71 9.169
21 46 32.21 1.352
21 47 22.262 4.257
21 48 11.306 3.934
21 49 26.499 0.358
22 23 26.998 4.59
22 24 76.323 9.391
22 25 55.077 1.628
22 26 45.99 2.85
22 27 81.68 2.052
22 28 16.191 1.158
22 29 58.671 4.102
22 30 10.657 2.792
22 31 22.773 7.216
22 32 42.017 9.512
22 33 30.861 5.492
22 34 26.365 1.498
22 35 12.22 3.521
22 36 27.362 2.336
22 37 12.361 0.841
22 38 61.514 6.439
22 39 30.091 1.992
22 40 35.645 3.664
22 41 36.892 7.103
22 42 23.912 4.396
22 43 73.841 0.198
22 44 9.168 2.591
22 45 38.443 9.393
22 46 63.222 7.29
22 47 54.436 5.996
22 48 82.368 3.285
22 49 55.837 8.09
23 24 24.018 5.701
23 25 30.491 7.36
23 26 0.104 3.423
23 27 8.448 2.293
23 28 52.67 5.891
23 29 3.399 1.222
23 30 57.882 7.824
23 31 44.924 2.21
23 32 63.698 0.676
23 33 22.337 8.492
23 34 52.74 1.093
23 35 81.769 2.533
23 36 79.306 6.949
23 37 64.824 1.46
23 38 24.254 9.96
23 39 37.42 5.704
23 40 34.793 9.503
23 41 72.086 9.326
23 42 64.951 1.176
23 43 41.933 5.172
23 44 57.4 2.46
23 45 16.168 5.003
23 46 9.023 6.988
23 47 38.543 8.572
23 48 4.416 4.373
23 49 70.539 4.696
24 25 16.192 6.451
24 26 57.151 7.267
24 27 21.993 9.629
24 28 30.981 8.298
24 29 46.974 5.325
24 30 62.371 9.572
24 31 39.78 8.527
24 32 28.22 7.533
24 33 11.121 3.282
24 34 7.905 7.292
24 35 56.18 3.514
24 36 36.059 5.264
24 37 46.51 1.413
24 38 24.263 7.449
24 39 51.88 4.737
24 40 55.367 1.155
24 41 11.012 7.326
24 42 8.168 4.754
24 43 26.401 0.071
24 44 6.723 2.706
24 45 45.355 8.41
24 46 41.617 8.977
24 47 69.916 8.267
24 48 57.64 0.117
24 49 39.511 3.646
25 26 7.492 2.327
25 27 36.542 8.869
25 28 53.389 2.827
25 29 40.087 2.498
25 30 44.879 5.937
25 31 28.903 5.371
25 32 12.554 3.935
25 33 52.228 9.599
25 34 45.086 6.436
25 35 39.665 1.528
25 36 34.14 9.051
25 37 54.446 3.236
25 38 5.45 6.282
25 39 57.558 7.217
25 40 23.65 7.869
25 41 79.572 3.044
25 42 52.58 0.583
25 43 52.459 4.141
25 44 20.379 2.685
25 45 51.937 7.025
25 46 66.594 6.813
25 47 5.869 2.513
25 48 26.955 6.924
25 49 49.231 9.754
26 27 78.364 5.851
26 28 79.35 1.75
26 29 36.612 4.987
26 30 31.101 1.006
26 31 67.798 3.039
26 32 71.121 2.448
26 33 67.277 4.562
26 34 13.232 5.547
26 35 27.673 5.422
26 36 61.866 2.205
26 37 42.489 6.163
26 38 77.611 0.897
26 39 78.836 2.292
26 40 82.72 3.744
26 41 16.791 6.312
26 42 36.268 1.716
26 43 69.095 8.435
26 44 31.294 3.242
26 45 11.589 7.023
26 46 72.506 0.348
26 47 42.962 1.001
26 48 54.235 8.673
26 49 13.876 1.449
27 28 0.617 1.515
27 29 67.085 5.977
27 30 20.442 9.722
27 31 7.36 2.884
27 32 52.515 6.927
27 33 0.394 7.495
27 34 42.778 2.028
27 35 1.043 8.43
27 36 66.192 2.197
27 37 11.889 6.97
27 38 16.726 4.198
27 39 39.688 6.258
27 40 66.178 4.378
27 41 36.968 7.236
27 42 47.331 0.722
27 43 10.171 4.185
27 44 59.203 1.485
27 45 21.707 8.645
27 46 6.058 7.538
27 47 26.774 5.803
27 48 54.763 0.8
27 49 56.199 1.438
28 29 16.491 7.228
28 30 21.136 0.725
28 31 51.58 5.209
28 32 1.951 6.196
28 33 58.327 5.789
28 34 21.237 2.28
28 35 37.619 7.885
28 36 4.616 6.177
28 37 82.985 5.431
28 38 32.655 9.749
28 39 13.323 6.603
28 40 64.946 5.671
28 41 13.691 2.405
28 42 34.446 4.155
28 43 73.234 7.074
28 44 32.72 7.17
28 45 44.496 0.309
28 46 49.051 4.392
28 47 82.776 0.195
28 48 79.37 0.612
28 49 59.003 1.533
29 30 36.124 4.15
29 31 10.665 7.825
29 32 5.678 7.296
29 33 52.727 1.839
29 34 61.175 7.896
29 35 25.985 7.616
29 36 58.757 1.646
29 37 61.818 6.984
29 38 77.461 1.165
29 39 63.133 2.111
29 40 79.239 6.442
29 41 24.644 7.932
29 42 45.687 8.4
29 43 38.353 7.344
29 44 40.278 2.121
29 45 3.877 7.923
29 46 69.388 6.65
29 47 17.014 1.882
29 48 16.399 9.567
29 49 28.603 1.558
30 31 49.91 6.754
30 32 62.171 7.695
30 33 39.348 0.916
30 34 7.798 8.255
30 35 32.312 2.022
30 36 71.351 7.505
30 37 30.508 7.906
30 38 16.11 0.481
30 39 10.968 5.531
30 40 47.985 2.853
30 41 72.811 7.724
30 42 59.924 4.088
30 43 62.477 5.445
30 44 49.145 9.834
30 45 35.192 0.309
30 46 70.092 9.486
30 47 61.531 8.87
30 48 36.81 5.035
30 49 71.231 0.437
31 32 61.767 9.559
31 33 12.395 1.477
31 34 42.658 7.557
31 35 63.226 8.353
31 36 21.961 3.035
31 37 81.282 0.282
31 38 21.394 4.671
31 39 41.28 8.145
31 40 61.285 2.832
31 41 37.384 9.729
31 42 50.961 2.872
31 43 40.184 3.088
31 44 11.381 1.474
31 45 3.4 6.402
31 46 73.875 9.35
31 47 49.325 7.324
31 48 34.146 9.103
31 49 4.2 9.427
32 33 20.895 9.818
32 34 16.246 8.701
32 35 17.778 2.612
32 36 11.192 4.522
32 37 11.708 1.831
32 38 57.923 3.658
32 39 23.724 6.298
32 40 40.371 3.948
32 41 40.944 7.458
32 42 58.086 8.534
32 43 54.431 1.265
32 44 67.514 9.826
32 45 23.978 5.557
32 46 60.722 0.332
32 47 43.191 5.142
32 48 10.013 4.725
32 49 20.891 8.652
33 34 31.49 2.853
33 35 27.902 1.201
33 36 34.702 3.158
33 37 16.61 7.706
33 38 71.783 4.303
33 39 53.741 8.157
33 40 17.465 7.261
33 41 27.085 4.636
33 42 50.317 4.691
33 43 79.03 3.05
33 44 12.566 7.618
33 45 54.861 1.379
33 46 21.764 9.315
33 47 68.078 4.581
33 48 59.964 6.882
33 49 67.147 7.613
34 35 54.655 5.759
34 36 66.596 7.58
34 37 11.633 7.197
34 38 10.442 9.719
34 39 39.821 2.487
34 40 5.227 2.33
34 41 71.626 7.715
34 42 80.052 1.342
34 43 30.335 3.94
34 44 77.094 0.635
34 45 31.458 0.704
34 46 6.071 4.055
34 47 15.054 2.112
34 48 36.371 5.995
34 49 18.016 2.876
35 36 31.712 2.197
35 37 44.586 7.231
35 38 29.049 8.91
35 39 27.778 2.168
35 40 32.086 9.491
35 41 7.725 8.182
35 42 78.816 2.709
35 43 27.268 8.407
35 44 18.664 7.145
35 45 36.124 8.884
35 46 52.123 0.069
35 47 72.42 4.384
35 48 24.856 1.289
35 49 74.422 8.186
36 37 18.184 8.212
36 38 45.232 6.135
36 39 62.448 9.878
36 40 40.081 5.167
36 41 31.625 0.394
36 42 4.684 4.374
36 43 13.293 8.728
36 44 43.03 8.345
36 45 28.712 2.377
36 46 73.989 8.226
36 47 51.243 8.88
36 48 38.777 7.137
36 49 79.649 8.28
37 38 68.522 2.556
37 39 61.945 5.07
37 40 52.567 7.564
37 41 58.947 4.016
37 42 20.695 2.456
37 43 79.611 6.652
37 44 74.613 0.508
37 45 56.171 2.203
37 46 60.831 3.791
37 47 80.568 8.84
37 48 56.945 5.827
37 49 63.486 9.352
38 39 20.452 8.257
38 40 68.695 6.039
38 41 4.367 9.073
38 42 27.641 2.149
38 43 74.846 1.026
38 44 57.449 4.143
38 45 39.303 2.132
38 46 43.163 9.358
38 47 53.256 4.525
38 48 80.556 9.418
38 49 66.598 8.984
39 40 74.784 4.658
39 41 15.003 7.408
39 42 67.365 4.573
39 43 43.953 9.149
39 44 39.917 2.031
39 45 71.298 0.9
39 46 12.23 9.032
39 47 67.078 5.334
39 48 82.582 4.104
39 49 43.928 8.251
40 41 78.336 8.575
40 42 6.511 5.539
40 43 73.755 7.037
40 44 15.424 5.603
40 45 58.993 4.695
40 46 17.988 5.286
40 47 68.581 4.49
40 48 47.884 6.469
40 49 77.845 8.234
41 42 50.382 3.937
41 43 65.677 2.455
41 44 20.937 3.607
41 45 55.936 5.363
41 46 52.941 9.958
41 47 50.786 8.815
41 48 72.672 5.037
41 49 17.77 8.874
42 43 56.347 7.379
42 44 64.4 2.548
42 45 57.411 2.664
42 46 38.856 7.561
42 47 28.727 3.01
42 48 62.376 1.137
42 49 81.168 7.259
43 44 52.034 4.453
43 45 5.627 8.224
43 46 39.203 3.451
43 47 82.11 2.841
43 48 10.041 3.079
43 49 35.505 0.227
44 45 74.99 7.382
44 46 45.854 3.983
44 47 12.429 1.647
44 48 68.568 6.487
44 49 42.538 0.571
45 46 70.23 2.949
45 47 82.509 3.105
45 48 48.874 5.034
45 49 15.733 2.028
46 47 36.563 4.086
46 48 31.261 9.198
46 49 12.797 9.453
47 48 38.565 3.713
47 49 19.215 7.228
48 49 17.191 4.098
