50
99
0 1 20 1
0 2 20 2
0 3 2 4
0 4 2 4
0 5 2 4
0 6 2 4
0 7 2 4
0 8 2 4
0 9 2 4
0 10 2 4
0 11 2 4
0 12 2 4
0 13 2 4
0 14 2 4
0 15 2 4
0 16 2 4
0 17 2 4
0 18 2 4
0 19 2 4
0 20 2 4
0 21 2 4
0 22 2 4
0 23 2 4
0 24 2 4
0 25 2 4
0 26 2 4
0 27 2 4
0 28 2 4
0 29 2 4
0 30 2 4
0 31 2 4
0 32 2 4
0 33 2 4
0 34 2 4
0 35 2 4
0 36 2 4
0 37 2 4
0 38 2 4
0 39 2 4
0 40 2 4
0 41 2 4
0 42 2 4
0 43 2 4
0 44 2 4
0 45 2 4
0 46 2 4
0 47 2 4
0 48 2 4
0 49 2 4
1 2 20 2
1 3 2 4
1 4 2 4
1 5 2 4
1 6 2 4
1 7 2 4
1 8 2 4
1 9 2 4
1 10 2 4
1 11 2 4
1 12 2 4
1 13 2 4
1 14 2 4
1 15 2 4
1 16 2 4
1 17 2 4
1 18 2 4
1 19 2 4
1 20 2 4
1 21 2 4
1 22 2 4
1 23 2 4
1 24 2 4
1 25 2 4
1 26 2 4
1 27 2 4
1 28 2 4
1 29 2 4
1 30 2 4
1 31 2 4
1 32 2 4
1 33 2 4
1 34 2 4
1 35 2 4
1 36 2 4
1 37 2 4
1 38 2 4
1 39 2 4
1 40 2 4
1 41 2 4
1 42 2 4
1 43 2 4
1 44 2 4
1 45 2 4
1 46 2 4
1 47 2 4
1 48 2 4
1 49 2 4
2 3 2 4
2 4 2 4
2 5 2 4
2 6 2 4
2 7 2 4
2 8 2 4
2 9 2 4
2 10 2 4
2 11 2 4
2 12 2 4
2 13 2 4
2 14 2 4
2 15 2 4
2 16 2 4
2 17 2 4
2 18 2 4
2 19 2 4
2 20 2 4
2 21 2 4
2 22 2 4
2 23 2 4
2 24 2 4
2 25 2 4
2 26 2 4
2 27 2 4
2 28 2 4
2 29 2 4
2 30 2 4
2 31 2 4
2 32 2 4
2 33 2 4
2 34 2 4
2 35 2 4
2 36 2 4
2 37 2 4
2 38 2 4
2 39 2 4
2 40 2 4
2 41 2 4
2 42 2 4
2 43 2 4
2 44 2 4
2 45 2 4
2 46 2 4
2 47 2 4
2 48 2 4
2 49 2 4
3 4 20 1
3 5 20 2
3 6 2 4
3 7 2 4
3 8 2 4
3 9 2 4
3 10 2 4
3 11 2 4
3 12 2 4
3 13 2 4
3 14 2 4
3 15 2 4
3 16 2 4
3 17 2 4
3 18 2 4
3 19 2 4
3 20 2 4
3 21 2 4
3 22 2 4
3 23 2 4
3 24 2 4
3 25 2 4
3 26 2 4
3 27 2 4
3 28 2 4
3 29 2 4
3 30 2 4
3 31 2 4
3 32 2 4
3 33 2 4
3 34 2 4
3 35 2 4
3 36 2 4
3 37 2 4
3 38 2 4
3 39 2 4
3 40 2 4
3 41 2 4
3 42 2 4
3 43 2 4
3 44 2 4
3 45 2 4
3 46 2 4
3 47 2 4
3 48 2 4
3 49 2 4
4 5 20 2
4 6 2 4
4 7 2 4
4 8 2 4
4 9 2 4
4 10 2 4
4 11 2 4
4 12 2 4
4 13 2 4
4 14 2 4
4 15 2 4
4 16 2 4
4 17 2 4
4 18 2 4
4 19 2 4
4 20 2 4
4 21 2 4
4 22 2 4
4 23 2 4
4 24 2 4
4 25 2 4
4 26 2 4
4 27 2 4
4 28 2 4
4 29 2 4
4 30 2 4
4 31 2 4
4 32 2 4
4 33 2 4
4 34 2 4
4 35 2 4
4 36 2 4
4 37 2 4
4 38 2 4
4 39 2 4
4 40 2 4
4 41 2 4
4 42 2 4
4 43 2 4
4 44 2 4
4 45 2 4
4 46 2 4
4 47 2 4
4 48 2 4
4 49 2 4
5 6 2 4
5 7 2 4
5 8 2 4
5 9 2 4
5 10 2 4
5 11 2 4
5 12 2 4
5 13 2 4
5 14 2 4
5 15 2 4
5 16 2 4
5 17 2 4
5 18 2 4
5 19 2 4
5 20 2 4
5 21 2 4
5 22 2 4
5 23 2 4
5 24 2 4
5 25 2 4
5 26 2 4
5 27 2 4
5 28 2 4
5 29 2 4
5 30 2 4
5 31 2 4
5 32 2 4
5 33 2 4
5 34 2 4
5 35 2 4
5 36 2 4
5 37 2 4
5 38 2 4
5 39 2 4
5 40 2 4
5 41 2 4
5 42 2 4
5 43 2 4
5 44 2 4
5 45 2 4
5 46 2 4
5 47 2 4
5 48 2 4
5 49 2 4
6 7 20 1
6 8 20 2
6 9 2 4
6 10 2 4
6 11 2 4
6 12 2 4
6 13 2 4
6 14 2 4
6 15 2 4
6 16 2 4
6 17 2 4
6 18 2 4
6 19 2 4
6 20 2 4
6 21 2 4
6 22 2 4
6 23 2 4
6 24 2 4
6 25 2 4
6 26 2 4
6 27 2 4
6 28 2 4
6 29 2 4
6 30 2 4
6 31 2 4
6 32 2 4
6 33 2 4
6 34 2 4
6 35 2 4
6 36 2 4
6 37 2 4
6 38 2 4
6 39 2 4
6 40 2 4
6 41 2 4
6 42 2 4
6 43 2 4
6 44 2 4
6 45 2 4
6 46 2 4
6 47 2 4
6 48 2 4
6 49 2 4
7 8 20 2
7 9 2 4
7 10 2 4
7 11 2 4
7 12 2 4
7 13 2 4
7 14 2 4
7 15 2 4
7 16 2 4
7 17 2 4
7 18 2 4
7 19 2 4
7 20 2 4
7 21 2 4
7 22 2 4
7 23 2 4
7 24 2 4
7 25 2 4
7 26 2 4
7 27 2 4
7 28 2 4
7 29 2 4
7 30 2 4
7 31 2 4
7 32 2 4
7 33 2 4
7 34 2 4
7 35 2 4
7 36 2 4
7 37 2 4
7 38 2 4
7 39 2 4
7 40 2 4
7 41 2 4
7 42 2 4
7 43 2 4
7 44 2 4
7 45 2 4
7 46 2 4
7 47 2 4
7 48 2 4
7 49 2 4
8 9 2 4
8 10 2 4
8 11 2 4
8 12 2 4
8 13 2 4
8 14 2 4
8 15 2 4
8 16 2 4
8 17 2 4
8 18 2 4
8 19 2 4
8 20 2 4
8 21 2 4
8 22 2 4
8 23 2 4
8 24 2 4
8 25 2 4
8 26 2 4
8 27 2 4
8 28 2 4
8 29 2 4
8 30 2 4
8 31 2 4
8 32 2 4
8 33 2 4
8 34 2 4
8 35 2 4
8 36 2 4
8 37 2 4
8 38 2 4
8 39 2 4
8 40 2 4
8 41 2 4
8 42 2 4
8 43 2 4
8 44 2 4
8 45 2 4
8 46 2 4
8 47 2 4
8 48 2 4
8 49 2 4
9 10 20 1
9 11 20 2
9 12 2 4
9 13 2 4
9 14 2 4
9 15 2 4
9 16 2 4
9 17 2 4
9 18 2 4
9 19 2 4
9 20 2 4
9 21 2 4
9 22 2 4
9 23 2 4
9 24 2 4
9 25 2 4
9 26 2 4
9 27 2 4
9 28 2 4
9 29 2 4
9 30 2 4
9 31 2 4
9 32 2 4
9 33 2 4
9 34 2 4
9 35 2 4
9 36 2 4
9 37 2 4
9 38 2 4
9 39 2 4
9 40 2 4
9 41 2 4
9 42 2 4
9 43 2 4
9 44 2 4
9 45 2 4
9 46 2 4
9 47 2 4
9 48 2 4
9 49 2 4
10 11 20 2
10 12 2 4
10 13 2 4
10 14 2 4
10 15 2 4
10 16 2 4
10 17 2 4
10 18 2 4
10 19 2 4
10 20 2 4
10 21 2 4
10 22 2 4
10 23 2 4
10 24 2 4
10 25 2 4
10 26 2 4
10 27 2 4
10 28 2 4
10 29 2 4
10 30 2 4
10 31 2 4
10 32 2 4
10 33 2 4
10 34 2 4
10 35 2 4
10 36 2 4
10 37 2 4
10 38 2 4
10 39 2 4
10 40 2 4
10 41 2 4
10 42 2 4
10 43 2 4
10 44 2 4
10 45 2 4
10 46 2 4
10 47 2 4
10 48 2 4
10 49 2 4
11 12 2 4
11 13 2 4
11 14 2 4
11 15 2 4
11 16 2 4
11 17 2 4
11 18 2 4
11 19 2 4
11 20 2 4
11 21 2 4
11 22 2 4
11 23 2 4
11 24 2 4
11 25 2 4
11 26 2 4
11 27 2 4
11 28 2 4
11 29 2 4
11 30 2 4
11 31 2 4
11 32 2 4
11 33 2 4
11 34 2 4
11 35 2 4
11 36 2 4
11 37 2 4
11 38 2 4
11 39 2 4
11 40 2 4
11 41 2 4
11 42 2 4
11 43 2 4
11 44 2 4
11 45 2 4
11 46 2 4
11 47 2 4
11 48 2 4
11 49 2 4
12 13 20 1
12 14 20 2
12 15 2 4
12 16 2 4
12 17 2 4
12 18 2 4
12 19 2 4
12 20 2 4
12 21 2 4
12 22 2 4
12 23 2 4
12 24 2 4
12 25 2 4
12 26 2 4
12 27 2 4
12 28 2 4
12 29 2 4
12 30 2 4
12 31 2 4
12 32 2 4
12 33 2 4
12 34 2 4
12 35 2 4
12 36 2 4
12 37 2 4
12 38 2 4
12 39 2 4
12 40 2 4
12 41 2 4
12 42 2 4
12 43 2 4
12 44 2 4
12 45 2 4
12 46 2 4
12 47 2 4
12 48 2 4
12 49 2 4
13 14 20 2
13 15 2 4
13 16 2 4
13 17 2 4
13 18 2 4
13 19 2 4
13 20 2 4
13 21 2 4
13 22 2 4
13 23 2 4
13 24 2 4
13 25 2 4
13 26 2 4
13 27 2 4
13 28 2 4
13 29 2 4
13 30 2 4
13 31 2 4
13 32 2 4
13 33 2 4
13 34 2 4
13 35 2 4
13 36 2 4
13 37 2 4
13 38 2 4
13 39 2 4
13 40 2 4
13 41 2 4
13 42 2 4
13 43 2 4
13 44 2 4
13 45 2 4
13 46 2 4
13 47 2 4
13 48 2 4
13 49 2 4
14 15 2 4
14 16 2 4
14 17 2 4
14 18 2 4
14 19 2 4
14 20 2 4
14 21 2 4
14 22 2 4
14 23 2 4
14 24 2 4
14 25 2 4
14 26 2 4
14 27 2 4
14 28 2 4
14 29 2 4
14 30 2 4
14 31 2 4
14 32 2 4
14 33 2 4
14 34 2 4
14 35 2 4
14 36 2 4
14 37 2 4
14 38 2 4
14 39 2 4
14 40 2 4
14 41 2 4
14 42 2 4
14 43 2 4
14 44 2 4
14 45 2 4
14 46 2 4
14 47 2 4
14 48 2 4
14 49 2 4
15 16 20 1
15 17 20 2
15 18 2 4
15 19 2 4
15 20 2 4
15 21 2 4
15 22 2 4
15 23 2 4
15 24 2 4
15 25 2 4
15 26 2 4
15 27 2 4
15 28 2 4
15 29 2 4
15 30 2 4
15 31 2 4
15 32 2 4
15 33 2 4
15 34 2 4
15 35 2 4
15 36 2 4
15 37 2 4
15 38 2 4
15 39 2 4
15 40 2 4
15 41 2 4
15 42 2 4
15 43 2 4
15 44 2 4
15 45 2 4
15 46 2 4
15 47 2 4
15 48 2 4
15 49 2 4
16 17 20 2
16 18 2 4
16 19 2 4
16 20 2 4
16 21 2 4
16 22 2 4
16 23 2 4
16 24 2 4
16 25 2 4
16 26 2 4
16 27 2 4
16 28 2 4
16 29 2 4
16 30 2 4
16 31 2 4
16 32 2 4
16 33 2 4
16 34 2 4
16 35 2 4
16 36 2 4
16 37 2 4
16 38 2 4
16 39 2 4
16 40 2 4
16 41 2 4
16 42 2 4
16 43 2 4
16 44 2 4
16 45 2 4
16 46 2 4
16 47 2 4
16 48 2 4
16 49 2 4
17 18 2 4
17 19 2 4
17 20 2 4
17 21 2 4
17 22 2 4
17 23 2 4
17 24 2 4
17 25 2 4
17 26 2 4
17 27 2 4
17 28 2 4
17 29 2 4
17 30 2 4
17 31 2 4
17 32 2 4
17 33 2 4
17 34 2 4
17 35 2 4
17 36 2 4
17 37 2 4
17 38 2 4
17 39 2 4
17 40 2 4
17 41 2 4
17 42 2 4
17 43 2 4
17 44 2 4
17 45 2 4
17 46 2 4
17 47 2 4
17 48 2 4
17 49 2 4
18 19 20 2
18 20 2 4
18 21 2 4
18 22 2 4
18 23 2 4
18 24 2 4
18 25 2 4
18 26 2 4
18 27 2 4
18 28 2 4
18 29 2 4
18 30 2 4
18 31 2 4
18 32 2 4
18 33 2 4
18 34 2 4
18 35 2 4
18 36 2 4
18 37 2 4
18 38 2 4
18 39 2 4
18 40 2 4
18 41 2 4
18 42 2 4
18 43 2 4
18 44 2 4
18 45 2 4
18 46 2 4
18 47 2 4
18 48 2 4
18 49 2 4
19 20 2 4
19 21 2 4
19 22 2 4
19 23 2 4
19 24 2 4
19 25 2 4
19 26 2 4
19 27 2 4
19 28 2 4
19 29 2 4
19 30 2 4
19 31 2 4
19 32 2 4
19 33 2 4
19 34 2 4
19 35 2 4
19 36 2 4
19 37 2 4
19 38 2 4
19 39 2 4
19 40 2 4
19 41 2 4
19 42 2 4
19 43 2 4
19 44 2 4
19 45 2 4
19 46 2 4
19 47 2 4
19 48 2 4
19 49 2 4
20 21 20 1
20 22 20 2
20 23 2 4
20 24 2 4
20 25 2 4
20 26 2 4
20 27 2 4
20 28 2 4
20 29 2 4
20 30 2 4
20 31 2 4
20 32 2 4
20 33 2 4
20 34 2 4
20 35 2 4
20 36 2 4
20 37 2 4
20 38 2 4
20 39 2 4
20 40 2 4
20 41 2 4
20 42 2 4
20 43 2 4
20 44 2 4
20 45 2 4
20 46 2 4
20 47 2 4
20 48 2 4
20 49 2 4
21 22 20 2
21 23 2 4
21 24 2 4
21 25 2 4
21 26 2 4
21 27 2 4
21 28 2 4
21 29 2 4
21 30 2 4
21 31 2 4
21 32 2 4
21 33 2 4
21 34 2 4
21 35 2 4
21 36 2 4
21 37 2 4
21 38 2 4
21 39 2 4
21 40 2 4
21 41 2 4
21 42 2 4
21 43 2 4
21 44 2 4
21 45 2 4
21 46 2 4
21 47 2 4
21 48 2 4
21 49 2 4
22 23 2 4
22 24 2 4
22 25 2 4
22 26 2 4
22 27 2 4
22 28 2 4
22 29 2 4
22 30 2 4
22 31 2 4
22 32 2 4
22 33 2 4
22 34 2 4
22 35 2 4
22 36 2 4
22 37 2 4
22 38 2 4
22 39 2 4
22 40 2 4
22 41 2 4
22 42 2 4
22 43 2 4
22 44 2 4
22 45 2 4
22 46 2 4
22 47 2 4
22 48 2 4
22 49 2 4
23 24 20 1
23 25 20 2
23 26 2 4
23 27 2 4
23 28 2 4
23 29 2 4
23 30 2 4
23 31 2 4
23 32 2 4
23 33 2 4
23 34 2 4
23 35 2 4
23 36 2 4
23 37 2 4
23 38 2 4
23 39 2 4
23 40 2 4
23 41 2 4
23 42 2 4
23 43 2 4
23 44 2 4
23 45 2 4
23 46 2 4
23 47 2 4
23 48 2 4
23 49 2 4
24 25 20 2
24 26 2 4
24 27 2 4
24 28 2 4
24 29 2 4
24 30 2 4
24 31 2 4
24 32 2 4
24 33 2 4
24 34 2 4
24 35 2 4
24 36 2 4
24 37 2 4
24 38 2 4
24 39 2 4
24 40 2 4
24 41 2 4
24 42 2 4
24 43 2 4
24 44 2 4
24 45 2 4
24 46 2 4
24 47 2 4
24 48 2 4
24 49 2 4
25 26 2 4
25 27 2 4
25 28 2 4
25 29 2 4
25 30 2 4
25 31 2 4
25 32 2 4
25 33 2 4
25 34 2 4
25 35 2 4
25 36 2 4
25 37 2 4
25 38 2 4
25 39 2 4
25 40 2 4
25 41 2 4
25 42 2 4
25 43 2 4
25 44 2 4
25 45 2 4
25 46 2 4
25 47 2 4
25 48 2 4
25 49 2 4
26 27 20 1
26 28 20 2
26 29 2 4
26 30 2 4
26 31 2 4
26 32 2 4
26 33 2 4
26 34 2 4
26 35 2 4
26 36 2 4
26 37 2 4
26 38 2 4
26 39 2 4
26 40 2 4
26 41 2 4
26 42 2 4
26 43 2 4
26 44 2 4
26 45 2 4
26 46 2 4
26 47 2 4
26 48 2 4
26 49 2 4
27 28 20 2
27 29 2 4
27 30 2 4
27 31 2 4
27 32 2 4
27 33 2 4
27 34 2 4
27 35 2 4
27 36 2 4
27 37 2 4
27 38 2 4
27 39 2 4
27 40 2 4
27 41 2 4
27 42 2 4
27 43 2 4
27 44 2 4
27 45 2 4
27 46 2 4
27 47 2 4
27 48 2 4
27 49 2 4
28 29 2 4
28 30 2 4
28 31 2 4
28 32 2 4
28 33 2 4
28 34 2 4
28 35 2 4
28 36 2 4
28 37 2 4
28 38 2 4
28 39 2 4
28 40 2 4
28 41 2 4
28 42 2 4
28 43 2 4
28 44 2 4
28 45 2 4
28 46 2 4
28 47 2 4
28 48 2 4
28 49 2 4
29 30 20 1
29 31 20 2
29 32 2 4
29 33 2 4
29 34 2 4
29 35 2 4
29 36 2 4
29 37 2 4
29 38 2 4
29 39 2 4
29 40 2 4
29 41 2 4
29 42 2 4
29 43 2 4
29 44 2 4
29 45 2 4
29 46 2 4
29 47 2 4
29 48 2 4
29 49 2 4
30 31 20 2
30 32 2 4
30 33 2 4
30 34 2 4
30 35 2 4
30 36 2 4
30 37 2 4
30 38 2 4
30 39 2 4
30 40 2 4
30 41 2 4
30 42 2 4
30 43 2 4
30 44 2 4
30 45 2 4
30 46 2 4
30 47 2 4
30 48 2 4
30 49 2 4
31 32 2 4
31 33 2 4
31 34 2 4
31 35 2 4
31 36 2 4
31 37 2 4
31 38 2 4
31 39 2 4
31 40 2 4
31 41 2 4
31 42 2 4
31 43 2 4
31 44 2 4
31 45 2 4
31 46 2 4
31 47 2 4
31 48 2 4
31 49 2 4
32 33 20 1
32 34 20 2
32 35 2 4
32 36 2 4
32 37 2 4
32 38 2 4
32 39 2 4
32 40 2 4
32 41 2 4
32 42 2 4
32 43 2 4
32 44 2 4
32 45 2 4
32 46 2 4
32 47 2 4
32 48 2 4
32 49 2 4
33 34 20 2
33 35 2 4
33 36 2 4
33 37 2 4
33 38 2 4
33 39 2 4
33 40 2 4
33 41 2 4
33 42 2 4
33 43 2 4
33 44 2 4
33 45 2 4
33 46 2 4
33 47 2 4
33 48 2 4
33 49 2 4
34 35 2 4
34 36 2 4
34 37 2 4
34 38 2 4
34 39 2 4
34 40 2 4
34 41 2 4
34 42 2 4
34 43 2 4
34 44 2 4
34 45 2 4
34 46 2 4
34 47 2 4
34 48 2 4
34 49 2 4
35 36 20 1
35 37 20 2
35 38 2 4
35 39 2 4
35 40 2 4
35 41 2 4
35 42 2 4
35 43 2 4
35 44 2 4
35 45 2 4
35 46 2 4
35 47 2 4
35 48 2 4
35 49 2 4
36 37 20 2
36 38 2 4
36 39 2 4
36 40 2 4
36 41 2 4
36 42 2 4
36 43 2 4
36 44 2 4
36 45 2 4
36 46 2 4
36 47 2 4
36 48 2 4
36 49 2 4
37 38 2 4
37 39 2 4
37 40 2 4
37 41 2 4
37 42 2 4
37 43 2 4
37 44 2 4
37 45 2 4
37 46 2 4
37 47 2 4
37 48 2 4
37 49 2 4
38 39 20 1
38 40 20 2
38 41 2 4
38 42 2 4
38 43 2 4
38 44 2 4
38 45 2 4
38 46 2 4
38 47 2 4
38 48 2 4
38 49 2 4
39 40 20 2
39 41 2 4
39 42 2 4
39 43 2 4
39 44 2 4
39 45 2 4
39 46 2 4
39 47 2 4
39 48 2 4
39 49 2 4
40 41 2 4
40 42 2 4
40 43 2 4
40 44 2 4
40 45 2 4
40 46 2 4
40 47 2 4
40 48 2 4
40 49 2 4
41 42 20 1
41 43 20 2
41 44 2 4
41 45 2 4
41 46 2 4
41 47 2 4
41 48 2 4
41 49 2 4
42 43 20 2
42 44 2 4
42 45 2 4
42 46 2 4
42 47 2 4
42 48 2 4
42 49 2 4
43 44 2 4
43 45 2 4
43 46 2 4
43 47 2 4
43 48 2 4
43 49 2 4
44 45 20 1
44 46 20 2
44 47 2 4
44 48 2 4
44 49 2 4
45 46 20 2
45 47 2 4
45 48 2 4
45 49 2 4
46 47 2 4
46 48 2 4
46 49 2 4
47 48 20 1
47 49 20 2
48 49 20 2