50
35
0 1 0.341 0.5
0 2 0.601 0.906
0 3 0.703 0.741
0 4 0.875 0.08
0 5 0.442 0.662
0 6 0.703 0.173
0 7 0.666 1.053
0 8 0.828 0.397
0 9 0.415 0.467
0 10 0.01 1.318
0 11 0.01 1.418
0 12 0.01 1.518
0 13 0.01 1.618
0 14 0.01 1.718
0 15 0.01 1.818
0 16 0.01 1.918
0 17 0.01 2.018
0 18 0.01 2.118
0 19 0.01 2.218
0 20 0.01 11.317
0 21 0.01 11.417
0 22 0.01 11.517
0 23 0.01 11.617
0 24 0.01 11.716
0 25 0.01 11.816
0 26 0.01 11.916
0 27 0.01 12.016
0 28 0.01 12.116
0 29 0.01 12.216
0 30 0.01 31.317
0 31 0.01 31.417
0 32 0.01 31.517
0 33 0.01 31.617
0 34 0.01 31.717
0 35 0.01 31.817
0 36 0.01 31.917
0 37 0.01 32.017
0 38 0.01 32.117
0 39 0.01 32.217
0 40 0.003 61.317
0 41 0.003 61.417
0 42 0.003 61.517
0 43 0.003 61.617
0 44 0.003 61.717
0 45 0.003 61.817
0 46 0.003 61.917
0 47 0.003 62.017
0 48 0.003 62.117
0 49 0.003 62.217
1 2 0.721 0.19
1 3 0.158 0.481
1 4 0.26 0.162
1 5 0.758 0.315
1 6 0.565 0.34
1 7 0.55 0.338
1 8 0.602 0.901
1 9 0.995 0.046
1 10 0.01 2.318
1 11 0.01 2.418
1 12 0.01 2.518
1 13 0.01 2.618
1 14 0.01 2.718
1 15 0.01 2.818
1 16 0.01 2.918
1 17 0.01 3.018
1 18 0.01 3.118
1 19 0.01 3.218
1 20 0.01 12.316
1 21 0.01 12.416
1 22 0.01 12.516
1 23 0.01 12.616
1 24 0.01 12.716
1 25 0.01 12.816
1 26 0.01 12.916
1 27 0.01 13.016
1 28 0.01 13.116
1 29 0.01 13.216
1 30 0.01 32.317
1 31 0.01 32.417
1 32 0.01 32.517
1 33 0.01 32.617
1 34 0.01 32.717
1 35 0.01 32.817
1 36 0.01 32.917
1 37 0.01 33.017
1 38 0.01 33.117
1 39 0.01 33.217
1 40 0.003 62.317
1 41 0.003 62.417
1 42 0.003 62.517
1 43 0.003 62.617
1 44 0.003 62.717
1 45 0.003 62.817
1 46 0.003 62.917
1 47 0.003 63.017
1 48 0.003 63.117
1 49 0.003 63.217
2 3 0.489 0.758
2 4 0.751 0.487
2 5 0.84 0.675
2 6 0.811 0.386
2 7 0.782 0.732
2 8 0.059 0.679
2 9 0.796 0.579
2 10 0.01 3.318
2 11 0.01 3.418
2 12 0.01 3.518
2 13 0.01 3.618
2 14 0.01 3.718
2 15 0.01 3.818
2 16 0.01 3.918
2 17 0.01 4.018
2 18 0.01 4.118
2 19 0.01 4.218
2 20 0.01 13.316
2 21 0.01 13.416
2 22 0.01 13.516
2 23 0.01 13.616
2 24 0.01 13.716
2 25 0.01 13.816
2 26 0.01 13.916
2 27 0.01 14.016
2 28 0.01 14.116
2 29 0.01 14.216
2 30 0.01 33.317
2 31 0.01 33.417
2 32 0.01 33.517
2 33 0.01 33.617
2 34 0.01 33.717
2 35 0.01 33.817
2 36 0.01 33.917
2 37 0.01 34.017
2 38 0.01 34.117
2 39 0.01 34.217
2 40 0.003 63.317
2 41 0.003 63.417
2 42 0.003 63.517
2 43 0.003 63.617
2 44 0.003 63.717
2 45 0.003 63.817
2 46 0.003 63.917
2 47 0.003 64.017
2 48 0.003 64.117
2 49 0.003 64.217
3 4 0.475 0.69
3 5 0.494 0.693
3 6 0.5 0.847
3 7 0.245 0.641
3 8 0.437 0.708
3 9 0.962 0.99
3 10 0.01 4.318
3 11 0.01 4.418
3 12 0.01 4.518
3 13 0.01 4.618
3 14 0.01 4.718
3 15 0.01 4.818
3 16 0.01 4.917
3 17 0.01 5.017
3 18 0.01 5.117
3 19 0.01 5.217
3 20 0.01 14.316
3 21 0.01 14.416
3 22 0.01 14.516
3 23 0.01 14.616
3 24 0.01 14.716
3 25 0.01 14.816
3 26 0.01 14.916
3 27 0.01 15.016
3 28 0.01 15.116
3 29 0.01 15.216
3 30 0.01 34.317
3 31 0.01 34.417
3 32 0.01 34.517
3 33 0.01 34.617
3 34 0.01 34.717
3 35 0.01 34.817
3 36 0.01 34.917
3 37 0.01 35.017
3 38 0.01 35.117
3 39 0.01 35.217
3 40 0.003 64.317
3 41 0.003 64.417
3 42 0.003 64.517
3 43 0.003 64.617
3 44 0.003 64.717
3 45 0.003 64.816
3 46 0.003 64.916
3 47 0.003 65.016
3 48 0.003 65.116
3 49 0.003 65.216
4 5 0.348 0.675
4 6 0.789 0.796
4 7 0.338 0.542
4 8 0.544 0.972
4 9 0.788 0.107
4 10 0.01 5.317
4 11 0.01 5.417
4 12 0.01 5.517
4 13 0.01 5.617
4 14 0.01 5.717
4 15 0.01 5.817
4 16 0.01 5.917
4 17 0.01 6.017
4 18 0.01 6.117
4 19 0.01 6.217
4 20 0.01 15.316
4 21 0.01 15.416
4 22 0.01 15.516
4 23 0.01 15.616
4 24 0.01 15.716
4 25 0.01 15.816
4 26 0.01 15.916
4 27 0.01 16.016
4 28 0.01 16.116
4 29 0.01 16.216
4 30 0.01 35.317
4 31 0.01 35.417
4 32 0.01 35.517
4 33 0.01 35.617
4 34 0.01 35.717
4 35 0.01 35.817
4 36 0.01 35.917
4 37 0.01 36.017
4 38 0.01 36.117
4 39 0.01 36.217
4 40 0.003 65.316
4 41 0.003 65.416
4 42 0.003 65.516
4 43 0.003 65.616
4 44 0.003 65.716
4 45 0.003 65.816
4 46 0.003 65.916
4 47 0.003 66.016
4 48 0.003 66.116
4 49 0.003 66.216
5 6 0.663 0.77
5 7 0.449 0.113
5 8 0.266 0.032
5 9 0.813 0.526
5 10 0.01 6.317
5 11 0.01 6.417
5 12 0.01 6.517
5 13 0.01 6.617
5 14 0.01 6.717
5 15 0.01 6.817
5 16 0.01 6.917
5 17 0.01 7.017
5 18 0.01 7.117
5 19 0.01 7.217
5 20 0.01 16.316
5 21 0.01 16.416
5 22 0.01 16.516
5 23 0.01 16.616
5 24 0.01 16.716
5 25 0.01 16.816
5 26 0.01 16.916
5 27 0.01 17.017
5 28 0.01 17.117
5 29 0.01 17.217
5 30 0.01 36.317
5 31 0.01 36.417
5 32 0.01 36.517
5 33 0.01 36.617
5 34 0.01 36.717
5 35 0.01 36.817
5 36 0.01 36.917
5 37 0.01 37.017
5 38 0.01 37.117
5 39 0.01 37.217
5 40 0.003 66.316
5 41 0.003 66.416
5 42 0.003 66.516
5 43 0.003 66.616
5 44 0.003 66.716
5 45 0.003 66.816
5 46 0.003 66.916
5 47 0.003 67.016
5 48 0.003 67.116
5 49 0.003 67.216
6 7 0.529 0.528
6 8 0.021 0.963
6 9 0.643 0.759
6 10 0.01 7.317
6 11 0.01 7.417
6 12 0.01 7.517
6 13 0.01 7.617
6 14 0.01 7.717
6 15 0.01 7.817
6 16 0.01 7.917
6 17 0.01 8.017
6 18 0.01 8.117
6 19 0.01 8.217
6 20 0.01 17.317
6 21 0.01 17.417
6 22 0.01 17.517
6 23 0.01 17.617
6 24 0.01 17.717
6 25 0.01 17.817
6 26 0.01 17.917
6 27 0.01 18.017
6 28 0.01 18.117
6 29 0.01 18.217
6 30 0.01 37.317
6 31 0.01 37.417
6 32 0.01 37.517
6 33 0.01 37.617
6 34 0.01 37.717
6 35 0.01 37.817
6 36 0.01 37.917
6 37 0.01 38.017
6 38 0.01 38.117
6 39 0.01 38.217
6 40 0.003 67.316
6 41 0.003 67.416
6 42 0.003 67.516
6 43 0.003 67.616
6 44 0.003 67.716
6 45 0.003 67.816
6 46 0.003 67.916
6 47 0.003 68.016
6 48 0.003 68.116
6 49 0.003 68.216
7 8 0.743 0.88
7 9 0.683 0.267
7 10 0.01 8.317
7 11 0.01 8.417
7 12 0.01 8.517
7 13 0.01 8.617
7 14 0.01 8.717
7 15 0.01 8.817
7 16 0.01 8.917
7 17 0.01 9.017
7 18 0.01 9.117
7 19 0.01 9.217
7 20 0.01 18.317
7 21 0.01 18.417
7 22 0.01 18.517
7 23 0.01 18.617
7 24 0.01 18.717
7 25 0.01 18.817
7 26 0.01 18.917
7 27 0.01 19.017
7 28 0.01 19.117
7 29 0.01 19.217
7 30 0.01 38.317
7 31 0.01 38.417
7 32 0.01 38.517
7 33 0.01 38.617
7 34 0.01 38.717
7 35 0.01 38.817
7 36 0.01 38.917
7 37 0.01 39.017
7 38 0.01 39.117
7 39 0.01 39.217
7 40 0.003 68.316
7 41 0.003 68.416
7 42 0.003 68.516
7 43 0.003 68.616
7 44 0.003 68.716
7 45 0.003 68.816
7 46 0.003 68.916
7 47 0.003 69.016
7 48 0.003 69.116
7 49 0.003 69.216
8 9 0.132 0.927
8 10 0.01 9.317
8 11 0.01 9.417
8 12 0.01 9.517
8 13 0.01 9.617
8 14 0.01 9.717
8 15 0.01 9.817
8 16 0.01 9.917
8 17 0.01 10.017
8 18 0.01 10.117
8 19 0.01 10.217
8 20 0.01 19.317
8 21 0.01 19.417
8 22 0.01 19.517
8 23 0.01 19.617
8 24 0.01 19.717
8 25 0.01 19.817
8 26 0.01 19.917
8 27 0.01 20.017
8 28 0.01 20.117
8 29 0.01 20.217
8 30 0.01 39.317
8 31 0.01 39.417
8 32 0.01 39.517
8 33 0.01 39.617
8 34 0.01 39.717
8 35 0.01 39.817
8 36 0.01 39.917
8 37 0.01 40.017
8 38 0.01 40.117
8 39 0.01 40.217
8 40 0.003 69.316
8 41 0.003 69.416
8 42 0.003 69.516
8 43 0.003 69.616
8 44 0.003 69.716
8 45 0.003 69.816
8 46 0.003 69.916
8 47 0.003 70.016
8 48 0.003 70.116
8 49 0.003 70.216
9 10 0.01 10.317
9 11 0.01 10.417
9 12 0.01 10.517
9 13 0.01 10.617
9 14 0.01 10.717
9 15 0.01 10.817
9 16 0.01 10.917
9 17 0.01 11.017
9 18 0.01 11.117
9 19 0.01 11.217
9 20 0.01 20.317
9 21 0.01 20.417
9 22 0.01 20.517
9 23 0.01 20.617
9 24 0.01 20.717
9 25 0.01 20.817
9 26 0.01 20.917
9 27 0.01 21.017
9 28 0.01 21.117
9 29 0.01 21.217
9 30 0.01 40.317
9 31 0.01 40.417
9 32 0.01 40.517
9 33 0.01 40.617
9 34 0.01 40.717
9 35 0.01 40.817
9 36 0.01 40.917
9 37 0.01 41.017
9 38 0.01 41.117
9 39 0.01 41.217
9 40 0.003 70.316
9 41 0.003 70.416
9 42 0.003 70.516
9 43 0.003 70.616
9 44 0.003 70.716
9 45 0.003 70.816
9 46 0.003 70.916
9 47 0.003 71.016
9 48 0.003 71.116
9 49 0.003 71.216
10 11 0.594 0.244
10 12 0.961 0.374
10 13 0.351 1.218
10 14 0.116 0.736
10 15 0.754 0.633
10 16 0.194 0.793
10 17 0.56 0.895
10 18 0.42 0.206
10 19 0.176 0.069
10 20 0.01 21.317
10 21 0.01 21.417
10 22 0.01 21.517
10 23 0.01 21.617
10 24 0.01 21.717
10 25 0.01 21.817
10 26 0.01 21.917
10 27 0.01 22.017
10 28 0.01 22.117
10 29 0.01 22.217
10 30 0.01 41.317
10 31 0.01 41.417
10 32 0.01 41.517
10 33 0.01 41.617
10 34 0.01 41.717
10 35 0.01 41.817
10 36 0.01 41.917
10 37 0.01 42.017
10 38 0.01 42.117
10 39 0.01 42.217
10 40 0.003 71.316
10 41 0.003 71.416
10 42 0.003 71.516
10 43 0.003 71.616
10 44 0.003 71.716
10 45 0.003 71.816
10 46 0.003 71.916
10 47 0.003 72.016
10 48 0.003 72.116
10 49 0.003 72.216
11 12 0.632 0.395
11 13 0.167 0.385
11 14 0.273 0.844
11 15 0.561 0.326
11 16 0.443 0.405
11 17 0.935 0.987
11 18 0.746 0.882
11 19 0.187 0.283
11 20 0.01 22.317
11 21 0.01 22.417
11 22 0.01 22.517
11 23 0.01 22.617
11 24 0.01 22.717
11 25 0.01 22.817
11 26 0.01 22.917
11 27 0.01 23.017
11 28 0.01 23.117
11 29 0.01 23.217
11 30 0.01 42.317
11 31 0.01 42.417
11 32 0.01 42.517
11 33 0.01 42.617
11 34 0.01 42.717
11 35 0.01 42.817
11 36 0.01 42.917
11 37 0.01 43.017
11 38 0.01 43.117
11 39 0.01 43.217
11 40 0.003 72.316
11 41 0.003 72.416
11 42 0.003 72.516
11 43 0.003 72.616
11 44 0.003 72.716
11 45 0.003 72.816
11 46 0.003 72.916
11 47 0.003 73.016
11 48 0.003 73.116
11 49 0.003 73.216
12 13 0.631 0.74
12 14 0.527 0.753
12 15 0.308 0.182
12 16 0.042 0.11
12 17 0.932 0.515
12 18 0.083 0.42
12 19 0.843 0.541
12 20 0.01 23.317
12 21 0.01 23.417
12 22 0.01 23.517
12 23 0.01 23.617
12 24 0.01 23.717
12 25 0.01 23.817
12 26 0.01 23.917
12 27 0.01 24.017
12 28 0.01 24.117
12 29 0.01 24.217
12 30 0.01 43.317
12 31 0.01 43.417
12 32 0.01 43.517
12 33 0.01 43.617
12 34 0.01 43.717
12 35 0.01 43.817
12 36 0.01 43.917
12 37 0.01 44.017
12 38 0.01 44.117
12 39 0.01 44.217
12 40 0.003 73.316
12 41 0.003 73.416
12 42 0.003 73.516
12 43 0.003 73.616
12 44 0.003 73.716
12 45 0.003 73.816
12 46 0.003 73.916
12 47 0.003 74.016
12 48 0.003 74.116
12 49 0.003 74.216
13 14 0.555 0.482
13 15 0.239 0.698
13 16 0.251 0.908
13 17 0.091 0.258
13 18 0.989 0.368
13 19 0.946 0.564
13 20 0.01 24.317
13 21 0.01 24.417
13 22 0.01 24.517
13 23 0.01 24.617
13 24 0.01 24.717
13 25 0.01 24.817
13 26 0.01 24.917
13 27 0.01 25.017
13 28 0.01 25.117
13 29 0.01 25.217
13 30 0.01 44.317
13 31 0.01 44.417
13 32 0.01 44.517
13 33 0.01 44.617
13 34 0.01 44.717
13 35 0.01 44.817
13 36 0.01 44.917
13 37 0.01 45.017
13 38 0.01 45.117
13 39 0.01 45.217
13 40 0.003 74.316
13 41 0.003 74.416
13 42 0.003 74.516
13 43 0.003 74.616
13 44 0.003 74.716
13 45 0.003 74.816
13 46 0.003 74.916
13 47 0.003 75.016
13 48 0.003 75.116
13 49 0.003 75.216
14 15 0.665 0.237
14 16 0.46 0.479
14 17 0.713 0.905
14 18 0.562 0.386
14 19 0.878 0.221
14 20 0.01 25.317
14 21 0.01 25.417
14 22 0.01 25.517
14 23 0.01 25.617
14 24 0.01 25.717
14 25 0.01 25.817
14 26 0.01 25.917
14 27 0.01 26.017
14 28 0.01 26.117
14 29 0.01 26.217
14 30 0.01 45.317
14 31 0.01 45.417
14 32 0.01 45.517
14 33 0.01 45.617
14 34 0.01 45.717
14 35 0.01 45.817
14 36 0.01 45.917
14 37 0.01 46.017
14 38 0.01 46.117
14 39 0.01 46.217
14 40 0.003 75.316
14 41 0.003 75.416
14 42 0.003 75.516
14 43 0.003 75.616
14 44 0.003 75.716
14 45 0.003 75.816
14 46 0.003 75.916
14 47 0.003 76.016
14 48 0.003 76.116
14 49 0.003 76.216
15 16 0.904 0.725
15 17 0.579 0.635
15 18 0.282 0.021
15 19 0.425 0.094
15 20 0.01 26.317
15 21 0.01 26.417
15 22 0.01 26.517
15 23 0.01 26.617
15 24 0.01 26.717
15 25 0.01 26.817
15 26 0.01 26.917
15 27 0.01 27.017
15 28 0.01 27.117
15 29 0.01 27.217
15 30 0.01 46.317
15 31 0.01 46.417
15 32 0.01 46.517
15 33 0.01 46.617
15 34 0.01 46.717
15 35 0.01 46.817
15 36 0.01 46.917
15 37 0.01 47.017
15 38 0.01 47.117
15 39 0.01 47.217
15 40 0.003 76.316
15 41 0.003 76.416
15 42 0.003 76.516
15 43 0.003 76.616
15 44 0.003 76.716
15 45 0.003 76.816
15 46 0.003 76.916
15 47 0.003 77.016
15 48 0.003 77.116
15 49 0.003 77.216
16 17 0.093 0.536
16 18 0.01 0.728
16 19 0.68 0.574
16 20 0.01 27.317
16 21 0.01 27.417
16 22 0.01 27.517
16 23 0.01 27.617
16 24 0.01 27.717
16 25 0.01 27.817
16 26 0.01 27.917
16 27 0.01 28.017
16 28 0.01 28.117
16 29 0.01 28.217
16 30 0.01 47.317
16 31 0.01 47.417
16 32 0.01 47.517
16 33 0.01 47.617
16 34 0.01 47.717
16 35 0.01 47.817
16 36 0.01 47.917
16 37 0.01 48.017
16 38 0.01 48.117
16 39 0.01 48.217
16 40 0.003 77.316
16 41 0.003 77.416
16 42 0.003 77.516
16 43 0.003 77.616
16 44 0.003 77.716
16 45 0.003 77.816
16 46 0.003 77.916
16 47 0.003 78.016
16 48 0.003 78.116
16 49 0.003 78.216
17 18 0.82 0.462
17 19 0.689 0.975
17 20 0.01 28.317
17 21 0.01 28.417
17 22 0.01 28.517
17 23 0.01 28.617
17 24 0.01 28.717
17 25 0.01 28.817
17 26 0.01 28.917
17 27 0.01 29.017
17 28 0.01 29.117
17 29 0.01 29.217
17 30 0.01 48.317
17 31 0.01 48.417
17 32 0.01 48.517
17 33 0.01 48.617
17 34 0.01 48.717
17 35 0.01 48.817
17 36 0.01 48.917
17 37 0.01 49.017
17 38 0.01 49.117
17 39 0.01 49.217
17 40 0.003 78.316
17 41 0.003 78.416
17 42 0.003 78.516
17 43 0.003 78.616
17 44 0.003 78.716
17 45 0.003 78.816
17 46 0.003 78.916
17 47 0.003 79.016
17 48 0.003 79.116
17 49 0.003 79.216
18 19 0.102 0.726
18 20 0.01 29.317
18 21 0.01 29.417
18 22 0.01 29.517
18 23 0.01 29.617
18 24 0.01 29.717
18 25 0.01 29.817
18 26 0.01 29.917
18 27 0.01 30.017
18 28 0.01 30.117
18 29 0.01 30.217
18 30 0.01 49.317
18 31 0.01 49.417
18 32 0.01 49.517
18 33 0.01 49.617
18 34 0.01 49.717
18 35 0.01 49.817
18 36 0.01 49.917
18 37 0.01 50.017
18 38 0.01 50.117
18 39 0.01 50.217
18 40 0.003 79.316
18 41 0.003 79.416
18 42 0.003 79.516
18 43 0.003 79.616
18 44 0.003 79.716
18 45 0.003 79.816
18 46 0.003 79.916
18 47 0.003 80.016
18 48 0.003 80.116
18 49 0.003 80.216
19 20 0.01 30.317
19 21 0.01 30.417
19 22 0.01 30.517
19 23 0.01 30.617
19 24 0.01 30.717
19 25 0.01 30.817
19 26 0.01 30.917
19 27 0.01 31.017
19 28 0.01 31.117
19 29 0.01 31.217
19 30 0.01 50.317
19 31 0.01 50.417
19 32 0.01 50.517
19 33 0.01 50.617
19 34 0.01 50.717
19 35 0.01 50.817
19 36 0.01 50.917
19 37 0.01 51.017
19 38 0.01 51.117
19 39 0.01 51.217
19 40 0.003 80.316
19 41 0.003 80.416
19 42 0.003 80.516
19 43 0.003 80.616
19 44 0.003 80.716
19 45 0.003 80.816
19 46 0.003 80.916
19 47 0.003 81.016
19 48 0.003 81.116
19 49 0.003 81.216
20 21 0.438 0.383
20 22 0.573 0.489
20 23 0.367 0.145
20 24 0.863 0.357
20 25 0.464 0.982
20 26 0.541 0.592
20 27 0.075 0.637
20 28 0.138 0.126
20 29 0.306 0.253
20 30 0.01 51.317
20 31 0.01 51.417
20 32 0.01 51.517
20 33 0.01 51.617
20 34 0.01 51.717
20 35 0.01 51.817
20 36 0.01 51.917
20 37 0.01 52.017
20 38 0.01 52.117
20 39 0.01 52.217
20 40 0.003 81.316
20 41 0.003 81.416
20 42 0.003 81.516
20 43 0.003 81.616
20 44 0.003 81.716
20 45 0.003 81.816
20 46 0.003 81.916
20 47 0.003 82.016
20 48 0.003 82.116
20 49 0.003 82.216
21 22 0.615 0.34
21 23 0.7 0.554
21 24 0.668 0.63
21 25 0.933 0.845
21 26 0.323 0.737
21 27 0.911 0.89
21 28 0.969 0.372
21 29 0.136 0.04
21 30 0.01 52.317
21 31 0.01 52.417
21 32 0.01 52.517
21 33 0.01 52.617
21 34 0.01 52.717
21 35 0.01 52.817
21 36 0.01 52.917
21 37 0.01 53.017
21 38 0.01 53.117
21 39 0.01 53.217
21 40 0.003 82.316
21 41 0.003 82.416
21 42 0.003 82.516
21 43 0.003 82.616
21 44 0.003 82.716
21 45 0.003 82.816
21 46 0.003 82.916
21 47 0.003 83.016
21 48 0.003 83.116
21 49 0.003 83.216
22 23 0.55 0.867
22 24 0.039 0.919
22 25 0.995 0.861
22 26 0.974 0.298
22 27 0.966 0.413
22 28 0.466 0.713
22 29 0.321 0.24
22 30 0.01 53.317
22 31 0.01 53.417
22 32 0.01 53.517
22 33 0.01 53.617
22 34 0.01 53.717
22 35 0.01 53.817
22 36 0.01 53.917
22 37 0.01 54.017
22 38 0.01 54.117
22 39 0.01 54.217
22 40 0.003 83.316
22 41 0.003 83.416
22 42 0.003 83.516
22 43 0.003 83.616
22 44 0.003 83.716
22 45 0.003 83.816
22 46 0.003 83.916
22 47 0.003 84.016
22 48 0.003 84.116
22 49 0.003 84.216
23 24 0.083 0.841
23 25 0.566 0.627
23 26 0.609 0.838
23 27 0.607 0.889
23 28 0.355 0.622
23 29 0.661 0.948
23 30 0.01 54.317
23 31 0.01 54.417
23 32 0.01 54.517
23 33 0.01 54.617
23 34 0.01 54.717
23 35 0.01 54.817
23 36 0.01 54.917
23 37 0.01 55.017
23 38 0.01 55.117
23 39 0.01 55.217
23 40 0.003 84.316
23 41 0.003 84.416
23 42 0.003 84.516
23 43 0.003 84.616
23 44 0.003 84.716
23 45 0.003 84.816
23 46 0.003 84.916
23 47 0.003 85.016
23 48 0.003 85.116
23 49 0.003 85.216
24 25 0.556 0.753
24 26 0.965 0.154
24 27 0.682 0.029
24 28 0.277 0.799
24 29 0.816 0.428
24 30 0.01 55.317
24 31 0.01 55.417
24 32 0.01 55.517
24 33 0.01 55.617
24 34 0.01 55.717
24 35 0.01 55.817
24 36 0.01 55.917
24 37 0.01 56.017
24 38 0.01 56.117
24 39 0.01 56.217
24 40 0.003 85.316
24 41 0.003 85.416
24 42 0.003 85.516
24 43 0.003 85.616
24 44 0.003 85.716
24 45 0.003 85.816
24 46 0.003 85.916
24 47 0.003 86.016
24 48 0.003 86.116
24 49 0.003 86.216
25 26 0.037 0.872
25 27 0.473 0.206
25 28 0.209 0.269
25 29 0.261 0.488
25 30 0.01 56.317
25 31 0.01 56.417
25 32 0.01 56.517
25 33 0.01 56.617
25 34 0.01 56.717
25 35 0.01 56.817
25 36 0.01 56.917
25 37 0.01 57.017
25 38 0.01 57.117
25 39 0.01 57.217
25 40 0.003 86.316
25 41 0.003 86.416
25 42 0.003 86.516
25 43 0.003 86.616
25 44 0.003 86.716
25 45 0.003 86.816
25 46 0.003 86.916
25 47 0.003 87.016
25 48 0.003 87.116
25 49 0.003 87.216
26 27 0.851 0.939
26 28 0.496 0.162
26 29 0.854 0.701
26 30 0.01 57.317
26 31 0.01 57.417
26 32 0.01 57.517
26 33 0.01 57.617
26 34 0.01 57.717
26 35 0.01 57.817
26 36 0.01 57.917
26 37 0.01 58.017
26 38 0.01 58.117
26 39 0.01 58.217
26 40 0.003 87.316
26 41 0.003 87.416
26 42 0.003 87.516
26 43 0.003 87.616
26 44 0.003 87.716
26 45 0.003 87.816
26 46 0.003 87.916
26 47 0.003 88.016
26 48 0.003 88.116
26 49 0.003 88.216
27 28 0.085 0.22
27 29 0.668 0.689
27 30 0.01 58.317
27 31 0.01 58.417
27 32 0.01 58.517
27 33 0.01 58.617
27 34 0.01 58.717
27 35 0.01 58.817
27 36 0.01 58.917
27 37 0.01 59.017
27 38 0.01 59.117
27 39 0.01 59.217
27 40 0.003 88.316
27 41 0.003 88.416
27 42 0.003 88.516
27 43 0.003 88.616
27 44 0.003 88.716
27 45 0.003 88.816
27 46 0.003 88.916
27 47 0.003 89.016
27 48 0.003 89.116
27 49 0.003 89.216
28 29 0.669 0.084
28 30 0.01 59.317
28 31 0.01 59.417
28 32 0.01 59.517
28 33 0.01 59.617
28 34 0.01 59.717
28 35 0.01 59.817
28 36 0.01 59.917
28 37 0.01 60.017
28 38 0.01 60.117
28 39 0.01 60.217
28 40 0.003 89.316
28 41 0.003 89.416
28 42 0.003 89.516
28 43 0.003 89.616
28 44 0.003 89.716
28 45 0.003 89.816
28 46 0.003 89.916
28 47 0.003 90.016
28 48 0.003 90.116
28 49 0.003 90.216
29 30 0.01 60.317
29 31 0.01 60.417
29 32 0.01 60.517
29 33 0.01 60.617
29 34 0.01 60.717
29 35 0.01 60.817
29 36 0.01 60.917
29 37 0.01 61.017
29 38 0.01 61.117
29 39 0.01 61.217
29 40 0.003 90.316
29 41 0.003 90.416
29 42 0.003 90.516
29 43 0.003 90.616
29 44 0.003 90.716
29 45 0.003 90.816
29 46 0.003 90.916
29 47 0.003 91.016
29 48 0.003 91.116
29 49 0.003 91.216
30 31 0.759 0.787
30 32 0.694 2.333
30 33 0.767 0.997
30 34 0.129 0.879
30 35 0.112 0.331
30 36 0.163 0.607
30 37 0.489 0.047
30 38 0.632 0.043
30 39 0.287 0.374
30 40 0.003 91.316
30 41 0.003 91.416
30 42 0.003 91.516
30 43 0.003 91.616
30 44 0.003 91.716
30 45 0.003 91.816
30 46 0.003 91.916
30 47 0.003 92.016
30 48 0.003 92.116
30 49 0.003 92.216
31 32 0.271 0.83
31 33 0.732 0.695
31 34 0.519 0.231
31 35 0.655 0.143
31 36 0.955 0.643
31 37 0.687 0.064
31 38 0.694 0.335
31 39 0.897 0.435
31 40 0.003 92.316
31 41 0.003 92.416
31 42 0.003 92.516
31 43 0.003 92.616
31 44 0.003 92.716
31 45 0.003 92.816
31 46 0.003 92.916
31 47 0.003 93.016
31 48 0.003 93.116
31 49 0.003 93.216
32 33 0.152 0.375
32 34 0.355 0.646
32 35 0.625 0.78
32 36 0.373 0.483
32 37 0.052 0.031
32 38 0.613 0.936
32 39 0.162 0.758
32 40 0.003 93.316
32 41 0.003 93.416
32 42 0.003 93.516
32 43 0.003 93.616
32 44 0.003 93.716
32 45 0.003 93.816
32 46 0.003 93.916
32 47 0.003 94.016
32 48 0.003 94.116
32 49 0.003 94.216
33 34 0.844 0.049
33 35 0.787 0.906
33 36 0.469 0.558
33 37 0.325 0.463
33 38 0.517 0.014
33 39 0.43 0.395
33 40 0.003 94.316
33 41 0.003 94.416
33 42 0.003 94.516
33 43 0.003 94.616
33 44 0.003 94.716
33 45 0.003 94.816
33 46 0.003 94.916
33 47 0.003 95.016
33 48 0.003 95.116
33 49 0.003 95.216
34 35 0.134 0.419
34 36 0.234 0.154
34 37 0.764 0.874
34 38 0.074 0.668
34 39 0.415 0.029
34 40 0.003 95.316
34 41 0.003 95.416
34 42 0.003 95.516
34 43 0.003 95.616
34 44 0.003 95.716
34 45 0.003 95.816
34 46 0.003 95.916
34 47 0.003 96.016
34 48 0.003 96.116
34 49 0.003 96.216
35 36 0.409 0.784
35 37 0.832 0.625
35 38 0.987 0.074
35 39 0.863 0.396
35 40 0.003 96.316
35 41 0.003 96.416
35 42 0.003 96.516
35 43 0.003 96.616
35 44 0.003 96.716
35 45 0.003 96.816
35 46 0.003 96.916
35 47 0.003 97.016
35 48 0.003 97.116
35 49 0.003 97.216
36 37 0.182 0.684
36 38 0.349 0.942
36 39 0.348 0.592
36 40 0.003 97.316
36 41 0.003 97.416
36 42 0.003 97.516
36 43 0.003 97.616
36 44 0.003 97.716
36 45 0.003 97.816
36 46 0.003 97.916
36 47 0.003 98.016
36 48 0.003 98.116
36 49 0.003 98.216
37 38 0.373 0.363
37 39 0.268 0.631
37 40 0.003 98.316
37 41 0.003 98.416
37 42 0.003 98.516
37 43 0.003 98.616
37 44 0.003 98.716
37 45 0.003 98.816
37 46 0.003 98.916
37 47 0.003 99.016
37 48 0.003 99.116
37 49 0.003 99.216
38 39 0.33 0.239
38 40 0.003 99.316
38 41 0.003 99.416
38 42 0.003 99.516
38 43 0.003 99.616
38 44 0.003 99.716
38 45 0.003 99.816
38 46 0.003 99.916
38 47 0.003 99.916
38 48 0.003 99.916
38 49 0.003 99.916
39 40 0.003 99.916
39 41 0.003 99.916
39 42 0.003 99.916
39 43 0.003 99.916
39 44 0.003 99.916
39 45 0.003 99.916
39 46 0.003 99.916
39 47 0.003 99.916
39 48 0.003 99.916
39 49 0.003 99.916
40 41 0.445 0.154
40 42 0.717 0.548
40 43 0.896 0.549
40 44 0.858 0.382
40 45 0.817 0.174
40 46 0.941 1.042
40 47 0.097 0.014
40 48 0.087 0.795
40 49 0.417 0.374
41 42 0.897 0.744
41 43 0.697 0.458
41 44 0.421 0.763
41 45 0.229 0.709
41 46 0.238 0.322
41 47 0.125 0.249
41 48 0.037 0.881
41 49 0.672 0.267
42 43 0.107 0.041
42 44 0.853 0.836
42 45 0.463 0.149
42 46 0.489 0.917
42 47 0.999 0.649
42 48 0.153 0.73
42 49 0.182 0.341
43 44 0.118 0.868
43 45 0.233 0.022
43 46 0.518 0.545
43 47 0.936 0.189
43 48 0.003 0.778
43 49 0.113 0.86
44 45 0.751 0.986
44 46 0.387 0.907
44 47 0.379 0.604
44 48 0.391 0.674
44 49 0.784 0.247
45 46 0.2 0.305
45 47 0.241 0.251
45 48 0.864 0.292
45 49 0.372 1.079
46 47 0.05 0.817
46 48 0.323 0.675
46 49 0.134 0.886
47 48 0.935 0.168
47 49 0.542 0.624
48 49 0.804 0.96