50
56.1
0 1 0.003 0.008
0 2 0.015 0.011
0 3 0.017 0.008
0 4 21.382 99.623
0 5 0.018 0.004
0 6 30.999 99.9
0 7 0.003 0.003
0 8 0.003 0.012
0 9 0.014 0.008
0 10 0.004 0.016
0 11 0.013 0.005
0 12 0.001 0.005
0 13 7.778 77.512
0 14 0.001 0.015
0 15 24.053 69.409
0 16 0.015 0.015
0 17 0.002 0.013
0 18 0.009 31.677
0 19 0.01 0.017
0 20 0.004 43.324
0 21 0.017 0.019
0 22 8.223 99.9
0 23 0.014 0.004
0 24 0.013 0.015
0 25 0.019 0.013
0 26 0.014 0.002
0 27 0.006 52.113
0 28 0.013 0.018
0 29 45.668 91.435
0 30 0.001 51.97
0 31 0.017 0.02
0 32 0.009 0.016
0 33 0.006 0.019
0 34 0.011 0.012
0 35 0.002 0.015
0 36 0.013 0.016
0 37 28.565 80.188
0 38 0.019 0.002
0 39 3.234 99.9
0 40 0.006 35.34
0 41 0.008 0.011
0 42 0.013 0.014
0 43 0.004 0.015
0 44 26.361 92.602
0 45 0.009 0.016
0 46 1.72 72.824
0 47 0.004 0.008
0 48 11.86 82.887
0 49 0.011 0.005
1 2 0.009 0.008
1 3 0.018 0.004
1 4 0.011 31.106
1 5 0.009 0.015
1 6 0.004 46.722
1 7 0.013 0.019
1 8 0.006 0.017
1 9 0.009 0.014
1 10 0.02 0.021
1 11 0.006 0.01
1 12 0.003 0.011
1 13 0.005 49.136
1 14 0.017 0.019
1 15 0.005 56.002
1 16 0.019 0.006
1 17 0.009 0.02
1 18 35.389 71.448
1 19 0.016 0.008
1 20 41.319 90.27
1 21 0.016 0.02
1 22 40.592 70.189
1 23 0.008 0.005
1 24 0.018 0.012
1 25 0.011 0.007
1 26 0.012 0.011
1 27 13.735 99.9
1 28 0.005 0.01
1 29 12.088 99.9
1 30 0.004 47.232
1 31 0.008 0.011
1 32 0.012 0.017
1 33 0.02 0.001
1 34 0.001 0.019
1 35 0.002 0.009
1 36 0.006 0.01
1 37 0.003 34.315
1 38 0.014 0.017
1 39 0.002 34.614
1 40 0.004 53.095
1 41 0.006 0.014
1 42 0.004 0.016
1 43 0.004 0.007
1 44 0.001 31.056
1 45 0.004 0.015
1 46 28.263 76.748
1 47 0.014 0.013
1 48 6.069 90.587
1 49 0.016 0.004
2 3 0.002 0.014
2 4 15.322 58.648
2 5 0.006 0.007
2 6 0.005 54.982
2 7 0.005 0.019
2 8 0.007 0.008
2 9 0.013 0.009
2 10 0.003 0.017
2 11 0.013 0.014
2 12 0.014 0.008
2 13 0.008 52.085
2 14 0.006 0.014
2 15 43.021 71.465
2 16 0.015 0.007
2 17 0.003 0.003
2 18 22.071 84.38
2 19 0.008 0.011
2 20 0.009 45.817
2 21 0.017 0.019
2 22 0.009 54.054
2 23 0.014 0.002
2 24 0.015 0.006
2 25 0.019 0.003
2 26 0.01 0.008
2 27 0.008 49.142
2 28 0.014 0.014
2 29 0.011 53.772
2 30 37.859 61.436
2 31 0.006 0.015
2 32 0.016 0.014
2 33 0.004 0.011
2 34 0.012 0.005
2 35 0.021 0.014
2 36 0.014 0.007
2 37 5.774 56.407
2 38 0.003 0.018
2 39 16.927 68.545
2 40 0.004 47.944
2 41 0.006 0.003
2 42 0.003 0.003
2 43 0.003 0.002
2 44 16.95 99.9
2 45 0.007 0.016
2 46 0.006 36.066
2 47 0.018 0.007
2 48 38.592 87.811
2 49 0.002 0.004
3 4 37.294 57.386
3 5 0.016 0.017
3 6 49.962 80.287
3 7 0.013 0.011
3 8 0.005 0.005
3 9 0.014 0.001
3 10 0.02 0.009
3 11 0.009 0.01
3 12 0.018 0.018
3 13 41.356 99.9
3 14 0.009 0.016
3 15 0.005 44.02
3 16 0.011 0.01
3 17 0.016 0.019
3 18 8.175 95.689
3 19 0.011 0.016
3 20 0.008 53.939
3 21 0.005 0.015
3 22 7.172 99.126
3 23 0.021 0.018
3 24 0.014 0.007
3 25 0.005 0.017
3 26 0.016 0.004
3 27 0.001 28.89
3 28 0.002 0.02
3 29 24.508 71.273
3 30 0.003 48.27
3 31 0.013 0.002
3 32 0.012 0.003
3 33 0.017 0.015
3 34 0.005 0.018
3 35 0.007 0.016
3 36 0.011 0.018
3 37 49.934 96.786
3 38 0.017 0.002
3 39 16.199 81.834
3 40 0.008 45.6
3 41 0.012 0.02
3 42 0.006 0.01
3 43 0.011 0.018
3 44 0.002 39.69
3 45 0.017 0.015
3 46 30.649 99.9
3 47 0.014 0.012
3 48 0.009 33.541
3 49 0.018 0.011
4 5 28.65 99.9
4 6 39.826 99.9
4 7 0.006 55.916
4 8 0.003 36.613
4 9 0.002 49.28
4 10 46.576 78.451
4 11 0.004 50.907
4 12 0.006 30.89
4 13 49.806 72.573
4 14 47.537 99.9
4 15 26.36 82.031
4 16 0.005 34.335
4 17 0.006 28.649
4 18 3.504 87.106
4 19 43.548 99.9
4 20 0.002 43.961
4 21 42.633 83.808
4 22 0.008 42.144
4 23 0.002 53.949
4 24 0.003 55.888
4 25 0.004 40.421
4 26 0.003 28.267
4 27 14.027 71.442
4 28 0.009 38.766
4 29 68.244 0.003
4 30 62.442 0.018
4 31 32.837 87.231
4 32 0.01 43.966
4 33 0.003 53.318
4 34 0.009 55.334
4 35 35.63 99.9
4 36 41.804 99.9
4 37 60.421 0.019
4 38 20.183 93.51
4 39 0.005 28.36
4 40 49.674 93.274
4 41 31.054 64.534
4 42 9.463 70.28
4 43 0.01 30.971
4 44 47.9 99.9
4 45 0.003 42.966
4 46 0.003 46.04
4 47 0.886 83.904
4 48 0.01 48.33
4 49 0.002 54.333
5 6 0.005 50.271
5 7 0.002 0.02
5 8 0.014 0.017
5 9 0.01 0.002
5 10 0.008 0.004
5 11 0.01 0.011
5 12 0.005 0.002
5 13 0.008 40.246
5 14 0.006 0.013
5 15 0.008 47.846
5 16 0.019 0.005
5 17 0.007 0.02
5 18 0.002 37.601
5 19 0.02 0.01
5 20 0.008 46.86
5 21 0.002 0.015
5 22 6.137 99.9
5 23 0.006 0.014
5 24 0.012 0.016
5 25 0.006 0.014
5 26 0.008 0.009
5 27 0.006 37.896
5 28 0.002 0.002
5 29 0.004 50.533
5 30 0.002 37.099
5 31 0.002 0.005
5 32 0.014 0.017
5 33 0.005 0.009
5 34 0.011 0.002
5 35 0.011 0.006
5 36 0.006 0.012
5 37 36.587 78.559
5 38 0.016 0.02
5 39 3.478 99.177
5 40 0.01 49.515
5 41 0.016 0.014
5 42 0.004 0.02
5 43 0.008 0.012
5 44 0.005 37.852
5 45 0.002 0.015
5 46 9.283 74.424
5 47 0.007 0.009
5 48 29.423 99.9
5 49 0.017 0.008
6 7 0.011 38.042
6 8 38.449 66.428
6 9 28.941 83.326
6 10 0.003 50.3
6 11 0.005 45.808
6 12 37.19 99.9
6 13 66.781 0.004
6 14 0.003 50.537
6 15 0.009 41.47
6 16 0.003 35.39
6 17 47.214 90.729
6 18 77.214 0.01
6 19 1.924 86.987
6 20 38.87 66.487
6 21 38.676 64.174
6 22 20.299 56.89
6 23 0.008 30.172
6 24 0.002 52.912
6 25 33.759 82.98
6 26 0.006 34.688
6 27 0.006 38.076
6 28 13.538 99.9
6 29 14.782 98.091
6 30 0.003 36.603
6 31 5.298 97.248
6 32 34.817 67.224
6 33 4.927 99.9
6 34 34.775 74.408
6 35 0.006 39.865
6 36 0.01 50.572
6 37 32.177 76.042
6 38 0.008 35.11
6 39 0.001 49.273
6 40 53.062 0.011
6 41 23.274 99.9
6 42 30.225 99.9
6 43 1.313 99.9
6 44 0.005 49.755
6 45 9.927 57.884
6 46 48.795 66.261
6 47 0.009 45.192
6 48 33.07 98.695
6 49 0.002 32.482
7 8 0.01 0.014
7 9 0.013 0.016
7 10 0.006 0.017
7 11 0.02 0.02
7 12 0.016 0.007
7 13 0.499 99.9
7 14 0.003 0.014
7 15 0.008 52.366
7 16 0.003 0.003
7 17 0.019 0.016
7 18 34.331 99.9
7 19 0.011 0.02
7 20 13.706 72.729
7 21 0.008 0.006
7 22 0.006 48.214
7 23 0.016 0.013
7 24 0.01 0.003
7 25 0.006 0.006
7 26 0.019 0.007
7 27 12.079 99.9
7 28 0.005 0.004
7 29 47.833 99.9
7 30 0.005 48.143
7 31 0.008 0.016
7 32 0.017 0.011
7 33 0.016 0.01
7 34 0.001 0.004
7 35 0.011 0.011
7 36 0.004 0.008
7 37 30.358 58.156
7 38 0.02 0.002
7 39 42.629 58.496
7 40 37.001 80.399
7 41 0.013 0.011
7 42 0.008 0.011
7 43 0.017 0.011
7 44 0.004 38.05
7 45 0.012 0.011
7 46 0.005 44.222
7 47 0.009 0.002
7 48 0.01 35.571
7 49 0.005 0.004
8 9 0.017 0.012
8 10 0.021 0.003
8 11 0.004 0.015
8 12 0.014 0.002
8 13 14.237 74.698
8 14 0.008 0.018
8 15 0.01 46.112
8 16 0.02 0.021
8 17 0.02 0.002
8 18 0.009 45.431
8 19 0.021 0.02
8 20 0.007 46.134
8 21 0.01 0.017
8 22 10.531 87.774
8 23 0.018 0.004
8 24 0.009 0.011
8 25 0.016 0.014
8 26 0.015 0.021
8 27 0.002 50.384
8 28 0.006 0.018
8 29 4.464 66.622
8 30 16.942 70.612
8 31 0.001 0.017
8 32 0.02 0.016
8 33 0.008 0.007
8 34 0.009 0.004
8 35 0.007 0.008
8 36 0.009 0.003
8 37 34.239 61.838
8 38 0.008 0.011
8 39 0.01 30.939
8 40 0.004 35.503
8 41 0.012 0.017
8 42 0.018 0.011
8 43 0.015 0.017
8 44 0.001 50.665
8 45 0.011 0.013
8 46 0.006 42.244
8 47 0.02 0.008
8 48 0.008 34.673
8 49 0.01 0.019
9 10 0.017 0.014
9 11 0.012 0.005
9 12 0.016 0.005
9 13 0.01 45.6
9 14 0.006 0.002
9 15 0.008 35.446
9 16 0.009 0.018
9 17 0.015 0.014
9 18 33.985 86.984
9 19 0.02 0.014
9 20 0.001 42.347
9 21 0.011 0.009
9 22 22.477 78.309
9 23 0.007 0.014
9 24 0.016 0.018
9 25 0.015 0.02
9 26 0.006 0.007
9 27 35.251 77.914
9 28 0.019 0.004
9 29 0.009 52.138
9 30 35.604 93.04
9 31 0.007 0.008
9 32 0.001 0.02
9 33 0.006 0.011
9 34 0.019 0.01
9 35 0.011 0.017
9 36 0.019 0.009
9 37 46.122 92.72
9 38 0.017 0.005
9 39 0.009 37.713
9 40 0.003 52.395
9 41 0.011 0.003
9 42 0.008 0.021
9 43 0.01 0.01
9 44 0.002 35.833
9 45 0.007 0.012
9 46 0.006 33.963
9 47 0.021 0.006
9 48 39.865 86.502
9 49 0.009 0.018
10 11 0.021 0.006
10 12 0.008 0.016
10 13 36.738 77.221
10 14 0.01 0.016
10 15 40.193 99.9
10 16 0.013 0.012
10 17 0.013 0.003
10 18 32.488 99.9
10 19 0.01 0.004
10 20 35.134 72.594
10 21 0.018 0.02
10 22 0.006 28.81
10 23 0.003 0.003
10 24 0.009 0.014
10 25 0.003 0.013
10 26 0.013 0.019
10 27 0.002 38.499
10 28 0.007 0.017
10 29 0.009 45.4
10 30 0.002 51.662
10 31 0.003 0.01
10 32 0.016 0.017
10 33 0.009 0.015
10 34 0.006 0.015
10 35 0.008 0.012
10 36 0.003 0.013
10 37 0.008 43.282
10 38 0.018 0.013
10 39 0.006 53.302
10 40 0.011 51.097
10 41 0.003 0.019
10 42 0.005 0.017
10 43 0.008 0.009
10 44 19.795 72.29
10 45 0.02 0.006
10 46 40.192 68.452
10 47 0.004 0.004
10 48 0.008 37.709
10 49 0.019 0.013
11 12 0.002 0.004
11 13 0.005 52.125
11 14 0.006 0.02
11 15 0.002 37.003
11 16 0.003 0.019
11 17 0.011 0.01
11 18 0.01 43.823
11 19 0.01 0.015
11 20 0.005 35.631
11 21 0.021 0.017
11 22 0.005 28.352
11 23 0.019 0.011
11 24 0.009 0.011
11 25 0.017 0.021
11 26 0.012 0.007
11 27 0.008 50.153
11 28 0.008 0.021
11 29 0.002 50.147
11 30 0.003 42.385
11 31 0.004 0.008
11 32 0.011 0.016
11 33 0.003 0.005
11 34 0.02 0.004
11 35 0.001 0.005
11 36 0.005 0.016
11 37 0.007 52.228
11 38 0.012 0.019
11 39 24.373 87.728
11 40 0.005 39.323
11 41 0.014 0.006
11 42 0.004 0.021
11 43 0.011 0.016
11 44 3.704 99.9
11 45 0.002 0.015
11 46 0.001 35.416
11 47 0.005 0.013
11 48 0.008 39.159
11 49 0.014 0.003
12 13 33.738 84.971
12 14 0.01 0.017
12 15 2.005 88.539
12 16 0.021 0.009
12 17 0.009 0.01
12 18 0.002 47.426
12 19 0.011 0.02
12 20 47.424 84.738
12 21 0.007 0.011
12 22 0.006 46.413
12 23 0.011 0.019
12 24 0.019 0.016
12 25 0.007 0.007
12 26 0.014 0.018
12 27 0.004 29.94
12 28 0.002 0.003
12 29 34.177 72.38
12 30 0.001 39.556
12 31 0.006 0.011
12 32 0.007 0.011
12 33 0.012 0.019
12 34 0.009 0.02
12 35 0.017 0.002
12 36 0.015 0.014
12 37 24.709 62.359
12 38 0.002 0.002
12 39 0.006 55.334
12 40 0.008 30.411
12 41 0.013 0.015
12 42 0.003 0.009
12 43 0.015 0.019
12 44 4.304 62.391
12 45 0.003 0.018
12 46 41.847 85.116
12 47 0.011 0.004
12 48 0.003 44.286
12 49 0.006 0.02
13 14 0.007 45.116
13 15 13.439 82.118
13 16 0.003 48.471
13 17 34.65 92.304
13 18 52.77 0.019
13 19 17.667 96.644
13 20 4.967 99.9
13 21 0.004 28.39
13 22 12.553 84.616
13 23 0.008 44.542
13 24 0.003 47.314
13 25 0.011 40.348
13 26 22.016 72.045
13 27 0.003 37.951
13 28 0.002 33.477
13 29 0.003 40.257
13 30 32.07 62.834
13 31 0.008 36.725
13 32 0.005 50.094
13 33 0.009 39.094
13 34 0.009 45.25
13 35 33.3 67.568
13 36 16.522 86.336
13 37 0.004 38.433
13 38 8.994 80.942
13 39 0.003 44.901
13 40 57.399 0.011
13 41 0.006 55.449
13 42 0.011 41.623
13 43 0.008 29.287
13 44 0.004 55.785
13 45 18.84 99.9
13 46 0.003 45.049
13 47 38.878 81.857
13 48 0.003 45.573
13 49 0.004 51.267
14 15 13.751 86.05
14 16 0.001 0.015
14 17 0.018 0.015
14 18 13.088 97.764
14 19 0.015 0.007
14 20 18.949 96.607
14 21 0.003 0.008
14 22 7.81 90.519
14 23 0.014 0.017
14 24 0.005 0.009
14 25 0.008 0.002
14 26 0.013 0.016
14 27 0.005 43.938
14 28 0.01 0.017
14 29 0.008 35.896
14 30 47.04 99.9
14 31 0.013 0.004
14 32 0.012 0.01
14 33 0.009 0.012
14 34 0.001 0.009
14 35 0.007 0.021
14 36 0.006 0.006
14 37 30.674 58.11
14 38 0.007 0.018
14 39 0.002 32.423
14 40 12.669 72.732
14 41 0.011 0.009
14 42 0.008 0.008
14 43 0.007 0.009
14 44 25.543 64.807
14 45 0.006 0.015
14 46 0.007 29.572
14 47 0.006 0.016
14 48 34.826 79.653
14 49 0.006 0.02
15 16 14.388 76.0
15 17 19.241 85.68
15 18 43.77 98.708
15 19 6.27 85.101
15 20 55.796 0.007
15 21 31.743 73.588
15 22 75.053 0.004
15 23 0.01 51.594
15 24 0.011 45.912
15 25 0.006 55.761
15 26 30.553 63.977
15 27 0.008 38.162
15 28 0.003 45.301
15 29 0.003 29.719
15 30 0.004 51.011
15 31 0.01 28.595
15 32 0.004 28.31
15 33 0.008 42.294
15 34 0.008 48.51
15 35 8.721 87.779
15 36 0.007 51.467
15 37 0.003 49.114
15 38 19.349 98.389
15 39 0.003 54.398
15 40 49.954 99.9
15 41 18.663 99.9
15 42 33.731 75.154
15 43 0.002 43.18
15 44 0.01 36.21
15 45 0.006 52.56
15 46 49.198 99.9
15 47 0.003 37.619
15 48 64.813 0.011
15 49 16.025 61.508
16 17 0.017 0.013
16 18 14.273 99.9
16 19 0.001 0.002
16 20 0.004 48.77
16 21 0.019 0.016
16 22 49.37 64.58
16 23 0.011 0.013
16 24 0.013 0.009
16 25 0.007 0.004
16 26 0.002 0.009
16 27 0.003 53.814
16 28 0.01 0.021
16 29 0.006 47.951
16 30 31.788 81.921
16 31 0.005 0.014
16 32 0.007 0.017
16 33 0.019 0.019
16 34 0.007 0.009
16 35 0.016 0.017
16 36 0.003 0.015
16 37 25.518 89.6
16 38 0.016 0.002
16 39 0.001 51.51
16 40 30.872 67.338
16 41 0.015 0.012
16 42 0.016 0.006
16 43 0.012 0.004
16 44 0.007 31.857
16 45 0.013 0.003
16 46 0.003 39.927
16 47 0.012 0.003
16 48 10.862 99.9
16 49 0.015 0.006
17 18 44.316 86.731
17 19 0.006 0.013
17 20 0.009 46.696
17 21 0.012 0.007
17 22 0.005 53.291
17 23 0.02 0.002
17 24 0.003 0.015
17 25 0.01 0.011
17 26 0.02 0.019
17 27 0.005 43.354
17 28 0.013 0.013
17 29 12.479 71.781
17 30 0.001 37.431
17 31 0.003 0.016
17 32 0.012 0.005
17 33 0.003 0.003
17 34 0.014 0.014
17 35 0.008 0.005
17 36 0.017 0.007
17 37 0.007 49.353
17 38 0.021 0.004
17 39 0.008 48.213
17 40 0.005 29.89
17 41 0.01 0.012
17 42 0.002 0.004
17 43 0.001 0.004
17 44 0.004 31.213
17 45 0.016 0.015
17 46 1.119 99.9
17 47 0.012 0.012
17 48 0.005 53.801
17 49 0.003 0.004
18 19 0.002 42.773
18 20 0.009 36.553
18 21 21.712 86.422
18 22 0.002 55.422
18 23 0.008 46.951
18 24 0.008 45.699
18 25 0.003 49.233
18 26 41.48 91.808
18 27 37.181 85.099
18 28 24.919 88.237
18 29 33.922 82.689
18 30 0.006 46.027
18 31 0.008 31.451
18 32 0.003 33.516
18 33 0.004 32.947
18 34 0.004 33.766
18 35 0.006 40.385
18 36 0.008 29.196
18 37 0.007 53.069
18 38 18.173 99.9
18 39 29.246 90.305
18 40 52.568 0.003
18 41 48.14 99.9
18 42 0.001 38.836
18 43 26.559 72.136
18 44 3.343 91.176
18 45 0.004 54.306
18 46 25.798 57.356
18 47 0.005 43.533
18 48 30.707 99.9
18 49 0.004 52.215
19 20 0.002 37.992
19 21 0.006 0.015
19 22 0.011 28.836
19 23 0.007 0.002
19 24 0.015 0.015
19 25 0.021 0.021
19 26 0.015 0.017
19 27 10.464 90.312
19 28 0.002 0.013
19 29 45.996 96.502
19 30 29.179 97.763
19 31 0.008 0.006
19 32 0.015 0.008
19 33 0.001 0.018
19 34 0.021 0.016
19 35 0.005 0.007
19 36 0.012 0.008
19 37 31.407 88.443
19 38 0.007 0.007
19 39 17.324 99.9
19 40 0.008 53.27
19 41 0.019 0.012
19 42 0.009 0.017
19 43 0.006 0.019
19 44 0.011 42.945
19 45 0.018 0.015
19 46 49.507 99.9
19 47 0.02 0.001
19 48 0.003 51.717
19 49 0.009 0.014
20 21 0.004 35.898
20 22 49.334 0.02
20 23 0.003 53.361
20 24 0.003 52.63
20 25 0.01 40.023
20 26 39.323 99.9
20 27 49.461 99.9
20 28 8.26 85.178
20 29 11.698 92.429
20 30 20.188 58.347
20 31 0.002 47.327
20 32 13.013 80.566
20 33 32.787 85.338
20 34 5.071 68.742
20 35 0.005 37.593
20 36 0.011 37.554
20 37 0.01 39.934
20 38 0.01 43.23
20 39 0.001 54.132
20 40 49.705 61.422
20 41 5.632 57.132
20 42 0.004 35.424
20 43 30.21 76.209
20 44 7.973 97.956
20 45 0.006 42.342
20 46 40.498 91.684
20 47 5.34 87.805
20 48 55.655 0.017
20 49 0.011 33.203
21 22 0.009 33.068
21 23 0.009 0.004
21 24 0.012 0.009
21 25 0.013 0.021
21 26 0.016 0.019
21 27 47.79 99.9
21 28 0.017 0.006
21 29 16.587 85.346
21 30 0.003 28.2
21 31 0.014 0.017
21 32 0.014 0.007
21 33 0.003 0.012
21 34 0.009 0.014
21 35 0.021 0.015
21 36 0.004 0.015
21 37 0.002 43.083
21 38 0.014 0.007
21 39 0.001 35.037
21 40 43.272 99.9
21 41 0.014 0.005
21 42 0.008 0.017
21 43 0.016 0.011
21 44 36.153 99.9
21 45 0.003 0.02
21 46 45.48 83.787
21 47 0.015 0.014
21 48 6.819 87.853
21 49 0.014 0.006
22 23 29.392 99.219
22 24 0.01 31.276
22 25 0.006 47.311
22 26 10.08 99.9
22 27 20.599 70.182
22 28 38.818 99.9
22 29 39.745 93.742
22 30 48.169 57.9
22 31 47.189 60.58
22 32 0.007 52.364
22 33 0.01 29.196
22 34 0.01 51.807
22 35 0.008 30.553
22 36 0.009 34.752
22 37 0.002 43.108
22 38 46.889 99.9
22 39 0.002 32.1
22 40 0.002 47.801
22 41 0.005 39.989
22 42 0.003 28.408
22 43 21.106 99.9
22 44 19.485 82.701
22 45 8.864 80.707
22 46 0.009 32.864
22 47 25.035 91.797
22 48 60.058 0.008
22 49 23.83 80.742
23 24 0.002 0.011
23 25 0.009 0.011
23 26 0.007 0.015
23 27 35.365 71.29
23 28 0.002 0.015
23 29 16.015 99.9
23 30 27.169 83.255
23 31 0.007 0.018
23 32 0.005 0.018
23 33 0.013 0.003
23 34 0.02 0.002
23 35 0.008 0.01
23 36 0.02 0.004
23 37 31.789 99.9
23 38 0.01 0.016
23 39 31.558 91.277
23 40 19.203 99.465
23 41 0.01 0.003
23 42 0.005 0.007
23 43 0.006 0.005
23 44 20.841 83.71
23 45 0.007 0.001
23 46 0.004 44.929
23 47 0.004 0.013
23 48 0.006 39.53
23 49 0.021 0.008
24 25 0.013 0.001
24 26 0.015 0.015
24 27 14.152 62.807
24 28 0.02 0.003
24 29 0.011 30.183
24 30 0.003 55.395
24 31 0.013 0.014
24 32 0.015 0.019
24 33 0.015 0.013
24 34 0.016 0.009
24 35 0.005 0.017
24 36 0.014 0.016
24 37 24.272 67.876
24 38 0.006 0.02
24 39 5.809 71.216
24 40 15.859 63.348
24 41 0.017 0.013
24 42 0.014 0.017
24 43 0.01 0.013
24 44 40.646 61.099
24 45 0.001 0.013
24 46 30.739 68.424
24 47 0.016 0.002
24 48 0.011 50.766
24 49 0.006 0.004
25 26 0.013 0.018
25 27 0.01 30.275
25 28 0.02 0.008
25 29 0.008 39.146
25 30 43.863 99.9
25 31 0.016 0.01
25 32 0.011 0.02
25 33 0.015 0.02
25 34 0.001 0.018
25 35 0.02 0.011
25 36 0.006 0.012
25 37 0.003 37.242
25 38 0.009 0.016
25 39 0.01 54.312
25 40 0.005 44.631
25 41 0.007 0.012
25 42 0.006 0.008
25 43 0.011 0.007
25 44 0.003 54.476
25 45 0.005 0.014
25 46 3.913 98.833
25 47 0.011 0.018
25 48 0.007 53.015
25 49 0.003 0.017
26 27 0.001 39.638
26 28 0.014 0.004
26 29 24.386 58.503
26 30 0.003 44.371
26 31 0.007 0.006
26 32 0.01 0.012
26 33 0.006 0.012
26 34 0.015 0.003
26 35 0.018 0.014
26 36 0.017 0.008
26 37 0.009 40.737
26 38 0.001 0.011
26 39 0.007 49.828
26 40 40.984 61.197
26 41 0.004 0.012
26 42 0.018 0.018
26 43 0.019 0.003
26 44 41.015 72.91
26 45 0.015 0.016
26 46 23.402 94.539
26 47 0.016 0.007
26 48 0.005 28.418
26 49 0.016 0.003
27 28 0.005 48.198
27 29 21.237 94.195
27 30 3.95 93.512
27 31 15.217 97.609
27 32 12.254 99.9
27 33 8.989 74.378
27 34 0.009 53.248
27 35 0.009 47.095
27 36 0.007 49.102
27 37 4.62 78.698
27 38 0.01 47.474
27 39 51.6 0.004
27 40 0.008 32.387
27 41 0.007 46.267
27 42 0.007 51.62
27 43 9.359 99.9
27 44 40.216 0.006
27 45 49.544 81.844
27 46 66.875 0.012
27 47 37.485 87.74
27 48 9.207 99.9
27 49 0.006 30.625
28 29 19.084 80.864
28 30 25.967 95.546
28 31 0.005 0.019
28 32 0.011 0.002
28 33 0.006 0.013
28 34 0.007 0.003
28 35 0.008 0.019
28 36 0.001 0.012
28 37 0.004 43.061
28 38 0.021 0.002
28 39 0.006 36.57
28 40 19.876 86.302
28 41 0.004 0.014
28 42 0.004 0.016
28 43 0.005 0.014
28 44 0.002 43.079
28 45 0.018 0.004
28 46 0.005 43.801
28 47 0.002 0.007
28 48 49.937 89.605
28 49 0.015 0.011
29 30 57.994 0.018
29 31 0.009 40.167
29 32 0.004 36.552
29 33 0.006 47.585
29 34 0.006 55.679
29 35 29.851 75.843
29 36 0.008 29.026
29 37 63.588 0.004
29 38 48.292 81.06
29 39 43.399 99.9
29 40 29.149 84.171
29 41 0.01 53.206
29 42 48.28 75.477
29 43 0.006 42.501
29 44 29.202 99.9
29 45 47.154 94.383
29 46 0.006 37.775
29 47 0.008 35.167
29 48 31.754 99.9
29 49 0.001 54.829
30 31 0.01 46.848
30 32 0.01 42.188
30 33 0.011 34.68
30 34 0.01 38.391
30 35 0.001 47.787
30 36 0.009 36.79
30 37 63.411 0.013
30 38 0.001 36.684
30 39 0.011 29.573
30 40 0.007 49.932
30 41 0.005 41.15
30 42 40.26 60.395
30 43 32.412 83.674
30 44 38.44 76.474
30 45 0.004 35.827
30 46 0.008 54.015
30 47 0.008 37.344
30 48 0.005 35.162
30 49 1.826 68.348
31 32 0.019 0.011
31 33 0.012 0.015
31 34 0.015 0.018
31 35 0.015 0.004
31 36 0.012 0.014
31 37 31.727 69.196
31 38 0.012 0.013
31 39 21.396 81.449
31 40 0.006 37.684
31 41 0.011 0.012
31 42 0.006 0.013
31 43 0.02 0.017
31 44 31.464 61.569
31 45 0.012 0.006
31 46 1.477 74.306
31 47 0.011 0.013
31 48 0.003 54.839
31 49 0.006 0.008
32 33 0.006 0.009
32 34 0.002 0.011
32 35 0.018 0.014
32 36 0.015 0.016
32 37 0.004 51.604
32 38 0.011 0.013
32 39 0.006 37.171
32 40 16.971 80.382
32 41 0.016 0.01
32 42 0.017 0.007
32 43 0.02 0.005
32 44 0.003 42.733
32 45 0.012 0.001
32 46 0.004 48.28
32 47 0.01 0.002
32 48 21.57 72.71
32 49 0.019 0.018
33 34 0.003 0.015
33 35 0.017 0.008
33 36 0.006 0.002
33 37 0.009 55.648
33 38 0.014 0.009
33 39 0.007 34.451
33 40 0.004 31.634
33 41 0.015 0.008
33 42 0.02 0.002
33 43 0.004 0.015
33 44 35.964 88.0
33 45 0.004 0.011
33 46 26.074 61.938
33 47 0.008 0.003
33 48 0.006 30.475
33 49 0.01 0.012
34 35 0.014 0.012
34 36 0.017 0.009
34 37 18.698 95.677
34 38 0.001 0.004
34 39 45.677 64.822
34 40 0.003 33.504
34 41 0.01 0.018
34 42 0.006 0.018
34 43 0.008 0.002
34 44 42.66 99.9
34 45 0.012 0.006
34 46 0.008 35.609
34 47 0.016 0.02
34 48 0.009 48.679
34 49 0.018 0.001
35 36 0.004 0.003
35 37 0.002 30.129
35 38 0.016 0.014
35 39 2.252 99.9
35 40 24.032 99.9
35 41 0.006 0.007
35 42 0.001 0.012
35 43 0.002 0.006
35 44 0.004 50.158
35 45 0.007 0.012
35 46 29.76 79.682
35 47 0.013 0.006
35 48 0.008 46.328
35 49 0.001 0.011
36 37 6.737 99.9
36 38 0.012 0.009
36 39 0.009 53.281
36 40 0.007 29.018
36 41 0.016 0.017
36 42 0.016 0.012
36 43 0.019 0.008
36 44 38.433 69.945
36 45 0.016 0.003
36 46 26.81 72.066
36 47 0.008 0.012
36 48 0.008 41.394
36 49 0.006 0.003
37 38 0.002 55.525
37 39 0.008 42.828
37 40 0.003 39.295
37 41 44.366 68.311
37 42 38.954 92.986
37 43 36.305 70.088
37 44 30.952 59.338
37 45 0.004 45.032
37 46 22.248 61.576
37 47 0.006 47.875
37 48 0.004 31.501
37 49 27.302 74.052
38 39 49.661 88.937
38 40 0.009 41.558
38 41 0.017 0.016
38 42 0.012 0.004
38 43 0.02 0.018
38 44 21.464 92.287
38 45 0.006 0.003
38 46 28.848 99.9
38 47 0.01 0.017
38 48 40.178 99.9
38 49 0.004 0.009
39 40 20.293 99.9
39 41 0.008 31.741
39 42 40.021 99.9
39 43 31.157 96.118
39 44 47.416 0.017
39 45 0.007 42.077
39 46 49.69 0.015
39 47 0.009 50.955
39 48 20.302 94.373
39 49 8.82 89.881
40 41 0.009 43.844
40 42 28.761 79.976
40 43 6.008 73.643
40 44 3.076 80.555
40 45 0.005 51.166
40 46 45.483 99.9
40 47 40.382 79.253
40 48 0.003 43.894
40 49 0.003 30.661
41 42 0.004 0.001
41 43 0.003 0.015
41 44 0.008 44.383
41 45 0.012 0.02
41 46 8.819 57.47
41 47 0.02 0.007
41 48 0.003 49.53
41 49 0.002 0.013
42 43 0.011 0.012
42 44 0.008 33.776
42 45 0.007 0.013
42 46 0.008 55.236
42 47 0.021 0.007
42 48 11.446 72.955
42 49 0.008 0.001
43 44 28.043 99.9
43 45 0.019 0.007
43 46 8.487 64.489
43 47 0.018 0.001
43 48 0.007 45.075
43 49 0.016 0.006
44 45 0.011 35.611
44 46 66.572 0.019
44 47 0.002 33.451
44 48 32.758 92.639
44 49 0.009 42.383
45 46 0.006 41.848
45 47 0.015 0.01
45 48 0.003 46.492
45 49 0.017 0.011
46 47 0.001 49.705
46 48 0.002 38.978
46 49 21.532 95.213
47 48 0.007 35.483
47 49 0.008 0.013
48 49 0.004 53.917
