50
65.257
0 1 47.507 3.78
0 2 34.753 6.504
0 3 30.695 7.402
0 4 82.524 4.012
0 5 31.003 4.114
0 6 34.72 5.345
0 7 86.632 0.899
0 8 44.645 1.976
0 9 78.938 2.827
0 10 98.349 3.783
0 11 30.725 8.092
0 12 36.399 4.856
0 13 37.591 0.564
0 14 76.179 5.652
0 15 66.367 6.695
0 16 96.245 4.102
0 17 43.644 7.997
0 18 99.205 7.113
0 19 81.403 3.988
0 20 72.344 2.084
0 21 81.046 0.753
0 22 60.448 5.524
0 23 67.459 3.403
0 24 64.67 3.469
0 25 95.125 4.716
0 26 73.321 6.67
0 27 45.541 5.972
0 28 70.845 2.834
0 29 65.629 4.275
0 30 51.581 4.435
0 31 20.96 0.348
0 32 32.945 3.839
0 33 90.809 7.045
0 34 84.094 5.679
0 35 53.232 4.669
0 36 48.281 4.821
0 37 45.203 2.912
0 38 87.198 1.494
0 39 61.48 8.218
0 40 45.504 3.677
0 41 60.243 2.003
0 42 78.269 0.409
0 43 82.362 3.294
0 44 68.654 4.618
0 45 48.994 2.666
0 46 54.535 8.342
0 47 97.828 7.025
0 48 62.777 2.655
0 49 94.351 1.818
1 2 64.778 7.32
1 3 38.221 1.949
1 4 37.645 5.772
1 5 50.825 1.749
1 6 47.38 7.067
1 7 31.057 8.576
1 8 78.498 6.497
1 9 91.91 8.288
1 10 90.287 4.605
1 11 53.864 5.745
1 12 38.395 8.511
1 13 61.169 3.63
1 14 6.51 0.15
1 15 60.023 3.726
1 16 38.456 3.258
1 17 99.475 8.671
1 18 84.725 6.878
1 19 92.446 7.833
1 20 66.096 0.422
1 21 71.941 5.703
1 22 41.967 2.208
1 23 56.848 7.039
1 24 46.788 4.345
1 25 58.216 4.995
1 26 55.065 4.222
1 27 61.733 5.237
1 28 62.848 8.555
1 29 41.614 8.286
1 30 55.046 3.145
1 31 52.669 7.828
1 32 77.718 4.686
1 33 35.05 2.219
1 34 65.451 8.389
1 35 49.378 1.775
1 36 29.089 0.61
1 37 32.648 7.843
1 38 80.875 2.982
1 39 83.771 8.316
1 40 84.599 2.887
1 41 89.407 8.677
1 42 71.76 2.672
1 43 40.059 3.846
1 44 84.068 1.686
1 45 57.067 8.184
1 46 83.816 5.328
1 47 40.144 4.87
1 48 71.962 8.29
1 49 99.293 1.061
2 3 9.465 0.174
2 4 84.294 5.794
2 5 52.492 0.201
2 6 43.234 4.948
2 7 73.049 6.999
2 8 74.919 2.593
2 9 89.762 6.165
2 10 30.285 3.01
2 11 84.146 5.108
2 12 86.746 6.421
2 13 33.919 5.223
2 14 46.669 4.344
2 15 74.984 1.563
2 16 36.553 7.807
2 17 87.354 6.619
2 18 58.991 2.756
2 19 58.677 5.207
2 20 39.464 1.562
2 21 98.245 3.772
2 22 33.22 8.338
2 23 76.055 0.081
2 24 92.68 7.729
2 25 95.225 4.615
2 26 73.93 6.71
2 27 34.523 5.778
2 28 86.151 3.64
2 29 50.244 8.601
2 30 56.398 8.339
2 31 53.654 7.014
2 32 59.97 0.213
2 33 79.803 6.315
2 34 30.168 3.461
2 35 48.273 2.726
2 36 77.25 6.458
2 37 94.762 4.143
2 38 92.819 5.15
2 39 36.924 0.231
2 40 57.637 2.301
2 41 61.869 0.336
2 42 49.9 7.762
2 43 90.008 5.636
2 44 26.97 0.319
2 45 67.501 3.952
2 46 75.189 3.983
2 47 77.951 6.629
2 48 52.469 0.006
2 49 41.866 6.068
3 4 91.507 8.073
3 5 61.289 0.038
3 6 90.445 2.48
3 7 67.277 5.758
3 8 89.962 7.385
3 9 84.215 4.505
3 10 95.221 1.844
3 11 39.182 4.873
3 12 72.565 5.899
3 13 44.011 4.782
3 14 66.18 7.123
3 15 56.594 1.825
3 16 54.644 6.61
3 17 87.413 7.46
3 18 33.31 8.425
3 19 74.955 2.181
3 20 78.126 7.107
3 21 59.786 2.131
3 22 72.094 7.407
3 23 22.311 0.057
3 24 34.92 7.997
3 25 48.737 3.521
3 26 33.217 4.527
3 27 98.207 2.364
3 28 99.868 3.304
3 29 33.476 1.949
3 30 51.129 5.128
3 31 65.12 2.929
3 32 42.84 0.152
3 33 57.758 2.586
3 34 76.029 7.161
3 35 48.885 3.367
3 36 30.701 4.53
3 37 87.028 3.092
3 38 98.939 3.756
3 39 77.067 0.058
3 40 67.686 5.742
3 41 90.792 0.284
3 42 44.073 3.33
3 43 30.831 2.546
3 44 21.746 0.087
3 45 91.487 2.509
3 46 88.115 8.353
3 47 70.723 5.991
3 48 73.075 0.373
3 49 40.391 5.8
4 5 61.795 2.388
4 6 78.203 5.219
4 7 59.631 6.17
4 8 32.318 1.067
4 9 54.211 2.62
4 10 93.379 3.033
4 11 58.475 5.494
4 12 97.874 8.077
4 13 48.119 4.611
4 14 74.644 5.651
4 15 73.314 2.551
4 16 50.095 1.594
4 17 39.591 6.764
4 18 73.989 2.285
4 19 72.271 7.249
4 20 76.725 1.708
4 21 33.046 2.522
4 22 95.753 0.979
4 23 60.785 7.258
4 24 59.956 0.014
4 25 47.625 3.177
4 26 74.227 8.396
4 27 36.604 8.483
4 28 27.745 0.047
4 29 78.651 5.354
4 30 67.04 2.02
4 31 57.455 4.92
4 32 77.206 4.088
4 33 53.728 8.466
4 34 75.622 0.558
4 35 35.192 5.248
4 36 31.991 3.241
4 37 58.516 7.8
4 38 39.593 5.536
4 39 61.082 8.602
4 40 46.541 7.332
4 41 80.516 2.926
4 42 86.778 6.108
4 43 77.35 4.668
4 44 89.781 3.075
4 45 83.303 1.721
4 46 49.526 2.774
4 47 91.696 4.224
4 48 33.659 1.665
4 49 66.159 3.569
5 6 67.002 6.289
5 7 49.579 7.657
5 8 69.224 3.366
5 9 31.212 4.356
5 10 75.43 1.927
5 11 46.236 5.32
5 12 53.676 8.162
5 13 65.639 8.363
5 14 75.171 7.14
5 15 67.164 5.897
5 16 70.471 4.809
5 17 58.125 6.215
5 18 45.648 2.488
5 19 71.564 8.101
5 20 85.979 5.244
5 21 72.473 3.68
5 22 77.501 7.005
5 23 34.051 0.238
5 24 47.682 7.399
5 25 56.804 3.798
5 26 31.709 5.512
5 27 89.512 8.384
5 28 66.777 4.683
5 29 90.045 6.275
5 30 97.592 4.946
5 31 71.969 6.434
5 32 16.686 0.065
5 33 86.562 4.427
5 34 89.902 5.381
5 35 64.258 3.299
5 36 76.862 8.032
5 37 39.284 4.121
5 38 57.411 7.829
5 39 1.907 0.054
5 40 33.26 7.543
5 41 9.192 0.154
5 42 88.24 5.449
5 43 75.153 4.942
5 44 21.346 0.07
5 45 68.357 5.474
5 46 52.866 8.628
5 47 36.636 4.239
5 48 68.283 0.185
5 49 73.342 1.926
6 7 65.397 2.026
6 8 72.453 6.741
6 9 64.235 6.072
6 10 42.905 8.34
6 11 12.833 0.337
6 12 94.102 8.668
6 13 82.314 2.713
6 14 34.619 5.227
6 15 2.056 1.022
6 16 59.307 8.276
6 17 84.035 3.888
6 18 39.743 5.984
6 19 31.458 8.652
6 20 34.971 3.018
6 21 55.797 2.964
6 22 41.138 8.616
6 23 38.838 5.694
6 24 84.436 4.408
6 25 72.622 2.835
6 26 92.277 0.271
6 27 85.879 3.111
6 28 34.01 6.39
6 29 54.689 6.952
6 30 20.778 0.545
6 31 57.692 6.196
6 32 75.759 2.0
6 33 78.034 4.564
6 34 65.506 4.05
6 35 77.506 7.068
6 36 67.821 6.244
6 37 56.743 2.585
6 38 37.186 4.924
6 39 34.941 4.291
6 40 77.3 4.412
6 41 57.552 6.676
6 42 93.979 2.817
6 43 71.662 2.129
6 44 79.905 4.411
6 45 71.377 0.623
6 46 50.072 6.728
6 47 63.434 5.856
6 48 65.938 8.347
6 49 30.409 4.384
7 8 90.025 2.492
7 9 49.588 6.65
7 10 32.55 3.276
7 11 95.407 4.7
7 12 32.36 4.563
7 13 86.268 0.287
7 14 91.121 5.14
7 15 39.985 5.861
7 16 75.347 7.099
7 17 55.726 3.57
7 18 79.149 2.864
7 19 43.831 6.438
7 20 52.368 1.52
7 21 73.595 0.674
7 22 37.454 6.568
7 23 67.141 3.195
7 24 56.764 8.66
7 25 98.983 5.384
7 26 84.356 6.447
7 27 70.515 8.173
7 28 67.465 3.381
7 29 98.743 6.069
7 30 82.1 6.177
7 31 31.753 0.494
7 32 77.83 5.94
7 33 97.767 5.925
7 34 61.56 4.858
7 35 72.892 5.616
7 36 71.874 2.77
7 37 51.161 7.159
7 38 42.66 7.943
7 39 59.947 4.405
7 40 40.75 2.46
7 41 64.203 3.004
7 42 78.674 0.047
7 43 56.698 3.497
7 44 98.94 5.074
7 45 69.488 6.136
7 46 81.04 6.397
7 47 90.744 7.581
7 48 78.128 3.42
7 49 74.066 1.478
8 9 32.926 3.075
8 10 86.285 4.303
8 11 60.441 7.306
8 12 76.143 1.802
8 13 47.878 8.576
8 14 81.658 3.545
8 15 66.654 7.103
8 16 93.363 6.925
8 17 83.577 4.032
8 18 79.644 4.002
8 19 95.628 5.186
8 20 87.317 6.793
8 21 86.755 2.638
8 22 54.862 0.768
8 23 92.454 4.493
8 24 53.75 0.864
8 25 57.116 7.104
8 26 73.727 1.838
8 27 51.325 3.641
8 28 39.53 0.673
8 29 52.63 4.125
8 30 88.843 4.653
8 31 67.599 5.216
8 32 60.489 5.236
8 33 62.235 5.648
8 34 64.556 0.551
8 35 44.844 7.3
8 36 88.449 2.71
8 37 34.048 7.488
8 38 68.127 7.237
8 39 32.586 8.194
8 40 95.932 2.984
8 41 93.847 4.453
8 42 56.866 3.289
8 43 67.978 8.661
8 44 70.319 6.155
8 45 46.094 1.953
8 46 57.535 3.155
8 47 30.472 7.672
8 48 90.244 2.428
8 49 59.465 3.747
9 10 87.568 7.097
9 11 58.908 7.569
9 12 93.91 3.762
9 13 90.541 2.692
9 14 74.233 7.295
9 15 64.164 2.596
9 16 92.953 5.526
9 17 79.484 8.686
9 18 77.908 0.158
9 19 21.205 0.229
9 20 57.236 3.65
9 21 46.251 7.062
9 22 73.584 5.363
9 23 94.603 4.899
9 24 76.707 7.296
9 25 42.724 5.804
9 26 81.292 4.891
9 27 7.1 0.337
9 28 83.311 3.276
9 29 37.134 4.35
9 30 37.755 1.519
9 31 43.566 5.549
9 32 46.684 6.616
9 33 56.089 0.121
9 34 95.637 4.958
9 35 54.018 3.372
9 36 99.394 8.05
9 37 64.771 5.128
9 38 52.178 0.51
9 39 50.019 8.598
9 40 38.742 1.456
9 41 77.446 4.938
9 42 98.201 6.561
9 43 19.663 0.479
9 44 68.608 6.604
9 45 58.164 3.11
9 46 40.417 7.331
9 47 85.819 3.401
9 48 63.858 3.947
9 49 42.345 7.672
10 11 39.986 5.569
10 12 63.448 7.929
10 13 78.874 7.287
10 14 45.095 3.206
10 15 67.958 3.541
10 16 35.263 1.672
10 17 79.055 4.16
10 18 66.319 1.954
10 19 64.862 8.544
10 20 56.25 2.297
10 21 30.665 8.695
10 22 76.496 7.291
10 23 92.434 6.195
10 24 48.871 7.585
10 25 90.15 3.187
10 26 51.079 7.755
10 27 46.157 7.711
10 28 37.044 5.717
10 29 36.037 7.229
10 30 88.632 2.618
10 31 72.884 5.579
10 32 88.871 2.273
10 33 81.087 3.606
10 34 76.378 2.187
10 35 88.047 5.757
10 36 91.004 6.0
10 37 97.635 5.472
10 38 74.559 6.137
10 39 97.271 8.575
10 40 82.439 7.985
10 41 32.763 5.746
10 42 70.924 5.108
10 43 55.812 3.708
10 44 86.899 2.722
10 45 97.209 7.095
10 46 54.25 3.83
10 47 37.081 8.101
10 48 55.688 2.707
10 49 41.046 8.35
11 12 37.467 3.363
11 13 63.247 1.572
11 14 53.006 7.752
11 15 46.18 0.135
11 16 42.773 6.378
11 17 62.434 4.081
11 18 80.221 5.456
11 19 30.442 2.844
11 20 38.592 6.337
11 21 43.307 8.075
11 22 59.866 7.237
11 23 96.31 7.257
11 24 57.263 5.073
11 25 94.001 4.636
11 26 21.485 1.007
11 27 94.114 3.84
11 28 94.593 7.962
11 29 76.255 3.116
11 30 74.608 0.258
11 31 72.628 4.072
11 32 83.85 5.876
11 33 82.542 3.584
11 34 73.195 8.217
11 35 78.174 5.031
11 36 43.316 7.725
11 37 57.622 3.267
11 38 53.531 8.099
11 39 92.935 7.158
11 40 70.047 8.39
11 41 97.523 3.563
11 42 69.037 3.58
11 43 44.129 4.044
11 44 30.887 3.379
11 45 18.295 0.367
11 46 91.349 5.058
11 47 93.382 5.455
11 48 40.543 2.388
11 49 96.669 4.747
12 13 70.048 3.736
12 14 94.516 4.458
12 15 93.85 5.076
12 16 41.243 4.486
12 17 46.976 7.329
12 18 52.064 3.086
12 19 49.281 5.242
12 20 80.581 1.974
12 21 54.112 7.548
12 22 93.939 3.095
12 23 93.147 7.19
12 24 67.091 8.572
12 25 44.118 0.611
12 26 93.731 5.574
12 27 73.212 3.68
12 28 56.177 7.127
12 29 85.749 3.542
12 30 56.955 1.816
12 31 94.243 8.411
12 32 46.223 4.811
12 33 41.509 2.893
12 34 55.2 3.546
12 35 63.172 0.681
12 36 61.609 7.839
12 37 60.207 4.284
12 38 98.278 3.687
12 39 77.872 4.739
12 40 40.527 4.08
12 41 62.707 4.895
12 42 31.285 6.198
12 43 82.696 7.017
12 44 44.07 3.202
12 45 79.987 5.771
12 46 25.27 0.276
12 47 78.462 0.861
12 48 55.612 7.277
12 49 94.155 6.21
13 14 94.932 7.074
13 15 51.873 2.048
13 16 43.057 7.667
13 17 81.094 3.537
13 18 46.109 5.056
13 19 32.24 1.502
13 20 36.113 2.197
13 21 3.839 0.528
13 22 57.176 7.627
13 23 92.073 3.5
13 24 88.996 2.75
13 25 60.689 3.854
13 26 92.434 2.591
13 27 30.724 7.894
13 28 60.073 6.33
13 29 71.479 8.131
13 30 91.062 8.621
13 31 25.53 0.58
13 32 54.779 7.042
13 33 62.094 4.469
13 34 88.537 8.238
13 35 70.386 1.929
13 36 42.945 1.953
13 37 67.151 4.166
13 38 88.096 1.899
13 39 81.0 2.606
13 40 80.269 5.586
13 41 54.49 2.868
13 42 63.579 0.391
13 43 52.491 6.774
13 44 75.518 5.865
13 45 64.396 4.553
13 46 55.798 3.397
13 47 58.366 7.219
13 48 91.103 6.466
13 49 78.212 5.422
14 15 85.207 3.517
14 16 65.833 3.1
14 17 43.413 2.328
14 18 82.533 2.167
14 19 62.565 7.67
14 20 78.229 1.013
14 21 72.798 1.824
14 22 96.448 2.76
14 23 34.551 5.295
14 24 56.657 6.276
14 25 74.108 8.051
14 26 76.219 7.367
14 27 72.442 7.442
14 28 87.353 7.733
14 29 92.369 2.051
14 30 68.947 3.439
14 31 87.216 8.167
14 32 85.637 7.596
14 33 35.167 5.847
14 34 41.053 3.991
14 35 44.362 8.341
14 36 42.739 1.052
14 37 37.097 2.823
14 38 50.986 7.437
14 39 72.444 3.805
14 40 99.82 2.351
14 41 72.12 8.043
14 42 81.023 5.778
14 43 89.603 7.599
14 44 98.698 5.483
14 45 72.013 5.473
14 46 40.176 3.871
14 47 87.244 2.442
14 48 65.411 7.834
14 49 44.816 0.858
15 16 99.599 5.4
15 17 94.118 3.293
15 18 32.01 8.368
15 19 47.969 4.864
15 20 37.64 6.004
15 21 42.834 2.896
15 22 74.165 6.208
15 23 70.362 8.361
15 24 41.302 3.385
15 25 87.85 7.562
15 26 45.405 0.313
15 27 79.028 6.663
15 28 79.555 3.876
15 29 88.618 4.022
15 30 92.111 0.312
15 31 44.58 7.808
15 32 36.899 2.822
15 33 42.529 4.061
15 34 96.081 6.521
15 35 31.254 8.052
15 36 50.727 8.612
15 37 89.037 6.264
15 38 64.149 3.153
15 39 34.866 6.016
15 40 50.134 6.248
15 41 66.014 5.806
15 42 96.816 3.246
15 43 45.358 6.913
15 44 38.683 4.125
15 45 52.868 0.016
15 46 53.089 3.285
15 47 61.558 4.439
15 48 32.435 3.674
15 49 38.552 2.811
16 17 48.409 0.888
16 18 83.709 5.132
16 19 81.168 5.824
16 20 90.223 2.099
16 21 68.814 3.631
16 22 69.85 5.303
16 23 53.582 6.173
16 24 93.921 4.123
16 25 98.672 5.726
16 26 69.977 3.04
16 27 32.897 5.006
16 28 37.637 4.26
16 29 58.829 7.507
16 30 33.604 6.386
16 31 59.89 7.266
16 32 52.842 6.362
16 33 85.578 5.204
16 34 60.556 4.808
16 35 98.401 6.309
16 36 99.316 2.449
16 37 65.857 1.089
16 38 61.442 7.471
16 39 83.759 3.659
16 40 99.492 0.073
16 41 39.165 3.794
16 42 95.514 7.72
16 43 78.664 2.931
16 44 71.036 7.158
16 45 92.562 2.48
16 46 70.923 5.624
16 47 32.191 2.633
16 48 68.091 6.007
16 49 80.266 5.632
17 18 78.846 8.165
17 19 54.108 3.648
17 20 49.655 1.726
17 21 72.32 1.629
17 22 67.697 3.227
17 23 32.88 4.909
17 24 62.546 3.887
17 25 93.8 2.304
17 26 90.288 3.03
17 27 54.049 8.666
17 28 69.786 6.621
17 29 30.013 4.255
17 30 36.189 8.202
17 31 69.113 3.073
17 32 81.997 6.204
17 33 73.561 8.34
17 34 66.382 3.706
17 35 72.395 2.809
17 36 55.339 3.609
17 37 57.595 1.802
17 38 92.659 6.407
17 39 72.312 2.617
17 40 94.263 0.983
17 41 81.924 3.085
17 42 50.497 1.76
17 43 70.536 7.621
17 44 59.498 3.144
17 45 66.496 1.697
17 46 31.245 2.813
17 47 64.627 6.006
17 48 83.532 5.279
17 49 38.828 3.988
18 19 34.453 0.128
18 20 84.891 4.62
18 21 67.052 8.113
18 22 38.34 7.835
18 23 34.999 7.41
18 24 65.611 7.112
18 25 76.83 3.047
18 26 57.007 4.658
18 27 82.273 0.198
18 28 76.171 8.021
18 29 98.643 7.979
18 30 37.398 8.666
18 31 99.172 2.283
18 32 60.206 3.109
18 33 59.254 0.446
18 34 58.365 1.569
18 35 71.172 8.131
18 36 34.053 3.045
18 37 55.805 6.011
18 38 80.154 0.248
18 39 36.931 7.739
18 40 99.84 8.067
18 41 38.548 7.981
18 42 32.931 6.109
18 43 55.96 0.381
18 44 78.637 5.919
18 45 91.059 5.425
18 46 79.449 7.479
18 47 80.214 2.169
18 48 79.3 7.79
18 49 58.553 2.211
19 20 99.014 6.751
19 21 51.007 3.854
19 22 55.487 5.988
19 23 82.23 7.175
19 24 30.319 2.15
19 25 98.049 2.515
19 26 74.938 3.647
19 27 99.112 0.108
19 28 39.985 2.66
19 29 51.698 5.15
19 30 82.92 5.171
19 31 95.8 7.941
19 32 52.738 2.424
19 33 54.543 0.558
19 34 49.376 3.154
19 35 68.643 3.83
19 36 79.47 7.198
19 37 59.858 8.476
19 38 39.847 0.328
19 39 37.131 8.615
19 40 72.688 4.104
19 41 31.839 5.067
19 42 34.53 1.749
19 43 73.2 0.311
19 44 90.95 5.558
19 45 98.449 3.374
19 46 33.697 7.417
19 47 45.43 4.147
19 48 71.288 6.747
19 49 35.003 2.672
20 21 46.021 8.193
20 22 91.468 7.453
20 23 97.74 2.835
20 24 56.231 4.619
20 25 54.832 5.01
20 26 41.88 7.032
20 27 59.301 5.914
20 28 82.296 2.607
20 29 34.247 6.752
20 30 66.709 6.187
20 31 96.112 7.834
20 32 33.022 8.092
20 33 67.187 6.383
20 34 78.003 8.274
20 35 67.842 5.0
20 36 91.217 0.572
20 37 56.575 4.207
20 38 64.979 8.031
20 39 31.647 3.04
20 40 57.566 2.417
20 41 92.723 7.817
20 42 45.059 7.881
20 43 93.913 6.19
20 44 66.244 2.686
20 45 70.104 2.8
20 46 75.392 6.481
20 47 44.545 7.391
20 48 84.505 2.819
20 49 94.542 0.905
21 22 37.224 5.879
21 23 39.067 6.676
21 24 45.054 4.122
21 25 63.149 5.467
21 26 38.601 6.679
21 27 52.139 8.291
21 28 91.937 8.09
21 29 83.993 7.793
21 30 48.042 6.791
21 31 81.031 0.906
21 32 88.528 1.656
21 33 43.032 1.469
21 34 34.57 3.514
21 35 35.005 6.316
21 36 30.118 8.655
21 37 54.136 4.963
21 38 50.626 8.495
21 39 93.255 6.93
21 40 91.07 7.533
21 41 97.305 5.189
21 42 94.885 0.081
21 43 48.779 1.794
21 44 49.955 5.154
21 45 69.995 3.369
21 46 48.165 3.072
21 47 80.737 3.826
21 48 97.042 4.544
21 49 80.529 2.292
22 23 56.967 5.063
22 24 30.13 0.138
22 25 66.979 6.875
22 26 98.139 7.989
22 27 34.899 2.374
22 28 90.058 0.879
22 29 62.883 2.728
22 30 83.534 7.003
22 31 51.355 2.8
22 32 92.251 5.315
22 33 97.915 7.535
22 34 17.477 0.209
22 35 66.579 3.373
22 36 48.817 4.704
22 37 80.054 1.753
22 38 39.593 7.809
22 39 87.261 8.161
22 40 59.204 4.222
22 41 94.992 1.595
22 42 30.437 6.067
22 43 77.963 5.391
22 44 46.161 7.786
22 45 35.836 5.249
22 46 46.295 3.875
22 47 83.615 1.961
22 48 74.329 2.649
22 49 90.822 7.518
23 24 64.167 6.168
23 25 88.672 8.504
23 26 74.362 4.615
23 27 42.997 2.824
23 28 38.524 7.972
23 29 97.095 2.019
23 30 44.47 5.162
23 31 50.524 3.036
23 32 88.0 0.198
23 33 61.627 6.486
23 34 30.612 8.403
23 35 50.452 8.221
23 36 32.322 3.783
23 37 69.999 8.457
23 38 92.302 1.993
23 39 38.964 0.17
23 40 66.21 2.7
23 41 20.855 0.194
23 42 50.983 6.762
23 43 59.615 8.086
23 44 46.926 0.189
23 45 85.108 6.843
23 46 91.47 7.912
23 47 64.114 8.663
23 48 83.044 0.345
23 49 41.954 4.538
24 25 46.232 7.701
24 26 56.783 5.506
24 27 56.516 5.239
24 28 39.033 0.117
24 29 80.183 5.601
24 30 75.576 1.838
24 31 43.937 1.588
24 32 86.844 3.081
24 33 65.021 3.573
24 34 72.491 0.149
24 35 85.41 3.141
24 36 44.977 5.634
24 37 46.415 7.105
24 38 93.367 7.377
24 39 72.086 7.286
24 40 32.533 6.274
24 41 48.064 6.412
24 42 56.82 2.593
24 43 34.989 4.302
24 44 30.38 7.362
24 45 79.049 1.736
24 46 64.199 3.916
24 47 35.208 2.124
24 48 70.696 5.686
24 49 31.407 6.478
25 26 75.505 2.881
25 27 33.633 3.805
25 28 30.037 2.895
25 29 53.972 2.001
25 30 63.818 2.05
25 31 77.685 6.202
25 32 98.069 2.834
25 33 91.534 8.31
25 34 75.989 6.992
25 35 49.334 0.778
25 36 62.301 6.976
25 37 73.206 1.758
25 38 86.55 4.744
25 39 59.409 6.56
25 40 73.688 4.702
25 41 72.436 1.54
25 42 78.145 2.187
25 43 36.143 5.292
25 44 57.5 1.615
25 45 74.401 1.798
25 46 72.856 1.337
25 47 53.729 0.877
25 48 53.183 6.792
25 49 87.742 6.625
26 27 81.211 2.697
26 28 79.639 8.6
26 29 66.371 3.671
26 30 24.159 1.001
26 31 98.296 8.115
26 32 59.674 4.71
26 33 52.605 2.14
26 34 92.357 7.569
26 35 63.046 4.751
26 36 71.548 5.509
26 37 89.259 5.808
26 38 51.868 1.703
26 39 98.801 2.113
26 40 42.902 1.614
26 41 60.322 3.507
26 42 84.109 1.599
26 43 92.014 4.464
26 44 83.587 3.488
26 45 90.082 0.493
26 46 78.025 1.755
26 47 83.153 5.946
26 48 76.319 8.608
26 49 93.212 6.162
27 28 44.481 4.852
27 29 60.712 1.765
27 30 86.316 6.824
27 31 49.507 3.513
27 32 83.719 4.805
27 33 13.751 0.422
27 34 91.289 7.325
27 35 34.353 6.991
27 36 54.848 2.325
27 37 32.715 7.084
27 38 52.506 0.56
27 39 51.307 4.551
27 40 69.54 2.438
27 41 30.868 8.253
27 42 90.706 4.603
27 43 28.532 0.459
27 44 50.226 3.476
27 45 58.943 5.444
27 46 78.779 6.671
27 47 36.842 6.888
27 48 57.402 7.566
27 49 66.333 1.793
28 29 54.789 4.914
28 30 38.921 6.825
28 31 95.26 5.025
28 32 49.68 7.598
28 33 63.015 5.904
28 34 72.344 0.0
28 35 38.617 2.367
28 36 34.095 6.471
28 37 86.322 6.59
28 38 97.619 8.024
28 39 96.476 4.883
28 40 48.626 5.586
28 41 66.991 6.761
28 42 44.627 1.817
28 43 90.764 3.063
28 44 96.52 2.066
28 45 94.803 4.76
28 46 55.743 4.036
28 47 56.693 2.423
28 48 55.311 5.241
28 49 46.081 8.482
29 30 52.511 6.281
29 31 61.251 3.161
29 32 88.529 3.39
29 33 61.762 2.384
29 34 58.24 6.723
29 35 65.414 8.046
29 36 66.102 6.71
29 37 79.399 4.712
29 38 96.006 4.013
29 39 56.28 6.427
29 40 45.056 6.183
29 41 79.675 3.616
29 42 88.836 6.476
29 43 83.974 2.747
29 44 78.423 3.459
29 45 55.111 3.933
29 46 40.144 6.95
29 47 80.095 4.348
29 48 38.689 4.043
29 49 99.774 5.71
30 31 99.795 2.948
30 32 39.453 3.607
30 33 67.706 5.169
30 34 67.886 5.981
30 35 46.863 1.69
30 36 70.764 2.082
30 37 66.449 5.349
30 38 58.528 4.732
30 39 99.495 6.78
30 40 87.198 7.042
30 41 50.534 8.067
30 42 79.693 4.211
30 43 61.95 8.441
30 44 78.772 1.825
30 45 70.915 0.541
30 46 72.553 3.303
30 47 30.491 7.61
30 48 76.508 8.564
30 49 88.174 5.845
31 32 74.187 7.173
31 33 59.275 7.891
31 34 40.698 7.26
31 35 50.623 6.505
31 36 80.098 1.727
31 37 38.25 3.484
31 38 47.701 6.581
31 39 56.602 7.295
31 40 58.851 1.663
31 41 75.605 5.174
31 42 97.067 0.02
31 43 66.775 6.33
31 44 53.407 7.646
31 45 43.42 7.803
31 46 73.447 8.234
31 47 93.489 2.38
31 48 68.147 4.214
31 49 97.857 2.541
32 33 44.675 6.453
32 34 72.118 3.912
32 35 98.332 6.136
32 36 71.202 2.113
32 37 45.491 2.997
32 38 54.689 4.775
32 39 85.216 0.061
32 40 81.638 2.702
32 41 16.529 0.359
32 42 55.971 7.343
32 43 59.694 5.211
32 44 86.79 0.199
32 45 38.325 3.221
32 46 47.893 7.481
32 47 42.564 3.245
32 48 66.274 0.329
32 49 57.595 7.303
33 34 81.548 2.186
33 35 86.041 7.449
33 36 60.071 4.521
33 37 46.801 6.235
33 38 32.342 0.262
33 39 80.86 4.187
33 40 69.853 6.353
33 41 73.692 6.65
33 42 71.574 4.11
33 43 88.611 0.385
33 44 87.166 7.477
33 45 34.436 8.253
33 46 63.665 6.605
33 47 52.213 5.652
33 48 75.749 4.505
33 49 83.95 2.74
34 35 61.628 1.613
34 36 64.692 8.349
34 37 82.825 4.851
34 38 75.873 3.74
34 39 43.062 2.683
34 40 99.438 7.568
34 41 64.457 7.836
34 42 71.915 4.298
34 43 86.963 5.681
34 44 87.828 8.512
34 45 72.285 1.671
34 46 85.846 4.415
34 47 91.628 1.987
34 48 64.754 8.129
34 49 33.108 8.631
35 36 94.933 6.012
35 37 37.428 5.694
35 38 42.233 5.421
35 39 84.903 1.501
35 40 85.874 7.06
35 41 32.344 6.828
35 42 72.554 3.023
35 43 66.598 6.149
35 44 94.647 2.565
35 45 82.364 7.589
35 46 85.853 0.562
35 47 23.502 0.019
35 48 34.448 1.482
35 49 99.213 3.886
36 37 98.249 6.532
36 38 69.468 4.55
36 39 63.505 2.545
36 40 75.716 6.274
36 41 32.047 6.348
36 42 99.349 6.082
36 43 81.106 6.167
36 44 86.531 5.462
36 45 93.742 3.045
36 46 55.939 5.347
36 47 68.604 3.614
36 48 70.983 2.175
36 49 5.431 0.568
37 38 94.132 2.676
37 39 76.816 6.247
37 40 96.145 2.364
37 41 89.298 1.693
37 42 90.883 4.865
37 43 98.948 2.228
37 44 84.405 8.388
37 45 54.027 3.808
37 46 81.639 2.144
37 47 74.657 5.212
37 48 44.931 2.111
37 49 76.548 4.781
38 39 39.874 4.993
38 40 85.931 3.312
38 41 34.169 7.852
38 42 44.57 3.535
38 43 77.955 0.473
38 44 44.949 7.637
38 45 35.181 8.06
38 46 73.383 6.146
38 47 60.434 6.567
38 48 39.079 5.437
38 49 75.655 6.831
39 40 76.658 6.479
39 41 13.19 0.38
39 42 78.974 4.856
39 43 86.186 3.562
39 44 64.572 0.289
39 45 57.387 3.711
39 46 97.126 4.599
39 47 73.19 7.21
39 48 90.386 0.384
39 49 56.285 4.415
40 41 60.283 7.529
40 42 38.192 4.235
40 43 32.133 8.606
40 44 86.801 2.593
40 45 56.871 5.027
40 46 40.402 1.643
40 47 98.262 4.799
40 48 34.079 8.018
40 49 68.31 3.25
41 42 98.014 6.21
41 43 92.938 6.128
41 44 43.178 0.273
41 45 75.187 1.462
41 46 33.49 5.166
41 47 59.918 1.48
41 48 25.171 0.363
41 49 50.646 6.828
42 43 90.535 5.671
42 44 88.753 2.15
42 45 69.136 4.893
42 46 73.412 1.546
42 47 59.434 7.022
42 48 83.469 8.358
42 49 49.447 2.414
43 44 91.569 1.492
43 45 63.589 8.314
43 46 43.172 3.351
43 47 92.55 2.855
43 48 82.402 2.968
43 49 83.39 8.007
44 45 84.709 7.064
44 46 30.716 4.387
44 47 45.305 4.862
44 48 94.879 0.047
44 49 79.66 4.423
45 46 43.012 5.313
45 47 31.793 3.6
45 48 70.034 2.14
45 49 36.712 7.502
46 47 57.02 1.035
46 48 69.42 6.558
46 49 79.982 2.111
47 48 47.938 2.571
47 49 73.714 2.025
48 49 70.963 5.495