50
99.923
0 1 0.216 0.19
0 2 15.125 29.822
0 3 16.604 29.097
0 4 15.78 29.733
0 5 6.516 8.822
0 6 11.554 28.106
0 7 8.957 22.379
0 8 5.897 7.848
0 9 4.118 9.447
0 10 12.093 17.965
0 11 3.468 6.312
0 12 15.766 39.098
0 13 21.95 29.246
0 14 21.143 34.017
0 15 12.277 30.685
0 16 9.919 23.136
0 17 9.388 14.117
0 18 7.017 9.362
0 19 6.725 15.72
0 20 13.842 17.875
0 21 8.221 16.761
0 22 9.858 21.542
0 23 9.126 17.721
0 24 17.041 33.502
0 25 11.983 15.413
0 26 9.564 20.509
0 27 6.258 9.134
0 28 13.281 20.569
0 29 20.955 49.005
0 30 30.364 42.296
0 31 9.613 20.474
0 32 5.359 7.198
0 33 7.706 15.117
0 34 20.955 33.237
0 35 23.167 35.151
0 36 15.921 20.981
0 37 27.623 40.604
0 38 12.324 25.657
0 39 26.626 46.944
0 40 7.655 13.021
0 41 0.086 0.081
0 42 15.461 23.865
0 43 23.366 40.097
0 44 18.357 27.777
0 45 20.527 26.425
0 46 14.36 30.587
0 47 4.758 7.576
0 48 13.651 24.851
0 49 23.55 32.578
1 2 9.683 12.674
1 3 5.411 10.768
1 4 9.592 12.711
1 5 11.672 18.284
1 6 14.52 29.311
1 7 10.597 13.693
1 8 15.191 24.515
1 9 7.398 14.098
1 10 27.156 36.356
1 11 11.501 21.524
1 12 18.307 33.244
1 13 9.44 18.665
1 14 7.886 11.965
1 15 5.675 8.135
1 16 8.593 10.757
1 17 12.616 16.554
1 18 10.584 15.834
1 19 11.529 17.518
1 20 20.587 33.594
1 21 19.469 27.218
1 22 10.694 13.461
1 23 15.486 29.006
1 24 19.155 26.192
1 25 22.256 31.82
1 26 12.814 27.198
1 27 13.147 28.186
1 28 14.955 22.123
1 29 5.77 10.54
1 30 8.772 20.657
1 31 5.898 14.467
1 32 8.467 19.87
1 33 10.982 20.528
1 34 6.756 16.233
1 35 14.437 34.663
1 36 18.683 32.103
1 37 21.156 38.372
1 38 9.517 22.849
1 39 15.849 21.987
1 40 29.119 43.947
1 41 8.731 8.811
1 42 7.332 11.145
1 43 7.687 11.974
1 44 26.183 37.291
1 45 7.14 11.195
1 46 21.19 27.102
1 47 5.968 8.713
1 48 10.346 16.515
1 49 5.383 12.988
2 3 0.092 0.12
2 4 14.985 21.126
2 5 4.234 8.207
2 6 21.78 40.342
2 7 15.552 28.778
2 8 7.082 12.712
2 9 26.293 33.958
2 10 7.306 17.5
2 11 27.575 49.371
2 12 16.22 29.904
2 13 17.921 35.524
2 14 21.437 30.013
2 15 15.969 21.152
2 16 14.145 25.439
2 17 12.498 25.611
2 18 6.716 12.025
2 19 7.418 15.04
2 20 13.089 29.329
2 21 17.42 30.39
2 22 7.351 10.009
2 23 16.866 24.41
2 24 15.103 25.113
2 25 6.794 11.369
2 26 9.314 12.873
2 27 14.227 18.784
2 28 0.076 0.1
2 29 13.089 24.212
2 30 5.753 12.009
2 31 5.317 11.086
2 32 8.466 16.925
2 33 5.985 13.105
2 34 22.245 33.869
2 35 0.667 0.631
2 36 14.975 26.738
2 37 20.299 31.008
2 38 0.489 0.664
2 39 16.015 39.457
2 40 23.219 31.793
2 41 6.999 16.012
2 42 19.98 31.614
2 43 17.681 25.834
2 44 23.912 41.994
2 45 0.056 0.078
2 46 24.831 41.228
2 47 10.886 17.457
2 48 4.824 9.008
2 49 5.2 10.462
3 4 6.767 13.352
3 5 10.491 13.125
3 6 27.253 44.946
3 7 14.622 34.58
3 8 11.649 22.376
3 9 3.322 8.091
3 10 29.329 39.162
3 11 19.418 29.85
3 12 7.068 10.037
3 13 5.334 7.727
3 14 5.751 8.366
3 15 10.45 17.403
3 16 18.731 28.47
3 17 12.839 16.596
3 18 23.098 31.346
3 19 6.498 10.946
3 20 10.944 16.905
3 21 15.829 38.153
3 22 10.138 12.84
3 23 14.263 22.354
3 24 31.441 41.834
3 25 19.959 27.074
3 26 12.741 24.948
3 27 11.734 18.276
3 28 0.141 0.192
3 29 12.955 17.618
3 30 10.221 17.016
3 31 12.518 28.816
3 32 6.077 8.125
3 33 11.652 15.015
3 34 5.718 10.373
3 35 0.673 0.602
3 36 13.175 19.359
3 37 28.953 37.937
3 38 0.236 0.238
3 39 16.631 23.457
3 40 26.808 44.612
3 41 12.624 22.487
3 42 7.916 11.73
3 43 19.009 36.495
3 44 4.21 9.925
3 45 0.274 0.292
3 46 7.237 13.622
3 47 5.351 7.317
3 48 5.691 9.734
3 49 10.113 22.232
4 5 0.467 0.507
4 6 9.231 18.121
4 7 8.406 16.365
4 8 12.853 17.077
4 9 16.414 31.715
4 10 24.827 31.855
4 11 10.512 17.732
4 12 7.653 9.896
4 13 15.923 37.043
4 14 11.488 18.15
4 15 14.854 21.231
4 16 5.543 11.273
4 17 23.717 31.808
4 18 6.146 11.17
4 19 15.059 19.22
4 20 15.703 19.819
4 21 7.634 16.419
4 22 5.47 9.599
4 23 23.091 32.263
4 24 17.352 21.957
4 25 14.799 27.412
4 26 0.842 0.701
4 27 13.54 22.992
4 28 6.444 13.522
4 29 20.081 28.41
4 30 24.046 35.379
4 31 5.04 11.815
4 32 7.361 9.618
4 33 4.425 6.538
4 34 20.452 29.85
4 35 14.394 28.05
4 36 11.473 21.586
4 37 17.889 23.283
4 38 20.797 33.729
4 39 9.518 14.247
4 40 20.619 28.986
4 41 25.536 33.852
4 42 0.265 0.237
4 43 16.363 24.796
4 44 16.063 40.043
4 45 12.388 27.239
4 46 20.939 36.544
4 47 27.514 45.211
4 48 10.046 21.16
4 49 5.498 9.102
5 6 15.35 23.488
5 7 13.599 21.898
5 8 14.499 23.847
5 9 7.203 9.711
5 10 6.27 7.914
5 11 7.041 9.599
5 12 18.109 39.883
5 13 14.503 32.439
5 14 20.667 37.985
5 15 6.581 9.446
5 16 4.29 6.915
5 17 12.0 27.158
5 18 25.719 41.837
5 19 32.857 44.133
5 20 22.398 29.643
5 21 8.307 15.961
5 22 20.417 47.904
5 23 8.011 14.983
5 24 11.486 16.937
5 25 12.475 26.115
5 26 0.387 0.504
5 27 8.3 16.371
5 28 19.941 40.121
5 29 32.883 44.413
5 30 7.077 10.682
5 31 15.484 19.631
5 32 3.935 8.262
5 33 28.71 40.853
5 34 25.351 41.572
5 35 9.658 13.371
5 36 12.033 24.067
5 37 8.03 11.166
5 38 33.483 48.753
5 39 15.705 31.27
5 40 6.941 8.707
5 41 8.825 20.48
5 42 0.495 0.494
5 43 8.745 12.38
5 44 9.049 16.468
5 45 12.128 21.166
5 46 11.331 27.036
5 47 25.188 37.137
5 48 7.068 16.483
5 49 16.561 21.323
6 7 0.219 0.239
6 8 6.606 8.854
6 9 3.553 5.78
6 10 9.232 16.11
6 11 10.961 21.575
6 12 12.302 21.782
6 13 10.132 21.97
6 14 14.416 19.05
6 15 8.449 20.985
6 16 5.256 9.513
6 17 4.249 9.015
6 18 8.617 17.485
6 19 10.194 19.431
6 20 8.731 20.59
6 21 10.864 16.847
6 22 9.209 13.877
6 23 10.602 26.227
6 24 0.179 0.223
6 25 5.888 7.96
6 26 6.552 13.844
6 27 4.626 7.077
6 28 11.257 22.312
6 29 7.51 10.58
6 30 20.746 38.623
6 31 15.481 21.338
6 32 15.57 37.279
6 33 5.885 9.832
6 34 14.067 33.144
6 35 13.698 30.144
6 36 0.545 0.476
6 37 26.724 42.492
6 38 9.116 15.844
6 39 10.479 20.467
6 40 8.682 20.926
6 41 19.134 31.133
6 42 6.713 9.854
6 43 9.645 20.587
6 44 17.808 22.396
6 45 4.235 6.934
6 46 4.669 6.317
6 47 23.157 39.162
6 48 15.795 32.976
6 49 12.509 27.304
7 8 19.241 44.15
7 9 13.073 23.945
7 10 5.498 8.884
7 11 7.811 16.277
7 12 5.283 9.328
7 13 3.334 7.62
7 14 14.861 21.153
7 15 8.91 14.412
7 16 28.568 40.061
7 17 21.175 27.654
7 18 19.089 34.522
7 19 7.883 12.884
7 20 4.401 8.433
7 21 8.624 19.93
7 22 12.549 26.553
7 23 17.094 32.971
7 24 0.176 0.155
7 25 25.428 33.958
7 26 16.155 22.501
7 27 3.659 6.839
7 28 11.225 14.53
7 29 8.625 15.771
7 30 4.274 8.118
7 31 6.104 8.963
7 32 22.711 43.746
7 33 7.42 18.514
7 34 17.442 23.515
7 35 5.445 6.849
7 36 0.367 0.395
7 37 12.48 17.896
7 38 21.214 36.895
7 39 17.555 22.995
7 40 14.163 20.149
7 41 16.67 23.379
7 42 10.168 14.603
7 43 4.248 10.358
7 44 7.568 14.49
7 45 3.999 8.105
7 46 12.432 17.68
7 47 18.962 24.755
7 48 26.638 33.854
7 49 12.209 29.404
8 9 9.375 9.083
8 10 24.111 38.846
8 11 17.426 39.932
8 12 8.962 20.912
8 13 7.31 10.152
8 14 8.672 16.154
8 15 9.133 22.063
8 16 7.446 9.323
8 17 5.392 11.19
8 18 12.072 17.675
8 19 3.921 9.395
8 20 11.945 21.709
8 21 10.182 18.104
8 22 6.69 9.625
8 23 13.745 20.701
8 24 11.783 24.784
8 25 20.359 30.211
8 26 13.689 21.869
8 27 6.297 12.266
8 28 10.456 14.912
8 29 9.515 15.578
8 30 28.744 40.614
8 31 12.641 27.086
8 32 11.975 29.835
8 33 22.481 33.019
8 34 18.76 25.37
8 35 19.259 24.084
8 36 18.512 35.854
8 37 7.124 10.079
8 38 16.737 30.152
8 39 13.78 30.604
8 40 7.306 17.441
8 41 5.369 9.669
8 42 16.126 20.661
8 43 7.996 18.721
8 44 6.297 14.637
8 45 3.463 7.935
8 46 12.164 25.882
8 47 18.661 40.248
8 48 9.522 18.376
8 49 24.096 32.803
9 10 15.552 20.212
9 11 7.097 13.0
9 12 11.852 25.925
9 13 7.707 12.357
9 14 18.152 32.542
9 15 9.475 17.843
9 16 7.197 17.184
9 17 6.628 11.143
9 18 23.727 29.835
9 19 2.85 5.282
9 20 9.779 16.604
9 21 17.759 36.097
9 22 13.523 28.403
9 23 3.148 6.756
9 24 12.533 29.073
9 25 5.771 7.244
9 26 18.792 25.403
9 27 18.707 24.063
9 28 6.218 8.244
9 29 20.811 37.947
9 30 14.122 20.859
9 31 8.79 21.901
9 32 9.02 22.185
9 33 13.76 25.088
9 34 4.757 8.759
9 35 19.541 46.808
9 36 14.348 19.791
9 37 9.551 12.807
9 38 7.676 11.215
9 39 15.851 25.509
9 40 13.846 28.802
9 41 11.471 16.198
9 42 9.325 16.612
9 43 36.756 47.911
9 44 15.781 20.684
9 45 5.225 10.626
9 46 13.008 18.9
9 47 5.613 8.323
9 48 23.836 36.184
9 49 10.853 25.245
10 11 0.166 0.209
10 12 17.453 23.308
10 13 20.592 38.383
10 14 13.827 31.626
10 15 4.945 12.196
10 16 10.65 16.19
10 17 15.605 34.036
10 18 15.066 22.749
10 19 28.324 39.061
10 20 20.435 39.231
10 21 19.38 33.976
10 22 0.611 0.609
10 23 6.156 10.065
10 24 12.607 26.376
10 25 16.79 33.039
10 26 5.951 12.534
10 27 20.241 38.764
10 28 27.764 42.311
10 29 9.699 22.767
10 30 13.16 22.582
10 31 9.902 21.792
10 32 0.309 0.406
10 33 20.127 29.387
10 34 0.071 0.093
10 35 26.842 33.705
10 36 18.797 26.879
10 37 9.39 14.267
10 38 15.157 19.42
10 39 24.924 33.123
10 40 0.088 0.077
10 41 6.912 14.709
10 42 12.779 16.508
10 43 12.414 15.981
10 44 9.641 21.264
10 45 16.585 39.814
10 46 29.062 37.465
10 47 0.619 0.551
10 48 16.316 26.949
10 49 5.869 8.716
11 12 14.685 18.821
11 13 20.515 39.217
11 14 16.95 24.728
11 15 6.082 11.08
11 16 16.465 27.509
11 17 8.351 17.615
11 18 27.225 37.065
11 19 13.852 18.491
11 20 16.77 21.398
11 21 24.351 30.692
11 22 0.23 0.251
11 23 29.78 39.528
11 24 13.795 22.49
11 25 12.652 26.276
11 26 32.109 41.714
11 27 18.352 28.188
11 28 6.716 16.442
11 29 6.714 10.607
11 30 15.262 19.432
11 31 7.434 13.558
11 32 0.487 0.55
11 33 7.84 11.057
11 34 0.459 0.508
11 35 16.282 39.155
11 36 14.877 36.408
11 37 19.444 41.303
11 38 23.479 44.601
11 39 13.902 26.362
11 40 0.204 0.251
11 41 16.091 20.429
11 42 18.055 38.206
11 43 8.194 11.804
11 44 9.578 19.363
11 45 4.727 10.715
11 46 21.225 27.786
11 47 0.158 0.171
11 48 11.647 29.039
11 49 15.334 24.737
12 13 0.511 0.548
12 14 4.597 10.38
12 15 5.824 10.31
12 16 19.43 33.728
12 17 13.745 21.678
12 18 18.406 24.889
12 19 8.423 19.132
12 20 9.639 16.726
12 21 11.29 16.829
12 22 6.024 14.679
12 23 7.42 10.652
12 24 14.342 25.776
12 25 0.203 0.171
12 26 19.541 26.022
12 27 12.99 22.93
12 28 18.793 29.886
12 29 0.556 0.661
12 30 0.456 0.41
12 31 0.26 0.305
12 32 4.942 7.688
12 33 0.292 0.344
12 34 29.886 49.6
12 35 18.902 43.638
12 36 10.104 16.509
12 37 0.353 0.376
12 38 11.472 16.789
12 39 20.518 35.874
12 40 6.186 12.544
12 41 10.764 15.056
12 42 13.042 21.333
12 43 5.868 13.598
12 44 7.912 17.732
12 45 13.826 21.479
12 46 0.501 0.53
12 47 8.317 15.556
12 48 0.216 0.252
12 49 10.319 19.621
13 14 6.796 8.581
13 15 23.163 32.337
13 16 24.229 33.212
13 17 18.899 34.954
13 18 7.363 17.068
13 19 10.933 16.855
13 20 9.943 19.097
13 21 19.247 44.535
13 22 13.631 25.053
13 23 18.458 25.142
13 24 21.741 34.925
13 25 0.193 0.232
13 26 6.91 17.127
13 27 5.562 10.6
13 28 10.225 21.081
13 29 0.071 0.098
13 30 0.185 0.182
13 31 0.296 0.318
13 32 19.112 27.661
13 33 0.12 0.12
13 34 14.75 21.641
13 35 22.26 41.9
13 36 6.971 11.83
13 37 0.398 0.368
13 38 23.253 45.371
13 39 23.4 41.303
13 40 10.439 16.206
13 41 5.756 8.906
13 42 18.164 33.938
13 43 24.335 45.326
13 44 14.517 19.5
13 45 11.475 20.226
13 46 0.248 0.22
13 47 25.089 35.777
13 48 0.169 0.203
13 49 4.569 9.744
14 15 0.186 0.248
14 16 6.777 10.248
14 17 28.846 39.923
14 18 8.543 15.507
14 19 14.936 22.817
14 20 7.979 10.269
14 21 15.657 19.955
14 22 10.27 16.332
14 23 0.161 0.186
14 24 17.438 26.683
14 25 13.941 29.412
14 26 6.835 12.159
14 27 14.205 20.995
14 28 8.791 20.775
14 29 15.552 20.262
14 30 18.577 36.289
14 31 11.97 21.366
14 32 7.026 11.645
14 33 16.793 31.555
14 34 5.718 10.518
14 35 4.773 6.542
14 36 24.29 32.701
14 37 15.048 19.034
14 38 29.775 40.2
14 39 0.137 0.18
14 40 26.02 40.846
14 41 13.374 24.209
14 42 4.932 11.181
14 43 0.106 0.126
14 44 0.171 0.153
14 45 5.144 7.318
14 46 8.899 17.051
14 47 17.748 25.134
14 48 5.269 6.929
14 49 5.862 14.332
15 16 22.706 35.54
15 17 3.584 8.558
15 18 13.365 16.85
15 19 4.156 6.543
15 20 9.248 18.503
15 21 3.989 8.535
15 22 14.843 22.766
15 23 0.107 0.143
15 24 22.902 39.901
15 25 10.557 23.426
15 26 13.107 21.626
15 27 6.307 9.332
15 28 14.357 19.294
15 29 7.539 11.426
15 30 33.659 42.204
15 31 8.361 13.903
15 32 7.136 10.673
15 33 22.844 31.008
15 34 12.776 21.657
15 35 12.824 17.896
15 36 4.892 11.605
15 37 23.4 42.094
15 38 15.869 24.976
15 39 0.497 0.535
15 40 21.64 33.16
15 41 17.241 27.335
15 42 8.989 14.992
15 43 0.18 0.211
15 44 0.198 0.212
15 45 4.736 9.064
15 46 3.526 6.876
15 47 5.168 12.317
15 48 14.441 29.959
15 49 7.935 13.651
16 17 0.555 0.723
16 18 14.515 19.659
16 19 18.534 26.852
16 20 5.685 12.086
16 21 8.971 11.278
16 22 24.817 34.318
16 23 5.513 7.826
16 24 22.585 34.009
16 25 3.024 5.666
16 26 15.285 20.124
16 27 0.389 0.437
16 28 12.556 25.619
16 29 17.649 26.31
16 30 23.332 39.167
16 31 16.121 25.23
16 32 7.633 12.299
16 33 6.763 13.617
16 34 7.196 11.58
16 35 17.52 28.669
16 36 6.692 9.243
16 37 13.963 23.194
16 38 5.313 10.325
16 39 19.392 34.857
16 40 5.584 9.828
16 41 4.581 10.709
16 42 16.794 30.708
16 43 23.17 46.361
16 44 15.992 23.332
16 45 13.146 27.996
16 46 19.091 31.132
16 47 19.465 26.816
16 48 22.516 33.345
16 49 14.887 29.542
17 18 14.422 19.209
17 19 18.198 24.26
17 20 24.416 37.822
17 21 16.774 27.23
17 22 13.805 20.962
17 23 15.981 20.703
17 24 27.826 37.077
17 25 29.879 41.362
17 26 18.803 32.78
17 27 8.309 7.921
17 28 11.874 15.441
17 29 5.751 9.848
17 30 14.697 22.038
17 31 26.236 37.485
17 32 7.183 14.203
17 33 12.157 24.486
17 34 7.613 10.664
17 35 15.143 34.912
17 36 6.687 11.636
17 37 29.526 49.663
17 38 8.026 19.636
17 39 10.887 13.784
17 40 6.029 9.6
17 41 15.48 37.687
17 42 23.314 37.72
17 43 6.658 15.579
17 44 22.177 31.668
17 45 9.959 13.511
17 46 17.573 25.157
17 47 18.496 25.787
17 48 20.042 25.316
17 49 25.306 32.415
18 19 10.401 9.083
18 20 12.631 18.756
18 21 8.824 14.484
18 22 4.085 7.543
18 23 4.32 8.042
18 24 10.585 22.103
18 25 14.303 31.147
18 26 6.319 13.659
18 27 12.305 23.692
18 28 8.133 13.574
18 29 13.756 17.667
18 30 14.524 27.459
18 31 10.33 23.554
18 32 15.456 29.215
18 33 9.549 21.349
18 34 18.772 34.044
18 35 18.352 38.935
18 36 3.807 8.24
18 37 9.396 18.629
18 38 24.533 32.555
18 39 4.201 6.903
18 40 27.673 41.23
18 41 18.855 28.901
18 42 18.582 31.126
18 43 19.595 31.032
18 44 22.992 28.819
18 45 16.518 31.569
18 46 10.802 19.626
18 47 4.707 10.286
18 48 9.617 12.697
18 49 10.571 26.224
19 20 5.957 9.652
19 21 14.071 23.855
19 22 4.588 10.683
19 23 11.234 24.42
19 24 15.863 22.797
19 25 4.202 8.881
19 26 17.719 25.218
19 27 8.393 18.028
19 28 24.637 36.667
19 29 17.454 34.165
19 30 9.847 13.008
19 31 15.877 20.309
19 32 12.353 26.012
19 33 3.326 6.454
19 34 9.267 16.527
19 35 7.573 12.042
19 36 27.558 45.705
19 37 13.296 28.22
19 38 12.736 28.533
19 39 22.072 31.892
19 40 9.345 20.84
19 41 22.87 35.127
19 42 27.72 36.192
19 43 14.438 22.815
19 44 25.67 34.776
19 45 9.132 18.815
19 46 25.436 35.578
19 47 21.271 32.208
19 48 15.354 26.493
19 49 15.259 22.997
20 21 0.599 0.675
20 22 10.035 21.239
20 23 9.624 14.335
20 24 9.776 18.028
20 25 25.716 35.614
20 26 20.458 43.826
20 27 24.977 33.586
20 28 7.969 13.908
20 29 18.116 22.96
20 30 8.656 17.111
20 31 18.859 36.241
20 32 15.894 27.405
20 33 21.096 35.896
20 34 23.659 39.201
20 35 9.416 13.046
20 36 19.91 33.432
20 37 14.915 18.787
20 38 18.559 23.325
20 39 10.385 17.034
20 40 4.05 9.886
20 41 25.974 33.15
20 42 7.896 19.317
20 43 28.508 35.875
20 44 8.172 12.621
20 45 12.107 18.758
20 46 11.833 19.266
20 47 23.007 44.845
20 48 4.883 11.392
20 49 0.281 0.36
21 22 14.095 32.183
21 23 9.685 12.285
21 24 13.971 29.047
21 25 29.688 42.397
21 26 5.78 10.584
21 27 8.457 16.759
21 28 29.67 44.682
21 29 21.845 33.921
21 30 5.335 11.721
21 31 8.342 12.697
21 32 25.556 46.323
21 33 29.31 40.466
21 34 13.27 16.604
21 35 17.45 29.215
21 36 14.169 27.746
21 37 7.107 16.018
21 38 14.783 23.638
21 39 10.689 21.15
21 40 3.526 8.082
21 41 4.265 7.634
21 42 10.827 15.416
21 43 10.855 21.87
21 44 15.316 27.368
21 45 8.758 16.462
21 46 8.091 16.536
21 47 12.451 18.669
21 48 7.544 14.591
21 49 8.337 8.048
22 23 25.151 34.679
22 24 8.056 12.132
22 25 6.237 14.025
22 26 4.744 10.518
22 27 12.688 25.388
22 28 6.356 14.594
22 29 17.751 42.056
22 30 13.307 25.43
22 31 7.207 13.849
22 32 0.565 0.49
22 33 34.083 44.694
22 34 0.434 0.42
22 35 5.848 7.958
22 36 8.028 18.854
22 37 14.379 20.195
22 38 20.519 45.095
22 39 7.072 9.144
22 40 0.239 0.255
22 41 16.739 22.602
22 42 24.699 43.819
22 43 3.925 7.5
22 44 11.933 15.409
22 45 7.751 17.905
22 46 18.994 36.098
22 47 0.054 0.074
22 48 21.743 27.598
22 49 6.686 9.334
23 24 21.535 28.162
23 25 20.084 30.154
23 26 13.153 27.222
23 27 25.453 36.216
23 28 12.336 16.805
23 29 10.771 17.128
23 30 8.604 15.003
23 31 23.076 38.564
23 32 7.255 11.955
23 33 8.357 15.072
23 34 12.294 19.616
23 35 12.045 17.914
23 36 5.717 12.817
23 37 4.805 11.97
23 38 5.328 8.775
23 39 0.359 0.367
23 40 12.338 18.229
23 41 8.005 15.315
23 42 17.072 30.169
23 43 0.26 0.281
23 44 0.086 0.108
23 45 10.548 16.869
23 46 25.715 39.481
23 47 32.837 42.02
23 48 6.971 11.861
23 49 15.432 35.973
24 25 11.309 17.896
24 26 8.946 11.562
24 27 10.951 26.667
24 28 5.408 10.527
24 29 10.102 14.644
24 30 3.51 8.277
24 31 6.549 14.389
24 32 5.916 7.989
24 33 19.199 27.755
24 34 17.897 30.854
24 35 17.239 33.888
24 36 7.534 7.594
24 37 20.163 34.551
24 38 15.895 22.045
24 39 26.851 33.778
24 40 14.991 28.708
24 41 13.652 29.185
24 42 16.23 21.169
24 43 4.784 10.814
24 44 7.671 18.521
24 45 8.84 21.386
24 46 6.672 9.123
24 47 24.251 31.127
24 48 12.477 30.836
24 49 18.771 24.894
25 26 16.394 22.108
25 27 5.478 12.627
25 28 7.506 9.857
25 29 0.161 0.147
25 30 0.105 0.088
25 31 0.088 0.123
25 32 22.215 46.544
25 33 0.076 0.073
25 34 7.24 10.982
25 35 21.13 27.741
25 36 22.313 33.182
25 37 0.054 0.059
25 38 4.312 7.18
25 39 7.681 13.413
25 40 11.337 26.681
25 41 8.397 10.671
25 42 13.557 25.832
25 43 4.922 6.701
25 44 17.148 28.404
25 45 9.886 24.075
25 46 0.022 0.031
25 47 13.53 25.427
25 48 0.241 0.21
25 49 19.538 26.539
26 27 19.436 29.633
26 28 26.515 35.566
26 29 24.769 36.564
26 30 13.241 17.431
26 31 16.732 21.207
26 32 16.51 31.234
26 33 18.225 37.596
26 34 19.117 25.532
26 35 15.54 24.994
26 36 5.565 9.764
26 37 9.998 13.141
26 38 17.034 22.657
26 39 17.645 24.635
26 40 36.25 48.802
26 41 13.079 17.803
26 42 6.651 6.639
26 43 15.25 34.924
26 44 22.484 32.147
26 45 11.997 19.409
26 46 4.19 7.241
26 47 7.176 10.383
26 48 5.292 8.978
26 49 4.488 11.123
27 28 13.325 23.709
27 29 18.458 32.676
27 30 4.318 7.339
27 31 7.592 13.84
27 32 10.892 22.906
27 33 13.445 28.312
27 34 20.444 32.884
27 35 13.402 17.385
27 36 14.962 24.376
27 37 19.258 24.552
27 38 7.089 10.452
27 39 6.439 8.588
27 40 32.959 41.2
27 41 18.685 28.327
27 42 16.428 29.868
27 43 21.243 27.943
27 44 16.372 32.459
27 45 4.658 8.667
27 46 10.551 14.455
27 47 19.792 25.97
27 48 6.391 13.422
27 49 11.959 15.929
28 29 20.036 30.216
28 30 24.186 35.013
28 31 2.452 5.661
28 32 29.39 39.113
28 33 24.483 31.514
28 34 11.651 28.279
28 35 0.426 0.382
28 36 9.526 12.413
28 37 19.263 43.274
28 38 0.072 0.095
28 39 16.223 29.483
28 40 28.768 47.714
28 41 24.525 32.889
28 42 20.924 27.79
28 43 19.985 25.747
28 44 10.646 17.799
28 45 0.246 0.26
28 46 19.833 41.423
28 47 29.563 40.735
28 48 11.199 21.541
28 49 19.882 25.822
29 30 0.084 0.077
29 31 0.156 0.19
29 32 11.422 19.74
29 33 0.066 0.081
29 34 8.205 13.898
29 35 9.614 19.168
29 36 20.481 25.761
29 37 0.095 0.107
29 38 19.029 31.723
29 39 12.162 26.265
29 40 6.732 15.168
29 41 11.527 19.615
29 42 23.448 32.076
29 43 10.62 15.231
29 44 12.489 17.537
29 45 8.764 13.97
29 46 0.219 0.188
29 47 9.258 14.87
29 48 0.19 0.179
29 49 9.402 12.531
30 31 0.141 0.12
30 32 29.121 45.407
30 33 0.117 0.099
30 34 14.084 20.668
30 35 10.117 18.19
30 36 13.133 22.26
30 37 0.145 0.132
30 38 33.093 41.71
30 39 9.724 14.294
30 40 9.994 13.479
30 41 15.524 34.444
30 42 17.091 22.914
30 43 11.19 19.813
30 44 9.207 18.752
30 45 14.908 22.962
30 46 0.026 0.027
30 47 4.746 7.373
30 48 0.032 0.031
30 49 8.394 16.795
31 32 13.499 17.972
31 33 0.038 0.046
31 34 15.023 22.335
31 35 20.279 25.971
31 36 12.156 17.309
31 37 0.05 0.045
31 38 4.632 6.419
31 39 22.442 37.143
31 40 7.52 9.574
31 41 10.105 19.402
31 42 7.318 17.69
31 43 14.549 32.844
31 44 26.051 37.893
31 45 9.877 12.61
31 46 0.09 0.093
31 47 16.794 27.383
31 48 0.096 0.1
31 49 18.658 25.142
32 33 15.511 21.564
32 34 0.03 0.038
32 35 33.981 44.416
32 36 14.374 27.802
32 37 16.269 33.139
32 38 8.842 16.911
32 39 12.3 20.998
32 40 0.197 0.205
32 41 33.402 44.192
32 42 24.877 31.394
32 43 6.161 10.954
32 44 5.054 6.334
32 45 9.89 18.927
32 46 10.275 16.738
32 47 0.036 0.036
32 48 13.654 18.543
32 49 7.07 11.332
33 34 25.023 40.287
33 35 5.896 9.918
33 36 6.611 11.803
33 37 0.082 0.092
33 38 13.343 26.126
33 39 6.481 12.764
33 40 16.266 24.12
33 41 13.791 17.454
33 42 22.518 40.298
33 43 5.354 9.755
33 44 5.375 9.235
33 45 28.83 39.453
33 46 0.114 0.103
33 47 15.179 27.877
33 48 0.077 0.109
33 49 14.218 19.444
34 35 27.355 36.717
34 36 15.649 21.886
34 37 17.391 26.801
34 38 14.576 19.868
34 39 7.1 15.092
34 40 0.24 0.258
34 41 7.837 17.023
34 42 15.115 25.175
34 43 16.586 40.336
34 44 20.186 25.694
34 45 19.77 34.248
34 46 13.437 18.708
34 47 0.162 0.167
34 48 5.524 9.489
34 49 4.823 8.929
35 36 10.805 21.838
35 37 22.429 34.087
35 38 0.349 0.345
35 39 9.487 16.447
35 40 5.22 8.15
35 41 11.616 20.248
35 42 16.953 21.464
35 43 27.908 41.827
35 44 8.631 12.095
35 45 0.055 0.066
35 46 17.486 28.121
35 47 21.951 37.615
35 48 8.665 18.951
35 49 4.373 9.103
36 37 8.026 18.403
36 38 4.296 7.847
36 39 23.563 44.315
36 40 11.697 15.097
36 41 5.837 8.043
36 42 12.364 24.173
36 43 11.477 18.91
36 44 9.317 12.617
36 45 6.571 12.118
36 46 9.113 14.287
36 47 9.708 17.025
36 48 19.265 25.14
36 49 18.815 32.421
37 38 6.498 8.692
37 39 21.304 36.311
37 40 24.762 44.995
37 41 19.463 30.95
37 42 3.718 5.607
37 43 4.32 7.079
37 44 17.849 39.726
37 45 20.82 28.095
37 46 0.089 0.101
37 47 3.908 9.221
37 48 0.071 0.061
37 49 4.043 5.315
38 39 19.567 34.596
38 40 11.227 15.743
38 41 15.957 35.387
38 42 13.731 19.422
38 43 6.151 9.561
38 44 7.267 9.13
38 45 5.194 5.011
38 46 7.135 11.684
38 47 24.019 31.28
38 48 19.298 25.667
38 49 20.432 36.037
39 40 6.812 13.388
39 41 8.782 14.087
39 42 23.732 31.785
39 43 0.151 0.19
39 44 0.334 0.291
39 45 6.739 10.474
39 46 7.983 13.333
39 47 13.726 25.765
39 48 12.113 16.662
39 49 11.744 17.436
40 41 8.974 12.499
40 42 13.109 20.896
40 43 6.52 8.737
40 44 10.169 22.956
40 45 9.309 20.436
40 46 14.929 30.682
40 47 3.052 3.454
40 48 6.343 10.933
40 49 14.893 22.227
41 42 8.624 14.931
41 43 11.214 20.874
41 44 10.257 13.901
41 45 12.599 19.507
41 46 21.785 31.552
41 47 7.554 13.506
41 48 10.409 18.699
41 49 15.369 35.451
42 43 7.829 14.521
42 44 5.19 8.473
42 45 12.863 17.896
42 46 19.448 25.381
42 47 12.524 17.401
42 48 20.737 25.978
42 49 25.22 35.124
43 44 5.239 5.846
43 45 6.93 12.567
43 46 18.369 22.982
43 47 6.705 10.177
43 48 12.425 16.789
43 49 21.813 37.144
44 45 14.282 25.045
44 46 15.174 20.869
44 47 6.628 15.726
44 48 9.626 13.723
44 49 6.173 10.716
45 46 4.893 7.124
45 47 20.7 30.529
45 48 4.259 7.164
45 49 11.42 24.305
46 47 14.348 25.314
46 48 0.968 1.01
46 49 13.317 21.33
47 48 22.306 31.335
47 49 14.11 20.425
48 49 6.399 9.052