50
41.504
37 48 0 0.0
23 43 82.819 4.197
27 28 51.152 0.654
34 45 93.47 4.008
21 31 95.937 4.59
39 47 57.442 1.919
5 9 40.411 0.738
16 35 82.309 4.249
31 49 0 0.0
26 41 71.868 4.365
1 12 81.111 4.02
11 26 86.256 3.705
20 30 96.014 3.846
35 47 70.258 3.731
3 4 55.007 1.737
12 19 63.029 1.578
1 27 87.428 3.637
30 46 70.858 3.779
2 20 87.98 4.377
12 17 16.997 0.556
7 29 93.716 3.804
4 47 87.824 4.465
16 45 90.511 4.096
7 15 86.354 3.657
31 36 71.937 4.073
3 11 25.639 0.508
9 23 74.509 3.752
18 28 93.514 3.62
44 45 24.822 0.428
27 45 78.691 4.12
0 40 96.892 3.83
3 13 83.237 4.057
41 47 34.045 0.816
18 42 82.449 4.066
30 32 63.711 1.681
18 49 0 0.0
8 39 71.442 4.116
22 24 83.068 4.426
14 36 83.378 4.471
25 28 4.799 2.78
41 44 50.634 0.474
8 24 96.982 3.822
19 35 74.807 3.625
39 40 7.515 1.675
25 26 63.778 2.861
43 47 32.744 0.862
23 30 83.35 4.274
38 41 67.333 2.06
28 30 41.638 1.595
14 22 14.504 0.922
18 21 26.943 0.411
3 32 82.642 4.067
19 40 93.992 4.261
8 43 73.117 3.702
5 20 94.341 3.6
10 22 94.586 4.138
17 45 79.949 3.67
39 48 0 0.0
24 45 93.354 3.685
0 9 83.407 2.632
22 23 73.088 0.181
7 24 96.404 3.994
12 28 79.964 4.194
28 48 0 0.0
31 32 15.157 1.347
14 19 67.856 0.876
30 40 87.264 3.802
23 35 98.593 3.693
11 30 76.678 3.756
2 12 88.743 4.042
8 32 74.829 4.074
16 23 71.447 0.672
0 24 94.191 3.832
1 25 94.874 3.873
6 9 90.99 0.939
32 41 99.939 3.903
6 42 87.554 4.008
24 28 30.44 2.273
9 45 90.211 4.089
24 35 30.868 0.961
28 33 57.064 1.416
1 26 74.696 4.361
11 39 84.998 3.781
0 11 46.066 0.404
42 45 72.071 0.984
1 45 85.155 4.37
37 44 48.836 2.143
29 46 96.249 3.628
20 25 74.257 3.926
6 44 81.16 4.435
2 41 75.116 3.946
46 48 0 0.0
7 20 84.653 3.885
8 25 89.784 3.615
24 25 63.163 0.038
16 41 77.8 4.156
30 48 0 0.0
25 33 73.198 2.302
40 47 8.749 0.096
16 19 43.338 1.955
0 37 73.775 4.516
6 7 46.308 0.566
12 33 98.336 4.575
27 43 90.849 4.405
17 23 32.774 1.162
31 41 86.76 4.387
12 13 24.187 0.392
37 45 28.513 0.956
32 49 0 0.0
5 40 88.271 3.596
22 27 75.925 3.948
1 20 85.026 3.768
10 37 86.268 4.257
33 44 96.246 4.349
17 49 0 0.0
2 29 87.686 4.056
20 21 11.069 1.869
32 48 0 0.0
3 7 25.736 1.634
4 19 97.813 3.86
34 47 71.854 4.495
2 38 82.004 4.03
5 14 73.104 4.376
1 16 73.86 3.95
15 38 74.198 4.166
42 48 0 0.0
3 9 69.353 2.028
15 27 72.191 3.899
9 30 95.752 3.914
30 36 91.459 3.819
5 10 72.117 2.897
0 41 72.591 4.388
0 3 32.372 2.83
1 7 43.936 2.859
25 48 0 0.0
33 49 0 0.0
23 33 75.613 4.452
45 49 0 0.0
35 38 81.328 4.358
1 6 27.663 1.275
0 13 89.569 4.274
13 26 72.258 3.776
9 37 80.848 4.078
13 20 63.551 0.357
40 43 42.64 1.372
15 43 72.883 3.674
0 18 99.397 3.991
35 48 0 0.0
18 23 59.82 0.085
6 11 27.738 1.974
16 28 86.078 4.592
10 13 92.451 3.919
26 30 65.348 1.481
32 34 67.59 2.226
2 33 89.929 4.541
9 33 93.51 3.782
18 31 72.745 4.461
13 44 97.722 4.036
16 48 0 0.0
16 43 92.086 3.613
3 45 97.143 3.91
32 47 74.445 4.111
0 1 72.124 0.021
16 36 91.756 3.728
39 41 80.463 0.37
5 22 92.274 3.814
3 12 75.958 3.779
15 36 84.101 3.656
0 4 53.503 0.578
24 29 14.303 0.751
1 40 83.596 4.486
29 49 0 0.0
13 32 95.331 3.721
23 25 90.458 4.068
16 46 87.631 3.922
8 10 2.34 1.648
9 22 78.735 3.991
2 15 73.639 4.224
12 38 95.546 3.604
25 27 10.866 0.561
11 45 75.767 3.65
26 32 70.833 0.45
44 46 32.691 0.766
10 39 93.542 4.531
19 49 0 0.0
0 20 86.696 4.382
9 41 75.858 4.171
12 44 95.009 4.034
10 41 88.672 4.455
8 9 58.069 2.174
4 34 73.112 3.714
1 24 97.162 3.966
12 39 90.401 3.824
31 39 79.017 4.463
4 25 77.956 4.135
22 34 76.117 3.713
0 38 88.128 3.636
3 28 75.332 4.504
1 49 0 0.0
3 21 76.12 4.207
7 13 92.788 4.562
31 34 54.043 2.224
28 46 93.659 3.794
25 34 57.06 1.628
0 15 92.112 3.925
29 44 89.595 4.532
19 42 97.889 4.143
1 48 0 0.0
35 43 99.668 3.697
21 29 72.561 3.941
18 40 89.415 4.198
16 24 90.807 3.863
30 33 61.472 2.713
18 43 90.539 4.092
18 37 80.008 4.32
30 42 74.044 3.712
8 22 99.214 4.085
38 49 0 0.0
8 13 80.979 4.37
5 39 78.148 3.674
4 13 94.105 3.962
11 15 92.076 4.284
9 16 88.303 4.039
4 16 72.36 3.674
16 26 97.739 4.114
27 32 12.856 2.01
42 46 52.296 0.389
34 37 73.586 3.753
9 12 98.322 4.22
11 37 79.468 3.958
44 48 0 0.0
1 23 99.959 4.409
6 37 91.556 4.394
0 7 6.253 1.545
30 49 0 0.0
9 24 95.844 3.803
47 48 0 0.0
15 39 84.015 4.12
40 46 47.274 0.651
19 29 80.55 4.224
12 15 53.455 0.536
47 49 0 0.0
9 19 93.923 4.143
6 38 71.827 4.405
14 40 92.87 3.907
16 38 71.769 4.048
14 49 0 0.0
0 43 80.517 3.607
12 36 97.59 4.107
7 26 90.557 3.767
17 36 91.069 3.918
26 29 39.911 1.464
37 49 0 0.0
20 26 73.147 3.914
19 27 93.666 3.673
2 35 80.691 3.954
12 45 72.716 4.308
2 4 53.474 1.909
19 41 71.435 3.965
22 38 93.105 4.068
1 9 52.559 0.181
26 40 82.457 3.822
40 42 60.817 2.107
13 25 71.963 4.478
8 17 93.754 3.855
6 25 96.199 3.879
0 31 76.675 4.459
24 46 98.284 4.156
30 43 80.54 3.85
7 36 87.835 4.424
4 45 78.037 4.259
28 41 71.081 4.473
17 48 0 0.0
14 24 77.511 3.858
36 40 10.294 1.448
5 46 89.921 4.255
9 40 91.578 4.327
33 45 80.0 4.172
27 47 94.221 4.504
30 45 99.053 4.288
15 29 91.123 4.141
27 29 19.552 0.227
7 22 90.655 3.889
0 21 88.518 3.742
7 27 82.246 4.488
17 35 93.812 4.143
34 49 0 0.0
13 23 20.554 1.285
8 19 82.406 3.773
2 37 99.396 3.643
4 30 72.705 3.95
13 39 98.304 4.46
5 44 99.403 3.701
1 43 75.403 3.739
1 36 76.438 4.178
14 35 71.643 4.42
28 40 79.241 3.635
22 32 96.368 3.871
8 40 93.497 4.198
10 30 83.552 4.251
11 44 81.942 3.641
5 47 97.47 4.515
31 38 81.848 3.839
8 44 85.743 3.71
25 42 87.096 4.32
14 16 62.738 0.687
33 46 93.165 3.947
36 42 3.338 1.142
33 41 96.681 4.084
4 41 97.555 4.016
4 39 98.777 4.445
2 18 97.041 4.276
21 41 99.548 3.841
32 46 90.528 3.918
20 28 82.012 3.684
7 38 81.582 3.649
14 28 82.61 3.699
26 34 37.514 0.722
23 47 84.951 3.638
3 25 82.014 3.854
1 44 73.143 4.222
5 34 70.24 4.346
46 47 30.911 1.215
21 24 98.13 4.365
36 45 67.427 1.97
11 46 83.448 3.948
26 33 49.102 2.702
2 34 86.983 3.598
16 25 99.834 4.352
12 18 2.498 1.437
19 21 51.644 1.475
8 33 80.643 4.49
12 35 90.442 4.41
38 42 86.439 0.795
32 40 86.757 3.83
27 46 71.536 4.553
1 21 81.436 3.854
45 48 0 0.0
0 23 94.442 4.338
41 46 12.498 0.584
14 42 93.708 4.055
10 29 81.859 4.451
6 13 81.177 4.118
6 24 90.091 4.534
17 41 90.478 3.732
5 42 91.812 4.447
23 46 92.179 4.471
7 25 82.909 3.995
23 26 79.853 4.528
20 23 46.231 1.863
20 40 84.984 4.238
14 37 99.653 3.905
13 35 70.069 4.138
4 23 77.682 3.656
22 39 92.771 3.596
29 36 90.619 3.613
36 39 23.727 1.207
21 46 75.246 4.06
29 39 77.953 3.979
19 38 70.755 3.873
17 30 83.492 3.804
5 36 74.279 4.244
19 20 49.281 1.754
29 43 88.456 3.854
14 33 98.057 4.021
7 11 12.615 1.256
11 29 93.671 4.212
8 27 87.439 4.459
17 47 81.632 4.351
13 27 81.217 4.236
16 49 0 0.0
15 47 92.088 4.012
15 32 88.479 4.555
5 29 92.799 4.515
3 10 52.521 0.914
5 23 99.675 3.893
3 27 90.724 3.95
16 32 99.642 3.849
45 46 53.913 0.694
11 22 83.447 4.165
17 42 84.951 3.766
10 40 83.715 4.395
14 21 48.216 2.185
9 48 0 0.0
39 45 35.087 0.491
16 37 85.779 4.066
31 43 87.167 4.255
37 40 21.687 0.55
23 37 93.189 3.728
16 30 73.386 4.315
11 38 95.532 3.958
2 5 71.501 1.091
18 29 81.377 3.597
0 10 28.738 0.265
5 19 74.427 4.005
28 49 0 0.0
25 45 71.57 4.483
7 28 82.556 3.717
21 43 78.677 3.708
21 33 93.14 4.092
32 37 73.694 3.809
33 48 0 0.0
11 12 88.096 4.024
11 49 0 0.0
23 44 72.141 4.201
2 11 64.588 2.65
24 37 95.867 4.526
6 36 87.185 4.048
10 26 80.903 4.143
10 34 99.483 4.449
11 24 73.946 3.691
13 48 0 0.0
3 6 32.566 2.992
27 37 70.716 4.084
11 41 87.604 3.867
5 48 0 0.0
15 44 92.992 4.147
20 39 79.993 3.889
27 33 67.912 1.286
17 28 82.514 4.58
13 47 92.659 3.852
20 31 80.94 4.289
1 34 90.662 3.665
20 33 75.672 3.987
25 46 96.437 4.376
2 42 99.674 4.266
3 26 87.494 3.876
2 31 90.157 3.649
13 15 19.907 0.362
4 48 0 0.0
2 16 81.618 3.729
3 33 86.032 3.822
16 27 88.618 4.163
27 49 0 0.0
15 19 50.212 0.033
8 34 94.568 4.127
6 10 61.371 2.008
0 42 72.246 4.46
14 27 72.626 3.897
7 30 85.429 4.298
14 23 10.962 1.793
23 27 89.619 3.976
3 41 79.652 4.377
19 34 80.248 4.501
6 30 87.835 3.927
31 47 88.385 3.888
30 35 34.55 0.246
0 2 21.223 0.318
42 43 13.385 1.554
22 47 75.853 4.225
19 37 93.95 3.814
8 30 84.701 3.614
24 44 97.878 3.705
32 43 89.63 3.61
4 20 77.227 3.991
23 34 79.783 3.636
13 36 96.249 4.218
21 49 0 0.0
3 15 70.504 4.028
43 46 84.001 1.322
24 43 76.076 3.654
9 25 77.762 3.835
3 30 91.37 4.229
7 40 76.658 3.623
41 42 69.135 1.164
2 40 82.507 4.017
19 32 91.965 3.62
14 18 42.381 2.184
32 33 73.978 0.148
18 27 70.667 4.103
17 24 76.403 3.936
28 44 76.659 4.335
5 25 79.763 4.377
7 23 87.016 3.758
18 22 75.488 1.843
11 20 88.849 4.193
6 17 82.534 4.3
19 28 82.109 4.098
10 43 73.17 4.348
0 22 94.465 4.401
13 43 88.513 4.126
1 32 72.595 4.414
29 47 80.102 4.105
17 21 68.432 1.08
2 6 87.326 2.257
6 32 97.185 3.655
13 24 85.647 3.888
36 48 0 0.0
14 38 77.606 3.906
3 39 75.567 4.257
33 35 48.038 1.269
20 38 81.517 3.619
18 24 81.25 3.741
36 38 47.7 1.054
0 17 71.611 4.365
12 48 0 0.0
1 35 74.743 4.042
40 49 0 0.0
20 43 95.647 4.424
0 12 86.614 3.679
1 22 83.474 4.264
17 26 72.215 4.244
19 24 75.61 4.167
12 31 89.222 4.472
0 26 99.491 3.918
9 49 0 0.0
10 25 76.089 4.24
3 19 95.087 4.321
4 12 71.452 4.382
37 39 89.01 0.022
0 16 94.319 3.762
0 34 90.156 4.129
12 40 90.045 3.62
7 45 79.804 3.683
11 32 95.41 4.122
9 39 89.264 3.665
36 41 42.663 0.958
4 9 61.229 1.34
2 25 90.504 3.947
9 14 86.533 4.04
2 24 83.684 4.269
17 33 86.786 3.917
8 31 87.448 3.988
24 41 71.663 4.34
6 12 99.493 3.658
22 49 0 0.0
39 46 17.582 0.5
11 17 97.348 3.921
11 13 94.496 4.583
41 49 0 0.0
21 34 98.949 4.227
0 48 0 0.0
2 21 93.095 3.815
27 42 83.087 4.551
9 18 82.603 3.862
7 9 29.341 0.734
7 46 73.9 4.168
5 21 89.603 4.456
27 48 0 0.0
35 49 0 0.0
13 16 4.122 0.856
23 49 0 0.0
27 35 35.348 0.762
20 24 82.238 3.869
17 46 96.166 4.473
10 21 98.716 3.682
36 44 60.953 1.256
17 34 72.936 4.551
15 21 44.845 1.861
31 46 82.95 3.879
8 28 78.398 4.173
6 34 70.799 3.733
19 44 86.115 3.707
20 34 85.772 4.553
10 38 99.861 3.614
4 26 72.99 3.878
13 22 3.567 1.574
13 14 4.578 0.062
4 29 84.267 4.413
14 25 89.195 4.037
7 10 47.416 0.292
41 45 13.043 0.14
33 43 81.658 4.047
5 18 97.688 4.329
21 40 83.615 3.602
9 20 99.826 4.097
11 33 84.301 4.017
1 11 43.427 2.73
31 40 76.059 4.256
11 42 94.236 4.472
38 47 60.907 1.101
33 39 74.962 4.535
22 25 83.51 4.497
21 32 95.324 3.719
16 31 94.855 3.923
17 27 98.842 3.626
7 43 97.089 3.62
24 32 38.887 0.614
3 47 98.038 3.642
4 22 84.818 4.025
14 39 76.272 4.131
10 28 84.998 4.444
27 38 95.929 3.8
7 17 74.455 4.179
1 29 90.582 3.689
11 21 81.662 4.335
27 34 73.922 0.713
22 31 96.245 4.277
32 42 99.34 3.779
21 36 90.128 4.177
32 44 99.193 4.561
12 21 33.27 2.165
43 45 52.884 0.157
16 40 80.559 4.142
21 35 78.784 4.427
4 11 78.427 2.984
13 21 51.942 1.651
34 36 84.504 4.253
40 41 72.582 0.953
3 17 94.989 4.151
14 30 95.469 4.316
9 32 78.36 4.078
5 16 79.411 3.964
9 11 6.082 2.48
2 32 74.609 3.774
16 29 74.887 3.802
33 37 91.736 3.713
5 24 79.395 3.708
19 30 75.668 4.285
17 32 82.669 3.706
34 39 80.979 4.309
3 37 73.45 3.698
21 27 81.604 4.324
43 48 0 0.0
8 18 95.259 3.594
5 7 13.869 1.139
25 38 86.749 4.375
28 47 97.798 4.463
25 31 56.939 0.644
29 40 96.377 4.358
23 29 82.687 3.751
1 5 27.812 2.397
4 8 40.04 0.926
5 12 79.292 3.679
31 44 95.724 4.301
21 22 45.734 0.911
23 41 96.101 3.711
33 40 95.966 3.924
12 41 80.621 4.0
10 14 79.924 3.959
7 39 72.58 4.492
17 22 47.126 0.745
33 47 97.201 4.218
4 49 0 0.0
24 27 64.879 1.248
1 39 89.896 3.772
25 43 71.559 4.322
13 34 98.556 3.882
25 37 98.631 4.208
19 46 74.264 4.201
7 14 72.299 4.09
11 27 92.636 4.258
17 37 76.814 3.764
17 40 77.559 4.449
0 35 82.92 3.904
12 32 94.069 3.899
34 42 99.037 3.981
1 3 68.098 0.842
19 33 80.787 4.35
14 34 76.697 4.121
21 47 82.427 4.352
24 49 0 0.0
4 33 72.528 4.222
20 37 86.216 4.135
20 42 72.808 4.226
35 37 92.187 4.427
2 23 88.107 4.433
17 38 70.756 3.695
4 21 79.196 4.385
30 47 77.745 4.458
16 17 65.205 0.498
6 39 89.319 4.179
8 15 83.155 4.259
26 48 0 0.0
38 48 0 0.0
23 42 70.093 3.834
8 45 90.011 4.474
21 28 79.185 3.604
4 43 83.506 4.512
25 47 87.575 4.469
22 29 78.669 3.978
13 19 19.378 1.992
18 41 87.309 4.124
0 44 78.269 3.669
9 38 93.958 4.553
14 15 7.768 0.148
32 36 75.499 3.859
22 28 87.48 4.471
20 32 90.95 4.261
8 16 70.997 4.307
1 28 87.088 4.49
5 27 94.411 3.842
29 35 69.64 0.283
17 25 76.712 4.533
12 14 28.493 0.04
20 35 72.808 4.534
2 30 88.664 3.71
4 31 80.421 4.104
44 49 0 0.0
35 45 90.01 4.009
27 31 72.236 1.478
24 30 28.229 1.876
3 20 95.818 4.572
36 47 26.67 1.254
11 36 86.185 4.391
18 34 76.33 4.1
26 38 78.551 4.212
29 31 16.812 0.445
8 47 84.611 3.847
6 21 70.402 4.408
34 46 70.213 4.326
1 18 79.54 4.126
13 41 95.837 4.515
12 37 73.763 3.807
42 49 0 0.0
0 27 86.502 4.08
22 37 98.045 3.907
13 38 70.81 4.183
19 25 94.848 4.45
5 11 84.682 0.972
30 31 40.508 1.236
5 32 72.622 3.808
6 47 81.447 3.637
15 33 74.472 4.058
2 26 95.567 4.388
29 42 92.156 3.966
21 37 97.397 3.727
12 16 73.549 1.713
34 44 92.7 4.149
6 20 74.407 4.336
35 36 91.449 4.266
22 42 99.306 4.029
5 30 95.854 4.308
6 18 79.448 4.093
34 48 0 0.0
28 39 73.85 3.736
23 40 75.959 4.486
5 43 98.631 3.723
29 30 71.985 2.674
34 38 97.933 4.142
0 25 86.532 3.636
14 46 90.019 4.461
38 46 26.983 0.469
4 14 92.929 3.753
9 29 71.906 4.291
12 26 88.144 4.559
18 26 96.609 3.806
2 19 88.684 4.579
0 46 96.42 3.889
9 46 77.772 4.309
15 18 7.323 0.482
30 41 96.978 4.262
1 37 98.807 4.483
22 36 86.996 3.629
14 44 78.454 3.64
21 30 96.479 4.556
16 44 99.822 4.13
24 33 40.517 0.23
31 35 17.566 1.315
10 46 78.674 4.097
6 31 92.006 3.794
36 37 41.475 0.391
3 8 96.773 2.351
26 43 95.544 4.369
1 15 95.9 3.921
7 49 0 0.0
8 38 96.628 4.048
19 43 70.643 4.57
5 33 72.076 4.453
8 37 75.382 4.33
25 44 78.362 4.544
6 48 0 0.0
20 49 0 0.0
36 46 68.113 1.743
4 28 75.413 4.368
10 36 82.986 3.7
22 48 0 0.0
1 8 95.49 1.119
18 39 75.395 4.121
35 44 84.222 4.561
18 36 85.857 4.424
31 33 10.042 2.299
41 43 63.595 1.343
10 19 94.344 3.86
35 40 82.584 3.612
10 16 71.397 4.438
32 45 91.07 4.154
7 18 98.389 4.247
12 23 25.758 2.042
2 36 76.712 4.251
39 44 42.82 0.321
21 42 95.738 4.173
16 42 85.059 4.581
42 44 82.092 0.915
5 37 97.829 3.787
3 43 83.871 3.951
11 40 75.357 4.11
35 46 81.509 4.573
36 49 0 0.0
32 38 74.548 4.444
2 28 81.96 4.258
9 10 28.373 0.653
21 45 84.787 4.233
12 20 16.624 0.91
2 47 81.022 3.994
11 16 90.19 3.623
15 16 4.699 1.088
6 16 71.238 4.037
6 15 89.196 4.158
26 39 88.092 4.489
14 47 71.951 4.592
24 36 84.295 3.877
4 7 90.714 2.766
3 46 83.993 4.101
15 28 78.042 4.479
9 17 84.887 4.367
10 49 0 0.0
32 39 96.948 4.26
27 40 87.412 3.7
35 42 95.331 4.073
20 22 7.223 1.677
17 19 65.756 1.224
18 33 72.512 3.851
24 31 11.816 0.753
46 49 0 0.0
6 35 93.673 3.796
12 27 80.303 4.106
24 26 70.033 0.826
11 19 82.663 3.738
7 35 88.44 3.955
10 24 94.116 4.543
31 45 90.384 4.37
42 47 32.796 0.409
38 43 46.43 1.122
2 22 99.668 3.961
6 28 73.14 3.725
29 48 0 0.0
15 40 82.449 3.986
28 38 92.711 3.612
5 49 0 0.0
10 33 79.611 3.872
39 42 19.511 0.471
19 22 17.332 0.725
0 47 85.665 4.201
12 42 98.039 4.27
5 17 89.308 4.45
4 37 76.804 4.096
23 39 88.774 3.704
21 48 0 0.0
18 45 88.639 3.675
29 33 60.097 1.861
16 22 4.999 2.187
0 45 98.012 4.138
7 48 0 0.0
3 23 90.525 3.84
15 42 73.338 4.382
12 43 72.419 4.564
26 49 0 0.0
17 31 70.491 3.891
20 47 74.485 4.489
9 35 99.66 3.8
17 29 85.662 4.387
2 46 97.744 3.751
8 48 0 0.0
2 9 69.801 2.029
14 32 83.534 3.679
15 49 0 0.0
5 41 71.006 3.833
1 2 65.953 1.438
9 13 87.663 3.647
6 43 92.496 3.713
13 40 76.05 4.554
1 14 77.444 3.617
19 47 79.314 3.944
28 31 51.634 1.768
15 46 95.586 3.672
22 41 79.729 4.192
2 48 0 0.0
16 33 74.715 3.715
14 26 75.021 4.306
5 38 74.759 3.642
0 5 33.521 0.374
9 26 72.094 3.901
19 31 94.541 3.829
1 30 91.482 4.178
2 44 89.201 4.179
2 3 97.193 2.105
35 39 88.03 4.27
3 16 97.205 4.065
5 8 29.169 0.607
15 17 28.605 0.767
22 44 75.408 4.494
25 41 93.864 3.986
21 26 77.213 3.715
6 29 72.974 3.632
24 47 98.201 4.152
24 39 76.219 3.809
9 44 97.686 3.892
15 48 0 0.0
1 33 77.498 4.184
21 23 35.352 0.479
9 31 97.553 3.766
12 30 80.345 4.536
33 42 85.014 4.536
2 27 72.914 4.429
26 35 53.993 1.365
8 42 90.697 4.185
10 20 78.879 3.617
33 36 73.022 4.484
11 35 99.127 4.395
8 14 71.973 4.184
7 12 72.654 4.568
20 48 0 0.0
1 38 95.128 4.586
9 47 87.08 4.509
10 44 87.582 4.436
10 15 83.732 4.011
5 6 15.57 0.919
26 45 70.684 3.979
28 43 89.049 4.352
18 32 94.672 4.329
2 8 8.797 0.061
45 47 54.346 1.68
4 6 46.878 2.336
28 42 92.521 4.071
10 12 98.743 3.749
0 8 85.821 2.508
22 40 94.044 3.679
17 44 89.147 4.458
22 26 93.214 4.201
20 27 72.575 4.079
4 15 78.473 3.998
39 43 13.791 1.79
30 34 38.364 1.347
1 4 6.088 2.16
7 37 75.891 4.482
16 21 57.712 0.151
10 48 0 0.0
4 36 97.737 3.975
23 24 83.514 4.24
17 43 94.078 4.422
10 23 90.795 4.302
8 11 69.083 2.687
1 31 92.953 4.545
11 31 83.8 4.006
29 38 77.429 3.762
14 43 89.708 4.195
2 13 87.945 4.229
15 30 75.805 4.078
23 32 70.865 4.298
33 34 24.508 0.58
18 48 0 0.0
6 8 16.723 2.561
14 45 78.301 4.469
11 34 97.376 3.607
13 42 73.02 4.303
21 38 80.03 4.237
24 48 0 0.0
38 45 27.234 0.005
8 49 0 0.0
7 31 71.427 3.704
29 41 82.364 3.603
6 40 75.327 4.236
34 41 82.909 4.324
6 23 98.943 4.569
2 45 74.67 3.69
3 35 83.082 3.631
21 25 98.418 4.561
26 46 83.836 3.674
11 14 89.187 3.936
20 41 99.787 3.879
32 35 36.366 0.098
2 43 71.889 3.934
34 35 4.911 0.005
28 34 29.466 1.625
9 21 91.845 3.974
38 40 2.953 1.019
0 36 70.405 4.453
1 19 87.157 4.214
16 18 45.637 0.806
5 15 93.198 4.396
8 29 80.155 4.097
20 29 99.63 3.696
22 45 89.6 3.79
0 6 72.634 0.311
13 45 84.233 4.298
22 43 98.555 3.99
5 28 81.026 3.801
24 38 91.317 3.959
7 19 73.157 4.04
12 34 98.622 4.273
15 24 88.959 4.041
9 27 99.259 3.9
13 37 71.825 4.422
26 47 98.965 4.067
23 38 99.677 4.147
8 20 92.501 4.422
7 41 87.361 3.72
10 11 35.149 1.918
2 39 85.394 4.255
18 35 90.191 4.438
15 37 92.35 4.565
3 5 56.138 0.876
4 40 87.073 4.256
0 19 94.329 4.235
28 32 32.004 2.325
14 48 0 0.0
18 19 30.508 0.85
4 35 72.771 4.583
3 49 0 0.0
26 31 53.027 0.072
10 31 95.273 3.62
8 26 85.895 4.152
6 19 72.228 4.457
8 21 75.582 4.414
11 18 81.636 4.147
7 8 43.11 0.393
40 44 16.121 1.014
26 44 74.398 4.096
3 44 82.468 4.175
3 29 87.327 3.837
12 24 81.118 3.601
4 17 99.772 3.74
13 17 5.654 0.831
17 18 34.327 0.256
0 49 0 0.0
39 49 0 0.0
2 7 89.545 0.138
9 42 73.328 3.912
20 45 98.359 3.857
15 22 59.152 2.174
7 32 88.229 4.141
27 41 73.429 3.733
23 48 0 0.0
15 34 85.334 4.055
13 46 78.23 3.685
13 29 93.672 3.679
26 28 17.827 1.396
16 39 87.562 3.598
3 31 97.029 3.879
4 10 5.74 0.983
0 14 74.662 3.978
25 49 0 0.0
44 47 90.357 2.05
28 37 92.522 3.922
4 32 78.848 3.912
22 35 98.662 3.594
40 45 20.514 1.829
29 45 78.824 4.556
17 39 82.395 4.209
14 31 79.629 4.012
23 28 70.565 4.437
0 29 88.237 4.473
13 33 83.047 4.47
3 34 98.855 4.532
14 29 88.552 3.608
7 34 92.74 4.243
37 47 60.774 2.083
27 44 84.09 4.031
30 44 89.448 3.928
1 17 81.892 3.917
48 49 0 0.0
12 29 74.152 3.92
0 39 74.602 3.913
25 36 80.615 3.605
16 34 83.787 3.93
26 42 89.658 3.944
25 30 5.402 2.521
3 18 77.067 4.534
12 47 84.312 3.878
5 35 95.897 3.875
23 45 82.989 4.072
3 48 0 0.0
28 45 83.946 4.566
18 47 81.92 4.474
4 18 96.662 4.113
15 23 31.889 0.475
27 30 51.145 2.608
34 40 99.606 3.65
12 49 0 0.0
21 44 70.725 3.905
20 36 79.554 3.667
19 48 0 0.0
20 46 81.977 4.108
31 42 92.851 4.0
8 36 74.301 3.902
12 46 80.105 3.949
4 44 79.853 4.59
30 37 74.131 4.05
2 10 36.088 2.415
15 45 83.543 4.526
26 27 15.092 2.482
19 45 90.308 4.496
3 40 98.892 3.613
24 40 70.181 3.868
25 32 28.86 2.636
1 41 97.506 4.418
31 37 80.631 4.388
15 41 78.661 3.835
15 31 82.418 3.627
7 33 91.851 4.311
2 17 85.162 3.956
7 47 92.092 4.475
4 24 71.949 4.487
10 32 83.604 4.215
7 42 97.571 4.284
8 23 94.27 3.848
11 23 73.488 4.453
4 46 97.064 3.639
25 29 46.676 1.437
16 47 94.265 3.951
29 32 4.936 0.375
2 14 94.869 4.335
22 33 87.672 4.365
10 47 79.706 4.064
25 40 70.937 3.777
34 43 97.494 4.191
13 18 57.352 1.892
6 14 71.335 3.721
11 43 80.486 3.959
1 42 92.257 4.564
6 46 73.594 3.595
8 35 92.939 4.397
18 20 10.465 0.62
13 30 84.55 3.963
1 47 88.867 3.865
38 39 18.6 0.88
37 46 86.757 0.398
1 13 78.471 3.952
17 20 46.236 1.393
19 26 96.061 4.2
26 37 93.87 4.411
16 20 28.081 0.95
13 31 86.979 3.933
3 38 87.837 4.355
24 34 14.196 2.93
5 45 96.783 4.326
4 38 94.779 4.418
40 48 0 0.0
5 31 82.226 4.461
15 20 23.357 1.746
26 36 81.234 3.963
19 23 18.977 1.394
3 14 86.614 4.551
0 28 88.357 3.695
14 41 89.866 4.541
30 39 72.164 3.718
23 36 95.33 4.348
23 31 89.213 4.351
9 34 83.762 4.131
19 36 97.534 3.761
25 39 97.228 3.939
22 30 81.431 4.375
20 44 92.425 3.783
12 22 30.763 1.793
0 32 97.853 4.369
6 49 0 0.0
12 25 94.55 4.301
7 21 80.538 4.587
6 41 95.943 3.945
4 27 79.591 3.771
1 10 49.329 2.914
6 45 91.598 4.575
36 43 30.661 0.397
9 43 84.485 3.827
18 38 90.271 4.135
9 36 94.999 4.357
1 46 83.98 3.672
8 12 74.504 4.515
11 47 85.152 4.431
9 15 97.359 4.428
3 42 90.482 3.802
3 24 81.113 4.205
28 29 55.969 2.659
15 26 99.229 3.773
10 42 90.729 4.088
37 43 37.387 0.774
2 49 0 0.0
3 22 75.446 4.274
11 25 97.98 4.14
29 34 60.527 0.403
4 5 6.311 2.783
30 38 77.68 4.143
19 39 71.134 4.196
6 27 78.438 4.315
22 46 99.081 3.834
6 22 85.049 3.772
18 25 99.662 3.934
37 41 9.111 0.165
37 38 74.485 2.061
31 48 0 0.0
11 48 0 0.0
15 35 70.051 3.996
14 20 70.543 0.049
18 46 94.454 4.496
24 42 90.126 3.924
5 26 87.584 4.57
27 39 95.148 3.615
11 28 98.91 4.032
3 36 89.784 4.563
27 36 84.41 4.405
5 13 93.135 3.884
41 48 0 0.0
28 35 68.342 1.299
37 42 20.756 1.347
25 35 26.516 1.743
14 17 18.091 1.45
6 26 93.264 3.832
33 38 93.603 3.964
21 39 93.406 3.939
4 42 96.265 4.36
13 28 70.915 4.28
43 44 15.583 0.392
7 16 98.737 4.385
38 44 19.185 0.392
18 44 77.117 3.985
43 49 0 0.0
10 45 90.479 4.468
13 49 0 0.0
9 28 71.501 3.923
18 30 95.047 3.718
35 41 80.528 4.147
15 25 89.03 4.501
8 46 98.295 3.893
10 18 78.386 3.997
8 41 73.825 4.498
10 35 73.469 3.759
29 37 71.698 4.468
0 30 81.388 4.153
0 33 86.669 3.805
6 33 73.072 3.746
10 27 97.265 4.106
10 17 84.093 4.425
28 36 84.465 4.573
7 44 92.123 3.688
