50
99
0 1 3 1.084
0 2 7 0.293
0 3 4 0.573
0 4 6 0.739
0 5 10 0.802
0 6 10 0.593
0 7 9 0.528
0 8 5 0.684
0 9 8 0.691
0 10 4 0.784
0 11 6 0.504
0 12 9 0.411
0 13 1 0.469
0 14 7 1.082
0 15 8 0.268
0 16 5 0.794
0 17 9 0.824
0 18 5 0.479
0 19 5 0.477
0 20 1 0.793
0 21 1 0.469
0 22 9 0.794
0 23 10 0.314
0 24 5 0.271
0 25 4 0.504
0 26 10 0.905
0 27 2 0.598
0 28 2 0.272
0 29 6 0.629
0 30 1 0.41
0 31 8 0.64
0 32 9 0.987
0 33 5 0.448
0 34 2 0.762
0 35 9 0.542
0 36 1 0.53
0 37 9 0.532
0 38 3 0.383
0 39 4 0.927
0 40 7 0.806
0 41 3 0.762
0 42 2 0.79
0 43 6 0.492
0 44 10 0.738
0 45 8 0.741
0 46 4 0.443
0 47 8 0.507
0 48 7 0.313
0 49 10 0.702
1 2 8 0.497
1 3 9 1.01
1 4 2 1.047
1 5 10 0.308
1 6 4 0.646
1 7 5 0.276
1 8 10 0.643
1 9 7 0.629
1 10 5 1.082
1 11 4 0.255
1 12 10 0.423
1 13 2 0.511
1 14 1 0.348
1 15 9 0.87
1 16 9 0.751
1 17 7 0.7
1 18 10 0.734
1 19 8 0.564
1 20 7 0.302
1 21 9 0.415
1 22 3 0.88
1 23 8 0.365
1 24 9 0.34
1 25 10 0.617
1 26 4 1.013
1 27 3 1.035
1 28 10 0.752
1 29 7 0.392
1 30 9 0.752
1 31 7 0.366
1 32 5 0.571
1 33 10 0.877
1 34 8 0.605
1 35 5 0.899
1 36 3 0.666
1 37 2 0.515
1 38 4 0.671
1 39 4 0.979
1 40 7 0.646
1 41 7 0.62
1 42 2 0.731
1 43 7 0.421
1 44 8 0.771
1 45 7 1.021
1 46 7 0.512
1 47 8 0.279
1 48 7 0.292
1 49 7 0.939
2 3 4 0.457
2 4 6 0.849
2 5 10 0.731
2 6 2 0.528
2 7 10 0.793
2 8 10 0.364
2 9 9 0.467
2 10 7 0.798
2 11 3 0.471
2 12 10 0.617
2 13 4 0.875
2 14 4 0.834
2 15 3 0.516
2 16 10 0.79
2 17 7 0.734
2 18 10 0.444
2 19 4 0.626
2 20 3 1.047
2 21 8 0.584
2 22 4 0.764
2 23 5 0.406
2 24 9 0.683
2 25 6 0.679
2 26 2 0.41
2 27 5 1.0
2 28 7 0.57
2 29 3 0.943
2 30 5 0.991
2 31 4 0.384
2 32 7 0.665
2 33 3 0.36
2 34 10 0.648
2 35 5 0.78
2 36 9 0.743
2 37 1 0.89
2 38 9 1.163
2 39 2 0.423
2 40 1 0.399
2 41 4 0.914
2 42 6 0.261
2 43 3 0.31
2 44 6 0.93
2 45 2 0.39
2 46 6 0.4
2 47 10 0.784
2 48 1 0.292
2 49 4 0.322
3 4 8 1.023
3 5 2 0.41
3 6 10 0.917
3 7 5 0.282
3 8 5 0.507
3 9 7 0.558
3 10 4 0.836
3 11 4 0.815
3 12 3 0.66
3 13 6 0.82
3 14 8 1.08
3 15 9 0.789
3 16 2 0.528
3 17 3 0.719
3 18 10 0.845
3 19 7 0.445
3 20 10 0.373
3 21 3 0.553
3 22 7 0.54
3 23 4 0.58
3 24 9 0.888
3 25 2 0.932
3 26 8 0.741
3 27 2 0.94
3 28 7 0.557
3 29 7 0.667
3 30 2 0.763
3 31 8 0.375
3 32 3 0.827
3 33 7 1.028
3 34 9 0.424
3 35 7 0.885
3 36 7 0.369
3 37 10 0.938
3 38 2 0.524
3 39 8 0.749
3 40 7 0.765
3 41 1 0.643
3 42 1 0.898
3 43 4 0.445
3 44 2 0.316
3 45 1 0.537
3 46 8 0.701
3 47 4 0.814
3 48 6 0.363
3 49 6 0.777
4 5 9 0.839
4 6 6 0.244
4 7 8 1.086
4 8 4 0.402
4 9 8 0.249
4 10 9 0.703
4 11 7 0.445
4 12 3 0.309
4 13 9 0.913
4 14 7 1.024
4 15 2 0.836
4 16 2 1.061
4 17 8 0.963
4 18 4 0.61
4 19 8 0.384
4 20 2 0.926
4 21 8 0.332
4 22 7 0.685
4 23 4 0.45
4 24 6 0.541
4 25 2 0.456
4 26 10 0.959
4 27 9 0.331
4 28 10 0.411
4 29 10 0.835
4 30 5 0.604
4 31 5 0.772
4 32 5 0.725
4 33 2 0.643
4 34 4 0.805
4 35 8 0.961
4 36 6 0.684
4 37 3 0.358
4 38 1 0.414
4 39 2 0.819
4 40 2 0.899
4 41 6 0.963
4 42 7 0.823
4 43 1 0.836
4 44 1 0.344
4 45 9 1.003
4 46 8 0.607
4 47 8 0.444
4 48 10 0.31
4 49 5 1.079
5 6 3 0.853
5 7 10 0.254
5 8 8 0.773
5 9 8 1.003
5 10 5 0.447
5 11 8 1.011
5 12 5 0.965
5 13 2 0.665
5 14 5 0.579
5 15 6 0.351
5 16 9 0.444
5 17 4 0.993
5 18 7 0.564
5 19 3 0.805
5 20 6 0.414
5 21 7 0.296
5 22 5 0.943
5 23 7 0.894
5 24 5 0.965
5 25 5 0.708
5 26 10 0.637
5 27 1 0.767
5 28 2 0.681
5 29 6 0.722
5 30 1 0.873
5 31 3 0.953
5 32 2 0.829
5 33 7 0.986
5 34 8 1.043
5 35 4 0.933
5 36 8 1.043
5 37 6 0.727
5 38 4 0.263
5 39 7 0.599
5 40 8 0.246
5 41 4 0.401
5 42 5 0.363
5 43 9 0.47
5 44 6 0.622
5 45 10 0.55
5 46 9 0.324
5 47 4 1.068
5 48 5 0.642
5 49 10 0.648
6 7 10 0.324
6 8 5 0.272
6 9 9 0.461
6 10 6 0.373
6 11 8 0.762
6 12 1 0.855
6 13 10 0.515
6 14 8 0.402
6 15 10 0.369
6 16 7 0.453
6 17 9 0.854
6 18 3 0.867
6 19 3 1.079
6 20 6 0.616
6 21 4 0.74
6 22 8 0.444
6 23 2 0.897
6 24 1 0.499
6 25 6 0.762
6 26 9 1.02
6 27 10 0.613
6 28 1 0.916
6 29 7 0.533
6 30 10 0.635
6 31 6 0.419
6 32 10 0.874
6 33 8 0.687
6 34 9 0.796
6 35 10 0.495
6 36 7 0.627
6 37 8 0.409
6 38 1 0.942
6 39 9 0.279
6 40 6 1.04
6 41 10 0.978
6 42 1 1.031
6 43 6 0.549
6 44 3 0.498
6 45 6 0.69
6 46 7 0.317
6 47 2 0.276
6 48 8 0.964
6 49 7 0.325
7 8 5 0.955
7 9 1 0.56
7 10 5 0.743
7 11 3 0.942
7 12 2 0.665
7 13 10 0.611
7 14 5 0.987
7 15 3 0.42
7 16 8 0.909
7 17 4 0.404
7 18 8 0.252
7 19 2 0.291
7 20 10 0.876
7 21 9 0.926
7 22 2 0.822
7 23 10 0.302
7 24 3 0.976
7 25 8 0.653
7 26 7 0.704
7 27 7 0.631
7 28 9 0.431
7 29 6 0.694
7 30 2 0.521
7 31 9 0.545
7 32 6 1.036
7 33 5 0.346
7 34 6 0.363
7 35 1 0.673
7 36 9 0.914
7 37 9 1.067
7 38 3 0.962
7 39 8 0.347
7 40 2 0.371
7 41 6 0.683
7 42 9 0.351
7 43 9 0.343
7 44 2 0.524
7 45 8 0.714
7 46 10 0.279
7 47 1 0.528
7 48 6 0.392
7 49 9 0.453
8 9 7 0.759
8 10 6 0.698
8 11 10 0.897
8 12 6 1.086
8 13 1 0.792
8 14 2 0.689
8 15 8 0.684
8 16 9 0.453
8 17 6 0.917
8 18 7 0.316
8 19 1 0.394
8 20 6 0.585
8 21 3 0.826
8 22 7 1.008
8 23 5 0.677
8 24 8 0.526
8 25 2 1.046
8 26 8 0.513
8 27 4 0.905
8 28 3 0.282
8 29 4 0.807
8 30 9 0.882
8 31 7 0.45
8 32 9 1.079
8 33 10 0.821
8 34 8 0.989
8 35 9 0.583
8 36 6 0.763
8 37 2 0.651
8 38 5 0.458
8 39 4 0.735
8 40 6 0.867
8 41 9 0.754
8 42 5 0.563
8 43 1 0.633
8 44 6 0.286
8 45 2 0.89
8 46 2 0.919
8 47 4 0.629
8 48 4 0.857
8 49 2 0.41
9 10 10 0.847
9 11 8 1.033
9 12 8 0.46
9 13 10 0.355
9 14 1 0.78
9 15 7 0.754
9 16 10 0.613
9 17 9 0.615
9 18 5 0.764
9 19 9 0.709
9 20 2 0.544
9 21 2 0.856
9 22 2 0.915
9 23 7 0.694
9 24 4 0.78
9 25 7 0.803
9 26 5 0.625
9 27 8 0.43
9 28 7 0.783
9 29 5 0.477
9 30 3 0.267
9 31 4 0.276
9 32 7 0.765
9 33 6 0.533
9 34 5 0.334
9 35 4 0.591
9 36 10 0.513
9 37 2 0.979
9 38 10 0.737
9 39 8 0.76
9 40 8 0.958
9 41 10 0.523
9 42 10 0.335
9 43 9 1.079
9 44 5 0.658
9 45 3 1.0
9 46 8 0.591
9 47 3 0.804
9 48 10 0.29
9 49 5 0.771
10 11 6 1.081
10 12 6 0.779
10 13 8 1.001
10 14 5 0.687
10 15 4 0.268
10 16 4 0.287
10 17 6 1.053
10 18 4 0.686
10 19 1 0.397
10 20 4 0.656
10 21 8 0.675
10 22 8 1.011
10 23 3 1.083
10 24 7 0.286
10 25 1 0.642
10 26 9 0.463
10 27 6 1.086
10 28 4 0.261
10 29 10 0.967
10 30 9 0.723
10 31 3 0.608
10 32 6 1.057
10 33 8 0.961
10 34 4 0.259
10 35 5 0.3
10 36 8 1.073
10 37 3 0.925
10 38 7 0.933
10 39 4 0.731
10 40 5 0.917
10 41 5 0.543
10 42 5 1.05
10 43 8 0.935
10 44 10 1.087
10 45 7 0.251
10 46 5 1.01
10 47 10 0.64
10 48 2 0.947
10 49 2 0.991
11 12 7 0.793
11 13 1 0.9
11 14 1 0.521
11 15 6 0.29
11 16 3 0.487
11 17 9 0.853
11 18 2 0.666
11 19 8 0.659
11 20 8 0.408
11 21 1 0.957
11 22 6 1.007
11 23 2 0.859
11 24 7 0.891
11 25 2 0.47
11 26 10 0.652
11 27 4 0.843
11 28 1 0.838
11 29 5 0.422
11 30 5 0.939
11 31 3 0.247
11 32 9 1.012
11 33 7 1.047
11 34 9 1.081
11 35 4 0.51
11 36 10 0.724
11 37 4 1.007
11 38 1 0.396
11 39 5 1.017
11 40 7 0.284
11 41 6 0.712
11 42 3 0.433
11 43 4 0.36
11 44 8 0.358
11 45 10 0.29
11 46 2 0.487
11 47 9 1.019
11 48 8 0.895
11 49 10 0.38
12 13 7 0.413
12 14 3 0.433
12 15 7 0.544
12 16 3 1.048
12 17 4 0.673
12 18 5 1.071
12 19 4 0.801
12 20 7 0.997
12 21 10 0.729
12 22 3 0.889
12 23 8 0.978
12 24 9 0.525
12 25 10 0.666
12 26 2 0.912
12 27 6 0.731
12 28 1 0.396
12 29 4 0.708
12 30 9 0.745
12 31 5 0.83
12 32 1 0.867
12 33 1 0.635
12 34 4 0.532
12 35 8 0.328
12 36 10 0.777
12 37 10 0.53
12 38 7 0.795
12 39 5 1.047
12 40 7 1.085
12 41 6 1.035
12 42 1 0.354
12 43 5 0.79
12 44 10 0.97
12 45 1 0.369
12 46 6 0.927
12 47 9 0.735
12 48 10 0.689
12 49 2 0.253
13 14 9 1.055
13 15 10 0.53
13 16 2 1.026
13 17 2 0.478
13 18 2 0.532
13 19 5 0.273
13 20 5 1.057
13 21 5 0.659
13 22 6 0.811
13 23 3 1.088
13 24 4 0.543
13 25 7 0.856
13 26 9 0.807
13 27 9 0.461
13 28 10 0.263
13 29 10 0.388
13 30 5 0.458
13 31 2 0.436
13 32 8 0.634
13 33 9 0.444
13 34 4 0.868
13 35 6 1.024
13 36 7 0.703
13 37 1 1.032
13 38 1 0.86
13 39 1 0.927
13 40 6 0.608
13 41 10 0.271
13 42 3 0.677
13 43 4 0.714
13 44 10 0.76
13 45 8 1.039
13 46 1 0.421
13 47 2 0.258
13 48 8 0.843
13 49 2 0.825
14 15 3 0.602
14 16 8 0.824
14 17 8 0.546
14 18 10 0.784
14 19 7 0.598
14 20 7 0.268
14 21 8 0.57
14 22 9 0.718
14 23 9 1.025
14 24 10 0.941
14 25 2 0.989
14 26 6 0.838
14 27 10 0.392
14 28 7 0.272
14 29 1 0.795
14 30 3 0.484
14 31 4 1.003
14 32 10 1.061
14 33 8 0.845
14 34 1 1.028
14 35 7 0.934
14 36 6 0.907
14 37 8 0.531
14 38 2 0.493
14 39 1 0.729
14 40 5 1.065
14 41 5 0.758
14 42 8 0.661
14 43 4 0.296
14 44 5 1.085
14 45 8 0.703
14 46 4 0.825
14 47 9 0.507
14 48 8 0.842
14 49 7 0.833
15 16 2 0.559
15 17 5 0.839
15 18 10 0.73
15 19 7 0.77
15 20 7 0.605
15 21 6 0.699
15 22 7 0.583
15 23 7 0.684
15 24 1 0.727
15 25 6 0.531
15 26 5 0.47
15 27 7 0.638
15 28 2 0.819
15 29 9 0.463
15 30 9 0.45
15 31 9 0.611
15 32 2 0.913
15 33 2 0.961
15 34 4 0.767
15 35 4 0.813
15 36 3 0.336
15 37 5 0.322
15 38 8 0.791
15 39 1 0.518
15 40 9 0.293
15 41 9 0.679
15 42 7 1.037
15 43 7 0.953
15 44 9 0.625
15 45 6 0.886
15 46 8 0.553
15 47 1 0.563
15 48 6 0.802
15 49 8 0.812
16 17 10 0.535
16 18 7 0.823
16 19 6 0.692
16 20 9 0.952
16 21 1 1.065
16 22 7 0.481
16 23 7 0.364
16 24 10 0.917
16 25 6 0.818
16 26 3 0.287
16 27 4 0.946
16 28 6 0.634
16 29 3 0.62
16 30 7 0.874
16 31 10 1.077
16 32 7 0.89
16 33 2 0.368
16 34 4 0.74
16 35 1 0.686
16 36 5 1.038
16 37 3 0.87
16 38 3 0.347
16 39 6 1.044
16 40 8 1.056
16 41 7 0.566
16 42 8 0.724
16 43 9 0.309
16 44 7 0.346
16 45 8 1.04
16 46 8 0.504
16 47 10 0.298
16 48 3 0.247
16 49 5 0.562
17 18 10 0.264
17 19 7 1.054
17 20 9 0.912
17 21 1 0.244
17 22 5 0.542
17 23 7 0.505
17 24 7 0.992
17 25 7 0.61
17 26 8 0.771
17 27 3 0.859
17 28 5 0.417
17 29 10 0.464
17 30 6 0.484
17 31 5 0.317
17 32 9 0.886
17 33 10 0.819
17 34 9 0.715
17 35 7 1.088
17 36 4 0.618
17 37 9 0.978
17 38 1 0.496
17 39 1 0.386
17 40 1 0.75
17 41 4 0.442
17 42 6 0.669
17 43 2 0.314
17 44 4 0.352
17 45 3 0.33
17 46 9 0.886
17 47 9 0.661
17 48 7 0.347
17 49 2 0.45
18 19 3 0.833
18 20 3 0.562
18 21 10 1.01
18 22 1 0.62
18 23 8 0.473
18 24 5 0.503
18 25 6 0.423
18 26 2 0.657
18 27 10 0.647
18 28 7 0.344
18 29 9 1.091
18 30 9 0.551
18 31 8 0.699
18 32 4 0.895
18 33 5 0.375
18 34 8 0.354
18 35 9 0.277
18 36 4 0.304
18 37 7 0.251
18 38 6 0.726
18 39 6 0.274
18 40 5 0.797
18 41 3 0.701
18 42 9 1.522
18 43 6 0.496
18 44 1 0.566
18 45 6 0.758
18 46 10 0.373
18 47 4 0.359
18 48 6 0.332
18 49 9 0.255
19 20 9 0.912
19 21 9 1.013
19 22 3 0.503
19 23 9 1.018
19 24 7 0.713
19 25 6 0.736
19 26 2 0.925
19 27 6 0.295
19 28 8 0.651
19 29 2 0.385
19 30 9 0.298
19 31 1 0.662
19 32 1 0.513
19 33 10 1.075
19 34 2 0.563
19 35 8 0.858
19 36 1 1.039
19 37 9 0.664
19 38 4 0.88
19 39 8 0.392
19 40 1 0.931
19 41 9 0.542
19 42 2 0.419
19 43 10 0.412
19 44 9 0.501
19 45 9 0.828
19 46 10 0.842
19 47 7 0.715
19 48 2 0.366
19 49 10 0.495
20 21 1 0.917
20 22 8 0.359
20 23 3 0.994
20 24 9 0.248
20 25 4 0.27
20 26 7 0.254
20 27 8 0.616
20 28 5 0.488
20 29 9 0.624
20 30 9 0.471
20 31 10 0.559
20 32 8 1.051
20 33 4 0.674
20 34 1 0.397
20 35 1 0.532
20 36 6 0.487
20 37 5 1.078
20 38 3 0.609
20 39 2 0.971
20 40 6 0.637
20 41 3 0.762
20 42 3 0.662
20 43 2 0.317
20 44 5 0.401
20 45 6 0.784
20 46 9 0.584
20 47 7 0.604
20 48 6 0.829
20 49 9 0.847
21 22 3 0.756
21 23 7 0.927
21 24 8 0.702
21 25 8 0.623
21 26 4 0.577
21 27 8 0.529
21 28 7 0.407
21 29 8 0.848
21 30 3 0.418
21 31 3 0.709
21 32 10 0.414
21 33 3 0.828
21 34 2 0.53
21 35 6 0.971
21 36 9 0.538
21 37 7 0.607
21 38 9 0.576
21 39 9 0.936
21 40 7 0.869
21 41 10 1.035
21 42 1 0.936
21 43 2 0.857
21 44 8 0.249
21 45 4 0.317
21 46 1 0.633
21 47 7 0.563
21 48 5 0.591
21 49 3 0.758
22 23 4 0.837
22 24 1 0.283
22 25 1 0.643
22 26 8 0.925
22 27 10 0.426
22 28 2 0.648
22 29 10 0.377
22 30 10 0.275
22 31 9 0.421
22 32 2 0.689
22 33 9 0.313
22 34 9 0.656
22 35 3 0.821
22 36 10 1.03
22 37 10 1.09
22 38 3 0.916
22 39 8 0.578
22 40 1 0.293
22 41 7 0.716
22 42 1 0.464
22 43 5 0.847
22 44 5 0.738
22 45 4 0.762
22 46 1 0.346
22 47 8 0.605
22 48 3 0.567
22 49 2 0.947
23 24 10 0.892
23 25 7 0.839
23 26 7 0.88
23 27 10 1.053
23 28 3 0.926
23 29 3 0.444
23 30 10 0.837
23 31 10 0.469
23 32 3 0.66
23 33 8 0.293
23 34 8 0.397
23 35 9 0.735
23 36 2 0.366
23 37 10 0.976
23 38 9 1.01
23 39 6 0.247
23 40 1 0.66
23 41 9 0.65
23 42 9 0.354
23 43 7 0.298
23 44 9 0.479
23 45 4 0.923
23 46 10 0.512
23 47 7 0.554
23 48 8 0.416
23 49 6 0.28
24 25 2 0.693
24 26 2 0.65
24 27 4 0.869
24 28 8 0.594
24 29 6 0.66
24 30 7 0.988
24 31 2 0.596
24 32 4 0.933
24 33 9 1.017
24 34 7 0.719
24 35 3 0.28
24 36 6 0.592
24 37 5 0.341
24 38 6 0.573
24 39 9 1.077
24 40 2 0.446
24 41 2 0.944
24 42 5 0.36
24 43 1 1.05
24 44 4 0.77
24 45 4 0.352
24 46 9 0.908
24 47 10 0.685
24 48 4 1.018
24 49 10 0.627
25 26 10 0.816
25 27 4 0.583
25 28 6 0.73
25 29 4 0.974
25 30 4 0.601
25 31 3 0.486
25 32 5 1.046
25 33 2 0.784
25 34 8 0.478
25 35 5 0.373
25 36 3 0.413
25 37 8 0.935
25 38 8 0.538
25 39 7 0.467
25 40 2 0.325
25 41 9 0.706
25 42 9 0.821
25 43 5 0.851
25 44 8 0.746
25 45 4 0.535
25 46 1 0.871
25 47 6 0.54
25 48 6 0.758
25 49 6 0.759
26 27 6 0.306
26 28 1 0.958
26 29 5 0.485
26 30 1 0.742
26 31 4 1.053
26 32 2 0.284
26 33 5 0.256
26 34 8 0.307
26 35 10 0.978
26 36 8 0.85
26 37 6 0.945
26 38 6 0.635
26 39 6 0.971
26 40 7 0.701
26 41 7 0.768
26 42 5 0.843
26 43 8 0.749
26 44 7 0.496
26 45 9 0.937
26 46 9 0.702
26 47 5 0.432
26 48 4 0.717
26 49 8 1.013
27 28 7 0.531
27 29 6 0.576
27 30 10 0.593
27 31 7 0.439
27 32 4 0.316
27 33 6 0.584
27 34 9 0.771
27 35 7 0.508
27 36 4 1.016
27 37 3 0.669
27 38 6 0.963
27 39 1 0.92
27 40 1 0.382
27 41 10 0.532
27 42 9 0.301
27 43 3 0.508
27 44 5 1.089
27 45 4 0.517
27 46 6 0.352
27 47 10 0.922
27 48 10 0.98
27 49 3 0.743
28 29 7 1.03
28 30 8 0.676
28 31 9 1.005
28 32 9 0.67
28 33 4 0.465
28 34 1 0.646
28 35 7 1.008
28 36 8 1.003
28 37 8 0.822
28 38 5 0.798
28 39 2 0.628
28 40 3 0.889
28 41 8 0.603
28 42 6 0.633
28 43 6 0.877
28 44 10 0.254
28 45 8 0.427
28 46 4 0.598
28 47 10 0.486
28 48 1 0.307
28 49 3 0.664
29 30 10 0.411
29 31 6 0.359
29 32 1 0.899
29 33 5 0.836
29 34 9 0.616
29 35 3 0.432
29 36 8 0.674
29 37 4 0.546
29 38 6 0.66
29 39 4 0.244
29 40 6 0.954
29 41 1 0.508
29 42 6 0.474
29 43 9 0.479
29 44 4 0.629
29 45 6 0.472
29 46 9 0.431
29 47 7 0.481
29 48 6 0.973
29 49 2 0.512
30 31 7 0.557
30 32 3 0.818
30 33 10 0.37
30 34 3 0.817
30 35 8 0.438
30 36 7 0.873
30 37 10 0.635
30 38 1 0.454
30 39 8 0.761
30 40 8 0.509
30 41 2 0.646
30 42 5 0.846
30 43 8 0.613
30 44 7 0.793
30 45 3 0.774
30 46 5 0.872
30 47 3 0.514
30 48 3 0.341
30 49 7 0.974
31 32 8 0.646
31 33 1 1.013
31 34 5 0.317
31 35 10 0.291
31 36 9 1.028
31 37 3 0.782
31 38 10 0.295
31 39 10 0.962
31 40 9 0.243
31 41 5 0.87
31 42 4 0.547
31 43 9 0.822
31 44 4 0.651
31 45 9 0.763
31 46 2 0.44
31 47 6 0.659
31 48 8 0.7
31 49 4 0.244
32 33 10 0.861
32 34 3 0.673
32 35 3 1.029
32 36 1 0.84
32 37 9 0.653
32 38 8 1.048
32 39 2 0.953
32 40 4 0.501
32 41 10 0.639
32 42 7 0.866
32 43 4 0.465
32 44 5 0.579
32 45 2 0.317
32 46 7 0.979
32 47 8 0.589
32 48 5 0.746
32 49 6 1.062
33 34 7 0.872
33 35 1 0.698
33 36 8 0.788
33 37 6 0.837
33 38 5 0.699
33 39 1 0.448
33 40 9 1.04
33 41 9 0.281
33 42 2 0.913
33 43 5 0.67
33 44 2 0.42
33 45 4 0.85
33 46 6 0.634
33 47 8 0.597
33 48 1 0.348
33 49 5 1.048
34 35 3 0.802
34 36 4 0.341
34 37 2 0.421
34 38 4 1.0
34 39 8 0.274
34 40 9 1.046
34 41 7 0.73
34 42 7 0.442
34 43 6 0.469
34 44 6 0.419
34 45 6 0.89
34 46 10 0.32
34 47 2 1.046
34 48 7 0.374
34 49 9 0.651
35 36 10 0.997
35 37 3 0.885
35 38 9 0.372
35 39 4 0.669
35 40 7 0.993
35 41 10 0.371
35 42 3 0.686
35 43 4 0.258
35 44 8 0.883
35 45 10 0.85
35 46 7 0.51
35 47 8 0.698
35 48 4 0.923
35 49 7 0.938
36 37 5 0.364
36 38 7 0.534
36 39 6 0.548
36 40 9 1.064
36 41 4 0.746
36 42 8 0.263
36 43 7 1.057
36 44 10 0.381
36 45 7 0.636
36 46 10 1.047
36 47 6 0.558
36 48 10 0.75
36 49 2 0.433
37 38 7 0.705
37 39 4 0.583
37 40 8 0.576
37 41 1 0.806
37 42 2 0.814
37 43 5 0.602
37 44 9 0.562
37 45 9 0.621
37 46 9 0.647
37 47 8 0.465
37 48 3 0.374
37 49 10 0.735
38 39 1 0.247
38 40 10 0.57
38 41 4 0.708
38 42 3 0.513
38 43 4 0.657
38 44 6 0.308
38 45 7 0.797
38 46 2 0.46
38 47 10 0.586
38 48 3 0.714
38 49 2 1.004
39 40 9 0.777
39 41 4 1.018
39 42 7 0.271
39 43 7 0.287
39 44 2 0.51
39 45 10 1.012
39 46 7 0.503
39 47 2 0.526
39 48 9 0.407
39 49 2 0.8
40 41 7 0.913
40 42 3 1.06
40 43 7 1.0
40 44 8 0.665
40 45 6 0.706
40 46 10 0.709
40 47 2 0.598
40 48 6 0.617
40 49 6 0.783
41 42 4 0.65
41 43 2 0.556
41 44 3 0.508
41 45 8 0.941
41 46 5 0.895
41 47 2 0.246
41 48 3 0.795
41 49 3 0.387
42 43 9 0.295
42 44 9 0.254
42 45 4 0.804
42 46 7 0.384
42 47 3 1.062
42 48 10 0.404
42 49 4 0.358
43 44 6 0.734
43 45 6 0.853
43 46 8 0.4
43 47 5 0.941
43 48 6 0.26
43 49 6 0.354
44 45 10 0.707
44 46 5 1.076
44 47 2 0.962
44 48 5 0.693
44 49 10 0.78
45 46 8 0.476
45 47 7 0.431
45 48 10 0.808
45 49 8 0.793
46 47 9 0.937
46 48 7 0.275
46 49 10 0.55
47 48 10 0.883
47 49 3 0.579
48 49 5 1.012