50
96
0 1 9.436 4.362
0 2 9.234 0.902
0 3 9.436 4.362
0 4 9.436 4.362
0 5 9.436 4.362
0 6 9.164 0.923
0 7 9.634 0.925
0 8 9.436 4.362
0 9 9.896 0.956
0 10 9.436 4.362
0 11 9.436 4.362
0 12 9.436 4.362
0 13 9.436 4.362
0 14 9.436 4.362
0 15 9.436 4.362
0 16 9.436 4.362
0 17 9.436 4.362
0 18 9.436 4.362
0 19 9.436 4.362
0 20 9.436 4.362
0 21 9.436 4.362
0 22 9.436 4.362
0 23 9.436 4.362
0 24 9.436 4.362
0 25 9.436 4.362
0 26 9.436 4.362
0 27 9.436 4.362
0 28 9.436 4.362
0 29 9.436 4.362
0 30 9.436 4.362
0 31 9.436 4.362
0 32 9.436 4.362
0 33 9.436 4.362
0 34 9.436 4.362
0 35 9.436 4.362
0 36 9.436 4.362
0 37 9.436 4.362
0 38 9.436 4.362
0 39 9.436 4.362
0 40 9.436 4.362
0 41 9.436 4.362
0 42 9.436 4.362
0 43 9.436 4.362
0 44 9.436 4.362
0 45 9.436 4.362
0 46 9.436 4.362
0 47 9.436 4.362
0 48 9.436 4.362
0 49 9.436 4.362
1 2 9.436 4.362
1 3 9.255 0.959
1 4 9.824 0.953
1 5 8.897 0.902
1 6 9.436 4.362
1 7 9.436 4.362
1 8 9.834 0.903
1 9 9.436 4.362
1 10 9.436 4.362
1 11 9.436 4.362
1 12 9.436 4.362
1 13 9.436 4.362
1 14 9.436 4.362
1 15 9.436 4.362
1 16 9.436 4.362
1 17 9.436 4.362
1 18 9.436 4.362
1 19 9.436 4.362
1 20 9.436 4.362
1 21 9.436 4.362
1 22 9.436 4.362
1 23 9.436 4.362
1 24 9.436 4.362
1 25 9.436 4.362
1 26 9.436 4.362
1 27 9.436 4.362
1 28 9.436 4.362
1 29 9.436 4.362
1 30 9.436 4.362
1 31 9.436 4.362
1 32 9.436 4.362
1 33 9.436 4.362
1 34 9.436 4.362
1 35 9.436 4.362
1 36 9.436 4.362
1 37 9.436 4.362
1 38 9.436 4.362
1 39 9.436 4.362
1 40 9.436 4.362
1 41 9.436 4.362
1 42 9.436 4.362
1 43 9.436 4.362
1 44 9.436 4.362
1 45 9.436 4.362
1 46 9.436 4.362
1 47 9.436 4.362
1 48 9.436 4.362
1 49 9.436 4.362
2 3 9.436 4.362
2 4 9.436 4.362
2 5 9.436 4.362
2 6 9.360 0.926
2 7 9.998 0.934
2 8 9.436 4.362
2 9 9.163 0.924
2 10 9.436 4.362
2 11 9.436 4.362
2 12 9.436 4.362
2 13 9.436 4.362
2 14 9.436 4.362
2 15 9.436 4.362
2 16 9.436 4.362
2 17 9.436 4.362
2 18 9.436 4.362
2 19 9.436 4.362
2 20 9.436 4.362
2 21 9.436 4.362
2 22 9.436 4.362
2 23 9.436 4.362
2 24 9.436 4.362
2 25 9.436 4.362
2 26 9.436 4.362
2 27 9.436 4.362
2 28 9.436 4.362
2 29 9.436 4.362
2 30 9.436 4.362
2 31 9.436 4.362
2 32 9.436 4.362
2 33 9.436 4.362
2 34 9.436 4.362
2 35 9.436 4.362
2 36 9.436 4.362
2 37 9.436 4.362
2 38 9.436 4.362
2 39 9.436 4.362
2 40 9.436 4.362
2 41 9.436 4.362
2 42 9.436 4.362
2 43 9.436 4.362
2 44 9.436 4.362
2 45 9.436 4.362
2 46 9.436 4.362
2 47 9.436 4.362
2 48 9.436 4.362
2 49 9.436 4.362
3 4 9.034 0.907
3 5 9.267 0.937
3 6 9.436 4.362
3 7 9.436 4.362
3 8 9.846 0.931
3 9 9.436 4.362
3 10 9.436 4.362
3 11 9.436 4.362
3 12 9.436 4.362
3 13 9.436 4.362
3 14 9.436 4.362
3 15 9.436 4.362
3 16 9.436 4.362
3 17 9.436 4.362
3 18 9.436 4.362
3 19 9.436 4.362
3 20 9.436 4.362
3 21 9.436 4.362
3 22 9.436 4.362
3 23 9.436 4.362
3 24 9.436 4.362
3 25 9.436 4.362
3 26 9.436 4.362
3 27 9.436 4.362
3 28 9.436 4.362
3 29 9.436 4.362
3 30 9.436 4.362
3 31 9.436 4.362
3 32 9.436 4.362
3 33 9.436 4.362
3 34 9.436 4.362
3 35 9.436 4.362
3 36 9.436 4.362
3 37 9.436 4.362
3 38 9.436 4.362
3 39 9.436 4.362
3 40 9.436 4.362
3 41 9.436 4.362
3 42 9.436 4.362
3 43 9.436 4.362
3 44 9.436 4.362
3 45 9.436 4.362
3 46 9.436 4.362
3 47 9.436 4.362
3 48 9.436 4.362
3 49 9.436 4.362
4 5 8.375 0.935
4 6 9.436 4.362
4 7 9.436 4.362
4 8 9.352 0.925
4 9 9.436 4.362
4 10 9.436 4.362
4 11 9.436 4.362
4 12 9.436 4.362
4 13 9.436 4.362
4 14 9.436 4.362
4 15 9.436 4.362
4 16 9.436 4.362
4 17 9.436 4.362
4 18 9.436 4.362
4 19 9.436 4.362
4 20 9.436 4.362
4 21 9.436 4.362
4 22 9.436 4.362
4 23 9.436 4.362
4 24 9.436 4.362
4 25 9.436 4.362
4 26 9.436 4.362
4 27 9.436 4.362
4 28 9.436 4.362
4 29 9.436 4.362
4 30 9.436 4.362
4 31 9.436 4.362
4 32 9.436 4.362
4 33 9.436 4.362
4 34 9.436 4.362
4 35 9.436 4.362
4 36 9.436 4.362
4 37 9.436 4.362
4 38 9.436 4.362
4 39 9.436 4.362
4 40 9.436 4.362
4 41 9.436 4.362
4 42 9.436 4.362
4 43 9.436 4.362
4 44 9.436 4.362
4 45 9.436 4.362
4 46 9.436 4.362
4 47 9.436 4.362
4 48 9.436 4.362
4 49 9.436 4.362
5 6 9.436 4.362
5 7 9.436 4.362
5 8 9.273 0.935
5 9 9.436 4.362
5 10 9.436 4.362
5 11 9.436 4.362
5 12 9.436 4.362
5 13 9.436 4.362
5 14 9.436 4.362
5 15 9.436 4.362
5 16 9.436 4.362
5 17 9.436 4.362
5 18 9.436 4.362
5 19 9.436 4.362
5 20 9.436 4.362
5 21 9.436 4.362
5 22 9.436 4.362
5 23 9.436 4.362
5 24 9.436 4.362
5 25 9.436 4.362
5 26 9.436 4.362
5 27 9.436 4.362
5 28 9.436 4.362
5 29 9.436 4.362
5 30 9.436 4.362
5 31 9.436 4.362
5 32 9.436 4.362
5 33 9.436 4.362
5 34 9.436 4.362
5 35 9.436 4.362
5 36 9.436 4.362
5 37 9.436 4.362
5 38 9.436 4.362
5 39 9.436 4.362
5 40 9.436 4.362
5 41 9.436 4.362
5 42 9.436 4.362
5 43 9.436 4.362
5 44 9.436 4.362
5 45 9.436 4.362
5 46 9.436 4.362
5 47 9.436 4.362
5 48 9.436 4.362
5 49 9.436 4.362
6 7 9.953 0.915
6 8 9.436 4.362
6 9 9.327 0.957
6 10 9.436 4.362
6 11 9.436 4.362
6 12 9.436 4.362
6 13 9.436 4.362
6 14 9.436 4.362
6 15 9.436 4.362
6 16 9.436 4.362
6 17 9.436 4.362
6 18 9.436 4.362
6 19 9.436 4.362
6 20 9.436 4.362
6 21 9.436 4.362
6 22 9.436 4.362
6 23 9.436 4.362
6 24 9.436 4.362
6 25 9.436 4.362
6 26 9.436 4.362
6 27 9.436 4.362
6 28 9.436 4.362
6 29 9.436 4.362
6 30 9.436 4.362
6 31 9.436 4.362
6 32 9.436 4.362
6 33 9.436 4.362
6 34 9.436 4.362
6 35 9.436 4.362
6 36 9.436 4.362
6 37 9.436 4.362
6 38 9.436 4.362
6 39 9.436 4.362
6 40 9.436 4.362
6 41 9.436 4.362
6 42 9.436 4.362
6 43 9.436 4.362
6 44 9.436 4.362
6 45 9.436 4.362
6 46 9.436 4.362
6 47 9.436 4.362
6 48 9.436 4.362
6 49 9.436 4.362
7 8 9.436 4.362
7 9 9.436 0.908
7 10 9.436 4.362
7 11 9.436 4.362
7 12 9.436 4.362
7 13 9.436 4.362
7 14 9.436 4.362
7 15 9.436 4.362
7 16 9.436 4.362
7 17 9.436 4.362
7 18 9.436 4.362
7 19 9.436 4.362
7 20 9.436 4.362
7 21 9.436 4.362
7 22 9.436 4.362
7 23 9.436 4.362
7 24 9.436 4.362
7 25 9.436 4.362
7 26 9.436 4.362
7 27 9.436 4.362
7 28 9.436 4.362
7 29 9.436 4.362
7 30 9.436 4.362
7 31 9.436 4.362
7 32 9.436 4.362
7 33 9.436 4.362
7 34 9.436 4.362
7 35 9.436 4.362
7 36 9.436 4.362
7 37 9.436 4.362
7 38 9.436 4.362
7 39 9.436 4.362
7 40 9.436 4.362
7 41 9.436 4.362
7 42 9.436 4.362
7 43 9.436 4.362
7 44 9.436 4.362
7 45 9.436 4.362
7 46 9.436 4.362
7 47 9.436 4.362
7 48 9.436 4.362
7 49 9.436 4.362
8 9 9.436 4.362
8 10 9.436 4.362
8 11 9.436 4.362
8 12 9.436 4.362
8 13 9.436 4.362
8 14 9.436 4.362
8 15 9.436 4.362
8 16 9.436 4.362
8 17 9.436 4.362
8 18 9.436 4.362
8 19 9.436 4.362
8 20 9.436 4.362
8 21 9.436 4.362
8 22 9.436 4.362
8 23 9.436 4.362
8 24 9.436 4.362
8 25 9.436 4.362
8 26 9.436 4.362
8 27 9.436 4.362
8 28 9.436 4.362
8 29 9.436 4.362
8 30 9.436 4.362
8 31 9.436 4.362
8 32 9.436 4.362
8 33 9.436 4.362
8 34 9.436 4.362
8 35 9.436 4.362
8 36 9.436 4.362
8 37 9.436 4.362
8 38 9.436 4.362
8 39 9.436 4.362
8 40 9.436 4.362
8 41 9.436 4.362
8 42 9.436 4.362
8 43 9.436 4.362
8 44 9.436 4.362
8 45 9.436 4.362
8 46 9.436 4.362
8 47 9.436 4.362
8 48 9.436 4.362
8 49 9.436 4.362
9 10 9.436 4.362
9 11 9.436 4.362
9 12 9.436 4.362
9 13 9.436 4.362
9 14 9.436 4.362
9 15 9.436 4.362
9 16 9.436 4.362
9 17 9.436 4.362
9 18 9.436 4.362
9 19 9.436 4.362
9 20 9.436 4.362
9 21 9.436 4.362
9 22 9.436 4.362
9 23 9.436 4.362
9 24 9.436 4.362
9 25 9.436 4.362
9 26 9.436 4.362
9 27 9.436 4.362
9 28 9.436 4.362
9 29 9.436 4.362
9 30 9.436 4.362
9 31 9.436 4.362
9 32 9.436 4.362
9 33 9.436 4.362
9 34 9.436 4.362
9 35 9.436 4.362
9 36 9.436 4.362
9 37 9.436 4.362
9 38 9.436 4.362
9 39 9.436 4.362
9 40 9.436 4.362
9 41 9.436 4.362
9 42 9.436 4.362
9 43 9.436 4.362
9 44 9.436 4.362
9 45 9.436 4.362
9 46 9.436 4.362
9 47 9.436 4.362
9 48 9.436 4.362
9 49 9.436 4.362
10 11 9.436 4.362
10 12 9.436 4.362
10 13 9.320 0.932
10 14 9.436 4.362
10 15 9.436 4.362
10 16 9.436 4.362
10 17 9.274 0.955
10 18 9.294 0.959
10 19 9.273 0.935
10 20 9.436 4.362
10 21 9.436 4.362
10 22 9.436 4.362
10 23 9.436 4.362
10 24 9.436 4.362
10 25 9.436 4.362
10 26 9.436 4.362
10 27 9.436 4.362
10 28 9.436 4.362
10 29 9.436 4.362
10 30 9.436 4.362
10 31 9.436 4.362
10 32 9.436 4.362
10 33 9.436 4.362
10 34 9.436 4.362
10 35 9.436 4.362
10 36 9.436 4.362
10 37 9.436 4.362
10 38 9.436 4.362
10 39 9.436 4.362
10 40 9.436 4.362
10 41 9.436 4.362
10 42 9.436 4.362
10 43 9.436 4.362
10 44 9.436 4.362
10 45 9.436 4.362
10 46 9.436 4.362
10 47 9.436 4.362
10 48 9.436 4.362
10 49 9.436 4.362
11 12 9.436 0.902
11 13 9.436 4.362
11 14 9.436 0.902
11 15 9.436 0.902
11 16 9.436 0.902
11 17 9.436 4.362
11 18 9.436 4.362
11 19 9.436 4.362
11 20 9.436 4.362
11 21 9.436 4.362
11 22 9.436 4.362
11 23 9.436 4.362
11 24 9.436 4.362
11 25 9.436 4.362
11 26 9.436 4.362
11 27 9.436 4.362
11 28 9.436 4.362
11 29 9.436 4.362
11 30 9.436 4.362
11 31 9.436 4.362
11 32 9.436 4.362
11 33 9.436 4.362
11 34 9.436 4.362
11 35 9.436 4.362
11 36 9.436 4.362
11 37 9.436 4.362
11 38 9.436 4.362
11 39 9.436 4.362
11 40 9.436 4.362
11 41 9.436 4.362
11 42 9.436 4.362
11 43 9.436 4.362
11 44 9.436 4.362
11 45 9.436 4.362
11 46 9.436 4.362
11 47 9.436 4.362
11 48 9.436 4.362
11 49 9.436 4.362
12 13 9.436 4.362
12 14 9.436 0.902
12 15 9.436 0.902
12 16 9.436 0.902
12 17 9.436 4.362
12 18 9.436 4.362
12 19 9.436 4.362
12 20 9.436 4.362
12 21 9.436 4.362
12 22 9.436 4.362
12 23 9.436 4.362
12 24 9.436 4.362
12 25 9.436 4.362
12 26 9.436 4.362
12 27 9.436 4.362
12 28 9.436 4.362
12 29 9.436 4.362
12 30 9.436 4.362
12 31 9.436 4.362
12 32 9.436 4.362
12 33 9.436 4.362
12 34 9.436 4.362
12 35 9.436 4.362
12 36 9.436 4.362
12 37 9.436 4.362
12 38 9.436 4.362
12 39 9.436 4.362
12 40 9.436 4.362
12 41 9.436 4.362
12 42 9.436 4.362
12 43 9.436 4.362
12 44 9.436 4.362
12 45 9.436 4.362
12 46 9.436 4.362
12 47 9.436 4.362
12 48 9.436 4.362
12 49 9.436 4.362
13 14 9.436 4.362
13 15 9.436 4.362
13 16 9.436 4.362
13 17 9.173 0.934
13 18 8.237 0.913
13 19 9.326 0.923
13 20 9.436 4.362
13 21 9.436 4.362
13 22 9.436 4.362
13 23 9.436 4.362
13 24 9.436 4.362
13 25 9.436 4.362
13 26 9.436 4.362
13 27 9.436 4.362
13 28 9.436 4.362
13 29 9.436 4.362
13 30 9.436 4.362
13 31 9.436 4.362
13 32 9.436 4.362
13 33 9.436 4.362
13 34 9.436 4.362
13 35 9.436 4.362
13 36 9.436 4.362
13 37 9.436 4.362
13 38 9.436 4.362
13 39 9.436 4.362
13 40 9.436 4.362
13 41 9.436 4.362
13 42 9.436 4.362
13 43 9.436 4.362
13 44 9.436 4.362
13 45 9.436 4.362
13 46 9.436 4.362
13 47 9.436 4.362
13 48 9.436 4.362
13 49 9.436 4.362
14 15 9.436 0.902
14 16 9.436 0.902
14 17 9.436 4.362
14 18 9.436 4.362
14 19 9.436 4.362
14 20 9.436 4.362
14 21 9.436 4.362
14 22 9.436 4.362
14 23 9.436 4.362
14 24 9.436 4.362
14 25 9.436 4.362
14 26 9.436 4.362
14 27 9.436 4.362
14 28 9.436 4.362
14 29 9.436 4.362
14 30 9.436 4.362
14 31 9.436 4.362
14 32 9.436 4.362
14 33 9.436 4.362
14 34 9.436 4.362
14 35 9.436 4.362
14 36 9.436 4.362
14 37 9.436 4.362
14 38 9.436 4.362
14 39 9.436 4.362
14 40 9.436 4.362
14 41 9.436 4.362
14 42 9.436 4.362
14 43 9.436 4.362
14 44 9.436 4.362
14 45 9.436 4.362
14 46 9.436 4.362
14 47 9.436 4.362
14 48 9.436 4.362
14 49 9.436 4.362
15 16 9.436 0.902
15 17 9.436 4.362
15 18 9.436 4.362
15 19 9.436 4.362
15 20 9.436 4.362
15 21 9.436 4.362
15 22 9.436 4.362
15 23 9.436 4.362
15 24 9.436 4.362
15 25 9.436 4.362
15 26 9.436 4.362
15 27 9.436 4.362
15 28 9.436 4.362
15 29 9.436 4.362
15 30 9.436 4.362
15 31 9.436 4.362
15 32 9.436 4.362
15 33 9.436 4.362
15 34 9.436 4.362
15 35 9.436 4.362
15 36 9.436 4.362
15 37 9.436 4.362
15 38 9.436 4.362
15 39 9.436 4.362
15 40 9.436 4.362
15 41 9.436 4.362
15 42 9.436 4.362
15 43 9.436 4.362
15 44 9.436 4.362
15 45 9.436 4.362
15 46 9.436 4.362
15 47 9.436 4.362
15 48 9.436 4.362
15 49 9.436 4.362
16 17 9.436 4.362
16 18 9.436 4.362
16 19 9.436 4.362
16 20 9.436 4.362
16 21 9.436 4.362
16 22 9.436 4.362
16 23 9.436 4.362
16 24 9.436 4.362
16 25 9.436 4.362
16 26 9.436 4.362
16 27 9.436 4.362
16 28 9.436 4.362
16 29 9.436 4.362
16 30 9.436 4.362
16 31 9.436 4.362
16 32 9.436 4.362
16 33 9.436 4.362
16 34 9.436 4.362
16 35 9.436 4.362
16 36 9.436 4.362
16 37 9.436 4.362
16 38 9.436 4.362
16 39 9.436 4.362
16 40 9.436 4.362
16 41 9.436 4.362
16 42 9.436 4.362
16 43 9.436 4.362
16 44 9.436 4.362
16 45 9.436 4.362
16 46 9.436 4.362
16 47 9.436 4.362
16 48 9.436 4.362
16 49 9.436 4.362
17 18 8.934 0.934
17 19 9.163 0.943
17 20 9.436 4.362
17 21 9.436 4.362
17 22 9.436 4.362
17 23 9.436 4.362
17 24 9.436 4.362
17 25 9.436 4.362
17 26 9.436 4.362
17 27 9.436 4.362
17 28 9.436 4.362
17 29 9.436 4.362
17 30 9.436 4.362
17 31 9.436 4.362
17 32 9.436 4.362
17 33 9.436 4.362
17 34 9.436 4.362
17 35 9.436 4.362
17 36 9.436 4.362
17 37 9.436 4.362
17 38 9.436 4.362
17 39 9.436 4.362
17 40 9.436 4.362
17 41 9.436 4.362
17 42 9.436 4.362
17 43 9.436 4.362
17 44 9.436 4.362
17 45 9.436 4.362
17 46 9.436 4.362
17 47 9.436 4.362
17 48 9.436 4.362
17 49 9.436 4.362
18 19 9.126 0.950
18 20 9.436 4.362
18 21 9.436 4.362
18 22 9.436 4.362
18 23 9.436 4.362
18 24 9.436 4.362
18 25 9.436 4.362
18 26 9.436 4.362
18 27 9.436 4.362
18 28 9.436 4.362
18 29 9.436 4.362
18 30 9.436 4.362
18 31 9.436 4.362
18 32 9.436 4.362
18 33 9.436 4.362
18 34 9.436 4.362
18 35 9.436 4.362
18 36 9.436 4.362
18 37 9.436 4.362
18 38 9.436 4.362
18 39 9.436 4.362
18 40 9.436 4.362
18 41 9.436 4.362
18 42 9.436 4.362
18 43 9.436 4.362
18 44 9.436 4.362
18 45 9.436 4.362
18 46 9.436 4.362
18 47 9.436 4.362
18 48 9.436 4.362
18 49 9.436 4.362
19 20 9.436 4.362
19 21 9.436 4.362
19 22 9.436 4.362
19 23 9.436 4.362
19 24 9.436 4.362
19 25 9.436 4.362
19 26 9.436 4.362
19 27 9.436 4.362
19 28 9.436 4.362
19 29 9.436 4.362
19 30 9.436 4.362
19 31 9.436 4.362
19 32 9.436 4.362
19 33 9.436 4.362
19 34 9.436 4.362
19 35 9.436 4.362
19 36 9.436 4.362
19 37 9.436 4.362
19 38 9.436 4.362
19 39 9.436 4.362
19 40 9.436 4.362
19 41 9.436 4.362
19 42 9.436 4.362
19 43 9.436 4.362
19 44 9.436 4.362
19 45 9.436 4.362
19 46 9.436 4.362
19 47 9.436 4.362
19 48 9.436 4.362
19 49 9.436 4.362
20 21 9.436 4.362
20 22 9.134 0.902
20 23 9.436 4.362
20 24 9.123 0.912
20 25 9.436 4.362
20 26 9.235 0.923
20 27 9.436 4.362
20 28 9.155 0.901
20 29 9.888 4.023
20 30 9.888 4.023
20 31 9.888 4.023
20 32 9.888 4.023
20 33 9.888 4.023
20 34 9.888 4.023
20 35 9.888 4.023
20 36 9.888 4.023
20 37 9.888 4.023
20 38 9.888 4.023
20 39 9.888 4.023
20 40 9.888 4.023
20 41 9.888 4.023
20 42 9.888 4.023
20 43 9.888 4.023
20 44 9.888 4.023
20 45 9.888 4.023
20 46 9.888 4.023
20 47 9.888 4.023
20 48 9.888 4.023
20 49 9.888 4.023
21 22 9.888 4.023
21 23 9.229 0.909
21 24 9.888 4.023
21 25 9.229 0.909
21 26 9.888 4.023
21 27 9.229 0.909
21 28 9.888 4.023
21 29 9.229 0.909
21 30 9.888 4.023
21 31 9.888 4.023
21 32 9.888 4.023
21 33 9.888 4.023
21 34 9.888 4.023
21 35 9.888 4.023
21 36 9.888 4.023
21 37 9.888 4.023
21 38 9.888 4.023
21 39 9.888 4.023
21 40 9.888 4.023
21 41 9.888 4.023
21 42 9.888 4.023
21 43 9.888 4.023
21 44 9.888 4.023
21 45 9.888 4.023
21 46 9.888 4.023
21 47 9.888 4.023
21 48 9.888 4.023
21 49 9.888 4.023
22 23 9.888 4.023
22 24 9.155 0.901
22 25 9.888 4.023
22 26 9.625 0.921
22 27 9.888 4.023
22 28 9.145 0.915
22 29 9.888 4.023
22 30 9.888 4.023
22 31 9.888 4.023
22 32 9.888 4.023
22 33 9.888 4.023
22 34 9.888 4.023
22 35 9.888 4.023
22 36 9.888 4.023
22 37 9.888 4.023
22 38 9.888 4.023
22 39 9.888 4.023
22 40 9.888 4.023
22 41 9.888 4.023
22 42 9.888 4.023
22 43 9.888 4.023
22 44 9.888 4.023
22 45 9.888 4.023
22 46 9.888 4.023
22 47 9.888 4.023
22 48 9.888 4.023
22 49 9.888 4.023
23 24 9.888 4.023
23 25 9.229 0.909
23 26 9.888 4.023
23 27 9.229 0.909
23 28 9.888 4.023
23 29 9.229 0.909
23 30 9.888 4.023
23 31 9.888 4.023
23 32 9.888 4.023
23 33 9.888 4.023
23 34 9.888 4.023
23 35 9.888 4.023
23 36 9.888 4.023
23 37 9.888 4.023
23 38 9.888 4.023
23 39 9.888 4.023
23 40 9.888 4.023
23 41 9.888 4.023
23 42 9.888 4.023
23 43 9.888 4.023
23 44 9.888 4.023
23 45 9.888 4.023
23 46 9.888 4.023
23 47 9.888 4.023
23 48 9.888 4.023
23 49 9.888 4.023
24 25 9.888 4.023
24 26 9.123 0.943
24 27 9.888 4.023
24 28 9.555 0.945
24 29 9.888 4.023
24 30 9.888 4.023
24 31 9.888 4.023
24 32 9.888 4.023
24 33 9.888 4.023
24 34 9.888 4.023
24 35 9.888 4.023
24 36 9.888 4.023
24 37 9.888 4.023
24 38 9.888 4.023
24 39 9.888 4.023
24 40 9.888 4.023
24 41 9.888 4.023
24 42 9.888 4.023
24 43 9.888 4.023
24 44 9.888 4.023
24 45 9.888 4.023
24 46 9.888 4.023
24 47 9.888 4.023
24 48 9.888 4.023
24 49 9.888 4.023
25 26 9.888 4.023
25 27 9.229 0.909
25 28 9.888 4.023
25 29 9.229 0.909
25 30 9.888 4.023
25 31 9.888 4.023
25 32 9.888 4.023
25 33 9.888 4.023
25 34 9.888 4.023
25 35 9.888 4.023
25 36 9.888 4.023
25 37 9.888 4.023
25 38 9.888 4.023
25 39 9.888 4.023
25 40 9.888 4.023
25 41 9.888 4.023
25 42 9.888 4.023
25 43 9.888 4.023
25 44 9.888 4.023
25 45 9.888 4.023
25 46 9.888 4.023
25 47 9.888 4.023
25 48 9.888 4.023
25 49 9.888 4.023
26 27 9.888 4.023
26 28 9.005 0.903
26 29 9.888 4.023
26 30 9.888 4.023
26 31 9.888 4.023
26 32 9.888 4.023
26 33 9.888 4.023
26 34 9.888 4.023
26 35 9.888 4.023
26 36 9.888 4.023
26 37 9.888 4.023
26 38 9.888 4.023
26 39 9.888 4.023
26 40 9.888 4.023
26 41 9.888 4.023
26 42 9.888 4.023
26 43 9.888 4.023
26 44 9.888 4.023
26 45 9.888 4.023
26 46 9.888 4.023
26 47 9.888 4.023
26 48 9.888 4.023
26 49 9.888 4.023
27 28 9.888 4.023
27 29 9.229 0.909
27 30 9.888 4.023
27 31 9.888 4.023
27 32 9.888 4.023
27 33 9.888 4.023
27 34 9.888 4.023
27 35 9.888 4.023
27 36 9.888 4.023
27 37 9.888 4.023
27 38 9.888 4.023
27 39 9.888 4.023
27 40 9.888 4.023
27 41 9.888 4.023
27 42 9.888 4.023
27 43 9.888 4.023
27 44 9.888 4.023
27 45 9.888 4.023
27 46 9.888 4.023
27 47 9.888 4.023
27 48 9.888 4.023
27 49 9.888 4.023
28 29 9.888 4.023
28 30 9.888 4.023
28 31 9.888 4.023
28 32 9.888 4.023
28 33 9.888 4.023
28 34 9.888 4.023
28 35 9.888 4.023
28 36 9.888 4.023
28 37 9.888 4.023
28 38 9.888 4.023
28 39 9.888 4.023
28 40 9.888 4.023
28 41 9.888 4.023
28 42 9.888 4.023
28 43 9.888 4.023
28 44 9.888 4.023
28 45 9.888 4.023
28 46 9.888 4.023
28 47 9.888 4.023
28 48 9.888 4.023
28 49 9.888 4.023
29 30 9.888 4.023
29 31 9.888 4.023
29 32 9.888 4.023
29 33 9.888 4.023
29 34 9.888 4.023
29 35 9.888 4.023
29 36 9.888 4.023
29 37 9.888 4.023
29 38 9.888 4.023
29 39 9.888 4.023
29 40 9.888 4.023
29 41 9.888 4.023
29 42 9.888 4.023
29 43 9.888 4.023
29 44 9.888 4.023
29 45 9.888 4.023
29 46 9.888 4.023
29 47 9.888 4.023
29 48 9.888 4.023
29 49 9.888 4.023
30 31 9.888 4.023
30 32 9.888 4.023
30 33 9.229 0.909
30 34 9.888 4.023
30 35 9.888 4.023
30 36 9.229 0.909
30 37 9.888 4.023
30 38 9.229 0.909
30 39 9.229 0.909
30 40 9.888 4.023
30 41 9.888 4.023
30 42 9.888 4.023
30 43 9.888 4.023
30 44 9.888 4.023
30 45 9.888 4.023
30 46 9.888 4.023
30 47 9.888 4.023
30 48 9.888 4.023
30 49 9.888 4.023
31 32 9.229 0.909
31 33 9.888 4.023
31 34 9.229 0.909
31 35 9.229 0.909
31 36 9.888 4.023
31 37 9.229 0.909
31 38 9.888 4.023
31 39 9.888 4.023
31 40 9.888 4.023
31 41 9.888 4.023
31 42 9.888 4.023
31 43 9.888 4.023
31 44 9.888 4.023
31 45 9.888 4.023
31 46 9.888 4.023
31 47 9.888 4.023
31 48 9.888 4.023
31 49 9.888 4.023
32 33 9.888 4.023
32 34 9.229 0.909
32 35 9.229 0.909
32 36 9.888 4.023
32 37 9.229 0.909
32 38 9.888 4.023
32 39 9.888 4.023
32 40 9.888 4.023
32 41 9.888 4.023
32 42 9.888 4.023
32 43 9.888 4.023
32 44 9.888 4.023
32 45 9.888 4.023
32 46 9.888 4.023
32 47 9.888 4.023
32 48 9.888 4.023
32 49 9.888 4.023
33 34 9.888 4.023
33 35 9.888 4.023
33 36 9.229 0.909
33 37 9.888 4.023
33 38 9.229 0.909
33 39 9.229 0.909
33 40 9.888 4.023
33 41 9.888 4.023
33 42 9.888 4.023
33 43 9.888 4.023
33 44 9.888 4.023
33 45 9.888 4.023
33 46 9.888 4.023
33 47 9.888 4.023
33 48 9.888 4.023
33 49 9.888 4.023
34 35 9.229 0.909
34 36 9.888 4.023
34 37 9.229 0.909
34 38 9.888 4.023
34 39 9.888 4.023
34 40 9.888 4.023
34 41 9.888 4.023
34 42 9.888 4.023
34 43 9.888 4.023
34 44 9.888 4.023
34 45 9.888 4.023
34 46 9.888 4.023
34 47 9.888 4.023
34 48 9.888 4.023
34 49 9.888 4.023
35 36 9.888 4.023
35 37 9.229 0.909
35 38 9.888 4.023
35 39 9.888 4.023
35 40 9.888 4.023
35 41 9.888 4.023
35 42 9.888 4.023
35 43 9.888 4.023
35 44 9.888 4.023
35 45 9.888 4.023
35 46 9.888 4.023
35 47 9.888 4.023
35 48 9.888 4.023
35 49 9.888 4.023
36 37 9.888 4.023
36 38 9.229 0.909
36 39 9.229 0.909
36 40 9.888 4.023
36 41 9.888 4.023
36 42 9.888 4.023
36 43 9.888 4.023
36 44 9.888 4.023
36 45 9.888 4.023
36 46 9.888 4.023
36 47 9.888 4.023
36 48 9.888 4.023
36 49 9.888 4.023
37 38 9.888 4.023
37 39 9.888 4.023
37 40 9.888 4.023
37 41 9.888 4.023
37 42 9.888 4.023
37 43 9.888 4.023
37 44 9.888 4.023
37 45 9.888 4.023
37 46 9.888 4.023
37 47 9.888 4.023
37 48 9.888 4.023
37 49 9.888 4.023
38 39 9.229 0.909
38 40 9.888 4.023
38 41 9.888 4.023
38 42 9.888 4.023
38 43 9.888 4.023
38 44 9.888 4.023
38 45 9.888 4.023
38 46 9.888 4.023
38 47 9.888 4.023
38 48 9.888 4.023
38 49 9.888 4.023
39 40 9.888 4.023
39 41 9.888 4.023
39 42 9.888 4.023
39 43 9.888 4.023
39 44 9.888 4.023
39 45 9.888 4.023
39 46 9.888 4.023
39 47 9.888 4.023
39 48 9.888 4.023
39 49 9.888 4.023
40 41 9.888 4.023
40 42 9.229 0.909
40 43 9.888 4.023
40 44 9.229 0.909
40 45 9.888 4.023
40 46 9.229 0.909
40 47 9.888 4.023
40 48 9.229 0.909
40 49 9.888 4.023
41 42 9.888 4.023
41 43 9.333 0.955
41 44 9.888 4.023
41 45 9.19 0.944
41 46 9.888 4.023
41 47 9.19 0.934
41 48 9.888 4.023
41 49 9.229 0.909
42 43 9.888 4.023
42 44 9.39 0.93
42 45 9.888 4.023
42 46 9.29 0.912
42 47 9.888 4.023
42 48 9.19 0.91
42 49 9.888 4.023
43 44 9.888 4.023
43 45 9.09 0.924
43 46 9.888 4.023
43 47 9.769 0.923
43 48 9.888 4.023
43 49 9.79 0.93
44 45 9.888 4.023
44 46 8.99 0.90
44 47 9.888 4.023
44 48 9.9 0.94
44 49 9.888 4.023
45 46 9.888 4.023
45 47 9.729 0.933
45 48 9.888 4.023
45 49 9.739 0.913
46 47 9.888 4.023
46 48 9.39 0.924
46 49 9.888 4.023
47 48 9.888 4.023
47 49 9.789 0.903
48 49 9.888 4.023
