50
93
0 1 0.333 0.573
0 2 0.325 0.518
0 3 0.433 0.373
0 4 0.219 0.468
0 5 0.384 0.42
0 6 0.282 0.529
0 7 0.408 0.5
0 8 0.33 0.473
0 9 0.294 0.368
0 10 0.288 0.476
0 11 0.23 0.514
0 12 0.248 0.577
0 13 0.314 0.388
0 14 0.226 0.496
0 15 0.332 0.41
0 16 0.285 0.494
0 17 0.35 0.451
0 18 0.352 0.371
0 19 0.189 0.519
0 20 0.277 0.552
0 21 0.22 0.48
0 22 0.353 0.473
0 23 0.297 0.467
0 24 0.298 0.513
0 25 0.289 0.393
0 26 0.424 0.477
0 27 0.404 0.561
0 28 0.297 0.497
0 29 0.242 0.438
0 30 0.179 0.513
0 31 0.253 0.44
0 32 0.319 0.413
0 33 0.381 0.496
0 34 0.285 0.55
0 35 0.251 0.54
0 36 0.395 0.518
0 37 0.29 0.445
0 38 0.363 0.521
0 39 0.322 0.462
0 40 0.247 0.446
0 41 0.323 0.434
0 42 0.346 0.479
0 43 0.11 0.498
0 44 0.357 0.507
0 45 0.285 0.446
0 46 0.409 0.457
0 47 0.233 0.509
0 48 0.353 0.537
0 49 0.377 0.429
1 2 0.306 0.527
1 3 0.313 0.495
1 4 0.43 0.525
1 5 0.237 0.459
1 6 0.393 0.415
1 7 0.335 0.428
1 8 0.269 0.518
1 9 0.417 0.496
1 10 0.313 0.406
1 11 0.285 0.417
1 12 0.209 0.556
1 13 0.307 0.469
1 14 0.193 0.553
1 15 0.308 0.502
1 16 0.228 0.519
1 17 0.379 0.429
1 18 0.375 0.443
1 19 0.316 0.532
1 20 0.394 0.343
1 21 0.313 0.481
1 22 0.295 0.453
1 23 0.245 0.502
1 24 0.303 0.404
1 25 0.316 0.52
1 26 0.346 0.47
1 27 0.338 0.504
1 28 0.425 0.566
1 29 0.31 0.467
1 30 0.349 0.457
1 31 0.315 0.505
1 32 0.282 0.472
1 33 0.326 0.506
1 34 0.393 0.531
1 35 0.42 0.385
1 36 0.304 0.577
1 37 0.327 0.472
1 38 0.41 0.431
1 39 0.342 0.438
1 40 0.374 0.431
1 41 0.313 0.499
1 42 0.398 0.469
1 43 0.369 0.505
1 44 0.35 0.479
1 45 0.413 0.521
1 46 0.371 0.383
1 47 0.234 0.474
1 48 0.35 0.443
1 49 0.317 0.413
2 3 0.329 0.482
2 4 0.161 0.457
2 5 0.39 0.497
2 6 0.329 0.553
2 7 0.281 0.375
2 8 0.402 0.523
2 9 0.313 0.533
2 10 0.322 0.424
2 11 0.406 0.448
2 12 0.301 0.517
2 13 0.355 0.563
2 14 0.266 0.43
2 15 0.398 0.499
2 16 0.321 0.489
2 17 0.38 0.501
2 18 0.327 0.539
2 19 0.286 0.498
2 20 0.388 0.461
2 21 0.267 0.451
2 22 0.318 0.335
2 23 0.337 0.423
2 24 0.33 0.49
2 25 0.317 0.46
2 26 0.289 0.44
2 27 0.306 0.449
2 28 0.244 0.505
2 29 0.381 0.475
2 30 0.359 0.44
2 31 0.21 0.499
2 32 0.188 0.481
2 33 0.141 0.497
2 34 0.299 0.504
2 35 0.286 0.384
2 36 0.25 0.442
2 37 0.249 0.375
2 38 0.372 0.474
2 39 0.175 0.419
2 40 0.356 0.472
2 41 0.25 0.529
2 42 0.264 0.495
2 43 0.272 0.431
2 44 0.264 0.409
2 45 0.254 0.544
2 46 0.214 0.499
2 47 0.296 0.458
2 48 0.236 0.491
2 49 0.306 0.561
3 4 0.22 0.47
3 5 0.269 0.394
3 6 0.359 0.499
3 7 0.425 0.547
3 8 0.322 0.527
3 9 0.37 0.44
3 10 0.262 0.455
3 11 0.252 0.465
3 12 0.279 0.55
3 13 0.464 0.357
3 14 0.374 0.471
3 15 0.258 0.401
3 16 0.318 0.522
3 17 0.204 0.512
3 18 0.42 0.452
3 19 0.304 0.564
3 20 0.35 0.513
3 21 0.377 0.449
3 22 0.127 0.473
3 23 0.378 0.499
3 24 0.284 0.539
3 25 0.381 0.367
3 26 0.366 0.494
3 27 0.31 0.491
3 28 0.382 0.527
3 29 0.263 0.454
3 30 0.327 0.457
3 31 0.267 0.48
3 32 0.443 0.37
3 33 0.312 0.527
3 34 0.302 0.486
3 35 0.342 0.521
3 36 0.264 0.484
3 37 0.365 0.498
3 38 0.188 0.488
3 39 0.328 0.469
3 40 0.316 0.516
3 41 0.451 0.358
3 42 0.383 0.483
3 43 0.28 0.499
3 44 0.247 0.539
3 45 0.39 0.492
3 46 0.336 0.458
3 47 0.233 0.523
3 48 0.269 0.514
3 49 0.258 0.362
4 5 0.277 0.485
4 6 0.313 0.477
4 7 0.159 0.493
4 8 0.404 0.504
4 9 0.32 0.426
4 10 0.265 0.565
4 11 0.284 0.521
4 12 0.386 0.387
4 13 0.321 0.469
4 14 0.169 0.502
4 15 0.241 0.493
4 16 0.201 0.436
4 17 0.265 0.518
4 18 0.348 0.46
4 19 0.318 0.438
4 20 0.384 0.463
4 21 0.263 0.578
4 22 0.082 0.486
4 23 0.365 0.462
4 24 0.358 0.409
4 25 0.354 0.487
4 26 0.207 0.496
4 27 0.292 0.371
4 28 0.227 0.514
4 29 0.238 0.535
4 30 0.327 0.49
4 31 0.328 0.425
4 32 0.363 0.502
4 33 0.342 0.443
4 34 0.342 0.419
4 35 0.168 0.444
4 36 0.236 0.493
4 37 0.307 0.488
4 38 0.284 0.488
4 39 0.229 0.469
4 40 0.352 0.446
4 41 0.257 0.534
4 42 0.419 0.404
4 43 0.413 0.429
4 44 0.254 0.488
4 45 0.334 0.535
4 46 0.414 0.429
4 47 0.343 0.419
4 48 0.304 0.471
4 49 0.32 0.463
5 6 0.232 0.413
5 7 0.377 0.495
5 8 0.279 0.501
5 9 0.326 0.389
5 10 0.423 0.509
5 11 0.431 0.476
5 12 0.285 0.475
5 13 0.326 0.369
5 14 0.231 0.489
5 15 0.341 0.455
5 16 0.177 0.564
5 17 0.292 0.468
5 18 0.381 0.399
5 19 0.337 0.477
5 20 0.431 0.566
5 21 0.306 0.446
5 22 0.353 0.552
5 23 0.245 0.463
5 24 0.189 0.49
5 25 0.48 0.401
5 26 0.265 0.503
5 27 0.2 0.6
5 28 0.234 0.497
5 29 0.332 0.577
5 30 0.269 0.452
5 31 0.226 0.513
5 32 0.335 0.371
5 33 0.281 0.558
5 34 0.319 0.519
5 35 0.287 0.458
5 36 0.357 0.42
5 37 0.406 0.515
5 38 0.269 0.494
5 39 0.308 0.475
5 40 0.398 0.5
5 41 0.291 0.42
5 42 0.228 0.471
5 43 0.333 0.494
5 44 0.368 0.504
5 45 0.366 0.521
5 46 0.301 0.472
5 47 0.302 0.512
5 48 0.302 0.498
5 49 0.21 0.574
6 7 0.356 0.545
6 8 0.271 0.528
6 9 0.278 0.471
6 10 0.46 0.414
6 11 0.461 0.472
6 12 0.358 0.527
6 13 0.225 0.503
6 14 0.376 0.515
6 15 0.332 0.449
6 16 0.306 0.48
6 17 0.375 0.433
6 18 0.2 0.492
6 19 0.352 0.507
6 20 0.325 0.453
6 21 0.404 0.498
6 22 0.306 0.523
6 23 0.231 0.481
6 24 0.21 0.473
6 25 0.4 0.447
6 26 0.19 0.465
6 27 0.406 0.488
6 28 0.296 0.502
6 29 0.279 0.47
6 30 0.316 0.523
6 31 0.219 0.455
6 32 0.236 0.491
6 33 0.378 0.481
6 34 0.259 0.458
6 35 0.401 0.398
6 36 0.222 0.507
6 37 0.329 0.447
6 38 0.418 0.367
6 39 0.278 0.508
6 40 0.287 0.501
6 41 0.215 0.454
6 42 0.282 0.501
6 43 0.22 0.52
6 44 0.427 0.465
6 45 0.301 0.453
6 46 0.47 0.446
6 47 0.298 0.487
6 48 0.311 0.5
6 49 0.29 0.375
7 8 0.324 0.466
7 9 0.283 0.484
7 10 0.321 0.502
7 11 0.273 0.536
7 12 0.265 0.539
7 13 0.345 0.475
7 14 0.341 0.387
7 15 0.227 0.565
7 16 0.308 0.487
7 17 0.197 0.493
7 18 0.206 0.434
7 19 0.236 0.514
7 20 0.393 0.462
7 21 0.349 0.436
7 22 0.345 0.374
7 23 0.268 0.426
7 24 0.378 0.465
7 25 0.32 0.513
7 26 0.343 0.507
7 27 0.249 0.501
7 28 0.376 0.514
7 29 0.161 0.533
7 30 0.306 0.326
7 31 0.269 0.542
7 32 0.282 0.513
7 33 0.291 0.506
7 34 0.243 0.571
7 35 0.37 0.48
7 36 0.415 0.419
7 37 0.341 0.395
7 38 0.273 0.456
7 39 0.215 0.428
7 40 0.384 0.491
7 41 0.222 0.509
7 42 0.225 0.508
7 43 0.307 0.522
7 44 0.412 0.388
7 45 0.294 0.504
7 46 0.191 0.496
7 47 0.278 0.538
7 48 0.357 0.463
7 49 0.333 0.508
8 9 0.25 0.559
8 10 0.262 0.477
8 11 0.211 0.55
8 12 0.275 0.577
8 13 0.341 0.45
8 14 0.336 0.483
8 15 0.339 0.497
8 16 0.452 0.39
8 17 0.211 0.531
8 18 0.422 0.489
8 19 0.33 0.519
8 20 0.355 0.485
8 21 0.368 0.545
8 22 0.226 0.479
8 23 0.332 0.476
8 24 0.315 0.515
8 25 0.299 0.512
8 26 0.358 0.406
8 27 0.46 0.499
8 28 0.424 0.4
8 29 0.327 0.415
8 30 0.27 0.531
8 31 0.378 0.477
8 32 0.216 0.51
8 33 0.3 0.449
8 34 0.415 0.452
8 35 0.392 0.481
8 36 0.349 0.397
8 37 0.333 0.523
8 38 0.35 0.449
8 39 0.41 0.481
8 40 0.339 0.495
8 41 0.282 0.439
8 42 0.455 0.502
8 43 0.332 0.424
8 44 0.259 0.458
8 45 0.438 0.394
8 46 0.216 0.503
8 47 0.381 0.399
8 48 0.453 0.382
8 49 0.346 0.459
9 10 0.296 0.516
9 11 0.314 0.558
9 12 0.278 0.455
9 13 0.59 0.394
9 14 0.372 0.5
9 15 0.382 0.454
9 16 0.272 0.427
9 17 0.36 0.469
9 18 0.294 0.406
9 19 0.227 0.445
9 20 0.209 0.512
9 21 0.334 0.477
9 22 0.316 0.472
9 23 0.273 0.494
9 24 0.089 0.525
9 25 0.426 0.472
9 26 0.251 0.48
9 27 0.306 0.501
9 28 0.279 0.514
9 29 0.307 0.54
9 30 0.288 0.495
9 31 0.239 0.505
9 32 0.42 0.393
9 33 0.319 0.538
9 34 0.264 0.544
9 35 0.232 0.481
9 36 0.178 0.51
9 37 0.307 0.504
9 38 0.34 0.441
9 39 0.329 0.518
9 40 0.371 0.5
9 41 0.449 0.439
9 42 0.213 0.533
9 43 0.511 0.443
9 44 0.435 0.554
9 45 0.328 0.493
9 46 0.287 0.499
9 47 0.348 0.501
9 48 0.244 0.434
9 49 0.283 0.522
10 11 0.385 0.459
10 12 0.28 0.551
10 13 0.242 0.467
10 14 0.351 0.489
10 15 0.357 0.464
10 16 0.306 0.508
10 17 0.393 0.41
10 18 0.293 0.461
10 19 0.464 0.506
10 20 0.37 0.419
10 21 0.222 0.549
10 22 0.326 0.516
10 23 0.339 0.508
10 24 0.254 0.466
10 25 0.372 0.445
10 26 0.325 0.499
10 27 0.37 0.469
10 28 0.248 0.522
10 29 0.293 0.483
10 30 0.261 0.545
10 31 0.353 0.496
10 32 0.365 0.47
10 33 0.22 0.441
10 34 0.329 0.511
10 35 0.376 0.409
10 36 0.18 0.512
10 37 0.311 0.532
10 38 0.352 0.433
10 39 0.368 0.495
10 40 0.285 0.489
10 41 0.276 0.406
10 42 0.113 0.474
10 43 0.21 0.527
10 44 0.266 0.468
10 45 0.218 0.449
10 46 0.268 0.418
10 47 0.234 0.537
10 48 0.202 0.481
10 49 0.258 0.467
11 12 0.331 0.512
11 13 0.337 0.581
11 14 0.423 0.471
11 15 0.318 0.472
11 16 0.35 0.519
11 17 0.326 0.42
11 18 0.283 0.494
11 19 0.242 0.498
11 20 0.284 0.354
11 21 0.272 0.527
11 22 0.248 0.483
11 23 0.37 0.474
11 24 0.31 0.471
11 25 0.275 0.488
11 26 0.297 0.447
11 27 0.177 0.505
11 28 0.278 0.482
11 29 0.364 0.518
11 30 0.257 0.518
11 31 0.398 0.5
11 32 0.26 0.439
11 33 0.392 0.495
11 34 0.314 0.515
11 35 0.259 0.416
11 36 0.284 0.52
11 37 0.393 0.477
11 38 0.338 0.367
11 39 0.227 0.459
11 40 0.289 0.549
11 41 0.384 0.521
11 42 0.185 0.478
11 43 0.214 0.515
11 44 0.39 0.487
11 45 0.272 0.479
11 46 0.443 0.42
11 47 0.374 0.481
11 48 0.293 0.491
11 49 0.341 0.359
12 13 0.228 0.503
12 14 0.245 0.479
12 15 0.36 0.49
12 16 0.219 0.49
12 17 0.279 0.536
12 18 0.185 0.476
12 19 0.287 0.405
12 20 0.192 0.533
12 21 0.39 0.539
12 22 0.294 0.458
12 23 0.258 0.448
12 24 0.414 0.397
12 25 0.322 0.522
12 26 0.276 0.491
12 27 0.356 0.416
12 28 0.337 0.462
12 29 0.206 0.498
12 30 0.312 0.532
12 31 0.405 0.453
12 32 0.299 0.45
12 33 0.383 0.39
12 34 0.383 0.486
12 35 0.263 0.504
12 36 0.282 0.411
12 37 0.207 0.511
12 38 0.219 0.512
12 39 0.284 0.529
12 40 0.448 0.411
12 41 0.381 0.396
12 42 0.414 0.416
12 43 0.339 0.498
12 44 0.404 0.46
12 45 0.424 0.509
12 46 0.263 0.487
12 47 0.263 0.473
12 48 0.319 0.522
12 49 0.272 0.573
13 14 0.27 0.576
13 15 0.502 0.392
13 16 0.283 0.557
13 17 0.252 0.467
13 18 0.405 0.489
13 19 0.264 0.507
13 20 0.338 0.457
13 21 0.329 0.463
13 22 0.374 0.502
13 23 0.398 0.544
13 24 0.169 0.468
13 25 0.498 0.356
13 26 0.343 0.479
13 27 0.204 0.545
13 28 0.254 0.485
13 29 0.333 0.484
13 30 0.297 0.499
13 31 0.144 0.544
13 32 0.379 0.368
13 33 0.289 0.529
13 34 0.346 0.484
13 35 0.313 0.488
13 36 0.148 0.529
13 37 0.308 0.458
13 38 0.364 0.484
13 39 0.422 0.493
13 40 0.411 0.465
13 41 0.28 0.404
13 42 0.472 0.429
13 43 0.364 0.564
13 44 0.262 0.468
13 45 0.272 0.488
13 46 0.354 0.547
13 47 0.395 0.538
13 48 0.335 0.492
13 49 0.303 0.47
14 15 0.303 0.416
14 16 0.255 0.524
14 17 0.411 0.482
14 18 0.263 0.499
14 19 0.184 0.472
14 20 0.318 0.496
14 21 0.356 0.361
14 22 0.488 0.383
14 23 0.38 0.415
14 24 0.25 0.476
14 25 0.276 0.505
14 26 0.391 0.509
14 27 0.313 0.451
14 28 0.354 0.503
14 29 0.392 0.443
14 30 0.435 0.352
14 31 0.23 0.51
14 32 0.398 0.491
14 33 0.372 0.444
14 34 0.304 0.474
14 35 0.302 0.449
14 36 0.294 0.57
14 37 0.405 0.471
14 38 0.325 0.468
14 39 0.374 0.353
14 40 0.35 0.531
14 41 0.283 0.47
14 42 0.341 0.467
14 43 0.269 0.504
14 44 0.289 0.395
14 45 0.307 0.515
14 46 0.313 0.487
14 47 0.299 0.446
14 48 0.257 0.548
14 49 0.357 0.477
15 16 0.287 0.505
15 17 0.322 0.468
15 18 0.442 0.41
15 19 0.379 0.531
15 20 0.201 0.471
15 21 0.18 0.502
15 22 0.388 0.569
15 23 0.339 0.488
15 24 0.193 0.497
15 25 0.332 0.417
15 26 0.276 0.467
15 27 0.34 0.509
15 28 0.203 0.496
15 29 0.303 0.488
15 30 0.271 0.452
15 31 0.258 0.53
15 32 0.427 0.439
15 33 0.267 0.485
15 34 0.371 0.528
15 35 0.315 0.52
15 36 0.248 0.459
15 37 0.284 0.532
15 38 0.271 0.47
15 39 0.35 0.517
15 40 0.288 0.502
15 41 0.437 0.418
15 42 0.201 0.454
15 43 0.191 0.437
15 44 0.273 0.425
15 45 0.406 0.505
15 46 0.31 0.547
15 47 0.304 0.536
15 48 0.239 0.544
15 49 0.308 0.538
16 17 0.286 0.547
16 18 0.356 0.49
16 19 0.313 0.495
16 20 0.344 0.53
16 21 0.356 0.434
16 22 0.338 0.502
16 23 0.382 0.487
16 24 0.288 0.509
16 25 0.24 0.569
16 26 0.359 0.395
16 27 0.389 0.489
16 28 0.362 0.399
16 29 0.352 0.432
16 30 0.277 0.451
16 31 0.243 0.455
16 32 0.38 0.499
16 33 0.31 0.478
16 34 0.332 0.504
16 35 0.255 0.501
16 36 0.513 0.423
16 37 0.339 0.433
16 38 0.293 0.476
16 39 0.298 0.476
16 40 0.333 0.563
16 41 0.319 0.43
16 42 0.308 0.482
16 43 0.373 0.399
16 44 0.212 0.461
16 45 0.421 0.431
16 46 0.261 0.453
16 47 0.319 0.437
16 48 0.347 0.435
16 49 0.262 0.549
17 18 0.159 0.511
17 19 0.299 0.557
17 20 0.247 0.491
17 21 0.318 0.522
17 22 0.353 0.448
17 23 0.194 0.527
17 24 0.212 0.503
17 25 0.33 0.462
17 26 0.366 0.501
17 27 0.344 0.486
17 28 0.332 0.46
17 29 0.268 0.429
17 30 0.237 0.515
17 31 0.32 0.492
17 32 0.398 0.478
17 33 0.183 0.491
17 34 0.281 0.594
17 35 0.261 0.408
17 36 0.271 0.455
17 37 0.359 0.475
17 38 0.282 0.414
17 39 0.276 0.487
17 40 0.293 0.541
17 41 0.263 0.437
17 42 0.321 0.544
17 43 0.326 0.554
17 44 0.211 0.508
17 45 0.326 0.581
17 46 0.37 0.403
17 47 0.259 0.518
17 48 0.238 0.481
17 49 0.256 0.383
18 19 0.32 0.441
18 20 0.25 0.529
18 21 0.254 0.468
18 22 0.302 0.517
18 23 0.355 0.525
18 24 0.213 0.486
18 25 0.406 0.43
18 26 0.38 0.474
18 27 0.267 0.529
18 28 0.261 0.489
18 29 0.186 0.51
18 30 0.253 0.545
18 31 0.243 0.569
18 32 0.452 0.374
18 33 0.259 0.492
18 34 0.42 0.526
18 35 0.251 0.549
18 36 0.312 0.516
18 37 0.271 0.454
18 38 0.258 0.472
18 39 0.387 0.526
18 40 0.255 0.567
18 41 0.375 0.375
18 42 0.418 0.47
18 43 0.306 0.498
18 44 0.284 0.425
18 45 0.292 0.479
18 46 0.346 0.442
18 47 0.359 0.43
18 48 0.308 0.496
18 49 0.34 0.521
19 20 0.352 0.459
19 21 0.35 0.534
19 22 0.242 0.468
19 23 0.318 0.512
19 24 0.425 0.455
19 25 0.274 0.506
19 26 0.382 0.496
19 27 0.373 0.407
19 28 0.282 0.518
19 29 0.277 0.514
19 30 0.386 0.482
19 31 0.349 0.386
19 32 0.3 0.534
19 33 0.482 0.452
19 34 0.351 0.378
19 35 0.351 0.471
19 36 0.188 0.559
19 37 0.259 0.452
19 38 0.351 0.452
19 39 0.353 0.478
19 40 0.436 0.399
19 41 0.272 0.484
19 42 0.394 0.367
19 43 0.349 0.471
19 44 0.19 0.505
19 45 0.25 0.549
19 46 0.23 0.548
19 47 0.321 0.546
19 48 0.4 0.459
19 49 0.351 0.507
20 21 0.294 0.479
20 22 0.358 0.554
20 23 0.183 0.481
20 24 0.383 0.541
20 25 0.214 0.549
20 26 0.333 0.438
20 27 0.25 0.511
20 28 0.308 0.494
20 29 0.264 0.469
20 30 0.311 0.496
20 31 0.152 0.552
20 32 0.383 0.511
20 33 0.39 0.455
20 34 0.195 0.453
20 35 0.395 0.414
20 36 0.402 0.453
20 37 0.319 0.476
20 38 0.388 0.419
20 39 0.305 0.498
20 40 0.365 0.494
20 41 0.305 0.492
20 42 0.384 0.524
20 43 0.16 0.461
20 44 0.476 0.435
20 45 0.339 0.449
20 46 0.377 0.376
20 47 0.447 0.47
20 48 0.279 0.499
20 49 0.323 0.37
21 22 0.357 0.429
21 23 0.365 0.384
21 24 0.342 0.522
21 25 0.408 0.559
21 26 0.255 0.558
21 27 0.392 0.515
21 28 0.38 0.533
21 29 0.217 0.438
21 30 0.316 0.433
21 31 0.373 0.472
21 32 0.449 0.469
21 33 0.306 0.5
21 34 0.137 0.451
21 35 0.21 0.531
21 36 0.255 0.447
21 37 0.528 0.343
21 38 0.329 0.483
21 39 0.369 0.452
21 40 0.306 0.502
21 41 0.331 0.461
21 42 0.383 0.475
21 43 0.31 0.546
21 44 0.333 0.386
21 45 0.285 0.547
21 46 0.257 0.514
21 47 0.439 0.51
21 48 0.418 0.49
21 49 0.29 0.475
22 23 0.432 0.43
22 24 0.408 0.425
22 25 0.287 0.407
22 26 0.409 0.501
22 27 0.306 0.518
22 28 0.29 0.488
22 29 0.252 0.477
22 30 0.252 0.422
22 31 0.249 0.531
22 32 0.196 0.485
22 33 0.394 0.513
22 34 0.345 0.56
22 35 0.386 0.493
22 36 0.253 0.497
22 37 0.487 0.415
22 38 0.362 0.509
22 39 0.38 0.366
22 40 0.29 0.446
22 41 0.315 0.454
22 42 0.346 0.459
22 43 0.313 0.485
22 44 0.326 0.399
22 45 0.268 0.581
22 46 0.403 0.523
22 47 0.325 0.466
22 48 0.323 0.464
22 49 0.269 0.538
23 24 0.398 0.484
23 25 0.305 0.512
23 26 0.31 0.508
23 27 0.312 0.495
23 28 0.304 0.465
23 29 0.37 0.518
23 30 0.436 0.461
23 31 0.433 0.484
23 32 0.346 0.496
23 33 0.201 0.478
23 34 0.314 0.488
23 35 0.257 0.491
23 36 0.308 0.51
23 37 0.319 0.357
23 38 0.32 0.506
23 39 0.33 0.429
23 40 0.352 0.522
23 41 0.277 0.513
23 42 0.333 0.496
23 43 0.201 0.579
23 44 0.348 0.386
23 45 0.313 0.48
23 46 0.39 0.505
23 47 0.205 0.504
23 48 0.351 0.512
23 49 0.271 0.499
24 25 0.283 0.536
24 26 0.317 0.514
24 27 0.326 0.405
24 28 0.29 0.472
24 29 0.311 0.528
24 30 0.216 0.448
24 31 0.425 0.418
24 32 0.309 0.492
24 33 0.315 0.461
24 34 0.542 0.424
24 35 0.337 0.42
24 36 0.212 0.497
24 37 0.29 0.559
24 38 0.333 0.48
24 39 0.232 0.479
24 40 0.324 0.473
24 41 0.309 0.492
24 42 0.329 0.377
24 43 0.363 0.51
24 44 0.287 0.463
24 45 0.387 0.489
24 46 0.362 0.467
24 47 0.215 0.505
24 48 0.392 0.541
24 49 0.21 0.506
25 26 0.238 0.479
25 27 0.32 0.462
25 28 0.432 0.425
25 29 0.149 0.49
25 30 0.394 0.529
25 31 0.259 0.499
25 32 0.273 0.398
25 33 0.383 0.493
25 34 0.278 0.494
25 35 0.266 0.457
25 36 0.37 0.483
25 37 0.282 0.477
25 38 0.34 0.491
25 39 0.307 0.53
25 40 0.263 0.465
25 41 0.31 0.366
25 42 0.241 0.54
25 43 0.179 0.474
25 44 0.312 0.497
25 45 0.294 0.492
25 46 0.328 0.5
25 47 0.256 0.515
25 48 0.234 0.478
25 49 0.376 0.444
26 27 0.306 0.516
26 28 0.327 0.442
26 29 0.35 0.422
26 30 0.276 0.543
26 31 0.333 0.484
26 32 0.376 0.496
26 33 0.312 0.554
26 34 0.377 0.472
26 35 0.263 0.511
26 36 0.286 0.406
26 37 0.157 0.52
26 38 0.233 0.519
26 39 0.217 0.49
26 40 0.321 0.48
26 41 0.302 0.56
26 42 0.247 0.487
26 43 0.412 0.408
26 44 0.302 0.486
26 45 0.241 0.449
26 46 0.355 0.472
26 47 0.435 0.332
26 48 0.331 0.385
26 49 0.203 0.47
27 28 0.189 0.48
27 29 0.331 0.487
27 30 0.35 0.489
27 31 0.245 0.401
27 32 0.248 0.53
27 33 0.4 0.417
27 34 0.272 0.386
27 35 0.335 0.517
27 36 0.244 0.477
27 37 0.323 0.49
27 38 0.304 0.515
27 39 0.245 0.566
27 40 0.332 0.42
27 41 0.303 0.538
27 42 0.327 0.39
27 43 0.379 0.487
27 44 0.242 0.532
27 45 0.33 0.514
27 46 0.23 0.514
27 47 0.356 0.47
27 48 0.294 0.472
27 49 0.313 0.554
28 29 0.395 0.368
28 30 0.212 0.522
28 31 0.314 0.511
28 32 0.226 0.473
28 33 0.307 0.477
28 34 0.198 0.497
28 35 0.241 0.435
28 36 0.479 0.452
28 37 0.346 0.503
28 38 0.446 0.573
28 39 0.366 0.421
28 40 0.176 0.491
28 41 0.374 0.518
28 42 0.26 0.538
28 43 0.335 0.435
28 44 0.23 0.491
28 45 0.425 0.437
28 46 0.373 0.481
28 47 0.297 0.335
28 48 0.399 0.445
28 49 0.352 0.565
29 30 0.301 0.441
29 31 0.209 0.53
29 32 0.267 0.44
29 33 0.228 0.498
29 34 0.266 0.497
29 35 0.241 0.561
29 36 0.347 0.422
29 37 0.355 0.463
29 38 0.31 0.545
29 39 0.224 0.47
29 40 0.271 0.493
29 41 0.298 0.441
29 42 0.354 0.441
29 43 0.456 0.343
29 44 0.276 0.549
29 45 0.398 0.413
29 46 0.216 0.471
29 47 0.333 0.38
29 48 0.335 0.422
29 49 0.359 0.536
30 31 0.24 0.525
30 32 0.231 0.556
30 33 0.466 0.439
30 34 0.296 0.534
30 35 0.1 0.512
30 36 0.299 0.507
30 37 0.287 0.398
30 38 0.399 0.518
30 39 0.344 0.384
30 40 0.359 0.511
30 41 0.257 0.49
30 42 0.396 0.427
30 43 0.399 0.463
30 44 0.273 0.404
30 45 0.313 0.559
30 46 0.228 0.449
30 47 0.3 0.493
30 48 0.334 0.521
30 49 0.229 0.504
31 32 0.229 0.562
31 33 0.389 0.4
31 34 0.457 0.419
31 35 0.318 0.522
31 36 0.391 0.504
31 37 0.412 0.451
31 38 0.268 0.535
31 39 0.328 0.497
31 40 0.472 0.471
31 41 0.39 0.538
31 42 0.368 0.333
31 43 0.279 0.433
31 44 0.294 0.523
31 45 0.272 0.513
31 46 0.268 0.556
31 47 0.432 0.441
31 48 0.303 0.501
31 49 0.444 0.455
32 33 0.342 0.419
32 34 0.263 0.513
32 35 0.365 0.5
32 36 0.317 0.509
32 37 0.305 0.467
32 38 0.313 0.535
32 39 0.32 0.524
32 40 0.319 0.462
32 41 0.341 0.439
32 42 0.311 0.577
32 43 0.238 0.506
32 44 0.354 0.536
32 45 0.211 0.49
32 46 0.271 0.538
32 47 0.303 0.545
32 48 0.394 0.494
32 49 0.3 0.578
33 34 0.413 0.429
33 35 0.364 0.481
33 36 0.288 0.471
33 37 0.264 0.482
33 38 0.411 0.456
33 39 0.351 0.516
33 40 0.298 0.403
33 41 0.192 0.545
33 42 0.247 0.357
33 43 0.188 0.502
33 44 0.313 0.483
33 45 0.371 0.464
33 46 0.275 0.464
33 47 0.258 0.409
33 48 0.305 0.526
33 49 0.148 0.48
34 35 0.322 0.499
34 36 0.373 0.526
34 37 0.309 0.484
34 38 0.383 0.509
34 39 0.201 0.475
34 40 0.475 0.406
34 41 0.326 0.4
34 42 0.316 0.399
34 43 0.248 0.565
34 44 0.434 0.498
34 45 0.242 0.459
34 46 0.33 0.539
34 47 0.265 0.494
34 48 0.323 0.518
34 49 0.263 0.516
35 36 0.349 0.47
35 37 0.364 0.511
35 38 0.337 0.391
35 39 0.42 0.484
35 40 0.336 0.422
35 41 0.295 0.484
35 42 0.28 0.547
35 43 0.355 0.516
35 44 0.405 0.475
35 45 0.214 0.433
35 46 0.388 0.421
35 47 0.327 0.525
35 48 0.343 0.546
35 49 0.234 0.396
36 37 0.385 0.489
36 38 0.347 0.421
36 39 0.281 0.477
36 40 0.215 0.492
36 41 0.393 0.507
36 42 0.252 0.438
36 43 0.301 0.388
36 44 0.383 0.475
36 45 0.391 0.417
36 46 0.338 0.432
36 47 0.409 0.482
36 48 0.472 0.413
36 49 0.238 0.463
37 38 0.294 0.52
37 39 0.323 0.372
37 40 0.31 0.519
37 41 0.201 0.507
37 42 0.242 0.499
37 43 0.31 0.475
37 44 0.435 0.367
37 45 0.232 0.501
37 46 0.349 0.451
37 47 0.359 0.518
37 48 0.26 0.509
37 49 0.336 0.513
38 39 0.338 0.543
38 40 0.289 0.438
38 41 0.324 0.529
38 42 0.231 0.477
38 43 0.324 0.481
38 44 0.189 0.49
38 45 0.378 0.524
38 46 0.436 0.38
38 47 0.391 0.461
38 48 0.29 0.441
38 49 0.471 0.424
39 40 0.361 0.481
39 41 0.382 0.464
39 42 0.317 0.54
39 43 0.242 0.492
39 44 0.309 0.39
39 45 0.352 0.523
39 46 0.221 0.504
39 47 0.333 0.491
39 48 0.277 0.481
39 49 0.359 0.509
40 41 0.211 0.458
40 42 0.377 0.395
40 43 0.369 0.516
40 44 0.324 0.494
40 45 0.308 0.485
40 46 0.353 0.483
40 47 0.311 0.496
40 48 0.303 0.522
40 49 0.354 0.525
41 42 0.398 0.563
41 43 0.373 0.442
41 44 0.255 0.485
41 45 0.291 0.58
41 46 0.338 0.499
41 47 0.31 0.528
41 48 0.211 0.528
41 49 0.259 0.404
42 43 0.432 0.496
42 44 0.32 0.495
42 45 0.383 0.529
42 46 0.308 0.45
42 47 0.336 0.485
42 48 0.444 0.47
42 49 0.434 0.436
43 44 0.299 0.517
43 45 0.47 0.417
43 46 0.308 0.555
43 47 0.515 0.409
43 48 0.438 0.396
43 49 0.193 0.5
44 45 0.313 0.46
44 46 0.263 0.5
44 47 0.297 0.531
44 48 0.249 0.51
44 49 0.342 0.5
45 46 0.257 0.436
45 47 0.298 0.375
45 48 0.307 0.452
45 49 0.258 0.512
46 47 0.452 0.481
46 48 0.216 0.502
46 49 0.31 0.442
47 48 0.407 0.431
47 49 0.21 0.487
48 49 0.134 0.503
