50
99
0 1 67.776 4.383
0 2 20.143 40.967
0 3 57.32 30.208
0 4 49.522 27.797
0 5 34.737 77.64
0 6 59.325 78.366
0 7 91.624 10.737
0 8 42.986 66.12
0 9 93.865 49.972
0 10 65.185 44.064
0 11 70.878 32.552
0 12 8.479 32.259
0 13 89.673 47.132
0 14 79.966 71.962
0 15 82.703 89.562
0 16 38.406 81.562
0 17 49.352 8.796
0 18 94.804 81.709
0 19 19.456 71.055
0 20 14.582 39.782
0 21 90.544 36.672
0 22 91.875 19.763
0 23 83.179 45.089
0 24 51.406 75.484
0 25 77.977 51.401
0 26 79.913 39.896
0 27 49.386 17.63
0 28 26.19 15.617
0 29 4.96 37.087
0 30 1.331 68.966
0 31 68.628 56.173
0 32 15.549 20.899
0 33 68.384 93.716
0 34 80.751 66.056
0 35 75.16 74.808
0 36 30.54 4.266
0 37 65.899 8.788
0 38 40.851 37.62
0 39 71.074 24.443
0 40 36.974 33.807
0 41 71.442 8.839
0 42 29.896 70.997
0 43 81.446 65.41
0 44 81.337 29.837
0 45 31.827 18.471
0 46 3.808 31.756
0 47 62.549 18.4
0 48 23.187 36.56
0 49 83.98 84.281
1 2 62.36 5.531
1 3 9.169 15.619
1 4 84.538 16.906
1 5 35.729 94.166
1 6 27.723 11.918
1 7 25.175 49.075
1 8 35.795 1.408
1 9 79.44 44.459
1 10 75.275 78.751
1 11 7.303 22.183
1 12 63.869 90.747
1 13 4.518 76.661
1 14 38.254 27.849
1 15 13.208 44.787
1 16 26.096 6.664
1 17 89.641 2.165
1 18 73.569 88.819
1 19 36.155 68.077
1 20 13.75 87.441
1 21 42.52 79.471
1 22 91.513 24.811
1 23 84.444 69.275
1 24 61.534 12.096
1 25 96.69 88.521
1 26 89.545 57.707
1 27 12.894 38.899
1 28 29.976 10.107
1 29 1.58 17.267
1 30 44.752 92.564
1 31 68.193 8.109
1 32 92.716 22.524
1 33 33.434 57.385
1 34 68.478 56.208
1 35 43.003 83.242
1 36 29.961 28.985
1 37 89.299 44.691
1 38 63.556 0.923
1 39 18.699 16.532
1 40 11.985 56.616
1 41 28.894 4.451
1 42 24.765 96.24
1 43 68.762 41.964
1 44 84.82 20.211
1 45 17.922 62.209
1 46 46.251 80.526
1 47 38.829 49.173
1 48 67.021 35.629
1 49 17.76 14.329
2 3 21.726 47.348
2 4 48.233 59.479
2 5 42.976 19.929
2 6 2.788 46.792
2 7 17.011 3.083
2 8 51.914 36.744
2 9 61.449 73.604
2 10 47.837 51.295
2 11 82.319 6.731
2 12 22.297 8.899
2 13 32.679 73.781
2 14 10.85 72.219
2 15 8.799 28.16
2 16 70.393 34.009
2 17 73.593 48.422
2 18 3.096 95.708
2 19 21.541 91.513
2 20 98.52 28.947
2 21 66.035 34.643
2 22 35.823 94.439
2 23 29.432 2.901
2 24 82.877 47.591
2 25 33.264 45.926
2 26 35.904 92.095
2 27 85.056 26.124
2 28 58.386 11.109
2 29 91.977 34.755
2 30 8.319 25.897
2 31 50.315 56.809
2 32 5.811 92.13
2 33 89.69 92.931
2 34 20.12 44.395
2 35 41.33 89.784
2 36 89.748 44.333
2 37 54.856 28.784
2 38 74.615 45.572
2 39 92.977 17.656
2 40 39.559 14.872
2 41 51.749 76.713
2 42 38.076 15.623
2 43 62.36 21.893
2 44 14.37 96.308
2 45 47.782 45.606
2 46 25.833 97.397
2 47 61.389 88.959
2 48 46.978 65.318
2 49 90.932 0.503
3 4 10.18 22.764
3 5 70.081 74.75
3 6 48.491 45.352
3 7 72.292 71.358
3 8 85.255 23.559
3 9 84.28 22.497
3 10 2.938 6.053
3 11 76.477 19.361
3 12 48.832 89.981
3 13 25.798 92.768
3 14 76.717 27.062
3 15 79.611 75.57
3 16 2.925 49.959
3 17 79.966 73.719
3 18 57.274 15.748
3 19 83.252 82.05
3 20 70.055 87.255
3 21 52.686 19.488
3 22 56.682 4.83
3 23 16.506 92.581
3 24 37.875 49.177
3 25 74.511 28.899
3 26 57.394 61.451
3 27 9.95 65.046
3 28 88.853 87.991
3 29 70.897 88.399
3 30 91.502 52.581
3 31 7.442 26.49
3 32 87.855 56.928
3 33 53.459 15.902
3 34 4.446 11.833
3 35 0.794 41.858
3 36 32.728 47.953
3 37 47.164 47.035
3 38 91.143 96.34
3 39 9.273 20.966
3 40 89.223 51.537
3 41 89.36 42.384
3 42 33.761 83.217
3 43 14.006 33.406
3 44 30.021 38.909
3 45 13.313 49.639
3 46 62.468 84.434
3 47 37.698 82.061
3 48 6.102 87.081
3 49 26.31 34.691
4 5 77.788 13.019
4 6 75.132 15.641
4 7 71.094 26.214
4 8 68.313 64.255
4 9 12.114 62.639
4 10 8.905 29.067
4 11 97.233 68.965
4 12 71.506 96.637
4 13 32.434 32.312
4 14 29.613 60.052
4 15 5.929 92.38
4 16 69.208 71.883
4 17 58.896 62.079
4 18 80.855 47.396
4 19 72.737 56.899
4 20 64.234 76.854
4 21 57.381 5.908
4 22 60.697 26.749
4 23 25.903 28.795
4 24 68.832 55.647
4 25 34.449 38.687
4 26 90.574 80.324
4 27 63.25 80.557
4 28 31.136 77.359
4 29 69.29 97.115
4 30 69.135 76.53
4 31 6.216 81.48
4 32 92.094 56.372
4 33 58.814 94.851
4 34 54.867 51.199
4 35 6.785 76.043
4 36 63.437 0.879
4 37 49.179 80.283
4 38 18.155 24.269
4 39 36.999 54.644
4 40 70.451 87.546
4 41 73.309 41.79
4 42 14.329 26.508
4 43 9.047 89.87
4 44 10.519 37.465
4 45 81.727 55.652
4 46 7.116 30.901
4 47 94.701 97.835
4 48 37.033 5.979
4 49 12.1 92.751
5 6 96.208 21.654
5 7 48.665 7.651
5 8 31.367 47.819
5 9 35.918 92.277
5 10 11.854 55.674
5 11 88.08 59.217
5 12 57.853 92.447
5 13 73.314 21.071
5 14 13.302 37.965
5 15 22.914 81.702
5 16 94.865 2.447
5 17 42.41 33.992
5 18 38.372 45.624
5 19 50.45 60.895
5 20 6.524 47.556
5 21 85.024 69.569
5 22 70.994 47.233
5 23 36.896 7.698
5 24 62.583 26.13
5 25 20.185 43.026
5 26 84.324 6.377
5 27 2.798 72.156
5 28 63.817 18.296
5 29 84.073 44.464
5 30 27.717 15.78
5 31 18.171 33.269
5 32 81.007 17.506
5 33 11.3 29.257
5 34 65.359 71.426
5 35 52.72 12.499
5 36 85.673 46.371
5 37 15.343 54.29
5 38 15.214 68.27
5 39 92.486 15.244
5 40 38.158 7.818
5 41 52.517 84.76
5 42 43.782 50.344
5 43 53.826 99.625
5 44 48.662 71.459
5 45 54.128 89.651
5 46 43.606 57.568
5 47 87.394 66.479
5 48 50.638 5.686
5 49 67.573 40.308
6 7 25.822 59.343
6 8 80.903 27.905
6 9 5.189 10.659
6 10 2.828 68.271
6 11 70.378 9.468
6 12 16.499 33.257
6 13 42.774 5.787
6 14 45.631 72.847
6 15 52.307 78.515
6 16 66.461 67.112
6 17 82.705 19.55
6 18 21.918 67.117
6 19 33.578 52.492
6 20 7.5 2.405
6 21 87.459 45.269
6 22 23.773 67.308
6 23 32.044 67.343
6 24 18.915 54.355
6 25 75.103 25.874
6 26 33.998 52.073
6 27 10.631 67.796
6 28 90.543 12.985
6 29 4.882 20.277
6 30 94.19 67.976
6 31 7.194 54.167
6 32 16.902 25.873
6 33 63.449 17.94
6 34 85.882 47.427
6 35 90.153 58.301
6 36 21.642 16.334
6 37 29.884 26.26
6 38 87.993 48.69
6 39 49.776 15.55
6 40 33.677 91.257
6 41 72.201 66.492
6 42 51.512 78.599
6 43 81.826 60.635
6 44 47.865 26.679
6 45 77.314 21.765
6 46 95.324 4.795
6 47 40.928 85.51
6 48 73.838 2.464
6 49 12.304 7.051
7 8 12.414 89.307
7 9 30.503 16.228
7 10 39.288 94.815
7 11 30.504 33.031
7 12 64.858 9.359
7 13 65.936 40.46
7 14 34.559 20.265
7 15 58.2 86.336
7 16 84.449 46.895
7 17 63.009 35.377
7 18 49.514 1.06
7 19 76.718 84.511
7 20 44.51 47.297
7 21 92.843 74.602
7 22 80.818 19.793
7 23 40.181 5.624
7 24 7.059 43.242
7 25 46.806 20.102
7 26 22.813 30.534
7 27 51.537 83.566
7 28 78.412 4.902
7 29 13.499 32.606
7 30 21.54 75.131
7 31 56.199 49.762
7 32 84.297 21.25
7 33 21.007 16.92
7 34 31.815 89.419
7 35 62.931 38.215
7 36 4.869 67.595
7 37 6.533 33.188
7 38 91.058 53.19
7 39 57.287 7.474
7 40 71.967 83.808
7 41 29.057 47.643
7 42 67.446 14.247
7 43 38.773 92.333
7 44 24.674 20.848
7 45 30.254 62.835
7 46 1.595 72.065
7 47 68.3 69.363
7 48 22.716 42.725
7 49 3.537 94.768
8 9 77.654 54.179
8 10 15.728 65.776
8 11 27.953 25.481
8 12 60.357 56.409
8 13 18.463 47.738
8 14 56.646 32.972
8 15 43.965 95.418
8 16 33.026 66.27
8 17 40.758 12.799
8 18 63.849 23.11
8 19 80.835 77.018
8 20 67.562 27.014
8 21 36.253 42.289
8 22 63.863 3.554
8 23 34.661 78.992
8 24 41.546 85.842
8 25 21.478 4.094
8 26 79.183 76.4
8 27 96.941 77.922
8 28 37.853 16.585
8 29 91.349 22.115
8 30 15.238 38.065
8 31 79.375 35.207
8 32 83.765 4.04
8 33 23.743 67.642
8 34 96.305 47.486
8 35 80.95 54.231
8 36 51.419 41.892
8 37 55.77 10.582
8 38 23.063 15.989
8 39 21.448 21.276
8 40 62.838 8.329
8 41 39.998 53.544
8 42 55.946 34.112
8 43 39.015 92.526
8 44 30.561 4.937
8 45 25.123 4.818
8 46 97.575 53.739
8 47 34.821 5.879
8 48 54.383 88.275
8 49 27.362 55.428
9 10 25.47 45.71
9 11 9.071 15.408
9 12 11.533 40.744
9 13 90.473 83.441
9 14 45.365 15.433
9 15 81.37 74.423
9 16 53.323 89.119
9 17 7.054 93.47
9 18 3.979 37.427
9 19 47.241 50.312
9 20 29.154 23.4
9 21 66.901 69.536
9 22 56.957 76.466
9 23 40.614 92.018
9 24 93.952 32.83
9 25 81.304 60.92
9 26 29.559 91.17
9 27 70.923 50.696
9 28 79.439 75.261
9 29 60.979 24.093
9 30 6.726 59.102
9 31 82.04 4.715
9 32 45.787 51.235
9 33 83.473 92.404
9 34 5.611 28.18
9 35 5.336 24.365
9 36 89.669 60.319
9 37 53.957 64.136
9 38 95.762 52.783
9 39 13.002 98.331
9 40 97.145 55.632
9 41 86.268 25.593
9 42 85.722 65.019
9 43 85.287 38.914
9 44 62.714 11.103
9 45 42.315 35.632
9 46 80.4 87.083
9 47 47.822 36.912
9 48 95.007 44.379
9 49 72.828 10.699
10 11 32.837 68.844
10 12 35.148 95.585
10 13 59.139 13.585
10 14 70.253 2.679
10 15 94.658 98.286
10 16 73.868 12.834
10 17 20.131 16.818
10 18 5.077 6.144
10 19 70.804 40.848
10 20 39.658 14.473
10 21 48.333 3.856
10 22 94.482 81.002
10 23 48.149 90.229
10 24 48.741 66.333
10 25 3.319 29.152
10 26 55.485 67.583
10 27 32.197 78.588
10 28 40.716 9.732
10 29 21.787 5.348
10 30 87.407 72.254
10 31 63.006 14.508
10 32 42.755 40.859
10 33 77.812 67.82
10 34 66.815 97.501
10 35 85.721 58.095
10 36 33.993 97.488
10 37 45.163 51.615
10 38 40.097 37.023
10 39 1.867 13.472
10 40 25.129 99.543
10 41 77.765 62.833
10 42 88.39 55.045
10 43 94.119 15.479
10 44 97.125 51.362
10 45 91.596 98.417
10 46 13.466 89.846
10 47 17.685 59.995
10 48 40.846 37.478
10 49 37.732 78.947
11 12 76.72 1.884
11 13 12.225 51.664
11 14 61.84 50.218
11 15 90.868 84.983
11 16 13.046 61.635
11 17 67.473 38.197
11 18 0.613 67.401
11 19 0.297 8.246
11 20 77.528 2.696
11 21 94.794 55.91
11 22 81.856 88.942
11 23 82.131 13.166
11 24 77.59 8.704
11 25 82.551 73.059
11 26 39.713 73.823
11 27 80.564 61.804
11 28 48.91 36.257
11 29 57.978 91.463
11 30 96.503 9.354
11 31 0.642 29.431
11 32 4.08 42.722
11 33 76.595 79.652
11 34 18.278 12.676
11 35 82.017 71.088
11 36 89.217 1.694
11 37 27.056 77.217
11 38 76.099 80.367
11 39 58.582 30.05
11 40 26.036 53.935
11 41 41.121 82.462
11 42 56.72 21.179
11 43 31.848 43.037
11 44 4.61 57.837
11 45 18.772 57.325
11 46 48.773 11.55
11 47 20.933 10.49
11 48 83.42 68.685
11 49 47.423 83.564
12 13 83.792 31.726
12 14 54.294 97.466
12 15 94.225 46.582
12 16 46.44 95.749
12 17 48.172 67.464
12 18 18.933 26.688
12 19 52.891 48.692
12 20 30.665 49.187
12 21 30.587 57.266
12 22 21.149 74.008
12 23 79.343 31.257
12 24 1.589 78.436
12 25 84.242 88.505
12 26 54.209 80.068
12 27 39.789 24.444
12 28 57.088 51.894
12 29 42.417 47.614
12 30 42.005 60.644
12 31 88.283 7.828
12 32 67.863 71.341
12 33 62.823 62.252
12 34 65.066 58.882
12 35 28.905 86.045
12 36 2.96 11.624
12 37 5.1 46.265
12 38 50.628 48.983
12 39 33.789 75.041
12 40 40.137 43.454
12 41 25.254 47.302
12 42 76.991 7.209
12 43 86.67 77.911
12 44 77.316 86.234
12 45 84.989 38.124
12 46 84.783 89.113
12 47 40.945 31.285
12 48 93.032 9.658
12 49 9.433 6.311
13 14 65.1 12.562
13 15 54.444 2.152
13 16 33.71 36.935
13 17 49.527 32.963
13 18 59.473 88.236
13 19 11.359 76.527
13 20 78.318 23.742
13 21 42.242 29.242
13 22 77.001 85.897
13 23 56.732 68.14
13 24 17.864 50.11
13 25 34.342 63.511
13 26 50.334 86.811
13 27 66.236 73.598
13 28 57.081 13.353
13 29 23.199 65.283
13 30 11.954 34.106
13 31 48.135 8.03
13 32 28.759 49.71
13 33 5.963 78.869
13 34 13.771 68.155
13 35 62.594 98.265
13 36 77.249 30.803
13 37 56.214 8.237
13 38 53.48 68.401
13 39 84.256 19.203
13 40 58.567 95.567
13 41 23.235 41.519
13 42 28.514 61.911
13 43 93.098 60.508
13 44 50.197 43.462
13 45 85.879 9.006
13 46 22.076 70.599
13 47 70.639 72.193
13 48 65.502 99.634
13 49 86.448 84.424
14 15 32.557 70.571
14 16 45.567 14.979
14 17 18.373 90.858
14 18 48.503 54.276
14 19 12.727 73.945
14 20 83.29 37.49
14 21 58.66 14.027
14 22 0.276 54.697
14 23 16.492 25.461
14 24 26.389 5.172
14 25 78.466 76.842
14 26 60.549 21.311
14 27 92.814 20.108
14 28 72.282 29.218
14 29 24.33 19.682
14 30 54.624 60.159
14 31 12.891 76.415
14 32 26.176 36.657
14 33 49.895 38.436
14 34 57.234 7.578
14 35 42.444 86.793
14 36 77.624 73.206
14 37 45.99 5.46
14 38 1.18 87.119
14 39 19.86 99.897
14 40 94.586 80.262
14 41 65.626 72.432
14 42 75.937 51.898
14 43 52.775 81.949
14 44 73.194 44.244
14 45 89.461 52.045
14 46 4.926 10.627
14 47 28.766 81.716
14 48 80.106 71.724
14 49 35.191 80.738
15 16 30.88 33.614
15 17 66.842 17.55
15 18 65.319 30.551
15 19 47.796 48.117
15 20 32.764 19.916
15 21 76.841 63.9
15 22 96.549 45.66
15 23 49.675 99.97
15 24 83.393 71.172
15 25 52.233 92.304
15 26 44.847 34.129
15 27 73.361 79.503
15 28 86.337 29.736
15 29 89.403 22.612
15 30 72.332 43.009
15 31 50.282 74.746
15 32 9.739 41.53
15 33 47.238 7.703
15 34 56.406 86.854
15 35 4.446 23.288
15 36 1.716 32.939
15 37 28.895 10.89
15 38 38.245 16.808
15 39 73.968 72.369
15 40 43.531 69.362
15 41 28.253 35.661
15 42 33.887 31.99
15 43 8.833 62.479
15 44 42.964 49.505
15 45 63.61 98.022
15 46 42.774 98.501
15 47 10.671 97.948
15 48 27.318 62.662
15 49 84.995 65.665
16 17 7.344 28.235
16 18 17.104 1.586
16 19 56.184 89.83
16 20 63.152 89.832
16 21 86.165 6.891
16 22 69.984 74.271
16 23 9.299 66.987
16 24 10.799 76.344
16 25 39.851 13.337
16 26 43.513 85.738
16 27 19.2 61.757
16 28 57.642 26.484
16 29 71.638 62.059
16 30 58.683 78.379
16 31 4.106 16.898
16 32 8.963 98.577
16 33 98.357 58.265
16 34 33.516 27.349
16 35 92.589 4.497
16 36 50.663 20.301
16 37 21.385 85.474
16 38 53.046 28.2
16 39 0.987 80.999
16 40 66.144 34.304
16 41 62.096 68.421
16 42 76.446 65.209
16 43 97.194 12.611
16 44 52.969 70.235
16 45 76.026 14.668
16 46 60.551 18.877
16 47 56.379 76.2
16 48 68.234 49.294
16 49 14.494 33.822
17 18 3.357 33.405
17 19 30.516 37.449
17 20 82.522 0.48
17 21 11.211 10.555
17 22 71.059 37.823
17 23 76.833 19.368
17 24 5.561 58.391
17 25 14.254 39.386
17 26 97.746 75.025
17 27 16.099 50.074
17 28 3.006 7.276
17 29 87.621 42.634
17 30 7.613 77.274
17 31 60.395 40.969
17 32 21.957 72.121
17 33 46.809 71.31
17 34 68.46 10.36
17 35 25.671 22.53
17 36 1.826 15.62
17 37 62.885 46.88
17 38 78.275 98.969
17 39 32.675 42.549
17 40 13.797 29.783
17 41 37.228 35.677
17 42 35.763 69.711
17 43 36.166 24.264
17 44 39.479 80.398
17 45 93.297 17.193
17 46 78.521 31.237
17 47 1.765 82.26
17 48 28.356 41.989
17 49 5.752 67.569
18 19 1.17 51.128
18 20 34.624 65.287
18 21 28.013 12.848
18 22 91.04 94.702
18 23 80.722 38.261
18 24 77.408 66.725
18 25 16.632 31.426
18 26 14.832 43.243
18 27 84.919 45.957
18 28 2.077 60.684
18 29 93.901 90.057
18 30 44.087 4.992
18 31 40.939 85.797
18 32 37.271 9.046
18 33 58.585 80.059
18 34 65.596 23.506
18 35 54.066 53.819
18 36 26.507 15.545
18 37 88.93 53.349
18 38 98.682 67.505
18 39 74.439 70.838
18 40 39.989 15.449
18 41 46.148 83.477
18 42 70.227 62.073
18 43 45.616 79.944
18 44 46.051 61.727
18 45 34.491 37.806
18 46 86.887 81.195
18 47 10.94 65.785
18 48 5.283 18.362
18 49 48.223 19.741
19 20 49.983 69.904
19 21 46.77 85.034
19 22 1.316 35.031
19 23 19.526 6.364
19 24 80.837 79.158
19 25 57.981 76.673
19 26 81.263 96.089
19 27 35.568 38.481
19 28 44.806 77.498
19 29 68.644 78.809
19 30 6.579 48.832
19 31 56.964 1.403
19 32 8.461 31.585
19 33 46.771 38.55
19 34 50.345 14.041
19 35 28.955 62.272
19 36 82.768 9.139
19 37 81.655 19.921
19 38 95.003 22.108
19 39 34.833 22.17
19 40 40.561 38.969
19 41 51.45 42.69
19 42 54.436 86.075
19 43 24.11 26.249
19 44 23.378 74.858
19 45 34.946 59.262
19 46 31.865 27.326
19 47 46.862 76.117
19 48 85.238 70.725
19 49 51.466 57.603
20 21 34.456 69.677
20 22 31.222 23.366
20 23 62.691 10.779
20 24 20.434 41.741
20 25 82.991 16.57
20 26 3.493 6.488
20 27 29.693 60.787
20 28 26.048 53.275
20 29 1.722 50.95
20 30 1.085 40.204
20 31 32.517 19.594
20 32 4.857 0.415
20 33 36.427 19.762
20 34 31.155 53.495
20 35 5.56 1.778
20 36 81.136 56.401
20 37 2.695 96.03
20 38 9.109 43.714
20 39 88.375 77.144
20 40 5.165 93.77
20 41 1.528 51.109
20 42 38.364 66.189
20 43 87.034 18.75
20 44 5.101 29.409
20 45 11.838 20.147
20 46 70.598 68.494
20 47 95.747 21.342
20 48 12.029 74.246
20 49 25.33 16.498
21 22 16.319 52.177
21 23 26.105 35.716
21 24 88.262 55.932
21 25 55.372 81.003
21 26 6.294 31.142
21 27 53.744 52.593
21 28 23.784 96.454
21 29 73.968 45.982
21 30 38.625 3.212
21 31 93.364 88.242
21 32 81.285 89.946
21 33 85.415 91.103
21 34 41.978 24.404
21 35 53.277 52.013
21 36 45.992 78.917
21 37 74.709 18.899
21 38 24.428 43.993
21 39 68.215 14.6
21 40 42.88 29.135
21 41 13.591 45.627
21 42 30.677 71.944
21 43 36.438 40.946
21 44 30.912 30.591
21 45 73.681 2.746
21 46 1.221 79.305
21 47 47.241 19.843
21 48 3.059 53.714
21 49 57.452 71.65
22 23 86.585 3.501
22 24 25.976 60.519
22 25 60.514 1.457
22 26 90.498 99.333
22 27 33.216 80.183
22 28 29.567 17.829
22 29 27.818 29.385
22 30 86.169 35.033
22 31 30.543 50.627
22 32 79.389 99.498
22 33 72.451 13.158
22 34 69.079 35.936
22 35 62.439 49.527
22 36 36.735 40.076
22 37 51.606 36.671
22 38 30.615 56.771
22 39 49.629 36.515
22 40 18.108 0.717
22 41 94.647 69.083
22 42 64.083 80.799
22 43 89.87 6.574
22 44 20.177 81.734
22 45 95.477 45.807
22 46 25.672 40.043
22 47 14.409 92.887
22 48 45.877 88.101
22 49 14.185 50.846
23 24 83.841 81.809
23 25 67.216 12.66
23 26 32.675 17.744
23 27 15.315 31.754
23 28 73.483 83.486
23 29 50.903 5.468
23 30 96.89 61.751
23 31 2.368 17.101
23 32 79.657 13.831
23 33 93.965 20.769
23 34 51.397 36.174
23 35 55.212 5.177
23 36 5.577 70.038
23 37 79.164 24.944
23 38 45.686 96.819
23 39 50.668 61.132
23 40 73.967 0.343
23 41 2.265 40.789
23 42 74.397 80.251
23 43 59.158 27.881
23 44 62.957 97.226
23 45 27.94 20.639
23 46 85.747 3.434
23 47 39.574 20.34
23 48 5.821 58.846
23 49 78.906 85.069
24 25 8.943 7.173
24 26 68.536 20.521
24 27 86.797 47.46
24 28 78.521 24.068
24 29 21.043 64.035
24 30 60.542 55.191
24 31 73.912 97.411
24 32 27.006 44.233
24 33 21.457 78.741
24 34 57.208 54.545
24 35 3.86 33.013
24 36 65.29 80.722
24 37 35.349 72.293
24 38 0.831 82.102
24 39 37.26 99.669
24 40 16.859 86.198
24 41 69.933 53.529
24 42 8.344 83.146
24 43 39.626 68.934
24 44 84.727 35.646
24 45 5.918 0.259
24 46 68.099 4.46
24 47 94.962 33.763
24 48 23.134 71.007
24 49 53.182 47.828
25 26 75.53 92.68
25 27 80.951 5.422
25 28 87.542 18.462
25 29 72.672 24.709
25 30 97.372 65.91
25 31 98.135 61.386
25 32 60.289 54.877
25 33 78.816 35.844
25 34 94.712 19.965
25 35 49.244 25.058
25 36 87.266 32.254
25 37 66.032 39.459
25 38 90.823 74.959
25 39 22.08 65.799
25 40 49.513 35.133
25 41 88.692 96.405
25 42 39.943 20.978
25 43 66.201 11.546
25 44 32.62 77.371
25 45 15.452 14.265
25 46 42.471 49.917
25 47 88.19 6.53
25 48 46.558 31.655
25 49 17.187 9.389
26 27 84.149 20.222
26 28 63.894 56.231
26 29 45.109 15.914
26 30 84.755 82.646
26 31 39.577 71.27
26 32 42.254 74.69
26 33 12.849 97.087
26 34 61.326 53.224
26 35 46.118 64.554
26 36 67.04 9.679
26 37 63.674 64.424
26 38 93.449 2.667
26 39 13.178 83.798
26 40 68.014 93.866
26 41 82.955 9.15
26 42 47.607 18.317
26 43 77.726 24.279
26 44 32.829 83.956
26 45 29.177 86.827
26 46 7.924 67.876
26 47 9.245 89.352
26 48 54.086 87.152
26 49 36.212 43.606
27 28 50.536 60.768
27 29 21.762 97.78
27 30 58.428 8.523
27 31 87.985 36.448
27 32 86.69 82.687
27 33 97.463 72.549
27 34 53.056 27.002
27 35 39.897 75.57
27 36 33.623 83.605
27 37 32.29 6.608
27 38 48.0 64.088
27 39 77.424 44.44
27 40 82.519 61.071
27 41 64.76 13.356
27 42 89.387 45.444
27 43 72.676 8.739
27 44 52.306 3.11
27 45 5.427 81.686
27 46 98.11 59.518
27 47 26.844 67.716
27 48 53.006 50.58
27 49 72.41 0.645
28 29 1.412 53.208
28 30 86.536 79.937
28 31 67.386 12.736
28 32 56.224 50.458
28 33 29.077 29.543
28 34 34.467 65.704
28 35 17.006 12.064
28 36 21.366 63.399
28 37 55.855 1.864
28 38 35.831 45.617
28 39 25.074 79.46
28 40 11.166 52.26
28 41 55.765 32.822
28 42 32.629 8.09
28 43 30.998 21.901
28 44 67.952 37.891
28 45 44.845 21.348
28 46 82.596 19.072
28 47 22.907 23.971
28 48 66.1 14.231
28 49 1.314 24.866
29 30 42.385 71.136
29 31 13.003 47.841
29 32 88.999 52.473
29 33 21.241 34.764
29 34 87.32 7.169
29 35 46.003 9.846
29 36 67.562 11.759
29 37 50.443 97.05
29 38 69.22 32.539
29 39 67.723 62.754
29 40 55.105 45.294
29 41 32.651 4.139
29 42 55.072 29.082
29 43 25.973 41.49
29 44 17.428 24.643
29 45 87.864 69.682
29 46 80.849 67.364
29 47 43.912 13.031
29 48 0.251 2.831
29 49 29.403 26.005
30 31 58.046 98.324
30 32 68.361 15.539
30 33 28.122 68.044
30 34 94.394 46.039
30 35 64.52 0.186
30 36 23.166 80.644
30 37 73.676 22.034
30 38 76.829 62.017
30 39 62.996 26.535
30 40 56.931 79.504
30 41 18.841 28.882
30 42 33.429 92.174
30 43 11.325 75.643
30 44 1.943 36.972
30 45 40.923 44.821
30 46 98.506 80.712
30 47 50.951 28.311
30 48 6.926 32.769
30 49 94.491 42.957
31 32 73.428 74.762
31 33 9.98 22.738
31 34 26.181 88.658
31 35 8.003 53.191
31 36 14.058 75.042
31 37 84.132 51.092
31 38 40.729 15.468
31 39 95.008 51.794
31 40 3.193 64.231
31 41 77.137 31.478
31 42 2.747 79.939
31 43 36.736 81.908
31 44 96.963 28.526
31 45 96.555 9.528
31 46 46.427 15.667
31 47 82.795 73.456
31 48 51.677 72.916
31 49 81.259 10.509
32 33 81.955 30.629
32 34 40.274 70.759
32 35 1.413 88.188
32 36 43.861 23.596
32 37 17.325 35.065
32 38 57.066 49.67
32 39 35.442 85.642
32 40 61.757 49.224
32 41 97.595 17.383
32 42 9.273 82.607
32 43 67.531 55.802
32 44 22.363 16.726
32 45 78.087 11.543
32 46 1.212 95.62
32 47 57.79 73.449
32 48 69.336 21.189
32 49 66.818 41.984
33 34 34.894 99.846
33 35 61.364 43.018
33 36 72.17 69.581
33 37 46.335 90.02
33 38 63.485 71.082
33 39 62.473 59.448
33 40 27.037 88.056
33 41 78.037 74.63
33 42 64.059 90.119
33 43 35.827 37.693
33 44 77.34 33.462
33 45 66.42 63.422
33 46 2.953 61.732
33 47 22.041 28.771
33 48 38.126 70.867
33 49 38.23 57.295
34 35 34.882 54.928
34 36 12.184 74.506
34 37 18.671 69.978
34 38 71.554 86.891
34 39 48.184 60.742
34 40 10.032 29.625
34 41 2.048 31.286
34 42 63.192 94.883
34 43 41.651 84.871
34 44 15.65 85.202
34 45 70.0 2.353
34 46 78.616 89.373
34 47 13.184 14.348
34 48 44.845 66.186
34 49 1.076 19.729
35 36 55.633 73.799
35 37 98.511 14.547
35 38 22.703 13.05
35 39 7.719 17.146
35 40 92.912 77.243
35 41 28.753 89.271
35 42 13.959 57.854
35 43 60.036 35.813
35 44 78.514 97.819
35 45 65.255 33.072
35 46 25.288 31.657
35 47 43.095 8.815
35 48 1.869 69.796
35 49 33.358 16.99
36 37 89.701 84.251
36 38 88.857 86.807
36 39 70.292 54.691
36 40 25.331 17.849
36 41 5.326 78.61
36 42 31.149 56.129
36 43 39.373 33.017
36 44 32.522 76.181
36 45 51.863 32.282
36 46 96.772 12.652
36 47 44.937 11.426
36 48 3.974 82.068
36 49 70.465 28.484
37 38 38.545 64.568
37 39 30.653 56.728
37 40 39.743 22.397
37 41 14.323 81.147
37 42 98.308 33.248
37 43 46.129 13.965
37 44 39.199 72.052
37 45 29.113 62.696
37 46 64.371 54.449
37 47 77.744 30.111
37 48 1.743 42.117
37 49 27.686 46.815
38 39 98.53 37.053
38 40 38.274 97.016
38 41 96.185 68.191
38 42 49.421 44.013
38 43 63.779 15.087
38 44 22.072 71.375
38 45 14.185 25.948
38 46 31.518 69.18
38 47 14.783 49.18
38 48 48.091 85.95
38 49 88.844 24.589
39 40 0.732 28.529
39 41 15.768 19.009
39 42 72.204 16.975
39 43 49.492 88.423
39 44 4.824 26.549
39 45 72.776 62.977
39 46 39.817 60.66
39 47 39.511 10.988
39 48 10.348 25.117
39 49 74.702 6.751
40 41 94.388 9.009
40 42 78.664 11.315
40 43 92.802 76.251
40 44 1.109 44.429
40 45 30.301 96.016
40 46 23.507 29.909
40 47 3.307 23.952
40 48 5.576 75.487
40 49 78.748 7.239
41 42 7.582 40.286
41 43 17.759 29.467
41 44 20.919 51.446
41 45 70.085 11.007
41 46 84.958 69.93
41 47 23.213 42.393
41 48 89.446 30.649
41 49 40.481 4.481
42 43 50.553 48.209
42 44 13.746 11.307
42 45 77.363 11.436
42 46 70.672 34.28
42 47 85.505 69.129
42 48 8.676 77.538
42 49 84.569 41.829
43 44 64.357 14.628
43 45 45.211 29.348
43 46 48.949 56.465
43 47 45.23 39.16
43 48 71.059 71.616
43 49 27.053 8.886
44 45 12.541 44.507
44 46 59.829 89.655
44 47 60.357 90.671
44 48 79.744 2.99
44 49 17.977 96.238
45 46 66.25 36.81
45 47 30.803 9.435
45 48 10.378 76.904
45 49 94.711 8.671
46 47 40.967 64.637
46 48 26.351 52.865
46 49 13.659 17.223
47 48 23.857 47.745
47 49 43.057 88.869
48 49 92.752 64.642