50
96
0 1 1 1
0 2 0.666 1.333
0 3 1.5 1.333
0 4 5 5
0 5 5 5
0 6 5 5
0 7 5 5
0 8 5 5
0 9 5 5
0 10 5 5
0 11 5 5
0 12 5 5
0 13 5 5
0 14 5 5
0 15 5 5
0 16 5 5
0 17 5 5
0 18 5 5
0 19 5 5
0 20 5 5
0 21 5 5
0 22 5 5
0 23 5 5
0 24 5 5
0 25 5 5
0 26 5 5
0 27 5 5
0 28 5 5
0 29 5 5
0 30 5 5
0 31 5 5
0 32 5 5
0 33 5 5
0 34 5 5
0 35 5 5
0 36 5 5
0 37 5 5
0 38 5 5
0 39 5 5
0 40 5 5
0 41 5 5
0 42 5 5
0 43 5 5
0 44 5 5
0 45 5 5
0 46 5 5
0 47 5 5
0 48 5 5
0 49 5 5
1 2 1.833 0.666
1 3 1 1.666
1 4 5 5
1 5 5 5
1 6 5 5
1 7 5 5
1 8 5 5
1 9 5 5
1 10 5 5
1 11 5 5
1 12 5 5
1 13 5 5
1 14 5 5
1 15 5 5
1 16 5 5
1 17 5 5
1 18 5 5
1 19 5 5
1 20 5 5
1 21 5 5
1 22 5 5
1 23 5 5
1 24 5 5
1 25 5 5
1 26 5 5
1 27 5 5
1 28 5 5
1 29 5 5
1 30 5 5
1 31 5 5
1 32 5 5
1 33 5 5
1 34 5 5
1 35 5 5
1 36 5 5
1 37 5 5
1 38 5 5
1 39 5 5
1 40 5 5
1 41 5 5
1 42 5 5
1 43 5 5
1 44 5 5
1 45 5 5
1 46 5 5
1 47 5 5
1 48 5 5
1 49 5 5
2 3 2.333 3
2 4 5 5
2 5 5 5
2 6 5 5
2 7 5 5
2 8 5 5
2 9 5 5
2 10 5 5
2 11 5 5
2 12 5 5
2 13 5 5
2 14 5 5
2 15 5 5
2 16 5 5
2 17 5 5
2 18 5 5
2 19 5 5
2 20 5 5
2 21 5 5
2 22 5 5
2 23 5 5
2 24 5 5
2 25 5 5
2 26 5 5
2 27 5 5
2 28 5 5
2 29 5 5
2 30 5 5
2 31 5 5
2 32 5 5
2 33 5 5
2 34 5 5
2 35 5 5
2 36 5 5
2 37 5 5
2 38 5 5
2 39 5 5
2 40 5 5
2 41 5 5
2 42 5 5
2 43 5 5
2 44 5 5
2 45 5 5
2 46 5 5
2 47 5 5
2 48 5 5
2 49 5 5
3 4 5 5
3 5 5 5
3 6 5 5
3 7 5 5
3 8 5 5
3 9 5 5
3 10 5 5
3 11 5 5
3 12 5 5
3 13 5 5
3 14 5 5
3 15 5 5
3 16 5 5
3 17 5 5
3 18 5 5
3 19 5 5
3 20 5 5
3 21 5 5
3 22 5 5
3 23 5 5
3 24 5 5
3 25 5 5
3 26 5 5
3 27 5 5
3 28 5 5
3 29 5 5
3 30 5 5
3 31 5 5
3 32 5 5
3 33 5 5
3 34 5 5
3 35 5 5
3 36 5 5
3 37 5 5
3 38 5 5
3 39 5 5
3 40 5 5
3 41 5 5
3 42 5 5
3 43 5 5
3 44 5 5
3 45 5 5
3 46 5 5
3 47 5 5
3 48 5 5
3 49 5 5
4 5 1 1
4 6 0.666 1.333
4 7 1.5 1.333
4 8 5 5
4 9 5 5
4 10 5 5
4 11 5 5
4 12 5 5
4 13 5 5
4 14 5 5
4 15 5 5
4 16 5 5
4 17 5 5
4 18 5 5
4 19 5 5
4 20 5 5
4 21 5 5
4 22 5 5
4 23 5 5
4 24 5 5
4 25 5 5
4 26 5 5
4 27 5 5
4 28 5 5
4 29 5 5
4 30 5 5
4 31 5 5
4 32 5 5
4 33 5 5
4 34 5 5
4 35 5 5
4 36 5 5
4 37 5 5
4 38 5 5
4 39 5 5
4 40 5 5
4 41 5 5
4 42 5 5
4 43 5 5
4 44 5 5
4 45 5 5
4 46 5 5
4 47 5 5
4 48 5 5
4 49 5 5
5 6 1.833 0.666
5 7 1 1.666
5 8 5 5
5 9 5 5
5 10 5 5
5 11 5 5
5 12 5 5
5 13 5 5
5 14 5 5
5 15 5 5
5 16 5 5
5 17 5 5
5 18 5 5
5 19 5 5
5 20 5 5
5 21 5 5
5 22 5 5
5 23 5 5
5 24 5 5
5 25 5 5
5 26 5 5
5 27 5 5
5 28 5 5
5 29 5 5
5 30 5 5
5 31 5 5
5 32 5 5
5 33 5 5
5 34 5 5
5 35 5 5
5 36 5 5
5 37 5 5
5 38 5 5
5 39 5 5
5 40 5 5
5 41 5 5
5 42 5 5
5 43 5 5
5 44 5 5
5 45 5 5
5 46 5 5
5 47 5 5
5 48 5 5
5 49 5 5
6 7 2.333 3
6 8 5 5
6 9 5 5
6 10 5 5
6 11 5 5
6 12 5 5
6 13 5 5
6 14 5 5
6 15 5 5
6 16 5 5
6 17 5 5
6 18 5 5
6 19 5 5
6 20 5 5
6 21 5 5
6 22 5 5
6 23 5 5
6 24 5 5
6 25 5 5
6 26 5 5
6 27 5 5
6 28 5 5
6 29 5 5
6 30 5 5
6 31 5 5
6 32 5 5
6 33 5 5
6 34 5 5
6 35 5 5
6 36 5 5
6 37 5 5
6 38 5 5
6 39 5 5
6 40 5 5
6 41 5 5
6 42 5 5
6 43 5 5
6 44 5 5
6 45 5 5
6 46 5 5
6 47 5 5
6 48 5 5
6 49 5 5
7 8 5 5
7 9 5 5
7 10 5 5
7 11 5 5
7 12 5 5
7 13 5 5
7 14 5 5
7 15 5 5
7 16 5 5
7 17 5 5
7 18 5 5
7 19 5 5
7 20 5 5
7 21 5 5
7 22 5 5
7 23 5 5
7 24 5 5
7 25 5 5
7 26 5 5
7 27 5 5
7 28 5 5
7 29 5 5
7 30 5 5
7 31 5 5
7 32 5 5
7 33 5 5
7 34 5 5
7 35 5 5
7 36 5 5
7 37 5 5
7 38 5 5
7 39 5 5
7 40 5 5
7 41 5 5
7 42 5 5
7 43 5 5
7 44 5 5
7 45 5 5
7 46 5 5
7 47 5 5
7 48 5 5
7 49 5 5
8 9 1 1
8 10 0.666 1.333
8 11 1.5 1.333
8 12 5 5
8 13 5 5
8 14 5 5
8 15 5 5
8 16 5 5
8 17 5 5
8 18 5 5
8 19 5 5
8 20 5 5
8 21 5 5
8 22 5 5
8 23 5 5
8 24 5 5
8 25 5 5
8 26 5 5
8 27 5 5
8 28 5 5
8 29 5 5
8 30 5 5
8 31 5 5
8 32 5 5
8 33 5 5
8 34 5 5
8 35 5 5
8 36 5 5
8 37 5 5
8 38 5 5
8 39 5 5
8 40 5 5
8 41 5 5
8 42 5 5
8 43 5 5
8 44 5 5
8 45 5 5
8 46 5 5
8 47 5 5
8 48 5 5
8 49 5 5
9 10 1.833 0.666
9 11 1 1.666
9 12 5 5
9 13 5 5
9 14 5 5
9 15 5 5
9 16 5 5
9 17 5 5
9 18 5 5
9 19 5 5
9 20 5 5
9 21 5 5
9 22 5 5
9 23 5 5
9 24 5 5
9 25 5 5
9 26 5 5
9 27 5 5
9 28 5 5
9 29 5 5
9 30 5 5
9 31 5 5
9 32 5 5
9 33 5 5
9 34 5 5
9 35 5 5
9 36 5 5
9 37 5 5
9 38 5 5
9 39 5 5
9 40 5 5
9 41 5 5
9 42 5 5
9 43 5 5
9 44 5 5
9 45 5 5
9 46 5 5
9 47 5 5
9 48 5 5
9 49 5 5
10 11 2.333 3
10 12 5 5
10 13 5 5
10 14 5 5
10 15 5 5
10 16 5 5
10 17 5 5
10 18 5 5
10 19 5 5
10 20 5 5
10 21 5 5
10 22 5 5
10 23 5 5
10 24 5 5
10 25 5 5
10 26 5 5
10 27 5 5
10 28 5 5
10 29 5 5
10 30 5 5
10 31 5 5
10 32 5 5
10 33 5 5
10 34 5 5
10 35 5 5
10 36 5 5
10 37 5 5
10 38 5 5
10 39 5 5
10 40 5 5
10 41 5 5
10 42 5 5
10 43 5 5
10 44 5 5
10 45 5 5
10 46 5 5
10 47 5 5
10 48 5 5
10 49 5 5
11 12 5 5
11 13 5 5
11 14 5 5
11 15 5 5
11 16 5 5
11 17 5 5
11 18 5 5
11 19 5 5
11 20 5 5
11 21 5 5
11 22 5 5
11 23 5 5
11 24 5 5
11 25 5 5
11 26 5 5
11 27 5 5
11 28 5 5
11 29 5 5
11 30 5 5
11 31 5 5
11 32 5 5
11 33 5 5
11 34 5 5
11 35 5 5
11 36 5 5
11 37 5 5
11 38 5 5
11 39 5 5
11 40 5 5
11 41 5 5
11 42 5 5
11 43 5 5
11 44 5 5
11 45 5 5
11 46 5 5
11 47 5 5
11 48 5 5
11 49 5 5
12 13 1 1
12 14 0.666 1.333
12 15 1.5 1.333
12 16 5 5
12 17 5 5
12 18 5 5
12 19 5 5
12 20 5 5
12 21 5 5
12 22 5 5
12 23 5 5
12 24 5 5
12 25 5 5
12 26 5 5
12 27 5 5
12 28 5 5
12 29 5 5
12 30 5 5
12 31 5 5
12 32 5 5
12 33 5 5
12 34 5 5
12 35 5 5
12 36 5 5
12 37 5 5
12 38 5 5
12 39 5 5
12 40 5 5
12 41 5 5
12 42 5 5
12 43 5 5
12 44 5 5
12 45 5 5
12 46 5 5
12 47 5 5
12 48 5 5
12 49 5 5
13 14 1.833 0.666
13 15 1 1.666
13 16 5 5
13 17 5 5
13 18 5 5
13 19 5 5
13 20 5 5
13 21 5 5
13 22 5 5
13 23 5 5
13 24 5 5
13 25 5 5
13 26 5 5
13 27 5 5
13 28 5 5
13 29 5 5
13 30 5 5
13 31 5 5
13 32 5 5
13 33 5 5
13 34 5 5
13 35 5 5
13 36 5 5
13 37 5 5
13 38 5 5
13 39 5 5
13 40 5 5
13 41 5 5
13 42 5 5
13 43 5 5
13 44 5 5
13 45 5 5
13 46 5 5
13 47 5 5
13 48 5 5
13 49 5 5
14 15 2.333 3
14 16 5 5
14 17 5 5
14 18 5 5
14 19 5 5
14 20 5 5
14 21 5 5
14 22 5 5
14 23 5 5
14 24 5 5
14 25 5 5
14 26 5 5
14 27 5 5
14 28 5 5
14 29 5 5
14 30 5 5
14 31 5 5
14 32 5 5
14 33 5 5
14 34 5 5
14 35 5 5
14 36 5 5
14 37 5 5
14 38 5 5
14 39 5 5
14 40 5 5
14 41 5 5
14 42 5 5
14 43 5 5
14 44 5 5
14 45 5 5
14 46 5 5
14 47 5 5
14 48 5 5
14 49 5 5
15 16 5 5
15 17 5 5
15 18 5 5
15 19 5 5
15 20 5 5
15 21 5 5
15 22 5 5
15 23 5 5
15 24 5 5
15 25 5 5
15 26 5 5
15 27 5 5
15 28 5 5
15 29 5 5
15 30 5 5
15 31 5 5
15 32 5 5
15 33 5 5
15 34 5 5
15 35 5 5
15 36 5 5
15 37 5 5
15 38 5 5
15 39 5 5
15 40 5 5
15 41 5 5
15 42 5 5
15 43 5 5
15 44 5 5
15 45 5 5
15 46 5 5
15 47 5 5
15 48 5 5
15 49 5 5
16 17 1 1
16 18 0.666 1.333
16 19 1.5 1.333
16 20 5 5
16 21 5 5
16 22 5 5
16 23 5 5
16 24 5 5
16 25 5 5
16 26 5 5
16 27 5 5
16 28 5 5
16 29 5 5
16 30 5 5
16 31 5 5
16 32 5 5
16 33 5 5
16 34 5 5
16 35 5 5
16 36 5 5
16 37 5 5
16 38 5 5
16 39 5 5
16 40 5 5
16 41 5 5
16 42 5 5
16 43 5 5
16 44 5 5
16 45 5 5
16 46 5 5
16 47 5 5
16 48 5 5
16 49 5 5
17 18 1.833 0.666
17 19 1 1.666
17 20 5 5
17 21 5 5
17 22 5 5
17 23 5 5
17 24 5 5
17 25 5 5
17 26 5 5
17 27 5 5
17 28 5 5
17 29 5 5
17 30 5 5
17 31 5 5
17 32 5 5
17 33 5 5
17 34 5 5
17 35 5 5
17 36 5 5
17 37 5 5
17 38 5 5
17 39 5 5
17 40 5 5
17 41 5 5
17 42 5 5
17 43 5 5
17 44 5 5
17 45 5 5
17 46 5 5
17 47 5 5
17 48 5 5
17 49 5 5
18 19 2.333 3
18 20 5 5
18 21 5 5
18 22 5 5
18 23 5 5
18 24 5 5
18 25 5 5
18 26 5 5
18 27 5 5
18 28 5 5
18 29 5 5
18 30 5 5
18 31 5 5
18 32 5 5
18 33 5 5
18 34 5 5
18 35 5 5
18 36 5 5
18 37 5 5
18 38 5 5
18 39 5 5
18 40 5 5
18 41 5 5
18 42 5 5
18 43 5 5
18 44 5 5
18 45 5 5
18 46 5 5
18 47 5 5
18 48 5 5
18 49 5 5
19 20 5 5
19 21 5 5
19 22 5 5
19 23 5 5
19 24 5 5
19 25 5 5
19 26 5 5
19 27 5 5
19 28 5 5
19 29 5 5
19 30 5 5
19 31 5 5
19 32 5 5
19 33 5 5
19 34 5 5
19 35 5 5
19 36 5 5
19 37 5 5
19 38 5 5
19 39 5 5
19 40 5 5
19 41 5 5
19 42 5 5
19 43 5 5
19 44 5 5
19 45 5 5
19 46 5 5
19 47 5 5
19 48 5 5
19 49 5 5
20 21 1 1
20 22 0.666 1.333
20 23 1.5 1.333
20 24 5 5
20 25 5 5
20 26 5 5
20 27 5 5
20 28 5 5
20 29 5 5
20 30 5 5
20 31 5 5
20 32 5 5
20 33 5 5
20 34 5 5
20 35 5 5
20 36 5 5
20 37 5 5
20 38 5 5
20 39 5 5
20 40 5 5
20 41 5 5
20 42 5 5
20 43 5 5
20 44 5 5
20 45 5 5
20 46 5 5
20 47 5 5
20 48 5 5
20 49 5 5
21 22 1.833 0.666
21 23 1 1.666
21 24 5 5
21 25 5 5
21 26 5 5
21 27 5 5
21 28 5 5
21 29 5 5
21 30 5 5
21 31 5 5
21 32 5 5
21 33 5 5
21 34 5 5
21 35 5 5
21 36 5 5
21 37 5 5
21 38 5 5
21 39 5 5
21 40 5 5
21 41 5 5
21 42 5 5
21 43 5 5
21 44 5 5
21 45 5 5
21 46 5 5
21 47 5 5
21 48 5 5
21 49 5 5
22 23 2.333 3
22 24 5 5
22 25 5 5
22 26 5 5
22 27 5 5
22 28 5 5
22 29 5 5
22 30 5 5
22 31 5 5
22 32 5 5
22 33 5 5
22 34 5 5
22 35 5 5
22 36 5 5
22 37 5 5
22 38 5 5
22 39 5 5
22 40 5 5
22 41 5 5
22 42 5 5
22 43 5 5
22 44 5 5
22 45 5 5
22 46 5 5
22 47 5 5
22 48 5 5
22 49 5 5
23 24 5 5
23 25 5 5
23 26 5 5
23 27 5 5
23 28 5 5
23 29 5 5
23 30 5 5
23 31 5 5
23 32 5 5
23 33 5 5
23 34 5 5
23 35 5 5
23 36 5 5
23 37 5 5
23 38 5 5
23 39 5 5
23 40 5 5
23 41 5 5
23 42 5 5
23 43 5 5
23 44 5 5
23 45 5 5
23 46 5 5
23 47 5 5
23 48 5 5
23 49 5 5
24 25 1 1
24 26 0.666 1.333
24 27 1.5 1.333
24 28 5 5
24 29 5 5
24 30 5 5
24 31 5 5
24 32 5 5
24 33 5 5
24 34 5 5
24 35 5 5
24 36 5 5
24 37 5 5
24 38 5 5
24 39 5 5
24 40 5 5
24 41 5 5
24 42 5 5
24 43 5 5
24 44 5 5
24 45 5 5
24 46 5 5
24 47 5 5
24 48 5 5
24 49 5 5
25 26 1.833 0.666
25 27 1 1.666
25 28 5 5
25 29 5 5
25 30 5 5
25 31 5 5
25 32 5 5
25 33 5 5
25 34 5 5
25 35 5 5
25 36 5 5
25 37 5 5
25 38 5 5
25 39 5 5
25 40 5 5
25 41 5 5
25 42 5 5
25 43 5 5
25 44 5 5
25 45 5 5
25 46 5 5
25 47 5 5
25 48 5 5
25 49 5 5
26 27 2.333 3
26 28 5 5
26 29 5 5
26 30 5 5
26 31 5 5
26 32 5 5
26 33 5 5
26 34 5 5
26 35 5 5
26 36 5 5
26 37 5 5
26 38 5 5
26 39 5 5
26 40 5 5
26 41 5 5
26 42 5 5
26 43 5 5
26 44 5 5
26 45 5 5
26 46 5 5
26 47 5 5
26 48 5 5
26 49 5 5
27 28 5 5
27 29 5 5
27 30 5 5
27 31 5 5
27 32 5 5
27 33 5 5
27 34 5 5
27 35 5 5
27 36 5 5
27 37 5 5
27 38 5 5
27 39 5 5
27 40 5 5
27 41 5 5
27 42 5 5
27 43 5 5
27 44 5 5
27 45 5 5
27 46 5 5
27 47 5 5
27 48 5 5
27 49 5 5
28 29 1 1
28 30 0.666 1.333
28 31 1.5 1.333
28 32 5 5
28 33 5 5
28 34 5 5
28 35 5 5
28 36 5 5
28 37 5 5
28 38 5 5
28 39 5 5
28 40 5 5
28 41 5 5
28 42 5 5
28 43 5 5
28 44 5 5
28 45 5 5
28 46 5 5
28 47 5 5
28 48 5 5
28 49 5 5
29 30 1.833 0.666
29 31 1 1.666
29 32 5 5
29 33 5 5
29 34 5 5
29 35 5 5
29 36 5 5
29 37 5 5
29 38 5 5
29 39 5 5
29 40 5 5
29 41 5 5
29 42 5 5
29 43 5 5
29 44 5 5
29 45 5 5
29 46 5 5
29 47 5 5
29 48 5 5
29 49 5 5
30 31 2.333 3
30 32 5 5
30 33 5 5
30 34 5 5
30 35 5 5
30 36 5 5
30 37 5 5
30 38 5 5
30 39 5 5
30 40 5 5
30 41 5 5
30 42 5 5
30 43 5 5
30 44 5 5
30 45 5 5
30 46 5 5
30 47 5 5
30 48 5 5
30 49 5 5
31 32 5 5
31 33 5 5
31 34 5 5
31 35 5 5
31 36 5 5
31 37 5 5
31 38 5 5
31 39 5 5
31 40 5 5
31 41 5 5
31 42 5 5
31 43 5 5
31 44 5 5
31 45 5 5
31 46 5 5
31 47 5 5
31 48 5 5
31 49 5 5
32 33 1 1
32 34 0.666 1.333
32 35 1.5 1.333
32 36 5 5
32 37 5 5
32 38 5 5
32 39 5 5
32 40 5 5
32 41 5 5
32 42 5 5
32 43 5 5
32 44 5 5
32 45 5 5
32 46 5 5
32 47 5 5
32 48 5 5
32 49 5 5
33 34 1.833 0.666
33 35 1 1.666
33 36 5 5
33 37 5 5
33 38 5 5
33 39 5 5
33 40 5 5
33 41 5 5
33 42 5 5
33 43 5 5
33 44 5 5
33 45 5 5
33 46 5 5
33 47 5 5
33 48 5 5
33 49 5 5
34 35 2.333 3
34 36 5 5
34 37 5 5
34 38 5 5
34 39 5 5
34 40 5 5
34 41 5 5
34 42 5 5
34 43 5 5
34 44 5 5
34 45 5 5
34 46 5 5
34 47 5 5
34 48 5 5
34 49 5 5
35 36 5 5
35 37 5 5
35 38 5 5
35 39 5 5
35 40 5 5
35 41 5 5
35 42 5 5
35 43 5 5
35 44 5 5
35 45 5 5
35 46 5 5
35 47 5 5
35 48 5 5
35 49 5 5
36 37 1 1
36 38 0.666 1.333
36 39 1.5 1.333
36 40 5 5
36 41 5 5
36 42 5 5
36 43 5 5
36 44 5 5
36 45 5 5
36 46 5 5
36 47 5 5
36 48 5 5
36 49 5 5
37 38 1.833 0.666
37 39 1 1.666
37 40 5 5
37 41 5 5
37 42 5 5
37 43 5 5
37 44 5 5
37 45 5 5
37 46 5 5
37 47 5 5
37 48 5 5
37 49 5 5
38 39 2.333 3
38 40 5 5
38 41 5 5
38 42 5 5
38 43 5 5
38 44 5 5
38 45 5 5
38 46 5 5
38 47 5 5
38 48 5 5
38 49 5 5
39 40 5 5
39 41 5 5
39 42 5 5
39 43 5 5
39 44 5 5
39 45 5 5
39 46 5 5
39 47 5 5
39 48 5 5
39 49 5 5
40 41 1.632 1.632
40 42 3.265 3.265
40 43 1.632 1.632
40 44 5 5
40 45 5 5
40 46 5 5
40 47 5 5
40 48 5 5
40 49 1.632 1.632
41 42 3.102 3.102
41 43 0.653 0.653
41 44 5 5
41 45 5 5
41 46 5 5
41 47 5 5
41 48 0.489 0.489
41 49 5 5
42 43 2.285 2.285
42 44 5 5
42 45 5 5
42 46 5 5
42 47 5 5
42 48 0.326 0.326
42 49 5 5
43 44 5 5
43 45 5 5
43 46 5 5
43 47 5 5
43 48 5 5
43 49 0.653 0.653
44 45 1.632 1.632
44 46 3.265 3.265
44 47 1.632 1.632
44 48 5 5
44 49 5 5
45 46 3.102 3.102
45 47 0.653 0.653
45 48 5 5
45 49 5 5
46 47 2.285 2.285
46 48 5 5
46 49 5 5
47 48 5 5
47 49 5 5
48 49 5 5
