50
95.43
0 1 88.663 8.61
0 2 38.773 4.976
0 3 89.071 0.305
0 4 40.038 7.211
0 5 31.467 8.182
0 6 38.144 5.483
0 7 26.245 0.592
0 8 70.797 0.558
0 9 44.486 7.627
0 10 42.303 1.571
0 11 45.307 0.488
0 12 47.079 2.399
0 13 26.935 3.464
0 14 46.864 1.493
0 15 32.45 7.958
0 16 44.696 0.242
0 17 37.951 6.245
0 18 41.009 3.597
0 19 32.735 6.927
0 20 29.423 1.822
0 21 29.093 2.039
0 22 44.788 7.69
0 23 89.624 0.183
0 24 62.103 0.72
0 25 55.08 0.756
0 26 29.316 8.152
0 27 41.577 6.56
0 28 40.772 0.97
0 29 29.439 1.017
0 30 30.687 2.708
0 31 39.314 2.846
0 32 25.94 2.871
0 33 43.477 1.149
0 34 43.869 2.893
0 35 41.335 1.641
0 36 38.316 3.083
0 37 41.087 7.469
0 38 31.407 7.64
0 39 41.424 2.595
0 40 35.453 2.312
0 41 39.078 5.37
0 42 48.773 6.768
0 43 26.957 8.239
0 44 29.242 3.347
0 45 32.64 2.033
0 46 36.923 2.001
0 47 40.865 3.339
0 48 25.232 6.439
0 49 45.664 7.958
1 2 39.624 7.019
1 3 37.693 2.879
1 4 38.496 1.084
1 5 37.79 7.283
1 6 34.447 4.003
1 7 46.315 2.509
1 8 37.301 2.512
1 9 32.468 8.061
1 10 32.981 0.857
1 11 39.15 6.39
1 12 35.022 5.88
1 13 38.271 3.835
1 14 42.415 5.339
1 15 42.63 2.981
1 16 27.843 7.728
1 17 37.455 0.203
1 18 48.698 1.506
1 19 43.007 4.061
1 20 46.594 4.458
1 21 43.176 0.057
1 22 44.129 1.76
1 23 26.083 8.295
1 24 28.295 3.501
1 25 44.868 2.472
1 26 40.31 3.269
1 27 26.925 6.43
1 28 40.135 8.19
1 29 30.895 3.067
1 30 32.302 7.085
1 31 46.426 3.198
1 32 28.471 1.508
1 33 27.897 7.441
1 34 38.763 0.74
1 35 28.74 7.904
1 36 30.713 4.427
1 37 26.203 7.44
1 38 39.164 0.375
1 39 44.853 3.691
1 40 38.159 7.352
1 41 31.482 1.218
1 42 39.087 8.56
1 43 82.644 8.675
1 44 31.663 0.784
1 45 25.471 3.026
1 46 29.696 2.588
1 47 42.168 7.596
1 48 34.177 6.074
1 49 26.225 7.725
2 3 99.55 8.593
2 4 26.041 6.681
2 5 31.716 2.143
2 6 27.813 4.809
2 7 99.509 0.529
2 8 45.477 2.353
2 9 35.554 4.464
2 10 31.495 8.116
2 11 31.566 5.177
2 12 83.458 0.496
2 13 34.949 6.571
2 14 27.156 7.857
2 15 27.687 2.589
2 16 40.863 3.999
2 17 96.827 0.905
2 18 41.131 6.896
2 19 39.827 1.911
2 20 32.655 2.892
2 21 46.922 1.285
2 22 31.639 8.44
2 23 35.664 7.65
2 24 27.297 1.049
2 25 41.822 8.144
2 26 37.927 4.694
2 27 29.116 3.11
2 28 32.308 7.443
2 29 28.655 4.315
2 30 36.135 1.889
2 31 29.579 8.18
2 32 46.899 3.154
2 33 28.449 6.864
2 34 37.312 0.122
2 35 40.949 3.372
2 36 84.964 0.373
2 37 25.676 3.905
2 38 35.056 8.459
2 39 29.077 6.493
2 40 43.891 6.317
2 41 33.602 1.912
2 42 90.658 0.512
2 43 36.676 5.131
2 44 48.627 0.749
2 45 25.165 2.776
2 46 29.547 7.405
2 47 44.077 0.592
2 48 34.117 2.222
2 49 33.337 0.404
3 4 47.138 6.023
3 5 25.056 0.78
3 6 48.042 3.033
3 7 28.789 0.416
3 8 60.625 0.769
3 9 41.855 4.949
3 10 31.023 5.296
3 11 35.003 4.857
3 12 28.046 1.692
3 13 25.693 7.599
3 14 33.653 8.015
3 15 41.646 4.883
3 16 29.757 3.428
3 17 42.804 4.368
3 18 36.934 0.289
3 19 41.908 0.491
3 20 42.72 2.932
3 21 30.626 4.433
3 22 40.094 8.524
3 23 96.017 0.63
3 24 98.791 0.808
3 25 96.643 0.257
3 26 45.597 6.928
3 27 27.965 1.759
3 28 39.256 7.917
3 29 30.186 3.854
3 30 41.788 4.045
3 31 38.954 5.706
3 32 32.17 1.472
3 33 26.372 0.271
3 34 37.903 7.794
3 35 45.858 4.074
3 36 25.344 0.294
3 37 32.844 2.017
3 38 28.807 2.404
3 39 40.193 6.837
3 40 43.782 4.778
3 41 42.67 6.386
3 42 41.927 7.622
3 43 44.224 3.099
3 44 47.834 3.786
3 45 46.592 5.543
3 46 28.996 4.464
3 47 48.458 4.862
3 48 45.036 1.52
3 49 33.777 5.375
4 5 61.307 8.635
4 6 27.575 4.347
4 7 42.129 7.038
4 8 36.525 7.331
4 9 34.306 7.538
4 10 29.747 6.968
4 11 33.731 0.215
4 12 26.714 1.631
4 13 34.32 5.235
4 14 61.707 8.675
4 15 48.741 4.15
4 16 32.35 5.423
4 17 31.304 0.807
4 18 46.803 5.708
4 19 31.096 2.915
4 20 36.577 7.061
4 21 32.108 1.317
4 22 43.659 5.721
4 23 29.661 8.259
4 24 41.577 2.235
4 25 26.462 0.7
4 26 38.209 1.2
4 27 27.037 4.712
4 28 38.529 3.556
4 29 30.56 5.871
4 30 47.355 2.015
4 31 29.337 7.198
4 32 42.26 1.24
4 33 40.357 7.276
4 34 40.051 1.643
4 35 33.379 7.31
4 36 25.127 0.911
4 37 42.871 0.899
4 38 38.227 3.214
4 39 41.323 6.189
4 40 46.358 5.887
4 41 46.095 4.243
4 42 41.325 2.218
4 43 46.499 2.123
4 44 44.286 7.624
4 45 26.566 4.761
4 46 45.078 1.831
4 47 31.724 5.261
4 48 34.607 6.051
4 49 33.385 4.039
5 6 44.317 0.575
5 7 31.405 5.067
5 8 33.693 3.181
5 9 76.99 0.667
5 10 25.725 4.145
5 11 31.084 2.168
5 12 39.631 1.114
5 13 46.555 2.481
5 14 46.588 3.452
5 15 45.157 0.617
5 16 35.39 7.19
5 17 34.011 5.307
5 18 39.508 1.807
5 19 41.626 0.945
5 20 35.361 4.12
5 21 98.813 1.028
5 22 27.089 1.747
5 23 38.215 1.523
5 24 28.41 8.064
5 25 25.114 5.534
5 26 31.764 3.583
5 27 29.605 3.298
5 28 35.111 1.152
5 29 40.443 6.741
5 30 26.198 1.774
5 31 26.692 8.417
5 32 27.82 2.744
5 33 47.691 1.718
5 34 39.464 2.812
5 35 47.75 3.527
5 36 30.772 1.066
5 37 81.77 0.889
5 38 36.634 0.393
5 39 84.524 0.743
5 40 41.717 0.373
5 41 46.412 5.925
5 42 36.656 7.37
5 43 25.992 2.346
5 44 48.79 4.185
5 45 48.209 5.528
5 46 40.25 3.277
5 47 31.151 2.926
5 48 47.952 2.817
5 49 40.54 7.492
6 7 99.852 8.635
6 8 45.403 6.443
6 9 48.674 0.747
6 10 27.353 2.966
6 11 32.649 6.049
6 12 37.837 2.301
6 13 28.583 4.847
6 14 37.844 7.326
6 15 37.035 6.009
6 16 25.136 7.116
6 17 44.02 5.321
6 18 46.309 4.014
6 19 32.858 2.963
6 20 44.808 0.494
6 21 42.349 3.74
6 22 79.386 0.936
6 23 38.556 0.097
6 24 28.358 7.183
6 25 27.173 0.282
6 26 37.721 5.671
6 27 48.464 0.557
6 28 44.93 5.96
6 29 26.619 4.955
6 30 88.667 0.341
6 31 90.713 0.971
6 32 41.79 2.681
6 33 32.253 0.744
6 34 27.853 1.328
6 35 43.779 4.31
6 36 44.09 2.292
6 37 27.977 8.023
6 38 41.553 7.341
6 39 27.526 6.939
6 40 48.045 5.135
6 41 37.622 7.479
6 42 32.856 5.401
6 43 36.445 0.931
6 44 44.263 7.339
6 45 41.527 3.181
6 46 27.74 6.331
6 47 79.233 0.919
6 48 42.338 4.635
6 49 31.529 3.12
7 8 25.698 6.882
7 9 29.494 8.303
7 10 41.919 5.258
7 11 34.223 1.149
7 12 92.716 0.728
7 13 45.201 5.5
7 14 48.961 0.963
7 15 25.049 0.922
7 16 39.563 8.303
7 17 60.692 0.526
7 18 31.828 2.982
7 19 26.068 3.761
7 20 41.384 3.145
7 21 46.39 0.686
7 22 29.98 0.867
7 23 44.0 1.159
7 24 37.912 3.367
7 25 40.733 7.076
7 26 31.374 3.181
7 27 48.919 6.543
7 28 37.857 7.03
7 29 40.894 6.492
7 30 36.426 7.828
7 31 45.123 6.7
7 32 40.142 0.249
7 33 39.48 7.42
7 34 36.965 6.669
7 35 30.808 8.017
7 36 65.138 0.963
7 37 29.122 4.221
7 38 46.658 1.876
7 39 26.864 5.014
7 40 25.351 1.308
7 41 44.237 0.775
7 42 83.808 0.285
7 43 32.219 5.159
7 44 44.779 2.355
7 45 34.95 7.287
7 46 32.164 0.076
7 47 48.909 2.472
7 48 48.11 5.518
7 49 44.627 0.404
8 9 99.847 8.62
8 10 45.98 8.433
8 11 36.101 1.208
8 12 31.333 5.247
8 13 35.513 3.159
8 14 35.426 1.72
8 15 29.24 3.307
8 16 34.977 0.893
8 17 29.76 6.853
8 18 33.022 3.564
8 19 46.419 0.214
8 20 42.614 3.446
8 21 36.124 3.695
8 22 38.242 6.139
8 23 51.124 0.775
8 24 56.356 0.823
8 25 76.449 0.3
8 26 36.638 2.867
8 27 44.564 3.854
8 28 30.26 5.029
8 29 44.861 8.543
8 30 25.817 5.726
8 31 30.254 3.911
8 32 43.175 3.081
8 33 38.935 0.729
8 34 40.302 8.039
8 35 30.223 5.955
8 36 42.195 6.45
8 37 38.768 0.983
8 38 27.5 6.43
8 39 47.57 8.063
8 40 43.469 5.914
8 41 31.06 4.611
8 42 30.176 4.322
8 43 46.214 4.065
8 44 30.446 2.818
8 45 25.545 1.519
8 46 33.381 6.54
8 47 43.253 1.255
8 48 36.04 3.591
8 49 27.755 4.545
9 10 28.15 3.795
9 11 44.525 4.616
9 12 34.366 1.976
9 13 32.17 5.687
9 14 45.24 4.07
9 15 34.331 5.755
9 16 35.013 1.814
9 17 46.498 7.581
9 18 39.286 2.289
9 19 34.446 0.544
9 20 37.213 4.23
9 21 94.104 1.078
9 22 44.166 0.239
9 23 42.395 2.344
9 24 44.592 5.334
9 25 27.416 3.872
9 26 27.98 3.143
9 27 33.967 7.153
9 28 31.486 0.851
9 29 25.849 5.241
9 30 27.401 1.417
9 31 44.972 6.269
9 32 37.637 0.501
9 33 28.915 4.596
9 34 40.614 4.081
9 35 48.377 1.969
9 36 44.823 2.582
9 37 70.074 0.547
9 38 48.435 7.39
9 39 98.597 1.12
9 40 43.972 6.325
9 41 43.656 5.24
9 42 44.793 3.891
9 43 25.519 7.42
9 44 34.58 2.304
9 45 31.778 7.832
9 46 32.122 4.487
9 47 36.155 1.312
9 48 37.133 1.285
9 49 29.713 8.063
10 11 72.569 8.638
10 12 32.15 8.015
10 13 43.236 7.798
10 14 38.892 6.07
10 15 44.13 5.199
10 16 41.395 1.433
10 17 41.091 6.049
10 18 48.928 4.34
10 19 63.677 1.851
10 20 43.263 6.378
10 21 30.852 4.655
10 22 37.955 6.32
10 23 44.627 2.943
10 24 31.674 2.248
10 25 35.087 4.077
10 26 28.434 0.187
10 27 27.235 0.998
10 28 31.915 8.343
10 29 40.029 6.478
10 30 43.936 5.964
10 31 43.403 4.004
10 32 45.91 7.582
10 33 46.25 7.099
10 34 71.785 1.623
10 35 40.07 5.722
10 36 29.757 2.765
10 37 28.987 3.505
10 38 35.852 8.52
10 39 42.082 6.289
10 40 47.92 4.592
10 41 34.914 3.309
10 42 48.591 3.56
10 43 26.384 2.064
10 44 37.762 4.108
10 45 47.552 7.224
10 46 56.696 1.145
10 47 46.32 1.968
10 48 31.873 7.166
10 49 28.345 6.58
11 12 30.857 6.955
11 13 42.969 1.671
11 14 29.956 4.065
11 15 25.273 1.25
11 16 32.829 2.543
11 17 47.803 2.259
11 18 43.875 8.506
11 19 41.877 2.048
11 20 51.031 2.19
11 21 31.37 6.837
11 22 36.083 7.901
11 23 39.44 2.5
11 24 36.994 5.639
11 25 45.672 5.887
11 26 37.929 4.96
11 27 46.111 8.34
11 28 39.733 2.032
11 29 34.508 7.716
11 30 39.177 0.186
11 31 45.682 0.722
11 32 32.503 2.98
11 33 40.25 5.408
11 34 31.967 4.771
11 35 46.438 1.126
11 36 37.757 6.443
11 37 46.475 0.952
11 38 30.766 4.501
11 39 37.815 2.17
11 40 25.026 0.384
11 41 33.664 7.429
11 42 33.694 0.093
11 43 28.284 7.484
11 44 63.723 0.775
11 45 43.071 7.113
11 46 43.821 5.618
11 47 46.792 4.068
11 48 27.688 2.487
11 49 63.462 2.203
12 13 99.888 8.642
12 14 47.077 4.328
12 15 42.185 8.198
12 16 48.508 1.741
12 17 99.574 0.762
12 18 48.39 3.258
12 19 33.677 5.829
12 20 40.344 1.023
12 21 42.973 4.246
12 22 39.426 6.847
12 23 43.547 0.681
12 24 42.175 4.106
12 25 28.747 8.053
12 26 45.018 7.047
12 27 45.93 3.687
12 28 31.764 7.119
12 29 28.595 5.15
12 30 47.402 4.06
12 31 35.595 0.944
12 32 28.44 2.6
12 33 32.581 2.012
12 34 27.546 8.171
12 35 42.453 3.662
12 36 81.012 0.483
12 37 25.41 0.929
12 38 40.681 5.36
12 39 26.489 3.745
12 40 40.756 2.185
12 41 37.037 2.733
12 42 75.257 0.874
12 43 28.638 1.791
12 44 37.567 2.532
12 45 36.402 2.068
12 46 40.461 1.965
12 47 48.577 7.015
12 48 25.278 7.877
12 49 27.02 5.331
13 14 40.21 0.257
13 15 27.202 1.398
13 16 44.023 7.472
13 17 31.417 3.997
13 18 41.861 5.322
13 19 41.679 6.819
13 20 43.948 6.342
13 21 39.597 2.187
13 22 38.08 0.279
13 23 37.841 5.469
13 24 45.199 2.797
13 25 33.074 1.859
13 26 35.711 2.629
13 27 34.392 1.972
13 28 25.843 6.378
13 29 88.98 0.514
13 30 39.311 2.566
13 31 41.644 2.082
13 32 76.267 0.274
13 33 40.092 4.513
13 34 47.678 8.206
13 35 35.424 5.999
13 36 36.834 3.363
13 37 35.806 2.753
13 38 41.016 6.187
13 39 47.123 8.128
13 40 99.311 0.612
13 41 96.878 0.638
13 42 26.543 3.889
13 43 42.532 6.373
13 44 45.784 2.919
13 45 85.205 0.159
13 46 27.733 4.167
13 47 41.747 0.199
13 48 65.382 0.213
13 49 39.794 5.326
14 15 70.966 8.585
14 16 46.063 7.632
14 17 43.309 3.578
14 18 46.183 8.594
14 19 29.269 0.162
14 20 27.069 5.761
14 21 32.824 6.197
14 22 36.752 1.15
14 23 29.988 1.768
14 24 36.991 2.235
14 25 39.34 3.763
14 26 35.543 6.733
14 27 39.998 6.528
14 28 37.592 3.876
14 29 32.386 4.571
14 30 39.859 6.57
14 31 34.841 0.828
14 32 26.704 6.929
14 33 33.034 1.588
14 34 40.717 1.401
14 35 36.654 2.907
14 36 47.293 2.612
14 37 48.028 4.855
14 38 41.936 4.126
14 39 42.08 8.148
14 40 37.343 2.511
14 41 29.273 8.502
14 42 46.636 6.008
14 43 38.93 8.398
14 44 32.911 2.956
14 45 41.779 1.831
14 46 30.578 5.936
14 47 34.035 0.509
14 48 44.159 5.429
14 49 46.762 3.58
15 16 33.412 1.582
15 17 43.375 6.005
15 18 46.278 7.402
15 19 27.263 6.775
15 20 38.824 0.989
15 21 43.394 1.574
15 22 40.144 1.744
15 23 48.288 5.75
15 24 48.587 3.576
15 25 39.598 1.809
15 26 81.591 0.763
15 27 79.417 0.872
15 28 47.77 0.456
15 29 43.865 1.844
15 30 43.065 2.981
15 31 41.775 1.963
15 32 46.487 3.359
15 33 35.961 7.252
15 34 41.477 7.946
15 35 95.372 1.005
15 36 45.237 2.228
15 37 34.305 4.425
15 38 55.136 1.118
15 39 39.335 4.249
15 40 29.772 1.16
15 41 43.951 2.828
15 42 41.612 6.559
15 43 36.184 1.641
15 44 39.622 5.235
15 45 43.205 2.664
15 46 39.27 1.344
15 47 30.379 3.82
15 48 35.358 0.466
15 49 32.437 5.699
16 17 99.7 8.625
16 18 76.927 1.402
16 19 45.636 7.198
16 20 43.692 3.133
16 21 44.387 2.295
16 22 27.142 4.303
16 23 46.908 5.629
16 24 37.42 5.101
16 25 42.247 3.853
16 26 33.737 1.817
16 27 41.391 2.521
16 28 74.226 2.043
16 29 37.692 2.998
16 30 29.089 8.058
16 31 34.764 8.377
16 32 25.494 6.716
16 33 82.57 0.967
16 34 41.462 6.653
16 35 41.421 2.434
16 36 31.694 5.645
16 37 37.3 3.334
16 38 46.313 6.854
16 39 31.979 5.373
16 40 25.239 5.64
16 41 25.155 1.558
16 42 39.405 6.588
16 43 42.151 7.273
16 44 46.864 0.968
16 45 48.554 2.103
16 46 35.083 3.778
16 47 35.805 1.952
16 48 36.292 0.333
16 49 40.865 6.081
17 18 37.625 4.774
17 19 34.527 6.231
17 20 25.187 6.266
17 21 38.438 0.202
17 22 36.215 7.553
17 23 31.073 6.209
17 24 33.012 4.159
17 25 45.374 0.32
17 26 33.294 3.852
17 27 48.562 5.104
17 28 32.58 3.985
17 29 32.321 1.234
17 30 42.453 4.94
17 31 27.976 1.475
17 32 38.702 4.4
17 33 33.914 7.844
17 34 33.303 2.968
17 35 35.341 3.667
17 36 88.891 0.242
17 37 31.616 0.446
17 38 46.954 5.772
17 39 38.894 4.231
17 40 46.746 5.306
17 41 35.272 2.055
17 42 79.438 0.325
17 43 37.33 4.988
17 44 40.531 7.315
17 45 33.79 0.874
17 46 40.337 4.8
17 47 32.869 1.246
17 48 47.265 1.777
17 49 38.683 1.25
18 19 99.823 8.598
18 20 40.274 0.714
18 21 30.147 4.32
18 22 41.547 6.179
18 23 27.89 8.343
18 24 36.019 1.844
18 25 35.103 0.672
18 26 36.488 3.774
18 27 40.655 2.944
18 28 73.243 0.92
18 29 31.949 1.887
18 30 27.437 5.02
18 31 30.969 2.875
18 32 35.808 3.885
18 33 88.826 1.248
18 34 40.985 1.836
18 35 41.369 8.134
18 36 36.616 5.986
18 37 40.819 4.442
18 38 26.886 7.724
18 39 26.708 5.224
18 40 38.093 5.431
18 41 30.802 6.076
18 42 41.476 0.67
18 43 44.498 1.196
18 44 29.59 2.108
18 45 40.613 3.041
18 46 28.363 6.761
18 47 48.721 0.695
18 48 38.382 1.405
18 49 41.49 4.366
19 20 47.709 1.099
19 21 31.934 7.751
19 22 30.286 7.909
19 23 43.708 3.874
19 24 46.246 5.455
19 25 45.691 0.832
19 26 29.805 1.574
19 27 30.726 4.638
19 28 26.106 0.934
19 29 27.831 7.108
19 30 32.021 1.363
19 31 43.255 1.034
19 32 28.477 8.359
19 33 37.987 2.181
19 34 80.905 1.84
19 35 41.625 2.292
19 36 48.503 6.966
19 37 27.436 8.275
19 38 33.114 1.538
19 39 29.737 6.882
19 40 35.531 4.787
19 41 26.441 8.166
19 42 36.717 5.654
19 43 47.08 0.085
19 44 45.735 4.52
19 45 30.264 4.742
19 46 60.815 0.643
19 47 37.551 2.746
19 48 42.716 2.096
19 49 34.448 8.458
20 21 98.971 8.593
20 22 45.191 5.334
20 23 47.585 7.126
20 24 28.924 6.834
20 25 29.027 1.616
20 26 41.898 2.586
20 27 35.714 5.313
20 28 48.314 6.849
20 29 36.719 6.402
20 30 32.077 0.412
20 31 33.758 2.505
20 32 36.0 8.292
20 33 47.003 2.851
20 34 41.26 5.08
20 35 47.263 0.172
20 36 48.176 7.914
20 37 48.797 3.213
20 38 47.259 6.826
20 39 39.659 7.502
20 40 28.844 1.548
20 41 40.192 7.986
20 42 45.11 7.463
20 43 39.413 1.489
20 44 98.281 1.011
20 45 35.19 8.076
20 46 43.321 1.664
20 47 31.628 8.439
20 48 30.142 0.692
20 49 73.415 1.049
21 22 39.147 7.78
21 23 29.212 5.085
21 24 33.818 6.732
21 25 46.441 8.118
21 26 28.948 2.041
21 27 28.797 0.289
21 28 26.741 4.835
21 29 37.254 5.166
21 30 38.056 8.483
21 31 27.231 1.641
21 32 38.536 2.099
21 33 31.7 5.029
21 34 43.732 2.733
21 35 47.624 7.776
21 36 48.155 5.874
21 37 94.084 0.386
21 38 36.49 5.085
21 39 74.238 1.133
21 40 28.305 5.876
21 41 30.25 1.407
21 42 44.4 4.899
21 43 44.462 6.494
21 44 35.374 4.436
21 45 31.398 1.037
21 46 46.586 4.921
21 47 42.928 7.876
21 48 44.628 1.848
21 49 39.586 6.363
22 23 98.732 8.656
22 24 48.335 0.336
22 25 30.75 2.743
22 26 43.269 3.467
22 27 36.254 0.547
22 28 47.105 2.513
22 29 46.65 8.124
22 30 86.879 0.833
22 31 83.683 1.264
22 32 43.98 4.138
22 33 38.95 8.256
22 34 29.363 4.947
22 35 25.942 0.495
22 36 31.637 2.705
22 37 47.005 2.445
22 38 42.25 5.946
22 39 32.975 5.773
22 40 33.152 5.953
22 41 48.998 6.315
22 42 34.882 5.987
22 43 40.073 1.519
22 44 37.184 1.066
22 45 30.589 0.083
22 46 47.321 0.599
22 47 77.832 0.352
22 48 48.486 7.251
22 49 28.654 4.323
23 24 97.656 0.705
23 25 75.965 0.317
23 26 34.862 2.267
23 27 39.771 8.482
23 28 35.829 6.022
23 29 28.293 3.342
23 30 45.49 0.616
23 31 43.934 2.377
23 32 35.806 7.286
23 33 33.31 6.894
23 34 27.39 2.78
23 35 32.691 7.626
23 36 47.757 2.5
23 37 40.097 8.371
23 38 34.577 7.929
23 39 42.792 4.35
23 40 30.331 4.308
23 41 25.162 7.299
23 42 34.61 5.28
23 43 33.708 2.05
23 44 32.231 0.169
23 45 31.826 7.299
23 46 25.171 3.678
23 47 26.506 6.709
23 48 28.217 7.939
23 49 35.564 0.137
24 25 61.146 0.761
24 26 99.463 8.626
24 27 26.173 5.524
24 28 31.023 2.962
24 29 34.114 4.367
24 30 34.573 8.473
24 31 41.07 2.699
24 32 48.067 7.526
24 33 46.333 5.535
24 34 33.51 6.45
24 35 37.061 4.427
24 36 25.739 6.323
24 37 47.463 4.638
24 38 41.905 0.899
24 39 47.453 1.008
24 40 47.541 7.01
24 41 48.572 3.873
24 42 41.469 5.617
24 43 25.285 7.21
24 44 42.415 5.333
24 45 47.563 7.113
24 46 26.469 1.249
24 47 27.541 1.232
24 48 26.018 6.529
24 49 44.28 2.421
25 26 99.112 8.619
25 27 41.86 0.174
25 28 39.343 3.686
25 29 29.498 6.433
25 30 46.948 6.68
25 31 44.457 1.279
25 32 43.631 2.997
25 33 35.507 0.58
25 34 37.942 0.917
25 35 34.652 6.965
25 36 31.458 5.978
25 37 44.987 3.71
25 38 38.764 5.894
25 39 39.662 4.502
25 40 32.178 6.394
25 41 35.209 1.784
25 42 32.762 0.576
25 43 29.919 7.962
25 44 36.714 6.874
25 45 28.889 7.297
25 46 29.446 1.081
25 47 36.892 2.987
25 48 31.172 6.266
25 49 48.45 4.933
26 27 75.123 1.307
26 28 35.379 6.798
26 29 29.239 5.571
26 30 43.149 7.042
26 31 42.686 2.315
26 32 35.034 5.259
26 33 35.435 8.491
26 34 47.609 7.86
26 35 51.491 0.701
26 36 32.681 5.701
26 37 33.858 0.386
26 38 97.902 0.288
26 39 43.484 0.087
26 40 45.253 4.815
26 41 47.513 2.926
26 42 43.536 1.643
26 43 39.625 7.335
26 44 47.512 4.645
26 45 44.307 0.31
26 46 25.044 6.66
26 47 34.083 6.995
26 48 29.754 7.123
26 49 41.071 1.495
27 28 80.065 8.623
27 29 38.265 4.483
27 30 26.327 7.009
27 31 28.993 6.827
27 32 29.341 3.971
27 33 46.902 4.013
27 34 32.839 4.017
27 35 67.461 0.714
27 36 48.545 0.101
27 37 45.046 4.364
27 38 51.686 0.631
27 39 38.686 7.708
27 40 37.503 6.763
27 41 33.923 3.578
27 42 31.03 2.432
27 43 34.028 5.361
27 44 42.0 6.526
27 45 26.105 3.607
27 46 30.477 6.589
27 47 43.671 6.527
27 48 33.034 1.135
27 49 32.866 4.252
28 29 46.238 8.553
28 30 28.486 2.941
28 31 31.647 2.371
28 32 36.316 6.304
28 33 72.808 2.093
28 34 38.685 4.611
28 35 29.098 0.682
28 36 42.922 8.133
28 37 41.997 5.51
28 38 33.757 0.261
28 39 30.8 5.94
28 40 27.409 6.597
28 41 48.984 0.135
28 42 29.833 4.929
28 43 31.181 3.473
28 44 37.664 5.4
28 45 31.65 2.951
28 46 37.159 0.949
28 47 45.07 4.11
28 48 38.851 2.309
28 49 46.097 2.428
29 30 99.7 8.645
29 31 35.81 5.792
29 32 99.657 0.229
29 33 39.641 7.285
29 34 40.919 4.365
29 35 42.93 8.294
29 36 28.37 5.856
29 37 46.844 5.563
29 38 41.839 7.552
29 39 28.245 6.255
29 40 92.346 0.288
29 41 59.097 0.63
29 42 34.055 7.967
29 43 38.691 8.512
29 44 43.732 0.177
29 45 54.189 0.442
29 46 28.418 8.529
29 47 40.873 6.943
29 48 70.013 0.644
29 49 47.694 3.613
30 31 94.146 0.741
30 32 48.927 4.918
30 33 41.287 4.905
30 34 41.165 6.086
30 35 36.03 4.964
30 36 45.717 4.626
30 37 48.263 1.302
30 38 28.07 4.048
30 39 36.595 7.554
30 40 39.203 2.796
30 41 42.422 2.353
30 42 44.45 5.018
30 43 36.693 4.874
30 44 41.276 3.922
30 45 42.01 0.29
30 46 47.537 3.478
30 47 62.629 0.987
30 48 45.738 5.01
30 49 29.266 3.969
31 32 99.887 8.627
31 33 30.384 1.311
31 34 44.151 7.235
31 35 44.944 5.987
31 36 37.115 0.662
31 37 26.787 4.085
31 38 29.559 8.234
31 39 47.522 7.786
31 40 29.757 0.832
31 41 32.232 2.423
31 42 36.987 8.115
31 43 37.379 0.713
31 44 32.143 3.709
31 45 32.083 1.653
31 46 47.977 3.376
31 47 97.873 1.327
31 48 44.725 5.242
31 49 36.662 4.607
32 33 29.368 5.591
32 34 47.322 0.366
32 35 46.09 3.109
32 36 41.934 0.604
32 37 32.925 7.696
32 38 30.791 8.316
32 39 25.756 7.663
32 40 61.362 0.184
32 41 77.379 0.628
32 42 35.111 6.012
32 43 48.869 3.571
32 44 46.944 1.25
32 45 72.565 0.488
32 46 33.232 8.186
32 47 43.61 6.892
32 48 70.792 0.565
32 49 30.098 2.735
33 34 96.497 8.592
33 35 47.523 5.156
33 36 47.011 5.093
33 37 42.11 7.972
33 38 43.946 7.949
33 39 44.709 1.733
33 40 34.635 2.688
33 41 36.83 5.295
33 42 25.21 0.638
33 43 38.226 7.171
33 44 45.892 0.302
33 45 26.786 3.744
33 46 35.238 1.436
33 47 48.415 4.293
33 48 41.605 8.233
33 49 40.49 0.64
34 35 39.583 7.393
34 36 33.155 7.779
34 37 44.077 6.266
34 38 47.786 1.034
34 39 41.275 1.288
34 40 36.57 1.519
34 41 29.573 6.428
34 42 39.666 5.994
34 43 32.218 3.697
34 44 27.553 0.276
34 45 41.269 1.9
34 46 86.622 1.572
34 47 31.795 2.622
34 48 42.796 1.252
34 49 39.547 0.902
35 36 99.53 8.666
35 37 32.847 3.777
35 38 58.854 1.271
35 39 26.308 4.618
35 40 38.948 8.217
35 41 43.281 7.563
35 42 28.231 4.977
35 43 27.348 6.726
35 44 27.432 6.113
35 45 32.507 6.894
35 46 44.166 0.24
35 47 47.329 4.286
35 48 42.71 3.91
35 49 39.922 1.332
36 37 26.299 4.54
36 38 26.932 1.691
36 39 33.769 6.312
36 40 39.777 6.843
36 41 27.811 3.95
36 42 76.659 0.665
36 43 31.203 6.83
36 44 42.848 5.87
36 45 30.273 2.607
36 46 45.906 1.963
36 47 33.593 7.224
36 48 41.237 0.704
36 49 40.361 8.208
37 38 98.291 8.629
37 39 93.512 1.08
37 40 26.616 3.543
37 41 27.296 1.431
37 42 46.147 5.821
37 43 40.822 4.421
37 44 29.673 3.497
37 45 46.27 8.017
37 46 33.466 6.992
37 47 27.518 0.199
37 48 26.117 3.414
37 49 30.227 1.482
38 39 32.998 6.2
38 40 25.874 3.357
38 41 28.771 8.194
38 42 30.379 7.207
38 43 27.008 5.833
38 44 45.274 1.315
38 45 30.227 6.137
38 46 25.36 6.585
38 47 35.254 4.589
38 48 25.214 1.891
38 49 47.245 0.54
39 40 99.384 8.647
39 41 32.674 8.139
39 42 30.542 7.182
39 43 37.263 0.27
39 44 27.228 0.614
39 45 35.053 6.003
39 46 40.188 7.414
39 47 43.875 6.053
39 48 28.361 0.482
39 49 44.684 0.131
40 41 91.217 0.553
40 42 38.702 1.657
40 43 36.658 5.417
40 44 41.231 4.075
40 45 54.647 0.219
40 46 36.284 6.836
40 47 34.217 0.733
40 48 69.744 0.366
40 49 29.463 2.506
41 42 99.13 8.625
41 43 45.696 4.016
41 44 43.604 3.185
41 45 53.607 0.424
41 46 38.606 8.051
41 47 48.148 6.904
41 48 74.002 0.273
41 49 25.697 5.482
42 43 44.011 5.931
42 44 40.608 4.096
42 45 32.584 8.467
42 46 26.808 4.431
42 47 35.483 6.955
42 48 30.452 6.059
42 49 46.632 1.505
43 44 95.047 8.577
43 45 34.164 4.929
43 46 44.535 4.262
43 47 47.485 6.75
43 48 29.8 5.404
43 49 40.241 0.09
44 45 27.05 4.827
44 46 37.867 7.47
44 47 39.731 1.878
44 48 29.881 2.642
44 49 81.488 1.445
45 46 87.831 8.671
45 47 45.036 7.099
45 48 83.826 0.324
45 49 25.256 7.51
46 47 41.201 2.012
46 48 31.9 3.54
46 49 29.7 0.286
47 48 98.715 8.664
47 49 46.897 2.707
48 49 46.016 1.25