50
75.017
0 1 51.17 0.43
0 2 69.033 0.402
0 3 57.637 0.335
0 4 51.198 0.264
0 5 54.647 0.456
0 6 53.174 0.267
0 7 44.079 0.636
0 8 44.484 0.784
0 9 42.562 0.484
0 10 49.121 0.86
0 11 57.237 0.739
0 12 54.236 0.544
0 13 42.265 0.457
0 14 48.32 0.898
0 15 46.17 0.667
0 16 40.198 0.755
0 17 56.153 0.482
0 18 46.235 0.509
0 19 52.09 0.773
0 20 40.302 0.758
0 21 46.444 0.933
0 22 44.505 0.636
0 23 53.461 0.56
0 24 47.096 0.49
0 25 49.715 0.636
0 26 40.743 0.74
0 27 54.32 0.546
0 28 46.204 0.496
0 29 52.703 0.822
0 30 59.903 0.701
0 31 59.804 0.918
0 32 59.227 0.817
0 33 46.857 0.908
0 34 48.465 0.863
0 35 45.729 0.649
0 36 51.233 0.661
0 37 43.257 0.593
0 38 52.677 0.607
0 39 51.31 0.517
0 40 44.722 0.936
0 41 47.747 0.859
0 42 48.805 0.449
0 43 40.212 0.925
0 44 55.956 0.9
0 45 50.157 0.601
0 46 50.566 0.958
0 47 48.629 0.681
0 48 48.87 0.715
0 49 48.325 0.878
1 2 72.735 0.382
1 3 70.898 0.409
1 4 57.045 0.293
1 5 64.221 0.471
1 6 65.58 0.485
1 7 54.399 0.939
1 8 46.732 0.985
1 9 41.661 0.652
1 10 43.885 0.971
1 11 58.838 0.696
1 12 43.581 0.967
1 13 54.517 0.7
1 14 52.373 0.98
1 15 44.735 0.612
1 16 57.935 0.83
1 17 59.377 0.861
1 18 56.53 0.8
1 19 51.421 0.936
1 20 51.707 0.59
1 21 49.767 0.869
1 22 48.071 0.76
1 23 50.487 0.65
1 24 55.723 0.536
1 25 41.342 0.449
1 26 49.42 0.598
1 27 54.954 0.58
1 28 55.957 0.71
1 29 41.119 0.965
1 30 48.146 0.955
1 31 47.116 0.662
1 32 53.104 0.928
1 33 45.54 0.732
1 34 53.087 0.591
1 35 55.241 0.616
1 36 54.731 0.787
1 37 49.784 0.712
1 38 48.923 0.919
1 39 40.98 0.602
1 40 40.226 0.737
1 41 45.862 0.663
1 42 48.101 0.931
1 43 49.311 0.972
1 44 51.036 0.499
1 45 51.623 0.951
1 46 40.948 0.54
1 47 56.468 0.953
1 48 40.638 0.481
1 49 56.064 0.917
2 3 67.125 0.269
2 4 73.854 0.353
2 5 69.059 0.41
2 6 59.563 0.377
2 7 47.802 0.586
2 8 48.7 0.538
2 9 40.999 0.944
2 10 59.293 0.858
2 11 51.743 0.49
2 12 48.635 0.801
2 13 45.632 0.946
2 14 48.804 0.725
2 15 51.475 0.884
2 16 51.776 0.476
2 17 45.82 0.833
2 18 46.634 0.873
2 19 58.44 0.943
2 20 59.83 0.449
2 21 45.163 0.488
2 22 42.926 0.84
2 23 43.278 0.67
2 24 56.583 0.839
2 25 40.394 0.494
2 26 55.645 0.532
2 27 47.557 0.795
2 28 41.476 0.686
2 29 53.969 0.831
2 30 40.978 0.822
2 31 51.868 0.624
2 32 49.202 0.925
2 33 48.389 0.906
2 34 54.433 0.934
2 35 45.568 0.61
2 36 58.918 0.729
2 37 46.2 0.602
2 38 56.571 0.749
2 39 57.722 0.892
2 40 57.489 0.464
2 41 49.469 0.5
2 42 51.98 0.762
2 43 41.372 0.487
2 44 51.321 0.703
2 45 45.791 0.942
2 46 40.432 0.914
2 47 58.664 0.589
2 48 48.277 0.463
2 49 49.348 0.92
3 4 69.329 0.393
3 5 71.68 0.249
3 6 59.087 0.476
3 7 42.357 0.693
3 8 43.277 0.528
3 9 44.449 0.608
3 10 44.018 0.939
3 11 59.27 0.469
3 12 48.771 0.835
3 13 57.143 0.859
3 14 43.251 0.765
3 15 43.788 0.871
3 16 57.481 0.467
3 17 41.999 0.719
3 18 55.279 0.651
3 19 55.386 0.634
3 20 56.815 0.614
3 21 41.148 0.697
3 22 54.776 0.633
3 23 54.404 0.868
3 24 45.857 0.618
3 25 58.698 0.512
3 26 52.441 0.84
3 27 49.893 0.56
3 28 54.645 0.945
3 29 42.621 0.781
3 30 45.607 0.599
3 31 53.482 0.714
3 32 42.888 0.531
3 33 49.49 0.61
3 34 44.571 0.865
3 35 51.562 0.822
3 36 46.484 0.821
3 37 43.837 0.88
3 38 45.629 0.963
3 39 43.535 0.621
3 40 56.318 0.506
3 41 52.921 0.991
3 42 48.611 0.785
3 43 50.048 0.738
3 44 56.573 0.667
3 45 45.655 0.98
3 46 49.412 0.754
3 47 51.075 0.977
3 48 55.716 0.796
3 49 40.391 0.944
4 5 55.521 0.466
4 6 74.103 0.27
4 7 51.063 0.894
4 8 40.63 0.814
4 9 56.515 0.543
4 10 42.059 0.708
4 11 50.278 0.809
4 12 47.29 0.939
4 13 59.467 0.833
4 14 46.882 0.914
4 15 48.566 0.932
4 16 48.228 0.881
4 17 52.784 0.449
4 18 49.631 0.923
4 19 57.881 0.728
4 20 52.47 0.568
4 21 53.721 0.925
4 22 57.676 0.7
4 23 46.533 0.659
4 24 59.57 0.598
4 25 48.635 0.891
4 26 59.386 0.648
4 27 45.16 0.803
4 28 55.789 0.775
4 29 59.074 0.767
4 30 40.785 0.523
4 31 41.776 0.624
4 32 51.717 0.465
4 33 49.203 0.891
4 34 57.414 0.562
4 35 58.519 0.713
4 36 49.526 0.491
4 37 46.453 0.641
4 38 40.554 0.46
4 39 50.684 0.575
4 40 54.164 0.507
4 41 44.782 0.937
4 42 56.1 0.773
4 43 42.711 0.665
4 44 56.06 0.741
4 45 49.741 0.573
4 46 50.368 0.959
4 47 57.198 0.856
4 48 42.888 0.97
4 49 44.854 0.796
5 6 71.131 0.295
5 7 51.631 0.55
5 8 47.341 0.636
5 9 44.366 0.67
5 10 56.761 0.801
5 11 52.007 0.735
5 12 41.79 0.481
5 13 43.118 0.894
5 14 59.701 0.573
5 15 50.094 0.974
5 16 42.948 0.663
5 17 40.539 0.775
5 18 50.332 0.715
5 19 58.4 0.622
5 20 50.165 0.941
5 21 49.045 0.576
5 22 40.637 0.65
5 23 53.661 0.888
5 24 57.279 0.628
5 25 58.466 0.637
5 26 56.981 0.761
5 27 44.581 0.606
5 28 58.747 0.481
5 29 48.009 0.532
5 30 53.753 0.76
5 31 53.567 0.931
5 32 48.883 0.983
5 33 51.582 0.944
5 34 59.925 0.652
5 35 45.746 0.946
5 36 48.802 0.853
5 37 57.807 0.71
5 38 50.443 0.491
5 39 59.453 0.573
5 40 41.256 0.969
5 41 50.845 0.965
5 42 42.255 0.875
5 43 46.254 0.474
5 44 55.422 0.584
5 45 50.525 0.904
5 46 47.453 0.846
5 47 55.258 0.531
5 48 50.034 0.823
5 49 46.474 0.788
6 7 44.723 0.746
6 8 41.58 0.529
6 9 53.64 0.525
6 10 47.909 0.688
6 11 44.216 0.45
6 12 54.23 0.815
6 13 57.227 0.81
6 14 57.858 0.971
6 15 51.572 0.578
6 16 48.463 0.493
6 17 52.307 0.963
6 18 45.564 0.518
6 19 47.947 0.91
6 20 50.4 0.583
6 21 56.112 0.45
6 22 58.192 0.797
6 23 46.645 0.692
6 24 53.331 0.819
6 25 45.485 0.472
6 26 43.437 0.493
6 27 47.439 0.735
6 28 53.311 0.48
6 29 50.833 0.732
6 30 42.194 0.709
6 31 40.893 0.633
6 32 40.219 0.605
6 33 58.316 0.659
6 34 44.284 0.515
6 35 48.225 0.719
6 36 52.44 0.937
6 37 44.306 0.949
6 38 46.815 0.499
6 39 53.416 0.564
6 40 45.901 0.876
6 41 50.978 0.452
6 42 51.764 0.597
6 43 44.137 0.667
6 44 53.279 0.864
6 45 53.528 0.779
6 46 46.065 0.72
6 47 41.018 0.709
6 48 53.922 0.693
6 49 48.917 0.969
7 8 58.259 0.296
7 9 50.294 0.255
7 10 50.557 0.301
7 11 51.976 0.446
7 12 61.085 0.282
7 13 53.137 0.365
7 14 54.863 0.694
7 15 50.958 0.7
7 16 56.931 0.905
7 17 55.805 0.509
7 18 50.58 0.699
7 19 57.438 0.797
7 20 51.22 0.719
7 21 45.54 0.511
7 22 51.767 0.448
7 23 55.011 0.635
7 24 53.328 0.575
7 25 59.667 0.862
7 26 55.799 0.46
7 27 56.774 0.497
7 28 45.929 0.699
7 29 58.243 0.771
7 30 43.693 0.511
7 31 53.267 0.703
7 32 41.402 0.657
7 33 49.503 0.891
7 34 52.563 0.51
7 35 41.512 0.514
7 36 56.547 0.872
7 37 55.581 0.799
7 38 45.424 0.539
7 39 43.51 0.792
7 40 49.89 0.588
7 41 57.763 0.769
7 42 55.617 0.765
7 43 53.026 0.922
7 44 48.427 0.805
7 45 44.59 0.525
7 46 45.678 0.921
7 47 53.299 0.574
7 48 59.759 0.907
7 49 48.257 0.844
8 9 73.812 0.356
8 10 50.618 0.341
8 11 51.66 0.383
8 12 62.063 0.424
8 13 73.986 0.359
8 14 56.997 0.962
8 15 47.07 0.883
8 16 50.214 0.782
8 17 45.455 0.456
8 18 43.952 0.935
8 19 45.066 0.723
8 20 41.419 0.78
8 21 43.183 0.794
8 22 46.836 0.777
8 23 43.804 0.506
8 24 48.615 0.692
8 25 55.964 0.898
8 26 45.124 0.488
8 27 42.208 0.457
8 28 57.337 0.786
8 29 58.286 0.889
8 30 50.352 0.762
8 31 48.387 0.699
8 32 43.677 0.653
8 33 56.38 0.709
8 34 46.609 0.935
8 35 47.097 0.929
8 36 45.705 0.892
8 37 45.764 0.929
8 38 47.852 0.593
8 39 43.751 0.904
8 40 53.521 0.768
8 41 49.979 0.707
8 42 52.234 0.935
8 43 50.221 0.788
8 44 46.191 0.821
8 45 50.753 0.785
8 46 45.394 0.858
8 47 44.192 0.823
8 48 55.931 0.508
8 49 54.624 0.986
9 10 70.349 0.331
9 11 63.415 0.397
9 12 68.083 0.329
9 13 71.053 0.425
9 14 44.926 0.517
9 15 42.783 0.472
9 16 46.071 0.955
9 17 56.953 0.726
9 18 52.857 0.941
9 19 58.267 0.937
9 20 43.026 0.615
9 21 42.537 0.979
9 22 40.078 0.811
9 23 47.735 0.921
9 24 47.734 0.923
9 25 46.811 0.717
9 26 57.903 0.642
9 27 47.104 0.81
9 28 42.203 0.869
9 29 45.021 0.92
9 30 48.505 0.607
9 31 48.375 0.516
9 32 50.773 0.742
9 33 44.378 0.5
9 34 50.81 0.614
9 35 54.522 0.966
9 36 52.153 0.98
9 37 48.533 0.498
9 38 45.854 0.572
9 39 47.915 0.89
9 40 43.964 0.899
9 41 41.429 0.878
9 42 48.714 0.897
9 43 47.1 0.692
9 44 41.149 0.549
9 45 45.3 0.526
9 46 46.448 0.535
9 47 41.844 0.652
9 48 52.102 0.486
9 49 56.242 0.588
10 11 52.926 0.435
10 12 67.252 0.422
10 13 74.912 0.355
10 14 54.338 0.463
10 15 56.262 0.832
10 16 58.891 0.479
10 17 55.155 0.774
10 18 52.97 0.607
10 19 58.652 0.842
10 20 48.136 0.532
10 21 45.344 0.76
10 22 49.475 0.674
10 23 44.0 0.646
10 24 50.854 0.521
10 25 46.633 0.459
10 26 55.885 0.937
10 27 54.801 0.457
10 28 47.013 0.887
10 29 42.249 0.483
10 30 55.451 0.968
10 31 52.212 0.617
10 32 46.568 0.937
10 33 45.597 0.823
10 34 44.472 0.568
10 35 59.766 0.935
10 36 48.68 0.75
10 37 44.006 0.601
10 38 52.933 0.912
10 39 47.621 0.745
10 40 58.37 0.631
10 41 41.915 0.631
10 42 43.546 0.59
10 43 51.634 0.536
10 44 49.645 0.908
10 45 51.449 0.47
10 46 57.524 0.811
10 47 53.048 0.708
10 48 56.258 0.86
10 49 50.624 0.847
11 12 50.578 0.44
11 13 69.334 0.478
11 14 59.654 0.476
11 15 57.733 0.608
11 16 51.64 0.982
11 17 44.718 0.549
11 18 59.939 0.634
11 19 56.956 0.808
11 20 58.752 0.587
11 21 56.446 0.951
11 22 42.394 0.833
11 23 52.913 0.541
11 24 44.881 0.537
11 25 46.609 0.773
11 26 40.861 0.946
11 27 42.077 0.593
11 28 45.717 0.644
11 29 45.2 0.82
11 30 49.186 0.737
11 31 55.14 0.844
11 32 49.324 0.723
11 33 41.556 0.805
11 34 47.822 0.903
11 35 57.273 0.8
11 36 59.347 0.989
11 37 58.5 0.753
11 38 46.815 0.519
11 39 44.832 0.467
11 40 43.786 0.84
11 41 43.402 0.84
11 42 40.533 0.472
11 43 44.391 0.568
11 44 50.506 0.823
11 45 43.751 0.792
11 46 42.581 0.824
11 47 40.083 0.944
11 48 49.905 0.653
11 49 57.274 0.597
12 13 54.566 0.269
12 14 40.57 0.693
12 15 52.647 0.629
12 16 54.176 0.919
12 17 46.337 0.627
12 18 42.129 0.586
12 19 52.277 0.492
12 20 47.452 0.509
12 21 48.743 0.834
12 22 58.929 0.62
12 23 56.347 0.932
12 24 42.459 0.533
12 25 40.008 0.514
12 26 50.071 0.864
12 27 57.524 0.643
12 28 48.441 0.757
12 29 59.472 0.65
12 30 49.165 0.679
12 31 59.891 0.539
12 32 50.395 0.552
12 33 42.681 0.567
12 34 54.148 0.922
12 35 59.477 0.676
12 36 55.061 0.491
12 37 46.689 0.502
12 38 43.631 0.957
12 39 56.477 0.74
12 40 42.482 0.981
12 41 57.336 0.61
12 42 50.212 0.586
12 43 53.531 0.77
12 44 59.653 0.597
12 45 47.172 0.83
12 46 47.322 0.904
12 47 47.512 0.597
12 48 51.234 0.529
12 49 59.969 0.514
13 14 43.836 0.691
13 15 49.091 0.561
13 16 45.348 0.716
13 17 52.714 0.582
13 18 45.302 0.902
13 19 58.995 0.716
13 20 55.74 0.717
13 21 51.777 0.927
13 22 51.909 0.888
13 23 53.163 0.784
13 24 43.951 0.836
13 25 50.112 0.747
13 26 41.433 0.703
13 27 51.673 0.883
13 28 45.89 0.501
13 29 57.878 0.985
13 30 50.876 0.972
13 31 50.654 0.751
13 32 55.617 0.665
13 33 44.994 0.767
13 34 59.643 0.8
13 35 49.787 0.861
13 36 54.897 0.536
13 37 41.348 0.894
13 38 46.352 0.961
13 39 46.587 0.88
13 40 42.501 0.656
13 41 55.035 0.967
13 42 59.662 0.567
13 43 47.136 0.551
13 44 51.263 0.538
13 45 56.462 0.471
13 46 55.016 0.524
13 47 46.166 0.644
13 48 52.525 0.783
13 49 58.185 0.941
14 15 52.85 0.417
14 16 52.914 0.396
14 17 68.001 0.266
14 18 73.34 0.457
14 19 55.95 0.431
14 20 67.584 0.399
14 21 47.294 0.801
14 22 57.253 0.454
14 23 55.219 0.504
14 24 40.123 0.799
14 25 57.395 0.982
14 26 49.072 0.509
14 27 53.107 0.648
14 28 45.73 0.973
14 29 49.69 0.768
14 30 42.358 0.64
14 31 52.348 0.61
14 32 52.638 0.816
14 33 55.71 0.62
14 34 42.244 0.847
14 35 53.647 0.594
14 36 59.317 0.737
14 37 45.184 0.777
14 38 48.339 0.739
14 39 49.056 0.971
14 40 45.922 0.691
14 41 57.406 0.784
14 42 41.762 0.805
14 43 58.307 0.846
14 44 51.312 0.538
14 45 55.887 0.647
14 46 50.624 0.529
14 47 41.577 0.909
14 48 47.055 0.82
14 49 57.535 0.753
15 16 70.568 0.358
15 17 67.964 0.342
15 18 50.575 0.393
15 19 51.924 0.361
15 20 59.968 0.291
15 21 46.469 0.86
15 22 52.693 0.87
15 23 44.971 0.53
15 24 45.693 0.459
15 25 50.384 0.983
15 26 59.045 0.867
15 27 55.32 0.704
15 28 51.696 0.471
15 29 59.439 0.796
15 30 58.03 0.548
15 31 57.185 0.501
15 32 44.181 0.916
15 33 49.998 0.514
15 34 58.69 0.847
15 35 55.687 0.893
15 36 49.443 0.95
15 37 52.789 0.9
15 38 40.79 0.915
15 39 50.744 0.566
15 40 59.181 0.453
15 41 45.137 0.625
15 42 57.156 0.794
15 43 55.709 0.573
15 44 50.786 0.671
15 45 55.289 0.502
15 46 41.356 0.534
15 47 46.409 0.594
15 48 52.492 0.59
15 49 52.067 0.502
16 17 60.558 0.414
16 18 65.192 0.29
16 19 74.484 0.283
16 20 63.315 0.334
16 21 52.51 0.717
16 22 40.556 0.743
16 23 42.417 0.559
16 24 56.988 0.657
16 25 45.845 0.768
16 26 40.642 0.971
16 27 43.022 0.646
16 28 48.91 0.772
16 29 42.555 0.85
16 30 45.063 0.833
16 31 44.418 0.501
16 32 45.415 0.496
16 33 59.481 0.757
16 34 52.809 0.946
16 35 58.712 0.541
16 36 47.34 0.822
16 37 51.053 0.654
16 38 47.073 0.699
16 39 44.613 0.456
16 40 52.619 0.566
16 41 50.908 0.939
16 42 56.699 0.99
16 43 55.84 0.906
16 44 58.453 0.728
16 45 59.477 0.471
16 46 49.507 0.646
16 47 49.076 0.893
16 48 55.551 0.67
16 49 48.394 0.45
17 18 74.339 0.278
17 19 58.396 0.432
17 20 65.397 0.442
17 21 48.911 0.556
17 22 54.588 0.87
17 23 54.537 0.771
17 24 42.307 0.596
17 25 58.482 0.48
17 26 41.584 0.805
17 27 44.01 0.889
17 28 58.725 0.555
17 29 59.735 0.855
17 30 54.216 0.516
17 31 43.414 0.524
17 32 52.999 0.923
17 33 45.851 0.68
17 34 52.818 0.504
17 35 59.125 0.94
17 36 41.918 0.592
17 37 58.44 0.541
17 38 47.863 0.727
17 39 42.297 0.616
17 40 48.266 0.813
17 41 46.376 0.843
17 42 52.976 0.907
17 43 54.55 0.7
17 44 47.46 0.669
17 45 50.806 0.957
17 46 54.592 0.523
17 47 58.785 0.655
17 48 42.454 0.511
17 49 56.796 0.628
18 19 54.884 0.309
18 20 56.65 0.309
18 21 42.604 0.53
18 22 49.142 0.527
18 23 48.947 0.526
18 24 57.332 0.789
18 25 41.21 0.908
18 26 48.726 0.702
18 27 45.637 0.945
18 28 42.616 0.499
18 29 53.695 0.91
18 30 49.18 0.909
18 31 55.186 0.681
18 32 47.203 0.591
18 33 51.643 0.447
18 34 52.036 0.966
18 35 59.697 0.803
18 36 49.886 0.659
18 37 45.132 0.905
18 38 54.134 0.802
18 39 40.513 0.851
18 40 58.743 0.661
18 41 51.11 0.711
18 42 50.87 0.591
18 43 45.514 0.859
18 44 51.729 0.56
18 45 40.047 0.606
18 46 48.516 0.922
18 47 42.376 0.716
18 48 44.395 0.54
18 49 59.576 0.862
19 20 57.311 0.289
19 21 57.215 0.768
19 22 54.987 0.95
19 23 45.912 0.885
19 24 56.626 0.928
19 25 59.365 0.539
19 26 42.083 0.803
19 27 52.05 0.552
19 28 44.585 0.55
19 29 44.859 0.663
19 30 53.033 0.532
19 31 48.569 0.547
19 32 49.144 0.53
19 33 57.794 0.763
19 34 42.717 0.66
19 35 48.65 0.871
19 36 46.35 0.697
19 37 40.534 0.88
19 38 47.084 0.475
19 39 56.102 0.651
19 40 42.528 0.969
19 41 55.65 0.498
19 42 42.228 0.641
19 43 45.31 0.905
19 44 54.043 0.624
19 45 54.736 0.771
19 46 43.773 0.747
19 47 56.378 0.573
19 48 53.832 0.482
19 49 55.291 0.593
20 21 51.977 0.737
20 22 57.037 0.835
20 23 44.261 0.732
20 24 53.656 0.497
20 25 44.233 0.483
20 26 57.986 0.453
20 27 40.666 0.519
20 28 45.93 0.836
20 29 57.339 0.858
20 30 57.544 0.507
20 31 54.648 0.955
20 32 47.061 0.568
20 33 47.949 0.482
20 34 46.765 0.951
20 35 53.892 0.957
20 36 46.083 0.637
20 37 42.352 0.562
20 38 49.834 0.784
20 39 52.833 0.696
20 40 48.007 0.79
20 41 54.571 0.924
20 42 56.207 0.944
20 43 45.755 0.85
20 44 54.587 0.773
20 45 50.601 0.836
20 46 57.694 0.523
20 47 48.812 0.733
20 48 59.065 0.825
20 49 59.302 0.922
21 22 62.455 0.444
21 23 57.501 0.374
21 24 63.065 0.276
21 25 58.74 0.398
21 26 61.587 0.462
21 27 59.589 0.433
21 28 57.408 0.654
21 29 46.009 0.617
21 30 42.831 0.515
21 31 57.939 0.548
21 32 51.271 0.506
21 33 52.714 0.626
21 34 44.644 0.802
21 35 56.705 0.708
21 36 41.993 0.66
21 37 42.74 0.971
21 38 50.176 0.798
21 39 47.149 0.641
21 40 58.633 0.577
21 41 48.425 0.766
21 42 40.921 0.512
21 43 49.285 0.709
21 44 51.697 0.9
21 45 50.529 0.816
21 46 49.514 0.696
21 47 40.428 0.467
21 48 54.722 0.554
21 49 52.77 0.579
22 23 70.107 0.331
22 24 70.846 0.332
22 25 65.413 0.479
22 26 74.784 0.404
22 27 54.625 0.263
22 28 47.327 0.65
22 29 53.568 0.693
22 30 47.438 0.768
22 31 58.901 0.857
22 32 43.717 0.601
22 33 58.838 0.499
22 34 56.756 0.981
22 35 59.675 0.852
22 36 52.224 0.984
22 37 46.311 0.55
22 38 59.974 0.577
22 39 43.4 0.853
22 40 44.456 0.658
22 41 47.17 0.734
22 42 41.006 0.777
22 43 48.271 0.71
22 44 40.23 0.491
22 45 59.93 0.633
22 46 53.454 0.549
22 47 52.39 0.968
22 48 44.967 0.651
22 49 54.844 0.91
23 24 58.176 0.437
23 25 53.946 0.396
23 26 58.245 0.371
23 27 57.697 0.466
23 28 42.886 0.962
23 29 50.273 0.6
23 30 56.163 0.784
23 31 56.524 0.933
23 32 48.517 0.863
23 33 56.206 0.738
23 34 56.248 0.839
23 35 52.577 0.737
23 36 58.723 0.941
23 37 44.713 0.524
23 38 46.703 0.623
23 39 48.482 0.85
23 40 43.298 0.65
23 41 51.665 0.887
23 42 59.697 0.466
23 43 59.844 0.931
23 44 52.218 0.611
23 45 53.883 0.583
23 46 45.522 0.763
23 47 51.825 0.961
23 48 40.935 0.864
23 49 50.482 0.75
24 25 51.668 0.376
24 26 67.729 0.419
24 27 71.142 0.379
24 28 41.718 0.505
24 29 46.323 0.896
24 30 44.259 0.516
24 31 41.507 0.807
24 32 51.994 0.688
24 33 56.136 0.798
24 34 44.835 0.589
24 35 56.998 0.599
24 36 40.121 0.818
24 37 49.045 0.615
24 38 53.209 0.802
24 39 54.572 0.626
24 40 53.733 0.748
24 41 56.236 0.857
24 42 54.636 0.84
24 43 46.763 0.527
24 44 45.008 0.916
24 45 46.061 0.952
24 46 53.961 0.823
24 47 40.344 0.491
24 48 51.17 0.783
24 49 58.111 0.504
25 26 73.11 0.385
25 27 60.363 0.491
25 28 43.385 0.518
25 29 57.608 0.49
25 30 40.037 0.724
25 31 53.854 0.581
25 32 45.314 0.868
25 33 58.441 0.977
25 34 42.115 0.462
25 35 46.934 0.466
25 36 50.104 0.787
25 37 58.066 0.553
25 38 59.956 0.748
25 39 47.388 0.846
25 40 45.801 0.696
25 41 41.854 0.952
25 42 53.8 0.523
25 43 50.525 0.989
25 44 53.724 0.982
25 45 45.751 0.577
25 46 45.715 0.665
25 47 47.562 0.47
25 48 57.06 0.612
25 49 53.574 0.493
26 27 66.61 0.324
26 28 58.487 0.515
26 29 41.25 0.68
26 30 42.052 0.984
26 31 40.576 0.623
26 32 50.89 0.748
26 33 47.325 0.968
26 34 47.127 0.497
26 35 46.335 0.72
26 36 52.377 0.645
26 37 42.115 0.571
26 38 57.879 0.707
26 39 44.913 0.572
26 40 47.882 0.558
26 41 46.966 0.863
26 42 51.301 0.844
26 43 57.345 0.606
26 44 41.164 0.876
26 45 58.864 0.719
26 46 58.563 0.975
26 47 57.333 0.458
26 48 42.587 0.674
26 49 40.972 0.476
27 28 44.202 0.957
27 29 47.535 0.542
27 30 45.564 0.685
27 31 53.029 0.976
27 32 47.273 0.917
27 33 58.49 0.753
27 34 54.577 0.748
27 35 43.595 0.821
27 36 56.271 0.58
27 37 44.682 0.539
27 38 40.701 0.752
27 39 46.877 0.607
27 40 49.813 0.769
27 41 56.354 0.591
27 42 45.723 0.574
27 43 56.908 0.659
27 44 58.439 0.689
27 45 52.174 0.736
27 46 49.081 0.699
27 47 54.979 0.473
27 48 41.493 0.896
27 49 46.305 0.783
28 29 52.523 0.412
28 30 50.832 0.276
28 31 63.807 0.472
28 32 71.808 0.376
28 33 64.184 0.272
28 34 57.588 0.468
28 35 47.305 0.953
28 36 53.331 0.915
28 37 40.651 0.705
28 38 58.721 0.541
28 39 56.467 0.456
28 40 49.607 0.614
28 41 40.605 0.656
28 42 51.237 0.467
28 43 40.325 0.776
28 44 52.564 0.645
28 45 49.874 0.504
28 46 45.947 0.783
28 47 56.632 0.56
28 48 55.275 0.772
28 49 45.021 0.655
29 30 67.542 0.408
29 31 60.231 0.313
29 32 73.287 0.317
29 33 63.132 0.288
29 34 56.004 0.253
29 35 40.091 0.661
29 36 58.58 0.827
29 37 57.585 0.545
29 38 58.328 0.486
29 39 52.436 0.834
29 40 54.672 0.561
29 41 58.965 0.758
29 42 49.919 0.794
29 43 57.127 0.591
29 44 59.957 0.523
29 45 49.363 0.871
29 46 50.038 0.64
29 47 44.938 0.774
29 48 44.754 0.806
29 49 46.586 0.914
30 31 63.179 0.467
30 32 70.297 0.381
30 33 60.114 0.424
30 34 66.919 0.467
30 35 44.571 0.52
30 36 53.204 0.888
30 37 48.715 0.977
30 38 45.315 0.605
30 39 47.118 0.761
30 40 43.418 0.739
30 41 58.033 0.588
30 42 51.207 0.987
30 43 46.307 0.591
30 44 48.998 0.942
30 45 53.284 0.617
30 46 55.617 0.692
30 47 43.045 0.564
30 48 50.021 0.638
30 49 58.012 0.736
31 32 62.601 0.466
31 33 74.989 0.418
31 34 73.082 0.277
31 35 53.239 0.774
31 36 56.897 0.772
31 37 40.395 0.646
31 38 44.814 0.735
31 39 52.573 0.778
31 40 40.48 0.962
31 41 40.867 0.496
31 42 44.099 0.454
31 43 50.271 0.953
31 44 57.193 0.702
31 45 40.015 0.872
31 46 52.503 0.579
31 47 49.87 0.834
31 48 51.034 0.962
31 49 54.064 0.94
32 33 60.709 0.334
32 34 63.222 0.473
32 35 57.207 0.555
32 36 56.159 0.88
32 37 52.601 0.922
32 38 59.429 0.856
32 39 40.918 0.916
32 40 49.99 0.642
32 41 40.325 0.464
32 42 58.216 0.827
32 43 57.968 0.789
32 44 43.496 0.758
32 45 56.899 0.675
32 46 40.874 0.492
32 47 45.035 0.662
32 48 54.657 0.72
32 49 44.737 0.723
33 34 61.102 0.289
33 35 40.172 0.832
33 36 41.767 0.693
33 37 47.001 0.541
33 38 41.101 0.781
33 39 54.53 0.469
33 40 58.342 0.888
33 41 40.663 0.61
33 42 44.212 0.495
33 43 53.813 0.49
33 44 44.57 0.455
33 45 49.934 0.537
33 46 59.439 0.709
33 47 54.564 0.47
33 48 44.027 0.58
33 49 57.591 0.889
34 35 57.872 0.981
34 36 45.849 0.718
34 37 44.057 0.719
34 38 58.804 0.794
34 39 47.63 0.716
34 40 52.927 0.485
34 41 58.148 0.949
34 42 42.759 0.697
34 43 53.141 0.515
34 44 59.678 0.985
34 45 51.231 0.633
34 46 44.901 0.81
34 47 50.114 0.711
34 48 47.012 0.924
34 49 44.894 0.954
35 36 64.728 0.344
35 37 60.369 0.42
35 38 67.057 0.33
35 39 66.814 0.487
35 40 51.661 0.444
35 41 74.235 0.435
35 42 51.999 0.463
35 43 52.633 0.523
35 44 41.281 0.544
35 45 59.231 0.766
35 46 46.936 0.46
35 47 53.804 0.555
35 48 50.425 0.502
35 49 51.727 0.537
36 37 53.337 0.371
36 38 53.885 0.386
36 39 57.318 0.485
36 40 55.15 0.35
36 41 57.52 0.288
36 42 48.426 0.947
36 43 59.059 0.764
36 44 45.53 0.659
36 45 55.031 0.453
36 46 59.551 0.483
36 47 45.848 0.946
36 48 41.108 0.451
36 49 54.128 0.555
37 38 62.784 0.454
37 39 59.581 0.444
37 40 70.355 0.366
37 41 50.372 0.39
37 42 43.83 0.841
37 43 59.961 0.974
37 44 44.27 0.683
37 45 49.241 0.485
37 46 55.495 0.898
37 47 41.17 0.473
37 48 49.079 0.767
37 49 47.187 0.72
38 39 50.568 0.401
38 40 55.541 0.486
38 41 57.154 0.412
38 42 57.748 0.793
38 43 57.98 0.946
38 44 57.028 0.926
38 45 57.513 0.95
38 46 59.355 0.578
38 47 52.607 0.5
38 48 43.02 0.919
38 49 44.386 0.504
39 40 63.653 0.306
39 41 66.101 0.41
39 42 51.247 0.634
39 43 41.081 0.522
39 44 56.392 0.971
39 45 55.438 0.539
39 46 54.267 0.852
39 47 52.705 0.677
39 48 52.891 0.857
39 49 51.762 0.808
40 41 63.708 0.284
40 42 53.967 0.945
40 43 55.082 0.939
40 44 49.53 0.567
40 45 54.756 0.511
40 46 50.222 0.533
40 47 58.152 0.549
40 48 45.363 0.805
40 49 51.052 0.948
41 42 50.91 0.614
41 43 46.775 0.777
41 44 40.18 0.77
41 45 49.826 0.878
41 46 49.651 0.869
41 47 54.647 0.466
41 48 47.219 0.784
41 49 46.933 0.894
42 43 61.233 0.439
42 44 52.915 0.444
42 45 67.189 0.449
42 46 63.499 0.444
42 47 54.419 0.438
42 48 60.568 0.453
42 49 73.563 0.375
43 44 55.836 0.348
43 45 63.248 0.299
43 46 60.066 0.285
43 47 50.006 0.37
43 48 62.641 0.432
43 49 69.991 0.384
44 45 71.663 0.388
44 46 70.527 0.425
44 47 73.281 0.421
44 48 63.84 0.481
44 49 56.981 0.314
45 46 67.869 0.302
45 47 70.436 0.431
45 48 62.766 0.295
45 49 69.317 0.426
46 47 61.031 0.292
46 48 56.72 0.39
46 49 61.852 0.281
47 48 65.259 0.411
47 49 56.125 0.295
48 49 63.478 0.402