50
93
0 1 45.2 21.3
0 2 38.3 17.9
0 3 25.4 11.8
0 4 22.3 1.1
0 5 27.5 10.3
0 6 40.1 9.6
0 7 32.7 0.8
0 8 35.9 0.5
0 9 28.1 14.2
0 10 32.4 15.1
0 11 34.1 19.4
0 12 21.3 5.6
0 13 36.7 17.3
0 14 19.8 6.1
0 15 24.6 23.7
0 16 40.5 20.6
0 17 45.9 31.2
0 18 33.8 11.9
0 19 37.1 19.2
0 20 31.9 14.9
0 21 35.4 14.4
0 22 19.2 9.7
0 23 36.6 18.9
0 24 20.6 6
0 25 25.7 28.2
0 26 41.8 16.1
0 27 47.7 31.5
0 28 30.4 7.1
0 29 32.3 22.2
0 30 29.4 19.8
0 31 33.9 17.4
0 32 21.2 6.6
0 33 38.2 20.8
0 34 16.4 6.1
0 35 26.5 26.8
0 36 39.8 18.2
0 37 43.8 31.0
0 38 29.5 12.9
0 39 36.7 16.3
0 40 30.7 11.3
0 41 35.8 19.3
0 42 24.8 6
0 43 41.7 19.6
0 44 19.3 6
0 45 20.0 25.7
0 46 38.5 24.8
0 47 49.2 28.2
0 48 29.1 12.7
0 49 33.5 20.7
1 2 24.3 1.2
1 3 35.3 8.4
1 4 22.4 9.5
1 5 22.4 1.4
1 6 22.4 8.4
1 7 35.6 18.3
1 8 34.5 12.9
1 9 18.6 18.6
1 10 31.4 17.4
1 11 38.5 16.1
1 12 17.3 9.3
1 13 32.2 19.9
1 14 21.6 6.3
1 15 22.3 28.9
1 16 37.5 22.8
1 17 42.3 34.9
1 18 37.4 7.7
1 19 36.9 17.7
1 20 34.7 18.3
1 21 29.8 21.6
1 22 19.5 8.4
1 23 39.0 17.5
1 24 20.9 6
1 25 27.6 21.6
1 26 36.1 19.3
1 27 47.6 31.9
1 28 34.8 14.3
1 29 39.0 22.4
1 30 31.9 13.6
1 31 37.1 16.2
1 32 26.2 7.9
1 33 32.5 21.8
1 34 18.8 6
1 35 24.4 26.9
1 36 36.2 22.8
1 37 48.4 26.9
1 38 32.2 10.4
1 39 41.7 20.5
1 40 36.6 15.3
1 41 34.9 18.9
1 42 20.6 9.3
1 43 36.6 17.6
1 44 21.8 9.4
1 45 25.7 20.4
1 46 43.6 16.5
1 47 41.4 32.3
1 48 36.2 10.9
1 49 34.6 19.7
2 3 35.2 15.4
2 4 32.8 12.5
2 5 28.0 1.6
2 6 41.1 9.4
2 7 39.6 11.1
2 8 34.4 9.5
2 9 44.4 13.3
2 10 56.3 39.2
2 11 15.3 6.0
2 12 48.3 29.1
2 13 42.1 26.7
2 14 32.5 17.6
2 15 20.4 5.8
2 16 45.7 22.2
2 17 60.2 40.5
2 18 36.8 19.3
2 19 28.6 14.9
2 20 36.9 14.3
2 21 36.2 15.0
2 22 25.9 6
2 23 40.8 16.1
2 24 23.6 6
2 25 23.5 24.6
2 26 39.7 17.4
2 27 45.4 30.3
2 28 31.6 12.4
2 29 39.8 17.9
2 30 32.0 18.6
2 31 33.1 24.1
2 32 26.0 9.1
2 33 39.4 17.7
2 34 24.7 6.4
2 35 25.6 19.2
2 36 36.6 18.2
2 37 43.9 34.1
2 38 31.9 15.9
2 39 34.7 14.9
2 40 34.4 15.4
2 41 37.7 19.1
2 42 21.2 9.2
2 43 38.6 18.5
2 44 17.0 9.7
2 45 27.2 19.2
2 46 38.7 21.1
2 47 49.7 33.7
2 48 31.2 11.5
2 49 36.4 22.0
3 4 40.7 11.8
3 5 31.8 9.2
3 6 34.1 2.1
3 7 38.9 14.6
3 8 35.8 8.7
3 9 33.3 1.9
3 10 33.7 17.7
3 11 39.0 15.8
3 12 20.9 6.7
3 13 34.3 21.6
3 14 20.9 6.5
3 15 29.2 21.8
3 16 41.2 19.5
3 17 43.0 28.3
3 18 33.3 9.8
3 19 38.0 14.9
3 20 35.2 18.5
3 21 30.5 16.2
3 22 21.6 8.5
3 23 38.3 16.5
3 24 21.4 6.6
3 25 29.2 26.1
3 26 37.4 23.0
3 27 42.5 33.6
3 28 29.7 12.1
3 29 36.1 22.5
3 30 33.7 10.3
3 31 39.1 16.8
3 32 23.7 6
3 33 33.6 16.1
3 34 22.5 7.8
3 35 26.8 21.1
3 36 40.2 24.1
3 37 46.8 27.1
3 38 29.9 12.6
3 39 35.8 18.2
3 40 31.8 12.2
3 41 29.2 16.3
3 42 18.4 6.7
3 43 40.9 13.4
3 44 21.8 6
3 45 24.7 25.1
3 46 44.6 20.6
3 47 44.1 32.5
3 48 30.6 8.3
3 49 37.5 21.7
4 5 29.6 10.3
4 6 27.3 15.4
4 7 32.1 1.2
4 8 25.4 1.5
4 9 40.6 9.8
4 10 28.5 13.9
4 11 32.2 15.6
4 12 19.1 6.3
4 13 32.2 17.1
4 14 15.2 8.7
4 15 26.0 26.0
4 16 39.2 16.8
4 17 44.1 29.2
4 18 31.2 8.4
4 19 38.5 15.3
4 20 29.2 13.2
4 21 36.0 17.6
4 22 23.8 6
4 23 33.1 20.4
4 24 16.5 9.0
4 25 27.2 23.8
4 26 36.9 24.6
4 27 47.6 33.4
4 28 34.2 14.2
4 29 39.0 15.5
4 30 37.2 14.3
4 31 38.4 18.2
4 32 17.5 10.2
4 33 37.8 22.2
4 34 23.1 10.7
4 35 29.3 27.4
4 36 44.9 19.7
4 37 43.9 30.2
4 38 29.6 16.6
4 39 39.9 19.3
4 40 31.1 17.2
4 41 33.0 23.8
4 42 21.1 6
4 43 38.3 16.4
4 44 17.7 6
4 45 28.7 20.1
4 46 40.0 19.8
4 47 43.8 30.5
4 48 33.4 7.4
4 49 39.7 15.8
5 6 45.9 20.1
5 7 41.3 19.3
5 8 37.2 11.1
5 9 33.6 15.4
5 10 29.8 15.0
5 11 34.8 22.2
5 12 16.5 6.9
5 13 39.6 15.6
5 14 17.7 11.0
5 15 25.7 27.0
5 16 36.6 17.1
5 17 45.5 32.9
5 18 30.6 13.1
5 19 41.6 15.3
5 20 33.1 19.8
5 21 34.1 15.2
5 22 19.7 6
5 23 40.1 20.2
5 24 17.3 10.1
5 25 24.9 22.1
5 26 37.9 18.4
5 27 50.2 28.5
5 28 32.6 7.7
5 29 41.8 18.0
5 30 28.1 17.6
5 31 39.0 17.3
5 32 25.9 9.9
5 33 35.7 16.7
5 34 24.2 7.6
5 35 24.5 18.8
5 36 42.6 21.4
5 37 50.0 26.6
5 38 38.7 13.1
5 39 38.3 20.2
5 40 35.3 15.9
5 41 34.7 16.2
5 42 19.7 9.6
5 43 34.2 18.7
5 44 15.9 10.5
5 45 28.6 24.9
5 46 38.5 19.3
5 47 50.8 33.3
5 48 36.9 11.8
5 49 42.0 15.8
6 7 26.1 23.2
6 8 21.3 17.4
6 9 30.7 1.4
6 10 30.4 15.5
6 11 30.9 23.5
6 12 23.7 9.9
6 13 40.4 16.4
6 14 16.7 6
6 15 25.8 25.8
6 16 44.8 17.2
6 17 49.1 33.0
6 18 38.6 9.5
6 19 35.6 16.2
6 20 29.0 15.9
6 21 38.7 23.9
6 22 20.8 8.9
6 23 32.3 20.7
6 24 20.7 7.0
6 25 25.4 27.7
6 26 39.1 16.7
6 27 48.6 27.7
6 28 32.0 16.9
6 29 41.5 23.6
6 30 34.6 10.1
6 31 34.2 15.8
6 32 23.9 6
6 33 32.9 16.0
6 34 18.1 6
6 35 21.1 19.6
6 36 41.0 19.4
6 37 46.1 35.5
6 38 37.6 9.4
6 39 41.7 20.6
6 40 36.0 14.7
6 41 39.0 18.6
6 42 17.0 10.5
6 43 35.1 20.3
6 44 16.1 9.4
6 45 23.2 20.6
6 46 37.1 20.3
6 47 48.2 29.0
6 48 32.7 10.7
6 49 35.5 23.2
7 8 25.6 0.9
7 9 36.6 13.3
7 10 30.7 12.3
7 11 37.7 17.9
7 12 22.7 6
7 13 33.5 16.5
7 14 17.0 10.8
7 15 26.5 24.4
7 16 38.4 24.3
7 17 44.3 32.2
7 18 38.5 8.4
7 19 40.7 14.5
7 20 37.3 19.0
7 21 33.1 14.7
7 22 18.3 6
7 23 35.8 21.7
7 24 17.6 10.9
7 25 27.3 22.9
7 26 37.8 20.8
7 27 42.0 26.6
7 28 30.6 7.7
7 29 36.2 17.7
7 30 28.7 16.3
7 31 29.6 17.3
7 32 17.5 10.0
7 33 36.3 20.9
7 34 23.7 6
7 35 27.1 28.4
7 36 41.0 18.8
7 37 46.5 34.1
7 38 29.5 11.1
7 39 33.7 23.2
7 40 29.4 15.9
7 41 30.4 21.4
7 42 19.7 6
7 43 38.2 22.0
7 44 20.7 6
7 45 26.2 24.9
7 46 36.8 18.1
7 47 50.2 27.0
7 48 29.7 10.0
7 49 37.4 15.8
8 9 42.2 26.6
8 10 30.3 11.9
8 11 31.7 16.8
8 12 16.5 10.1
8 13 40.3 13.9
8 14 21.8 6
8 15 20.6 28.4
8 16 39.3 16.6
8 17 43.5 28.3
8 18 29.1 9.7
8 19 41.3 21.8
8 20 36.9 20.1
8 21 37.2 16.3
8 22 18.9 6
8 23 31.8 22.1
8 24 23.5 11.1
8 25 26.8 22.5
8 26 43.1 20.3
8 27 49.6 29.8
8 28 29.3 14.7
8 29 37.0 23.3
8 30 29.9 17.9
8 31 30.9 19.6
8 32 25.1 9.9
8 33 38.7 13.3
8 34 20.7 6
8 35 22.7 24.6
8 36 40.6 15.8
8 37 43.4 28.1
8 38 32.3 11.9
8 39 34.0 18.9
8 40 29.9 15.9
8 41 38.4 16.8
8 42 24.5 8.3
8 43 38.1 19.9
8 44 24.7 9.3
8 45 29.1 26.6
8 46 44.2 17.6
8 47 48.3 29.9
8 48 32.5 13.0
8 49 41.8 15.0
9 10 32.1 12.2
9 11 37.4 19.2
9 12 18.9 6
9 13 36.7 13.2
9 14 16.0 10.0
9 15 22.0 18.7
9 16 40.8 25.2
9 17 50.4 28.1
9 18 33.9 11.0
9 19 33.0 23.1
9 20 33.8 11.8
9 21 35.4 19.9
9 22 22.8 6
9 23 35.5 16.0
9 24 20.2 6.5
9 25 22.1 28.5
9 26 38.8 22.6
9 27 50.5 26.4
9 28 32.8 14.2
9 29 41.3 15.7
9 30 32.6 10.9
9 31 38.4 24.4
9 32 17.9 6
9 33 39.4 16.2
9 34 17.2 6
9 35 20.9 20.1
9 36 40.2 23.4
9 37 46.7 35.6
9 38 34.5 10.9
9 39 38.1 23.4
9 40 33.5 14.3
9 41 34.4 22.7
9 42 24.4 6
9 43 37.5 21.6
9 44 19.2 9.1
9 45 27.1 27.3
9 46 37.6 18.8
9 47 45.3 33.0
9 48 36.8 14.9
9 49 34.0 23.9
10 11 45.2 21.3
10 12 38.3 17.9
10 13 25.4 11.8
10 14 22.3 1.1
10 15 27.5 10.3
10 16 40.1 9.6
10 17 32.7 0.8
10 18 35.9 0.5
10 19 28.1 14.2
10 20 28.5 12.7
10 21 34.9 23.5
10 22 24.2 6
10 23 38.1 15.0
10 24 24.7 7.3
10 25 19.9 19.4
10 26 40.6 21.3
10 27 42.9 33.5
10 28 32.2 15.0
10 29 34.6 23.5
10 30 27.6 10.2
10 31 36.8 24.0
10 32 22.6 8.6
10 33 40.1 15.7
10 34 18.5 9.1
10 35 25.9 19.3
10 36 39.1 18.9
10 37 47.6 32.0
10 38 33.1 16.7
10 39 40.9 16.7
10 40 32.2 15.7
10 41 34.2 16.4
10 42 22.1 7.0
10 43 38.5 13.5
10 44 15.6 10.0
10 45 25.4 23.8
10 46 43.4 24.9
10 47 42.7 34.5
10 48 37.5 14.9
10 49 33.8 15.3
11 12 24.3 1.2
11 13 35.3 8.4
11 14 22.4 9.5
11 15 22.4 1.4
11 16 22.4 8.4
11 17 35.6 18.3
11 18 34.5 12.9
11 19 18.6 18.6
11 20 37.1 18.3
11 21 29.7 19.0
11 22 24.7 6.8
11 23 33.7 12.9
11 24 22.9 7.5
11 25 22.3 21.2
11 26 41.0 22.8
11 27 48.7 32.2
11 28 36.3 15.7
11 29 35.1 20.3
11 30 32.9 15.2
11 31 33.1 15.4
11 32 19.0 8.9
11 33 39.2 13.1
11 34 19.4 8.8
11 35 24.0 23.6
11 36 43.7 24.8
11 37 45.6 28.5
11 38 38.4 16.7
11 39 41.4 23.0
11 40 32.7 14.7
11 41 37.2 23.7
11 42 20.4 6
11 43 40.5 17.4
11 44 22.5 9.2
11 45 24.3 23.3
11 46 39.1 20.5
11 47 43.7 30.4
11 48 33.9 15.2
11 49 35.3 16.2
12 13 35.2 15.4
12 14 32.8 12.5
12 15 28.0 1.6
12 16 41.1 9.4
12 17 39.6 11.1
12 18 34.4 9.5
12 19 44.4 13.3
12 20 30.3 15.2
12 21 37.2 24.1
12 22 24.2 6
12 23 37.4 19.5
12 24 15.5 6.4
12 25 28.8 25.3
12 26 41.5 25.0
12 27 49.5 33.9
12 28 35.8 8.2
12 29 38.0 14.6
12 30 33.8 19.3
12 31 32.9 23.8
12 32 25.7 8.2
12 33 32.1 13.1
12 34 24.8 6
12 35 24.4 22.2
12 36 38.3 24.2
12 37 49.9 30.1
12 38 29.3 14.4
12 39 35.7 18.9
12 40 35.8 12.3
12 41 30.8 23.2
12 42 18.3 9.4
12 43 37.8 13.8
12 44 17.0 6
12 45 27.2 24.8
12 46 40.0 22.6
12 47 43.8 35.5
12 48 28.9 13.8
12 49 32.8 23.1
13 14 40.7 11.8
13 15 31.8 9.2
13 16 34.1 2.1
13 17 38.9 14.6
13 18 35.8 8.7
13 19 33.3 1.9
13 20 28.2 19.4
13 21 29.5 21.5
13 22 19.8 6
13 23 40.1 21.4
13 24 18.0 6
13 25 21.9 25.0
13 26 42.5 18.0
13 27 48.5 33.0
13 28 32.6 13.9
13 29 37.0 23.5
13 30 31.6 17.5
13 31 37.5 22.1
13 32 23.4 6
13 33 37.7 18.7
13 34 23.6 10.1
13 35 25.3 25.6
13 36 42.2 21.6
13 37 50.9 28.2
13 38 29.6 7.3
13 39 40.5 23.7
13 40 35.4 13.1
13 41 38.5 18.0
13 42 19.6 6
13 43 39.0 12.7
13 44 16.0 6.5
13 45 29.4 20.8
13 46 41.2 23.7
13 47 49.9 33.9
13 48 34.5 16.8
13 49 39.4 17.4
14 15 29.6 10.3
14 16 27.3 15.4
14 17 32.1 1.2
14 18 25.4 1.5
14 19 40.6 9.8
14 20 33.9 10.3
14 21 35.0 20.5
14 22 22.4 7.5
14 23 35.8 21.9
14 24 24.1 6
14 25 29.4 24.7
14 26 35.7 21.5
14 27 41.4 27.7
14 28 35.6 15.2
14 29 35.8 22.6
14 30 32.7 20.1
14 31 31.0 19.3
14 32 24.6 9.0
14 33 31.8 16.5
14 34 23.4 8.5
14 35 28.7 20.9
14 36 44.2 22.1
14 37 44.3 28.0
14 38 37.2 9.8
14 39 40.0 21.5
14 40 34.8 11.0
14 41 36.4 18.2
14 42 26.1 6.3
14 43 32.7 21.3
14 44 19.0 6
14 45 26.4 27.5
14 46 38.5 16.0
14 47 44.6 33.8
14 48 29.1 14.0
14 49 35.0 23.9
15 16 45.9 20.1
15 17 41.3 19.3
15 18 37.2 11.1
15 19 33.6 15.4
15 20 30.8 20.0
15 21 29.7 17.0
15 22 23.4 10.2
15 23 37.0 22.0
15 24 18.3 6
15 25 27.5 26.4
15 26 42.8 19.6
15 27 41.2 27.9
15 28 35.6 15.3
15 29 35.0 21.2
15 30 28.9 14.6
15 31 30.3 21.9
15 32 22.6 6
15 33 36.5 20.7
15 34 22.7 6
15 35 27.6 23.0
15 36 43.0 15.9
15 37 44.8 34.8
15 38 35.8 12.7
15 39 37.9 20.6
15 40 28.3 13.6
15 41 36.1 14.8
15 42 19.4 10.5
15 43 35.9 15.7
15 44 15.0 6
15 45 24.8 24.9
15 46 39.1 23.9
15 47 45.4 35.5
15 48 31.7 15.1
15 49 32.4 22.9
16 17 26.1 23.2
16 18 21.3 17.4
16 19 30.7 1.4
16 20 36.7 11.6
16 21 35.3 20.5
16 22 21.2 7.0
16 23 36.1 18.7
16 24 15.3 6
16 25 24.5 22.9
16 26 40.1 22.6
16 27 42.8 34.8
16 28 31.5 16.7
16 29 32.4 18.2
16 30 37.2 17.6
16 31 38.5 19.6
16 32 21.1 6
16 33 36.5 15.5
16 34 18.8 10.6
16 35 20.7 24.9
16 36 40.8 17.7
16 37 47.9 34.5
16 38 30.9 8.1
16 39 33.9 19.2
16 40 36.5 17.6
16 41 35.6 16.8
16 42 17.8 6
16 43 33.3 15.2
16 44 17.3 6
16 45 24.5 24.3
16 46 45.4 21.1
16 47 50.7 32.4
16 48 37.5 12.4
16 49 33.8 23.2
17 18 25.6 0.9
17 19 36.6 13.3
17 20 32.6 19.8
17 21 34.5 21.9
17 22 22.1 6
17 23 34.4 19.7
17 24 24.0 6
17 25 23.4 26.2
17 26 41.0 22.3
17 27 49.8 27.4
17 28 38.2 10.2
17 29 37.4 15.3
17 30 36.5 14.8
17 31 38.5 20.4
17 32 25.0 10.1
17 33 37.9 17.7
17 34 17.1 6.7
17 35 21.9 21.5
17 36 43.8 16.0
17 37 43.1 32.7
17 38 30.4 13.5
17 39 40.1 19.2
17 40 28.9 10.2
17 41 36.3 21.8
17 42 16.5 10.1
17 43 39.4 13.9
17 44 19.3 6.7
17 45 29.1 20.4
17 46 36.0 20.2
17 47 50.8 26.8
17 48 32.1 10.6
17 49 39.5 15.6
18 19 42.2 26.6
18 20 30.8 12.2
18 21 30.3 18.3
18 22 20.5 6
18 23 32.2 15.0
18 24 24.4 10.2
18 25 25.1 20.6
18 26 42.5 21.9
18 27 50.3 32.2
18 28 35.6 9.0
18 29 33.4 21.6
18 30 27.6 12.5
18 31 34.8 23.3
18 32 17.0 6
18 33 33.7 20.8
18 34 15.5 6
18 35 21.5 27.1
18 36 40.7 24.7
18 37 48.2 33.0
18 38 33.3 9.6
18 39 37.2 24.0
18 40 36.0 17.5
18 41 33.3 20.9
18 42 19.1 6
18 43 32.6 21.2
18 44 21.7 6
18 45 19.9 23.5
18 46 38.5 23.8
18 47 43.7 36.1
18 48 32.2 13.7
18 49 39.6 22.7
19 20 34.3 13.7
19 21 35.8 20.5
19 22 25.0 6.9
19 23 37.2 16.3
19 24 23.0 7.1
19 25 24.2 22.3
19 26 40.2 22.4
19 27 50.7 31.8
19 28 38.1 9.4
19 29 39.5 17.3
19 30 32.3 19.2
19 31 37.3 19.6
19 32 17.0 8.4
19 33 36.9 12.8
19 34 23.7 6
19 35 20.7 27.0
19 36 44.1 17.1
19 37 44.2 34.0
19 38 36.0 9.2
19 39 33.0 22.6
19 40 30.1 13.8
19 41 29.3 22.4
19 42 26.1 6
19 43 34.2 19.0
19 44 21.3 6
19 45 26.7 27.0
19 46 41.5 24.9
19 47 49.1 35.8
19 48 32.2 11.7
19 49 36.7 16.1
20 21 45.2 21.3
20 22 38.3 17.9
20 23 25.4 11.8
20 24 22.3 1.1
20 25 27.5 10.3
20 26 40.1 9.6
20 27 32.7 0.8
20 28 35.9 0.5
20 29 28.1 14.2
20 30 33.4 14.6
20 31 29.3 18.3
20 32 16.7 6
20 33 38.2 16.2
20 34 14.9 6
20 35 27.4 25.0
20 36 44.6 22.2
20 37 43.0 29.4
20 38 33.5 16.2
20 39 40.1 16.4
20 40 35.1 14.8
20 41 37.7 23.6
20 42 20.3 6
20 43 38.2 20.6
20 44 18.6 10.9
20 45 20.9 21.7
20 46 35.8 18.3
20 47 46.5 29.9
20 48 33.1 11.0
20 49 39.7 16.9
21 22 24.3 1.2
21 23 35.3 8.4
21 24 22.4 9.5
21 25 22.4 1.4
21 26 22.4 8.4
21 27 35.6 18.3
21 28 34.5 12.9
21 29 18.6 18.6
21 30 29.4 16.7
21 31 29.4 18.4
21 32 20.0 7.8
21 33 38.7 16.9
21 34 22.9 11.1
21 35 19.9 24.3
21 36 41.6 15.8
21 37 41.7 31.0
21 38 35.4 12.3
21 39 36.9 19.8
21 40 33.1 15.4
21 41 29.3 15.9
21 42 23.8 6.5
21 43 36.2 17.2
21 44 23.6 9.2
21 45 20.6 25.3
21 46 42.2 23.1
21 47 48.4 33.7
21 48 37.8 8.6
21 49 34.6 20.0
22 23 35.2 15.4
22 24 32.8 12.5
22 25 28.0 1.6
22 26 41.1 9.4
22 27 39.6 11.1
22 28 34.4 9.5
22 29 44.4 13.3
22 30 28.1 11.1
22 31 38.5 16.6
22 32 23.3 9.3
22 33 35.5 12.8
22 34 20.3 6
22 35 21.5 24.6
22 36 40.4 23.8
22 37 49.9 35.3
22 38 38.5 11.2
22 39 33.4 20.0
22 40 35.6 18.9
22 41 39.0 18.7
22 42 24.4 7.4
22 43 37.3 18.3
22 44 15.5 6
22 45 21.2 24.6
22 46 40.6 23.5
22 47 46.9 32.5
22 48 29.6 7.2
22 49 41.8 15.5
23 24 40.7 11.8
23 25 31.8 9.2
23 26 34.1 2.1
23 27 38.9 14.6
23 28 35.8 8.7
23 29 33.3 1.9
23 30 35.2 17.2
23 31 30.3 23.7
23 32 19.4 6
23 33 36.5 14.3
23 34 24.5 7.3
23 35 21.1 28.1
23 36 43.4 18.9
23 37 49.4 34.6
23 38 33.3 12.1
23 39 34.8 15.0
23 40 34.9 15.9
23 41 37.8 21.4
23 42 21.9 7.3
23 43 32.4 18.0
23 44 21.9 6
23 45 25.3 23.1
23 46 41.4 17.1
23 47 45.8 26.8
23 48 30.8 10.0
23 49 40.8 14.4
24 25 29.6 10.3
24 26 27.3 15.4
24 27 32.1 1.2
24 28 25.4 1.5
24 29 40.6 9.8
24 30 34.1 15.8
24 31 35.7 21.3
24 32 21.3 7.2
24 33 37.8 16.7
24 34 15.1 6
24 35 27.2 24.3
24 36 44.4 19.8
24 37 41.9 28.8
24 38 36.8 9.0
24 39 38.9 17.2
24 40 35.9 16.6
24 41 29.8 23.7
24 42 19.9 6.4
24 43 34.8 20.7
24 44 18.0 6
24 45 21.0 26.2
24 46 41.1 18.9
24 47 47.9 29.1
24 48 30.6 8.6
24 49 39.7 18.9
25 26 45.9 20.1
25 27 41.3 19.3
25 28 37.2 11.1
25 29 33.6 15.4
25 30 32.8 15.3
25 31 31.9 22.0
25 32 20.3 9.8
25 33 39.1 13.9
25 34 21.7 9.1
25 35 26.4 22.4
25 36 44.4 19.7
25 37 46.7 28.2
25 38 37.1 15.7
25 39 39.0 17.6
25 40 31.4 17.2
25 41 38.4 19.9
25 42 22.4 6
25 43 38.0 14.2
25 44 18.8 6
25 45 21.3 24.9
25 46 43.5 18.1
25 47 50.6 27.1
25 48 34.3 12.9
25 49 39.7 16.1
26 27 26.1 23.2
26 28 21.3 17.4
26 29 30.7 1.4
26 30 28.1 16.5
26 31 31.1 21.0
26 32 25.0 6
26 33 32.7 12.5
26 34 21.9 6
26 35 25.3 22.1
26 36 43.3 24.6
26 37 42.7 35.2
26 38 32.4 15.0
26 39 35.2 15.8
26 40 28.0 16.3
26 41 31.6 15.3
26 42 16.9 6
26 43 41.3 18.5
26 44 14.8 6.9
26 45 26.2 20.8
26 46 36.8 18.0
26 47 45.6 32.2
26 48 36.3 11.0
26 49 38.8 21.9
27 28 25.6 0.9
27 29 36.6 13.3
27 30 35.1 18.6
27 31 33.8 18.5
27 32 18.1 6
27 33 37.0 13.4
27 34 23.0 6.7
27 35 28.0 19.5
27 36 36.2 24.2
27 37 47.8 35.3
27 38 35.1 8.5
27 39 38.2 16.4
27 40 36.2 14.7
27 41 30.6 22.3
27 42 17.0 6
27 43 38.3 20.6
27 44 18.1 6
27 45 24.3 21.1
27 46 39.4 25.2
27 47 43.7 33.9
27 48 34.8 8.9
27 49 34.5 17.5
28 29 42.2 26.6
28 30 36.1 16.0
28 31 30.9 19.7
28 32 21.2 9.3
28 33 34.1 16.1
28 34 17.4 6.9
28 35 29.5 21.0
28 36 43.3 17.2
28 37 43.4 27.6
28 38 36.5 12.5
28 39 38.9 20.6
28 40 36.3 14.1
28 41 38.7 15.5
28 42 24.2 6
28 43 35.8 19.5
28 44 23.9 9.8
28 45 29.4 27.9
28 46 44.7 22.9
28 47 47.5 34.6
28 48 38.2 12.0
28 49 35.2 20.1
29 30 30.2 15.0
29 31 32.0 19.0
29 32 24.6 9.3
29 33 40.3 20.7
29 34 23.6 6
29 35 28.0 21.3
29 36 39.1 17.5
29 37 41.3 26.4
29 38 36.9 7.7
29 39 41.2 16.3
29 40 36.0 17.0
29 41 35.5 21.0
29 42 20.3 8.4
29 43 33.1 18.4
29 44 17.6 8.5
29 45 22.8 19.1
29 46 44.2 15.8
29 47 49.4 34.9
29 48 34.1 12.7
29 49 39.2 16.3
30 31 45.2 21.3
30 32 38.3 17.9
30 33 25.4 11.8
30 34 22.3 1.1
30 35 27.5 10.3
30 36 40.1 9.6
30 37 32.7 0.8
30 38 35.9 0.5
30 39 28.1 14.2
30 40 28.0 18.8
30 41 33.5 21.4
30 42 24.3 6
30 43 38.3 18.8
30 44 24.8 6
30 45 27.0 20.1
30 46 37.5 18.1
30 47 48.6 29.5
30 48 36.8 14.6
30 49 35.4 18.4
31 32 24.3 1.2
31 33 35.3 8.4
31 34 22.4 9.5
31 35 22.4 1.4
31 36 22.4 8.4
31 37 35.6 18.3
31 38 34.5 12.9
31 39 18.6 18.6
31 40 30.9 18.7
31 41 36.3 23.4
31 42 18.8 6.6
31 43 35.5 20.2
31 44 20.6 6
31 45 24.8 19.3
31 46 40.8 17.9
31 47 49.6 29.7
31 48 38.2 7.3
31 49 39.0 15.3
32 33 35.2 15.4
32 34 32.8 12.5
32 35 28.0 1.6
32 36 41.1 9.4
32 37 39.6 11.1
32 38 34.4 9.5
32 39 44.4 13.3
32 40 27.5 14.9
32 41 34.5 22.4
32 42 23.9 6
32 43 39.3 15.0
32 44 21.3 6
32 45 20.5 28.6
32 46 37.0 20.0
32 47 43.3 36.0
32 48 30.2 16.1
32 49 37.2 15.8
33 34 40.7 11.8
33 35 31.8 9.2
33 36 34.1 2.1
33 37 38.9 14.6
33 38 35.8 8.7
33 39 33.3 1.9
33 40 29.1 19.2
33 41 33.6 23.6
33 42 16.5 6.7
33 43 41.4 17.8
33 44 23.3 6
33 45 28.5 20.3
33 46 41.8 24.5
33 47 41.9 31.2
33 48 35.5 8.6
33 49 39.3 24.2
34 35 29.6 10.3
34 36 27.3 15.4
34 37 32.1 1.2
34 38 25.4 1.5
34 39 40.6 9.8
34 40 32.8 12.6
34 41 35.0 16.6
34 42 20.0 9.7
34 43 41.4 19.4
34 44 17.4 9.9
34 45 25.0 19.0
34 46 38.9 21.2
34 47 48.0 36.0
34 48 29.2 13.7
34 49 40.8 18.2
35 36 45.9 20.1
35 37 41.3 19.3
35 38 37.2 11.1
35 39 33.6 15.4
35 40 32.8 10.6
35 41 31.4 21.7
35 42 24.1 7.1
35 43 37.8 20.0
35 44 19.7 7.8
35 45 28.6 28.5
35 46 42.2 17.8
35 47 42.0 32.6
35 48 33.9 10.3
35 49 34.7 15.9
36 37 26.1 23.2
36 38 21.3 17.4
36 39 30.7 1.4
36 40 29.5 16.4
36 41 38.5 24.2
36 42 21.2 6
36 43 37.7 13.6
36 44 22.7 6
36 45 22.4 24.4
36 46 35.6 19.4
36 47 48.8 29.3
36 48 29.0 14.0
36 49 36.2 21.5
37 38 25.6 0.9
37 39 36.6 13.3
37 40 32.8 15.1
37 41 29.3 15.2
37 42 16.9 6.1
37 43 36.7 13.6
37 44 19.6 6
37 45 26.8 27.7
37 46 37.3 16.0
37 47 44.9 26.9
37 48 37.5 14.8
37 49 37.5 15.9
38 39 42.2 26.6
38 40 30.2 19.2
38 41 36.5 17.2
38 42 24.7 6.4
38 43 36.4 17.6
38 44 24.1 6
38 45 19.6 25.7
38 46 45.2 23.3
38 47 41.4 34.1
38 48 34.0 16.0
38 49 40.4 17.8
39 40 35.3 10.2
39 41 35.8 22.0
39 42 20.4 6
39 43 37.8 15.1
39 44 16.4 6
39 45 23.5 21.6
39 46 37.6 15.7
39 47 41.5 33.8
39 48 37.2 12.4
39 49 36.5 18.5
40 41 45.2 21.3
40 42 38.3 17.9
40 43 25.4 11.8
40 44 22.3 1.1
40 45 27.5 10.3
40 46 40.1 9.6
40 47 32.7 0.8
40 48 35.9 0.5
40 49 28.1 14.2
41 42 24.3 1.2
41 43 35.3 8.4
41 44 22.4 9.5
41 45 22.4 1.4
41 46 22.4 8.4
41 47 35.6 18.3
41 48 34.5 12.9
41 49 18.6 18.6
42 43 35.2 15.4
42 44 32.8 12.5
42 45 28.0 1.6
42 46 41.1 9.4
42 47 39.6 11.1
42 48 34.4 9.5
42 49 44.4 13.3
43 44 40.7 11.8
43 45 31.8 9.2
43 46 34.1 2.1
43 47 38.9 14.6
43 48 35.8 8.7
43 49 33.3 1.9
44 45 29.6 10.3
44 46 27.3 15.4
44 47 32.1 1.2
44 48 25.4 1.5
44 49 40.6 9.8
45 46 45.9 20.1
45 47 41.3 19.3
45 48 37.2 11.1
45 49 33.6 15.4
46 47 26.1 23.2
46 48 21.3 17.4
46 49 30.7 1.4
47 48 25.6 0.9
47 49 36.6 13.3
48 49 42.2 26.6