50
75.0
0 1 1 2
0 2 2 2
0 3 2 2
0 4 1 2
0 5 2 2
0 6 2 2
0 7 3 2
0 8 3 2
0 9 3 2
0 10 3 2
0 11 2 2
0 12 2 2
0 13 4 2
0 14 3 2
0 15 2 2
0 16 1 2
0 17 1 2
0 18 4 2
0 19 2 2
0 20 3 2
0 21 1 2
0 22 3 2
0 23 2 2
0 24 3 2
0 25 3 2
0 26 4 2
0 27 5 2
0 28 2 2
0 29 1 2
0 30 1 2
0 31 4 2
0 32 1 2
0 33 3 2
0 34 3 2
0 35 3 2
0 36 5 2
0 37 1 2
0 38 1 2
0 39 4 2
0 40 3 2
0 41 1 2
0 42 3 2
0 43 2 2
0 44 2 2
0 45 5 2
0 46 5 2
0 47 3 2
0 48 3 2
0 49 4 2
1 2 4 2
1 3 4 2
1 4 3 2
1 5 5 2
1 6 1 2
1 7 3 2
1 8 5 2
1 9 3 2
1 10 3 2
1 11 1 2
1 12 1 2
1 13 4 2
1 14 5 2
1 15 1 2
1 16 2 2
1 17 2 2
1 18 5 2
1 19 5 2
1 20 5 2
1 21 1 2
1 22 1 2
1 23 5 2
1 24 3 2
1 25 5 2
1 26 3 2
1 27 1 2
1 28 2 2
1 29 5 2
1 30 1 2
1 31 2 2
1 32 2 2
1 33 1 2
1 34 3 2
1 35 5 2
1 36 4 2
1 37 1 2
1 38 1 2
1 39 2 2
1 40 2 2
1 41 5 2
1 42 1 2
1 43 3 2
1 44 3 2
1 45 4 2
1 46 1 2
1 47 5 2
1 48 3 2
1 49 5 2
2 3 5 2
2 4 4 2
2 5 3 2
2 6 4 2
2 7 1 2
2 8 5 2
2 9 2 2
2 10 1 2
2 11 5 2
2 12 5 2
2 13 3 2
2 14 2 2
2 15 1 2
2 16 5 2
2 17 5 2
2 18 1 2
2 19 1 2
2 20 1 2
2 21 2 2
2 22 5 2
2 23 2 2
2 24 4 2
2 25 4 2
2 26 5 2
2 27 4 2
2 28 3 2
2 29 2 2
2 30 3 2
2 31 1 2
2 32 3 2
2 33 1 2
2 34 2 2
2 35 4 2
2 36 5 2
2 37 4 2
2 38 3 2
2 39 1 2
2 40 5 2
2 41 4 2
2 42 1 2
2 43 4 2
2 44 3 2
2 45 5 2
2 46 3 2
2 47 2 2
2 48 3 2
2 49 1 2
3 4 3 2
3 5 2 2
3 6 4 2
3 7 2 2
3 8 2 2
3 9 4 2
3 10 3 2
3 11 2 2
3 12 2 2
3 13 1 2
3 14 1 2
3 15 5 2
3 16 4 2
3 17 4 2
3 18 5 2
3 19 1 2
3 20 2 2
3 21 2 2
3 22 1 2
3 23 5 2
3 24 4 2
3 25 4 2
3 26 2 2
3 27 4 2
3 28 4 2
3 29 2 2
3 30 2 2
3 31 3 2
3 32 3 2
3 33 1 2
3 34 4 2
3 35 4 2
3 36 3 2
3 37 2 2
3 38 2 2
3 39 3 2
3 40 5 2
3 41 5 2
3 42 3 2
3 43 1 2
3 44 4 2
3 45 4 2
3 46 2 2
3 47 3 2
3 48 1 2
3 49 5 2
4 5 3 2
4 6 3 2
4 7 2 2
4 8 5 2
4 9 1 2
4 10 4 2
4 11 5 2
4 12 5 2
4 13 5 2
4 14 2 2
4 15 4 2
4 16 2 2
4 17 5 2
4 18 5 2
4 19 5 2
4 20 1 2
4 21 4 2
4 22 3 2
4 23 1 2
4 24 4 2
4 25 1 2
4 26 3 2
4 27 2 2
4 28 5 2
4 29 1 2
4 30 1 2
4 31 5 2
4 32 1 2
4 33 1 2
4 34 2 2
4 35 2 2
4 36 4 2
4 37 2 2
4 38 3 2
4 39 4 2
4 40 1 2
4 41 1 2
4 42 3 2
4 43 2 2
4 44 3 2
4 45 1 2
4 46 2 2
4 47 2 2
4 48 2 2
4 49 5 2
5 6 1 2
5 7 4 2
5 8 2 2
5 9 5 2
5 10 5 2
5 11 2 2
5 12 3 2
5 13 2 2
5 14 4 2
5 15 4 2
5 16 5 2
5 17 3 2
5 18 4 2
5 19 3 2
5 20 3 2
5 21 5 2
5 22 3 2
5 23 2 2
5 24 5 2
5 25 3 2
5 26 4 2
5 27 1 2
5 28 5 2
5 29 1 2
5 30 2 2
5 31 3 2
5 32 4 2
5 33 3 2
5 34 2 2
5 35 4 2
5 36 3 2
5 37 1 2
5 38 4 2
5 39 4 2
5 40 2 2
5 41 5 2
5 42 5 2
5 43 5 2
5 44 5 2
5 45 4 2
5 46 5 2
5 47 5 2
5 48 5 2
5 49 3 2
6 7 3 2
6 8 2 2
6 9 2 2
6 10 4 2
6 11 2 2
6 12 2 2
6 13 4 2
6 14 1 2
6 15 3 2
6 16 5 2
6 17 1 2
6 18 4 2
6 19 2 2
6 20 3 2
6 21 3 2
6 22 2 2
6 23 2 2
6 24 3 2
6 25 1 2
6 26 1 2
6 27 2 2
6 28 4 2
6 29 3 2
6 30 3 2
6 31 1 2
6 32 4 2
6 33 3 2
6 34 4 2
6 35 3 2
6 36 2 2
6 37 1 2
6 38 5 2
6 39 5 2
6 40 3 2
6 41 3 2
6 42 4 2
6 43 1 2
6 44 4 2
6 45 5 2
6 46 1 2
6 47 2 2
6 48 2 2
6 49 5 2
7 8 5 2
7 9 5 2
7 10 1 2
7 11 5 2
7 12 1 2
7 13 3 2
7 14 3 2
7 15 3 2
7 16 3 2
7 17 5 2
7 18 2 2
7 19 5 2
7 20 5 2
7 21 5 2
7 22 3 2
7 23 5 2
7 24 1 2
7 25 5 2
7 26 4 2
7 27 5 2
7 28 2 2
7 29 1 2
7 30 1 2
7 31 2 2
7 32 4 2
7 33 1 2
7 34 2 2
7 35 4 2
7 36 2 2
7 37 5 2
7 38 2 2
7 39 5 2
7 40 3 2
7 41 4 2
7 42 2 2
7 43 4 2
7 44 3 2
7 45 5 2
7 46 4 2
7 47 1 2
7 48 5 2
7 49 4 2
8 9 4 2
8 10 4 2
8 11 4 2
8 12 3 2
8 13 5 2
8 14 2 2
8 15 1 2
8 16 1 2
8 17 2 2
8 18 3 2
8 19 5 2
8 20 3 2
8 21 4 2
8 22 4 2
8 23 5 2
8 24 2 2
8 25 4 2
8 26 2 2
8 27 3 2
8 28 1 2
8 29 4 2
8 30 5 2
8 31 3 2
8 32 3 2
8 33 2 2
8 34 5 2
8 35 2 2
8 36 4 2
8 37 4 2
8 38 4 2
8 39 3 2
8 40 3 2
8 41 3 2
8 42 4 2
8 43 2 2
8 44 1 2
8 45 3 2
8 46 3 2
8 47 4 2
8 48 2 2
8 49 5 2
9 10 1 2
9 11 1 2
9 12 4 2
9 13 5 2
9 14 5 2
9 15 3 2
9 16 5 2
9 17 3 2
9 18 4 2
9 19 2 2
9 20 4 2
9 21 4 2
9 22 5 2
9 23 3 2
9 24 4 2
9 25 1 2
9 26 2 2
9 27 1 2
9 28 5 2
9 29 4 2
9 30 3 2
9 31 4 2
9 32 4 2
9 33 4 2
9 34 1 2
9 35 1 2
9 36 3 2
9 37 4 2
9 38 2 2
9 39 2 2
9 40 5 2
9 41 4 2
9 42 4 2
9 43 4 2
9 44 2 2
9 45 2 2
9 46 3 2
9 47 2 2
9 48 3 2
9 49 4 2
10 11 3 2
10 12 5 2
10 13 4 2
10 14 4 2
10 15 3 2
10 16 3 2
10 17 4 2
10 18 4 2
10 19 4 2
10 20 3 2
10 21 2 2
10 22 1 2
10 23 4 2
10 24 5 2
10 25 5 2
10 26 2 2
10 27 1 2
10 28 3 2
10 29 5 2
10 30 5 2
10 31 3 2
10 32 5 2
10 33 1 2
10 34 3 2
10 35 5 2
10 36 2 2
10 37 4 2
10 38 4 2
10 39 1 2
10 40 5 2
10 41 3 2
10 42 1 2
10 43 4 2
10 44 4 2
10 45 3 2
10 46 5 2
10 47 2 2
10 48 2 2
10 49 2 2
11 12 3 2
11 13 2 2
11 14 4 2
11 15 4 2
11 16 1 2
11 17 5 2
11 18 2 2
11 19 5 2
11 20 5 2
11 21 3 2
11 22 1 2
11 23 5 2
11 24 5 2
11 25 3 2
11 26 5 2
11 27 1 2
11 28 1 2
11 29 4 2
11 30 5 2
11 31 2 2
11 32 4 2
11 33 3 2
11 34 2 2
11 35 2 2
11 36 4 2
11 37 2 2
11 38 4 2
11 39 4 2
11 40 2 2
11 41 5 2
11 42 3 2
11 43 4 2
11 44 5 2
11 45 4 2
11 46 5 2
11 47 3 2
11 48 4 2
11 49 5 2
12 13 4 2
12 14 3 2
12 15 1 2
12 16 5 2
12 17 2 2
12 18 4 2
12 19 2 2
12 20 4 2
12 21 3 2
12 22 1 2
12 23 5 2
12 24 2 2
12 25 3 2
12 26 3 2
12 27 5 2
12 28 5 2
12 29 3 2
12 30 5 2
12 31 2 2
12 32 3 2
12 33 3 2
12 34 4 2
12 35 4 2
12 36 4 2
12 37 2 2
12 38 1 2
12 39 5 2
12 40 1 2
12 41 4 2
12 42 3 2
12 43 3 2
12 44 5 2
12 45 2 2
12 46 1 2
12 47 2 2
12 48 5 2
12 49 5 2
13 14 1 2
13 15 1 2
13 16 1 2
13 17 2 2
13 18 3 2
13 19 1 2
13 20 1 2
13 21 1 2
13 22 2 2
13 23 3 2
13 24 1 2
13 25 4 2
13 26 5 2
13 27 2 2
13 28 1 2
13 29 2 2
13 30 2 2
13 31 5 2
13 32 3 2
13 33 3 2
13 34 5 2
13 35 1 2
13 36 3 2
13 37 3 2
13 38 1 2
13 39 1 2
13 40 2 2
13 41 2 2
13 42 2 2
13 43 5 2
13 44 4 2
13 45 4 2
13 46 2 2
13 47 1 2
13 48 4 2
13 49 3 2
14 15 1 2
14 16 4 2
14 17 3 2
14 18 5 2
14 19 3 2
14 20 4 2
14 21 1 2
14 22 4 2
14 23 4 2
14 24 5 2
14 25 4 2
14 26 5 2
14 27 5 2
14 28 2 2
14 29 5 2
14 30 1 2
14 31 1 2
14 32 2 2
14 33 2 2
14 34 1 2
14 35 1 2
14 36 1 2
14 37 1 2
14 38 4 2
14 39 2 2
14 40 5 2
14 41 2 2
14 42 5 2
14 43 3 2
14 44 1 2
14 45 2 2
14 46 2 2
14 47 4 2
14 48 3 2
14 49 3 2
15 16 2 2
15 17 2 2
15 18 3 2
15 19 4 2
15 20 2 2
15 21 1 2
15 22 4 2
15 23 5 2
15 24 5 2
15 25 3 2
15 26 3 2
15 27 4 2
15 28 4 2
15 29 3 2
15 30 1 2
15 31 3 2
15 32 4 2
15 33 2 2
15 34 3 2
15 35 2 2
15 36 5 2
15 37 2 2
15 38 4 2
15 39 5 2
15 40 2 2
15 41 4 2
15 42 1 2
15 43 2 2
15 44 4 2
15 45 1 2
15 46 1 2
15 47 4 2
15 48 1 2
15 49 5 2
16 17 4 2
16 18 2 2
16 19 3 2
16 20 5 2
16 21 2 2
16 22 2 2
16 23 1 2
16 24 3 2
16 25 5 2
16 26 4 2
16 27 5 2
16 28 5 2
16 29 2 2
16 30 4 2
16 31 1 2
16 32 4 2
16 33 1 2
16 34 3 2
16 35 1 2
16 36 2 2
16 37 2 2
16 38 5 2
16 39 5 2
16 40 1 2
16 41 1 2
16 42 1 2
16 43 1 2
16 44 3 2
16 45 3 2
16 46 5 2
16 47 4 2
16 48 3 2
16 49 1 2
17 18 4 2
17 19 4 2
17 20 4 2
17 21 2 2
17 22 2 2
17 23 1 2
17 24 1 2
17 25 2 2
17 26 3 2
17 27 5 2
17 28 5 2
17 29 4 2
17 30 5 2
17 31 5 2
17 32 1 2
17 33 1 2
17 34 3 2
17 35 4 2
17 36 3 2
17 37 3 2
17 38 3 2
17 39 5 2
17 40 1 2
17 41 3 2
17 42 4 2
17 43 2 2
17 44 4 2
17 45 5 2
17 46 4 2
17 47 1 2
17 48 5 2
17 49 3 2
18 19 2 2
18 20 5 2
18 21 2 2
18 22 2 2
18 23 3 2
18 24 1 2
18 25 2 2
18 26 5 2
18 27 4 2
18 28 1 2
18 29 3 2
18 30 5 2
18 31 1 2
18 32 2 2
18 33 3 2
18 34 4 2
18 35 1 2
18 36 2 2
18 37 3 2
18 38 1 2
18 39 1 2
18 40 4 2
18 41 4 2
18 42 5 2
18 43 4 2
18 44 2 2
18 45 4 2
18 46 4 2
18 47 3 2
18 48 4 2
18 49 3 2
19 20 5 2
19 21 2 2
19 22 2 2
19 23 5 2
19 24 3 2
19 25 4 2
19 26 3 2
19 27 2 2
19 28 4 2
19 29 2 2
19 30 5 2
19 31 4 2
19 32 4 2
19 33 5 2
19 34 4 2
19 35 2 2
19 36 2 2
19 37 1 2
19 38 4 2
19 39 3 2
19 40 5 2
19 41 5 2
19 42 3 2
19 43 5 2
19 44 5 2
19 45 3 2
19 46 5 2
19 47 3 2
19 48 3 2
19 49 2 2
20 21 4 2
20 22 4 2
20 23 2 2
20 24 3 2
20 25 5 2
20 26 4 2
20 27 1 2
20 28 4 2
20 29 1 2
20 30 4 2
20 31 4 2
20 32 5 2
20 33 4 2
20 34 4 2
20 35 2 2
20 36 1 2
20 37 5 2
20 38 2 2
20 39 1 2
20 40 1 2
20 41 5 2
20 42 2 2
20 43 3 2
20 44 2 2
20 45 1 2
20 46 3 2
20 47 2 2
20 48 4 2
20 49 5 2
21 22 1 2
21 23 1 2
21 24 4 2
21 25 5 2
21 26 5 2
21 27 5 2
21 28 5 2
21 29 5 2
21 30 2 2
21 31 2 2
21 32 2 2
21 33 2 2
21 34 2 2
21 35 2 2
21 36 2 2
21 37 2 2
21 38 4 2
21 39 2 2
21 40 3 2
21 41 2 2
21 42 4 2
21 43 1 2
21 44 3 2
21 45 5 2
21 46 2 2
21 47 2 2
21 48 1 2
21 49 1 2
22 23 2 2
22 24 4 2
22 25 2 2
22 26 5 2
22 27 2 2
22 28 4 2
22 29 3 2
22 30 3 2
22 31 1 2
22 32 2 2
22 33 4 2
22 34 5 2
22 35 5 2
22 36 2 2
22 37 1 2
22 38 5 2
22 39 2 2
22 40 1 2
22 41 2 2
22 42 3 2
22 43 3 2
22 44 5 2
22 45 3 2
22 46 3 2
22 47 3 2
22 48 5 2
22 49 2 2
23 24 1 2
23 25 2 2
23 26 5 2
23 27 4 2
23 28 5 2
23 29 1 2
23 30 4 2
23 31 1 2
23 32 3 2
23 33 5 2
23 34 5 2
23 35 3 2
23 36 1 2
23 37 4 2
23 38 5 2
23 39 4 2
23 40 4 2
23 41 5 2
23 42 2 2
23 43 4 2
23 44 5 2
23 45 2 2
23 46 4 2
23 47 5 2
23 48 5 2
23 49 3 2
24 25 2 2
24 26 2 2
24 27 1 2
24 28 2 2
24 29 4 2
24 30 5 2
24 31 5 2
24 32 1 2
24 33 1 2
24 34 4 2
24 35 5 2
24 36 3 2
24 37 3 2
24 38 3 2
24 39 4 2
24 40 1 2
24 41 1 2
24 42 1 2
24 43 3 2
24 44 4 2
24 45 4 2
24 46 3 2
24 47 2 2
24 48 1 2
24 49 1 2
25 26 5 2
25 27 2 2
25 28 4 2
25 29 3 2
25 30 1 2
25 31 3 2
25 32 4 2
25 33 3 2
25 34 5 2
25 35 4 2
25 36 3 2
25 37 2 2
25 38 2 2
25 39 4 2
25 40 5 2
25 41 5 2
25 42 1 2
25 43 2 2
25 44 5 2
25 45 3 2
25 46 4 2
25 47 2 2
25 48 4 2
25 49 5 2
26 27 3 2
26 28 3 2
26 29 2 2
26 30 5 2
26 31 1 2
26 32 3 2
26 33 4 2
26 34 4 2
26 35 4 2
26 36 3 2
26 37 4 2
26 38 3 2
26 39 5 2
26 40 3 2
26 41 1 2
26 42 3 2
26 43 4 2
26 44 5 2
26 45 3 2
26 46 1 2
26 47 4 2
26 48 5 2
26 49 2 2
27 28 1 2
27 29 3 2
27 30 3 2
27 31 5 2
27 32 5 2
27 33 5 2
27 34 1 2
27 35 5 2
27 36 3 2
27 37 3 2
27 38 1 2
27 39 3 2
27 40 3 2
27 41 5 2
27 42 5 2
27 43 3 2
27 44 1 2
27 45 2 2
27 46 3 2
27 47 2 2
27 48 2 2
27 49 1 2
28 29 4 2
28 30 5 2
28 31 1 2
28 32 5 2
28 33 1 2
28 34 2 2
28 35 5 2
28 36 1 2
28 37 5 2
28 38 4 2
28 39 5 2
28 40 4 2
28 41 3 2
28 42 1 2
28 43 4 2
28 44 1 2
28 45 1 2
28 46 3 2
28 47 1 2
28 48 3 2
28 49 2 2
29 30 1 2
29 31 3 2
29 32 4 2
29 33 2 2
29 34 5 2
29 35 5 2
29 36 5 2
29 37 4 2
29 38 5 2
29 39 2 2
29 40 5 2
29 41 4 2
29 42 3 2
29 43 2 2
29 44 2 2
29 45 1 2
29 46 5 2
29 47 2 2
29 48 4 2
29 49 2 2
30 31 2 2
30 32 5 2
30 33 5 2
30 34 5 2
30 35 2 2
30 36 5 2
30 37 5 2
30 38 3 2
30 39 4 2
30 40 4 2
30 41 4 2
30 42 1 2
30 43 1 2
30 44 4 2
30 45 4 2
30 46 5 2
30 47 4 2
30 48 1 2
30 49 5 2
31 32 3 2
31 33 2 2
31 34 1 2
31 35 1 2
31 36 4 2
31 37 1 2
31 38 5 2
31 39 5 2
31 40 4 2
31 41 5 2
31 42 1 2
31 43 3 2
31 44 3 2
31 45 2 2
31 46 1 2
31 47 5 2
31 48 2 2
31 49 4 2
32 33 5 2
32 34 4 2
32 35 4 2
32 36 5 2
32 37 5 2
32 38 3 2
32 39 5 2
32 40 5 2
32 41 5 2
32 42 3 2
32 43 3 2
32 44 4 2
32 45 5 2
32 46 3 2
32 47 2 2
32 48 5 2
32 49 1 2
33 34 4 2
33 35 3 2
33 36 4 2
33 37 4 2
33 38 4 2
33 39 4 2
33 40 1 2
33 41 2 2
33 42 5 2
33 43 4 2
33 44 2 2
33 45 4 2
33 46 3 2
33 47 4 2
33 48 1 2
33 49 1 2
34 35 5 2
34 36 5 2
34 37 3 2
34 38 2 2
34 39 1 2
34 40 5 2
34 41 5 2
34 42 3 2
34 43 1 2
34 44 4 2
34 45 4 2
34 46 4 2
34 47 2 2
34 48 2 2
34 49 1 2
35 36 5 2
35 37 4 2
35 38 1 2
35 39 2 2
35 40 5 2
35 41 1 2
35 42 5 2
35 43 5 2
35 44 3 2
35 45 1 2
35 46 1 2
35 47 5 2
35 48 1 2
35 49 4 2
36 37 2 2
36 38 1 2
36 39 1 2
36 40 3 2
36 41 3 2
36 42 3 2
36 43 5 2
36 44 2 2
36 45 3 2
36 46 2 2
36 47 5 2
36 48 4 2
36 49 2 2
37 38 2 2
37 39 2 2
37 40 3 2
37 41 1 2
37 42 5 2
37 43 3 2
37 44 5 2
37 45 3 2
37 46 1 2
37 47 1 2
37 48 2 2
37 49 2 2
38 39 4 2
38 40 2 2
38 41 4 2
38 42 1 2
38 43 5 2
38 44 3 2
38 45 1 2
38 46 1 2
38 47 4 2
38 48 2 2
38 49 2 2
39 40 1 2
39 41 2 2
39 42 1 2
39 43 2 2
39 44 4 2
39 45 4 2
39 46 2 2
39 47 2 2
39 48 3 2
39 49 3 2
40 41 1 2
40 42 4 2
40 43 5 2
40 44 3 2
40 45 5 2
40 46 3 2
40 47 1 2
40 48 1 2
40 49 4 2
41 42 5 2
41 43 2 2
41 44 2 2
41 45 3 2
41 46 3 2
41 47 1 2
41 48 3 2
41 49 5 2
42 43 5 2
42 44 4 2
42 45 1 2
42 46 2 2
42 47 2 2
42 48 4 2
42 49 1 2
43 44 4 2
43 45 3 2
43 46 3 2
43 47 3 2
43 48 3 2
43 49 3 2
44 45 2 2
44 46 3 2
44 47 1 2
44 48 5 2
44 49 1 2
45 46 2 2
45 47 5 2
45 48 3 2
45 49 5 2
46 47 4 2
46 48 2 2
46 49 4 2
47 48 1 2
47 49 1 2
48 49 5 2