50
43.355
0 1 83.378 0.199
0 2 88.183 0.199
0 3 87.215 0.199
0 4 88.205 0.199
0 5 81.965 0.199
0 6 45.542 42.762
0 7 50.408 8.129
0 8 78.11 23.124
0 9 69.512 42.683
0 10 92.056 29.728
0 11 79.419 20.863
0 12 89.589 47.305
0 13 61.702 22.924
0 14 66.656 34.082
0 15 44.197 9.724
0 16 48.258 1.697
0 17 44.794 35.125
0 18 55.905 20.989
0 19 42.169 1.368
0 20 99.44 36.114
0 21 58.926 10.407
0 22 49.235 10.47
0 23 44.321 17.79
0 24 60.378 20.624
0 25 97.217 39.799
0 26 46.304 41.859
0 27 91.406 24.923
0 28 55.882 6.831
0 29 95.12 32.915
0 30 96.27 31.97
0 31 78.85 12.895
0 32 47.761 44.489
0 33 61.539 46.451
0 34 45.396 47.848
0 35 58.125 1.361
0 36 97.715 2.933
0 37 91.799 5.056
0 38 86.318 27.614
0 39 52.933 1.629
0 40 45.242 46.885
0 41 53.22 17.799
0 42 41.345 19.584
0 43 50.859 28.08
0 44 47.437 13.366
0 45 72.358 15.759
0 46 74.334 16.668
0 47 88.997 28.273
0 48 42.384 14.212
0 49 50.523 41.61
1 2 85.844 0.199
1 3 82.939 0.199
1 4 83.049 0.199
1 5 81.219 0.199
1 6 60.397 45.561
1 7 57.739 27.362
1 8 52.409 30.639
1 9 68.878 45.097
1 10 99.825 44.045
1 11 55.386 27.571
1 12 79.702 35.479
1 13 87.772 25.406
1 14 58.082 42.255
1 15 51.53 26.722
1 16 68.221 36.052
1 17 68.982 30.162
1 18 72.114 46.244
1 19 81.882 22.987
1 20 40.597 4.448
1 21 81.909 8.067
1 22 55.684 49.042
1 23 51.682 15.671
1 24 66.612 47.562
1 25 66.448 16.461
1 26 79.64 6.786
1 27 70.813 44.794
1 28 40.949 35.097
1 29 99.786 40.3
1 30 50.31 49.939
1 31 65.331 33.541
1 32 59.228 13.211
1 33 66.856 27.874
1 34 83.345 33.143
1 35 84.856 15.142
1 36 82.597 12.377
1 37 55.308 16.461
1 38 47.448 38.815
1 39 73.888 16.184
1 40 93.207 23.442
1 41 70.848 2.475
1 42 80.004 36.835
1 43 50.803 2.402
1 44 57.157 45.188
1 45 61.606 20.076
1 46 62.793 9.505
1 47 45.537 13.331
1 48 51.64 16.258
1 49 78.058 13.809
2 3 86.056 0.199
2 4 86.916 0.199
2 5 89.448 0.199
2 6 95.105 25.007
2 7 70.201 3.95
2 8 92.436 28.541
2 9 90.539 28.861
2 10 85.438 6.061
2 11 49.55 8.171
2 12 64.668 12.574
2 13 58.512 0.335
2 14 82.755 2.028
2 15 81.112 1.205
2 16 72.916 45.302
2 17 84.335 6.56
2 18 86.91 4.136
2 19 79.66 41.216
2 20 65.425 37.676
2 21 40.24 23.428
2 22 91.282 12.994
2 23 64.46 8.747
2 24 73.977 49.592
2 25 57.317 37.095
2 26 83.053 36.264
2 27 60.14 41.445
2 28 99.199 41.599
2 29 94.679 20.005
2 30 45.704 4.299
2 31 46.121 21.916
2 32 46.602 28.105
2 33 83.943 18.477
2 34 66.367 16.957
2 35 93.595 47.742
2 36 46.496 14.501
2 37 40.337 45.04
2 38 53.412 15.163
2 39 40.274 44.86
2 40 58.548 14.181
2 41 79.185 29.947
2 42 87.446 18.417
2 43 48.878 41.715
2 44 79.169 3.29
2 45 80.029 28.056
2 46 46.377 39.607
2 47 67.331 19.689
2 48 54.019 36.077
2 49 41.059 12.038
3 4 80.613 0.199
3 5 87.4 0.199
3 6 64.37 42.919
3 7 56.461 22.066
3 8 70.735 48.194
3 9 87.222 33.649
3 10 50.498 1.811
3 11 45.15 28.198
3 12 63.559 16.405
3 13 68.409 44.151
3 14 95.723 12.21
3 15 80.642 25.997
3 16 61.586 33.596
3 17 99.019 39.475
3 18 41.808 34.233
3 19 84.434 26.93
3 20 96.828 25.594
3 21 90.254 36.839
3 22 88.663 36.218
3 23 51.058 16.871
3 24 45.115 10.977
3 25 46.361 16.178
3 26 61.134 14.957
3 27 78.485 38.352
3 28 63.61 35.317
3 29 65.227 15.099
3 30 53.114 23.376
3 31 75.374 7.107
3 32 74.086 48.255
3 33 60.351 17.829
3 34 95.535 11.146
3 35 78.026 34.883
3 36 44.216 16.598
3 37 71.548 9.385
3 38 88.52 3.159
3 39 87.034 7.623
3 40 57.862 37.315
3 41 74.161 49.26
3 42 82.057 25.291
3 43 52.367 15.297
3 44 80.179 21.529
3 45 73.825 38.942
3 46 95.664 25.342
3 47 76.867 42.374
3 48 93.319 35.612
3 49 46.946 13.904
4 5 87.367 0.199
4 6 86.049 39.062
4 7 62.862 44.305
4 8 76.696 22.165
4 9 97.092 44.442
4 10 88.639 8.639
4 11 45.542 38.915
4 12 50.306 44.09
4 13 53.558 49.168
4 14 99.587 37.38
4 15 76.283 18.004
4 16 47.379 1.1
4 17 49.912 42.494
4 18 51.944 38.457
4 19 43.807 27.739
4 20 91.051 25.451
4 21 56.37 38.315
4 22 99.756 44.134
4 23 72.46 7.898
4 24 82.567 8.513
4 25 75.73 16.537
4 26 64.759 25.95
4 27 70.74 25.039
4 28 63.927 45.056
4 29 50.648 40.354
4 30 80.198 36.296
4 31 78.034 28.112
4 32 40.35 11.397
4 33 93.493 2.753
4 34 70.319 22.505
4 35 85.898 9.342
4 36 65.514 48.169
4 37 49.44 6.783
4 38 70.135 44.595
4 39 60.998 37.78
4 40 97.264 24.943
4 41 60.476 14.33
4 42 48.691 32.878
4 43 74.727 42.532
4 44 40.296 20.213
4 45 74.143 37.142
4 46 76.405 21.746
4 47 80.004 37.341
4 48 51.926 30.638
4 49 75.738 34.253
5 6 67.654 49.325
5 7 88.227 26.029
5 8 68.149 4.17
5 9 94.448 10.92
5 10 48.374 11.067
5 11 41.217 46.25
5 12 93.544 38.558
5 13 53.8 4.629
5 14 79.584 37.566
5 15 72.949 0.006
5 16 99.576 40.454
5 17 57.847 26.736
5 18 53.086 25.718
5 19 44.781 45.253
5 20 77.283 30.697
5 21 48.512 43.529
5 22 57.244 1.065
5 23 43.961 38.27
5 24 93.3 45.226
5 25 93.507 24.903
5 26 94.604 37.467
5 27 40.933 1.377
5 28 71.934 34.952
5 29 64.217 40.927
5 30 72.165 15.829
5 31 93.374 8.209
5 32 52.159 19.73
5 33 54.178 39.089
5 34 72.215 14.36
5 35 81.319 22.997
5 36 47.521 11.436
5 37 95.282 7.749
5 38 73.25 47.916
5 39 44.659 31.195
5 40 43.176 48.382
5 41 85.541 40.865
5 42 59.222 49.188
5 43 41.549 9.385
5 44 67.844 15.707
5 45 95.957 46.23
5 46 54.784 26.184
5 47 75.905 38.603
5 48 54.534 4.328
5 49 42.725 49.56
6 7 80.376 0.022
6 8 83.333 0.022
6 9 81.594 0.022
6 10 86.695 0.022
6 11 85.124 0.022
6 12 83.523 0.022
6 13 88.214 0.022
6 14 84.583 0.022
6 15 83.901 0.022
6 16 81.343 0.022
6 17 89.05 0.022
6 18 84.155 0.022
6 19 82.506 0.022
6 20 82.059 0.022
6 21 83.986 0.022
6 22 89.093 0.022
6 23 85.632 0.022
6 24 87.789 0.022
6 25 84.021 0.022
6 26 97.695 46.48
6 27 50.37 39.603
6 28 83.157 49.271
6 29 52.449 3.977
6 30 89.897 42.444
6 31 89.332 49.323
6 32 54.381 0.834
6 33 90.324 13.645
6 34 60.797 36.322
6 35 98.163 24.436
6 36 87.591 5.445
6 37 57.159 19.068
6 38 91.162 41.401
6 39 63.048 16.17
6 40 76.099 42.623
6 41 68.292 8.838
6 42 51.215 38.582
6 43 52.753 4.102
6 44 59.572 3.358
6 45 61.628 33.28
6 46 56.645 41.829
6 47 76.38 15.638
6 48 40.351 5.975
6 49 63.32 48.66
7 8 83.528 0.022
7 9 85.481 0.022
7 10 85.235 0.022
7 11 88.831 0.022
7 12 87.693 0.022
7 13 87.435 0.022
7 14 85.055 0.022
7 15 83.687 0.022
7 16 87.348 0.022
7 17 83.65 0.022
7 18 84.268 0.022
7 19 86.113 0.022
7 20 89.089 0.022
7 21 87.251 0.022
7 22 84.284 0.022
7 23 83.062 0.022
7 24 85.517 0.022
7 25 81.586 0.022
7 26 48.566 15.701
7 27 97.61 19.446
7 28 91.808 35.155
7 29 99.032 34.041
7 30 80.806 15.58
7 31 49.688 45.554
7 32 43.978 31.315
7 33 55.984 43.395
7 34 84.307 14.421
7 35 44.326 11.037
7 36 53.106 13.875
7 37 88.808 49.016
7 38 72.349 10.79
7 39 88.735 1.78
7 40 87.986 22.104
7 41 81.076 45.098
7 42 75.809 36.043
7 43 81.445 45.029
7 44 90.144 2.842
7 45 83.71 30.116
7 46 82.551 21.712
7 47 80.299 33.616
7 48 65.504 26.373
7 49 68.343 48.585
8 9 84.607 0.022
8 10 88.162 0.022
8 11 85.199 0.022
8 12 89.255 0.022
8 13 84.555 0.022
8 14 86.475 0.022
8 15 83.935 0.022
8 16 80.842 0.022
8 17 88.972 0.022
8 18 83.657 0.022
8 19 83.465 0.022
8 20 89.328 0.022
8 21 84.16 0.022
8 22 85.89 0.022
8 23 84.088 0.022
8 24 86.125 0.022
8 25 82.631 0.022
8 26 54.45 48.076
8 27 42.017 4.762
8 28 55.068 13.703
8 29 49.042 29.873
8 30 98.576 3.485
8 31 76.482 20.91
8 32 53.866 4.989
8 33 54.225 18.447
8 34 56.545 25.84
8 35 63.522 27.204
8 36 46.115 25.902
8 37 60.115 41.436
8 38 69.974 38.244
8 39 65.219 49.6
8 40 40.742 47.635
8 41 51.49 10.801
8 42 89.695 11.541
8 43 82.728 16.871
8 44 72.239 8.171
8 45 98.356 38.969
8 46 42.917 42.399
8 47 77.029 47.759
8 48 80.034 25.772
8 49 60.002 2.086
9 10 88.254 0.022
9 11 82.071 0.022
9 12 88.393 0.022
9 13 87.702 0.022
9 14 84.107 0.022
9 15 81.297 0.022
9 16 82.43 0.022
9 17 82.309 0.022
9 18 83.418 0.022
9 19 84.576 0.022
9 20 81.357 0.022
9 21 85.919 0.022
9 22 85.393 0.022
9 23 88.555 0.022
9 24 85.447 0.022
9 25 85.113 0.022
9 26 91.857 47.509
9 27 53.204 21.064
9 28 65.958 3.82
9 29 49.054 33.925
9 30 66.918 48.229
9 31 96.377 13.379
9 32 74.951 38.359
9 33 90.307 19.996
9 34 66.39 47.326
9 35 69.794 28.246
9 36 53.377 36.214
9 37 63.204 16.867
9 38 66.052 20.147
9 39 89.154 19.171
9 40 44.743 0.565
9 41 82.368 46.953
9 42 40.756 6.641
9 43 77.799 35.287
9 44 73.279 12.422
9 45 91.922 2.639
9 46 78.754 5.092
9 47 53.07 36.878
9 48 93.552 37.205
9 49 54.837 35.55
10 11 89.03 0.022
10 12 83.202 0.022
10 13 89.821 0.022
10 14 87.493 0.022
10 15 88.82 0.022
10 16 84.492 0.022
10 17 85.175 0.022
10 18 81.194 0.022
10 19 89.879 0.022
10 20 81.337 0.022
10 21 83.898 0.022
10 22 80.69 0.022
10 23 87.373 0.022
10 24 87.169 0.022
10 25 84.555 0.022
10 26 84.099 36.361
10 27 84.502 12.732
10 28 85.302 30.247
10 29 87.586 0.694
10 30 88.547 21.373
10 31 56.184 49.042
10 32 67.348 27.966
10 33 40.692 30.28
10 34 57.671 47.795
10 35 83.673 36.769
10 36 77.3 36.386
10 37 64.617 41.627
10 38 50.111 15.79
10 39 84.95 37.216
10 40 79.619 14.492
10 41 59.431 15.491
10 42 71.124 5.44
10 43 78.761 3.902
10 44 88.626 40.817
10 45 94.352 12.784
10 46 61.534 6.714
10 47 42.955 26.183
10 48 84.975 43.683
10 49 97.598 39.109
11 12 86.794 0.022
11 13 86.485 0.022
11 14 89.973 0.022
11 15 89.013 0.022
11 16 86.174 0.022
11 17 83.438 0.022
11 18 88.445 0.022
11 19 80.805 0.022
11 20 82.336 0.022
11 21 85.62 0.022
11 22 89.471 0.022
11 23 87.109 0.022
11 24 81.364 0.022
11 25 82.813 0.022
11 26 47.736 34.346
11 27 82.751 41.853
11 28 54.169 24.901
11 29 77.516 37.491
11 30 70.556 33.789
11 31 41.967 20.366
11 32 45.953 37.412
11 33 47.203 7.571
11 34 41.811 22.364
11 35 60.0 38.967
11 36 55.173 22.4
11 37 74.396 15.989
11 38 69.563 49.987
11 39 59.238 5.442
11 40 53.912 26.014
11 41 85.72 28.653
11 42 51.706 30.757
11 43 46.192 44.022
11 44 62.599 30.408
11 45 92.691 1.853
11 46 61.189 39.867
11 47 52.051 5.018
11 48 80.093 11.259
11 49 61.862 31.429
12 13 84.47 0.022
12 14 86.137 0.022
12 15 80.579 0.022
12 16 87.935 0.022
12 17 81.089 0.022
12 18 89.292 0.022
12 19 88.909 0.022
12 20 83.418 0.022
12 21 89.58 0.022
12 22 84.742 0.022
12 23 87.789 0.022
12 24 82.393 0.022
12 25 87.32 0.022
12 26 67.027 34.856
12 27 65.228 43.145
12 28 48.657 17.593
12 29 52.39 2.127
12 30 68.268 21.149
12 31 99.001 28.31
12 32 47.601 5.426
12 33 52.204 34.611
12 34 71.188 15.334
12 35 49.461 13.949
12 36 67.315 1.966
12 37 72.965 40.358
12 38 44.029 42.484
12 39 58.22 15.156
12 40 48.093 33.175
12 41 87.633 19.075
12 42 65.519 19.143
12 43 42.873 7.886
12 44 47.598 11.806
12 45 74.495 13.238
12 46 55.152 42.847
12 47 84.343 32.839
12 48 94.152 7.24
12 49 53.458 5.116
13 14 81.383 0.022
13 15 87.903 0.022
13 16 80.184 0.022
13 17 85.496 0.022
13 18 85.266 0.022
13 19 80.431 0.022
13 20 87.694 0.022
13 21 85.457 0.022
13 22 83.642 0.022
13 23 81.376 0.022
13 24 88.252 0.022
13 25 82.999 0.022
13 26 76.502 16.446
13 27 74.786 37.708
13 28 60.903 3.49
13 29 85.214 16.029
13 30 65.473 23.817
13 31 45.648 16.983
13 32 69.02 3.658
13 33 72.658 26.799
13 34 50.542 17.173
13 35 51.908 15.574
13 36 49.428 8.842
13 37 96.737 42.852
13 38 57.379 5.229
13 39 99.489 10.451
13 40 41.384 15.108
13 41 92.185 32.521
13 42 42.961 40.415
13 43 83.324 10.235
13 44 80.316 10.19
13 45 64.591 25.773
13 46 61.945 28.33
13 47 69.084 33.24
13 48 76.502 8.451
13 49 61.786 18.616
14 15 85.164 0.022
14 16 82.359 0.022
14 17 80.341 0.022
14 18 83.114 0.022
14 19 80.472 0.022
14 20 84.176 0.022
14 21 81.357 0.022
14 22 86.574 0.022
14 23 80.115 0.022
14 24 84.188 0.022
14 25 83.561 0.022
14 26 85.681 30.897
14 27 51.89 22.243
14 28 89.21 36.35
14 29 64.762 7.53
14 30 68.5 23.148
14 31 96.641 19.028
14 32 45.374 12.139
14 33 67.4 31.419
14 34 58.705 49.416
14 35 63.86 26.401
14 36 55.38 24.382
14 37 78.564 11.852
14 38 47.894 33.833
14 39 63.149 2.843
14 40 91.481 26.452
14 41 47.233 37.076
14 42 81.294 49.717
14 43 43.963 0.148
14 44 58.815 19.296
14 45 62.967 9.409
14 46 61.93 38.653
14 47 42.12 18.668
14 48 77.178 49.077
14 49 78.322 14.086
15 16 80.244 0.022
15 17 89.09 0.022
15 18 84.144 0.022
15 19 85.669 0.022
15 20 82.668 0.022
15 21 85.245 0.022
15 22 88.696 0.022
15 23 80.194 0.022
15 24 89.439 0.022
15 25 80.192 0.022
15 26 79.622 35.766
15 27 56.14 10.766
15 28 76.456 20.008
15 29 82.983 22.108
15 30 57.935 45.62
15 31 82.954 23.383
15 32 57.841 36.311
15 33 44.214 47.136
15 34 78.811 43.199
15 35 94.947 7.202
15 36 85.59 9.577
15 37 40.774 24.235
15 38 50.251 46.131
15 39 87.077 48.65
15 40 90.652 33.48
15 41 77.256 23.783
15 42 99.61 27.008
15 43 54.986 28.804
15 44 65.283 11.927
15 45 51.215 9.888
15 46 83.688 32.761
15 47 44.604 3.894
15 48 91.548 29.019
15 49 60.724 0.521
16 17 83.408 0.022
16 18 81.489 0.022
16 19 81.642 0.022
16 20 85.502 0.022
16 21 83.895 0.022
16 22 83.98 0.022
16 23 81.489 0.022
16 24 85.43 0.022
16 25 82.479 0.022
16 26 87.164 47.589
16 27 74.14 12.572
16 28 49.653 17.863
16 29 55.368 47.218
16 30 71.297 21.337
16 31 51.457 15.753
16 32 60.803 41.06
16 33 46.837 20.208
16 34 62.517 14.243
16 35 84.883 4.682
16 36 94.973 13.019
16 37 77.105 43.009
16 38 53.824 12.55
16 39 64.412 22.639
16 40 59.444 28.023
16 41 43.909 13.081
16 42 60.306 27.457
16 43 41.419 30.658
16 44 40.516 0.441
16 45 86.177 43.995
16 46 94.648 41.579
16 47 95.489 49.103
16 48 91.121 1.306
16 49 56.749 49.656
17 18 81.26 0.022
17 19 89.317 0.022
17 20 83.225 0.022
17 21 80.812 0.022
17 22 83.187 0.022
17 23 83.394 0.022
17 24 82.269 0.022
17 25 88.644 0.022
17 26 98.43 29.927
17 27 47.932 2.98
17 28 80.463 19.646
17 29 82.95 29.593
17 30 92.176 23.768
17 31 76.611 47.949
17 32 65.345 9.732
17 33 53.515 24.772
17 34 94.625 27.131
17 35 57.108 45.709
17 36 93.006 46.883
17 37 87.002 0.775
17 38 81.394 10.32
17 39 50.376 48.958
17 40 57.647 30.679
17 41 66.511 47.163
17 42 85.475 17.184
17 43 62.848 28.535
17 44 92.007 12.824
17 45 51.326 25.274
17 46 73.362 27.575
17 47 71.913 24.539
17 48 97.899 46.659
17 49 49.44 39.626
18 19 85.673 0.022
18 20 80.183 0.022
18 21 83.289 0.022
18 22 88.56 0.022
18 23 85.21 0.022
18 24 83.466 0.022
18 25 83.508 0.022
18 26 70.316 14.752
18 27 56.062 16.218
18 28 88.834 28.569
18 29 62.183 39.154
18 30 85.003 47.718
18 31 76.31 13.008
18 32 77.539 47.514
18 33 70.763 42.415
18 34 41.234 28.13
18 35 73.289 37.382
18 36 74.643 3.226
18 37 44.711 10.006
18 38 81.624 10.738
18 39 43.046 40.709
18 40 55.239 16.682
18 41 94.104 28.517
18 42 77.192 5.814
18 43 42.772 47.097
18 44 53.032 37.578
18 45 78.203 46.356
18 46 53.719 17.123
18 47 51.392 46.895
18 48 68.52 13.451
18 49 80.105 41.808
19 20 85.699 0.022
19 21 83.78 0.022
19 22 83.14 0.022
19 23 80.92 0.022
19 24 83.162 0.022
19 25 80.301 0.022
19 26 80.052 17.071
19 27 97.12 29.791
19 28 62.901 13.968
19 29 68.695 29.373
19 30 62.381 27.392
19 31 69.658 17.014
19 32 40.746 40.313
19 33 40.859 10.767
19 34 40.263 26.218
19 35 46.05 39.067
19 36 54.974 14.117
19 37 67.125 11.402
19 38 70.506 0.427
19 39 74.598 39.209
19 40 61.065 29.505
19 41 41.613 30.276
19 42 52.888 26.748
19 43 78.46 5.926
19 44 77.966 32.23
19 45 76.517 34.139
19 46 75.228 1.398
19 47 80.321 47.563
19 48 83.572 25.694
19 49 91.816 38.126
20 21 87.573 0.022
20 22 80.918 0.022
20 23 86.277 0.022
20 24 80.715 0.022
20 25 84.536 0.022
20 26 75.235 29.316
20 27 78.824 28.646
20 28 66.389 44.945
20 29 78.024 36.834
20 30 99.587 31.875
20 31 40.906 18.824
20 32 57.304 7.456
20 33 69.929 24.751
20 34 46.445 29.799
20 35 73.411 21.295
20 36 76.683 28.105
20 37 84.315 47.889
20 38 64.362 19.63
20 39 59.39 15.4
20 40 59.899 29.18
20 41 48.688 42.897
20 42 98.839 12.594
20 43 65.016 7.422
20 44 40.963 38.427
20 45 96.046 3.714
20 46 79.361 13.964
20 47 52.533 39.83
20 48 41.617 19.564
20 49 69.619 27.225
21 22 83.366 0.022
21 23 80.598 0.022
21 24 89.417 0.022
21 25 88.864 0.022
21 26 70.723 46.742
21 27 71.843 24.226
21 28 49.629 41.964
21 29 47.732 36.08
21 30 41.887 11.899
21 31 79.348 17.117
21 32 80.671 15.806
21 33 63.783 9.175
21 34 45.173 24.455
21 35 86.957 29.782
21 36 68.627 24.022
21 37 81.081 2.148
21 38 73.7 41.228
21 39 93.335 43.967
21 40 73.647 18.013
21 41 79.356 14.618
21 42 65.58 13.379
21 43 46.898 44.769
21 44 90.142 38.266
21 45 86.626 9.517
21 46 43.625 17.753
21 47 76.839 31.712
21 48 70.598 30.767
21 49 57.631 42.493
22 23 88.221 0.022
22 24 82.408 0.022
22 25 82.338 0.022
22 26 88.399 31.516
22 27 50.186 43.176
22 28 48.41 23.194
22 29 41.061 38.991
22 30 95.944 35.851
22 31 58.437 12.922
22 32 63.473 44.566
22 33 60.866 9.962
22 34 74.412 31.186
22 35 74.807 23.317
22 36 72.612 25.629
22 37 47.071 2.76
22 38 62.703 37.581
22 39 59.592 19.92
22 40 78.765 8.934
22 41 58.87 47.871
22 42 76.667 11.856
22 43 97.455 42.381
22 44 83.453 22.935
22 45 86.411 46.718
22 46 55.261 9.065
22 47 55.623 17.652
22 48 45.912 41.426
22 49 73.125 14.88
23 24 85.537 0.022
23 25 83.232 0.022
23 26 96.145 27.645
23 27 86.999 16.112
23 28 66.198 47.509
23 29 56.26 11.672
23 30 41.058 10.145
23 31 83.612 40.808
23 32 93.751 32.175
23 33 91.806 10.891
23 34 70.311 15.46
23 35 50.286 30.439
23 36 64.241 33.236
23 37 50.792 25.818
23 38 57.659 17.155
23 39 97.67 48.529
23 40 77.444 29.373
23 41 69.089 16.328
23 42 58.036 29.532
23 43 46.011 16.026
23 44 92.781 38.913
23 45 96.66 16.022
23 46 43.02 42.899
23 47 66.8 4.719
23 48 49.613 10.981
23 49 41.971 27.723
24 25 87.823 0.022
24 26 75.545 18.85
24 27 96.139 10.447
24 28 76.347 11.19
24 29 67.926 0.884
24 30 87.933 23.389
24 31 90.836 21.93
24 32 99.511 49.978
24 33 55.971 19.397
24 34 40.407 11.777
24 35 54.934 26.962
24 36 98.648 18.348
24 37 80.583 33.434
24 38 99.146 12.284
24 39 51.293 20.698
24 40 61.965 19.164
24 41 81.676 17.848
24 42 55.737 34.506
24 43 41.395 33.238
24 44 49.957 45.042
24 45 91.394 49.402
24 46 52.957 9.799
24 47 75.166 24.595
24 48 44.504 39.354
24 49 76.919 3.828
25 26 72.855 27.923
25 27 80.402 39.588
25 28 56.96 23.151
25 29 77.92 6.126
25 30 78.978 4.388
25 31 77.16 28.808
25 32 84.478 7.492
25 33 86.437 5.097
25 34 44.627 43.504
25 35 98.768 12.993
25 36 65.203 46.259
25 37 67.335 44.534
25 38 56.801 4.075
25 39 45.149 14.098
25 40 58.925 35.126
25 41 95.167 14.556
25 42 71.809 42.545
25 43 91.412 30.584
25 44 53.242 2.108
25 45 70.97 6.741
25 46 96.633 11.584
25 47 74.979 28.735
25 48 96.953 8.711
25 49 98.861 1.406
26 27 49.19 48.325
26 28 89.38 25.075
26 29 56.423 28.614
26 30 87.899 24.675
26 31 87.943 28.21
26 32 68.342 47.316
26 33 84.378 29.297
26 34 84.633 36.269
26 35 52.921 47.979
26 36 40.433 33.848
26 37 68.167 12.078
26 38 78.663 5.76
26 39 66.157 36.51
26 40 80.261 35.044
26 41 56.799 23.107
26 42 94.026 6.828
26 43 60.414 16.568
26 44 41.588 46.037
26 45 72.771 25.021
26 46 84.678 4.9
26 47 87.135 41.396
26 48 77.046 5.897
26 49 85.592 15.869
27 28 84.727 0.39
27 29 84.076 0.39
27 30 87.346 0.39
27 31 77.672 22.303
27 32 40.67 35.323
27 33 66.29 6.804
27 34 53.345 34.676
27 35 93.989 41.963
27 36 90.344 8.453
27 37 99.358 12.967
27 38 65.102 49.65
27 39 99.918 27.054
27 40 86.116 29.129
27 41 57.583 49.12
27 42 59.215 26.063
27 43 80.485 13.232
27 44 86.409 11.153
27 45 84.256 2.684
27 46 76.372 2.072
27 47 60.402 3.123
27 48 78.805 7.554
27 49 89.445 33.581
28 29 87.018 0.39
28 30 84.539 0.39
28 31 65.544 27.524
28 32 84.759 5.44
28 33 82.331 23.115
28 34 77.819 23.808
28 35 95.25 19.063
28 36 63.882 10.552
28 37 99.054 45.183
28 38 44.26 3.041
28 39 60.2 11.119
28 40 90.264 9.896
28 41 92.318 10.838
28 42 93.365 44.835
28 43 86.977 46.466
28 44 91.278 28.962
28 45 52.967 38.764
28 46 49.564 12.37
28 47 81.631 24.972
28 48 53.584 47.458
28 49 72.43 15.312
29 30 86.758 0.39
29 31 96.103 8.972
29 32 89.556 8.06
29 33 69.908 19.978
29 34 58.6 35.358
29 35 63.988 32.743
29 36 88.121 33.873
29 37 53.318 35.938
29 38 61.409 7.028
29 39 70.486 27.972
29 40 67.487 0.782
29 41 71.364 18.912
29 42 71.116 30.684
29 43 74.783 19.397
29 44 76.298 6.752
29 45 74.111 48.48
29 46 78.3 3.297
29 47 55.753 35.114
29 48 60.93 31.132
29 49 93.129 22.685
30 31 74.735 48.758
30 32 88.875 26.449
30 33 97.19 13.75
30 34 65.111 1.008
30 35 68.879 25.809
30 36 57.092 15.495
30 37 75.974 16.482
30 38 75.786 15.092
30 39 89.272 8.131
30 40 74.499 5.828
30 41 68.709 35.708
30 42 69.17 36.026
30 43 77.216 6.713
30 44 61.313 26.689
30 45 88.886 26.19
30 46 44.424 14.61
30 47 41.676 22.719
30 48 64.112 13.155
30 49 99.871 11.443
31 32 80.327 0.39
31 33 80.702 0.39
31 34 81.862 0.39
31 35 63.028 47.341
31 36 94.211 10.787
31 37 85.756 38.623
31 38 56.3 17.642
31 39 98.784 25.21
31 40 66.211 19.785
31 41 82.722 24.074
31 42 43.832 4.919
31 43 59.667 4.806
31 44 47.808 34.633
31 45 69.667 4.623
31 46 90.235 47.654
31 47 60.877 49.745
31 48 40.797 0.565
31 49 90.295 45.059
32 33 83.466 0.39
32 34 86.993 0.39
32 35 80.249 6.044
32 36 63.45 38.979
32 37 49.7 45.447
32 38 98.035 34.463
32 39 90.553 7.683
32 40 50.931 20.848
32 41 94.772 37.34
32 42 72.712 29.369
32 43 85.852 43.963
32 44 79.847 32.976
32 45 61.898 34.08
32 46 60.628 46.666
32 47 92.885 12.325
32 48 58.143 16.826
32 49 65.672 3.106
33 34 84.955 0.39
33 35 40.391 8.34
33 36 59.98 31.906
33 37 69.356 10.956
33 38 87.713 44.357
33 39 63.298 10.371
33 40 49.542 47.287
33 41 56.636 14.27
33 42 81.294 24.424
33 43 65.622 36.075
33 44 91.544 0.514
33 45 52.304 47.976
33 46 42.665 3.316
33 47 78.992 12.378
33 48 92.818 33.614
33 49 49.273 7.87
34 35 96.179 1.336
34 36 65.805 43.161
34 37 40.785 34.343
34 38 50.411 41.198
34 39 48.108 42.187
34 40 85.311 6.907
34 41 64.797 17.05
34 42 48.05 7.5
34 43 93.926 43.146
34 44 53.698 7.947
34 45 93.194 46.539
34 46 94.595 10.003
34 47 92.672 16.714
34 48 60.481 44.646
34 49 54.555 21.159
35 36 81.015 0.08
35 37 89.223 0.08
35 38 82.745 0.08
35 39 87.096 0.08
35 40 88.441 0.08
35 41 85.675 0.08
35 42 81.24 0.08
35 43 86.303 0.08
35 44 81.543 0.08
35 45 95.081 47.422
35 46 68.127 31.635
35 47 45.603 2.074
35 48 46.721 5.396
35 49 66.823 9.082
36 37 80.402 0.08
36 38 82.497 0.08
36 39 88.856 0.08
36 40 82.287 0.08
36 41 83.221 0.08
36 42 89.264 0.08
36 43 83.292 0.08
36 44 81.938 0.08
36 45 60.042 35.932
36 46 87.172 15.362
36 47 89.577 35.385
36 48 67.745 18.226
36 49 81.233 28.61
37 38 85.164 0.08
37 39 85.056 0.08
37 40 88.257 0.08
37 41 86.945 0.08
37 42 87.687 0.08
37 43 87.332 0.08
37 44 81.349 0.08
37 45 94.234 19.787
37 46 43.184 10.767
37 47 65.325 23.37
37 48 41.172 23.039
37 49 46.83 18.224
38 39 87.615 0.08
38 40 87.106 0.08
38 41 80.338 0.08
38 42 86.653 0.08
38 43 87.524 0.08
38 44 85.463 0.08
38 45 78.729 28.758
38 46 89.211 19.476
38 47 50.279 18.03
38 48 88.839 28.971
38 49 50.531 46.142
39 40 89.974 0.08
39 41 81.649 0.08
39 42 86.028 0.08
39 43 89.531 0.08
39 44 85.092 0.08
39 45 91.024 9.825
39 46 93.197 9.982
39 47 63.499 14.771
39 48 71.283 16.523
39 49 40.539 40.911
40 41 87.434 0.08
40 42 81.836 0.08
40 43 89.383 0.08
40 44 87.92 0.08
40 45 68.801 10.427
40 46 91.892 0.92
40 47 56.554 2.646
40 48 54.901 21.285
40 49 47.045 42.311
41 42 82.606 0.08
41 43 83.811 0.08
41 44 88.615 0.08
41 45 58.127 36.328
41 46 44.165 42.229
41 47 51.327 30.898
41 48 65.693 48.18
41 49 83.948 7.265
42 43 89.196 0.08
42 44 88.926 0.08
42 45 82.521 1.225
42 46 95.273 23.671
42 47 44.792 7.109
42 48 58.189 38.285
42 49 63.476 28.943
43 44 84.267 0.08
43 45 44.334 14.327
43 46 57.51 19.81
43 47 50.318 12.377
43 48 58.492 21.374
43 49 72.288 13.269
44 45 49.314 10.435
44 46 61.065 26.976
44 47 61.258 23.781
44 48 64.395 11.528
44 49 46.484 38.588
45 46 81.39 0.39
45 47 82.856 0.39
45 48 82.494 0.39
45 49 89.116 17.833
46 47 85.732 0.39
46 48 80.495 0.39
46 49 82.56 12.493
47 48 81.827 0.39
47 49 74.859 20.752
48 49 68.214 36.099