20
90.000
0 1 99 48
0 2 99 66
0 3 99 62
0 4 99 65
0 5 99 66
0 6 99 53
0 7 99 58
0 8 99 76
0 9 99 59
0 10 99 57
0 11 99 57
0 12 99 72
0 13 99 83
0 14 99 64
0 15 99 62
0 16 99 69
0 17 99 77
0 18 99 54
0 19 99 76
1 2 6 0.300
1 3 1 0.200
1 4 4 0.300
1 5 2 0.200
1 6 3 0.300
1 7 2 0.200
1 8 2 0.300
1 9 1 0.200
1 10 6 0.300
1 11 8 0.200
1 12 5 0.300
1 13 7 0.200
1 14 6 0.300
1 15 1 0.200
1 16 8 0.300
1 17 9 0.200
1 18 2 0.300
1 19 7 0.200
2 3 9 0.200
2 4 5 0.300
2 5 4 0.200
2 6 3 0.300
2 7 1 0.200
2 8 2 0.300
2 9 3 0.200
2 10 3 0.300
2 11 4 0.200
2 12 1 0.300
2 13 1 0.200
2 14 3 0.300
2 15 8 0.200
2 16 7 0.300
2 17 4 0.200
2 18 2 0.300
2 19 7 0.200
3 4 7 0.300
3 5 9 0.200
3 6 3 0.300
3 7 1 0.200
3 8 9 0.300
3 9 8 0.200
3 10 6 0.300
3 11 5 0.200
3 12 0 0.300
3 13 2 0.200
3 14 8 0.300
3 15 6 0.200
3 16 0 0.300
3 17 2 0.200
3 18 4 0.300
3 19 8 0.200
4 5 6 0.200
4 6 5 0.300
4 7 0 0.200
4 8 9 0.300
4 9 0 0.200
4 10 0 0.300
4 11 6 0.200
4 12 1 0.300
4 13 3 0.200
4 14 8 0.300
4 15 9 0.200
4 16 3 0.300
4 17 4 0.200
4 18 4 0.300
4 19 6 0.200
5 6 0 0.300
5 7 6 0.200
5 8 6 0.300
5 9 1 0.200
5 10 8 0.300
5 11 4 0.200
5 12 9 0.300
5 13 6 0.200
5 14 3 0.300
5 15 7 0.200
5 16 8 0.300
5 17 8 0.200
5 18 2 0.300
5 19 9 0.200
6 7 1 0.200
6 8 3 0.300
6 9 5 0.200
6 10 9 0.300
6 11 8 0.200
6 12 4 0.300
6 13 0 0.200
6 14 7 0.300
6 15 6 0.200
6 16 3 0.300
6 17 6 0.200
6 18 1 0.300
6 19 5 0.200
7 8 4 0.300
7 9 2 0.200
7 10 0 0.300
7 11 9 0.200
7 12 7 0.300
7 13 3 0.200
7 14 7 0.300
7 15 2 0.200
7 16 6 0.300
7 17 0 0.200
7 18 1 0.300
7 19 6 0.200
8 9 5 0.200
8 10 7 0.300
8 11 5 0.200
8 12 4 0.300
8 13 1 0.200
8 14 2 0.300
8 15 0 0.200
8 16 0 0.300
8 17 1 0.200
8 18 4 0.300
8 19 6 0.200
9 10 0 0.300
9 11 7 0.200
9 12 1 0.300
9 13 7 0.200
9 14 7 0.300
9 15 7 0.200
9 16 7 0.300
9 17 3 0.200
9 18 3 0.300
9 19 5 0.200
10 11 9 0.200
10 12 9 0.300
10 13 8 0.200
10 14 1 0.300
10 15 8 0.200
10 16 2 0.300
10 17 6 0.200
10 18 6 0.300
10 19 0 0.200
11 12 3 0.300
11 13 8 0.200
11 14 0 0.300
11 15 1 0.200
11 16 2 0.300
11 17 5 0.200
11 18 0 0.300
11 19 9 0.200
12 13 4 0.200
12 14 7 0.300
12 15 8 0.200
12 16 3 0.300
12 17 5 0.200
12 18 1 0.300
12 19 2 0.200
13 14 0 0.300
13 15 1 0.200
13 16 6 0.300
13 17 4 0.200
13 18 0 0.300
13 19 6 0.200
14 15 1 0.200
14 16 8 0.300
14 17 9 0.200
14 18 8 0.300
14 19 4 0.200
15 16 1 0.300
15 17 4 0.200
15 18 3 0.300
15 19 9 0.200
16 17 8 0.200
16 18 8 0.300
16 19 0 0.200
17 18 8 0.300
17 19 7 0.200
18 19 7 0.200
