20
99
0 1 46.403 18.069
0 2 2.008 0.908
0 3 16.705 13.202
0 4 2.079 0.933
0 5 44.219 16.441
0 6 2.158 0.94
0 7 45.605 17.41
0 8 1.796 0.815
0 9 13.49 12.725
0 10 1.962 0.847
0 11 17.394 14.128
0 12 41.51 16.506
0 13 3.195 31.954
0 14 3.477 34.774
0 15 43.624 16.857
0 16 41.882 15.674
0 17 13.739 12.135
0 18 44.3 17.298
0 19 41.077 15.759
1 2 12.409 11.415
1 3 4.359 1.914
1 4 45.69 17.746
1 5 17.527 13.8
1 6 13.74 13.647
1 7 15.315 12.929
1 8 47.003 17.908
1 9 40.331 16.096
1 10 16.491 12.896
1 11 43.996 17.44
1 12 48.139 18.27
1 13 3.292 32.92
1 14 3.428 34.276
1 15 41.606 15.954
1 16 48.524 18.319
1 17 5.261 2.325
1 18 5.106 2.191
1 19 14.087 12.075
2 3 15.019 13.07
2 4 1.8 0.792
2 5 15.035 14.03
2 6 2.091 0.914
2 7 12.937 12.796
2 8 2.168 0.911
2 9 15.269 13.876
2 10 1.803 0.805
2 11 46.643 17.853
2 12 17.618 13.614
2 13 3.132 31.319
2 14 3.474 34.739
2 15 46.089 18.142
2 16 13.69 13.357
2 17 44.823 16.972
2 18 15.134 11.9
2 19 16.258 12.853
3 4 48.037 17.888
3 5 15.203 13.04
3 6 14.722 14.037
3 7 13.326 13.09
3 8 45.842 17.111
3 9 13.497 11.485
3 10 41.435 16.441
3 11 41.697 16.574
3 12 44.584 16.522
3 13 3.013 30.126
3 14 3.45 34.498
3 15 41.428 16.221
3 16 12.092 11.367
3 17 4.576 1.973
3 18 5.305 2.286
3 19 43.052 16.691
4 5 44.503 17.653
4 6 2.142 0.921
4 7 13.878 13.625
4 8 1.915 0.855
4 9 47.848 17.902
4 10 2.097 0.902
4 11 14.989 12.982
4 12 42.678 16.496
4 13 3.347 33.47
4 14 2.927 29.266
4 15 48.418 18.289
4 16 43.392 16.449
4 17 12.615 12.41
4 18 11.791 11.53
4 19 14.508 12.412
5 6 14.283 12.866
5 7 15.839 13.611
5 8 12.147 11.895
5 9 13.786 12.463
5 10 41.662 16.033
5 11 9.338 4.06
5 12 46.479 17.753
5 13 3.442 34.425
5 14 2.988 29.878
5 15 9.138 3.873
5 16 14.655 12.058
5 17 39.479 15.784
5 18 13.329 12.516
5 19 43.647 16.729
6 7 13.693 11.874
6 8 2.15 0.929
6 9 46.109 17.806
6 10 2.168 0.916
6 11 15.24 12.895
6 12 41.011 15.881
6 13 3.11 31.096
6 14 2.941 29.406
6 15 44.346 17.681
6 16 43.492 16.772
6 17 46.173 17.321
6 18 47.204 17.59
6 19 13.896 13.124
7 8 14.676 11.403
7 9 9.305 4.144
7 10 13.0 12.688
7 11 41.414 15.744
7 12 14.074 12.085
7 13 2.849 28.493
7 14 3.236 32.365
7 15 41.86 16.153
7 16 8.352 3.772
7 17 41.932 16.147
7 18 45.629 17.925
7 19 13.855 12.02
8 9 16.622 12.95
8 10 3.92 1.741
8 11 44.693 17.158
8 12 42.156 16.282
8 13 3.254 32.543
8 14 2.968 29.679
8 15 13.101 11.845
8 16 13.036 11.819
8 17 12.815 11.718
8 18 42.958 16.58
8 19 17.016 13.573
9 10 39.858 15.796
9 11 41.083 15.993
9 12 45.509 17.677
9 13 3.397 33.965
9 14 2.889 28.886
9 15 42.797 17.11
9 16 14.369 6.212
9 17 42.82 17.123
9 18 42.973 16.614
9 19 43.939 16.908
10 11 40.36 15.565
10 12 46.369 17.868
10 13 3.5 35.001
10 14 3.29 32.901
10 15 42.957 16.272
10 16 15.738 13.059
10 17 15.497 14.122
10 18 42.194 15.671
10 19 13.562 12.907
11 12 15.776 13.23
11 13 3.333 33.334
11 14 3.101 31.007
11 15 14.261 6.196
11 16 14.943 13.638
11 17 41.4 15.991
11 18 45.521 17.347
11 19 42.051 15.833
12 13 3.364 33.642
12 14 3.42 34.205
12 15 15.776 13.097
12 16 46.07 17.32
12 17 41.689 16.009
12 18 17.099 13.222
12 19 33.896 14.129
13 14 2.903 29.03
13 15 3.41 34.096
13 16 3.459 34.594
13 17 3.262 32.619
13 18 2.849 28.492
13 19 2.903 29.034
14 15 3.015 30.155
14 16 3.088 30.881
14 17 2.952 29.522
14 18 3.198 31.982
14 19 3.481 34.806
15 16 12.514 11.993
15 17 15.214 13.11
15 18 14.077 11.35
15 19 12.0 11.894
16 17 16.32 12.782
16 18 12.352 11.461
16 19 41.045 16.242
17 18 7.872 3.44
17 19 46.374 17.311
18 19 43.62 17.31
