20
62.97
0 1 60.577 31.65
0 2 74.25 19.433
0 3 40.523 40.127
0 4 88.223 21.312
0 5 81.589 2.708
0 6 71.991 43.748
0 7 76.283 18.568
0 8 44.35 32.084
0 9 99.376 9.489
0 10 98.312 9.757
0 11 61.749 35.736
0 12 89.791 22.636
0 13 91.988 1.738
0 14 63.623 18.961
0 15 92.842 42.084
0 16 93.874 16.038
0 17 49.863 36.13
0 18 50.924 13.015
0 19 98.993 42.089
1 2 86.857 0.787
1 3 81.534 0.787
1 4 89.841 0.787
1 5 88.235 0.787
1 6 91.245 11.049
1 7 72.515 5.034
1 8 96.226 34.019
1 9 58.326 22.249
1 10 41.838 30.849
1 11 74.024 33.41
1 12 70.37 40.335
1 13 64.776 27.393
1 14 46.317 7.328
1 15 72.799 38.939
1 16 79.845 36.921
1 17 99.188 14.282
1 18 64.324 12.271
1 19 80.4 45.205
2 3 84.453 0.787
2 4 80.343 0.787
2 5 86.233 0.787
2 6 41.951 32.962
2 7 56.151 6.442
2 8 45.76 35.91
2 9 42.209 30.043
2 10 84.685 34.657
2 11 83.876 28.687
2 12 52.475 8.695
2 13 65.969 42.831
2 14 93.561 31.465
2 15 59.119 28.94
2 16 70.554 2.09
2 17 52.88 49.617
2 18 91.784 36.682
2 19 89.158 46.668
3 4 85.95 0.787
3 5 83.884 0.787
3 6 40.321 49.472
3 7 83.152 0.429
3 8 66.713 11.62
3 9 97.218 10.319
3 10 67.95 3.706
3 11 73.092 35.442
3 12 88.95 29.721
3 13 79.601 18.918
3 14 91.94 32.588
3 15 90.538 27.56
3 16 44.323 4.72
3 17 76.443 34.594
3 18 85.571 3.367
3 19 84.069 3.803
4 5 83.518 0.787
4 6 59.519 10.652
4 7 76.643 24.761
4 8 66.057 30.855
4 9 72.303 39.416
4 10 98.183 34.979
4 11 60.236 43.991
4 12 45.002 16.455
4 13 51.302 34.562
4 14 71.838 37.558
4 15 40.329 1.265
4 16 50.076 42.339
4 17 69.841 30.595
4 18 89.431 26.898
4 19 85.484 18.374
5 6 57.457 49.449
5 7 92.022 44.001
5 8 58.532 29.349
5 9 68.67 40.902
5 10 41.847 32.562
5 11 74.981 48.095
5 12 76.068 44.749
5 13 49.695 26.749
5 14 71.42 0.037
5 15 98.493 23.037
5 16 56.064 2.536
5 17 63.032 6.201
5 18 68.615 45.953
5 19 86.676 35.352
6 7 82.517 0.349
6 8 88.837 0.349
6 9 83.364 0.349
6 10 84.628 0.349
6 11 83.136 0.349
6 12 81.359 0.349
6 13 88.638 0.349
6 14 88.736 19.922
6 15 40.589 28.016
6 16 42.634 16.645
6 17 90.755 39.113
6 18 76.774 47.248
6 19 63.679 15.865
7 8 85.665 0.349
7 9 83.224 0.349
7 10 84.676 0.349
7 11 80.857 0.349
7 12 88.567 0.349
7 13 81.443 0.349
7 14 66.995 29.085
7 15 75.288 35.884
7 16 93.766 1.259
7 17 63.418 9.821
7 18 79.227 44.753
7 19 49.321 49.212
8 9 80.196 0.349
8 10 88.791 0.349
8 11 80.224 0.349
8 12 87.753 0.349
8 13 86.801 0.349
8 14 58.634 11.826
8 15 91.409 14.832
8 16 89.626 48.183
8 17 95.692 25.196
8 18 73.894 35.682
8 19 84.703 0.554
9 10 83.531 0.349
9 11 83.35 0.349
9 12 85.138 0.349
9 13 87.208 0.349
9 14 74.002 31.636
9 15 82.411 20.574
9 16 65.072 34.445
9 17 74.62 29.864
9 18 96.8 42.763
9 19 63.196 29.059
10 11 86.354 0.349
10 12 86.998 0.349
10 13 85.598 0.349
10 14 54.277 7.558
10 15 45.368 18.691
10 16 52.039 26.311
10 17 60.682 45.573
10 18 81.292 39.545
10 19 89.909 43.326
11 12 81.334 0.349
11 13 86.732 0.349
11 14 68.693 23.477
11 15 93.134 0.269
11 16 79.381 16.112
11 17 95.223 2.314
11 18 42.579 19.578
11 19 98.984 9.156
12 13 83.974 0.349
12 14 56.303 41.784
12 15 88.509 1.552
12 16 41.082 29.023
12 17 60.532 21.388
12 18 47.762 30.546
12 19 84.319 24.477
13 14 56.303 17.6
13 15 86.525 6.68
13 16 73.374 15.488
13 17 86.513 13.777
13 18 84.826 49.854
13 19 65.652 47.401
14 15 83.502 0.578
14 16 81.468 0.578
14 17 82.253 0.578
14 18 83.306 0.578
14 19 85.43 0.578
15 16 86.993 0.578
15 17 86.74 0.578
15 18 89.863 0.578
15 19 86.313 0.578
16 17 81.822 0.578
16 18 84.731 0.578
16 19 80.207 0.578
17 18 88.87 0.578
17 19 80.922 0.578
18 19 84.806 0.578