20
64
0 1 4 1.67
0 2 11 1.88
0 3 24 1.48
0 4 17 0.65
0 5 13 3.32
0 6 26 0.98
0 7 13 3.53
0 8 9 0.43
0 9 21 1.13
0 10 18 1.9
0 11 15 2.23
0 12 26 3.41
0 13 10 2.19
0 14 3 2.96
0 15 18 3.88
0 16 27 3.86
0 17 29 0.91
0 18 25 2.25
0 19 29 4.1
1 2 8 0.13
1 3 4 1.01
1 4 3 3.87
1 5 18 0.57
1 6 25 4.04
1 7 11 4.13
1 8 13 0.81
1 9 10 4.77
1 10 0 3.96
1 11 6 1.3
1 12 27 1.08
1 13 23 1.91
1 14 16 2.16
1 15 28 2.46
1 16 11 1.28
1 17 20 4.05
1 18 5 1.59
1 19 23 0.36
2 3 8 0.52
2 4 25 1.41
2 5 8 4.18
2 6 4 0.83
2 7 25 0.23
2 8 26 2.25
2 9 17 4.7
2 10 17 1.99
2 11 14 1.29
2 12 0 4.51
2 13 22 4.16
2 14 14 4.62
2 15 23 0.67
2 16 7 2.87
2 17 20 3.72
2 18 5 1.97
2 19 24 1.97
3 4 21 1.69
3 5 23 4.89
3 6 0 1.12
3 7 11 0.82
3 8 10 2.31
3 9 5 3.51
3 10 28 2.54
3 11 22 2.42
3 12 1 3.97
3 13 15 0.97
3 14 26 4.77
3 15 17 1.5
3 16 29 4.63
3 17 9 3.01
3 18 16 3.15
3 19 7 0.81
4 5 17 2.42
4 6 7 3.11
4 7 2 1.51
4 8 0 2.86
4 9 7 2.14
4 10 9 2.95
4 11 9 4.55
4 12 13 1.56
4 13 6 4.54
4 14 13 1.47
4 15 26 1.35
4 16 15 1.97
4 17 20 1.61
4 18 25 4.19
4 19 23 0.63
5 6 28 1.95
5 7 19 1.76
5 8 7 3.39
5 9 0 2.61
5 10 6 3.74
5 11 15 0.12
5 12 19 4.7
5 13 14 2.37
5 14 9 0.21
5 15 17 3.67
5 16 28 1.77
5 17 4 0.99
5 18 15 0.2
5 19 12 2.59
6 7 29 4.3
6 8 15 1.86
6 9 27 4.92
6 10 27 0.69
6 11 14 1.73
6 12 20 1.44
6 13 17 1.79
6 14 22 2.19
6 15 14 3.33
6 16 15 2.11
6 17 4 2.74
6 18 6 3.01
6 19 9 3.79
7 8 6 1.61
7 9 11 4.57
7 10 23 3.28
7 11 23 1.64
7 12 20 3.14
7 13 4 4.25
7 14 6 0.34
7 15 5 4.93
7 16 9 0.42
7 17 3 3.93
7 18 16 0.99
7 19 6 1.36
8 9 13 3.82
8 10 7 4.52
8 11 20 2.57
8 12 14 1.58
8 13 7 3.24
8 14 6 4.98
8 15 2 4.19
8 16 29 2.81
8 17 28 0.97
8 18 10 0.42
8 19 4 3.4
9 10 14 4.37
9 11 12 0.94
9 12 19 0.41
9 13 30 3.78
9 14 20 3.99
9 15 29 3.25
9 16 11 1.76
9 17 26 0.11
9 18 11 2.07
9 19 21 4.73
10 11 13 0.77
10 12 9 0.11
10 13 24 0.81
10 14 4 4.62
10 15 12 4.22
10 16 23 2.3
10 17 11 4.9
10 18 26 3.77
10 19 19 2.29
11 12 1 3.62
11 13 11 0.71
11 14 10 1.14
11 15 7 0.85
11 16 16 3.16
11 17 11 3.85
11 18 18 3.46
11 19 10 4.13
12 13 2 2.36
12 14 21 0.18
12 15 21 3.33
12 16 25 2.66
12 17 17 0.89
12 18 29 3.29
12 19 23 3.93
13 14 23 1.74
13 15 3 4.26
13 16 2 0.3
13 17 12 2.58
13 18 26 0.31
13 19 24 2
14 15 9 0.36
14 16 15 0.72
14 17 21 2.15
14 18 1 3.09
14 19 21 3.39
15 16 13 3.44
15 17 29 1.71
15 18 30 3.29
15 19 28 2.06
16 17 18 2.13
16 18 13 4.98
16 19 18 2.99
17 18 23 3.58
17 19 23 4.17
18 19 22 1.7