20
98.01
0 1 10.296 26.393
0 2 13.448 33.821
0 3 3.472 20.939
0 4 8.538 42.977
0 5 11.08 44.561
0 6 13.635 43.011
0 7 34.295 19.603
0 8 28.097 8.486
0 9 30.797 26.747
0 10 5.096 9.087
0 11 6.046 28.914
0 12 6.82 24.286
0 13 15.502 12.695
0 14 21.606 36.29
0 15 26.146 30.016
0 16 23.065 40.163
0 17 35.716 5.567
0 18 8.54 3.122
0 19 6.112 14.36
1 2 4.084 9.63
1 3 7.607 22.418
1 4 12.804 38.72
1 5 35.584 7.536
1 6 4.102 33.557
1 7 13.556 4.947
1 8 14.729 29.53
1 9 20.455 20.088
1 10 11.912 13.637
1 11 22.421 44.809
1 12 5.307 36.603
1 13 1.774 15.195
1 14 13.138 29.691
1 15 35.183 43.409
1 16 1.443 10.507
1 17 26.367 11.235
1 18 0.843 9.835
1 19 2.881 42.14
2 3 11.564 21.242
2 4 7.217 10.504
2 5 22.393 39.872
2 6 25.217 7.957
2 7 33.978 37.225
2 8 3.96 28.657
2 9 31.944 11.846
2 10 34.144 20.629
2 11 20.657 11.575
2 12 27.543 36.753
2 13 32.046 35.433
2 14 26.66 27.131
2 15 3.016 24.989
2 16 22.301 19.752
2 17 12.603 9.285
2 18 5.711 44.074
2 19 33.632 6.126
3 4 22.501 5.293
3 5 33.642 28.034
3 6 15.244 37.252
3 7 21.947 33.125
3 8 28.135 40.423
3 9 16.381 10.061
3 10 18.241 19.747
3 11 26.431 12.235
3 12 29.488 5.104
3 13 30.666 44.091
3 14 8.828 9.554
3 15 11.612 3.898
3 16 9.014 17.891
3 17 6.179 25.842
3 18 10.424 21.754
3 19 28.52 40.375
4 5 28.444 42.7
4 6 14.818 44.837
4 7 0.829 41.062
4 8 26.414 17.734
4 9 18.016 13.487
4 10 4.143 34.828
4 11 6.126 8.411
4 12 31.361 10.352
4 13 27.824 42.906
4 14 16.997 8.786
4 15 28.557 30.286
4 16 14.042 24.841
4 17 2.814 39.472
4 18 11.698 16.752
4 19 17.384 40.816
5 6 14.632 14.967
5 7 24.719 38.248
5 8 4.636 10.307
5 9 6.297 15.964
5 10 3.614 22.806
5 11 26.956 30.905
5 12 24.407 42.128
5 13 21.748 4.98
5 14 1.332 21.196
5 15 19.609 11.508
5 16 23.685 34.304
5 17 28.017 5.296
5 18 31.57 38.218
5 19 29.87 10.486
6 7 3.593 34.977
6 8 4.764 11.339
6 9 9.524 9.68
6 10 9.128 22.716
6 11 16.857 29.376
6 12 3.664 12.853
6 13 35.068 21.699
6 14 24.499 5.078
6 15 20.558 10.611
6 16 34.089 10.819
6 17 21.432 30.303
6 18 0.565 24.199
6 19 29.607 20.981
7 8 2.658 7.063
7 9 33.176 28.268
7 10 15.685 23.696
7 11 7.681 35.801
7 12 8.131 42.344
7 13 18.862 35.479
7 14 24.198 14.649
7 15 31.869 38.596
7 16 6.127 9.326
7 17 21.435 18.613
7 18 31.609 20.077
7 19 8.65 35.712
8 9 10.771 16.158
8 10 18.277 23.507
8 11 2.394 20.963
8 12 12.717 21.093
8 13 2.797 16.345
8 14 9.53 40.154
8 15 9.812 21.438
8 16 19.255 29.045
8 17 5.643 17.269
8 18 15.73 20.605
8 19 0.818 19.359
9 10 23.955 15.478
9 11 28.318 44.479
9 12 24.412 22.128
9 13 4.464 22.501
9 14 6.538 30.292
9 15 34.199 12.819
9 16 27.047 25.475
9 17 12.182 36.751
9 18 15.07 6.381
9 19 27.297 37.184
10 11 15.477 32.158
10 12 3.191 34.116
10 13 8.58 39.248
10 14 13.449 26.133
10 15 8.682 32.527
10 16 31.093 28.046
10 17 3.07 23.747
10 18 9.526 34.402
10 19 25.927 39.631
11 12 11.257 21.51
11 13 35.223 21.139
11 14 28.717 39.727
11 15 2.09 7.911
11 16 25.47 8.332
11 17 6.466 15.191
11 18 8.633 32.796
11 19 6.726 16.924
12 13 17.016 20.71
12 14 1.825 44.967
12 15 1.708 7.139
12 16 22.051 14.249
12 17 21.896 32.672
12 18 10.029 3.306
12 19 13.997 24.957
13 14 33.245 36.582
13 15 0.21 36.07
13 16 26.956 30.623
13 17 16.575 19.381
13 18 23.308 33.626
13 19 2.049 31.71
14 15 10.162 18.312
14 16 5.495 40.475
14 17 26.406 30.355
14 18 5.658 9.233
14 19 4.779 27.967
15 16 21.337 12.523
15 17 18.665 25.319
15 18 6.333 32.649
15 19 17.888 11.132
16 17 15.982 11.502
16 18 35.399 22.199
16 19 19.913 39.913
17 18 35.556 3.945
17 19 13.643 5.376
18 19 2.729 11.394
