20
32.144
0 1 1.917 0.959
0 2 2.923 1.462
0 3 0.539 0.27
0 4 3.992 1.996
0 5 2.003 1.002
0 6 1.596 0.798
0 7 3.529 1.764
0 8 3.644 1.822
0 9 0.843 0.421
0 10 1.256 0.628
0 11 1.283 0.641
0 12 3.803 1.901
0 13 3.457 1.728
0 14 3.85 1.925
0 15 3.412 1.706
0 16 0.854 0.427
0 17 2.058 1.029
0 18 3.983 1.992
0 19 2.382 1.191
1 2 1.996 0.998
1 3 1.956 0.978
1 4 1.265 0.632
1 5 0.567 0.283
1 6 0.652 0.326
1 7 1.434 0.717
1 8 3.945 1.972
1 9 3.619 1.81
1 10 2.414 1.207
1 11 0.623 0.311
1 12 3.493 1.746
1 13 2.658 1.329
1 14 1.795 0.897
1 15 1.687 0.844
1 16 3.81 1.905
1 17 3.944 1.972
1 18 3.589 1.794
1 19 3.188 1.594
2 3 0.976 0.488
2 4 0.578 0.289
2 5 1.43 0.715
2 6 3.786 1.893
2 7 3.049 1.524
2 8 1.728 0.864
2 9 2.518 1.259
2 10 2.707 1.353
2 11 0.823 0.411
2 12 3.275 1.637
2 13 3.437 1.718
2 14 3.75 1.875
2 15 3.764 1.882
2 16 2.194 1.097
2 17 0.741 0.37
2 18 2.897 1.448
2 19 3.582 1.791
3 4 2.289 1.145
3 5 3.966 1.983
3 6 3.323 1.661
3 7 0.82 0.41
3 8 2.075 1.038
3 9 1.513 0.756
3 10 2.892 1.446
3 11 2.753 1.377
3 12 1.442 0.721
3 13 3.561 1.78
3 14 2.303 1.151
3 15 0.61 0.305
3 16 1.891 0.946
3 17 1.048 0.524
3 18 2.304 1.152
3 19 2.037 1.018
4 5 1.647 0.824
4 6 1.595 0.797
4 7 2.587 1.294
4 8 1.829 0.914
4 9 2.259 1.129
4 10 1.788 0.894
4 11 2.881 1.44
4 12 2.775 1.387
4 13 3.85 1.925
4 14 1.12 0.56
4 15 2.965 1.482
4 16 1.547 0.773
4 17 3.487 1.744
4 18 2.936 1.468
4 19 2.252 1.126
5 6 1.192 0.596
5 7 2.258 1.129
5 8 3.531 1.766
5 9 3.975 1.988
5 10 2.306 1.153
5 11 3.803 1.901
5 12 2.224 1.112
5 13 3.937 1.968
5 14 2.166 1.083
5 15 3.664 1.832
5 16 2.048 1.024
5 17 3.713 1.857
5 18 3.523 1.762
5 19 3.76 1.88
6 7 0.881 0.441
6 8 3.928 1.964
6 9 0.589 0.294
6 10 0.96 0.48
6 11 3.692 1.846
6 12 0.516 0.258
6 13 3.057 1.528
6 14 1.514 0.757
6 15 2.561 1.28
6 16 0.777 0.389
6 17 2.384 1.192
6 18 3.492 1.746
6 19 1.337 0.668
7 8 3.644 1.822
7 9 2.862 1.431
7 10 3.003 1.502
7 11 2.081 1.04
7 12 3.435 1.718
7 13 3.142 1.571
7 14 2.072 1.036
7 15 1.528 0.764
7 16 2.276 1.138
7 17 2.96 1.48
7 18 3.821 1.911
7 19 1.547 0.773
8 9 2.98 1.49
8 10 3.992 1.996
8 11 0.786 0.393
8 12 0.551 0.276
8 13 3.819 1.909
8 14 2.112 1.056
8 15 2.59 1.295
8 16 3.592 1.796
8 17 3.288 1.644
8 18 2.526 1.263
8 19 3.021 1.51
9 10 3.753 1.877
9 11 2.39 1.195
9 12 3.516 1.758
9 13 1.834 0.917
9 14 0.97 0.485
9 15 1.003 0.501
9 16 2.845 1.423
9 17 1.225 0.613
9 18 2.063 1.032
9 19 2.787 1.393
10 11 1.481 0.741
10 12 3.667 1.833
10 13 2.764 1.382
10 14 2.139 1.069
10 15 2.327 1.163
10 16 2.08 1.04
10 17 3.642 1.821
10 18 1.659 0.83
10 19 1.527 0.763
11 12 1.649 0.825
11 13 2.992 1.496
11 14 3.595 1.798
11 15 0.564 0.282
11 16 1.585 0.792
11 17 2.995 1.498
11 18 0.687 0.344
11 19 2.92 1.46
12 13 2.173 1.087
12 14 0.658 0.329
12 15 3.134 1.567
12 16 1.806 0.903
12 17 1.263 0.631
12 18 2.373 1.187
12 19 2.44 1.22
13 14 3.216 1.608
13 15 2.758 1.379
13 16 1.8 0.9
13 17 1.58 0.79
13 18 1.466 0.733
13 19 0.801 0.401
14 15 2.556 1.278
14 16 1.177 0.589
14 17 3.998 1.999
14 18 2.791 1.395
14 19 2.383 1.192
15 16 2.311 1.155
15 17 2.55 1.275
15 18 1.315 0.657
15 19 1.851 0.925
16 17 2.531 1.266
16 18 3.871 1.935
16 19 2.12 1.06
17 18 1.053 0.526
17 19 1.808 0.904
18 19 3.011 1.506
