20
56.718
0 1 57.511 0.007
0 2 38.516 12.759
0 3 39.447 5.771
0 4 80.952 0.0
0 5 45.119 0.0
0 6 46.219 0.725
0 7 38.872 0.834
0 8 38.057 12.899
0 9 83.122 0.0
0 10 37.543 0.84
0 11 72.65 0.0
0 12 60.329 0.0
0 13 52.24 0.0
0 14 38.195 5.581
0 15 37.126 5.719
0 16 78.387 0.002
0 17 60.903 0.006
0 18 81.822 0.0
0 19 61.194 0.0
1 2 36.227 12.993
1 3 36.307 5.704
1 4 60.443 0.01
1 5 43.206 0.006
1 6 60.385 0.669
1 7 37.917 0.742
1 8 35.934 12.885
1 9 68.747 0.003
1 10 38.537 0.78
1 11 71.213 0.012
1 12 94.319 0.008
1 13 71.476 0.001
1 14 36.344 5.588
1 15 37.142 5.78
1 16 72.939 0.047
1 17 83.361 0.23
1 18 90.749 0.004
1 19 82.024 0.002
2 3 58.356 12.896
2 4 44.826 13.111
2 5 36.691 13.462
2 6 38.559 13.139
2 7 58.481 12.757
2 8 71.269 11.298
2 9 52.207 12.797
2 10 61.668 13.053
2 11 39.816 12.913
2 12 43.06 12.859
2 13 38.386 13.055
2 14 53.072 13.29
2 15 49.541 13.023
2 16 48.519 12.586
2 17 38.742 13.266
2 18 51.15 13.227
2 19 40.601 13.062
3 4 44.377 5.552
3 5 36.884 5.503
3 6 37.91 5.518
3 7 58.028 5.6
3 8 58.294 12.969
3 9 49.731 5.668
3 10 57.632 5.379
3 11 39.25 5.445
3 12 42.177 5.71
3 13 35.747 5.509
3 14 67.564 1.505
3 15 66.194 4.855
3 16 52.615 5.564
3 17 38.974 5.481
3 18 49.221 5.653
3 19 39.703 5.724
4 5 70.502 0.0
4 6 84.122 2.0
4 7 43.175 2.376
4 8 44.977 12.861
4 9 71.372 0.0
4 10 42.771 2.298
4 11 58.397 0.0
4 12 51.186 0.0
4 13 93.371 0.0
4 14 42.094 5.715
4 15 41.669 5.463
4 16 84.703 0.0
4 17 75.794 0.061
4 18 76.941 0.0
4 19 74.846 0.0
5 6 75.639 0.322
5 7 38.482 0.366
5 8 36.945 12.964
5 9 89.545 0.0
5 10 36.274 0.359
5 11 45.671 0.0
5 12 69.202 0.0
5 13 43.907 0.0
5 14 37.986 5.86
5 15 38.354 5.544
5 16 73.966 0.0
5 17 47.296 0.019
5 18 63.183 0.0
5 19 91.751 0.0
6 7 38.492 2.742
6 8 41.135 13.018
6 9 77.199 0.548
6 10 39.772 2.748
6 11 58.293 1.128
6 12 71.744 2.371
6 13 67.564 0.652
6 14 38.639 5.685
6 15 38.787 5.601
6 16 68.762 0.587
6 17 69.874 1.472
6 18 64.471 0.09
6 19 72.753 0.068
7 8 58.452 12.851
7 9 52.918 0.628
7 10 85.829 0.0
7 11 40.317 1.291
7 12 42.953 2.704
7 13 36.873 0.764
7 14 52.594 5.619
7 15 50.433 5.685
7 16 50.364 0.678
7 17 39.493 1.634
7 18 49.231 0.1
7 19 41.149 0.076
8 9 48.671 13.075
8 10 59.733 13.194
8 11 38.805 13.262
8 12 42.37 12.994
8 13 38.11 12.65
8 14 53.023 12.761
8 15 51.972 13.46
8 16 51.308 12.88
8 17 38.93 13.001
8 18 51.885 12.861
8 19 42.323 12.729
9 10 52.203 0.609
9 11 59.4 0.0
9 12 62.164 0.0
9 13 84.041 0.0
9 14 49.881 5.812
9 15 51.6 5.814
9 16 69.544 0.0
9 17 80.029 0.028
9 18 72.368 0.0
9 19 67.369 0.0
10 11 39.815 1.314
10 12 44.051 2.679
10 13 37.168 0.735
10 14 51.713 5.72
10 15 50.112 5.516
10 16 52.271 0.686
10 17 40.321 1.696
10 18 51.461 0.103
10 19 40.756 0.077
11 12 74.012 0.0
11 13 81.852 0.0
11 14 38.177 5.482
11 15 39.183 5.653
11 16 67.694 0.001
11 17 71.501 0.015
11 18 86.571 0.0
11 19 77.503 0.0
12 13 68.608 0.0
12 14 43.696 5.514
12 15 43.105 5.557
12 16 70.565 0.001
12 17 67.308 0.108
12 18 70.832 0.0
12 19 66.378 0.0
13 14 36.224 5.605
13 15 38.232 5.647
13 16 64.958 0.0
13 17 66.605 0.024
13 18 74.226 0.0
13 19 48.261 0.0
14 15 59.976 4.934
14 16 49.813 5.704
14 17 39.453 5.458
14 18 50.207 5.674
14 19 41.413 5.658
15 16 50.735 5.74
15 17 39.47 5.673
15 18 50.058 5.593
15 19 40.8 5.689
16 17 72.8 0.071
16 18 58.966 0.0
16 19 68.716 0.0
17 18 68.109 0.023
17 19 76.893 0.002
18 19 85.031 0.0