20
89.945
0 1 32.817 10.543
0 2 63.533 59.526
0 3 18.078 85.703
0 4 45.007 30.439
0 5 19.337 5.006
0 6 22.471 92.204
0 7 15.851 96.067
0 8 1.089 12.091
0 9 82.211 10.115
0 10 0 88.879
0 11 0 70.534
0 12 0 67.495
0 13 0 76.375
0 14 0 61.209
0 15 0 72.845
0 16 0 54.009
0 17 0 58.985
0 18 0 42.588
0 19 0 90.844
1 2 88.674 84.773
1 3 60.868 44.241
1 4 59.065 35.147
1 5 81.346 70.943
1 6 21.577 86.288
1 7 56.438 74.634
1 8 33.651 72.095
1 9 89.458 8.458
1 10 0 89.031
1 11 0 64.579
1 12 0 80.2
1 13 0 48.503
1 14 0 77.568
1 15 0 92.424
1 16 0 77.103
1 17 0 60.906
1 18 0 48.022
1 19 0 89.944
2 3 77.323 2.152
2 4 79.661 10.178
2 5 0.455 63.97
2 6 63.143 72.316
2 7 67.156 74.016
2 8 55.992 7.01
2 9 68.513 64.077
2 10 0 72.469
2 11 0 40.861
2 12 0 74.04
2 13 0 44.715
2 14 0 76.307
2 15 0 98.739
2 16 0 79.691
2 17 0 79.182
2 18 0 50.797
2 19 0 55.345
3 4 61.15 44.235
3 5 48.191 56.272
3 6 98.965 48.734
3 7 86.325 79.794
3 8 87.485 7.653
3 9 65.559 30.651
3 10 0 50.08
3 11 0 58.321
3 12 0 81.096
3 13 0 46.894
3 14 0 46.742
3 15 0 96.696
3 16 0 60.124
3 17 0 73.881
3 18 0 85.576
3 19 0 46.213
4 5 42.568 35.854
4 6 43.841 78.577
4 7 25.632 16.454
4 8 19.402 67.537
4 9 73.468 72.18
4 10 0.201 0.001
4 11 0.201 0.001
4 12 0.201 0.001
4 13 0.201 0.001
4 14 0.201 0.001
4 15 0.201 0.001
4 16 0.201 0.001
4 17 0.201 0.001
4 18 0.201 0.001
4 19 0.201 0.001
5 6 6.105 44.511
5 7 64.061 14.544
5 8 77.925 43.433
5 9 87.263 35.27
5 10 0 72.71
5 11 0 42.298
5 12 0 81.046
5 13 0 49.256
5 14 0 93.744
5 15 0 54.394
5 16 0 65.264
5 17 0 76.101
5 18 0 78.242
5 19 0 86.342
6 7 76.656 32.855
6 8 28.682 15.7
6 9 92.971 11.652
6 10 0 97.707
6 11 0 93.061
6 12 0 49.838
6 13 0 72.872
6 14 0 69.332
6 15 0 51.171
6 16 0 40.258
6 17 0 87.869
6 18 0 82.343
6 19 0 78.281
7 8 61.427 53.98
7 9 23.559 1.688
7 10 0 56.529
7 11 0 79.632
7 12 0 80.354
7 13 0 81.046
7 14 0 93.868
7 15 0 64.183
7 16 0 63.23
7 17 0 41.425
7 18 0 92.318
7 19 0 47.039
8 9 88.418 11.389
8 10 0 83.905
8 11 0 87.903
8 12 0 95.289
8 13 0 56.5
8 14 0 47.587
8 15 0 98.132
8 16 0 67.358
8 17 0 74.067
8 18 0 63.919
8 19 0 98.99
9 10 0 92.576
9 11 0 42.771
9 12 0 87.067
9 13 0 67.124
9 14 0 69.884
9 15 0 50.638
9 16 0 89.32
9 17 0 91.626
9 18 0 99.647
9 19 0 55.113
10 11 0.145 0.001
10 12 0.145 0.001
10 13 0.145 0.001
10 14 0.145 0.001
10 15 0.145 0.001
10 16 0.145 0.001
10 17 0.145 0.001
10 18 0.145 0.001
10 19 0.145 0.001
11 12 0.145 0.001
11 13 0.145 0.001
11 14 0.145 0.001
11 15 0.145 0.001
11 16 0.145 0.001
11 17 0.145 0.001
11 18 0.145 0.001
11 19 0.145 0.001
12 13 0.145 0.001
12 14 0.145 0.001
12 15 0.145 0.001
12 16 0.145 0.001
12 17 0.145 0.001
12 18 0.145 0.001
12 19 0.145 0.001
13 14 0.145 0.001
13 15 0.145 0.001
13 16 0.145 0.001
13 17 0.145 0.001
13 18 0.145 0.001
13 19 0.145 0.001
14 15 0.145 0.001
14 16 0.145 0.001
14 17 0.145 0.001
14 18 0.145 0.001
14 19 0.145 0.001
15 16 0.145 0.001
15 17 0.145 0.001
15 18 0.145 0.001
15 19 0.145 0.001
16 17 0.145 0.001
16 18 0.145 0.001
16 19 0.145 0.001
17 18 0.145 0.001
17 19 0.145 0.001
18 19 0.145 0.001