20
61.032
0 1 52.441 1.024
0 2 16.9 99.225
0 3 22.201 86.436
0 4 14.884 4.225
0 5 40.804 56.644
0 6 20.736 18.769
0 7 0.081 4.096
0 8 11.664 21.904
0 9 27.889 25.921
0 10 72.361 65.536
0 11 27.556 2.809
0 12 21.316 80.656
0 13 27.556 57.6
0 14 11.664 95.481
0 15 0.036 11.025
0 16 8.836 15.625
0 17 61.009 54.756
0 18 32.761 42.436
0 19 85.849 55.225
1 2 82.369 63.504
1 3 51.529 0.441
1 4 13.225 2.304
1 5 2.209 12.996
1 6 86.436 88.804
1 7 8.1 55.225
1 8 3.481 18.225
1 9 8.649 1.369
1 10 73.441 81.796
1 11 56.169 85.264
1 12 50.625 38.416
1 13 95.481 94.864
1 14 0.484 44.944
1 15 90.601 11.236
1 16 0.441 5.184
1 17 16.129 11.881
1 18 10.0 8.1
1 19 17.161 7.056
2 3 0.004 59.049
2 4 28.224 42.849
2 5 31.684 2.209
2 6 8.281 40.804
2 7 4.096 2.401
2 8 0.961 31.329
2 9 65.025 1.521
2 10 34.225 3.136
2 11 12.996 21.609
2 12 41.616 36.1
2 13 62.5 6.241
2 14 10.201 69.169
2 15 50.176 13.456
2 16 2.916 86.436
2 17 50.625 65.536
2 18 20.736 6.241
2 19 58.081 57.6
3 4 35.344 44.521
3 5 10.404 16.129
3 6 0.064 60.516
3 7 27.889 40.804
3 8 22.801 41.616
3 9 16.9 6.084
3 10 50.176 43.681
3 11 48.4 81.225
3 12 14.161 11.449
3 13 0.004 30.276
3 14 63.001 18.225
3 15 13.456 0.036
3 16 54.289 12.769
3 17 67.081 13.225
3 18 3.844 0.036
3 19 11.664 1.444
4 5 6.561 61.009
4 6 46.225 28.9
4 7 0.036 40.0
4 8 28.9 56.169
4 9 36.481 78.4
4 10 11.025 73.984
4 11 7.569 11.664
4 12 91.204 2.209
4 13 0.4 41.209
4 14 3.025 74.529
4 15 32.4 71.824
4 16 7.569 28.224
4 17 19.881 24.964
4 18 7.744 4.096
4 19 3.136 33.489
5 6 24.649 3.721
5 7 71.289 16.9
5 8 26.569 33.124
5 9 2.601 81.225
5 10 0.289 88.209
5 11 28.9 61.504
5 12 0.961 74.529
5 13 32.4 22.201
5 14 84.1 12.769
5 15 18.225 58.081
5 16 31.329 0.225
5 17 10.201 43.681
5 18 31.684 12.1
5 19 34.225 27.556
6 7 53.824 87.025
6 8 99.225 67.6
6 9 76.729 40.804
6 10 0.036 93.636
6 11 60.025 40.401
6 12 34.596 8.464
6 13 3.364 30.625
6 14 48.841 3.6
6 15 3.025 97.969
6 16 38.416 32.761
6 17 9.604 91.809
6 18 80.089 15.129
6 19 17.689 6.889
7 8 44.944 94.249
7 9 3.969 25.281
7 10 68.644 0.529
7 11 5.329 98.596
7 12 7.396 14.884
7 13 97.344 17.424
7 14 36.864 29.584
7 15 20.164 3.481
7 16 9.025 75.076
7 17 6.241 61.009
7 18 24.025 96.1
7 19 0.196 95.481
8 9 57.6 2.5
8 10 78.4 2.5
8 11 2.025 28.561
8 12 54.756 64.516
8 13 58.081 26.896
8 14 85.264 4.761
8 15 74.529 29.929
8 16 12.321 48.4
8 17 36.864 97.344
8 18 65.536 96.1
8 19 85.264 63.504
9 10 70.225 22.5
9 11 65.536 0.049
9 12 2.209 36.481
9 13 48.841 42.849
9 14 63.504 8.1
9 15 28.561 47.524
9 16 61.504 71.289
9 17 77.841 1.024
9 18 0.841 11.236
9 19 14.161 7.921
10 11 25.281 9.025
10 12 31.684 38.416
10 13 97.969 49.729
10 14 79.524 25.921
10 15 0.9 0.064
10 16 82.369 13.225
10 17 82.944 59.536
10 18 87.025 77.284
10 19 5.041 84.1
11 12 15.625 2.209
11 13 0.225 2.025
11 14 69.696 78.961
11 15 36.481 51.529
11 16 70.756 4.761
11 17 0.484 8.464
11 18 27.889 56.644
11 19 9.604 38.025
12 13 24.649 1.6
12 14 24.964 17.424
12 15 30.276 11.236
12 16 18.769 45.796
12 17 4.489 47.961
12 18 7.056 67.6
12 19 0.049 84.681
13 14 7.744 78.961
13 15 37.636 25.6
13 16 51.529 1.681
13 17 39.601 36.1
13 18 30.625 14.161
13 19 80.656 0.064
14 15 26.569 62.5
14 16 76.176 11.449
14 17 1.936 82.944
14 18 9.604 10.609
14 19 98.596 15.876
15 16 81.225 0.529
15 17 12.996 12.321
15 18 0.625 2.601
15 19 38.025 12.996
16 17 0.009 17.424
16 18 68.644 0.016
16 19 13.689 4.225
17 18 43.264 78.4
17 19 6.084 38.416
18 19 91.204 33.856