20
76.481
0 1 50.248 4.175
0 2 50.835 3.464
0 3 64.45 3.75
0 4 33.185 4.01
0 5 60.102 4.34
0 6 55.324 6.352
0 7 33.544 3.365
0 8 63.505 3.531
0 9 54.153 4.753
0 10 44.774 3.297
0 11 63.88 5.063
0 12 42.995 3.348
0 13 43.876 3.171
0 14 40.554 5.217
0 15 62.01 4.843
0 16 56.727 3.944
0 17 63.4 2.813
0 18 34.536 4.632
0 19 54.63 3.714
1 2 59.268 2.799
1 3 60.847 3.672
1 4 60.03 4.934
1 5 43.972 3.916
1 6 50.295 4.055
1 7 24.855 5.083
1 8 58.339 5.067
1 9 62.46 4.944
1 10 52.366 3.518
1 11 45.003 2.954
1 12 88.672 4.261
1 13 55.603 3.746
1 14 57.472 4.499
1 15 40.731 3.671
1 16 38.933 2.925
1 17 31.794 3.478
1 18 40.081 5.529
1 19 53.273 3.828
2 3 54.135 4.029
2 4 46.801 4.234
2 5 20.715 2.186
2 6 38.048 2.379
2 7 15.357 4.406
2 8 51.351 7.207
2 9 42.066 5.353
2 10 43.978 3.378
2 11 68.099 3.798
2 12 69.791 3.96
2 13 49.881 5.948
2 14 35.316 3.724
2 15 60.439 1.684
2 16 41.768 3.241
2 17 69.752 3.646
2 18 40.853 4.913
2 19 46.362 4.407
3 4 81.154 3.811
3 5 35.231 4.293
3 6 49.91 4.028
3 7 48.994 2.288
3 8 71.456 5.378
3 9 51.604 3.669
3 10 61.352 5.794
3 11 47.644 3.885
3 12 43.357 1.971
3 13 63.808 4.029
3 14 43.07 5.195
3 15 73.072 3.241
3 16 45.957 2.944
3 17 59.236 1.832
3 18 73.166 3.312
3 19 53.224 4.037
4 5 14.312 4.256
4 6 39.19 4.154
4 7 57.96 3.374
4 8 49.992 3.333
4 9 34.012 3.632
4 10 65.77 4.834
4 11 45.749 4.004
4 12 50.354 3.772
4 13 40.939 3.76
4 14 50.333 4.428
4 15 57.495 2.97
4 16 33.653 5.913
4 17 57.073 3.444
4 18 47.308 2.223
4 19 35.695 3.17
5 6 27.727 3.56
5 7 53.012 4.054
5 8 69.428 3.854
5 9 54.974 2.999
5 10 36.49 1.978
5 11 51.696 4.118
5 12 73.3 3.997
5 13 41.847 3.867
5 14 25.033 4.716
5 15 61.328 4.431
5 16 63.431 3.073
5 17 56.27 3.194
5 18 58.181 4.565
5 19 55.839 3.909
6 7 52.349 6.983
6 8 74.054 4.304
6 9 23.809 4.113
6 10 56.68 2.399
6 11 31.5 3.309
6 12 62.304 3.858
6 13 28.022 3.874
6 14 70.937 4.216
6 15 27.342 3.241
6 16 39.531 4.006
6 17 36.894 2.844
6 18 48.286 1.75
6 19 43.598 3.18
7 8 47.551 3.24
7 9 42.515 4.311
7 10 20.586 4.948
7 11 64.958 3.352
7 12 63.728 4.77
7 13 53.506 5.032
7 14 48.966 4.347
7 15 63.468 4.666
7 16 30.377 3.725
7 17 56.302 3.046
7 18 55.751 4.116
7 19 24.703 3.019
8 9 68.064 3.605
8 10 76.384 2.867
8 11 23.935 5.979
8 12 64.278 2.414
8 13 51.21 5.817
8 14 43.02 3.659
8 15 53.413 5.211
8 16 55.112 5.286
8 17 54.454 4.215
8 18 51.274 2.704
8 19 76.545 4.465
9 10 75.356 4.68
9 11 37.948 4.249
9 12 34.127 4.132
9 13 49.919 2.44
9 14 54.582 2.78
9 15 37.529 4.522
9 16 53.948 1.498
9 17 61.172 3.582
9 18 56.847 5.848
9 19 37.687 2.584
10 11 28.783 3.144
10 12 26.94 4.384
10 13 55.261 3.234
10 14 43.83 3.42
10 15 68.697 3.81
10 16 35.164 2.612
10 17 64.723 2.826
10 18 40.719 3.41
10 19 73.358 4.121
11 12 72.648 3.652
11 13 55.612 4.348
11 14 28.361 3.71
11 15 61.199 3.973
11 16 81.471 5.338
11 17 49.671 6.14
11 18 55.655 5.256
11 19 40.639 2.668
12 13 50.081 3.883
12 14 68.735 3.22
12 15 56.792 4.127
12 16 56.441 6.123
12 17 29.899 4.834
12 18 28.098 4.144
12 19 57.99 1.864
13 14 65.741 2.957
13 15 47.151 2.881
13 16 27.892 3.842
13 17 56.355 4.469
13 18 50.085 4.16
13 19 57.751 3.929
14 15 47.293 5.624
14 16 60.307 5.339
14 17 61.781 4.024
14 18 43.281 3.684
14 19 59.461 4.149
15 16 51.839 2.815
15 17 61.138 4.057
15 18 38.004 3.743
15 19 47.16 4.577
16 17 47.745 3.806
16 18 44.001 4.028
16 19 30.686 3.982
17 18 67.219 4.16
17 19 64.965 4.218
18 19 48.699 3.733