20
34.356
0 1 10.87 1.565
0 2 10.443 1.778
0 3 9.171 2.415
0 4 10.421 1.789
0 5 9.939 2.031
0 6 8.655 2.672
0 7 7.909 3.045
0 8 8.154 2.923
0 9 9.008 2.496
0 10 8.316 2.842
0 11 9.271 2.364
0 12 8.791 2.604
0 13 8.784 2.608
0 14 8.388 2.806
0 15 9.771 2.115
0 16 9.359 2.321
0 17 9.644 2.178
0 18 9.29 2.355
0 19 9.484 2.258
1 2 10.87 1.565
1 3 9.573 2.213
1 4 10.421 1.789
1 5 10.202 1.899
1 6 9.359 2.321
1 7 8.682 2.659
1 8 8.82 2.59
1 9 8.502 2.749
1 10 7.887 3.056
1 11 8.813 2.594
1 12 9.101 2.449
1 13 9.026 2.487
1 14 8.529 2.736
1 15 8.791 2.604
1 16 8.604 2.698
1 17 8.806 2.597
1 18 9.089 2.456
1 19 9.171 2.415
2 3 10.131 1.934
2 4 10.718 1.641
2 5 10.358 1.821
2 6 9.359 2.321
2 7 8.529 2.736
2 8 8.82 2.59
2 9 8.853 2.574
2 10 8.21 2.895
2 11 9.389 2.305
2 12 9.88 2.06
2 13 9.608 2.196
2 14 9.171 2.415
2 15 8.578 2.711
2 16 8.278 2.861
2 17 8.722 2.639
2 18 8.55 2.725
2 19 8.529 2.736
3 4 10.61 1.695
3 5 11.009 1.495
3 6 10.536 1.732
3 7 9.171 2.415
3 8 9.939 2.031
3 9 7.681 3.16
3 10 7.154 3.423
3 11 8.189 2.905
3 12 8.849 2.576
3 13 8.428 2.786
3 14 8.174 2.913
3 15 7.707 3.146
3 16 7.313 3.344
3 17 7.621 3.19
3 18 8.579 2.71
3 19 8.299 2.85
4 5 11.885 1.057
4 6 9.656 2.172
4 7 8.547 2.726
4 8 9.059 2.47
4 9 8.254 2.873
4 10 7.644 3.178
4 11 8.708 2.646
4 12 8.784 2.608
4 13 8.529 2.736
4 14 8.21 2.895
4 15 8.675 2.662
4 16 8.189 2.905
4 17 8.475 2.763
4 18 9.391 2.305
4 19 9.197 2.401
5 6 10.131 1.934
5 7 8.879 2.561
5 8 9.484 2.258
5 9 7.898 3.051
5 10 7.323 3.339
5 11 8.338 2.831
5 12 8.604 2.698
5 13 8.316 2.842
5 14 8.0 3.0
5 15 8.321 2.839
5 16 7.874 3.063
5 17 8.105 2.948
5 18 9.426 2.287
5 19 9.135 2.432
6 7 10.536 1.732
6 8 11.622 1.189
6 9 7.069 3.465
6 10 6.582 3.709
6 11 7.476 3.262
6 12 8.321 2.839
6 13 7.977 3.012
6 14 7.66 3.17
6 15 7.234 3.383
6 16 6.955 3.523
6 17 7.127 3.437
6 18 8.535 2.733
6 19 8.236 2.882
7 8 11.009 1.495
7 9 6.54 3.73
7 10 6.11 3.945
7 11 6.884 3.558
7 12 7.909 3.045
7 13 7.625 3.188
7 14 7.299 3.35
7 15 6.614 3.693
7 16 6.451 3.775
7 17 6.57 3.715
7 18 7.834 3.083
7 19 7.613 3.193
8 9 6.7 3.65
8 10 6.243 3.878
8 11 7.093 3.454
8 12 8.0 3.0
8 13 7.656 3.172
8 14 7.367 3.317
8 15 6.832 3.584
8 16 6.575 3.713
8 17 6.731 3.635
8 18 8.163 2.919
8 19 7.857 3.071
9 10 11.265 1.367
9 11 11.305 1.348
9 12 8.965 2.517
9 13 9.295 2.353
9 14 9.257 2.372
9 15 9.027 2.486
9 16 9.003 2.498
9 17 10.017 1.991
9 18 7.205 3.397
9 19 7.397 3.301
10 11 10.358 1.821
10 12 8.547 2.726
10 13 8.909 2.546
10 14 8.994 2.503
10 15 8.499 2.751
10 16 8.572 2.714
10 17 9.43 2.285
10 18 6.691 3.655
10 19 6.884 3.558
11 12 9.517 2.242
11 13 9.719 2.141
11 14 9.706 2.147
11 15 8.871 2.564
11 16 8.675 2.662
11 17 9.608 2.196
11 18 7.391 3.304
11 19 7.519 3.24
12 13 11.551 1.225
12 14 11.172 1.414
12 15 7.644 3.178
12 16 7.538 3.231
12 17 8.105 2.948
12 18 7.176 3.412
12 19 7.195 3.402
13 14 11.551 1.225
13 15 7.768 3.116
13 16 7.752 3.124
13 17 8.338 2.831
13 18 7.079 3.461
13 19 7.154 3.423
14 15 7.523 3.239
14 16 7.479 3.26
14 17 8.105 2.948
14 18 6.762 3.619
14 19 6.821 3.589
15 16 11.009 1.495
15 17 10.807 1.597
15 18 8.641 2.68
15 19 9.034 2.483
16 17 10.937 1.531
16 18 8.203 2.898
16 19 8.655 2.672
17 18 7.995 3.002
17 19 8.332 2.834
18 19 11.521 1.239
