20
86.0
0 1 25.18 0.014
0 2 12.003 0.514
0 3 60.555 1.156
0 4 74.937 1.673
0 5 50.887 5.937
0 6 38.499 3.956
0 7 32.266 2.313
0 8 97.88 4.779
0 9 52.175 3.707
0 10 1.772 1.005
0 11 20.182 1.413
0 12 45.145 4.541
0 13 87.491 3.493
0 14 35.625 1.625
0 15 39.381 4.079
0 16 14.385 3.8
0 17 35.112 4.197
0 18 98.86 5.71
0 19 29.193 2.372
1 2 33.72 5.048
1 3 75.492 4.796
1 4 19.454 4.023
1 5 18.852 4.617
1 6 30.076 0.185
1 7 79.018 3.916
1 8 0.964 1.971
1 9 77.596 0.691
1 10 71.729 4.221
1 11 43.531 1.527
1 12 79.352 2.843
1 13 21.756 1.104
1 14 68.459 2.501
1 15 98.032 3.428
1 16 93.448 1.837
1 17 24.091 4.464
1 18 20.221 1.508
1 19 43.216 4.56
2 3 19.92 0.473
2 4 53.321 5.245
2 5 68.1 1.483
2 6 47.334 1.409
2 7 15.323 4.848
2 8 22.09 4.654
2 9 72.078 1.078
2 10 21.431 0.697
2 11 9.742 5.836
2 12 22.831 0.097
2 13 33.969 3.866
2 14 14.054 5.845
2 15 98.015 3.582
2 16 63.788 4.774
2 17 18.346 0.886
2 18 16.414 3.685
2 19 0.155 0.296
3 4 41.274 2.822
3 5 80.007 4.737
3 6 10.295 1.02
3 7 82.394 2.718
3 8 82.79 4.077
3 9 35.73 4.895
3 10 16.204 5.679
3 11 24.774 5.263
3 12 53.442 4.365
3 13 75.752 3.775
3 14 50.66 2.557
3 15 44.375 3.519
3 16 58.414 5.581
3 17 3.247 0.706
3 18 7.417 3.858
3 19 57.714 2.03
4 5 54.382 4.932
4 6 55.411 1.604
4 7 66.587 2.942
4 8 6.03 0.359
4 9 72.211 0.856
4 10 88.791 3.456
4 11 96.783 5.301
4 12 25.898 3.372
4 13 94.555 5.099
4 14 36.969 3.24
4 15 17.174 2.991
4 16 33.493 3.469
4 17 49.959 5.068
4 18 52.702 4.574
4 19 73.98 5.282
5 6 91.54 2.635
5 7 41.301 4.639
5 8 51.751 1.135
5 9 1.317 5.019
5 10 39.98 1.772
5 11 71.335 3.158
5 12 69.019 4.024
5 13 96.255 0.842
5 14 93.159 2.51
5 15 38.979 0.356
5 16 36.904 3.85
5 17 56.176 0.395
5 18 27.698 5.798
5 19 66.529 5.844
6 7 61.04 5.798
6 8 14.229 3.55
6 9 98.266 4.507
6 10 12.341 3.507
6 11 89.415 4.592
6 12 45.299 4.253
6 13 4.993 3.695
6 14 99.64 4.177
6 15 70.043 3.575
6 16 0.675 3.497
6 17 79.183 2.339
6 18 40.81 3.496
6 19 32.453 1.364
7 8 23.153 1.826
7 9 24.084 4.435
7 10 69.088 3.352
7 11 33.765 3.092
7 12 56.26 4.604
7 13 94.447 4.281
7 14 72.653 0.887
7 15 17.591 0.892
7 16 63.224 5.063
7 17 37.019 2.707
7 18 95.057 3.511
7 19 50.397 5.883
8 9 45.747 5.761
8 10 51.766 1.988
8 11 21.0 4.836
8 12 41.413 3.748
8 13 54.139 1.65
8 14 30.121 5.133
8 15 70.602 4.978
8 16 47.299 0.988
8 17 18.979 2.418
8 18 97.247 4.697
8 19 98.083 1.115
9 10 88.584 3.105
9 11 22.578 3.86
9 12 88.852 0.112
9 13 14.941 5.725
9 14 37.467 2.951
9 15 86.647 3.818
9 16 86.324 2.293
9 17 27.831 2.754
9 18 60.346 5.101
9 19 17.484 4.797
10 11 46.165 3.247
10 12 40.554 0.934
10 13 23.065 5.384
10 14 24.812 0.499
10 15 51.882 1.572
10 16 29.69 5.465
10 17 67.08 3.291
10 18 26.877 0.095
10 19 42.635 4.331
11 12 5.344 1.38
11 13 14.222 2.934
11 14 66.139 4.736
11 15 16.065 0.003
11 16 45.222 0.945
11 17 28.193 5.307
11 18 27.808 2.662
11 19 94.182 4.68
12 13 4.654 0.103
12 14 87.56 5.809
12 15 38.694 5.206
12 16 35.688 3.989
12 17 92.6 3.617
12 18 90.747 5.134
12 19 17.609 4.543
13 14 8.435 2.56
13 15 77.209 0.561
13 16 97.224 2.169
13 17 63.543 4.739
13 18 18.25 2.235
13 19 59.144 3.249
14 15 98.379 3.111
14 16 79.735 0.888
14 17 67.166 4.839
14 18 74.964 1.632
14 19 37.643 4.869
15 16 93.213 1.084
15 17 94.449 3.217
15 18 91.67 3.584
15 19 25.562 2.581
16 17 87.553 4.129
16 18 35.158 3.376
16 19 53.94 4.528
17 18 29.666 3.662
17 19 49.789 1.866
18 19 8.646 3.38
