20
98.546
1 0 8.0 0.125
2 0 3.0 0.333
2 1 7.0 1.143
3 0 9.0 0.111
3 1 6.0 1.167
3 2 8.0 2.125
4 0 8.0 1.125
4 1 8.0 1.125
4 2 9.0 1.111
4 3 6.0 4.167
5 0 6.0 0.167
5 1 7.0 0.143
5 2 9.0 1.111
5 3 8.0 2.125
5 4 8.0 2.125
6 0 8.0 1.125
6 1 8.0 1.125
6 2 8.0 2.125
6 3 9.0 1.111
6 4 9.0 1.111
6 5 9.0 1.111
7 0 8.0 1.125
7 1 8.0 1.125
7 2 6.0 2.167
7 3 8.0 1.125
7 4 9.0 1.111
7 5 8.0 0.125
7 6 6.0 1.167
8 0 7.0 0.143
8 1 8.0 1.125
8 2 5.0 3.2
8 3 8.0 2.125
8 4 5.0 1.2
8 5 7.0 0.143
8 6 8.0 0.125
8 7 6.0 0.167
9 0 8.0 1.125
9 1 8.0 1.125
9 2 8.0 0.125
9 3 7.0 0.143
9 4 8.0 2.125
9 5 8.0 1.125
9 6 9.0 1.111
9 7 7.0 0.143
9 8 6.0 0.167
10 0 0.91 0.552
10 1 0.7 0.062
10 2 0.47 0.922
10 3 0.43 0.969
10 4 0.38 0.456
10 5 0.76 0.847
10 6 0.13 0.234
10 7 0.12 0.382
10 8 0.04 0.926
10 9 0.75 0.875
11 0 0.21 1.57
11 1 0.68 3.39
11 2 0.95 2.12
11 3 0.61 4.92
11 4 0.95 3.265
11 5 0.57 3.405
11 6 0.22 4.985
11 7 0.5 0.485
11 8 0.16 1.505
11 9 0.05 4.905
11 10 98.0 0.125
12 0 0.15 3.64
12 1 0.45 0.595
12 2 0.33 0.405
12 3 0.94 2.235
12 4 0.03 2.64
12 5 0.54 2.705
12 6 0.32 3.91
12 7 0.49 4.955
12 8 0.51 2.155
12 9 0.57 2.455
12 10 93.0 0.333
12 11 97.0 1.143
13 0 0.96 2.145
13 1 0.84 2.22
13 2 0.15 1.29
13 3 0.88 4.91
13 4 0.54 1.155
13 5 0.14 0.15
13 6 0.15 0.675
13 7 0.24 2.175
13 8 0.43 4.245
13 9 0.87 1.01
13 10 99.0 0.111
13 11 96.0 1.167
13 12 98.0 2.125
14 0 0.49 0.375
14 1 0.81 0.985
14 2 0.94 1.24
14 3 0.5 3.86
14 4 0.23 2.72
14 5 0.51 3.04
14 6 0.11 2.495
14 7 0.63 0.865
14 8 0.3 3.495
14 9 0.87 2.115
14 10 98.0 1.125
14 11 98.0 1.125
14 12 99.0 1.111
14 13 96.0 4.167
15 0 0.45 2.6
15 1 0.55 1.8
15 2 0.18 3.855
15 3 0.89 3.86
15 4 0.32 4.955
15 5 0.3 1.66
15 6 0.23 4.48
15 7 0.3 3.11
15 8 0.33 1.5
15 9 0.9 2.61
15 10 96.0 0.167
15 11 97.0 0.143
15 12 99.0 1.111
15 13 98.0 2.125
15 14 98.0 2.125
16 0 0.52 2.61
16 1 1.0 3.57
16 2 0.47 3.595
16 3 0.23 1.615
16 4 0.92 2.33
16 5 0.7 1.18
16 6 0.92 3.475
16 7 0.7 4.17
16 8 0.34 2.575
16 9 0.47 0.355
16 10 98.0 1.125
16 11 98.0 1.125
16 12 98.0 2.125
16 13 99.0 1.111
16 14 99.0 1.111
16 15 99.0 1.111
17 0 0.09 2.525
17 1 0.12 2.47
17 2 0.65 2.565
17 3 0.81 1.715
17 4 0.17 1.71
17 5 0.87 3.37
17 6 0.67 3.905
17 7 0.8 0.455
17 8 0.86 1.26
17 9 0.75 2.125
17 10 98.0 1.125
17 11 98.0 1.125
17 12 96.0 2.167
17 13 98.0 1.125
17 14 99.0 1.111
17 15 98.0 0.125
17 16 96.0 1.167
18 0 0.14 3.73
18 1 0.8 1.755
18 2 0.74 1.395
18 3 0.84 2.695
18 4 0.4 3.62
18 5 0.71 3.11
18 6 0.85 2.77
18 7 0.36 3.95
18 8 0.52 4.1
18 9 0.21 3.315
18 10 97.0 0.143
18 11 98.0 1.125
18 12 95.0 3.2
18 13 98.0 2.125
18 14 95.0 1.2
18 15 97.0 0.143
18 16 98.0 0.125
18 17 96.0 0.167
19 0 0.4 0.425
19 1 0.89 3.625
19 2 0.51 0.3
19 3 0.53 4.34
19 4 0.83 2.22
19 5 0.09 3.285
19 6 0.0 4.875
19 7 0.64 4.83
19 8 0.34 3.02
19 9 0.9 2.9
19 10 98.0 1.125
19 11 98.0 1.125
19 12 98.0 0.125
19 13 97.0 0.143
19 14 98.0 2.125
19 15 98.0 1.125
19 16 99.0 1.111
19 17 97.0 0.143
19 18 96.0 0.167
