20
80
0 1 0.1 0.052
0 2 0.3 0.222
0 3 2.7 10.0
0 4 0.1 0.052
0 5 0.3 0.222
0 6 0.1 0.052
0 7 0.3 0.222
0 8 0.3 0.222
0 9 0.1 0.052
0 10 0.9 1.0
0 11 0.1 0.052
0 12 0.9 1.0
0 13 0.9 1.0
0 14 0.1 0.052
0 15 0.3 0.222
0 16 0.1 0.052
0 17 0.1 0.052
0 18 0.1 0.052
0 19 0.1 0.052
1 2 0.1 0.052
1 3 0.1 0.052
1 4 0.3 0.222
1 5 0.1 0.052
1 6 0.3 0.222
1 7 0.1 0.052
1 8 0.1 0.052
1 9 0.9 1.0
1 10 0.1 0.052
1 11 0.3 0.222
1 12 0.1 0.052
1 13 0.1 0.052
1 14 2.7 3.333
1 15 0.1 0.052
1 16 0.3 0.222
1 17 0.3 0.222
1 18 2.7 3.333
1 19 0.9 1.0
2 3 0.3 0.222
2 4 0.1 0.052
2 5 0.9 1.0
2 6 0.1 0.052
2 7 2.7 3.333
2 8 2.7 3.333
2 9 0.1 0.052
2 10 0.3 0.222
2 11 0.1 0.052
2 12 0.3 0.222
2 13 0.3 0.222
2 14 0.1 0.052
2 15 0.9 1.0
2 16 0.1 0.052
2 17 0.1 0.052
2 18 0.1 0.052
2 19 0.1 0.052
3 4 0.1 0.052
3 5 0.3 0.222
3 6 0.1 0.052
3 7 0.3 0.222
3 8 2.4 1.0
3 9 0.1 0.052
3 10 0.9 1.0
3 11 0.1 0.052
3 12 0.9 1.0
3 13 3.6 3.333
3 14 0.1 0.052
3 15 0.3 0.222
3 16 0.1 0.052
3 17 1.8 0.222
3 18 0.1 0.052
3 19 0.1 0.052
4 5 0.1 0.052
4 6 3.6 3.333
4 7 0.1 0.052
4 8 0.1 0.052
4 9 0.3 0.222
4 10 0.1 0.052
4 11 0.9 1.0
4 12 0.1 0.052
4 13 0.1 0.052
4 14 0.3 0.222
4 15 0.1 0.052
4 16 2.7 10.0
4 17 0.9 1.0
4 18 0.3 0.222
4 19 0.3 0.222
5 6 0.1 0.052
5 7 0.9 1.0
5 8 3.6 3.333
5 9 0.1 0.052
5 10 0.3 0.222
5 11 0.1 0.052
5 12 0.3 0.222
5 13 0.3 0.222
5 14 0.1 0.052
5 15 2.7 10.0
5 16 0.1 0.052
5 17 0.1 0.052
5 18 0.1 0.052
5 19 0.1 0.052
6 7 0.1 0.052
6 8 0.1 0.052
6 9 0.3 0.222
6 10 0.1 0.052
6 11 2.7 3.333
6 12 0.1 0.052
6 13 0.1 0.052
6 14 0.3 0.222
6 15 0.1 0.052
6 16 0.9 1.0
6 17 2.7 3.333
6 18 0.3 0.222
6 19 0.3 0.222
7 8 2.7 3.333
7 9 0.1 0.052
7 10 0.3 0.222
7 11 0.1 0.052
7 12 0.3 0.222
7 13 0.3 0.222
7 14 0.1 0.052
7 15 0.9 1.0
7 16 0.1 0.052
7 17 0.1 0.052
7 18 0.1 0.052
7 19 0.1 0.052
8 9 0.1 0.052
8 10 0.3 0.222
8 11 0.1 0.052
8 12 0.3 0.222
8 13 0.3 0.222
8 14 0.1 0.052
8 15 0.9 1.0
8 16 0.1 0.052
8 17 0.1 0.052
8 18 0.1 0.052
8 19 0.1 0.052
9 10 0.1 0.052
9 11 2.4 1.0
9 12 0.1 0.052
9 13 0.1 0.052
9 14 0.9 1.0
9 15 0.1 0.052
9 16 0.3 0.222
9 17 0.3 0.222
9 18 0.9 1.0
9 19 2.7 10.0
10 11 0.1 0.052
10 12 2.7 3.333
10 13 2.7 3.333
10 14 0.1 0.052
10 15 0.3 0.222
10 16 0.1 0.052
10 17 0.1 0.052
10 18 0.1 0.052
10 19 0.1 0.052
11 12 0.1 0.052
11 13 0.1 0.052
11 14 0.3 0.222
11 15 0.1 0.052
11 16 0.9 1.0
11 17 2.7 3.333
11 18 0.3 0.222
11 19 0.3 0.222
12 13 2.7 3.333
12 14 0.1 0.052
12 15 0.3 0.222
12 16 0.1 0.052
12 17 0.1 0.052
12 18 0.1 0.052
12 19 0.1 0.052
13 14 0.1 0.052
13 15 0.3 0.222
13 16 0.1 0.052
13 17 0.1 0.052
13 18 0.1 0.052
13 19 0.1 0.052
14 15 0.1 0.052
14 16 0.3 0.222
14 17 0.3 0.222
14 18 2.7 3.333
14 19 0.9 1.0
15 16 0.1 0.052
15 17 0.1 0.052
15 18 0.1 0.052
15 19 0.1 0.052
16 17 0.9 1.0
16 18 0.3 0.222
16 19 0.3 0.222
17 18 0.3 0.222
17 19 0.3 0.222
18 19 3.6 3.333