20
95.43
0 1 34.906 15.838
0 2 41.898 2.215
0 3 97.454 2.508
0 4 28.254 0.393
0 5 27.059 12.25
0 6 34.287 7.062
0 7 45.312 13.194
0 8 74.469 1.649
0 9 38.874 12.301
0 10 71.003 2.805
0 11 47.069 4.773
0 12 32.249 3.362
0 13 26.368 14.509
0 14 33.835 2.279
0 15 37.005 13.61
0 16 29.682 0.176
0 17 40.835 11.94
0 18 29.281 6.968
0 19 27.336 5.173
1 2 36.413 10.317
1 3 34.96 2.679
1 4 40.239 13.961
1 5 30.63 5.157
1 6 27.262 11.314
1 7 45.145 15.687
1 8 31.695 2.743
1 9 26.412 9.283
1 10 45.048 10.26
1 11 39.988 10.877
1 12 29.008 13.864
1 13 34.421 13.219
1 14 39.616 5.617
1 15 48.64 0.184
1 16 38.278 13.215
1 17 36.053 10.734
1 18 63.542 15.905
1 19 38.424 14.25
2 3 99.872 15.84
2 4 26.972 9.832
2 5 42.17 3.187
2 6 99.136 2.679
2 7 40.079 9.743
2 8 42.749 6.764
2 9 36.666 15.626
2 10 35.897 14.768
2 11 29.971 0.463
2 12 40.66 1.745
2 13 55.456 3.764
2 14 33.932 4.324
2 15 36.749 9.066
2 16 42.662 1.524
2 17 84.48 0.922
2 18 36.874 10.025
2 19 34.57 14.939
3 4 34.75 2.444
3 5 39.269 12.702
3 6 25.172 10.9
3 7 25.355 15.298
3 8 62.416 3.06
3 9 35.735 4.122
3 10 67.351 1.944
3 11 33.808 2.843
3 12 47.108 5.131
3 13 47.397 7.293
3 14 43.717 2.269
3 15 42.752 7.925
3 16 25.18 6.033
3 17 39.003 8.722
3 18 42.425 6.681
3 19 48.097 6.991
4 5 96.786 15.837
4 6 29.518 3.277
4 7 35.844 3.927
4 8 28.403 15.713
4 9 72.277 1.543
4 10 48.045 6.737
4 11 37.957 8.03
4 12 79.265 5.021
4 13 41.404 4.908
4 14 39.491 7.367
4 15 93.786 2.722
4 16 38.55 6.667
4 17 36.988 15.569
4 18 29.72 5.326
4 19 41.932 4.112
5 6 46.046 14.482
5 7 96.101 2.333
5 8 46.642 9.401
5 9 38.068 6.623
5 10 48.194 10.426
5 11 95.962 1.828
5 12 26.875 11.018
5 13 34.047 13.515
5 14 54.811 3.367
5 15 36.55 15.104
5 16 39.823 14.846
5 17 26.931 7.532
5 18 30.249 3.326
5 19 43.78 0.615
6 7 99.835 15.84
6 8 40.901 9.329
6 9 44.886 3.529
6 10 36.071 7.352
6 11 27.917 2.862
6 12 46.996 10.104
6 13 72.399 2.809
6 14 44.425 11.827
6 15 48.849 1.916
6 16 40.036 7.935
6 17 83.442 2.795
6 18 46.411 6.124
6 19 41.845 4.899
7 8 27.849 1.805
7 9 25.991 5.695
7 10 38.461 0.199
7 11 80.773 3.223
7 12 38.076 4.225
7 13 42.586 11.28
7 14 83.767 3.771
7 15 35.435 9.254
7 16 32.581 1.842
7 17 39.709 7.443
7 18 42.751 2.452
7 19 35.424 9.576
8 9 91.195 15.859
8 10 74.009 3.937
8 11 30.29 0.56
8 12 29.074 6.022
8 13 43.402 11.735
8 14 44.342 10.107
8 15 43.616 11.236
8 16 40.826 4.974
8 17 39.094 1.585
8 18 29.651 4.963
8 19 37.579 8.472
9 10 40.967 3.68
9 11 29.064 14.501
9 12 81.581 1.396
9 13 27.883 5.489
9 14 38.969 6.383
9 15 91.027 2.452
9 16 32.335 6.572
9 17 42.369 13.55
9 18 46.49 7.416
9 19 44.522 10.724
10 11 98.771 15.901
10 12 38.973 15.453
10 13 29.962 15.193
10 14 35.608 3.473
10 15 27.556 14.026
10 16 30.655 11.12
10 17 46.629 0.352
10 18 31.627 3.063
10 19 35.959 5.519
11 12 26.965 2.086
11 13 38.817 0.054
11 14 72.688 1.38
11 15 32.469 0.217
11 16 29.131 1.644
11 17 28.31 13.982
11 18 41.876 8.196
11 19 27.213 2.817
12 13 90.386 15.888
12 14 28.274 12.137
12 15 68.963 2.767
12 16 40.84 7.712
12 17 29.3 12.833
12 18 25.303 10.112
12 19 43.774 14.867
13 14 41.412 14.97
13 15 40.713 12.368
13 16 33.535 7.868
13 17 61.455 2.934
13 18 44.916 6.092
13 19 41.573 14.185
14 15 95.686 15.866
14 16 25.896 1.962
14 17 39.914 7.901
14 18 39.802 4.033
14 19 37.253 12.398
15 16 29.792 4.748
15 17 34.792 10.175
15 18 40.852 5.312
15 19 46.367 5.998
16 17 51.718 15.819
16 18 32.551 12.62
16 19 82.161 15.905
17 18 42.711 8.969
17 19 36.799 10.84
18 19 37.853 15.812