20
75
0 1 77.58 0.97
0 2 14.86 44.96
0 3 58.54 38.74
0 4 38.73 26.63
0 5 23.0 21.65
0 6 11.18 1.9
0 7 84.12 1.98
0 8 34.52 1.65
0 9 22.88 25.56
0 10 21.6 32.43
0 11 54.13 33.78
0 12 49.74 13.89
0 13 24.39 22.04
0 14 52.64 38.47
0 15 28.24 26.41
0 16 32.25 36.81
0 17 17.57 3.54
0 18 17.54 0.03
0 19 78.61 11.13
1 2 40.45 17.25
1 3 48.13 31.0
1 4 41.69 15.46
1 5 49.09 8.36
1 6 34.97 0.73
1 7 44.81 0.33
1 8 84.45 0.34
1 9 73.34 35.22
1 10 22.38 5.82
1 11 47.78 35.01
1 12 73.49 24.96
1 13 17.61 2.03
1 14 83.21 41.55
1 15 77.67 42.47
1 16 68.76 46.42
1 17 53.16 0.9
1 18 50.33 2.36
1 19 41.03 29.43
2 3 64.42 0.99
2 4 39.8 0.02
2 5 85.54 0.19
2 6 18.33 41.31
2 7 78.07 4.45
2 8 42.24 49.81
2 9 84.69 1.97
2 10 71.32 0.12
2 11 69.87 1.37
2 12 15.18 3.46
2 13 69.11 21.24
2 14 74.82 40.15
2 15 63.46 32.57
2 16 30.67 35.3
2 17 44.14 41.38
2 18 82.74 27.31
2 19 74.21 22.04
3 4 48.9 0.47
3 5 39.68 1.93
3 6 11.95 0.04
3 7 17.58 48.14
3 8 68.41 26.81
3 9 72.55 0.56
3 10 26.86 0.79
3 11 10.59 0.28
3 12 47.79 7.47
3 13 26.15 3.84
3 14 82.91 38.35
3 15 51.97 21.88
3 16 83.63 17.24
3 17 32.3 32.35
3 18 62.74 41.52
3 19 35.93 3.14
4 5 80.23 0.87
4 6 57.85 42.5
4 7 15.74 15.99
4 8 78.13 7.99
4 9 55.18 1.12
4 10 69.64 0.82
4 11 40.23 0.19
4 12 80.72 49.15
4 13 50.65 30.02
4 14 36.29 19.63
4 15 43.95 34.26
4 16 83.69 7.0
4 17 12.75 26.99
4 18 67.72 11.12
4 19 85.12 5.26
5 6 26.28 1.74
5 7 16.28 32.55
5 8 66.99 1.79
5 9 74.05 0.16
5 10 66.44 0.88
5 11 83.3 0.69
5 12 53.82 11.84
5 13 55.29 0.64
5 14 32.59 48.66
5 15 72.5 17.28
5 16 73.5 14.57
5 17 19.59 32.27
5 18 72.78 33.68
5 19 21.0 9.29
6 7 76.93 0.17
6 8 32.89 0.19
6 9 54.3 38.67
6 10 47.03 30.91
6 11 25.28 0.16
6 12 81.84 23.36
6 13 85.32 19.84
6 14 30.4 49.85
6 15 80.2 45.15
6 16 76.82 32.58
6 17 60.45 0.41
6 18 75.02 1.79
6 19 26.52 28.38
7 8 74.55 0.67
7 9 22.83 31.32
7 10 15.36 18.17
7 11 40.53 40.94
7 12 38.5 21.28
7 13 68.8 49.06
7 14 25.24 36.62
7 15 28.26 28.68
7 16 18.73 5.99
7 17 51.05 0.93
7 18 14.83 1.11
7 19 67.52 17.35
8 9 19.34 9.91
8 10 77.97 16.17
8 11 25.34 16.33
8 12 23.68 26.83
8 13 15.21 23.11
8 14 70.79 29.59
8 15 62.51 29.17
8 16 10.59 45.78
8 17 43.69 0.46
8 18 21.4 0.08
8 19 63.72 26.16
9 10 81.44 0.56
9 11 72.39 0.07
9 12 63.72 15.56
9 13 57.26 10.33
9 14 67.21 13.31
9 15 23.29 44.5
9 16 30.58 22.34
9 17 59.65 13.54
9 18 51.04 36.16
9 19 10.57 22.49
10 11 52.03 1.74
10 12 79.76 9.82
10 13 67.98 14.94
10 14 52.95 46.0
10 15 19.32 24.32
10 16 53.5 13.88
10 17 72.29 24.46
10 18 56.49 22.24
10 19 87.52 19.27
11 12 77.45 27.67
11 13 52.69 35.07
11 14 54.11 24.85
11 15 69.82 45.87
11 16 56.17 25.84
11 17 67.76 27.63
11 18 81.39 33.55
11 19 17.77 1.0
12 13 62.66 3.08
12 14 70.95 0.92
12 15 57.02 0.83
12 16 80.2 0.45
12 17 33.0 49.33
12 18 28.95 23.73
12 19 90.36 0.23
13 14 26.91 0.99
13 15 71.69 0.71
13 16 17.33 0.48
13 17 40.36 29.52
13 18 13.67 44.57
13 19 64.27 0.36
14 15 74.93 0.93
14 16 98.56 0.88
14 17 33.23 25.36
14 18 19.58 10.27
14 19 89.86 0.14
15 16 12.3 2.79
15 17 51.21 22.57
15 18 15.34 9.29
15 19 24.34 0.41
16 17 89.59 47.69
16 18 35.0 19.05
16 19 13.82 0.35
17 18 51.97 0.77
17 19 82.89 37.98
18 19 30.35 17.72
