20
67.853
0 1 2.591 3.25
0 2 4.564 4.759
0 3 1.063 4.118
0 4 3.373 2.136
0 5 3.557 3.828
0 6 4.555 3.738
0 7 2.587 1.145
0 8 2.829 3.689
0 9 4.57 2.044
0 10 3.131 2.578
0 11 1.312 2.936
0 12 3.967 3.588
0 13 3.274 4.99
0 14 2.582 3.536
0 15 3.601 1.597
0 16 2.237 3.297
0 17 1.238 3.474
0 18 1.042 1.085
0 19 3.057 1.854
1 2 2.384 3.275
1 3 2.428 1.05
1 4 2.164 1.688
1 5 1.002 3.859
1 6 1.651 2.094
1 7 1.712 3.729
1 8 2.022 1.368
1 9 2.306 2.462
1 10 1.074 4.295
1 11 1.674 3.995
1 12 1.442 2.986
1 13 2.22 3.537
1 14 2.734 4.678
1 15 4.537 1.621
1 16 1.359 2.32
1 17 1.995 3.916
1 18 2.324 1.723
1 19 2.44 1.143
2 3 4.894 2.917
2 4 3.081 3.669
2 5 1.539 4.985
2 6 3.918 3.238
2 7 1.104 2.792
2 8 4.61 3.528
2 9 3.358 3.863
2 10 2.885 3.464
2 11 1.569 4.188
2 12 2.863 4.36
2 13 4.849 2.76
2 14 1.158 1.47
2 15 4.5 2.432
2 16 4.064 1.547
2 17 2.716 3.431
2 18 2.046 3.607
2 19 3.884 4.33
3 4 1.831 2.527
3 5 4.858 2.988
3 6 3.772 1.21
3 7 2.461 1.396
3 8 3.837 1.881
3 9 4.747 1.843
3 10 4.702 1.452
3 11 4.191 2.991
3 12 3.149 4.094
3 13 4.746 4.217
3 14 3.622 2.118
3 15 3.035 2.734
3 16 4.19 1.277
3 17 1.337 3.294
3 18 1.58 3.778
3 19 3.086 3.734
4 5 3.574 1.135
4 6 3.812 1.03
4 7 2.171 4.107
4 8 1.965 2.708
4 9 4.767 4.014
4 10 1.613 1.845
4 11 1.54 3.753
4 12 4.524 2.811
4 13 1.793 3.103
4 14 2.647 2.209
4 15 1.11 1.388
4 16 2.783 3.565
4 17 3.127 1.428
4 18 1.01 2.25
4 19 2.789 3.62
5 6 2.481 3.765
5 7 3.783 4.756
5 8 1.135 1.018
5 9 3.586 1.897
5 10 3.043 4.268
5 11 2.151 4.072
5 12 4.535 4.147
5 13 2.527 2.852
5 14 1.069 3.331
5 15 3.307 1.306
5 16 3.652 1.74
5 17 4.998 4.727
5 18 2.827 4.81
5 19 4.856 1.158
6 7 3.947 2.575
6 8 2.556 4.55
6 9 1.587 1.697
6 10 1.304 4.231
6 11 2.368 1.98
6 12 4.305 4.049
6 13 4.642 4.465
6 14 3.214 1.387
6 15 2.432 4.809
6 16 1.2 3.465
6 17 4.292 1.525
6 18 4.551 2.748
6 19 3.031 3.22
7 8 3.977 4.974
7 9 1.628 4.09
7 10 3.63 1.445
7 11 2.962 2.112
7 12 3.914 2.542
7 13 3.875 3.521
7 14 1.237 4.682
7 15 3.461 3.245
7 16 1.198 1.386
7 17 3.366 3.554
7 18 4.418 3.612
7 19 1.562 2.385
8 9 3.816 2.84
8 10 4.166 2.71
8 11 1.82 1.395
8 12 3.593 4.319
8 13 3.93 1.533
8 14 3.288 3.541
8 15 1.106 1.857
8 16 1.736 1.171
8 17 3.98 4.79
8 18 3.728 3.767
8 19 4.403 2.778
9 10 2.193 3.469
9 11 4.172 3.544
9 12 3.606 2.909
9 13 1.401 3.027
9 14 2.099 1.374
9 15 4.605 1.937
9 16 3.938 1.06
9 17 4.023 2.07
9 18 1.713 4.939
9 19 1.953 2.321
10 11 1.839 3.437
10 12 1.869 1.052
10 13 1.941 1.226
10 14 2.44 2.027
10 15 4.667 2.63
10 16 3.104 3.245
10 17 3.415 2.333
10 18 1.265 3.831
10 19 4.199 1.588
11 12 1.11 2.03
11 13 2.999 1.19
11 14 4.292 2.658
11 15 4.812 4.051
11 16 2.821 1.29
11 17 2.725 3.681
11 18 4.073 2.354
11 19 3.283 1.321
12 13 4.947 1.688
12 14 4.568 2.821
12 15 3.72 4.808
12 16 4.074 4.267
12 17 4.696 1.126
12 18 1.268 2.199
12 19 3.607 2.568
13 14 1.087 4.128
13 15 3.003 4.181
13 16 1.955 4.354
13 17 1.942 1.602
13 18 2.636 3.797
13 19 4.902 4.339
14 15 4.712 1.125
14 16 2.721 3.881
14 17 1.558 2.969
14 18 1.991 1.673
14 19 2.888 2.615
15 16 1.05 2.885
15 17 4.273 2.004
15 18 2.522 2.041
15 19 3.19 1.281
16 17 1.845 4.675
16 18 2.9 1.799
16 19 4.751 3.48
17 18 1.398 2.168
17 19 2.1 1.029
18 19 4.736 4.082