20
50
0 1 2.0 2.165
0 2 4.0 2.426
0 3 2.0 0.887
0 4 6.0 0.652
0 5 8.0 0.642
0 6 8.0 2.077
0 7 6.0 2.506
0 8 5.0 2.542
0 9 4.0 2.709
0 10 3.0 2.2
0 11 5.0 0.879
0 12 5.0 2.319
0 13 10.0 2.911
0 14 1.0 2.613
0 15 7.0 2.359
0 16 5.0 2.93
0 17 5.0 1.015
0 18 6.0 2.235
0 19 3.0 2.124
1 2 3.0 1.123
1 3 5.0 2.259
1 4 7.0 2.661
1 5 3.0 2.806
1 6 9.0 1.342
1 7 1.0 2.776
1 8 9.0 2.05
1 9 4.0 1.123
1 10 1.0 2.063
1 11 8.0 2.358
1 12 6.0 2.371
1 13 7.0 2.056
1 14 10.0 2.289
1 15 4.0 2.632
1 16 7.0 2.213
1 17 1.0 2.785
1 18 1.0 2.612
1 19 3.0 1.234
2 3 9.0 2.99
2 4 1.0 2.85
2 5 10.0 2.865
2 6 8.0 1.234
2 7 10.0 2.56
2 8 9.0 2.471
2 9 10.0 1.345
2 10 5.0 2.031
2 11 10.0 2.733
2 12 9.0 2.42
2 13 7.0 2.291
2 14 4.0 2.005
2 15 8.0 2.463
2 16 4.0 2.463
2 17 3.0 2.333
2 18 10.0 2.262
2 19 5.0 1.234
3 4 2.0 0.065
3 5 4.0 0.698
3 6 1.0 2.004
3 7 6.0 2.659
3 8 1.0 2.303
3 9 6.0 2.699
3 10 7.0 2.126
3 11 3.0 0.844
3 12 2.0 2.296
3 13 6.0 2.841
3 14 6.0 2.927
3 15 9.0 2.749
3 16 10.0 2.908
3 17 8.0 1.165
3 18 9.0 2.522
3 19 7.0 2.469
4 5 7.0 1.761
4 6 1.0 2.65
4 7 4.0 2.261
4 8 1.0 2.632
4 9 6.0 2.185
4 10 10.0 2.057
4 11 1.0 0.883
4 12 1.0 2.062
4 13 6.0 2.015
4 14 6.0 2.961
4 15 5.0 2.037
4 16 5.0 2.749
4 17 8.0 1.297
4 18 9.0 2.203
4 19 2.0 2.551
5 6 3.0 2.604
5 7 7.0 2.114
5 8 10.0 2.384
5 9 6.0 2.133
5 10 5.0 2.699
5 11 2.0 0.998
5 12 10.0 2.438
5 13 2.0 2.358
5 14 7.0 2.071
5 15 3.0 2.931
5 16 6.0 2.196
5 17 1.0 0.137
5 18 1.0 2.523
5 19 5.0 2.981
6 7 3.0 2.966
6 8 1.0 2.2
6 9 7.0 1.001
6 10 5.0 2.405
6 11 1.0 2.16
6 12 2.0 2.505
6 13 9.0 2.504
6 14 4.0 2.232
6 15 7.0 2.581
6 16 4.0 2.437
6 17 10.0 2.781
6 18 7.0 2.517
6 19 9.0 1.021
7 8 8.0 1.000
7 9 6.0 2.623
7 10 5.0 2.209
7 11 6.0 2.587
7 12 2.0 2.5
7 13 1.0 0.50
7 14 3.0 2.528
7 15 9.0 2.391
7 16 3.0 1.00
7 17 5.0 2.739
7 18 10.0 1.50
7 19 6.0 2.727
8 9 8.0 2.696
8 10 3.0 2.226
8 11 8.0 2.211
8 12 7.0 2.102
8 13 10.0 2.000
8 14 7.0 2.977
8 15 6.0 2.719
8 16 6.0 1.000
8 17 8.0 2.211
8 18 8.0 1.000
8 19 1.0 2.373
9 10 7.0 2.848
9 11 3.0 2.891
9 12 2.0 2.697
9 13 8.0 2.009
9 14 3.0 2.971
9 15 4.0 2.758
9 16 9.0 2.855
9 17 10.0 2.713
9 18 4.0 2.745
9 19 5.0 1.732
10 11 9.0 2.321
10 12 5.0 2.01
10 13 5.0 2.44
10 14 9.0 2.002
10 15 1.0 2.003
10 16 2.0 2.32
10 17 5.0 2.875
10 18 2.0 2.136
10 19 8.0 2.659
11 12 3.0 2.365
11 13 3.0 2.562
11 14 1.0 2.242
11 15 1.0 2.427
11 16 5.0 2.033
11 17 5.0 0.572
11 18 6.0 2.954
11 19 3.0 2.128
12 13 3.0 2.997
12 14 7.0 2.00
12 15 10.0 2.00
12 16 6.0 2.787
12 17 4.0 2.838
12 18 3.0 2.212
12 19 1.0 2.952
13 14 8.0 2.955
13 15 3.0 2.449
13 16 4.0 1.000
13 17 8.0 2.77
13 18 5.0 1.000
13 19 7.0 2.949
14 15 4.0 2.412
14 16 8.0 2.81
14 17 3.0 2.624
14 18 7.0 2.279
14 19 1.0 2.109
15 16 10.0 2.925
15 17 8.0 2.163
15 18 1.0 1.000
15 19 7.0 2.03
16 17 2.0 2.072
16 18 4.0 2.346
16 19 4.0 2.743
17 18 10.0 2.61
17 19 10.0 2.996
18 19 2.0 2.748
