20
63
0 1 1.025 1.99
0 2 2.5 1.99
0 3 1.76 6.5
0 4 3 8.5
0 5 4.5 4.5
0 6 12 10.5
0 7 4 3.9
0 8 2.25 2.02
0 9 3 3.33
0 10 6 5.9
0 11 3.71 2
0 12 4 9.9
0 13 4 5
0 14 3 4.7
0 15 1.3 0.65
0 16 2.22 1.77
0 17 3.002 0.5
0 18 0.5 7.7
0 19 2.91 1.21
1 2 9 9.6
1 3 4 2.2
1 4 7 9
1 5 6.4 3.32
1 6 7.4 8.1
1 7 2.001 2
1 8 1.45 6.6
1 9 2.4 4.001
1 10 3.9 1.97
1 11 8 8.09
1 12 2 1.999
1 13 4 9.2
1 14 4 2.5
1 15 4.36 1.255
1 16 5.005 1.25
1 17 7 5.5
1 18 6 6.67
1 19 4 4.03
2 3 4.08 3.3
2 4 4.08 3.44
2 5 5.95 2.33
2 6 5.16 2.7
2 7 2 12.2
2 8 4.3 1.799
2 9 5.6 8.4
2 10 1.4 9.01
2 11 1.34 10.1
2 12 11 9.9
2 13 4.55 6.7
2 14 3.33 2.02
2 15 7.8 5.55
2 16 3.3 3.34
2 17 10 10
2 18 2.1 1.54
2 19 4 3.3
3 4 4.08 3
3 5 3 3.3
3 6 2 11
3 7 3.65 2.545
3 8 9 9.88
3 9 1.34 9.8
3 10 1.22 2.44
3 11 4.5 5.6
3 12 5 3.23
3 13 7 3.33
3 14 2 11
3 15 2.2 1.333
3 16 6.7 4.555
3 17 2.25 2.25
3 18 3.35 2.122
3 19 2 14
4 5 2.001 4.5
4 6 3.11 1.28
4 7 6.15 1.365
4 8 4 9.8
4 9 3 5.5
4 10 4.45 4.1
4 11 0.21 1
4 12 3.4 2.33
4 13 5.61 5.002
4 14 2.21 1.45
4 15 6 10
4 16 2 8.2
4 17 12 11
4 18 2.2 4.4
4 19 1.15 9.001
5 6 4.891 1.082
5 7 3 3.4
5 8 4 9
5 9 2.4 1.4
5 10 3 7.8
5 11 5 4.23
5 12 6 4.95
5 13 6.78 7.8
5 14 1 11
5 15 4.3 3.017
5 16 4.1 3.019
5 17 2.45 5.6
5 18 1 10
5 19 2.3 5.6
6 7 6.7 5.8
6 8 5.9 1.34
6 9 4.3 3.4
6 10 5.67 10
6 11 12 12.45
6 12 2 1.456
6 13 2.98 1.45
6 14 7.7 6.7
6 15 1 9.22
6 16 4.5 3.4
6 17 6.6 4.5
6 18 6.6 6.5
6 19 6.6 7
7 8 2 10
7 9 2 2.4
7 10 4.5 10
7 11 4.5 5.6
7 12 6.5 4.5
7 13 3.4 4.02
7 14 5.009 5.11
7 15 5.23 4.499
7 16 4.21 34
7 17 3.45 4.12
7 18 3.444 2.67
7 19 5.66 4.55
8 9 3.56 9.8
8 10 5.1 0.06
8 11 6 9.8
8 12 3.2 2.8
8 13 3.33 5.33
8 14 4.5 10.9
8 15 3 5.65
8 16 4.4 6.662
8 17 1.2 3.45
8 18 0.25 0.25
8 19 0.4 4.5
9 10 1.4 1.5
9 11 1.002 1.56
9 12 0.9 0.92
9 13 5.66 0.25
9 14 2.3 0.6
9 15 1.4 1.09
9 16 1.4 4.5
9 17 4 3.61
9 18 1.5 4
9 19 3.4 1.245
10 11 2.3 2.3
10 12 2.811 2.805
10 13 1.2 2.3
10 14 4 9.03
10 15 2.89 2.99
10 16 2.45 3.45
10 17 4.56 4.5
10 18 10 14
10 19 2.3 3.99
11 12 6.5 9.33
11 13 2.22 5.4
11 14 1.3 3.44
11 15 1 10
11 16 2 10
11 17 3 1.05
11 18 2 10.2
11 19 4.85 2.6
12 13 4 10
12 14 4 3.3
12 15 2 1.88
12 16 2 1.33
12 17 6 3.3
12 18 5.5 4.4
12 19 5.5 10
13 14 5.06 2.25
13 15 3 1.999
13 16 4.9 2.99
13 17 2.5 5.7
13 18 3.006 1.5
13 19 4.4 10
14 15 4.58 10
14 16 4.4 3.55
14 17 3 3.3
14 18 3.474 1.5
14 19 8 8.099
15 16 6 3.5
15 17 4 4.44
15 18 5 2.98
15 19 11 9.98
16 17 23 29
16 18 2 10.45
16 19 4.5 9
17 18 9.88 8.99
17 19 2.778 1.68
18 19 2 10.8
