20
97.744
0 1 9.719 2.234
0 2 5.399 2.406
0 3 6.664 2.556
0 4 9.148 2.639
0 5 9.862 1.745
0 6 9.12 3.216
0 7 95.883 2.843
0 8 6.061 2.19
0 9 6.516 2.377
0 10 92.245 2.832
0 11 7.072 2.751
0 12 82.89 2.642
0 13 9.087 2.283
0 14 7.637 2.74
0 15 6.842 2.85
0 16 5.259 1.701
0 17 9.051 3.245
0 18 7.05 2.936
0 19 5.964 2.739
1 2 6.071 2.227
1 3 52.114 2.616
1 4 60.473 2.194
1 5 8.599 2.339
1 6 7.094 2.226
1 7 8.493 1.988
1 8 6.819 3.155
1 9 5.841 2.4
1 10 9.076 2.47
1 11 5.564 2.836
1 12 9.279 1.693
1 13 5.742 2.95
1 14 6.538 1.719
1 15 74.423 3.028
1 16 8.357 2.373
1 17 7.744 1.771
1 18 6.787 2.348
1 19 5.782 3.02
2 3 8.409 2.245
2 4 6.184 31.482
2 5 9.985 31.722
2 6 8.583 2.753
2 7 8.409 3.1
2 8 5.998 2.363
2 9 6.858 2.0
2 10 7.048 27.457
2 11 8.189 2.189
2 12 5.998 2.857
2 13 5.126 2.509
2 14 85.483 2.792
2 15 5.402 2.998
2 16 8.156 27.227
2 17 63.756 2.578
2 18 9.758 2.875
2 19 81.891 2.697
3 4 97.431 2.644
3 5 6.105 2.638
3 6 5.639 2.61
3 7 7.048 2.912
3 8 6.447 1.695
3 9 8.995 2.754
3 10 8.993 3.177
3 11 7.892 2.282
3 12 8.765 2.457
3 13 9.836 1.973
3 14 8.471 2.379
3 15 95.0 2.992
3 16 8.204 2.101
3 17 9.018 2.511
3 18 6.167 2.81
3 19 7.515 2.405
4 5 6.314 34.225
4 6 8.842 2.665
4 7 6.987 2.434
4 8 6.672 1.828
4 9 8.719 1.871
4 10 9.948 24.048
4 11 7.818 2.141
4 12 7.278 2.185
4 13 9.736 1.991
4 14 8.858 1.895
4 15 57.252 2.927
4 16 6.345 35.616
4 17 9.05 2.356
4 18 8.799 2.081
4 19 7.233 1.737
5 6 8.36 1.784
5 7 6.068 1.763
5 8 58.859 3.117
5 9 91.664 3.151
5 10 9.486 35.281
5 11 7.249 1.915
5 12 5.366 1.736
5 13 67.94 2.009
5 14 9.721 1.938
5 15 6.865 2.81
5 16 7.278 26.639
5 17 8.016 1.804
5 18 9.601 2.975
5 19 8.622 2.251
6 7 8.553 2.72
6 8 7.789 1.829
6 9 7.148 2.957
6 10 6.809 3.159
6 11 84.768 2.808
6 12 6.589 3.122
6 13 8.784 2.273
6 14 7.292 2.955
6 15 5.285 1.638
6 16 86.302 2.272
6 17 8.906 2.096
6 18 99.491 1.869
6 19 7.311 2.669
7 8 6.7 2.16
7 9 9.226 2.884
7 10 74.035 2.991
7 11 5.925 3.18
7 12 93.782 2.535
7 13 8.767 1.77
7 14 5.562 2.017
7 15 9.888 2.476
7 16 8.269 2.25
7 17 9.924 2.471
7 18 7.342 2.775
7 19 5.373 2.488
8 9 84.126 3.114
8 10 6.297 2.868
8 11 7.871 2.115
8 12 6.579 1.894
8 13 87.696 1.661
8 14 9.711 2.509
8 15 7.179 2.197
8 16 5.398 2.312
8 17 9.836 2.75
8 18 6.324 1.63
8 19 7.391 1.805
9 10 6.567 1.727
9 11 5.726 2.626
9 12 8.576 2.181
9 13 71.081 2.244
9 14 7.458 2.888
9 15 9.454 2.469
9 16 5.937 2.574
9 17 8.059 2.657
9 18 6.042 2.055
9 19 7.184 2.874
10 11 5.449 2.13
10 12 88.257 2.26
10 13 5.564 2.862
10 14 7.553 2.002
10 15 9.06 2.747
10 16 7.697 20.992
10 17 8.087 1.957
10 18 7.027 2.719
10 19 8.491 3.13
11 12 8.563 2.633
11 13 6.664 3.027
11 14 6.046 2.112
11 15 6.851 1.849
11 16 92.859 2.864
11 17 8.779 2.552
11 18 59.743 2.228
11 19 7.461 1.852
12 13 5.655 2.557
12 14 8.433 2.838
12 15 7.982 3.017
12 16 5.409 1.723
12 17 5.291 3.128
12 18 7.497 2.144
12 19 9.65 2.299
13 14 9.549 2.803
13 15 5.601 2.365
13 16 5.514 2.403
13 17 8.617 2.198
13 18 7.7 3.01
13 19 9.025 3.246
14 15 5.765 2.582
14 16 5.256 2.569
14 17 79.984 2.385
14 18 7.327 2.267
14 19 75.157 1.933
15 16 8.473 2.359
15 17 8.04 2.576
15 18 9.379 2.782
15 19 5.106 3.025
16 17 5.085 2.222
16 18 54.973 2.538
16 19 8.891 1.939
17 18 8.359 3.17
17 19 90.391 2.346
18 19 5.892 1.805