20
96
0 1 20 20
0 2 1 1
0 3 12 20
0 4 1 0
0 5 1 0
0 6 1 0
0 7 1 0
0 8 1 0
0 9 1 0
0 10 1 0
0 11 1 0
0 12 1 0
0 13 1 0
0 14 1 0
0 15 1 0
0 16 1 0
0 17 1 0
0 18 1 0
0 19 1 0
1 2 90 20
1 3 4 20
1 4 1 50
1 5 2 50
1 6 3 50
1 7 4 50
1 8 5 50
1 9 6 50
1 10 7 50
1 11 8 50
1 12 9 50
1 13 10 50
1 14 11 50
1 15 12 50
1 16 13 50
1 17 14 50
1 18 15 50
1 19 16 50
2 3 3 20
2 4 1 0
2 5 1 0
2 6 1 0
2 7 1 0
2 8 1 0
2 9 1 0
2 10 1 0
2 11 1 0
2 12 1 0
2 13 1 0
2 14 1 0
2 15 1 0
2 16 1 0
2 17 1 0
2 18 1 0
2 19 1 0
3 4 16 50
3 5 15 50
3 6 14 50
3 7 13 50
3 8 12 50
3 9 11 50
3 10 10 50
3 11 9 50
3 12 8 50
3 13 7 50
3 14 6 50
3 15 5 50
3 16 4 50
3 17 3 50
3 18 2 50
3 19 1 50
4 5 3 0.75
4 6 3 0.75
4 7 3 0.75
4 8 3 0.75
4 9 3 0.75
4 10 3 0.75
4 11 3 0.75
4 12 1 0
4 13 1 0
4 14 1 0
4 15 1 0
4 16 1 0
4 17 1 0
4 18 1 0
4 19 1 0
5 6 3 0.75
5 7 3 0.75
5 8 3 0.75
5 9 3 0.75
5 10 3 0.75
5 11 3 0.75
5 12 1 0
5 13 1 0
5 14 1 0
5 15 1 0
5 16 1 0
5 17 1 0
5 18 1 0
5 19 1 0
6 7 3 0.75
6 8 3 0.75
6 9 3 0.75
6 10 3 0.75
6 11 3 0.75
6 12 1 0
6 13 1 0
6 14 1 0
6 15 1 0
6 16 1 0
6 17 1 0
6 18 1 0
6 19 1 0
7 8 3 0.75
7 9 3 0.75
7 10 3 0.75
7 11 3 0.75
7 12 1 0
7 13 1 0
7 14 1 0
7 15 1 0
7 16 1 0
7 17 1 0
7 18 1 0
7 19 1 0
8 9 3 0.75
8 10 3 0.75
8 11 3 0.75
8 12 1 0
8 13 1 0
8 14 1 0
8 15 1 0
8 16 1 0
8 17 1 0
8 18 1 0
8 19 1 0
9 10 3 0.75
9 11 3 0.75
9 12 1 0
9 13 1 0
9 14 1 0
9 15 1 0
9 16 1 0
9 17 1 0
9 18 1 0
9 19 1 0
10 11 3 0.75
10 12 1 0
10 13 1 0
10 14 1 0
10 15 1 0
10 16 1 0
10 17 1 0
10 18 1 0
10 19 1 0
11 12 1 0
11 13 1 0
11 14 1 0
11 15 1 0
11 16 1 0
11 17 1 0
11 18 1 0
11 19 1 0
12 13 3 0.75
12 14 3 0.75
12 15 3 0.75
12 16 3 0.75
12 17 3 0.75
12 18 3 0.75
12 19 3 0.75
13 14 3 0.75
13 15 3 0.75
13 16 3 0.75
13 17 3 0.75
13 18 3 0.75
13 19 3 0.75
14 15 3 0.75
14 16 3 0.75
14 17 3 0.75
14 18 3 0.75
14 19 3 0.75
15 16 3 0.75
15 17 3 0.75
15 18 3 0.75
15 19 3 0.75
16 17 3 0.75
16 18 3 0.75
16 19 3 0.75
17 18 3 0.75
17 19 3 0.75
18 19 3 0.75