20
40
0 1 37.715 1
0 2 32.357 1
0 3 30.264 1
0 4 31.203 1
0 5 1 0.657
0 6 1 0.654
0 7 1 0.56
0 8 1 0.388
0 9 1 0.707
0 10 1 0.664
0 11 1 0.656
0 12 1 0.532
0 13 1 0.418
0 14 1 0.499
0 15 1 0.635
0 16 1 0.694
0 17 1 0.415
0 18 1 0.313
0 19 1 0.414
1 2 38.459 1
1 3 31.431 1
1 4 38.506 1
1 5 1 0.43
1 6 1 0.724
1 7 1 0.575
1 8 1 0.4
1 9 1 0.709
1 10 1 0.477
1 11 1 0.496
1 12 1 0.689
1 13 1 0.303
1 14 1 0.459
1 15 1 0.721
1 16 1 0.703
1 17 1 0.352
1 18 1 0.544
1 19 1 0.55
2 3 37.824 1
2 4 32.403 1
2 5 1 0.489
2 6 1 0.339
2 7 1 0.356
2 8 1 0.388
2 9 1 0.711
2 10 1 0.718
2 11 1 0.488
2 12 1 0.466
2 13 1 0.704
2 14 1 0.301
2 15 1 0.514
2 16 1 0.302
2 17 1 0.525
2 18 1 0.523
2 19 1 0.532
3 4 39.204 1
3 5 1 0.721
3 6 1 0.443
3 7 1 0.618
3 8 1 0.374
3 9 1 0.727
3 10 1 0.368
3 11 1 0.355
3 12 1 0.59
3 13 1 0.486
3 14 1 0.741
3 15 1 0.571
3 16 1 0.411
3 17 1 0.414
3 18 1 0.702
3 19 1 0.546
4 5 1 0.361
4 6 1 0.35
4 7 1 0.362
4 8 1 0.352
4 9 1 0.338
4 10 1 0.418
4 11 1 0.538
4 12 1 0.39
4 13 1 0.483
4 14 1 0.491
4 15 1 0.397
4 16 1 0.419
4 17 1 0.683
4 18 1 0.535
4 19 1 0.62
5 6 31.029 1
5 7 36.308 1
5 8 31.303 1
5 9 36.362 1
5 10 1 0.664
5 11 1 0.678
5 12 1 0.351
5 13 1 0.606
5 14 1 0.632
5 15 1 0.601
5 16 1 0.592
5 17 1 0.576
5 18 1 0.535
5 19 1 0.663
6 7 32.03 1
6 8 39.525 1
6 9 38.995 1
6 10 1 0.574
6 11 1 0.597
6 12 1 0.687
6 13 1 0.597
6 14 1 0.482
6 15 1 0.703
6 16 1 0.318
6 17 1 0.556
6 18 1 0.334
6 19 1 0.536
7 8 37.687 1
7 9 32.385 1
7 10 1 0.509
7 11 1 0.416
7 12 1 0.319
7 13 1 0.542
7 14 1 0.497
7 15 1 0.653
7 16 1 0.709
7 17 1 0.545
7 18 1 0.699
7 19 1 0.702
8 9 35.12 1
8 10 1 0.38
8 11 1 0.557
8 12 1 0.319
8 13 1 0.483
8 14 1 0.71
8 15 1 0.632
8 16 1 0.648
8 17 1 0.493
8 18 1 0.31
8 19 1 0.55
9 10 1 0.622
9 11 1 0.496
9 12 1 0.399
9 13 1 0.441
9 14 1 0.308
9 15 1 0.749
9 16 1 0.573
9 17 1 0.674
9 18 1 0.416
9 19 1 0.533
10 11 31.58 1
10 12 30.131 1
10 13 37.087 1
10 14 31.748 1
10 15 1 0.45
10 16 1 0.301
10 17 1 0.401
10 18 1 0.411
10 19 1 0.572
11 12 35.96 1
11 13 31.114 1
11 14 37.096 1
11 15 1 0.477
11 16 1 0.704
11 17 1 0.395
11 18 1 0.432
11 19 1 0.433
12 13 38.873 1
12 14 31.483 1
12 15 1 0.661
12 16 1 0.541
12 17 1 0.385
12 18 1 0.674
12 19 1 0.595
13 14 31.572 1
13 15 1 0.319
13 16 1 0.649
13 17 1 0.529
13 18 1 0.612
13 19 1 0.624
14 15 1 0.625
14 16 1 0.58
14 17 1 0.581
14 18 1 0.567
14 19 1 0.315
15 16 31.312 1
15 17 37.693 1
15 18 31.974 1
15 19 36.146 1
16 17 33.504 1
16 18 30.535 1
16 19 30.788 1
17 18 33.967 1
17 19 34.971 1
18 19 34.342 1