20
73
0 1 42.495 0.117
0 2 77.858 1.972
0 3 68.115 1.099
0 4 12.082 4.446
0 5 15.883 7.026
0 6 29.081 0.686
0 7 61.062 1.920
0 8 64.172 1.614
0 9 24.101 0.896
0 10 57.468 2.090
0 11 19.027 3.731
0 12 58.208 3.702
0 13 20.583 5.166
0 14 21.213 0.140
0 15 11.676 2.919
0 16 38.304 6.088
0 17 96.788 4.156
0 18 20.806 0.623
0 19 95.683 2.279
1 2 74.387 2.933
1 3 16.895 2.863
1 4 10.327 4.322
1 5 42.156 6.202
1 6 11.770 2.032
1 7 70.976 3.178
1 8 71.496 1.880
1 9 44.058 6.256
1 10 14.647 3.350
1 11 29.461 5.166
1 12 85.970 4.028
1 13 60.317 1.603
1 14 95.631 0.356
1 15 58.001 3.623
1 16 86.190 5.220
1 17 27.344 3.496
1 18 70.082 6.538
1 19 52.038 0.172
2 3 31.163 3.015
2 4 35.851 4.115
2 5 69.065 6.247
2 6 36.990 3.695
2 7 39.666 4.803
2 8 90.005 1.753
2 9 10.137 4.912
2 10 55.658 1.902
2 11 53.855 1.829
2 12 22.924 6.284
2 13 94.053 1.633
2 14 87.699 6.115
2 15 51.060 0.627
2 16 50.008 5.517
2 17 57.650 6.181
2 18 4.506 5.493
2 19 87.277 4.574
3 4 28.007 1.653
3 5 14.607 1.172
3 6 44.705 1.053
3 7 66.941 0.604
3 8 57.363 1.564
3 9 65.758 5.050
3 10 7.798 3.422
3 11 4.923 3.335
3 12 24.664 4.873
3 13 24.450 3.001
3 14 26.498 6.932
3 15 11.658 0.866
3 16 88.042 3.230
3 17 72.753 3.579
3 18 30.577 5.327
3 19 32.030 5.990
4 5 37.607 3.188
4 6 36.103 5.726
4 7 58.232 5.630
4 8 1.768 4.476
4 9 94.390 4.360
4 10 52.568 3.815
4 11 15.881 4.648
4 12 73.464 3.573
4 13 32.640 4.225
4 14 51.153 4.533
4 15 48.046 4.657
4 16 68.489 5.649
4 17 13.255 4.239
4 18 51.537 3.715
4 19 53.570 6.920
5 6 22.137 3.086
5 7 94.104 6.991
5 8 94.318 6.533
5 9 2.011 4.922
5 10 88.334 4.275
5 11 60.779 4.728
5 12 20.305 5.658
5 13 6.700 5.911
5 14 18.985 7.121
5 15 60.446 4.951
5 16 8.932 4.308
5 17 46.096 4.044
5 18 13.238 4.811
5 19 70.248 3.731
6 7 72.793 4.594
6 8 37.342 4.588
6 9 91.035 4.050
6 10 6.349 4.009
6 11 87.159 6.949
6 12 92.145 6.939
6 13 41.079 6.320
6 14 38.213 4.708
6 15 31.851 5.763
6 16 17.084 5.831
6 17 47.714 4.308
6 18 58.224 5.695
6 19 1.042 5.454
7 8 54.767 12.000
7 9 26.336 7.323
7 10 8.345 10.052
7 11 28.192 8.405
7 12 16.953 11.206
7 13 96.509 8.418
7 14 81.532 7.866
7 15 31.637 11.308
7 16 2.744 9.789
7 17 77.696 7.684
7 18 30.085 7.410
7 19 56.095 8.894
8 9 42.270 8.757
8 10 51.864 10.955
8 11 89.638 9.356
8 12 62.461 7.541
8 13 78.597 9.358
8 14 67.440 8.703
8 15 32.649 11.866
8 16 91.439 8.914
8 17 88.351 9.038
8 18 24.648 11.671
8 19 57.518 11.192
9 10 13.921 0.663
9 11 99.652 0.469
9 12 62.555 1.948
9 13 94.974 0.488
9 14 85.677 5.030
9 15 33.938 0.489
9 16 68.069 4.374
9 17 43.415 2.387
9 18 12.457 2.268
9 19 1.147 6.306
10 11 92.316 1.435
10 12 26.753 0.852
10 13 68.154 1.090
10 14 56.841 1.693
10 15 67.602 1.285
10 16 34.625 4.045
10 17 82.721 4.923
10 18 96.253 5.489
10 19 40.184 7.045
11 12 25.826 1.449
11 13 46.496 1.593
11 14 72.781 2.241
11 15 32.027 0.720
11 16 91.660 2.175
11 17 78.485 4.250
11 18 90.662 6.659
11 19 85.050 4.882
12 13 40.151 2.012
12 14 25.116 1.049
12 15 7.114 0.921
12 16 34.580 5.290
12 17 56.141 2.125
12 18 42.350 1.490
12 19 75.690 6.353
13 14 62.930 5.749
13 15 42.066 2.624
13 16 37.447 5.225
13 17 28.047 6.307
13 18 46.406 6.314
13 19 87.519 0.481
14 15 12.633 9.061
14 16 82.739 0.223
14 17 19.360 4.408
14 18 91.902 5.834
14 19 57.977 4.428
15 16 36.316 2.717
15 17 71.129 5.357
15 18 96.795 3.571
15 19 73.873 2.156
16 17 72.893 2.080
16 18 87.598 5.249
16 19 7.163 3.837
17 18 61.003 4.001
17 19 26.902 4.728
18 19 32.283 3.271