20
99
0 1 8 0.569
0 2 8 0.584
0 3 9 0.557
0 4 9 0.545
0 5 9 0.575
0 6 7 0.551
0 7 7 0.578
0 8 6 0.589
0 9 6 0.586
0 10 5 0.721
0 11 6 0.613
0 12 4 0.686
0 13 3 0.558
0 14 4 0.795
0 15 6 0.763
0 16 5 0.793
0 17 4 0.707
0 18 5 0.686
0 19 5 0.741
1 2 6 0.585
1 3 9 0.584
1 4 9 0.568
1 5 7 0.566
1 6 10 0.582
1 7 7 0.588
1 8 6 0.694
1 9 5 0.787
1 10 6 0.557
1 11 5 0.615
1 12 4 0.788
1 13 6 0.667
1 14 3 0.628
1 15 3 0.681
1 16 4 0.644
1 17 6 0.557
1 18 6 0.554
1 19 3 0.561
2 3 8 0.591
2 4 7 0.552
2 5 9 0.543
2 6 7 0.578
2 7 7 0.55
2 8 5 0.71
2 9 6 0.679
2 10 6 0.555
2 11 6 0.718
2 12 3 0.558
2 13 3 0.701
2 14 3 0.685
2 15 3 0.588
2 16 3 0.697
2 17 5 0.682
2 18 4 0.566
2 19 3 0.582
3 4 7 0.556
3 5 9 0.542
3 6 9 0.556
3 7 7 0.579
3 8 4 0.667
3 9 5 0.742
3 10 4 0.582
3 11 6 0.554
3 12 4 0.631
3 13 3 0.676
3 14 6 0.678
3 15 3 0.712
3 16 6 0.575
3 17 6 0.638
3 18 5 0.796
3 19 3 0.668
4 5 10 0.566
4 6 8 0.555
4 7 8 0.554
4 8 3 0.705
4 9 5 0.727
4 10 6 0.786
4 11 3 0.564
4 12 3 0.569
4 13 4 0.65
4 14 5 0.566
4 15 5 0.6
4 16 5 0.639
4 17 5 0.791
4 18 6 0.646
4 19 3 0.727
5 6 10 0.589
5 7 6 0.578
5 8 5 0.628
5 9 4 0.613
5 10 4 0.686
5 11 3 0.572
5 12 3 0.553
5 13 5 0.773
5 14 6 0.798
5 15 6 0.582
5 16 6 0.791
5 17 5 0.561
5 18 5 0.585
5 19 6 0.571
6 7 8 0.569
6 8 5 0.794
6 9 3 0.741
6 10 4 0.594
6 11 4 0.752
6 12 3 0.775
6 13 5 0.61
6 14 4 0.638
6 15 5 0.647
6 16 5 0.747
6 17 3 0.707
6 18 3 0.778
6 19 6 0.592
7 8 6 0.589
7 9 4 0.719
7 10 3 0.753
7 11 4 0.765
7 12 4 0.714
7 13 6 0.594
7 14 5 0.765
7 15 5 0.653
7 16 5 0.622
7 17 6 0.6
7 18 3 0.786
7 19 3 0.587
8 9 6 0.57
8 10 7 0.548
8 11 6 0.559
8 12 6 0.58
8 13 10 0.593
8 14 6 0.565
8 15 3 0.736
8 16 3 0.599
8 17 6 0.773
8 18 5 0.698
8 19 6 0.671
9 10 10 0.551
9 11 10 0.549
9 12 8 0.571
9 13 8 0.561
9 14 6 0.676
9 15 3 0.581
9 16 3 0.681
9 17 6 0.702
9 18 3 0.562
9 19 5 0.578
10 11 7 0.595
10 12 6 0.549
10 13 6 0.593
10 14 5 0.623
10 15 4 0.685
10 16 6 0.595
10 17 4 0.694
10 18 4 0.613
10 19 6 0.677
11 12 9 0.582
11 13 9 0.565
11 14 5 0.714
11 15 5 0.8
11 16 4 0.798
11 17 3 0.561
11 18 4 0.67
11 19 5 0.717
12 13 8 0.565
12 14 4 0.566
12 15 3 0.745
12 16 5 0.627
12 17 4 0.767
12 18 4 0.617
12 19 5 0.657
13 14 5 0.69
13 15 5 0.584
13 16 5 0.764
13 17 4 0.735
13 18 4 0.645
13 19 3 0.799
14 15 10 0.574
14 16 10 0.564
14 17 10 0.551
14 18 10 0.575
14 19 7 0.564
15 16 9 0.584
15 17 9 0.579
15 18 10 0.567
15 19 10 0.558
16 17 6 0.598
16 18 6 0.597
16 19 10 0.572
17 18 7 0.574
17 19 9 0.574
18 19 9 0.548
