20
74.5
0 1 12 4.25
0 2 22 3.125
0 3 25 3.875
0 4 27 3.375
0 5 13 4.625
0 6 13 4.5
0 7 39 1.125
0 8 48 1.5
0 9 12 4.5
0 10 7 3.25
0 11 20 4.875
0 12 28 3.25
0 13 9 2.75
0 14 17 3.0
0 15 48 0.75
0 16 9 4.25
0 17 18 4.625
0 18 49 1.5
0 19 8 2.625
1 2 29 2.75
1 3 23 3.625
1 4 27 3.25
1 5 16 3.5
1 6 19 2.75
1 7 24 3.0
1 8 45 2.375
1 9 9 4.0
1 10 15 4.25
1 11 40 2.375
1 12 24 4.75
1 13 15 4.25
1 14 28 4.25
1 15 21 4.5
1 16 42 1.75
1 17 38 0.625
1 18 22 2.625
1 19 23 4.25
2 3 16 4.0
2 4 13 2.625
2 5 10 4.25
2 6 23 3.125
2 7 13 4.5
2 8 25 3.625
2 9 49 0.25
2 10 11 3.875
2 11 40 2.0
2 12 8 3.5
2 13 36 0.0
2 14 5 3.0
2 15 48 1.25
2 16 22 3.125
2 17 8 4.25
2 18 6 4.375
2 19 11 4.375
3 4 21 3.0
3 5 28 2.75
3 6 31 1.375
3 7 14 4.75
3 8 24 3.375
3 9 40 2.25
3 10 23 2.625
3 11 32 1.75
3 12 23 3.25
3 13 24 3.875
3 14 33 2.375
3 15 17 4.125
3 16 29 4.375
3 17 29 3.125
3 18 26 4.625
3 19 19 3.875
4 5 14 3.625
4 6 37 0.125
4 7 20 3.5
4 8 13 3.875
4 9 15 3.375
4 10 32 1.75
4 11 44 0.625
4 12 14 4.5
4 13 28 3.375
4 14 18 3.875
4 15 45 1.625
4 16 12 4.75
4 17 24 4.0
4 18 13 2.625
4 19 25 4.875
5 6 26 3.5
5 7 16 3.875
5 8 20 3.75
5 9 24 4.5
5 10 18 3.625
5 11 11 4.625
5 12 31 2.25
5 13 28 4.25
5 14 47 0.25
5 15 5 4.25
5 16 22 3.5
5 17 17 4.75
5 18 28 4.625
5 19 48 2.125
6 7 24 2.75
6 8 12 4.125
6 9 16 3.875
6 10 13 4.125
6 11 10 4.0
6 12 23 3.25
6 13 11 4.875
6 14 35 1.75
6 15 16 4.75
6 16 23 2.75
6 17 49 0.125
6 18 45 2.125
6 19 7 4.75
7 8 21 4.375
7 9 18 4.875
7 10 15 4.625
7 11 28 3.375
7 12 49 1.0
7 13 20 4.375
7 14 6 4.75
7 15 15 4.375
7 16 15 4.375
7 17 7 4.75
7 18 5 2.625
7 19 6 4.125
8 9 9 4.25
8 10 9 4.375
8 11 34 1.75
8 12 11 4.875
8 13 11 2.75
8 14 7 4.375
8 15 21 2.75
8 16 40 1.875
8 17 28 4.625
8 18 29 4.625
8 19 25 3.625
9 10 26 2.625
9 11 15 3.25
9 12 12 4.25
9 13 44 2.25
9 14 26 3.125
9 15 37 0.125
9 16 28 4.875
9 17 35 1.5
9 18 17 4.375
9 19 29 4.0
10 11 18 3.25
10 12 35 0.75
10 13 14 4.0
10 14 6 4.125
10 15 28 4.25
10 16 18 3.25
10 17 27 3.875
10 18 16 3.125
10 19 29 4.375
11 12 5 3.375
11 13 13 4.625
11 14 9 3.5
11 15 11 3.5
11 16 34 0.375
11 17 27 4.25
11 18 19 4.5
11 19 23 4.25
12 13 24 4.125
12 14 48 1.875
12 15 18 4.875
12 16 47 1.25
12 17 16 4.875
12 18 11 4.125
12 19 47 2.125
13 14 16 4.25
13 15 33 0.125
13 16 14 4.25
13 17 15 4.375
13 18 25 3.75
13 19 12 3.0
14 15 13 4.25
14 16 16 3.625
14 17 24 4.5
14 18 6 3.625
14 19 35 1.125
15 16 15 4.25
15 17 23 4.125
15 18 5 2.75
15 19 33 0.25
16 17 26 3.25
16 18 16 4.125
16 19 18 3.5
17 18 33 0.875
17 19 23 3.0
18 19 10 3.875
