20
99
0 1 10 0.235
0 5 8 4.743
0 10 19 3.470
0 11 14 3.648
0 17 5 0.769
1 5 8 3.513
1 10 5 0.886
1 11 15 0.032
1 17 11 0.916
5 10 16 0.912
5 11 10 5.786
5 17 13 4.224
10 11 7 0.152
10 17 7 0.591
11 17 12 2.914
2 3 11 0.534
2 7 18 1.488
2 8 15 0.572
2 12 6 0.872
2 15 11 2.394
2 16 19 0.221
2 18 15 0.155
3 7 16 0.803
3 8 19 2.317
3 12 7 0.616
3 15 16 0.153
3 16 14 0.076
3 18 16 0.871
7 8 11 0.436
7 12 10 0.750
7 15 14 0.646
7 16 7 8.134
7 18 9 0.453
8 12 5 3.649
8 15 9 0.784
8 16 19 0.346
8 18 17 0.876
12 15 11 1.200
12 16 10 0.017
12 18 9 0.540
15 16 5 1.725
15 18 16 0.597
16 18 12 0.890
4 6 11 3.055
4 9 15 7.028
4 13 16 1.242
4 14 15 0.253
4 19 6 2.035
6 9 14 0.161
6 13 6 0.780
6 14 17 0.528
6 19 19 0.396
9 13 10 6.124
9 14 11 5.944
9 19 5 0.840
13 14 10 0.777
13 19 18 3.400
14 19 16 0.142
0 2 1 4.928
0 3 3 14.533
0 4 3 19.982
0 6 8 0.946
0 7 8 2.243
0 8 17 8.390
0 9 9 16.198
0 12 8 11.207
0 13 7 16.142
0 14 12 11.867
0 15 16 15.810
0 16 6 0.174
0 18 16 17.877
0 19 0 12.935
1 2 3 9.889
1 3 8 8.822
1 4 9 7.760
1 6 0 3.309
1 7 7 4.309
1 8 1 7.697
1 9 5 8.450
1 12 6 2.841
1 13 8 15.199
1 14 9 9.199
1 15 15 17.878
1 16 12 10.214
1 18 13 16.283
1 19 4 6.298
2 4 10 18.078
2 5 8 14.837
2 6 8 10.145
2 9 7 14.034
2 10 4 6.188
2 11 3 10.484
2 13 0 5.941
2 14 1 14.575
2 17 3 19.013
2 19 6 2.381
3 4 8 4.833
3 5 19 15.038
3 6 5 5.630
3 9 2 5.546
3 10 18 18.086
3 11 17 11.741
3 13 15 10.074
3 14 2 6.816
3 17 8 3.094
3 19 3 11.074
4 5 7 8.695
4 7 11 10.186
4 8 3 1.093
4 10 0 11.781
4 11 7 3.899
4 12 8 4.405
4 15 5 11.857
4 16 7 1.832
4 17 9 10.077
4 18 14 16.204
5 6 3 15.878
5 7 12 7.399
5 8 7 6.368
5 9 0 16.838
5 12 3 0.315
5 13 9 0.168
5 14 4 11.118
5 15 8 9.117
5 16 18 16.205
5 18 7 2.398
5 19 3 6.814
6 7 8 4.600
6 8 3 7.060
6 10 1 12.484
6 11 17 7.522
6 12 8 2.256
6 15 2 9.421
6 16 16 19.831
6 17 14 9.389
6 18 2 4.343
7 9 8 16.796
7 10 4 8.500
7 11 2 8.807
7 13 5 10.231
7 14 6 11.245
7 17 2 15.937
7 19 8 1.931
8 9 19 13.808
8 10 7 8.885
8 11 7 9.303
8 13 8 15.761
8 14 16 11.678
8 17 8 16.790
8 19 6 11.297
9 10 7 17.256
9 11 3 11.310
9 12 7 11.487
9 15 11 18.741
9 16 2 13.751
9 17 1 8.076
9 18 17 16.478
10 12 5 1.490
10 13 3 9.223
10 14 14 12.768
10 15 5 6.418
10 16 2 6.918
10 18 7 3.930
10 19 19 14.272
11 12 8 9.259
11 13 1 17.123
11 14 2 11.539
11 15 8 18.865
11 16 9 19.992
11 18 16 19.792
11 19 0 8.297
12 13 3 14.929
12 14 4 18.915
12 17 18 14.874
12 19 15 15.057
13 15 11 9.593
13 16 1 1.509
13 17 2 2.431
13 18 1 11.692
14 15 3 16.625
14 16 6 17.635
14 17 8 3.935
14 18 6 8.461
15 17 5 14.583
15 19 3 5.205
16 17 0 19.027
16 19 1 1.647
17 18 5 9.232
17 19 9 9.569
18 19 16 15.881
