20
80
0 1 4 0.5
0 2 4 0.5
0 3 4 0.5
0 4 4 0.5
0 5 4 0.5
0 6 4 0.5
0 7 4 0.5
0 8 4 0.5
0 9 4 0.5
0 10 4 0.5
0 11 4 0.5
0 12 4 0.5
0 13 4 0.5
0 14 25 21
0 15 4 0.5
0 16 4 0.5
0 17 4 0.5
0 18 4 0.5
0 19 4 0.5
1 2 4 0.5
1 3 4 0.5
1 4 4 0.5
1 5 4 0.5
1 6 4 0.5
1 7 4 0.5
1 8 4 0.5
1 9 4 0.5
1 10 4 0.5
1 11 4 0.5
1 12 4 0.5
1 13 4 0.5
1 14 20 1
1 15 4 0.5
1 16 4 0.5
1 17 4 0.5
1 18 4 0.5
1 19 4 0.5
2 3 4 0.5
2 4 4 0.5
2 5 4 0.5
2 6 4 0.5
2 7 4 0.5
2 8 4 0.5
2 9 4 0.5
2 10 4 0.5
2 11 4 0.5
2 12 4 0.5
2 13 4 0.5
2 14 25 21
2 15 4 0.5
2 16 4 0.5
2 17 4 0.5
2 18 4 0.5
2 19 4 0.5
3 4 4 0.5
3 5 4 0.5
3 6 4 0.5
3 7 4 0.5
3 8 4 0.5
3 9 4 0.5
3 10 4 0.5
3 11 4 0.5
3 12 4 0.5
3 13 4 0.5
3 14 25 21
3 15 4 0.5
3 16 4 0.5
3 17 4 0.5
3 18 4 0.5
3 19 4 0.5
4 5 4 0.5
4 6 4 0.5
4 7 4 0.5
4 8 4 0.5
4 9 4 0.5
4 10 4 0.5
4 11 4 0.5
4 12 4 0.5
4 13 4 0.5
4 14 25 21
4 15 4 0.5
4 16 4 0.5
4 17 4 0.5
4 18 4 0.5
4 19 4 0.5
5 6 4 0.5
5 7 4 0.5
5 8 4 0.5
5 9 4 0.5
5 10 4 0.5
5 11 4 0.5
5 12 4 0.5
5 13 4 0.5
5 14 25 21
5 15 4 0.5
5 16 4 0.5
5 17 4 0.5
5 18 4 0.5
5 19 4 0.5
6 7 4 0.5
6 8 4 0.5
6 9 4 0.5
6 10 4 0.5
6 11 4 0.5
6 12 4 0.5
6 13 4 0.5
6 14 25 21
6 15 4 0.5
6 16 4 0.5
6 17 4 0.5
6 18 4 0.5
6 19 4 0.5
7 8 4 0.5
7 9 4 0.5
7 10 4 0.5
7 11 4 0.5
7 12 4 0.5
7 13 4 0.5
7 14 25 21
7 15 4 0.5
7 16 4 0.5
7 17 4 0.5
7 18 4 0.5
7 19 4 0.5
8 9 4 0.5
8 10 4 0.5
8 11 4 0.5
8 12 4 0.5
8 13 4 0.5
8 14 25 21
8 15 4 0.5
8 16 4 0.5
8 17 4 0.5
8 18 4 0.5
8 19 4 0.5
9 10 4 0.5
9 11 4 0.5
9 12 4 0.5
9 13 4 0.5
9 14 25 21
9 15 4 0.5
9 16 4 0.5
9 17 4 0.5
9 18 4 0.5
9 19 4 0.5
10 11 4 0.5
10 12 4 0.5
10 13 4 0.5
10 14 25 21
10 15 4 0.5
10 16 4 0.5
10 17 4 0.5
10 18 4 0.5
10 19 4 0.5
11 12 4 0.5
11 13 4 0.5
11 14 25 21
11 15 4 0.5
11 16 4 0.5
11 17 4 0.5
11 18 4 0.5
11 19 4 0.5
12 13 4 0.5
12 14 25 21
12 15 4 0.5
12 16 4 0.5
12 17 4 0.5
12 18 4 0.5
12 19 4 0.5
13 14 25 21
13 15 4 0.5
13 16 4 0.5
13 17 4 0.5
13 18 4 0.5
13 19 4 0.5
14 15 25 21
14 16 20 1
14 17 4 0.5
14 18 4 0.5
14 19 4 0.5
15 16 4 0.5
15 17 4 0.5
15 18 4 0.5
15 19 4 0.5
16 17 20 1
16 18 4 0.5
16 19 4 0.5
17 18 4 0.5
17 19 4 0.5
18 19 20 1
