20
30.0
0 1 1.5 1.0
0 2 1.0 2.0
0 3 1.01 1.01
0 4 1.0 0.5
0 5 1.2 0.65
0 6 1.0 0.99
0 7 1.2 0.6
0 8 1.0 0.98
0 9 1.0 0.99
0 10 0.98 0.99
0 11 1.01 1.0
0 12 0.99 1.0
0 13 1.02 1.01
0 14 1.0 1.0
0 15 1.2 0.6
0 16 1.0 1.01
0 17 1.2 0.7
0 18 1.0 0.99
0 19 1.02 1.0
1 2 1.05 2.0
1 3 1.04 1.0
1 4 1.25 2.0
1 5 0.7 1.0
1 6 1.0 0.99
1 7 0.7 1.0
1 8 0.99 0.99
1 9 1.02 0.99
1 10 1.05 0.98
1 11 1.25 2.0
1 12 1.0 1.0
1 13 1.0 1.0
1 14 1.05 1.0
1 15 0.7 1.0
1 16 0.99 0.99
1 17 0.7 1.0
1 18 1.0 0.98
1 19 1.05 1.0
2 3 1.0 0.98
2 4 1.05 2.0
2 5 1.0 2.0
2 6 0.98 0.99
2 7 1.02 2.0
2 8 1.0 1.0
2 9 1.0 1.03
2 10 1.05 1.0
2 11 1.05 2.0
2 12 0.99 1.0
2 13 1.02 0.99
2 14 1.05 1.0
2 15 1.04 2.0
2 16 1.0 1.0
2 17 1.0 2.0
2 18 1.0 1.0
2 19 1.05 1.0
3 4 0.98 0.99
3 5 1.0 1.0
3 6 1.1 0.98
3 7 1.01 1.0
3 8 1.1 1.0
3 9 1.02 0.98
3 10 1.02 1.0
3 11 1.02 0.95
3 12 1.02 1.02
3 13 1.1 1.0
3 14 1.0 0.98
3 15 1.0 0.99
3 16 1.0 0.99
3 17 1.0 1.0
3 18 1.04 0.99
3 19 1.1 1.0
4 5 1.0 0.5
4 6 0.98 1.0
4 7 0.99 0.5
4 8 1.04 1.0
4 9 1.04 1.0
4 10 1.05 1.0
4 11 1.25 2.0
4 12 1.0 0.98
4 13 1.0 0.98
4 14 1.05 0.98
4 15 1.04 0.5
4 16 0.98 0.98
4 17 2.0 0.5
4 18 1.0 1.0
4 19 1.05 1.0
5 6 1.0 1.0
5 7 1.2 0.5
5 8 0.99 0.95
5 9 1.0 1.01
5 10 1.0 1.0
5 11 1.0 1.0
5 12 1.0 1.03
5 13 1.0 0.95
5 14 0.99 0.99
5 15 1.2 0.6
5 16 1.04 0.99
5 17 1.2 0.6
5 18 0.99 1.0
5 19 1.0 1.01
6 7 1.0 1.01
6 8 1.1 1.0
6 9 1.02 1.0
6 10 1.0 1.0
6 11 1.0 1.0
6 12 1.0 0.99
6 13 1.1 0.95
6 14 1.0 0.98
6 15 1.0 0.99
6 16 0.99 1.02
6 17 1.01 0.98
6 18 1.0 1.0
6 19 1.1 1.0
7 8 1.0 1.0
7 9 0.99 1.02
7 10 1.0 1.01
7 11 1.01 1.0
7 12 1.01 0.98
7 13 1.0 1.01
7 14 1.0 1.0
7 15 1.2 0.6
7 16 1.0 1.01
7 17 1.2 0.55
7 18 0.99 0.95
7 19 1.0 0.95
8 9 1.04 0.98
8 10 1.02 0.99
8 11 1.01 0.98
8 12 0.99 1.02
8 13 1.1 1.0
8 14 1.0 1.0
8 15 0.99 0.95
8 16 1.0 1.0
8 17 1.0 1.0
8 18 0.95 0.99
8 19 1.1 1.0
9 10 1.0 1.0
9 11 1.0 1.0
9 12 1.3 1.01
9 13 1.3 1.0
9 14 1.0 0.99
9 15 1.0 0.99
9 16 1.3 0.99
9 17 1.0 0.95
9 18 1.3 1.0
9 19 1.0 0.98
10 11 1.05 0.98
10 12 0.99 0.98
10 13 1.0 1.0
10 14 1.05 1.0
10 15 0.1 1.0
10 16 1.0 1.0
10 17 0.1 1.0
10 18 0.99 0.99
10 19 1.05 0.98
11 12 1.01 0.99
11 13 1.0 1.0
11 14 1.05 1.0
11 15 1.0 1.5
11 16 1.0 0.98
11 17 1.0 1.5
11 18 1.02 0.99
11 19 1.05 0.98
12 13 1.3 1.0
12 14 1.01 1.0
12 15 0.98 1.02
12 16 1.3 1.0
12 17 1.01 1.0
12 18 1.3 0.98
12 19 1.0 1.0
13 14 1.0 0.99
13 15 1.0 1.0
13 16 1.3 0.98
13 17 1.01 1.02
13 18 1.3 1.0
13 19 1.1 1.0
14 15 0.99 0.99
14 16 1.0 1.0
14 17 1.0 1.0
14 18 1.05 1.0
14 19 1.05 1.0
15 16 1.0 1.0
15 17 1.2 0.6
15 18 1.0 1.0
15 19 1.04 0.95
16 17 1.0 1.02
16 18 1.3 1.02
16 19 0.99 0.98
17 18 1.03 0.95
17 19 1.04 1.02
18 19 1.0 1.0