20
94.133
0 1 48.692 1.326
0 2 69.603 0.938
0 3 65.98 2.102
0 4 63.171 1.28
0 5 61.0 1.452
0 6 44.192 1.511
0 7 43.142 1.79
0 8 68.627 1.824
0 9 65.529 0.756
0 10 99.608 0.994
0 11 40.523 2.044
0 12 57.703 1.636
0 13 76.836 0.927
0 14 56.616 1.716
0 15 75.582 0.801
0 16 87.427 1.268
0 17 96.307 1.081
0 18 58.721 1.856
0 19 60.682 1.024
1 2 66.981 2.044
1 3 95.18 0.822
1 4 70.924 1.515
1 5 54.926 1.362
1 6 62.798 0.548
1 7 82.325 0.9
1 8 74.439 0.932
1 9 65.87 1.398
1 10 56.934 2.222
1 11 78.931 1.599
1 12 84.233 1.473
1 13 65.686 2.002
1 14 62.265 0.995
1 15 66.017 1.875
1 16 63.559 1.777
1 17 43.277 1.21
1 18 73.555 1.038
1 19 60.772 1.859
2 3 56.352 2.225
2 4 68.95 1.98
2 5 79.561 1.508
2 6 44.725 1.93
2 7 52.028 1.958
2 8 65.535 1.525
2 9 73.668 1.357
2 10 65.424 0.766
2 11 52.656 2.013
2 12 61.861 2.067
2 13 72.821 0.904
2 14 67.697 1.899
2 15 92.109 0.693
2 16 76.687 0.604
2 17 95.41 0.505
2 18 60.864 2.151
2 19 95.478 0.592
3 4 86.778 1.365
3 5 62.591 1.604
3 6 94.926 0.51
3 7 88.22 1.302
3 8 63.257 1.593
3 9 40.114 2.009
3 10 59.985 1.434
3 11 98.298 1.26
3 12 74.268 1.073
3 13 47.172 2.181
3 14 66.503 0.827
3 15 55.369 1.5
3 16 55.038 1.72
3 17 46.414 2.036
3 18 74.133 0.729
3 19 67.413 1.894
4 5 50.776 1.965
4 6 78.276 1.741
4 7 76.102 0.686
4 8 60.233 0.611
4 9 66.436 2.019
4 10 66.365 2.0
4 11 82.651 1.543
4 12 70.32 0.932
4 13 50.014 1.979
4 14 83.59 0.898
4 15 63.608 1.762
4 16 63.518 1.691
4 17 47.106 2.009
4 18 90.394 0.605
4 19 64.864 1.724
5 6 57.577 1.753
5 7 48.619 1.415
5 8 65.218 1.828
5 9 96.855 1.073
5 10 92.789 0.934
5 11 47.988 2.123
5 12 68.829 1.363
5 13 63.13 0.615
5 14 47.243 1.442
5 15 74.441 0.673
5 16 62.354 0.976
5 17 77.158 1.004
5 18 50.079 1.489
5 19 80.688 1.077
6 7 62.782 1.409
6 8 99.536 1.627
6 9 64.219 1.305
6 10 64.47 1.495
6 11 96.004 0.503
6 12 88.549 1.107
6 13 66.478 1.282
6 14 69.664 0.509
6 15 46.098 2.115
6 16 59.967 1.587
6 17 47.7 1.923
6 18 74.441 1.056
6 19 59.538 1.866
7 8 88.763 0.801
7 9 59.893 1.473
7 10 67.046 2.106
7 11 72.824 1.486
7 12 98.571 0.58
7 13 49.56 2.114
7 14 86.983 1.034
7 15 50.805 1.78
7 16 61.032 1.591
7 17 58.835 1.93
7 18 73.501 0.698
7 19 61.954 1.53
8 9 57.681 2.184
8 10 54.193 1.144
8 11 90.619 0.678
8 12 78.335 0.856
8 13 44.539 1.921
8 14 65.527 1.363
8 15 60.669 1.786
8 16 60.471 1.373
8 17 61.773 1.559
8 18 73.991 1.394
8 19 57.995 1.701
9 10 62.079 1.561
9 11 46.41 1.955
9 12 49.147 1.652
9 13 81.856 1.291
9 14 69.51 1.686
9 15 71.381 0.92
9 16 69.902 0.517
9 17 87.902 1.719
9 18 48.549 1.898
9 19 70.687 1.173
10 11 41.652 1.845
10 12 45.002 1.633
10 13 83.943 1.144
10 14 46.809 1.339
10 15 80.834 1.421
10 16 70.528 0.907
10 17 74.99 1.05
10 18 59.513 1.695
10 19 92.387 0.813
11 12 68.497 0.743
11 13 44.037 1.182
11 14 95.728 0.868
11 15 49.967 2.016
11 16 55.565 2.2
11 17 60.379 1.465
11 18 68.692 0.578
11 19 62.325 1.131
12 13 47.2 2.174
12 14 91.239 0.842
12 15 41.718 1.29
12 16 65.791 1.143
12 17 53.315 1.584
12 18 89.036 1.32
12 19 55.489 2.115
13 14 67.147 1.793
13 15 78.229 0.703
13 16 63.715 1.544
13 17 99.664 0.782
13 18 65.122 1.857
13 19 83.662 1.726
14 15 65.323 1.906
14 16 44.213 1.787
14 17 55.759 1.528
14 18 86.2 1.309
14 19 49.671 2.021
15 16 96.726 1.22
15 17 72.201 1.45
15 18 56.709 1.552
15 19 70.024 1.075
16 17 68.613 1.403
16 18 61.207 1.623
16 19 98.929 0.663
17 18 63.694 1.881
17 19 62.484 1.36
18 19 66.178 1.963