20
14
0 1 0.341 0.5
0 2 0.601 0.906
0 3 0.703 0.741
0 4 0.875 0.08
0 5 0.442 0.662
0 6 0.703 0.173
0 7 0.666 1.053
0 8 0.828 0.397
0 9 0.415 0.467
0 10 0.01 1.318
0 11 0.01 1.418
0 12 0.01 1.518
0 13 0.01 1.618
0 14 0.01 1.718
0 15 0.01 1.818
0 16 0.01 1.918
0 17 0.01 2.018
0 18 0.01 2.118
0 19 0.01 2.218
1 2 0.721 0.19
1 3 0.158 0.481
1 4 0.26 0.162
1 5 0.758 0.315
1 6 0.565 0.34
1 7 0.55 0.338
1 8 0.602 0.901
1 9 0.995 0.046
1 10 0.01 2.318
1 11 0.01 2.418
1 12 0.01 2.518
1 13 0.01 2.618
1 14 0.01 2.718
1 15 0.01 2.818
1 16 0.01 2.918
1 17 0.01 3.018
1 18 0.01 3.118
1 19 0.01 3.218
2 3 0.489 0.758
2 4 0.751 0.487
2 5 0.84 0.675
2 6 0.811 0.386
2 7 0.782 0.732
2 8 0.059 0.679
2 9 0.796 0.579
2 10 0.01 3.318
2 11 0.01 3.418
2 12 0.01 3.518
2 13 0.01 3.618
2 14 0.01 3.718
2 15 0.01 3.818
2 16 0.01 3.918
2 17 0.01 4.018
2 18 0.01 4.118
2 19 0.01 4.218
3 4 0.475 0.69
3 5 0.494 0.693
3 6 0.5 0.847
3 7 0.245 0.641
3 8 0.437 0.708
3 9 0.962 0.99
3 10 0.01 4.318
3 11 0.01 4.418
3 12 0.01 4.518
3 13 0.01 4.618
3 14 0.01 4.718
3 15 0.01 4.818
3 16 0.01 4.917
3 17 0.01 5.017
3 18 0.01 5.117
3 19 0.01 5.217
4 5 0.348 0.675
4 6 0.789 0.796
4 7 0.338 0.542
4 8 0.544 0.972
4 9 0.788 0.107
4 10 0.01 5.317
4 11 0.01 5.417
4 12 0.01 5.517
4 13 0.01 5.617
4 14 0.01 5.717
4 15 0.01 5.817
4 16 0.01 5.917
4 17 0.01 6.017
4 18 0.01 6.117
4 19 0.01 6.217
5 6 0.663 0.77
5 7 0.449 0.113
5 8 0.266 0.032
5 9 0.813 0.526
5 10 0.01 6.317
5 11 0.01 6.417
5 12 0.01 6.517
5 13 0.01 6.617
5 14 0.01 6.717
5 15 0.01 6.817
5 16 0.01 6.917
5 17 0.01 7.017
5 18 0.01 7.117
5 19 0.01 7.217
6 7 0.529 0.528
6 8 0.021 0.963
6 9 0.643 0.759
6 10 0.01 7.317
6 11 0.01 7.417
6 12 0.01 7.517
6 13 0.01 7.617
6 14 0.01 7.717
6 15 0.01 7.817
6 16 0.01 7.917
6 17 0.01 8.017
6 18 0.01 8.117
6 19 0.01 8.217
7 8 0.743 0.88
7 9 0.683 0.267
7 10 0.01 8.317
7 11 0.01 8.417
7 12 0.01 8.517
7 13 0.01 8.617
7 14 0.01 8.717
7 15 0.01 8.817
7 16 0.01 8.917
7 17 0.01 9.017
7 18 0.01 9.117
7 19 0.01 9.217
8 9 0.132 0.927
8 10 0.01 9.317
8 11 0.01 9.417
8 12 0.01 9.517
8 13 0.01 9.617
8 14 0.01 9.717
8 15 0.01 9.817
8 16 0.01 9.917
8 17 0.01 10.017
8 18 0.01 10.117
8 19 0.01 10.217
9 10 0.01 10.317
9 11 0.01 10.417
9 12 0.01 10.517
9 13 0.01 10.617
9 14 0.01 10.717
9 15 0.01 10.817
9 16 0.01 10.917
9 17 0.01 11.017
9 18 0.01 11.117
9 19 0.01 11.217
10 11 0.594 0.244
10 12 0.961 0.374
10 13 0.351 1.218
10 14 0.116 0.736
10 15 0.754 0.633
10 16 0.194 0.793
10 17 0.56 0.895
10 18 0.42 0.206
10 19 0.176 0.069
11 12 0.632 0.395
11 13 0.167 0.385
11 14 0.273 0.844
11 15 0.561 0.326
11 16 0.443 0.405
11 17 0.935 0.987
11 18 0.746 0.882
11 19 0.187 0.283
12 13 0.631 0.74
12 14 0.527 0.753
12 15 0.308 0.182
12 16 0.042 0.11
12 17 0.932 0.515
12 18 0.083 0.42
12 19 0.843 0.541
13 14 0.555 0.482
13 15 0.239 0.698
13 16 0.251 0.908
13 17 0.091 0.258
13 18 0.989 0.368
13 19 0.946 0.564
14 15 0.665 0.237
14 16 0.46 0.479
14 17 0.713 0.905
14 18 0.562 0.386
14 19 0.878 0.221
15 16 0.904 0.725
15 17 0.579 0.635
15 18 0.282 0.021
15 19 0.425 0.094
16 17 0.093 0.536
16 18 0.01 0.728
16 19 0.68 0.574
17 18 0.82 0.462
17 19 0.689 0.975
18 19 0.102 0.726