20
99
0 1 7.610 9.419
0 2 0.943 5.678
0 3 7.440 1.925
0 4 1.335 3.974
0 5 8.194 2.251
0 6 6.045 9.777
0 7 9.476 1.219
0 8 1.113 6.569
0 9 7.132 3.612
0 10 4.714 8.584
0 11 6.208 7.713
0 12 4.382 9.568
0 13 8.938 0.865
0 14 4.150 1.854
0 15 6.032 8.791
0 16 5.853 6.499
0 17 9.307 3.807
0 18 4.217 2.409
0 19 1.074 1.251
1 2 3.247 8.861
1 3 8.567 6.099
1 4 9.034 4.480
1 5 0.868 4.232
1 6 8.796 3.801
1 7 6.267 2.893
1 8 8.539 6.695
1 9 9.107 5.888
1 10 2.080 6.541
1 11 5.836 9.152
1 12 0.968 1.483
1 13 9.020 4.064
1 14 1.672 3.749
1 15 6.979 7.862
1 16 9.005 4.781
1 17 4.519 6.087
1 18 7.869 1.779
1 19 6.161 7.326
2 3 2.609 6.190
2 4 4.176 4.198
2 5 0.052 7.380
2 6 2.569 8.331
2 7 2.276 1.435
2 8 7.507 4.460
2 9 1.576 7.170
2 10 6.232 1.667
2 11 1.727 8.767
2 12 8.326 7.751
2 13 3.954 1.975
2 14 8.224 0.885
2 15 1.001 5.168
2 16 9.115 2.413
2 17 3.928 3.864
2 18 7.583 8.698
2 19 2.659 8.154
3 4 9.540 8.498
3 5 1.103 0.975
3 6 4.912 0.077
3 7 5.839 9.686
3 8 5.504 4.147
3 9 2.012 2.979
3 10 5.245 1.325
3 11 8.509 5.819
3 12 7.586 1.586
3 13 2.763 3.785
3 14 5.008 0.540
3 15 2.768 7.857
3 16 3.994 5.222
3 17 1.731 6.992
3 18 5.966 5.674
3 19 9.176 1.071
4 5 9.569 8.275
4 6 0.736 6.705
4 7 3.114 4.303
4 8 5.310 4.446
4 9 4.026 1.617
4 10 1.340 1.773
4 11 2.972 1.104
4 12 0.451 7.027
4 13 9.178 3.612
4 14 9.182 9.428
4 15 8.859 6.838
4 16 5.431 7.239
4 17 0.259 9.695
4 18 7.019 3.011
4 19 3.596 4.825
5 6 1.939 9.302
5 7 1.738 1.212
5 8 1.172 3.116
5 9 6.363 7.802
5 10 1.245 0.560
5 11 8.216 8.746
5 12 8.129 1.036
5 13 5.852 2.176
5 14 1.530 1.730
5 15 9.090 8.636
5 16 4.565 8.791
5 17 5.728 8.424
5 18 2.204 7.170
5 19 0.239 3.520
6 7 4.924 0.516
6 8 7.558 1.315
6 9 0.544 2.234
6 10 7.968 4.175
6 11 1.715 2.706
6 12 0.463 2.749
6 13 4.809 4.295
6 14 7.174 6.950
6 15 5.543 6.007
6 16 9.187 0.580
6 17 3.683 5.533
6 18 3.057 5.494
6 19 2.818 5.354
7 8 8.181 4.380
7 9 2.134 1.960
7 10 0.994 5.321
7 11 6.594 4.606
7 12 0.445 2.541
7 13 1.024 0.436
7 14 8.576 5.917
7 15 4.472 2.921
7 16 3.690 2.066
7 17 6.968 7.846
7 18 3.295 2.895
7 19 0.873 8.287
8 9 3.101 8.629
8 10 8.110 0.153
8 11 0.477 8.920
8 12 0.001 0.153
8 13 2.093 6.755
8 14 5.825 1.145
8 15 9.372 2.596
8 16 4.823 2.018
8 17 6.363 4.020
8 18 3.546 1.111
8 19 4.546 1.777
9 10 2.574 9.251
9 11 1.803 6.561
9 12 6.496 2.418
9 13 8.830 5.527
9 14 2.775 4.781
9 15 4.202 5.263
9 16 7.600 2.885
9 17 4.123 1.177
9 18 2.671 2.014
9 19 8.488 6.777
10 11 3.142 8.585
10 12 0.510 8.489
10 13 6.500 9.708
10 14 9.614 6.199
10 15 6.519 5.350
10 16 5.303 5.012
10 17 2.581 5.677
10 18 5.786 9.096
10 19 3.331 7.356
11 12 0.483 0.362
11 13 6.156 7.128
11 14 6.876 9.854
11 15 0.803 4.622
11 16 2.774 9.776
11 17 0.351 5.916
11 18 3.878 0.567
11 19 5.287 4.860
12 13 5.654 5.788
12 14 1.878 9.141
12 15 0.924 1.292
12 16 2.372 8.881
12 17 6.794 5.221
12 18 9.734 7.068
12 19 4.261 0.303
13 14 6.015 1.858
13 15 9.561 7.660
13 16 6.596 5.300
13 17 7.341 1.888
13 18 6.560 5.837
13 19 5.881 9.611
14 15 2.870 5.978
14 16 7.221 3.041
14 17 9.033 5.077
14 18 2.004 5.077
14 19 6.404 0.835
15 16 0.293 6.422
15 17 7.366 0.062
15 18 3.154 1.144
15 19 6.103 2.927
16 17 0.210 9.055
16 18 5.607 0.243
16 19 3.231 8.399
17 18 6.388 8.354
17 19 1.332 9.811
18 19 7.918 9.184
