20
58
0 1 20.5 0.596
0 2 28.834 0.667
0 3 0.414 29.855
0 4 27.746 0.109
0 5 26.385 0.777
0 6 24.747 0.263
0 7 20.662 0.573
0 8 0.435 20.191
0 9 24.075 0.823
0 10 0.373 21.282
0 11 27.617 0.15
0 12 0.473 21.023
0 13 0.192 23.444
0 14 0.184 23.212
0 15 0.474 28.845
0 16 0.45 26.319
0 17 0.583 28.345
0 18 26.235 0.611
0 19 24.735 0.942
1 2 24.046 0.805
1 3 0.737 20.953
1 4 22.234 0.55
1 5 24.853 0.536
1 6 21.552 0.373
1 7 20.196 0.22
1 8 0.117 26.35
1 9 23.574 0.699
1 10 0.994 22.573
1 11 21.309 0.094
1 12 0.968 22.331
1 13 0.602 22.201
1 14 0.667 26.556
1 15 0.581 22.283
1 16 0.446 20.446
1 17 0.34 25.781
1 18 25.694 0.299
1 19 24.954 0.231
2 3 0.416 24.984
2 4 25.066 0.942
2 5 23.609 0.995
2 6 26.766 0.227
2 7 26.403 0.687
2 8 0.914 26.27
2 9 27.134 0.827
2 10 0.295 29.855
2 11 23.847 0.787
2 12 0.319 27.163
2 13 0.726 29.254
2 14 0.363 25.219
2 15 0.583 23.203
2 16 0.913 27.244
2 17 0.479 25.029
2 18 25.148 0.838
2 19 23.303 0.069
3 4 0.628 23.04
3 5 0.83 26.066
3 6 0.343 20.806
3 7 0.858 21.446
3 8 22.585 0.958
3 9 0.256 22.913
3 10 23.221 0.762
3 11 0.534 29.758
3 12 22.503 0.684
3 13 29.021 0.297
3 14 29.461 0.299
3 15 29.406 0.823
3 16 25.934 0.683
3 17 29.483 0.713
3 18 0.796 28.048
3 19 0.503 23.482
4 5 23.39 0.529
4 6 21.59 0.311
4 7 21.253 0.038
4 8 0.83 25.747
4 9 20.419 0.885
4 10 0.564 22.85
4 11 28.682 0.341
4 12 0.058 20.807
4 13 0.984 26.046
4 14 0.31 21.767
4 15 0.813 26.063
4 16 0.792 27.701
4 17 0.977 23.413
4 18 24.566 0.112
4 19 20.094 0.356
5 6 21.516 0.715
5 7 27.437 0.72
5 8 0.161 21.82
5 9 29.951 0.87
5 10 0.693 20.323
5 11 25.255 0.271
5 12 0.421 27.723
5 13 0.255 20.112
5 14 0.093 28.632
5 15 0.025 28.432
5 16 0.443 27.793
5 17 0.916 25.15
5 18 24.544 0.133
5 19 25.616 0.159
6 7 27.132 0.025
6 8 0.904 25.387
6 9 29.336 0.641
6 10 0.047 29.0
6 11 22.044 0.908
6 12 0.579 29.858
6 13 0.96 20.408
6 14 0.764 20.234
6 15 0.865 25.876
6 16 0.682 20.776
6 17 0.822 28.497
6 18 20.266 0.289
6 19 28.463 0.541
7 8 0.266 27.734
7 9 25.055 0.739
7 10 0.199 20.453
7 11 23.51 0.004
7 12 0.325 20.252
7 13 0.811 22.943
7 14 0.713 28.157
7 15 0.975 24.027
7 16 0.875 24.377
7 17 0.988 27.025
7 18 23.132 0.399
7 19 21.737 0.884
8 9 0.551 26.712
8 10 25.08 0.21
8 11 0.449 23.223
8 12 24.745 0.498
8 13 20.117 0.714
8 14 22.816 0.876
8 15 29.169 0.234
8 16 24.334 0.47
8 17 26.471 0.189
8 18 0.213 26.738
8 19 0.158 26.743
9 10 0.344 29.541
9 11 26.752 0.62
9 12 0.116 23.342
9 13 0.97 29.478
9 14 0.163 22.625
9 15 0.193 25.231
9 16 0.568 20.037
9 17 0.803 25.635
9 18 20.326 0.323
9 19 25.554 0.966
10 11 0.883 20.425
10 12 22.204 0.86
10 13 20.692 0.249
10 14 28.087 0.791
10 15 24.394 0.376
10 16 20.414 0.769
10 17 24.326 0.133
10 18 0.677 20.476
10 19 0.527 24.548
11 12 0.325 21.12
11 13 0.618 22.776
11 14 0.72 26.139
11 15 0.415 20.23
11 16 0.727 27.437
11 17 0.606 21.224
11 18 28.703 0.733
11 19 24.919 0.685
12 13 28.686 0.907
12 14 21.93 0.742
12 15 28.056 0.828
12 16 29.953 0.428
12 17 29.485 0.432
12 18 0.046 25.281
12 19 0.947 27.985
13 14 20.25 0.431
13 15 29.487 0.764
13 16 28.504 0.97
13 17 27.874 0.807
13 18 0.048 25.867
13 19 0.873 23.012
14 15 28.117 0.45
14 16 28.774 0.806
14 17 21.834 0.864
14 18 0.771 25.46
14 19 0.192 20.963
15 16 26.984 0.887
15 17 26.429 0.95
15 18 0.735 28.624
15 19 0.579 23.407
16 17 24.23 0.317
16 18 0.513 21.56
16 19 0.481 23.739
17 18 0.927 28.792
17 19 0.083 23.007
18 19 27.344 0.835