20
59.337
0 1 54.527 1.628
0 2 60.364 1.141
0 3 56.433 1.441
0 4 64.347 1.014
0 5 41.563 1.941
0 6 40.963 2.769
0 7 47.184 2.947
0 8 48.838 2.752
0 9 48.722 2.659
0 10 46.665 3.538
0 11 44.905 3.569
0 12 57.003 3.322
0 13 42.864 2.022
0 14 53.246 3.162
0 15 52.684 1.811
0 16 41.247 3.335
0 17 47.293 2.228
0 18 43.923 2.338
0 19 45.648 3.637
1 2 60.245 1.46
1 3 50.366 0.983
1 4 63.9 0.926
1 5 53.133 2.575
1 6 58.368 2.544
1 7 57.189 3.105
1 8 53.371 1.778
1 9 48.192 2.756
1 10 55.92 2.17
1 11 51.926 1.649
1 12 57.615 3.511
1 13 57.702 3.054
1 14 48.718 2.161
1 15 53.556 1.828
1 16 53.725 3.459
1 17 46.971 2.659
1 18 47.614 2.124
1 19 47.757 3.025
2 3 63.266 1.327
2 4 59.009 1.737
2 5 47.774 2.736
2 6 58.686 1.818
2 7 51.767 1.86
2 8 50.753 2.598
2 9 59.178 1.919
2 10 57.35 2.157
2 11 52.624 1.98
2 12 55.44 3.247
2 13 44.803 2.129
2 14 46.085 2.798
2 15 40.855 3.002
2 16 43.416 2.686
2 17 49.122 2.138
2 18 41.277 2.997
2 19 41.669 2.996
3 4 50.163 0.98
3 5 46.323 2.777
3 6 53.503 2.099
3 7 49.316 3.654
3 8 57.876 2.095
3 9 45.952 2.324
3 10 42.148 2.081
3 11 47.328 1.721
3 12 42.76 2.025
3 13 51.795 2.048
3 14 48.272 3.071
3 15 50.907 3.493
3 16 54.436 1.945
3 17 40.54 3.484
3 18 52.81 3.162
3 19 59.163 2.828
4 5 59.333 2.196
4 6 41.609 3.07
4 7 52.042 2.727
4 8 51.543 2.39
4 9 59.376 2.741
4 10 54.618 2.248
4 11 52.811 2.016
4 12 58.866 2.834
4 13 56.77 2.995
4 14 54.492 1.729
4 15 55.67 3.245
4 16 59.105 2.796
4 17 48.328 2.568
4 18 55.97 1.778
4 19 59.63 2.264
5 6 50.452 1.546
5 7 63.237 1.531
5 8 64.997 1.596
5 9 60.843 1.743
5 10 49.961 2.371
5 11 52.751 3.168
5 12 48.081 1.808
5 13 44.414 3.278
5 14 54.597 1.836
5 15 59.153 2.5
5 16 48.432 2.001
5 17 41.243 1.747
5 18 57.205 1.934
5 19 54.644 1.647
6 7 61.121 1.372
6 8 68.284 1.029
6 9 61.469 1.16
6 10 53.55 2.724
6 11 59.402 2.298
6 12 42.081 2.112
6 13 42.417 1.667
6 14 41.509 3.238
6 15 40.34 2.688
6 16 47.877 2.2
6 17 59.94 2.07
6 18 57.948 2.198
6 19 58.312 2.74
7 8 59.864 1.804
7 9 59.867 1.696
7 10 44.994 2.282
7 11 42.842 3.139
7 12 57.354 2.045
7 13 46.813 2.204
7 14 53.398 3.234
7 15 51.738 1.787
7 16 53.813 3.529
7 17 41.351 3.428
7 18 51.524 3.355
7 19 52.758 2.623
8 9 72.591 1.354
8 10 46.811 2.692
8 11 50.555 2.047
8 12 51.735 1.964
8 13 45.434 3.172
8 14 42.197 2.562
8 15 41.071 2.29
8 16 50.654 2.096
8 17 41.412 3.266
8 18 49.398 3.588
8 19 54.764 2.705
9 10 48.762 2.947
9 11 40.456 3.272
9 12 41.058 2.679
9 13 54.318 2.744
9 14 55.748 3.363
9 15 42.843 2.575
9 16 45.974 1.655
9 17 53.175 2.221
9 18 46.449 2.95
9 19 48.584 3.595
10 11 68.217 1.325
10 12 61.46 1.63
10 13 71.631 1.423
10 14 73.537 1.78
10 15 51.419 2.473
10 16 53.049 2.484
10 17 57.072 2.861
10 18 47.93 1.736
10 19 47.774 3.622
11 12 60.456 1.585
11 13 68.109 1.319
11 14 64.194 1.26
11 15 53.238 3.355
11 16 51.806 2.627
11 17 48.762 1.717
11 18 47.719 2.849
11 19 49.141 2.933
12 13 50.639 1.292
12 14 67.044 1.176
12 15 59.444 2.764
12 16 50.629 1.809
12 17 46.703 2.327
12 18 41.463 3.0
12 19 55.716 2.663
13 14 60.106 1.74
13 15 56.641 2.923
13 16 59.185 1.751
13 17 56.154 3.621
13 18 44.197 3.574
13 19 42.979 2.541
14 15 53.291 2.592
14 16 58.11 2.543
14 17 57.735 2.407
14 18 54.295 1.981
14 19 55.5 3.123
15 16 67.163 1.322
15 17 53.978 1.183
15 18 57.32 1.692
15 19 59.243 1.105
16 17 69.314 1.477
16 18 52.836 1.812
16 19 70.378 0.983
17 18 66.857 1.113
17 19 60.747 1.322
18 19 63.05 1.726