20
80
0 1 39.878 1.984
0 2 52.193 1.365
0 3 34.659 1.71
0 4 72.233 1.863
0 5 51.305 1.761
0 6 83.255 1.629
0 7 78.78 0.991
0 8 64.222 0.98
0 9 34.028 1.32
0 10 26.012 1.967
0 11 74.055 0.96
0 12 43.647 1.382
0 13 74.267 1.692
0 14 10.22 1.123
0 15 5.58 0.591
0 16 91.225 0.583
0 17 78.938 0.567
0 18 6.54 0.38
0 19 78.948 0.311
1 2 23.71 0.832
1 3 63.7 1.101
1 4 61.308 0.175
1 5 55.583 0.147
1 6 41.135 0.997
1 7 65.08 0.702
1 8 79.451 0.377
1 9 93.783 1.987
1 10 90.844 0.121
1 11 71.402 1.378
1 12 44.046 0.008
1 13 88.85 1.513
1 14 80.567 1.421
1 15 62.696 1.978
1 16 6.535 1.059
1 17 12.222 1.041
1 18 80.669 0.509
1 19 94.064 0.154
2 3 29.55 0.202
2 4 2.039 1.05
2 5 20.198 1.288
2 6 89.759 1.807
2 7 98.258 1.412
2 8 21.576 1.034
2 9 20.305 0.285
2 10 77.455 0.959
2 11 8.263 0.952
2 12 0.545 0.924
2 13 40.543 1.197
2 14 33.64 1.172
2 15 94.681 0.04
2 16 39.119 1.731
2 17 16.768 1.894
2 18 52.164 1.612
2 19 85.88 0.387
3 4 0.591 0.476
3 5 76.558 0.092
3 6 30.4 0.997
3 7 66.09 1.058
3 8 16.641 0.351
3 9 3.443 0.948
3 10 43.442 1.205
3 11 82.466 0.679
3 12 75.23 1.668
3 13 16.396 0.059
3 14 91.501 0.57
3 15 83.545 0.553
3 16 63.44 1.369
3 17 56.421 1.985
3 18 43.814 0.565
3 19 57.463 0.359
4 5 20.289 1.545
4 6 95.188 1.219
4 7 72.978 1.046
4 8 40.5 1.979
4 9 78.124 0.969
4 10 7.528 1.21
4 11 55.072 0.044
4 12 70.612 0.636
4 13 56.639 1.044
4 14 1.612 0.72
4 15 7.036 0.384
4 16 37.153 1.415
4 17 13.609 1.003
4 18 31.892 1.299
4 19 80.754 1.412
5 6 59.624 1.014
5 7 55.55 1.714
5 8 44.328 1.599
5 9 18.461 0.742
5 10 81.025 1.109
5 11 13.023 0.85
5 12 77.022 1.675
5 13 83.75 1.943
5 14 58.914 0.068
5 15 51.846 0.8
5 16 75.333 0.206
5 17 24.127 0.23
5 18 72.149 1.889
5 19 60.216 0.488
6 7 80.62 0.07
6 8 62.65 0.244
6 9 83.885 1.939
6 10 7.559 1.677
6 11 29.049 0.538
6 12 18.934 1.361
6 13 29.422 1.635
6 14 43.064 0.71
6 15 11.396 1.076
6 16 74.559 0.998
6 17 37.675 1.139
6 18 40.043 0.606
6 19 94.094 1.444
7 8 73.137 0.297
7 9 53.402 0.53
7 10 53.1 0.518
7 11 75.096 0.886
7 12 5.491 1.215
7 13 47.489 0.516
7 14 38.411 0.209
7 15 42.165 0.496
7 16 29.843 0.033
7 17 17.023 1.372
7 18 70.717 0.091
7 19 0.195 0.321
8 9 13.728 1.428
8 10 4.672 0.578
8 11 94.797 0.102
8 12 1.826 0.11
8 13 72.976 0.03
8 14 17.902 0.939
8 15 94.153 0.829
8 16 57.782 0.365
8 17 35.39 0.675
8 18 48.603 1.631
8 19 57.925 1.432
9 10 79.636 1.621
9 11 40.918 0.988
9 12 68.883 1.699
9 13 71.772 0.415
9 14 49.597 1.975
9 15 62.596 0.612
9 16 8.278 1.337
9 17 58.359 0.73
9 18 98.782 0.928
9 19 84.677 1.736
10 11 90.469 1.595
10 12 72.496 0.533
10 13 26.92 0.211
10 14 5.538 1.985
10 15 16.438 1.177
10 16 39.481 1.398
10 17 63.225 1.879
10 18 20.439 0.922
10 19 16.811 1.245
11 12 28.794 1.489
11 13 39.71 1.764
11 14 34.958 1.085
11 15 55.869 0.561
11 16 33.799 1.964
11 17 72.686 1.457
11 18 72.72 0.333
11 19 56.171 0.684
12 13 98.742 0.241
12 14 2.136 0.974
12 15 96.506 1.797
12 16 19.419 0.625
12 17 67.383 0.047
12 18 94.201 1.523
12 19 29.238 1.893
13 14 85.666 1.153
13 15 95.318 0.288
13 16 66.767 1.917
13 17 57.018 0.535
13 18 49.202 0.954
13 19 54.178 0.429
14 15 47.18 0.825
14 16 40.612 0.24
14 17 16.105 0.608
14 18 4.084 0.431
14 19 27.887 1.553
15 16 25.416 0.018
15 17 39.184 1.141
15 18 59.399 1.435
15 19 84.573 0.602
16 17 21.595 0.816
16 18 17.538 1.516
16 19 61.976 1.784
17 18 35.068 0.237
17 19 22.119 0.755
18 19 64.09 0.602