20
80
0 1 5.530 1.669
0 2 3.982 3.794
0 3 4.581 1.727
0 4 4.244 1.634
0 5 3.420 0.670
0 6 3.598 1.004
0 7 3.704 0.413
0 8 4.840 0.106
0 9 2.463 0.041
0 10 1.108 0.009
0 11 5.844 0.086
0 12 5.137 0.069
0 13 4.034 1.292
0 14 4.021 0.020
0 15 2.092 0.233
0 16 2.102 0.030
0 17 3.121 0.025
0 18 4.644 0.954
0 19 0.040 0.000
1 2 5.875 10.537
1 3 3.743 1.672
1 4 3.953 0.796
1 5 2.603 0.186
1 6 3.052 1.058
1 7 4.938 0.590
1 8 0.963 0.008
1 9 3.325 0.013
1 10 4.044 0.051
1 11 2.448 0.010
1 12 0.449 0.004
1 13 4.499 0.035
1 14 6.721 0.041
1 15 4.384 0.028
1 16 3.884 0.043
1 17 2.946 0.030
1 18 3.191 0.070
1 19 5.906 0.032
2 3 4.468 2.364
2 4 4.155 1.671
2 5 4.514 0.739
2 6 4.391 0.220
2 7 3.410 0.653
2 8 1.462 0.012
2 9 5.201 0.069
2 10 6.278 0.052
2 11 5.663 0.968
2 12 2.450 0.121
2 13 0.528 0.008
2 14 1.480 0.007
2 15 0.994 0.008
2 16 0.665 0.003
2 17 2.208 0.012
2 18 4.829 0.019
2 19 3.388 0.015
3 4 3.361 2.323
3 5 3.581 0.661
3 6 2.816 0.081
3 7 5.432 0.772
3 8 1.566 0.006
3 9 5.019 0.070
3 10 3.905 0.026
3 11 2.267 0.023
3 12 0.011 0.000
3 13 0.889 0.006
3 14 1.898 0.015
3 15 3.220 0.015
3 16 2.078 0.049
3 17 2.267 0.014
3 18 3.574 0.159
3 19 2.125 0.019
4 5 3.606 0.942
4 6 4.529 1.022
4 7 3.693 0.123
4 8 0.763 0.004
4 9 2.804 0.085
4 10 4.426 0.020
4 11 0.221 0.001
4 12 6.033 0.135
4 13 0.298 0.009
4 14 3.692 0.017
4 15 4.328 0.018
4 16 0.043 0.001
4 17 1.090 0.005
4 18 0.022 0.000
4 19 0.422 0.002
5 6 2.251 0.734
5 7 5.246 0.144
5 8 1.633 0.072
5 9 2.152 0.034
5 10 2.051 0.051
5 11 6.031 0.057
5 12 5.274 0.037
5 13 1.899 0.008
5 14 0.343 0.008
5 15 3.039 0.017
5 16 2.874 0.013
5 17 2.921 0.021
5 18 7.325 0.036
5 19 1.994 0.014
6 7 5.026 0.542
6 8 5.056 0.021
6 9 1.878 0.021
6 10 2.033 0.010
6 11 0.340 0.002
6 12 1.560 0.015
6 13 0.569 0.032
6 14 3.451 0.016
6 15 1.123 0.006
6 16 4.592 0.023
6 17 5.467 0.121
6 18 3.624 0.021
6 19 6.134 0.100
7 8 0.480 0.002
7 9 3.328 0.028
7 10 1.636 0.008
7 11 3.170 0.014
7 12 5.095 0.025
7 13 5.539 0.143
7 14 3.559 0.027
7 15 0.015 0.001
7 16 0.898 0.024
7 17 5.161 0.058
7 18 7.330 1.814
7 19 2.222 2.471
8 9 2.190 0.011
8 10 1.822 0.287
8 11 4.550 0.030
8 12 1.240 0.018
8 13 4.258 0.028
8 14 7.790 0.033
8 15 1.423 0.059
8 16 2.243 0.143
8 17 2.797 0.024
8 18 1.487 0.020
8 19 3.780 0.017
9 10 2.370 0.011
9 11 4.053 0.030
9 12 2.254 0.010
9 13 4.441 0.035
9 14 2.499 0.036
9 15 3.001 0.013
9 16 3.790 0.018
9 17 1.169 0.208
9 18 3.109 0.040
9 19 0.065 0.003
10 11 1.650 0.023
10 12 0.494 0.003
10 13 3.494 0.041
10 14 0.583 0.006
10 15 7.559 0.046
10 16 3.150 0.044
10 17 3.056 0.168
10 18 2.376 0.206
10 19 2.264 0.013
11 12 2.239 0.014
11 13 7.585 0.045
11 14 1.332 0.011
11 15 0.913 0.008
11 16 2.568 0.021
11 17 3.863 0.044
11 18 0.317 0.021
11 19 0.682 0.003
12 13 5.332 0.040
12 14 2.221 0.011
12 15 4.319 0.017
12 16 2.511 0.010
12 17 2.976 0.033
12 18 2.375 0.036
12 19 5.181 0.023
13 14 2.212 0.785
13 15 1.886 0.009
13 16 4.898 0.243
13 17 2.402 0.020
13 18 0.372 0.003
13 19 3.173 0.066
14 15 1.801 0.008
14 16 1.848 0.008
14 17 0.948 0.025
14 18 4.258 0.041
14 19 5.801 0.041
15 16 2.434 0.010
15 17 1.020 0.092
15 18 2.994 0.035
15 19 4.639 0.022
16 17 6.341 0.057
16 18 2.532 0.044
16 19 3.095 0.079
17 18 4.421 0.107
17 19 5.882 0.024
18 19 3.588 0.030
