20
91.32
0 1 1.228 1.524
0 2 2.725 2.05
1 2 1.489 3.067
0 3 3.741 3.909
1 3 2.512 3.756
2 3 1.118 1.353
0 4 4.763 4.928
1 4 3.365 5.771
2 4 2.913 5.231
3 4 1.303 7.575
0 5 5.654 5.568
1 5 4.688 6.741
2 5 3.769 7.631
3 5 2.184 3.168
4 5 1.238 0.798
0 6 6.276 2.955
1 6 5.154 5.834
2 6 4.193 1.201
3 6 3.639 2.779
4 6 2.14 8.116
5 6 1.653 10.877
0 7 7.257 0.994
1 7 6.733 8.777
2 7 5.108 2.664
3 7 4.059 3.412
4 7 3.681 11.147
5 7 2.049 4.528
6 7 1.051 8.218
0 8 8.737 8.979
1 8 7.162 3.831
2 8 6.428 10.429
3 8 5.153 11.411
4 8 4.254 7.073
5 8 3.311 7.259
6 8 2.281 12.445
7 8 1.519 2.186
0 9 9.872 3.383
1 9 8.001 8.169
2 9 7.047 10.885
3 9 6.081 12.172
4 9 5.278 12.182
5 9 4.149 5.878
6 9 3.621 3.333
7 9 2.904 14.346
8 9 1.792 7.429
0 10 10.372 6.388
1 10 9.844 11.889
2 10 8.789 9.973
3 10 7.998 12.144
4 10 6.15 14.965
5 10 5.143 10.532
6 10 4.949 1.21
7 10 3.442 3.955
8 10 2.461 4.961
9 10 19.004 3.176
0 11 11.934 10.832
1 11 10.377 12.729
2 11 9.299 13.147
3 11 8.619 3.142
4 11 7.524 12.652
5 11 6.754 12.473
6 11 5.295 14.925
7 11 4.316 5.669
8 11 3.891 7.844
9 11 12.682 3.242
10 11 11.481 2.714
0 12 12.508 6.091
1 12 11.499 6.596
2 12 10.146 9.37
3 12 9.781 9.283
4 12 8.31 8.096
5 12 7.157 12.738
6 12 6.637 10.417
7 12 5.049 10.776
8 12 24.766 8.971
9 12 3.779 4.313
10 12 2.37 5.545
11 12 1.411 9.578
0 13 13.144 11.776
1 13 12.796 7.128
2 13 11.094 8.302
3 13 10.042 8.879
4 13 9.089 2.499
5 13 8.838 11.465
6 13 7.069 12.684
7 13 16.381 8.43
8 13 5.627 0.729
9 13 4.67 7.356
10 13 3.416 10.894
11 13 2.955 5.02
12 13 1.255 2.815
0 14 14.714 8.118
1 14 13.617 5.385
2 14 12.496 9.095
3 14 11.206 11.796
4 14 10.905 3.536
5 14 9.975 12.357
6 14 18.049 9.103
7 14 7.687 8.978
8 14 6.476 8.024
9 14 5.752 2.882
10 14 4.326 1.632
11 14 3.594 7.163
12 14 2.127 14.129
13 14 1.572 2.286
0 15 15.15 0.931
1 15 14.348 12.12
2 15 13.891 11.445
3 15 12.403 13.261
4 15 11.341 2.002
5 15 20.961 8.774
6 15 9.508 12.7
7 15 8.259 5.574
8 15 7.687 6.868
9 15 6.366 9.321
10 15 5.802 6.93
11 15 4.936 0.875
12 15 3.633 13.816
13 15 2.697 12.675
14 15 1.403 4.726
0 16 16.113 4.924
1 16 15.197 4.11
2 16 14.56 3.08
3 16 13.116 1.467
4 16 22.176 9.132
5 16 11.827 1.448
6 16 10.258 2.106
7 16 9.847 5.346
8 16 8.888 3.946
9 16 7.682 0.877
10 16 6.818 4.842
11 16 5.213 1.12
12 16 4.428 11.893
13 16 3.68 10.469
14 16 2.19 9.581
15 16 1.778 12.464
0 17 17.012 1.956
1 17 16.778 12.735
2 17 15.417 13.577
3 17 24.637 9.121
4 17 13.561 4.679
5 17 12.173 13.166
6 17 11.27 7.63
7 17 10.785 4.44
8 17 9.276 8.423
9 17 8.077 11.826
10 17 7.74 4.505
11 17 6.867 12.515
12 17 5.559 0.384
13 17 4.628 13.707
14 17 3.957 12.324
15 17 2.134 2.055
16 17 1.757 6.643
0 18 18.608 2.168
1 18 47.17 8.956
2 18 16.504 6.448
3 18 15.524 0.984
4 18 14.653 5.741
5 18 13.244 11.234
6 18 12.274 2.586
7 18 11.184 0.627
8 18 10.615 9.589
9 18 9.381 11.772
10 18 8.837 12.782
11 18 7.198 9.331
12 18 6.792 0.979
13 18 5.794 3.954
14 18 4.374 4.386
15 18 3.962 3.737
16 18 2.797 7.033
17 18 1.446 8.608
0 19 39.487 8.719
1 19 18.644 7.852
2 19 17.16 9.572
3 19 16.634 3.616
4 19 15.884 11.378
5 19 14.903 2.424
6 19 13.847 1.264
7 19 12.159 3.32
8 19 11.36 3.246
9 19 10.685 5.703
10 19 9.893 4.115
11 19 8.321 4.703
12 19 7.425 1.894
13 19 6.082 2.949
14 19 5.153 5.108
15 19 4.649 7.14
16 19 3.289 2.275
17 19 2.316 4.002
18 19 1.511 0.857
