20
54
0 1 1.3 14.4
0 2 3.58 21.7
0 3 0.13 8.5
0 4 0.33 17.3
0 5 17.5 1.4
0 6 70 71.3
0 7 6.7 12.54
0 8 1.34 9.088
0 9 9.998 0.7
0 10 3.54 6.32
0 11 1.33 8.32
0 12 5.32 9.63
0 13 1.6 9.3
0 14 13.6 1.3
0 15 0.1 2.1
0 16 1.33 9.19
0 17 20 0.6
0 18 1.78 7.32
0 19 0.5 9.56
1 2 2.88 10
1 3 23.4 0.7
1 4 1.3 9.1
1 5 0.43 6.32
1 6 4.55 9.34
1 7 1.3 23.33
1 8 0.23 13.14
1 9 1.5 8.3
1 10 1.8 4.5
1 11 1.39 26
1 12 1.35 7.5
1 13 1.75 9.6
1 14 3.7 10.4
1 15 0 1.9
1 16 18.6 0.9
1 17 18.5 46
1 18 9.673 1.3
1 19 1.1 6.2
2 3 3.1 15.8
2 4 0.1 9.7
2 5 0.8 6.43
2 6 2.4 7.64
2 7 19.53 2.5
2 8 0.99 8.53
2 9 0.1 7.53
2 10 16.123 0.9
2 11 2 8.52
2 12 26.448 1.3
2 13 7.3 23
2 14 3 5
2 15 3.99 7.8
2 16 0.188 15.32
2 17 0.12 6.32
2 18 3.7 14.1
2 19 2.99 4.67
3 4 0.99 7.42
3 5 1 6.32
3 6 0 13.33
3 7 1.357 2.5
3 8 0.3 8.5
3 9 3.4 6.74
3 10 0 8.23
3 11 18 33.45
3 12 0.9 6.532
3 13 3 6.98
3 14 0.78 9.12
3 15 0.39 15.6
3 16 10.26 1.4
3 17 5.21 9
3 18 7.99 1.5
3 19 0.1 1.5
4 5 10.3 33.2
4 6 2.56 9.53
4 7 2.57 16.35
4 8 5.31 13.74
4 9 0.342 4.98
4 10 19.5 29.88
4 11 8.35 20
4 12 0.32 7.3
4 13 0.53 1.5
4 14 0.537 15.32
4 15 23.4 72.34
4 16 6.39 18.53
4 17 4.55 13.53
4 18 3.21 41.54
4 19 29.573 0.9
5 6 0.89 9.93
5 7 0.99 10
5 8 13.4 32.3
5 9 8.99 1.7
5 10 2.3 13.63
5 11 1.46 9.69
5 12 1.23 6.96
5 13 3.4 6.33
5 14 13.23 0.1
5 15 3.1 9.76
5 16 0.3 8.908
5 17 19.33 0.3
5 18 1.32 4.64
5 19 1.3 5.65
6 7 1.89 6.47
6 8 0.1 5.795
6 9 1.87 22.12
6 10 3.1 12.47
6 11 89 7.5
6 12 0.81 4.33
6 13 3.21 25.123
6 14 0.88 21.23
6 15 0.73 4.58
6 16 1.23 9.99
6 17 1.3 17.43
6 18 3.53 13
6 19 1 9.32
7 8 3.21 7.55
7 9 3 9.34
7 10 27.341 0.6
7 11 11 24.6
7 12 9.58 1.1
7 13 3.3 15.4
7 14 2.43 3.99
7 15 90 90
7 16 99 99
7 17 13 9.56
7 18 23.1 88.4
7 19 3.33 12.54
8 9 1.57 8.64
8 10 0.1 9.99
8 11 0.9 10.2
8 12 1 20.22
8 13 1.3 12.7
8 14 3.57 30.93
8 15 56 6.3
8 16 0.3 3.98
8 17 0.88 7.53
8 18 3.43 39
8 19 34 77
9 10 2.341 15.195
9 11 8.53 10.27
9 12 0.21 12.89
9 13 0 10.29
9 14 10.44 0.8
9 15 3.12 7.99
9 16 3.55 8.57
9 17 25 0.6
9 18 4.3 15.04
9 19 18 85.8
10 11 3.1 22.9
10 12 18.146 2.5
10 13 0.9 16.348
10 14 3.2 17.5
10 15 0.7 16.32
10 16 0 12.135
10 17 4.18 18.293
10 18 0 16.8
10 19 5.32 38.2
11 12 20 58.3
11 13 0.91 22.22
11 14 0 15.387
11 15 0.5 9.69
11 16 15 22.33
11 17 0 7.993
11 18 28 36.54
11 19 8 34
12 13 9 23.55
12 14 4.21 9.99
12 15 99 96.3
12 16 85 99.99
12 17 3.33 15.48
12 18 0 10.354
12 19 5.321 10.346
13 14 3.44 8
13 15 0.1 9.45
13 16 0 10.52
13 17 13 24
13 18 19.4 53.6
13 19 25.735 6.3
14 15 3.5 15.77
14 16 5.5 32.33
14 17 69 1.4
14 18 6.88 25.7
14 19 1.4 14.832
15 16 65 99
15 17 1.4 23.9
15 18 3.4 23.5
15 19 0 12.567
16 17 24 81
16 18 9.63 2.4
16 19 0.9 8.97
17 18 1.53 10.34
17 19 3.33 14.33
18 19 99 99