20
92.294
0 1 3.129 9.473
0 2 5.335 5.661
0 3 4.188 8.684
0 4 6.387 4.850
0 5 4.811 8.653
0 6 3.714 8.462
0 7 4.593 5.035
0 8 3.392 8.406
0 9 3.045 4.300
0 10 8.569 2.212
0 11 5.385 5.667
0 12 3.834 5.777
0 13 4.681 4.510
0 14 5.275 9.030
0 15 8.826 0.839
0 16 3.168 5.463
0 17 5.017 9.788
0 18 4.924 9.180
0 19 4.758 6.601
1 2 8.458 3.001
1 3 5.145 6.628
1 4 5.500 6.419
1 5 5.824 4.634
1 6 4.708 7.880
1 7 5.803 3.084
1 8 3.952 6.200
1 9 4.834 9.838
1 10 4.172 9.430
1 11 8.297 2.914
1 12 4.499 5.544
1 13 4.719 4.780
1 14 3.228 9.795
1 15 5.808 8.833
1 16 4.637 4.284
1 17 4.721 5.289
1 18 3.406 8.056
1 19 5.415 8.508
2 3 3.515 7.269
2 4 4.532 5.291
2 5 3.096 6.547
2 6 6.000 4.069
2 7 8.158 1.231
2 8 3.724 6.210
2 9 4.121 6.745
2 10 5.577 7.811
2 11 5.709 3.470
2 12 5.363 8.132
2 13 4.272 7.581
2 14 3.572 9.590
2 15 4.497 8.422
2 16 5.351 7.518
2 17 3.011 5.177
2 18 3.967 9.353
2 19 5.944 5.131
3 4 3.744 5.565
3 5 3.862 7.135
3 6 4.934 9.972
3 7 3.398 9.294
3 8 3.881 4.105
3 9 3.396 6.582
3 10 4.302 7.795
3 11 5.278 7.715
3 12 3.670 4.022
3 13 3.887 6.732
3 14 7.584 3.762
3 15 5.149 4.329
3 16 8.189 5.369
3 17 5.121 0.422
3 18 3.680 5.072
3 19 4.591 6.340
4 5 3.612 5.528
4 6 4.095 5.000
4 7 4.347 7.735
4 8 3.728 4.081
4 9 5.640 4.243
4 10 9.688 4.180
4 11 3.291 9.198
4 12 5.868 8.002
4 13 5.390 5.242
4 14 3.013 7.966
4 15 5.325 3.655
4 16 5.314 4.925
4 17 5.655 8.462
4 18 3.243 7.059
4 19 4.965 9.458
5 6 4.180 7.880
5 7 4.881 9.688
5 8 8.410 1.489
5 9 5.499 4.507
5 10 5.010 9.195
5 11 3.589 9.458
5 12 3.169 4.179
5 13 6.967 3.697
5 14 3.169 5.711
5 15 3.173 8.616
5 16 5.296 9.981
5 17 4.884 8.753
5 18 4.701 7.179
5 19 7.743 5.217
6 7 5.291 6.182
6 8 4.603 5.954
6 9 5.825 3.862
6 10 4.772 9.143
6 11 5.079 5.145
6 12 6.853 4.410
6 13 3.108 7.569
6 14 3.441 6.981
6 15 3.545 4.894
6 16 5.494 5.839
6 17 3.684 6.192
6 18 8.615 4.628
6 19 5.227 6.116
7 8 5.851 7.752
7 9 4.475 4.200
7 10 4.064 9.976
7 11 7.179 4.658
7 12 3.239 6.088
7 13 3.857 7.626
7 14 4.984 6.660
7 15 3.495 4.949
7 16 3.784 9.960
7 17 4.673 7.444
7 18 5.473 4.095
7 19 5.115 8.937
8 9 3.246 9.258
8 10 5.224 5.514
8 11 4.750 6.702
8 12 4.874 4.459
8 13 8.330 1.595
8 14 4.238 5.318
8 15 5.671 7.633
8 16 3.014 6.558
8 17 5.758 9.128
8 18 5.579 7.722
8 19 9.818 4.724
9 10 5.614 4.236
9 11 5.359 8.233
9 12 6.426 1.504
9 13 3.798 9.531
9 14 4.807 5.015
9 15 5.878 9.430
9 16 4.536 9.498
9 17 5.215 9.963
9 18 6.126 1.832
9 19 5.662 7.573
10 11 5.344 7.245
10 12 4.041 9.019
10 13 3.604 6.120
10 14 3.722 6.707
10 15 6.165 2.511
10 16 4.942 8.082
10 17 5.673 9.806
10 18 4.903 8.147
10 19 3.774 6.873
11 12 5.616 4.897
11 13 3.570 8.814
11 14 3.972 4.619
11 15 5.359 4.538
11 16 3.793 4.860
11 17 3.595 8.202
11 18 4.846 4.628
11 19 3.516 6.443
12 13 4.361 9.868
12 14 4.315 8.004
12 15 4.891 6.071
12 16 5.085 7.446
12 17 5.563 5.732
12 18 7.268 2.122
12 19 4.010 4.375
13 14 5.400 9.532
13 15 5.914 4.555
13 16 4.312 5.294
13 17 4.973 9.764
13 18 3.867 5.339
13 19 5.753 1.536
14 15 4.855 5.913
14 16 9.375 0.403
14 17 5.018 0.865
14 18 4.618 8.316
14 19 5.565 5.509
15 16 3.260 6.027
15 17 3.617 4.796
15 18 5.708 8.603
15 19 3.573 9.729
16 17 8.203 7.632
16 18 5.244 4.598
16 19 4.302 6.593
17 18 4.627 5.438
17 19 3.393 6.067
18 19 5.019 7.282