20
64.28
0 1 50.332 42.603
0 2 65.658 50.354
0 3 20.313 59.317
0 4 49.804 30.971
0 5 39.424 31.773
0 6 93.496 0.902
0 7 54.267 53.069
0 8 21.452 36.964
0 9 97.156 0.836
0 10 38.563 88.402
0 11 13.166 1.394
0 12 28.894 69.74
0 13 97.041 1.843
0 14 5.857 30.004
0 15 6.164 69.29
0 16 73.469 85.161
0 17 20.592 51.244
0 18 59.074 69.711
0 19 55.931 80.705
1 2 78.848 2.424
1 3 70.716 53.434
1 4 12.64 60.981
1 5 54.102 84.165
1 6 47.179 54.847
1 7 33.077 76.215
1 8 50.665 33.961
1 9 58.864 27.846
1 10 70.402 58.047
1 11 12.075 39.817
1 12 67.877 4.012
1 13 21.335 47.641
1 14 53.055 35.212
1 15 60.078 62.099
1 16 10.806 83.734
1 17 46.145 75.176
1 18 58.21 65.272
1 19 55.137 64.09
2 3 7.323 94.227
2 4 68.687 50.786
2 5 44.574 42.786
2 6 54.746 29.232
2 7 35.418 60.418
2 8 27.75 54.078
2 9 68.338 46.367
2 10 61.109 58.172
2 11 23.553 51.543
2 12 43.44 5.426
2 13 42.675 79.348
2 14 41.417 95.128
2 15 65.929 41.522
2 16 24.553 38.018
2 17 73.334 50.604
2 18 18.809 62.127
2 19 66.129 63.444
3 4 12.315 72.85
3 5 88.672 0.053
3 6 21.293 76.891
3 7 15.205 50.264
3 8 11.566 69.276
3 9 3.075 45.241
3 10 10.169 43.717
3 11 55.962 36.719
3 12 47.009 26.28
3 13 52.396 40.979
3 14 76.084 3.165
3 15 37.037 37.868
3 16 98.969 2.901
3 17 68.096 49.967
3 18 73.229 91.677
3 19 31.928 36.421
4 5 63.572 35.911
4 6 25.43 42.006
4 7 82.959 3.062
4 8 52.395 39.861
4 9 3.672 59.912
4 10 31.738 59.173
4 11 64.561 97.86
4 12 43.864 34.725
4 13 52.586 43.433
4 14 57.561 87.82
4 15 70.602 45.798
4 16 17.132 55.513
4 17 82.555 0.553
4 18 77.36 2.796
4 19 3.629 41.533
5 6 72.692 25.937
5 7 27.998 27.276
5 8 48.513 63.87
5 9 11.965 38.419
5 10 57.679 30.5
5 11 34.323 57.43
5 12 32.56 78.053
5 13 23.688 74.52
5 14 98.851 0.459
5 15 72.332 84.858
5 16 63.272 1.56
5 17 28.575 87.37
5 18 15.216 32.114
5 19 3.042 33.288
6 7 68.822 99.887
6 8 8.711 87.299
6 9 85.714 1.285
6 10 53.327 26.978
6 11 20.926 0.081
6 12 55.539 44.388
6 13 6.395 0.282
6 14 40.864 90.495
6 15 73.622 94.594
6 16 4.844 26.554
6 17 9.102 82.617
6 18 1.749 93.899
6 19 21.983 71.656
7 8 60.705 60.004
7 9 11.728 99.405
7 10 54.481 90.726
7 11 31.253 70.913
7 12 16.215 86.101
7 13 60.484 34.139
7 14 4.048 34.455
7 15 35.896 28.267
7 16 49.087 27.892
7 17 45.134 3.186
7 18 37.973 1.369
7 19 65.93 64.621
8 9 63.612 87.612
8 10 77.619 2.133
8 11 6.382 33.459
8 12 63.777 51.134
8 13 29.152 63.154
8 14 0.95 49.747
8 15 87.782 0.871
8 16 42.698 28.353
8 17 3.114 83.685
8 18 5.926 71.874
8 19 32.903 1.88
9 10 23.623 81.739
9 11 2.859 0.45
9 12 34.726 83.361
9 13 17.59 1.357
9 14 5.909 90.868
9 15 42.299 30.349
9 16 48.632 73.821
9 17 46.111 71.187
9 18 7.835 58.47
9 19 31.963 48.499
10 11 65.839 80.85
10 12 28.973 48.122
10 13 50.218 53.587
10 14 10.085 99.169
10 15 21.168 1.152
10 16 30.458 46.897
10 17 59.551 38.336
10 18 57.388 41.766
10 19 38.211 0.958
11 12 32.451 36.419
11 13 91.627 0.884
11 14 60.228 43.563
11 15 46.664 60.565
11 16 48.172 29.533
11 17 56.2 29.938
11 18 65.978 25.043
11 19 53.85 91.456
12 13 26.584 60.897
12 14 56.525 29.617
12 15 49.613 81.753
12 16 68.598 92.145
12 17 55.181 97.538
12 18 12.761 48.616
12 19 6.961 51.206
13 14 51.279 29.721
13 15 38.796 59.218
13 16 18.214 69.202
13 17 4.82 84.767
13 18 44.435 34.666
13 19 6.628 61.235
14 15 25.224 30.046
14 16 23.38 2.073
14 17 40.773 48.768
14 18 32.375 53.312
14 19 53.866 82.934
15 16 17.661 27.68
15 17 63.942 31.054
15 18 51.965 44.844
15 19 57.585 2.291
16 17 51.809 60.437
16 18 41.252 56.064
16 19 45.951 53.411
17 18 97.125 0.693
17 19 52.178 29.121
18 19 4.119 25.094
