20
24
13 9 3 1
13 7 2 0
13 0 3 1
13 6 3 0
13 14 1 2
13 15 0 2
13 16 0 3
13 17 0 3
13 18 1 2
13 19 0 3
13 12 0 3
13 4 1 3
13 8 0 3
13 10 1 3
13 3 1 2
13 5 0 3
13 11 1 2
13 2 0 2
13 1 1 3
9 7 3 1
9 0 3 1
9 6 2 1
9 10 0 3
9 11 0 3
9 12 0 2
9 14 1 3
9 15 0 2
9 16 1 2
9 17 1 2
9 18 1 3
9 19 0 2
9 4 0 2
9 8 0 3
9 3 1 3
9 5 0 3
9 2 0 2
9 1 0 2
7 0 2 0
7 6 3 0
7 8 1 3
7 10 0 3
7 11 1 3
7 12 0 3
7 14 1 3
7 15 1 3
7 16 1 2
7 17 1 2
7 18 0 3
7 19 0 2
7 4 1 3
7 3 1 2
7 5 0 2
7 2 1 2
7 1 0 3
0 1 0 2
0 2 1 3
0 3 0 3
0 4 1 2
0 5 1 3
0 8 1 2
0 10 1 2
0 11 1 3
0 12 1 2
0 14 0 3
0 15 1 3
0 16 1 3
0 17 1 2
0 18 1 2
0 19 1 2
0 6 3 1
6 8 1 3
6 10 1 3
6 11 1 3
6 12 0 2
6 14 1 3
6 15 1 3
6 16 0 2
6 17 1 3
6 18 1 3
6 19 0 3
6 4 0 2
6 3 1 3
6 5 0 2
6 2 1 3
6 1 0 2
14 12 3 0
14 4 3 0
14 8 2 0
14 15 1 2
14 16 1 2
14 17 1 3
14 19 0 3
14 18 3 0
14 10 0 2
14 3 0 2
14 5 0 2
14 11 1 3
14 2 0 3
14 1 0 2
15 12 1 3
15 4 1 3
15 8 0 2
15 10 1 2
15 3 1 3
15 5 1 3
15 11 1 3
15 19 2 1
15 2 3 0
15 1 2 0
15 17 0 2
15 18 1 3
15 16 3 0
16 12 1 3
16 4 0 3
16 8 1 3
16 10 1 3
16 3 0 2
16 5 1 3
16 11 0 2
16 19 2 0
16 2 3 1
16 1 3 0
16 17 1 2
16 18 1 2
17 12 0 3
17 4 1 3
17 8 0 2
17 10 2 1
17 3 3 1
17 5 2 0
17 11 3 0
17 18 1 2
17 19 1 3
17 2 1 3
17 1 0 3
18 12 3 1
18 4 3 1
18 8 3 0
18 19 1 2
18 10 0 3
18 3 0 3
18 5 1 3
18 11 1 3
18 2 1 3
18 1 0 3
19 12 0 3
19 4 0 3
19 8 1 3
19 10 0 2
19 3 1 2
19 5 1 2
19 11 1 2
19 2 3 0
19 1 3 1
10 4 1 2
10 8 1 3
10 3 3 1
10 5 2 1
10 12 1 2
10 11 2 0
10 2 1 3
10 1 0 2
11 4 1 3
11 8 0 2
11 3 3 0
11 5 2 0
11 12 1 2
11 2 0 3
11 1 0 3
12 4 3 1
12 8 3 1
12 3 1 2
12 5 0 3
12 2 1 3
12 1 0 2
8 4 3 0
8 3 0 2
8 5 1 2
8 2 0 3
8 1 0 2
1 2 3 0
1 3 0 2
1 4 0 2
1 5 1 3
2 3 1 2
2 4 0 3
2 5 0 2
3 4 0 2
3 5 3 1
4 5 1 3