20
89.963
0 1 53.339 3.426
0 2 56.882 2.979
0 3 51.269 3.16
0 4 55.801 2.831
0 5 52.809 3.437
0 6 50.286 3.159
0 7 51.18 3.331
0 8 54.998 3.394
0 9 50.723 3.369
0 10 55.907 3.132
0 11 51.808 3.469
0 12 52.935 3.204
0 13 53.378 3.433
0 14 50.578 3.213
0 15 55.644 3.368
0 16 52.115 3.16
0 17 50.857 3.341
0 18 55.937 3.355
0 19 55.849 3.252
1 2 54.667 3.421
1 3 53.464 3.393
1 4 54.678 3.378
1 5 53.319 3.288
1 6 55.834 3.195
1 7 51.84 3.246
1 8 60.235 2.977
1 9 53.032 3.304
1 10 53.851 3.176
1 11 54.715 3.44
1 12 54.904 3.345
1 13 51.241 3.21
1 14 51.797 3.315
1 15 54.665 3.416
1 16 54.721 3.201
1 17 58.878 2.899
1 18 56.341 3.071
1 19 54.277 3.393
2 3 50.112 3.267
2 4 57.689 2.839
2 5 55.854 3.335
2 6 50.306 3.386
2 7 55.939 3.153
2 8 52.156 3.197
2 9 54.264 3.186
2 10 59.996 2.983
2 11 50.855 3.467
2 12 51.215 3.241
2 13 55.083 3.371
2 14 52.137 3.266
2 15 55.545 3.191
2 16 55.452 3.332
2 17 52.804 3.146
2 18 55.224 3.297
2 19 51.362 3.202
3 4 54.658 3.19
3 5 55.933 3.45
3 6 51.022 3.198
3 7 55.484 3.472
3 8 55.603 3.382
3 9 51.301 3.367
3 10 50.001 3.19
3 11 51.18 3.414
3 12 57.968 3.097
3 13 50.465 3.306
3 14 58.07 2.865
3 15 57.155 2.923
3 16 55.376 3.199
3 17 53.22 3.152
3 18 55.614 3.165
3 19 52.79 3.391
4 5 51.166 3.287
4 6 54.958 3.37
4 7 50.868 3.358
4 8 55.523 3.142
4 9 54.865 3.242
4 10 59.713 2.869
4 11 53.359 3.43
4 12 53.555 3.402
4 13 54.786 3.242
4 14 53.815 3.187
4 15 52.776 3.196
4 16 52.851 3.166
4 17 51.28 3.126
4 18 54.37 3.421
4 19 51.226 3.336
5 6 52.558 3.148
5 7 51.839 3.478
5 8 50.162 3.392
5 9 55.447 3.392
5 10 50.543 3.126
5 11 50.363 3.259
5 12 54.98 3.317
5 13 58.248 2.933
5 14 52.257 3.495
5 15 52.809 3.418
5 16 60.399 3.026
5 17 50.928 3.246
5 18 54.714 3.177
5 19 56.939 2.97
6 7 55.889 3.045
6 8 53.437 3.48
6 9 56.573 2.889
6 10 51.572 3.45
6 11 59.955 2.878
6 12 55.865 3.258
6 13 54.4 3.193
6 14 53.773 3.442
6 15 51.632 3.137
6 16 55.846 3.232
6 17 50.935 3.448
6 18 54.513 3.289
6 19 55.49 3.203
7 8 54.706 3.41
7 9 56.252 3.063
7 10 51.917 3.273
7 11 57.742 3.022
7 12 54.292 3.187
7 13 54.192 3.442
7 14 50.795 3.353
7 15 53.46 3.368
7 16 55.889 3.483
7 17 51.561 3.26
7 18 52.475 3.422
7 19 51.149 3.146
8 9 50.536 3.474
8 10 52.018 3.204
8 11 50.41 3.29
8 12 55.909 3.208
8 13 51.169 3.464
8 14 53.079 3.216
8 15 51.883 3.405
8 16 51.937 3.163
8 17 57.047 2.952
8 18 56.861 2.851
8 19 55.571 3.416
9 10 53.951 3.294
9 11 55.583 3.075
9 12 51.805 3.351
9 13 55.44 3.195
9 14 52.367 3.32
9 15 54.01 3.375
9 16 52.543 3.317
9 17 50.921 3.131
9 18 50.256 3.135
9 19 52.171 3.316
10 11 51.989 3.209
10 12 52.075 3.462
10 13 51.063 3.422
10 14 55.786 3.409
10 15 50.512 3.374
10 16 50.173 3.143
10 17 51.924 3.228
10 18 54.477 3.204
10 19 54.281 3.199
11 12 54.499 3.167
11 13 51.48 3.354
11 14 54.935 3.476
11 15 54.281 3.236
11 16 50.484 3.164
11 17 50.676 3.242
11 18 51.372 3.233
11 19 53.037 3.319
12 13 53.063 3.299
12 14 55.492 2.849
12 15 60.817 3.039
12 16 53.686 3.291
12 17 55.493 3.266
12 18 53.054 3.326
12 19 51.479 3.236
13 14 51.295 3.239
13 15 55.037 3.488
13 16 58.989 2.918
13 17 51.275 3.475
13 18 55.322 3.141
13 19 57.763 3.132
14 15 57.844 2.933
14 16 50.143 3.206
14 17 53.043 3.194
14 18 50.126 3.196
14 19 51.697 3.232
15 16 53.098 3.379
15 17 53.247 3.18
15 18 55.846 3.326
15 19 52.53 3.233
16 17 54.997 3.16
16 18 54.364 3.244
16 19 60.673 2.906
17 18 58.396 2.836
17 19 51.548 3.179
18 19 51.364 3.343