20
99
0 1 8.008 6.516
0 2 8.731 40.873
0 3 6.082 11.087
0 4 9.823 0.217
0 5 14.372 0.554
0 6 9.002 9.848
0 7 9.739 6.272
0 8 13.598 0.81
0 9 9.633 8.084
0 10 10.241 10.735
0 11 11.779 11.9
0 12 9.047 5.93
0 13 9.645 9.454
0 14 9.899 8.681
0 15 11.583 7.838
0 16 14.055 0.731
0 17 8.93 9.652
0 18 11.483 9.946
0 19 10.506 44.166
1 2 7.042 5.728
1 3 10.199 11.444
1 4 13.649 0.793
1 5 10.464 11.841
1 6 12.155 4.822
1 7 7.4 12.104
1 8 7.265 10.243
1 9 13.298 12.128
1 10 9.786 11.819
1 11 13.547 13.219
1 12 9.708 7.395
1 13 6.338 9.784
1 14 5.587 8.495
1 15 10.783 12.362
1 16 10.341 11.508
1 17 8.246 9.784
1 18 11.33 8.939
1 19 12.164 14.411
2 3 10.274 12.894
2 4 11.723 11.552
2 5 10.831 9.426
2 6 8.047 9.267
2 7 9.251 10.391
2 8 10.091 13.104
2 9 8.095 11.781
2 10 13.509 10.012
2 11 13.384 15.398
2 12 11.012 9.548
2 13 6.241 9.608
2 14 8.263 9.028
2 15 10.006 10.732
2 16 13.196 8.277
2 17 13.776 11.439
2 18 12.811 14.03
2 19 8.457 9.544
3 4 11.087 9.584
3 5 12.048 12.486
3 6 11.003 13.041
3 7 8.098 8.906
3 8 7.44 12.478
3 9 7.154 10.04
3 10 9.423 10.94
3 11 11.683 9.653
3 12 10.908 10.525
3 13 9.015 11.646
3 14 8.064 11.142
3 15 7.252 11.477
3 16 8.958 11.476
3 17 7.336 11.495
3 18 14.397 8.731
3 19 10.369 10.354
4 5 7.11 11.036
4 6 7.976 12.112
4 7 12.668 12.225
4 8 10.079 8.863
4 9 9.48 13.705
4 10 10.378 12.989
4 11 11.949 10.402
4 12 8.928 5.755
4 13 12.207 11.417
4 14 7.619 8.89
4 15 9.692 12.294
4 16 11.181 11.075
4 17 8.075 13.313
4 18 10.708 8.093
4 19 11.447 9.652
5 6 13.501 10.83
5 7 8.328 10.382
5 8 7.781 8.683
5 9 10.697 12.779
5 10 7.87 8.061
5 11 9.138 9.29
5 12 12.663 14.358
5 13 16.266 13.822
5 14 10.271 10.756
5 15 14.09 17.629
5 16 11.486 8.177
5 17 8.595 14.818
5 18 8.538 11.376
5 19 8.53 11.38
6 7 9.41 11.37
6 8 9.544 11.231
6 9 8.323 7.543
6 10 12.662 9.309
6 11 9.221 10.971
6 12 12.089 14.192
6 13 6.593 9.508
6 14 11.796 16.021
6 15 14.597 12.226
6 16 12.483 9.982
6 17 13.678 10.594
6 18 11.479 5.374
6 19 10.273 14.318
7 8 11.668 10.759
7 9 13.284 15.289
7 10 9.674 12.471
7 11 12.842 10.322
7 12 12.474 10.474
7 13 11.857 9.664
7 14 7.748 9.189
7 15 8.141 9.217
7 16 10.915 12.596
7 17 13.873 6.516
7 18 6.071 8.726
7 19 11.218 10.026
8 9 11.752 7.813
8 10 8.836 10.033
8 11 11.773 9.048
8 12 9.107 11.584
8 13 8.452 13.06
8 14 9.26 15.944
8 15 11.179 11.082
8 16 10.622 10.535
8 17 9.469 10.599
8 18 12.442 15.931
8 19 10.699 11.752
9 10 11.395 10.074
9 11 11.45 12.118
9 12 9.975 10.755
9 13 10.534 10.557
9 14 15.466 8.27
9 15 11.502 8.128
9 16 9.029 11.421
9 17 12.286 6.126
9 18 9.987 98.263
9 19 9.1 12.453
10 11 9.036 98.707
10 12 5.816 7.191
10 13 13.255 8.435
10 14 10.432 13.61
10 15 5.899 11.22
10 16 7.952 8.5
10 17 8.879 11.997
10 18 6.946 10.46
10 19 8.537 11.772
11 12 13.709 11.513
11 13 9.215 7.925
11 14 10.425 4.688
11 15 11.79 8.888
11 16 8.656 12.57
11 17 12.309 10.851
11 18 13.558 12.775
11 19 10.819 9.936
12 13 15.303 8.958
12 14 11.064 11.86
12 15 15.285 12.394
12 16 13.376 11.262
12 17 12.631 8.779
12 18 7.921 12.848
12 19 9.387 7.737
13 14 10.808 10.68
13 15 13.666 10.813
13 16 12.421 13.401
13 17 11.019 11.544
13 18 9.073 8.143
13 19 12.024 12.064
14 15 10.301 8.672
14 16 13.809 12.469
14 17 10.185 0.749
14 18 12.371 0.417
14 19 12.086 8.915
15 16 6.826 0.403
15 17 12.683 0.088
15 18 9.578 0.746
15 19 5.889 0.865
16 17 13.282 99
16 18 11.522 47.736
16 19 10.241 10.789
17 18 11.839 9.513
17 19 16.276 8.57
18 19 8.627 99
