20
78.3
0 1 6.474 3.094
0 2 0.43 3.832
0 3 6.778 4.196
0 4 4.693 3.967
0 5 9.424 1.58
0 6 4.113 3.567
0 7 9.62 2.692
0 8 1.177 2.215
0 9 1.847 1.792
0 10 9.779 4.632
0 11 3.095 3.492
0 12 2.704 0.395
0 13 3.903 4.426
0 14 5.93 1.736
0 15 5.178 1.527
0 16 5.485 0.693
0 17 6.985 2.767
0 18 6.982 2.053
0 19 2.239 2.296
1 2 2.206 3.723
1 3 8.861 1.253
1 4 5.195 2.908
1 5 9.947 4.333
1 6 6.601 4.091
1 7 9.019 0.542
1 8 6.009 4.121
1 9 4.355 2.391
1 10 4.043 0.452
1 11 9.837 2.736
1 12 3.677 2.982
1 13 6.844 1.744
1 14 8.471 4.411
1 15 5.82 1.359
1 16 8.784 2.911
1 17 6.621 1.837
1 18 6.602 2.031
1 19 9.877 2.417
2 3 4.32 1.036
2 4 6.123 3.808
2 5 5.093 1.745
2 6 0.037 3.573
2 7 5.317 3.187
2 8 6.959 3.86
2 9 7.268 0.571
2 10 6.708 2.179
2 11 4.801 4.66
2 12 7.089 0.761
2 13 5.012 2.602
2 14 7.772 2.061
2 15 5.505 1.349
2 16 9.615 1.182
2 17 1.69 3.539
2 18 4.106 1.677
2 19 3.962 0.66
3 4 8.685 4.103
3 5 3.085 0.545
3 6 7.363 2.025
3 7 5.17 3.248
3 8 7.403 4.786
3 9 4.902 0.239
3 10 3.933 2.742
3 11 4.976 0.738
3 12 8.457 3.843
3 13 6.01 3.062
3 14 0.626 2.642
3 15 4.957 0.881
3 16 0.252 4.002
3 17 1.668 4.514
3 18 5.434 4.549
3 19 2.215 3.862
4 5 4.969 0.53
4 6 3.871 2.753
4 7 3.639 0.48
4 8 2.378 3.595
4 9 3.495 3.017
4 10 7.015 0.159
4 11 0.254 0.14
4 12 1.169 1.594
4 13 3.443 0.557
4 14 5.265 1.41
4 15 6.588 2.703
4 16 7.563 3.833
4 17 6.942 3.079
4 18 0.559 0.263
4 19 9.312 3.292
5 6 4.121 2.612
5 7 4.007 3.788
5 8 5.213 2.997
5 9 0.718 2.833
5 10 2.325 1.22
5 11 8.853 3.568
5 12 7.372 2.153
5 13 0.808 2.298
5 14 5.726 0.014
5 15 9.599 2.044
5 16 0.776 3.774
5 17 2.873 4.243
5 18 4.67 1.324
5 19 0.67 3.666
6 7 6.285 1.585
6 8 8.816 1.762
6 9 9.48 4.536
6 10 2.719 4.137
6 11 5.29 3.451
6 12 9.016 2.333
6 13 2.29 1.01
6 14 7.446 1.955
6 15 8.652 3.745
6 16 2.786 3.114
6 17 9.275 0.264
6 18 1.316 3.99
6 19 3.77 3.761
7 8 8.085 2.671
7 9 7.418 0.835
7 10 3.433 0.119
7 11 8.789 0.257
7 12 1.777 4.823
7 13 2.889 1.386
7 14 3.615 4.66
7 15 0.465 1.456
7 16 5.653 1.869
7 17 9.559 1.214
7 18 7.371 1.081
7 19 6.273 4.408
8 9 8.871 1.442
8 10 9.655 1.625
8 11 9.411 2.412
8 12 4.609 2.716
8 13 3.196 4.573
8 14 1.49 0.682
8 15 5.756 4.583
8 16 1.613 1.541
8 17 3.068 0.704
8 18 7.064 3.455
8 19 0.904 2.318
9 10 9.804 2.811
9 11 6.944 2.161
9 12 4.222 4.341
9 13 0.72 2.331
9 14 2.471 1.696
9 15 0.606 3.332
9 16 3.963 4.577
9 17 6.437 4.464
9 18 6.049 1.316
9 19 7.334 1.947
10 11 3.305 3.277
10 12 0.777 4.661
10 13 3.396 2.109
10 14 1.528 4.343
10 15 5.473 2.265
10 16 3.548 1.807
10 17 5.763 1.734
10 18 2.232 0.88
10 19 3.614 3.73
11 12 0.661 3.951
11 13 3.836 4.102
11 14 1.594 4.486
11 15 4.536 0.849
11 16 2.262 2.854
11 17 6.167 0.136
11 18 0.803 4.017
11 19 0.551 2.982
12 13 9.277 1.387
12 14 8.744 0.431
12 15 9.561 0.925
12 16 3.531 1.858
12 17 0.158 4.991
12 18 1.32 1.959
12 19 1.231 4.869
13 14 2.784 0.993
13 15 9.012 4.518
13 16 6.922 1.446
13 17 1.133 4.489
13 18 0.766 0.553
13 19 5.642 4.349
14 15 6.099 0.323
14 16 1.636 4.49
14 17 8.459 2.73
14 18 4.608 2.06
14 19 7.538 2.179
15 16 9.166 2.603
15 17 4.542 1.947
15 18 8.088 4.19
15 19 7.803 0.748
16 17 2.73 1.891
16 18 9.263 2.393
16 19 1.438 4.625
17 18 1.94 4.639
17 19 4.04 0.329
18 19 1.089 2.871
