20
82.652
0 1 87 5.12
0 2 1 6.45
0 3 1 7.67
0 4 45 92.89
0 5 89 96.55
0 6 21 86.43
0 7 56 91.23
0 8 84 94.56
0 9 91 98.23
0 10 77 0.01
0 11 98 0.01
0 12 21 0.01
0 13 38 0.01
0 14 75 0.01
0 15 27 0.01
0 16 27 0.01
0 17 70 0.01
0 18 99 0.01
0 19 91 0.01
1 2 89 1.4
1 3 19.4 92.29
1 4 3.12 91
1 5 3.12 83
1 6 3.12 87
1 7 3.12 89
1 8 3.12 93
1 9 3.12 97
1 10 6 0.01
1 11 88 0.01
1 12 91 0.01
1 13 66 0.01
1 14 88 0.01
1 15 24 0.01
1 16 2 0.01
1 17 22 0.01
1 18 73 0.01
1 19 26 0.01
2 3 14.2 95.22
2 4 3.12 91.1
2 5 3.12 98.1
2 6 3.12 83.134
2 7 3.12 93.45
2 8 3.12 92.56
2 9 3.12 84
2 10 39 0.01
2 11 28 0.01
2 12 78 0.01
2 13 5 0.01
2 14 61 0.01
2 15 94 0.01
2 16 20 0.01
2 17 39 0.01
2 18 22 0.01
2 19 70 0.01
3 4 98 99
3 5 99 95
3 6 91 92
3 7 96 91
3 8 94 19
3 9 10 99
3 10 11 0.01
3 11 12 0.01
3 12 82 0.01
3 13 84 0.01
3 14 80 0.01
3 15 45 0.01
3 16 59 0.01
3 17 12 0.01
3 18 76 0.01
3 19 8 0.01
4 5 92 13
4 6 91 92
4 7 90 89
4 8 31 87
4 9 97 84
4 10 85 0.01
4 11 16 0.01
4 12 79 0.01
4 13 60 0.01
4 14 83 0.01
4 15 79 0.01
4 16 97 0.01
4 17 39 0.01
4 18 29 0.01
4 19 47 0.01
5 6 43 85
5 7 29 83
5 8 13 80
5 9 10 92
5 10 6 0.01
5 11 89 0.01
5 12 98 0.01
5 13 98 0.01
5 14 37 0.01
5 15 3 0.01
5 16 82 0.01
5 17 59 0.01
5 18 81 0.01
5 19 35 0.01
6 7 10 91
6 8 42 98
6 9 19 79
6 10 5 0.01
6 11 10 0.01
6 12 70 0.01
6 13 1 0.01
6 14 68 0.01
6 15 3 0.01
6 16 29 0.01
6 17 86 0.01
6 18 70 0.01
6 19 38 0.01
7 8 78 87
7 9 31 99
7 10 60 0.01
7 11 2 0.01
7 12 21 0.01
7 13 99 0.01
7 14 37 0.01
7 15 97 0.01
7 16 95 0.01
7 17 39 0.01
7 18 51 0.01
7 19 22 0.01
8 9 98 13.5
8 10 17 0.01
8 11 45 0.01
8 12 54 0.01
8 13 78 0.01
8 14 24 0.01
8 15 45 0.01
8 16 91 0.01
8 17 76 0.01
8 18 91 0.01
8 19 26 0.01
9 10 88 0.01
9 11 47 0.01
9 12 81 0.01
9 13 5 0.01
9 14 67 0.01
9 15 73 0.01
9 16 13 0.01
9 17 32 0.01
9 18 16 0.01
9 19 14 0.01
10 11 44 0.01
10 12 10 0.01
10 13 1 0.01
10 14 78 0.01
10 15 12 0.01
10 16 1 0.01
10 17 80 0.01
10 18 65 0.01
10 19 94 0.01
11 12 50 0.01
11 13 23 0.01
11 14 59 0.01
11 15 26 0.01
11 16 65 0.01
11 17 12 0.01
11 18 24 0.01
11 19 3 0.01
12 13 16 0.01
12 14 10 0.01
12 15 24 0.01
12 16 46 0.01
12 17 24 0.01
12 18 86 0.01
12 19 48 0.01
13 14 85 0.01
13 15 82 0.01
13 16 97 0.01
13 17 86 0.01
13 18 58 0.01
13 19 59 0.01
14 15 51 0.01
14 16 58 0.01
14 17 76 0.01
14 18 86 0.01
14 19 91 0.01
15 16 43 0.01
15 17 82 0.01
15 18 17 0.01
15 19 55 0.01
16 17 99 0.01
16 18 99 0.01
16 19 83 0.01
17 18 67 0.01
17 19 14 0.01
18 19 76 0.01