20
95.143
0 1 34.567 0.085
0 2 59.14 1.306
0 3 78.857 0.057
0 4 48.366 0.672
0 5 64.703 0.58
0 6 92.116 0.766
0 7 21.758 0.963
0 8 47.377 0.248
0 9 53.246 0.305
0 10 70.566 1.321
0 11 92.122 1.268
0 12 51.813 1.151
0 13 28.255 0.325
0 14 62.142 1.111
0 15 45.437 1.23
0 16 52.823 0.746
0 17 88.039 1.165
0 18 59.413 0.732
0 19 29.041 0.518
1 2 0.737 0.384
1 3 62.949 0.773
1 4 12.512 1.36
1 5 49.265 0.639
1 6 96.796 1.167
1 7 96.275 0.878
1 8 87.817 0.01
1 9 26.619 0.584
1 10 35.303 1.056
1 11 75.175 0.909
1 12 63.87 0.547
1 13 33.624 1.361
1 14 57.992 1.107
1 15 88.646 0.776
1 16 34.493 1.132
1 17 68.385 0.175
1 18 26.497 1.333
1 19 74.933 0.461
2 3 51.56 0.2
2 4 33.858 0.815
2 5 72.593 0.265
2 6 17.463 0.892
2 7 13.434 0.487
2 8 67.779 0.463
2 9 76.33 1.056
2 10 96.522 1.05
2 11 71.669 0.449
2 12 56.494 0.972
2 13 15.333 0.971
2 14 32.454 1.393
2 15 22.853 0.61
2 16 37.931 0.937
2 17 79.718 0.727
2 18 54.969 1.073
2 19 80.441 0.631
3 4 12.431 0.868
3 5 31.529 0.413
3 6 63.026 0.643
3 7 75.131 0.318
3 8 56.321 0.116
3 9 15.895 0.532
3 10 79.998 0.781
3 11 20.952 0.496
3 12 8.341 0.795
3 13 2.536 0.524
3 14 87.592 0.042
3 15 50.138 0.572
3 16 22.7 1.226
3 17 80.466 0.004
3 18 16.077 0.95
3 19 19.359 0.174
4 5 34.752 0.695
4 6 76.71 0.604
4 7 71.846 0.096
4 8 70.414 1.218
4 9 9.922 0.776
4 10 43.834 0.817
4 11 5.071 1.036
4 12 36.282 0.394
4 13 6.821 0.784
4 14 98.098 0.92
4 15 32.051 1.166
4 16 2.031 0.262
4 17 70.704 0.55
4 18 88.38 1.15
4 19 50.119 0.946
5 6 65.051 1.419
5 7 47.836 0.168
5 8 97.662 0.705
5 9 51.202 0.128
5 10 49.573 1.372
5 11 99.151 0.617
5 12 61.074 0.84
5 13 29.275 0.243
5 14 12.192 1.272
5 15 10.379 0.844
5 16 56.88 0.108
5 17 30.54 1.033
5 18 92.71 0.397
5 19 28.055 0.262
6 7 50.943 0.468
6 8 47.689 1.321
6 9 10.182 1.202
6 10 67.93 1.003
6 11 2.396 0.224
6 12 58.218 0.119
6 13 35.451 1.205
6 14 89.057 0.638
6 15 24.427 0.331
6 16 14.722 0.789
6 17 76.64 0.557
6 18 10.975 0.15
6 19 84.592 1.299
7 8 49.905 1.002
7 9 26.795 0.353
7 10 28.039 0.49
7 11 42.334 0.277
7 12 5.535 1.168
7 13 62.108 0.241
7 14 92.483 0.592
7 15 73.995 0.091
7 16 89.652 1.008
7 17 37.339 0.307
7 18 14.851 0.72
7 19 74.03 1.325
8 9 63.488 0.73
8 10 26.612 0.553
8 11 26.603 0.03
8 12 93.803 0.835
8 13 41.17 0.303
8 14 34.217 1.133
8 15 19.167 0.04
8 16 16.457 0.887
8 17 18.812 0.924
8 18 0.873 0.542
8 19 74.027 0.091
9 10 87.63 0.694
9 11 8.663 0.475
9 12 59.113 0.719
9 13 82.165 1.057
9 14 45.569 1.092
9 15 15.798 1.238
9 16 59.93 0.428
9 17 69.739 0.913
9 18 60.411 0.648
9 19 10.894 0.316
10 11 81.04 0.318
10 12 57.967 0.877
10 13 54.197 0.83
10 14 91.335 0.989
10 15 24.266 1.075
10 16 87.666 0.467
10 17 96.91 0.061
10 18 77.513 0.162
10 19 27.216 0.469
11 12 9.144 0.082
11 13 37.222 0.924
11 14 72.436 1.358
11 15 86.387 0.496
11 16 1.328 0.321
11 17 16.726 0.819
11 18 69.663 1.409
11 19 50.924 0.408
12 13 50.005 0.241
12 14 46.323 1.173
12 15 40.453 0.516
12 16 70.382 1.27
12 17 68.987 1.313
12 18 25.553 1.275
12 19 66.956 1.213
13 14 27.965 0.889
13 15 70.046 0.653
13 16 55.742 0.915
13 17 5.057 0.657
13 18 69.084 0.359
13 19 91.8 1.045
14 15 92.349 1.016
14 16 21.308 1.385
14 17 35.136 0.87
14 18 7.683 0.907
14 19 24.86 1.415
15 16 80.928 0.914
15 17 84.837 0.068
15 18 74.381 0.624
15 19 13.732 0.536
16 17 28.932 0.14
16 18 98.655 1.353
16 19 44.707 0.48
17 18 63.117 1.348
17 19 70.512 0.569
18 19 11.619 0.335
