20
37.174
0 1 36.129 0.100
0 2 1.527 0.070
0 3 26.002 0.113
0 4 89.477 0.086
0 5 84.442 0.847
0 6 71.430 0.913
0 7 91.845 0.037
0 8 81.515 0.528
0 9 62.522 0.822
0 10 63.936 0.720
0 11 88.075 0.110
0 12 9.321 0.171
0 13 20.520 0.146
0 14 48.407 0.338
0 15 35.902 0.553
0 16 65.163 0.585
0 17 9.364 0.937
0 18 50.677 0.467
0 19 44.006 0.145
1 2 75.857 0.607
1 3 33.322 0.969
1 4 98.560 0.343
1 5 61.732 0.262
1 6 19.981 0.819
1 7 26.801 0.046
1 8 31.547 0.087
1 9 82.634 0.483
1 10 22.499 0.840
1 11 76.550 0.963
1 12 78.961 0.321
1 13 90.427 0.183
1 14 40.246 0.751
1 15 7.017 0.207
1 16 83.186 0.802
1 17 59.175 0.074
1 18 24.919 0.953
1 19 9.836 0.759
2 3 27.211 0.613
2 4 14.390 0.764
2 5 94.080 0.377
2 6 19.177 0.616
2 7 67.648 0.598
2 8 27.532 0.206
2 9 10.304 0.349
2 10 16.126 0.546
2 11 94.184 0.887
2 12 67.900 0.514
2 13 89.011 0.224
2 14 17.721 0.531
2 15 52.990 0.005
2 16 0.085 0.904
2 17 37.930 0.519
2 18 82.605 0.478
2 19 10.406 0.667
3 4 16.963 0.744
3 5 49.509 0.159
3 6 82.857 0.387
3 7 81.507 0.887
3 8 99.011 0.129
3 9 62.005 0.130
3 10 23.857 0.213
3 11 7.153 0.491
3 12 41.808 0.511
3 13 53.365 0.721
3 14 49.578 0.918
3 15 86.116 0.383
3 16 50.919 0.586
3 17 98.443 0.629
3 18 67.136 0.093
3 19 13.378 0.196
4 5 82.747 0.061
4 6 98.254 0.801
4 7 83.876 0.916
4 8 81.369 0.562
4 9 68.486 0.321
4 10 55.994 0.086
4 11 35.345 0.285
4 12 56.944 0.397
4 13 51.674 0.475
4 14 65.678 0.418
4 15 20.936 0.342
4 16 44.442 0.560
4 17 95.405 0.117
4 18 6.760 0.195
4 19 65.381 0.264
5 6 39.110 0.821
5 7 78.069 0.979
5 8 76.402 0.311
5 9 95.074 0.520
5 10 22.520 0.126
5 11 69.401 0.680
5 12 64.446 0.285
5 13 1.606 0.628
5 14 35.295 0.975
5 15 75.838 0.229
5 16 70.108 0.068
5 17 57.048 0.518
5 18 1.902 0.714
5 19 22.508 0.467
6 7 81.353 0.755
6 8 5.565 0.915
6 9 85.264 0.716
6 10 65.490 0.765
6 11 53.525 0.215
6 12 92.361 0.109
6 13 0.858 0.069
6 14 33.201 0.170
6 15 22.919 0.107
6 16 17.795 0.103
6 17 61.206 0.022
6 18 99.521 0.708
6 19 27.860 0.812
7 8 8.149 0.164
7 9 81.778 0.277
7 10 50.290 0.316
7 11 38.828 0.790
7 12 9.768 0.063
7 13 0.718 0.344
7 14 67.566 0.395
7 15 5.935 0.173
7 16 30.770 0.461
7 17 24.768 0.272
7 18 16.696 1.000
7 19 13.731 0.804
8 9 92.394 0.260
8 10 94.042 0.371
8 11 84.369 0.904
8 12 35.489 0.592
8 13 93.782 0.924
8 14 99.772 0.369
8 15 10.394 0.462
8 16 3.888 0.028
8 17 77.324 0.839
8 18 86.107 0.111
8 19 49.893 0.852
9 10 39.882 0.233
9 11 16.075 0.492
9 12 27.369 0.671
9 13 14.677 0.009
9 14 94.874 0.028
9 15 22.301 0.834
9 16 68.725 0.279
9 17 66.563 0.877
9 18 67.940 0.599
9 19 5.198 0.652
10 11 34.205 0.779
10 12 93.780 0.770
10 13 66.247 0.187
10 14 60.512 0.057
10 15 80.899 0.506
10 16 79.451 0.501
10 17 61.889 0.513
10 18 87.586 0.505
10 19 97.513 0.492
11 12 67.941 0.172
11 13 39.515 0.328
11 14 54.760 0.888
11 15 30.514 0.946
11 16 87.445 0.007
11 17 47.601 0.380
11 18 50.202 0.204
11 19 54.794 0.888
12 13 19.082 0.746
12 14 18.475 0.785
12 15 85.279 0.849
12 16 28.932 0.034
12 17 34.163 0.010
12 18 4.417 0.738
12 19 82.393 0.450
13 14 19.632 0.609
13 15 24.790 0.623
13 16 81.035 0.806
13 17 91.427 0.735
13 18 22.881 0.858
13 19 51.055 0.188
14 15 5.652 0.259
14 16 80.803 0.977
14 17 50.112 0.998
14 18 55.354 0.681
14 19 46.345 0.130
15 16 30.335 0.763
15 17 33.354 0.287
15 18 92.610 0.520
15 19 68.991 0.768
16 17 55.947 0.239
16 18 40.626 0.203
16 19 82.065 0.018
17 18 32.730 0.494
17 19 93.410 0.523
18 19 68.738 0.310