20
51
0 13 55.2 2.286
1 6 84.68 2.343
1 15 23.5 0.3
6 15 98.44 0.03
2 9 11 0.3
7 9 45.38 1.6
2 7 36.879 0.4
5 8 64.89 1
10 11 36.234 2.5
18 19 53 0.619
14 18 62.3 1.83
14 19 14.66 0.383
16 17 50.9 2.35
0 1 16.24 2.597
0 2 2.3 2
0 3 28.4 2
0 4 35.7 2
0 5 35.86 2.51
0 6 20 2.4
0 7 4.01 2.428
0 8 45.4 2.7
0 9 5.4 2.504
0 10 10.84 2.76
0 11 5.04 2.8
0 12 28.38 2
0 14 5.211 2
0 15 6 2
0 16 29.3 2
0 17 19 2
0 18 8.56 2.7
0 19 7.3 2.309
1 2 0.47 2
1 3 22.11 2.667
1 4 12.87 2.67
1 5 10.68 2
1 7 1 2.71
1 8 20 2.49
1 9 5 2.799
1 10 13.578 2
1 11 12.84 2.515
1 12 9.139 2.42
1 13 22.206 2.6
1 14 9.04 2.55
1 16 23.2 2.36
1 17 22.0 2.7
1 18 4.9 2.456
1 19 0.6 2.42
2 3 1.04 2.0
2 4 7 1
2 5 2.019 2
2 6 3.7 2
2 8 3.02 2.73
2 10 1.157 2.65
2 11 3.358 2.5
2 12 9.0 1.69
2 13 4.45 2
2 14 8.5 2.049
2 15 8.528 2.353
2 16 3.1 2.52
2 17 3.61 2.75
2 18 5.093 2.222
2 19 3.941 2
3 4 7.356 2.711
3 5 41.2 2.6
3 6 18.68 2
3 7 10 2.6
3 8 60.211 1
3 9 1.24 1.9
3 10 31.8 2.8
3 11 28.61 2.649
3 12 1 2.59
3 13 32.51 2.33
3 14 0.254 2.151
3 15 8.6 2.387
3 16 26.6 2.7
3 17 22 2
3 18 10.213 2.162
3 19 10.6 2
4 5 60.2 1.004
4 6 19.635 2.4
4 7 5 2.13
4 8 55.5 1.048
4 9 2 2.095
4 10 8.45 2.555
4 11 9.29 2.79
4 12 7.99 2.767
4 13 50 2.438
4 14 4.078 2.64
4 15 0.4 2
4 16 11.0 2
4 17 31.5 2.62
4 18 14 2.4
4 19 10.848 1.99
5 6 7.08 2.53
5 7 10.84 1.8
5 9 9.13 2.253
5 10 34.2 2
5 11 20 2.55
5 12 64.67 2.299
5 13 40.55 2.6
5 14 5.3 2
5 15 6.6 2.53
5 16 4.2 2
5 17 49.27 2.5
5 18 12.7 2.153
5 19 13.82 2
6 7 3 2
6 8 1.531 2.52
6 9 1.09 2
6 10 8.57 2.79
6 11 15 2.77
6 12 14.9 2
6 13 18 2.4
6 14 10.23 2.3
6 16 15 2
6 17 10.8 2.715
6 18 6.9 2.56
6 19 10.389 2.3
7 8 8 2.014
7 10 8.478 2.5
7 11 2.68 2.8
7 12 9 1.6
7 13 4 2.53
7 14 7.9 2.1
7 15 3.27 2.784
7 16 10.31 2.57
7 17 9.139 2.569
7 18 4.3 2.09
7 19 5.37 1.87
8 9 9 2.17
8 10 7.978 2
8 11 21 2.7
8 12 56.636 2
8 13 27 2.4
8 14 8.03 1.95
8 15 3.3 2.69
8 16 0.0 2
8 17 45.1 2.6
8 18 13.628 2.546
8 19 12 2.828
9 10 9.24 2.7
9 11 0.0 2.68
9 12 8.642 1
9 13 3 2.6
9 14 3.697 2.0
9 15 7.9 2
9 16 5.475 2.448
9 17 3.19 2
9 18 1.88 2
9 19 10.004 2.69
10 12 34.3 2
10 13 3.3 2.56
10 14 10.586 2.54
10 15 8.86 2.531
10 16 7.93 2.71
10 17 35.26 2.6
10 18 8 2.69
10 19 2.8 2
11 12 31.267 2
11 13 31.39 2
11 14 9.716 2.668
11 15 3.226 2
11 16 31.5 2.574
11 17 20.701 2.67
11 18 12 2.64
11 19 9.563 2.704
12 13 31 2
12 14 3.8 2.264
12 15 18.079 2.4
12 16 43.06 2.3
12 17 43.317 2.599
12 18 5.06 2.0
12 19 3 1.987
13 14 9.4 2.37
13 15 12.9 2.53
13 16 39.45 2.62
13 17 41.144 2.8
13 18 4.93 2.3
13 19 8.302 2
14 15 7.5 2
14 16 13.257 2.51
14 17 9.26 2
15 16 19 2.74
15 17 7.43 2.6
15 18 9.26 2.5
15 19 4.7 2.702
16 18 7 2.48
16 19 8.6 2.675
17 18 1.4 2
17 19 4 2.6
