20
75
0 1 29.578 3.142
0 2 36.662 1.420
0 3 64.846 3.928
0 4 42.974 0.789
0 5 33.426 4.736
0 6 63.722 3.608
0 7 67.959 4.836
0 8 53.329 1.449
0 9 21.133 0.488
0 10 10.957 4.105
0 11 48.337 1.088
0 12 35.779 3.202
0 13 68.987 1.126
0 14 16.988 1.940
0 15 52.516 4.789
0 16 57.622 3.877
0 17 96.461 0.174
0 18 32.808 4.779
0 19 28.881 4.167
1 2 81.395 0.144
1 3 7.004 0.070
1 4 56.307 0.451
1 5 6.239 2.361
1 6 89.902 2.527
1 7 79.504 2.532
1 8 14.015 4.504
1 9 69.888 0.652
1 10 94.666 4.326
1 11 75.886 4.478
1 12 47.284 1.219
1 13 86.619 3.532
1 14 28.626 0.427
1 15 4.196 0.370
1 16 47.248 4.573
1 17 42.318 4.480
1 18 79.181 4.192
1 19 87.921 3.156
2 3 94.026 2.165
2 4 43.798 0.734
2 5 80.778 1.491
2 6 59.834 0.496
2 7 65.694 2.528
2 8 97.169 2.655
2 9 45.188 1.976
2 10 94.795 3.693
2 11 88.518 2.643
2 12 33.932 4.135
2 13 74.021 4.526
2 14 4.546 0.236
2 15 60.532 1.937
2 16 73.776 4.727
2 17 27.992 1.056
2 18 94.390 0.699
2 19 65.970 2.903
3 4 35.738 2.440
3 5 68.545 4.025
3 6 68.681 4.899
3 7 50.216 3.742
3 8 36.343 2.552
3 9 37.068 3.641
3 10 69.720 4.279
3 11 89.022 2.652
3 12 35.816 4.784
3 13 66.857 3.821
3 14 31.098 3.233
3 15 57.890 1.661
3 16 7.896 1.283
3 17 21.782 4.545
3 18 46.455 2.818
3 19 69.257 3.353
4 5 18.654 3.976
4 6 8.603 1.292
4 7 60.402 4.841
4 8 53.680 1.167
4 9 19.255 2.547
4 10 0.607 2.846
4 11 77.012 0.286
4 12 80.435 4.412
4 13 23.237 4.037
4 14 18.031 0.094
4 15 29.335 3.784
4 16 24.456 1.268
4 17 16.379 3.967
4 18 35.925 2.801
4 19 74.183 3.877
5 6 56.098 0.880
5 7 93.482 0.230
5 8 94.715 0.074
5 9 81.692 0.888
5 10 75.161 3.527
5 11 17.942 0.710
5 12 5.134 1.182
5 13 90.500 4.903
5 14 2.760 4.810
5 15 70.672 2.654
5 16 32.017 1.736
5 17 92.472 3.934
5 18 73.070 2.305
5 19 6.101 4.938
6 7 9.391 2.928
6 8 31.647 1.602
6 9 50.350 2.153
6 10 48.147 2.920
6 11 59.231 3.360
6 12 68.825 2.796
6 13 91.143 2.037
6 14 10.405 4.682
6 15 68.942 2.512
6 16 35.405 0.421
6 17 49.584 1.617
6 18 43.482 2.327
6 19 85.059 0.493
7 8 81.771 2.993
7 9 53.980 0.721
7 10 61.556 2.300
7 11 83.108 1.922
7 12 59.641 1.124
7 13 78.384 0.344
7 14 7.236 1.067
7 15 15.933 1.187
7 16 2.007 2.249
7 17 49.012 3.531
7 18 3.594 4.944
7 19 63.673 3.418
8 9 93.859 4.394
8 10 16.841 3.384
8 11 78.326 0.534
8 12 69.988 4.978
8 13 59.899 1.919
8 14 41.857 0.330
8 15 12.549 4.833
8 16 99.366 0.062
8 17 35.658 3.760
8 18 23.123 1.706
8 19 34.218 3.325
9 10 97.674 3.862
9 11 5.972 3.925
9 12 76.348 3.975
9 13 93.775 1.433
9 14 57.066 3.033
9 15 44.402 0.596
9 16 46.616 2.038
9 17 73.858 1.247
9 18 44.385 4.221
9 19 63.408 1.512
10 11 63.535 0.732
10 12 19.287 4.977
10 13 53.921 2.354
10 14 94.166 3.839
10 15 79.808 3.514
10 16 90.472 4.043
10 17 29.612 0.787
10 18 11.232 0.317
10 19 30.015 0.898
11 12 30.353 1.660
11 13 84.637 0.523
11 14 23.858 0.698
11 15 15.474 4.004
11 16 72.955 2.337
11 17 30.283 0.630
11 18 89.207 1.601
11 19 67.447 1.734
12 13 10.946 0.737
12 14 20.847 2.333
12 15 11.707 3.277
12 16 5.064 4.094
12 17 69.900 4.742
12 18 79.695 4.224
12 19 24.381 1.699
13 14 29.740 4.597
13 15 94.259 3.732
13 16 16.781 3.628
13 17 80.985 1.657
13 18 6.389 1.815
13 19 40.803 3.025
14 15 34.168 4.800
14 16 51.577 1.675
14 17 47.022 0.692
14 18 17.258 4.742
14 19 32.110 4.425
15 16 70.581 3.836
15 17 28.154 0.832
15 18 29.353 3.512
15 19 53.041 1.772
16 17 24.228 2.528
16 18 2.550 0.165
16 19 83.631 2.358
17 18 12.115 1.041
17 19 20.635 0.150
18 19 77.093 4.691