20
72.8
0 1 8.994 3.661
0 2 12.086 4.894
0 3 14.339 1.023
0 4 18.436 4.304
0 5 8.859 0.531
0 6 8.721 2.035
0 7 8.6 3.957
0 8 13.619 2.091
0 9 12.451 3.995
0 10 12.132 2.036
0 11 6.234 3.321
0 12 11.457 4.403
0 13 13.912 1.897
0 14 14.092 5.407
0 15 8.986 5.144
0 16 13.941 5.056
0 17 10.729 1.783
0 18 11.428 1.274
0 19 7.435 4.1
1 2 8.703 2.502
1 3 18.155 3.75
1 4 7.444 3.986
1 5 10.757 4.407
1 6 10.382 4.517
1 7 8.68 5.117
1 8 17.779 4.728
1 9 12.188 3.251
1 10 10.741 2.828
1 11 9.904 3.869
1 12 13.078 4.04
1 13 9.566 4.911
1 14 10.854 2.939
1 15 11.964 1.475
1 16 13.294 3.585
1 17 9.544 5.316
1 18 14.474 4.374
1 19 18.88 2.985
2 3 14.499 4.757
2 4 12.475 2.451
2 5 11.588 1.02
2 6 8.106 3.934
2 7 7.592 2.774
2 8 6.681 2.586
2 9 12.337 4.248
2 10 8.241 1.582
2 11 8.151 5.357
2 12 12.74 1.638
2 13 10.22 2.323
2 14 7.462 4.152
2 15 12.516 2.47
2 16 11.677 3.703
2 17 10.546 3.593
2 18 9.02 4.625
2 19 9.955 2.84
3 4 8.259 3.204
3 5 6.363 1.159
3 6 11.081 1.589
3 7 10.775 4.083
3 8 10.941 1.156
3 9 10.074 2.963
3 10 11.871 2.946
3 11 11.144 1.381
3 12 5.791 3.256
3 13 15.866 4.1
3 14 5.968 1.54
3 15 13.493 1.845
3 16 9.129 1.743
3 17 10.104 3.504
3 18 16.555 1.14
3 19 14.209 1.918
4 5 13.06 2.065
4 6 8.306 1.817
4 7 11.025 4.466
4 8 10.379 4.95
4 9 12.454 3.569
4 10 9.692 3.524
4 11 11.661 5.055
4 12 17.876 1.665
4 13 18.534 1.111
4 14 10.92 5.045
4 15 9.91 3.291
4 16 7.375 1.178
4 17 18.586 4.398
4 18 8.334 3.328
4 19 19.41 4.019
5 6 12.402 1.296
5 7 5.683 3.302
5 8 14.491 5.097
5 9 7.072 2.086
5 10 7.116 1.103
5 11 13.909 1.624
5 12 14.572 5.441
5 13 12.526 1.621
5 14 14.426 3.497
5 15 6.893 2.523
5 16 12.221 1.343
5 17 7.787 4.75
5 18 9.78 2.771
5 19 11.837 2.335
6 7 9.309 4.181
6 8 12.614 3.206
6 9 13.942 3.519
6 10 6.9 3.728
6 11 14.248 4.34
6 12 9.353 1.939
6 13 8.257 4.036
6 14 9.101 4.143
6 15 9.931 3.748
6 16 18.717 2.333
6 17 13.603 1.804
6 18 11.016 1.483
6 19 13.857 2.923
7 8 9.874 3.398
7 9 9.623 3.798
7 10 10.504 2.442
7 11 9.901 3.697
7 12 13.451 2.711
7 13 14.095 4.613
7 14 15.042 2.841
7 15 6.033 2.952
7 16 7.059 1.372
7 17 16.456 1.456
7 18 9.198 2.404
7 19 14.264 4.752
8 9 10.731 4.921
8 10 18.485 5.155
8 11 8.925 1.355
8 12 11.228 3.819
8 13 17.671 3.678
8 14 8.789 1.166
8 15 11.429 3.498
8 16 15.249 3.511
8 17 7.13 2.757
8 18 13.475 1.308
8 19 13.147 3.884
9 10 14.469 1.433
9 11 16.376 1.634
9 12 13.011 3.429
9 13 14.997 3.565
9 14 11.573 1.588
9 15 6.874 4.56
9 16 7.345 2.468
9 17 9.62 5.216
9 18 13.985 1.829
9 19 6.317 1.311
10 11 10.205 1.294
10 12 10.546 4.37
10 13 11.821 3.535
10 14 10.689 2.349
10 15 6.058 2.716
10 16 13.333 3.217
10 17 8.43 1.493
10 18 6.722 4.776
10 19 9.276 1.425
11 12 8.355 4.072
11 13 8.97 5.343
11 14 11.39 4.189
11 15 10.789 2.677
11 16 8.759 1.64
11 17 12.048 4.274
11 18 5.716 4.553
11 19 8.4 3.263
12 13 18.881 2.668
12 14 14.392 2.093
12 15 19.708 4.261
12 16 10.33 3.111
12 17 9.214 1.526
12 18 11.223 4.289
12 19 9.618 1.296
13 14 8.675 4.224
13 15 11.119 4.121
13 16 7.156 3.082
13 17 8.0 5.025
13 18 8.101 3.152
13 19 9.776 1.725
14 15 14.106 3.63
14 16 9.46 1.083
14 17 11.063 1.588
14 18 8.799 2.728
14 19 10.977 4.304
15 16 19.787 5.331
15 17 8.373 3.327
15 18 7.029 2.28
15 19 13.587 2.217
16 17 10.898 3.764
16 18 9.926 1.114
16 19 10.006 4.958
17 18 15.85 3.886
17 19 6.296 2.469
18 19 9.765 5.284