20
97
0 1 9 1.862
0 2 6 1.868
0 3 1 4.451
0 4 3 12.210
0 5 5 1.553
0 6 6 7.434
0 7 4 5.929
0 8 9 8.530
0 9 13 7.010
0 10 3 8.778
0 11 9 15.767
0 12 4 4.870
0 13 1 11.115
0 14 7 2.691
0 15 7 8.901
0 16 4 12.010
0 17 8 12.607
0 18 5 11.709
0 19 12 5.715
1 2 2 2.515
1 3 6 3.073
1 4 5 0.427
1 5 6 7.867
1 6 7 5.831
1 7 2 4.204
1 8 2 1.167
1 9 1 10.950
1 10 7 3.228
1 11 1 10.085
1 12 1 4.101
1 13 5 3.728
1 14 7 7.111
1 15 5 1.614
1 16 2 1.586
1 17 5 2.375
1 18 9 3.768
1 19 9 4.974
2 3 3 11.531
2 4 9 14.795
2 5 7 10.501
2 6 4 5.669
2 7 8 4.842
2 8 2 6.869
2 9 10 12.044
2 10 2 8.707
2 11 2 12.327
2 12 6 0.459
2 13 1 4.593
2 14 3 9.650
2 15 2 1.903
2 16 2 1.317
2 17 8 7.967
2 18 3 3.467
2 19 1 0.901
3 4 7 5.984
3 5 10 12.132
3 6 2 8.724
3 7 6 6.887
3 8 5 0.817
3 9 7 8.952
3 10 6 12.573
3 11 3 13.547
3 12 10 0.429
3 13 3 0.674
3 14 7 9.026
3 15 2 0.216
3 16 2 1.852
3 17 3 8.760
3 18 2 2.346
3 19 3 9.078
4 5 6 4.894
4 6 1 10.897
4 7 4 3.454
4 8 2 1.875
4 9 6 13.163
4 10 2 10.963
4 11 8 10.298
4 12 4 8.440
4 13 4 4.996
4 14 3 12.321
4 15 5 3.273
4 16 9 9.633
4 17 2 2.964
4 18 9 0.604
4 19 9 5.813
5 6 6 1.046
5 7 9 1.414
5 8 9 5.045
5 9 5 1.923
5 10 2 12.971
5 11 6 11.969
5 12 1 11.362
5 13 2 1.569
5 14 5 14.494
5 15 5 13.238
5 16 6 6.084
5 17 4 6.448
5 18 5 5.478
5 19 8 5.731
6 7 8 13.285
6 8 2 0.211
6 9 2 1.309
6 10 10 3.241
6 11 2 12.907
6 12 7 2.192
6 13 8 1.430
6 14 9 12.080
6 15 7 1.801
6 16 11 13.345
6 17 2 6.463
6 18 3 6.864
6 19 5 14.758
7 8 6 4.525
7 9 9 5.827
7 10 8 2.005
7 11 3 13.298
7 12 4 14.091
7 13 7 8.651
7 14 1 0.537
7 15 3 4.784
7 16 6 13.473
7 17 13 5.262
7 18 3 0.167
7 19 5 8.992
8 9 2 8.396
8 10 12 7.295
8 11 3 1.502
8 12 2 11.898
8 13 10 1.404
8 14 7 5.653
8 15 13 15.500
8 16 2 7.575
8 17 1 9.863
8 18 7 4.806
8 19 10 9.694
9 10 3 3.970
9 11 3 12.157
9 12 8 14.469
9 13 1 7.511
9 14 7 13.948
9 15 9 10.725
9 16 9 14.563
9 17 3 2.176
9 18 6 9.199
9 19 8 2.483
10 11 5 11.770
10 12 10 2.632
10 13 8 9.970
10 14 10 2.835
10 15 10 13.961
10 16 1 14.944
10 17 9 14.880
10 18 1 10.885
10 19 3 2.839
11 12 8 13.243
11 13 3 12.500
11 14 1 5.908
11 15 10 14.914
11 16 6 4.065
11 17 4 0.743
11 18 6 6.208
11 19 10 8.545
12 13 5 11.137
12 14 7 8.247
12 15 10 8.908
12 16 10 4.949
12 17 10 4.215
12 18 4 14.358
12 19 2 7.847
13 14 13 15.025
13 15 8 12.521
13 16 4 13.289
13 17 8 7.313
13 18 8 7.643
13 19 6 9.823
14 15 5 2.412
14 16 1 14.657
14 17 8 0.481
14 18 2 11.035
14 19 10 8.462
15 16 3 11.936
15 17 3 14.059
15 18 7 8.513
15 19 9 5.388
16 17 1 12.310
16 18 7 12.254
16 19 7 3.604
17 18 7 13.076
17 19 12 9.550
18 19 4 11.913
