20
32
0 1 60.569 2.362
0 10 48.97 18.783
0 11 6.478 58.572
0 12 69.91 1.912
0 13 58.931 0.988
0 14 23.622 18.742
0 15 31.858 59.313
0 16 4.02 16.828
0 17 20.004 65.853
0 18 22.108 31.387
0 19 18.709 28.311
0 2 13.573 21.412
0 3 68.825 26.076
0 4 67.532 58.641
0 5 49.355 13.574
0 6 47.43 16.578
0 7 33.964 65.591
0 8 17.261 61.786
0 9 89.628 0.371
1 10 55.695 40.173
1 11 0.667 63.121
1 12 7.356 13.35
1 13 79.647 0.485
1 14 8.952 56.052
1 15 25.831 36.446
1 16 38.262 6.989
1 17 6.207 45.829
1 18 17.587 58.598
1 19 5.865 64.49
1 2 48.941 29.301
1 3 20.54 66.517
1 4 11.84 56.692
1 5 8.131 35.293
1 6 32.987 46.395
1 7 7.664 32.458
1 8 0.54 25.244
1 9 53.223 0.639
10 11 6.621 19.376
10 12 39.595 49.432
10 13 62.569 4.362
10 14 64.995 53.056
10 15 80.72 1.224
10 16 46.474 67.12
10 17 46.426 63.788
10 18 74.726 0.089
10 19 59.298 64.768
11 12 55.607 0.206
11 13 30.073 14.908
11 14 50.018 58.629
11 15 43.282 29.03
11 16 3.546 56.012
11 17 63.175 0.111
11 18 26.507 15.684
11 19 67.272 3.072
12 13 54.331 12.168
12 14 62.435 34.415
12 15 46.829 46.105
12 16 12.76 9.659
12 17 50.568 1.265
12 18 4.649 51.276
12 19 66.668 0.332
13 14 63.083 47.701
13 15 5.512 5.631
13 16 31.187 45.484
13 17 51.179 57.38
13 18 2.893 49.045
13 19 25.213 36.037
14 15 4.956 31.97
14 16 54.829 1.792
14 17 5.245 27.077
14 18 32.308 44.159
14 19 49.637 21.597
15 16 36.36 24.176
15 17 3.848 69.586
15 18 85.106 1.097
15 19 69.272 5.072
16 17 60.972 67.841
16 18 10.89 32.938
16 19 34.825 1.238
17 18 1.589 17.387
17 19 55.118 1.404
18 19 39.421 58.278
2 10 13.76 5.454
2 11 40.483 68.101
2 12 52.265 58.059
2 13 4.31 39.749
2 14 20.646 17.784
2 15 40.989 63.163
2 16 62.848 11.079
2 17 50.486 32.073
2 18 38.668 7.427
2 19 14.462 32.051
2 3 92.538 0.711
2 4 57.873 0.678
2 5 18.954 24.609
2 6 55.21 0.966
2 7 37.855 47.927
2 8 8.614 41.822
2 9 6.614 53.401
3 10 10.736 19.536
3 11 16.992 33.191
3 12 43.643 14.094
3 13 38.863 58.379
3 14 40.806 57.685
3 15 43.779 26.532
3 16 67.019 48.307
3 17 53.889 52.208
3 18 71.84 4.491
3 19 9.25 20.467
3 4 71.437 1.416
3 5 47.198 59.231
3 6 50.525 0.128
3 7 0.259 35.148
3 8 54.538 8.929
3 9 59.11 65.003
4 10 32.941 27.837
4 11 10.711 3.244
4 12 63.103 41.679
4 13 21.58 63.11
4 14 46.584 47.916
4 15 19.446 68.75
4 16 41.763 0.199
4 17 2.411 10.06
4 18 68.596 22.857
4 19 64.451 14.296
4 5 56.377 66.05
4 6 69.84 2.491
4 7 6.292 4.205
4 8 44.69 50.08
4 9 4.182 69.267
5 10 55.523 34.013
5 11 33.383 46.293
5 12 38.491 28.398
5 13 10.467 46.997
5 14 56.317 0.09
5 15 26.949 13.304
5 16 78.255 0.027
5 17 53.309 22.992
5 18 15.6 61.446
5 19 67.671 44.247
5 6 50.818 55.541
5 7 53.005 42.767
5 8 97.33 2.317
5 9 51.483 18.456
6 10 68.859 16.751
6 11 31.492 47.948
6 12 24.279 30.38
6 13 44.932 10.248
6 14 10.518 14.544
6 15 25.698 30.642
6 16 29.334 69.404
6 17 20.756 69.466
6 18 17.333 31.317
6 19 50.591 38.088
6 7 43.315 29.542
6 8 14.419 21.127
6 9 64.289 47.623
7 10 78.844 1.271
7 11 16.058 15.633
7 12 49.231 17.42
7 13 63.797 46.134
7 14 18.37 63.048
7 15 61.584 1.182
7 16 1.68 34.689
7 17 33.665 64.885
7 18 93.156 1.527
7 19 53.177 13.963
7 8 8.188 58.832
7 9 61.963 16.638
8 10 7.516 24.502
8 11 13.467 10.474
8 12 37.168 18.798
8 13 31.447 5.466
8 14 81.723 0.726
8 15 24.682 6.528
8 16 72.094 1.438
8 17 37.411 53.373
8 18 48.611 25.984
8 19 67.601 23.689
8 9 51.575 37.182
9 10 68.285 40.951
9 11 61.523 62.732
9 12 53.44 52.676
9 13 52.542 1.545
9 14 15.585 30.59
9 15 60.925 17.84
9 16 54.947 52.01
9 17 58.089 34.562
9 18 26.841 29.903
9 19 38.816 58.393