20
92.786
0 1 3.928 1.391
0 2 3.077 2.789
0 3 2.585 2.909
0 4 3.583 1.169
0 5 2.348 2.544
0 6 2.191 2.505
0 7 2.696 2.328
0 8 3.231 1.921
0 9 2.753 2.344
0 10 2.386 2.513
0 11 2.236 2.7
0 12 2.458 2.635
0 13 3.451 1.824
0 14 2.308 2.023
0 15 2.51 2.789
0 16 2.889 2.374
0 17 2.229 2.679
0 18 2.343 2.848
0 19 4.053 1.266
1 2 2.968 2.286
1 3 3.501 2.716
1 4 4.072 1.769
1 5 2.417 2.172
1 6 2.148 2.489
1 7 2.675 2.147
1 8 3.673 1.849
1 9 2.303 2.44
1 10 2.794 2.017
1 11 2.848 2.144
1 12 2.975 2.799
1 13 3.715 1.545
1 14 2.8 2.768
1 15 3.019 2.697
1 16 2.6 2.268
1 17 2.939 2.463
1 18 2.635 2.219
1 19 3.838 1.692
2 3 2.103 2.231
2 4 2.93 2.554
2 5 2.651 2.614
2 6 3.365 1.19
2 7 2.854 2.43
2 8 2.683 2.121
2 9 3.777 1.546
2 10 2.909 2.856
2 11 3.808 2.676
2 12 2.201 2.41
2 13 2.317 2.288
2 14 3.996 1.925
2 15 2.307 2.943
2 16 2.969 2.644
2 17 3.439 1.542
2 18 3.933 1.167
2 19 2.896 2.482
3 4 2.001 2.674
3 5 2.51 2.546
3 6 2.981 2.943
3 7 3.124 1.502
3 8 1.505 2.65
3 9 2.755 2.111
3 10 3.597 1.605
3 11 3.253 1.125
3 12 3.657 1.379
3 13 2.012 2.718
3 14 3.052 2.496
3 15 3.05 2.496
3 16 3.581 1.25
3 17 2.5 2.946
3 18 2.796 2.759
3 19 2.002 2.288
4 5 2.973 2.744
4 6 2.673 2.636
4 7 2.883 2.094
4 8 3.328 1.446
4 9 2.898 2.044
4 10 2.66 2.543
4 11 2.291 2.619
4 12 2.798 2.966
4 13 3.094 1.644
4 14 2.933 2.402
4 15 2.472 2.325
4 16 2.094 1.989
4 17 2.721 2.643
4 18 2.519 2.658
4 19 3.113 1.321
5 6 2.905 2.965
5 7 2.631 2.582
5 8 2.715 2.836
5 9 2.855 2.712
5 10 2.412 2.099
5 11 2.722 2.556
5 12 2.911 2.54
5 13 2.71 2.844
5 14 2.642 2.182
5 15 3.666 1.6
5 16 2.446 2.289
5 17 2.474 2.628
5 18 2.831 2.117
5 19 2.904 2.336
6 7 3.028 2.216
6 8 2.286 2.395
6 9 3.608 1.397
6 10 3.014 2.148
6 11 2.808 2.396
6 12 2.368 2.413
6 13 2.363 2.466
6 14 3.985 1.902
6 15 2.604 2.54
6 16 3.002 2.855
6 17 3.819 1.187
6 18 3.851 1.647
6 19 2.189 2.027
7 8 2.747 2.883
7 9 2.593 2.861
7 10 3.417 1.952
7 11 3.179 1.702
7 12 3.237 1.487
7 13 2.834 2.873
7 14 2.968 2.092
7 15 2.174 2.704
7 16 3.655 1.546
7 17 2.792 2.437
7 18 2.961 2.464
7 19 2.74 2.21
8 9 3.035 2.546
8 10 2.752 2.316
8 11 2.686 2.051
8 12 2.923 2.106
8 13 3.935 1.699
8 14 2.868 2.945
8 15 2.484 2.586
8 16 2.36 2.639
8 17 2.854 2.53
8 18 2.396 2.818
8 19 3.238 1.241
9 10 2.155 2.932
9 11 2.222 2.503
9 12 2.581 2.849
9 13 2.18 2.032
9 14 3.22 1.695
9 15 2.564 2.328
9 16 2.768 2.293
9 17 3.283 1.445
9 18 3.397 1.55
9 19 2.364 2.193
10 11 3.305 1.59
10 12 3.71 1.713
10 13 2.37 2.271
10 14 2.516 2.791
10 15 2.734 2.156
10 16 3.529 1.842
10 17 2.16 2.304
10 18 2.172 2.274
10 19 2.684 2.622
11 12 3.13 1.14
11 13 2.294 2.715
11 14 2.544 2.021
11 15 2.245 2.218
11 16 3.177 1.39
11 17 2.018 2.143
11 18 2.569 2.533
11 19 2.22 2.312
12 13 2.885 2.148
12 14 2.754 2.254
12 15 2.815 2.544
12 16 3.704 1.967
12 17 2.887 2.759
12 18 2.981 2.392
12 19 2.796 2.263
13 14 2.185 2.571
13 15 2.74 2.896
13 16 2.926 2.561
13 17 3.066 2.44
13 18 2.517 2.427
13 19 3.493 1.398
14 15 3.06 2.307
14 16 2.926 2.739
14 17 3.399 1.837
14 18 3.231 1.255
14 19 2.905 2.294
15 16 2.565 2.693
15 17 2.764 2.201
15 18 2.155 2.428
15 19 2.31 2.569
16 17 2.797 2.346
16 18 2.146 2.92
16 19 2.366 2.365
17 18 3.817 1.905
17 19 2.987 2.005
18 19 2.288 2.2