20
50.0
0 1 3.606 3.3
0 2 1.696 3.167
0 3 1.882 2.008
0 4 0.852 3.96
0 5 1.775 3.658
0 6 3.248 4.082
0 7 3.303 3.947
0 8 2.902 1.384
0 9 3.469 5.493
0 10 3.309 4.724
0 11 1.028 2.854
0 12 0.073 1.86
0 13 1.165 3.773
0 14 0.436 3.801
0 15 1.777 1.802
0 16 3.428 2.368
0 17 1.945 3.476
0 18 2.467 4.156
0 19 2.836 1.795
1 2 2.726 0.581
1 3 4.427 1.274
1 4 2.384 0.257
1 5 3.101 2.635
1 6 4.948 3.348
1 7 2.72 0.613
1 8 2.908 0.392
1 9 3.877 2.498
1 10 2.56 1.551
1 11 2.174 3.252
1 12 2.687 0.402
1 13 3.147 4.13
1 14 3.678 0.42
1 15 2.693 5.395
1 16 3.462 2.859
1 17 3.27 3.281
1 18 2.924 0.491
1 19 4.089 4.277
2 3 1.913 3.658
2 4 1.596 0.468
2 5 3.931 2.143
2 6 3.226 2.073
2 7 3.33 0.492
2 8 0.774 2.863
2 9 0.338 4.287
2 10 2.396 3.801
2 11 1.182 3.153
2 12 3.345 0.675
2 13 1.553 3.536
2 14 2.401 0.561
2 15 2.414 3.856
2 16 2.525 2.097
2 17 2.466 2.781
2 18 3.148 0.284
2 19 2.632 3.536
3 4 1.611 4.385
3 5 2.718 3.929
3 6 0.08 3.56
3 7 3.593 3.839
3 8 3.567 1.881
3 9 2.595 2.077
3 10 3.123 2.708
3 11 3.095 1.38
3 12 1.217 4.763
3 13 2.732 3.043
3 14 1.666 1.957
3 15 1.655 2.349
3 16 4.364 3.054
3 17 1.879 2.072
3 18 0.572 4.113
3 19 1.681 1.402
4 5 1.63 1.428
4 6 1.588 2.643
4 7 2.93 0.515
4 8 2.185 3.422
4 9 1.381 2.351
4 10 2.221 2.743
4 11 1.074 2.917
4 12 2.936 0.576
4 13 2.766 1.812
4 14 2.264 0.496
4 15 3.828 2.286
4 16 1.714 2.29
4 17 2.112 2.98
4 18 2.53 0.398
4 19 0.767 2.136
5 6 2.269 3.986
5 7 3.358 2.817
5 8 2.376 4.304
5 9 0.61 4.676
5 10 1.875 3.353
5 11 3.18 2.703
5 12 4.875 3.483
5 13 2.0 1.916
5 14 1.266 2.355
5 15 1.591 0.793
5 16 2.704 2.826
5 17 3.165 4.328
5 18 2.415 2.166
5 19 1.62 3.106
6 7 1.972 2.781
6 8 4.131 4.391
6 9 3.626 2.286
6 10 3.17 3.729
6 11 2.966 3.833
6 12 2.007 2.312
6 13 0.686 2.402
6 14 2.129 4.122
6 15 0.53 2.445
6 16 0.265 2.256
6 17 2.949 3.359
6 18 3.63 2.542
6 19 0.906 3.426
7 8 2.017 4.278
7 9 1.254 2.943
7 10 3.847 4.469
7 11 3.374 4.98
7 12 2.433 0.473
7 13 1.179 2.09
7 14 2.679 0.409
7 15 2.345 2.792
7 16 1.752 3.353
7 17 1.247 3.895
7 18 3.457 0.48
7 19 1.521 3.184
8 9 3.014 4.494
8 10 1.836 2.455
8 11 0.707 3.595
8 12 3.238 2.346
8 13 0.804 1.572
8 14 2.577 3.559
8 15 1.877 1.331
8 16 3.097 3.254
8 17 3.935 2.989
8 18 0.662 4.041
8 19 2.869 1.964
9 10 1.295 2.551
9 11 3.195 3.86
9 12 3.014 4.492
9 13 3.965 4.05
9 14 2.222 2.34
9 15 2.232 2.639
9 16 1.712 3.116
9 17 1.063 2.119
9 18 2.979 2.493
9 19 2.757 1.164
10 11 3.594 4.622
10 12 2.963 3.157
10 13 3.021 2.772
10 14 3.256 2.468
10 15 1.543 3.709
10 16 1.003 2.776
10 17 2.938 1.794
10 18 1.354 0.105
10 19 2.599 4.466
11 12 0.99 2.214
11 13 1.748 4.144
11 14 1.685 3.632
11 15 2.178 0.94
11 16 1.461 2.755
11 17 3.655 2.797
11 18 0.22 3.053
11 19 1.197 1.083
12 13 2.467 2.389
12 14 2.928 0.379
12 15 1.655 2.981
12 16 3.769 3.253
12 17 0.215 4.289
12 18 2.76 0.472
12 19 2.158 1.933
13 14 0.791 2.053
13 15 2.243 1.837
13 16 2.858 2.824
13 17 3.011 3.062
13 18 3.257 1.888
13 19 2.73 4.92
14 15 2.165 1.76
14 16 1.275 2.821
14 17 2.693 4.979
14 18 2.658 0.549
14 19 2.805 3.681
15 16 2.909 1.887
15 17 2.971 3.009
15 18 1.292 3.502
15 19 3.405 1.713
16 17 1.465 2.467
16 18 3.388 3.148
16 19 1.57 4.076
17 18 2.491 3.635
17 19 2.279 2.579
18 19 2.428 4.824