20
47
0 1 49.014 0.001
0 2 0.001 3.357
0 3 1.289 3.357
0 4 0.001 0.696
0 5 21.314 0.001
0 6 0.001 3.357
0 7 0.001 3.357
0 8 29.89 3.357
0 9 41.583 3.357
0 10 52.123 3.357
0 11 65.011 0.001
0 12 0.001 3.357
0 13 0.001 0.001
0 14 23.861 2.411
0 15 20.851 3.357
0 16 0.001 3.357
0 17 0.001 3.357
0 18 99.997 3.357
0 19 54.777 1.119
1 2 0.001 0.001
1 3 0.001 4.476
1 4 0.001 0.001
1 5 0.001 4.476
1 6 48.788 4.476
1 7 0.001 0.001
1 8 55.529 4.476
1 9 11.136 4.476
1 10 0.001 4.476
1 11 23.296 0.427
1 12 0.001 4.476
1 13 0.001 4.476
1 14 76.381 0.001
1 15 69.456 4.476
1 16 32.466 0.001
1 17 88.626 4.048
1 18 0.001 0.001
1 19 0.001 4.476
2 3 0.001 4.476
2 4 99.997 4.476
2 5 70.38 0.001
2 6 46.618 0.001
2 7 0.001 4.476
2 8 1.254 4.476
2 9 40.875 0.405
2 10 31.922 4.476
2 11 0.001 0.001
2 12 0.001 0.001
2 13 99.997 2.238
2 14 0.001 4.476
2 15 0.001 4.476
2 16 0.001 0.001
2 17 0.001 0.001
2 18 0.001 0.001
2 19 37.02 0.001
3 4 26.651 0.001
3 5 0.001 6.714
3 6 99.326 6.714
3 7 35.205 6.714
3 8 80.997 0.001
3 9 89.283 0.001
3 10 0.001 0.001
3 11 57.656 0.001
3 12 46.622 6.714
3 13 99.997 0.001
3 14 0.001 6.714
3 15 0.001 6.714
3 16 46.23 6.714
3 17 16.547 0.001
3 18 0.001 0.001
3 19 0.001 2.557
4 5 28.804 0.001
4 6 24.58 3.357
4 7 99.997 0.001
4 8 36.749 3.357
4 9 0.001 3.357
4 10 37.586 0.001
4 11 13.17 0.001
4 12 0.001 3.357
4 13 15.254 0.001
4 14 22.807 0.412
4 15 0.001 0.001
4 16 0.001 3.357
4 17 18.02 3.357
4 18 64.296 0.001
4 19 66.351 0.534
5 6 0.001 6.714
5 7 14.483 6.714
5 8 42.443 6.714
5 9 0.001 6.714
5 10 0.001 0.001
5 11 97.946 6.714
5 12 0.001 6.714
5 13 20.192 0.001
5 14 0.001 6.714
5 15 0.001 0.001
5 16 0.001 6.714
5 17 8.126 6.714
5 18 33.18 0.001
5 19 11.217 0.001
6 7 0.001 6.714
6 8 52.004 3.332
6 9 0.001 6.714
6 10 33.075 0.001
6 11 96.087 6.714
6 12 0.001 0.001
6 13 88.364 6.714
6 14 0.001 0.001
6 15 67.669 0.001
6 16 49.557 0.001
6 17 42.648 6.714
6 18 0.001 6.714
6 19 73.459 4.784
7 8 45.054 0.396
7 9 36.884 3.357
7 10 78.339 3.344
7 11 58.548 3.357
7 12 0.001 3.357
7 13 0.001 0.001
7 14 12.853 0.001
7 15 99.997 1.119
7 16 40.073 3.357
7 17 62.811 3.357
7 18 45.693 3.357
7 19 0.001 2.161
8 9 0.001 3.357
8 10 99.997 0.653
8 11 0.001 0.001
8 12 45.483 0.001
8 13 15.944 0.001
8 14 49.642 0.001
8 15 21.565 0.082
8 16 0.001 3.357
8 17 0.001 0.001
8 18 0.001 0.001
8 19 0.001 3.357
9 10 86.51 4.476
9 11 0.001 0.001
9 12 59.325 4.476
9 13 99.997 4.07
9 14 28.685 0.001
9 15 99.997 4.476
9 16 75.401 0.001
9 17 0.001 4.476
9 18 69.847 0.001
9 19 0.001 0.001
10 11 83.915 3.357
10 12 8.162 3.357
10 13 77.861 0.001
10 14 0.001 3.357
10 15 83.177 1.119
10 16 59.98 3.357
10 17 11.011 0.001
10 18 0.001 3.357
10 19 99.551 0.001
11 12 71.132 0.001
11 13 1.315 0.001
11 14 0.001 4.476
11 15 38.417 4.476
11 16 0.001 4.476
11 17 99.997 2.238
11 18 0.001 4.476
11 19 33.469 4.476
12 13 27.668 0.001
12 14 3.085 0.001
12 15 0.001 6.714
12 16 38.701 6.714
12 17 0.001 0.001
12 18 99.997 6.714
12 19 73.228 0.001
13 14 0.001 0.001
13 15 34.113 4.476
13 16 6.445 0.001
13 17 0.001 0.001
13 18 0.001 1.15
13 19 0.001 4.476
14 15 37.832 3.357
14 16 34.434 0.001
14 17 4.596 3.357
14 18 37.733 3.357
14 19 99.997 1.542
15 16 0.001 3.357
15 17 13.674 0.001
15 18 12.082 0.001
15 19 0.001 0.001
16 17 0.001 0.001
16 18 0.001 6.714
16 19 56.805 6.714
17 18 40.029 0.001
17 19 67.781 0.001
18 19 0.001 0.001