20
60
0 1 0.18 21.845
0 2 0.132 25.23
0 3 0.212 23.477
0 4 0.139 25.321
0 5 1.657 0.888
0 6 0.204 7.539
0 7 10.565 1.12
0 8 0.127 13.24
0 9 0.167 24.547
0 10 0.182 24.367
0 11 0.177 13.217
0 12 0.144 21.41
0 13 0.226 26.17
0 14 0.208 20.311
0 15 1.023 0.168
0 16 2.266 1.437
0 17 0.213 11.887
0 18 0.149 19.279
0 19 0.216 7.613
1 2 1.215 0.636
1 3 0.077 18.699
1 4 0.326 0.378
1 5 0.132 8.306
1 6 0.067 9.628
1 7 0.231 23.174
1 8 0.514 1.346
1 9 0.096 15.722
1 10 1.104 0.044
1 11 0.094 21.517
1 12 0.068 15.257
1 13 1.528 0.601
1 14 0.073 16.829
1 15 0.105 12.8
1 16 0.185 14.298
1 17 0.078 12.38
1 18 15.83 0.512
1 19 1.082 0.672
2 3 0.086 9.331
2 4 0.198 0.338
2 5 0.17 26.781
2 6 0.089 8.974
2 7 0.114 7.493
2 8 0.504 1.596
2 9 0.06 14.973
2 10 0.219 1.408
2 11 0.058 2.836
2 12 0.086 1.721
2 13 0.754 0.116
2 14 0.059 15.839
2 15 0.191 13.634
2 16 0.149 19.036
2 17 0.065 11.509
2 18 10.799 0.796
2 19 0.222 0.346
3 4 0.079 6.815
3 5 0.103 26.463
3 6 0.048 2.36
3 7 0.207 16.077
3 8 0.079 6.478
3 9 0.007 0.122
3 10 0.068 6.309
3 11 0.122 21.097
3 12 0.05 0.785
3 13 0.062 8.204
3 14 0.101 34.317
3 15 0.231 24.271
3 16 0.177 17.896
3 17 0.07 1.85
3 18 0.087 8.196
3 19 0.086 18.71
4 5 0.222 24.493
4 6 0.099 20.527
4 7 0.16 17.136
4 8 0.085 0.284
4 9 0.078 19.66
4 10 6.492 0.053
4 11 0.085 12.271
4 12 0.067 10.504
4 13 0.891 0.148
4 14 0.065 7.374
4 15 0.131 19.501
4 16 0.233 15.881
4 17 0.077 8.485
4 18 3.049 0.493
4 19 27.264 0.085
5 6 0.145 21.504
5 7 4.457 1.009
5 8 0.222 8.059
5 9 0.133 20.952
5 10 0.108 12.781
5 11 0.175 15.275
5 12 0.193 23.795
5 13 0.191 18.219
5 14 0.123 26.459
5 15 0.235 0.231
5 16 0.506 6.935
5 17 0.196 23.613
5 18 0.199 6.943
5 19 0.115 11.061
6 7 0.196 9.871
6 8 0.073 16.764
6 9 0.006 2.214
6 10 0.085 18.378
6 11 0.115 27.095
6 12 0.081 1.692
6 13 0.081 13.87
6 14 0.101 22.625
6 15 0.151 13.615
6 16 0.226 20.198
6 17 0.025 0.074
6 18 0.09 16.819
6 19 0.057 5.683
7 8 0.183 14.311
7 9 0.192 10.231
7 10 0.132 19.354
7 11 0.221 22.275
7 12 0.217 9.571
7 13 0.104 25.456
7 14 0.181 15.983
7 15 3.661 0.037
7 16 4.223 1.739
7 17 0.156 22.586
7 18 0.216 17.795
7 19 0.152 11.042
8 9 0.076 17.135
8 10 0.112 0.142
8 11 0.096 2.157
8 12 0.071 8.271
8 13 0.366 1.644
8 14 0.095 21.134
8 15 0.193 11.18
8 16 0.12 25.368
8 17 0.081 2.477
8 18 2.659 0.046
8 19 0.091 0.783
9 10 0.061 4.418
9 11 0.122 24.99
9 12 0.038 4.616
9 13 0.063 21.194
9 14 0.109 25.094
9 15 0.117 22.728
9 16 0.207 18.374
9 17 0.038 0.182
9 18 0.073 13.917
9 19 0.075 14.158
10 11 0.075 13.169
10 12 0.068 17.087
10 13 0.333 0.131
10 14 0.089 15.884
10 15 0.155 7.868
10 16 0.108 20.185
10 17 0.075 2.785
10 18 9.357 0.008
10 19 0.057 0.548
11 12 0.106 18.31
11 13 0.057 13.992
11 14 0.126 15.0
11 15 0.121 10.027
11 16 0.115 18.012
11 17 0.1 24.26
11 18 0.089 11.896
11 19 0.071 10.565
12 13 0.097 9.433
12 14 0.104 32.068
12 15 0.199 10.867
12 16 0.224 22.437
12 17 0.081 1.1
12 18 0.098 16.036
12 19 0.094 4.839
13 14 0.057 14.618
13 15 0.104 20.623
13 16 0.185 20.78
13 17 0.083 4.802
13 18 2.138 1.046
13 19 2.059 0.673
14 15 0.21 15.819
14 16 0.15 20.096
14 17 0.119 20.075
14 18 0.091 13.296
14 19 0.074 13.672
15 16 0.428 1.431
15 17 0.1 14.5
15 18 0.171 12.703
15 19 0.101 8.746
16 17 0.143 11.091
16 18 0.138 7.522
16 19 0.21 8.041
17 18 0.078 19.662
17 19 0.089 13.09
18 19 2.525 0.114