20
80.1
0 1 22.666 26.663
0 2 16.306 25.941
0 3 31.192 27.878
0 4 10.471 22.572
0 5 2.156 25.417
0 6 17.31 21.639
0 7 23.066 28.250
0 8 8.935 23.076
0 9 30.078 26.695
0 10 11.993 27.136
0 11 25.482 29.371
0 12 7.212 28.362
0 13 34.334 20.681
0 14 38.819 26.614
0 15 14.8 22.868
0 16 34.15 21.649
0 17 37.387 1.0
0 18 10.67 23.596
0 19 24.339 28.744
1 2 13.017 20.199
1 3 8.422 23.807
1 4 7.005 29.994
1 5 19.902 28.378
1 6 76.825 2.0
1 7 37.364 24.674
1 8 72.391 3.0
1 9 26.494 25.858
1 10 27.214 25.128
1 11 17.561 22.901
1 12 39.092 29.267
1 13 10.242 27.698
1 14 24.497 20.001
1 15 8.221 24.816
1 16 8.542 22.051
1 17 8.057 21.849
1 18 5.9 24.981
1 19 17.835 27.142
2 3 18.866 22.908
2 4 17.559 22.333
2 5 39.358 21.17
2 6 5.965 28.643
2 7 3.724 20.763
2 8 17.167 26.911
2 9 7.604 20.818
2 10 34.801 24.397
2 11 6.782 22.645
2 12 18.265 28.652
2 13 25.265 21.611
2 14 7.718 28.645
2 15 9.033 27.966
2 16 10.413 21.592
2 17 25.67 23.512
2 18 27.935 29.61
2 19 20.193 21.758
3 4 28.23 27.667
3 5 16.538 29.987
3 6 13.87 20.32
3 7 5.74 21.211
3 8 36.256 26.374
3 9 82.338 2.0
3 10 35.786 24.182
3 11 31.107 23.267
3 12 84.73 1.0
3 13 11.561 23.713
3 14 12.425 26.159
3 15 0.24 21.76
3 16 1.492 24.411
3 17 12.297 26.63
3 18 37.414 29.500
3 19 8.622 22.468
4 5 19.762 29.794
4 6 12.656 22.284
4 7 4.283 26.316
4 8 23.916 22.348
4 9 7.958 20.491
4 10 37.788 20.955
4 11 22.407 23.043
4 12 24.201 23.231
4 13 29.001 27.023
4 14 38.942 29.609
4 15 31.274 26.035
4 16 20.633 0.0
4 17 11.666 24.662
4 18 32.282 29.106
4 19 6.628 26.484
5 6 3.358 25.171
5 7 6.204 21.406
5 8 11.717 20.767
5 9 5.465 23.932
5 10 11.791 26.515
5 11 35.284 21.793
5 12 14.757 22.69
5 13 2.254 21.449
5 14 29.268 23.886
5 15 99.977 1.0
5 16 10.068 26.102
5 17 23.405 23.043
5 18 36.166 24.731
5 19 31.754 24.605
6 7 7.869 26.8
6 8 88.669 1.0
6 9 0.052 21.167
6 10 10.059 24.347
6 11 10.781 24.482
6 12 36.586 27.155
6 13 25.497 25.604
6 14 11.519 25.166
6 15 20.355 28.692
6 16 1.602 25.627
6 17 32.358 21.347
6 18 21.886 23.503
6 19 17.487 27.66
7 8 12.789 24.95
7 9 32.958 22.349
7 10 7.713 24.9
7 11 14.198 22.405
7 12 23.508 27.517
7 13 31.412 23.211
7 14 16.385 28.333
7 15 31.292 25.832
7 16 1.171 24.566
7 17 8.27 24.035
7 18 11.707 24.644
7 19 16.824 26.616
8 9 14.407 28.238
8 10 9.029 20.851
8 11 17.582 24.299
8 12 29.779 26.287
8 13 21.48 22.221
8 14 23.81 29.718
8 15 38.842 22.975
8 16 38.92 25.939
8 17 6.223 26.070
8 18 24.418 29.451
8 19 13.186 22.936
9 10 39.141 26.117
9 11 33.721 20.84
9 12 69.043 1.0
9 13 38.571 26.984
9 14 9.161 20.991
9 15 32.513 20.181
9 16 9.332 22.834
9 17 39.706 22.025
9 18 30.179 20.003
9 19 28.713 26.975
10 11 19.608 23.482
10 12 12.41 22.85
10 13 6.105 1.0
10 14 34.77 29.616
10 15 32.195 21.637
10 16 9.075 22.896
10 17 17.31 20.462
10 18 34.046 23.933
10 19 14.667 29.289
11 12 10.355 25.838
11 13 4.409 28.286
11 14 4.564 20.516
11 15 30.263 23.38
11 16 15.721 28.831
11 17 36.804 21.5
11 18 4.988 0.0
11 19 37.955 24.43
12 13 23.684 24.464
12 14 22.603 25.759
12 15 22.655 20.539
12 16 22.49 26.028
12 17 10.039 24.809
12 18 27.241 20.309
12 19 14.792 24.106
13 14 12.442 25.625
13 15 4.856 28.234
13 16 35.15 24.233
13 17 3.428 26.576
13 18 3.027 26.396
13 19 17.276 29.88
14 15 33.466 20.815
14 16 1.189 24.909
14 17 36.807 22.646
14 18 39.549 23.775
14 19 59.65 3.0
15 16 9.403 24.844
15 17 37.291 22.227
15 18 35.123 28.903
15 19 26.442 29.904
16 17 36.537 27.554
16 18 8.292 27.91
16 19 18.078 21.664
17 18 32.778 26.756
17 19 16.918 21.372
18 19 22.219 22.862