20
83.001
0 1 33.981 33.994
0 2 77.495 43.087
1 2 41.591 4.779
0 3 74.957 21.14
1 3 63.38 24.021
2 3 81.633 9.39
0 4 21.562 5.098
1 4 20.777 33.457
2 4 50.978 17.146
3 4 68.284 58.095
0 5 92.388 91.978
1 5 66.218 91.116
2 5 57.231 55.409
3 5 37.723 52.544
4 5 7.035 56.015
0 6 22.541 41.567
1 6 90.1 1.169
2 6 80.483 3.324
3 6 61.177 74.903
4 6 50.871 71.552
5 6 34.581 57.37
0 7 76.696 53.444
1 7 37.158 29.835
2 7 33.624 86.222
3 7 19.053 14.789
4 7 4.022 55.026
5 7 81.239 77.018
6 7 60.551 83.074
0 8 69.041 2.43
1 8 29.874 72.87
2 8 50.874 46.197
3 8 81.918 33.524
4 8 41.131 25.443
5 8 60.802 11.23
6 8 40.723 40.724
7 8 9.206 0.207
0 9 23.737 43.363
1 9 73.805 49.497
2 9 70.596 18.989
3 9 72.148 3.325
4 9 98.721 78.163
5 9 2.43 86.154
6 9 24.876 69.658
7 9 9.025 31.956
8 9 3.5 19.502
0 10 70.398 82.912
1 10 80.621 60.605
2 10 99.259 69.725
3 10 29.696 87.181
4 10 70.254 46.396
5 10 47.628 34.505
6 10 49.669 60.551
7 10 24.633 34.278
8 10 30.763 46.113
9 10 87.717 32.868
0 11 83.955 37.569
1 11 6.735 3.439
2 11 38.216 49.055
3 11 82.65 32.391
4 11 90.573 11.044
5 11 85.997 74.827
6 11 98.277 30.889
7 11 30.394 73.003
8 11 92.733 5.077
9 11 57.794 92.309
10 11 98.591 98.306
0 12 3.211 33.981
1 12 9.583 38.046
2 12 78.901 56.236
3 12 47.61 41.122
4 12 5.546 59.637
5 12 76.688 67.847
6 12 54.107 31.981
7 12 74.615 73.163
8 12 14.569 37.573
9 12 39.603 63.255
10 12 27.428 97.321
11 12 64.591 64.196
0 13 42.658 78.091
1 13 90.642 66.884
2 13 84.327 83.185
3 13 85.611 36.305
4 13 80.354 2.957
5 13 33.618 43.513
6 13 13.517 44.081
7 13 60.439 64.391
8 13 93.052 37.731
9 13 70.833 94.731
10 13 92.645 2.972
11 13 30.522 49.595
12 13 37.336 45.375
0 14 50.865 93.746
1 14 15.145 88.931
2 14 15.298 41.724
3 14 17.104 17.311
4 14 85.876 54.107
5 14 11.192 2.968
6 14 23.531 78.305
7 14 11.792 47.328
8 14 82.545 81.117
9 14 72.033 21.272
10 14 47.723 43.482
11 14 81.343 21.061
12 14 14.586 37.788
13 14 42.822 29.214
0 15 61.912 64.69
1 15 32.209 99.323
2 15 55.102 4.218
3 15 9.269 7.742
4 15 14.545 66.161
5 15 77.825 34.805
6 15 55.932 26.99
7 15 35.282 84.96
8 15 18.075 53.619
9 15 88.701 1.647
10 15 70.358 98.26
11 15 27.055 63.523
12 15 56.415 1.827
13 15 40.159 17.614
14 15 21.156 54.879
0 16 41.429 29.592
1 16 28.568 98.302
2 16 25.722 63.386
3 16 12.389 17.473
4 16 56.755 39.151
5 16 19.956 24.738
6 16 19.385 62.407
7 16 43.929 67.758
8 16 18.391 78.599
9 16 3.932 85.466
10 16 80.228 79.506
11 16 1.536 30.392
12 16 66.393 19.805
13 16 91.302 92.297
14 16 46.354 76.602
15 16 13.233 93.576
0 17 33.358 79.358
1 17 59.587 16.244
2 17 81.217 54.126
3 17 85.456 24.583
4 17 30.888 80.966
5 17 80.178 0.52
6 17 1.843 97.003
7 17 48.0 71.503
8 17 24.071 14.127
9 17 33.424 89.246
10 17 71.623 81.587
11 17 87.142 98.879
12 17 6.555 45.06
13 17 68.964 46.521
14 17 61.155 34.743
15 17 99.581 75.365
16 17 14.02 61.956
0 18 45.124 54.153
1 18 93.892 55.769
2 18 92.203 27.883
3 18 97.576 94.233
4 18 9.617 27.246
5 18 82.717 34.549
6 18 56.615 27.81
7 18 51.625 99.69
8 18 72.154 57.242
9 18 83.789 3.756
10 18 70.358 13.236
11 18 35.85 78.481
12 18 79.372 74.466
13 18 82.667 83.555
14 18 36.734 35.479
15 18 12.096 34.658
16 18 80.693 43.214
17 18 55.574 22.717
0 19 53.003 99.915
1 19 17.936 98.994
2 19 33.414 74.512
3 19 56.143 57.231
4 19 62.631 21.43
5 19 77.238 14.941
6 19 85.799 19.122
7 19 9.85 69.396
8 19 85.248 12.312
9 19 20.353 13.376
10 19 6.572 43.179
11 19 39.617 64.722
12 19 31.521 59.846
13 19 23.676 52.606
14 19 25.915 73.744
15 19 97.486 83.717
16 19 20.473 36.657
17 19 93.559 25.585
18 19 12.979 31.101