20
75
0 1 65.27 13.49
0 2 71.637 13.414
0 3 56.621 4.099
0 4 73.903 5.002
0 5 57.242 2.565
0 6 5.099 4.528
0 7 16.302 3.074
0 8 42.346 6.933
0 9 14.57 4.386
0 10 45.518 11.367
0 11 25.255 10.036
0 12 19.348 14.235
0 13 35.013 11.907
0 14 86.378 1.002
0 15 43.409 2.425
0 16 11.515 14.484
0 17 25.185 5.367
0 18 58.653 1.177
0 19 46.556 13.87
1 2 1.44 12.122
1 3 67.831 3.807
1 4 60.535 11.01
1 5 61.646 6.835
1 6 40.987 14.475
1 7 35.341 9.619
1 8 33.826 11.051
1 9 80.39 2.078
1 10 15.188 2.397
1 11 43.648 6.392
1 12 85.596 1.447
1 13 45.759 6.844
1 14 21.729 8.876
1 15 30.819 9.934
1 16 59.896 3.247
1 17 46.957 4.958
1 18 26.028 4.052
1 19 49.27 2.388
2 3 56.356 8.839
2 4 16.507 11.787
2 5 84.772 12.116
2 6 38.301 14.985
2 7 83.155 2.24
2 8 85.58 10.284
2 9 36.716 11.233
2 10 49.419 1.592
2 11 11.369 14.216
2 12 5.58 11.874
2 13 72.319 8.487
2 14 21.139 14.839
2 15 89.659 14.502
2 16 44.223 10.636
2 17 34.043 5.509
2 18 54.983 8.317
2 19 77.033 13.909
3 4 10.599 3.999
3 5 48.074 2.188
3 6 65.064 8.597
3 7 44.05 2.224
3 8 48.725 2.244
3 9 16.794 8.189
3 10 24.924 12.103
3 11 72.844 6.658
3 12 46.826 4.485
3 13 39.123 5.048
3 14 56.132 4.719
3 15 10.653 9.393
3 16 44.976 6.694
3 17 15.928 5.384
3 18 2.649 14.428
3 19 87.257 7.76
4 5 34.898 11.789
4 6 38.567 5.335
4 7 19.34 13.054
4 8 61.751 7.163
4 9 70.915 2.93
4 10 73.323 6.876
4 11 78.033 11.065
4 12 54.516 9.677
4 13 30.225 3.761
4 14 56.226 5.576
4 15 74.653 13.927
4 16 62.408 8.269
4 17 9.208 6.864
4 18 83.406 10.831
4 19 75.827 7.567
5 6 15.008 11.884
5 7 15.79 6.323
5 8 71.644 9.544
5 9 33.907 2.248
5 10 40.572 1.462
5 11 10.23 6.129
5 12 53.115 9.14
5 13 22.169 11.293
5 14 65.079 14.097
5 15 55.122 7.613
5 16 86.311 13.83
5 17 76.395 6.982
5 18 59.592 8.089
5 19 6.321 14.802
6 7 29.784 7.911
6 8 3.1 7.131
6 9 87.946 2.19
6 10 71.701 11.041
6 11 48.99 11.348
6 12 21.585 13.467
6 13 59.654 1.263
6 14 37.156 10.462
6 15 17.109 3.605
6 16 24.779 12.653
6 17 78.062 12.656
6 18 2.614 14.782
6 19 57.62 14.525
7 8 64.405 12.401
7 9 59.896 14.13
7 10 81.936 11.386
7 11 78.156 5.407
7 12 3.052 13.09
7 13 21.586 7.127
7 14 50.666 13.499
7 15 71.593 12.918
7 16 11.857 10.801
7 17 61.37 14.813
7 18 66.187 14.169
7 19 5.64 2.577
8 9 63.743 14.538
8 10 50.757 13.13
8 11 89.914 13.892
8 12 43.404 4.918
8 13 21.457 8.012
8 14 10.154 2.302
8 15 74.78 5.453
8 16 76.27 9.266
8 17 26.71 10.913
8 18 70.228 6.598
8 19 37.244 4.489
9 10 7.365 8.217
9 11 17.269 7.797
9 12 49.593 9.544
9 13 37.318 6.282
9 14 2.848 7.729
9 15 9.047 7.995
9 16 48.693 10.798
9 17 43.298 10.303
9 18 88.375 5.076
9 19 61.433 5.416
10 11 30.233 14.381
10 12 66.727 10.273
10 13 24.0 12.795
10 14 76.92 3.311
10 15 68.184 5.371
10 16 68.297 5.639
10 17 33.165 4.391
10 18 23.887 2.602
10 19 85.269 1.273
11 12 66.076 9.747
11 13 55.221 10.885
11 14 48.63 6.988
11 15 19.544 6.616
11 16 43.413 11.147
11 17 50.61 14.781
11 18 87.606 13.581
11 19 57.777 9.522
12 13 10.35 14.113
12 14 13.284 14.689
12 15 77.785 7.991
12 16 64.015 3.21
12 17 8.541 12.675
12 18 58.929 11.383
12 19 24.799 10.211
13 14 58.951 5.557
13 15 19.637 3.318
13 16 49.321 4.652
13 17 65.829 11.003
13 18 46.181 13.379
13 19 81.25 8.937
14 15 43.697 6.499
14 16 84.236 3.235
14 17 4.74 9.953
14 18 11.665 14.443
14 19 83.336 3.158
15 16 69.855 6.932
15 17 62.82 1.881
15 18 82.145 4.53
15 19 16.904 3.386
16 17 10.089 13.003
16 18 68.937 7.707
16 19 6.531 14.182
17 18 39.968 5.042
17 19 51.744 4.062
18 19 28.321 5.139