20
80
0 1 6.151 2.926
0 2 3.739 0.756
0 3 4.697 3.854
0 4 4.214 1.249
0 5 3.452 2.773
0 6 5.878 0.010
0 7 6.129 0.653
0 8 6.820 4.724
0 9 4.854 2.649
0 10 4.397 0.133
0 11 8.624 2.804
0 12 8.549 4.015
0 13 3.571 1.931
0 14 6.627 3.639
0 15 3.110 2.426
0 16 5.262 2.975
0 17 4.462 3.680
0 18 6.785 5.007
0 19 6.115 4.143
1 2 5.903 2.991
1 3 4.974 3.063
1 4 5.831 0.933
1 5 3.569 1.370
1 6 3.174 0.010
1 7 3.026 0.010
1 8 6.764 5.032
1 9 7.875 0.277
1 10 9.545 6.909
1 11 7.758 0.010
1 12 6.663 1.537
1 13 5.388 5.923
1 14 8.481 1.832
1 15 5.569 2.057
1 16 6.312 1.520
1 17 6.196 5.417
1 18 7.664 4.079
1 19 10.090 3.395
2 3 6.204 4.475
2 4 3.277 6.880
2 5 6.964 1.488
2 6 5.583 1.477
2 7 5.816 1.203
2 8 7.405 0.010
2 9 6.207 3.270
2 10 7.242 2.599
2 11 7.908 2.277
2 12 10.076 3.647
2 13 5.031 0.010
2 14 6.414 2.714
2 15 9.288 4.791
2 16 5.024 0.828
2 17 5.964 0.010
2 18 6.938 1.973
2 19 6.560 2.498
3 4 8.068 4.057
3 5 3.538 1.558
3 6 3.507 3.783
3 7 6.591 1.095
3 8 10.282 5.068
3 9 4.160 1.435
3 10 5.880 3.223
3 11 6.560 5.579
3 12 2.937 4.261
3 13 5.394 4.204
3 14 5.708 1.752
3 15 6.555 0.010
3 16 5.721 2.578
3 17 7.390 3.189
3 18 5.773 4.474
3 19 3.533 1.170
4 5 6.579 3.103
4 6 8.069 1.676
4 7 8.453 0.010
4 8 9.440 3.344
4 9 6.816 1.599
4 10 6.645 0.237
4 11 8.094 1.869
4 12 2.361 6.027
4 13 5.148 2.138
4 14 6.249 0.010
4 15 10.625 4.224
4 16 4.069 1.983
4 17 5.307 1.286
4 18 7.933 3.111
4 19 4.149 0.010
5 6 5.449 2.879
5 7 6.256 2.482
5 8 1.013 7.678
5 9 5.762 0.010
5 10 9.320 0.792
5 11 6.883 2.541
5 12 4.998 0.822
5 13 6.171 2.537
5 14 7.158 3.872
5 15 3.877 2.316
5 16 3.963 3.391
5 17 8.319 0.010
5 18 7.313 1.562
5 19 5.018 2.606
6 7 6.442 3.266
6 8 3.774 3.175
6 9 4.787 1.721
6 10 6.541 0.922
6 11 6.013 1.900
6 12 11.042 1.641
6 13 5.951 1.529
6 14 5.480 0.010
6 15 4.105 0.988
6 16 4.196 4.770
6 17 10.607 2.862
6 18 5.232 3.155
6 19 5.487 1.747
7 8 4.473 0.010
7 9 4.934 1.616
7 10 7.124 1.135
7 11 5.630 4.505
7 12 3.135 0.010
7 13 6.913 4.798
7 14 7.865 0.644
7 15 8.034 1.295
7 16 6.976 1.320
7 17 4.405 3.021
7 18 5.119 8.127
7 19 10.225 2.147
8 9 8.143 2.258
8 10 2.284 0.649
8 11 6.907 5.183
8 12 5.689 1.970
8 13 2.942 0.829
8 14 5.499 2.216
8 15 6.457 5.194
8 16 10.935 0.075
8 17 7.268 3.059
8 18 5.162 0.376
8 19 8.030 0.010
9 10 7.113 3.424
9 11 8.037 4.294
9 12 10.192 0.713
9 13 8.079 1.800
9 14 5.067 0.010
9 15 6.531 4.376
9 16 3.917 0.187
9 17 1.885 0.437
9 18 3.719 3.074
9 19 6.992 0.362
10 11 1.392 3.770
10 12 5.944 6.083
10 13 7.666 4.563
10 14 6.571 4.293
10 15 3.882 1.817
10 16 6.136 3.781
10 17 5.358 5.015
10 18 4.128 0.010
10 19 8.095 5.191
11 12 0.977 0.126
11 13 7.045 2.365
11 14 4.264 2.804
11 15 8.118 1.686
11 16 4.568 4.417
11 17 4.358 4.691
11 18 5.831 3.778
11 19 5.250 2.795
12 13 9.857 0.010
12 14 6.061 0.010
12 15 2.765 1.716
12 16 6.485 4.782
12 17 6.809 0.308
12 18 2.623 1.288
12 19 2.838 3.171
13 14 4.260 1.375
13 15 8.518 1.006
13 16 6.066 0.010
13 17 6.237 0.010
13 18 5.144 0.010
13 19 6.760 2.711
14 15 5.756 2.379
14 16 3.025 4.823
14 17 9.179 0.228
14 18 9.559 0.025
14 19 4.551 2.862
15 16 7.799 1.973
15 17 6.635 2.379
15 18 5.261 3.998
15 19 6.890 0.682
16 17 5.244 2.923
16 18 2.605 3.467
16 19 4.275 0.791
17 18 5.224 3.036
17 19 6.752 3.580
18 19 4.951 1.459
