20
34.522
0 1 9.477 0.349
0 2 11.161 10.788
0 3 27.254 3.41
0 4 40.667 3.242
0 5 2.545 6.808
0 6 11.342 0.313
0 7 22.475 0.404
0 8 20.086 10.788
0 9 10.605 2.901
0 10 33.064 2.107
0 11 0.404 0.334
0 12 24.668 5.79
0 13 14.002 6.533
0 14 27.655 2.931
0 15 17.899 0.442
0 16 2.65 8.264
0 17 24.327 2.594
0 18 20.707 0.482
0 19 38.4 0.475
1 2 7.089 0.317
1 3 15.101 2.765
1 4 37.752 2.829
1 5 43.172 8.147
1 6 71.334 0.247
1 7 44.33 0.184
1 8 35.175 0.317
1 9 17.287 2.262
1 10 24.435 2.5
1 11 42.072 0.265
1 12 43.692 4.545
1 13 39.701 7.359
1 14 40.447 2.826
1 15 60.965 0.247
1 16 32.635 8.615
1 17 23.499 3.053
1 18 67.551 0.301
1 19 65.89 0.179
2 3 25.535 3.441
2 4 8.241 3.073
2 5 15.33 8.057
2 6 48.287 0.472
2 7 0.32 0.378
2 8 3.571 10.788
2 9 28.285 3.188
2 10 45.977 3.081
2 11 38.206 0.507
2 12 23.789 4.747
2 13 23.879 8.287
2 14 36.286 2.981
2 15 19.219 0.483
2 16 11.053 4.786
2 17 19.583 2.388
2 18 14.135 0.433
2 19 28.358 0.461
3 4 91.828 1.28
3 5 36.502 8.034
3 6 6.783 3.045
3 7 33.574 2.391
3 8 14.933 2.866
3 9 4.531 2.809
3 10 69.239 2.045
3 11 47.927 2.906
3 12 24.395 4.559
3 13 39.626 7.674
3 14 32.08 2.522
3 15 4.686 3.053
3 16 14.286 6.657
3 17 16.718 2.876
3 18 27.342 3.441
3 19 20.169 2.461
4 5 9.273 8.18
4 6 5.577 2.132
4 7 27.747 3.344
4 8 37.852 2.64
4 9 44.31 2.739
4 10 63.934 0.986
4 11 7.072 2.186
4 12 18.481 5.482
4 13 0.821 6.893
4 14 43.644 3.263
4 15 28.389 2.445
4 16 35.892 5.945
4 17 44.865 3.333
4 18 8.151 2.58
4 19 35.932 3.215
5 6 43.57 6.432
5 7 22.117 8.183
5 8 35.653 5.957
5 9 2.036 5.999
5 10 34.934 7.095
5 11 17.822 5.258
5 12 78.422 4.314
5 13 33.965 8.186
5 14 42.73 7.646
5 15 14.529 4.593
5 16 4.998 8.314
5 17 37.727 4.726
5 18 32.791 8.422
5 19 36.483 6.865
6 7 82.528 0.159
6 8 20.995 0.427
6 9 37.221 2.359
6 10 9.764 2.057
6 11 41.777 0.215
6 12 9.218 8.385
6 13 9.034 5.108
6 14 18.669 3.121
6 15 52.216 0.205
6 16 11.438 8.035
6 17 16.196 2.913
6 18 99.619 0.29
6 19 63.803 0.177
7 8 16.496 0.475
7 9 20.996 3.11
7 10 23.651 2.337
7 11 58.893 0.243
7 12 20.107 8.409
7 13 34.449 7.126
7 14 46.666 2.031
7 15 93.058 0.126
7 16 29.578 4.723
7 17 26.603 2.151
7 18 54.258 0.311
7 19 68.978 0.162
8 9 0.842 3.066
8 10 8.193 2.31
8 11 14.945 0.387
8 12 43.941 8.542
8 13 46.08 5.131
8 14 14.27 2.702
8 15 28.819 0.342
8 16 27.362 7.181
8 17 40.337 2.785
8 18 5.397 0.322
8 19 22.18 0.435
9 10 7.798 3.312
9 11 48.532 3.252
9 12 43.412 5.229
9 13 38.903 7.518
9 14 57.989 1.928
9 15 48.006 2.938
9 16 32.517 6.485
9 17 58.646 0.971
9 18 26.797 2.996
9 19 28.442 2.276
10 11 43.562 2.12
10 12 6.973 8.025
10 13 7.181 6.221
10 14 0.395 3.072
10 15 44.46 2.568
10 16 30.27 6.792
10 17 10.131 2.432
10 18 16.442 3.115
10 19 49.934 2.786
11 12 12.922 5.27
11 13 17.375 5.505
11 14 34.795 2.066
11 15 61.275 0.19
11 16 30.537 8.625
11 17 12.291 2.368
11 18 91.466 0.124
11 19 80.921 0.169
12 13 21.362 8.272
12 14 34.632 6.006
12 15 28.464 7.693
12 16 42.644 7.207
12 17 10.978 6.204
12 18 32.238 8.118
12 19 11.882 6.344
13 14 12.104 7.983
13 15 25.974 4.34
13 16 74.654 4.314
13 17 31.484 5.017
13 18 13.854 4.951
13 19 1.746 7.333
14 15 18.628 2.678
14 16 7.559 4.605
14 17 65.305 1.413
14 18 0.894 2.807
14 19 46.972 3.182
15 16 11.257 6.663
15 17 26.454 3.169
15 18 81.389 0.167
15 19 93.483 0.215
16 17 46.318 7.238
16 18 17.769 7.722
16 19 21.879 4.915
17 18 37.121 2.317
17 19 49.668 2.602
18 19 88.008 0.119