20
78.234
0 1 9.751 56.154
0 2 29.72 11.831
0 3 13.676 44.514
0 4 33.123 84.423
0 5 40.916 16.466
0 6 38.452 54.599
0 7 36.497 86.797
0 8 37.881 33.98
0 9 17.341 20.669
0 10 36.097 29.517
0 11 24.327 44.387
0 12 40.287 79.147
0 13 23.883 23.484
0 14 42.039 93.397
0 15 26.26 95.637
0 16 23.115 36.613
0 17 93.676 2.916
0 18 5.372 34.44
0 19 76.876 0.201
1 2 33.388 86.291
1 3 21.42 56.389
1 4 20.923 54.182
1 5 2.821 92.895
1 6 35.277 49.927
1 7 9.032 35.218
1 8 3.781 64.812
1 9 31.637 14.179
1 10 17.467 75.1
1 11 21.677 93.807
1 12 16.86 97.198
1 13 28.545 51.331
1 14 36.52 78.119
1 15 17.164 62.435
1 16 14.572 3.614
1 17 17.04 26.815
1 18 28.587 90.682
1 19 2.444 36.712
2 3 42.333 42.69
2 4 39.739 49.325
2 5 33.374 68.589
2 6 0.923 86.103
2 7 41.655 59.489
2 8 38.87 19.991
2 9 32.142 58.388
2 10 27.826 6.704
2 11 63.615 0.884
2 12 42.657 63.168
2 13 15.112 86.57
2 14 28.72 72.477
2 15 11.719 70.888
2 16 31.268 29.08
2 17 8.985 53.236
2 18 33.373 24.193
2 19 6.873 91.866
3 4 23.931 77.062
3 5 39.087 32.097
3 6 46.556 17.733
3 7 5.015 51.512
3 8 27.87 31.66
3 9 23.662 46.852
3 10 82.162 0.288
3 11 24.178 33.916
3 12 44.518 58.694
3 13 23.423 88.659
3 14 20.196 18.102
3 15 42.554 32.556
3 16 41.668 43.611
3 17 17.389 68.923
3 18 17.785 24.394
3 19 8.716 93.179
4 5 42.962 61.585
4 6 18.586 98.358
4 7 26.054 31.774
4 8 24.137 92.968
4 9 39.741 51.352
4 10 35.113 58.678
4 11 21.186 94.904
4 12 1.602 17.034
4 13 28.535 35.857
4 14 3.899 35.984
4 15 37.516 17.995
4 16 4.343 30.303
4 17 48.364 54.951
4 18 21.546 7.675
4 19 7.203 45.614
5 6 43.273 65.16
5 7 6.696 59.98
5 8 44.967 82.77
5 9 33.202 36.769
5 10 38.029 69.68
5 11 37.066 48.922
5 12 46.037 49.987
5 13 36.466 7.209
5 14 73.698 0.754
5 15 47.792 31.603
5 16 13.803 65.686
5 17 22.119 82.42
5 18 23.095 55.405
5 19 27.281 77.182
6 7 47.519 12.462
6 8 84.005 0.644
6 9 40.144 90.47
6 10 34.959 24.2
6 11 42.101 78.549
6 12 25.867 28.305
6 13 45.866 15.439
6 14 34.555 90.175
6 15 42.882 20.747
6 16 12.519 59.206
6 17 37.704 69.871
6 18 29.34 85.24
6 19 25.876 79.465
7 8 43.542 7.914
7 9 38.381 54.505
7 10 15.071 54.394
7 11 17.12 72.021
7 12 11.832 59.042
7 13 44.803 36.214
7 14 41.743 58.486
7 15 4.648 11.157
7 16 43.209 34.424
7 17 9.887 20.026
7 18 12.896 84.238
7 19 20.468 43.572
8 9 34.487 6.516
8 10 3.745 67.233
8 11 8.931 29.153
8 12 1.541 93.845
8 13 34.502 78.139
8 14 33.079 0.9
8 15 10.201 59.404
8 16 46.367 1.029
8 17 48.566 56.777
8 18 12.204 80.507
8 19 42.949 13.018
9 10 29.498 35.656
9 11 12.37 57.366
9 12 44.5 79.276
9 13 80.237 0.331
9 14 36.949 13.51
9 15 19.505 18.838
9 16 41.313 53.687
9 17 45.315 64.472
9 18 96.606 1.084
9 19 28.228 75.203
10 11 42.693 64.535
10 12 17.623 69.684
10 13 37.092 37.499
10 14 19.328 9.349
10 15 11.367 61.482
10 16 33.693 52.039
10 17 3.738 9.889
10 18 37.277 2.693
10 19 2.306 46.752
11 12 30.997 77.983
11 13 8.561 77.829
11 14 33.617 79.858
11 15 43.241 79.346
11 16 44.099 38.665
11 17 46.184 57.106
11 18 46.022 8.257
11 19 8.936 9.265
12 13 0.472 13.087
12 14 22.177 8.578
12 15 40.033 12.344
12 16 40.897 70.676
12 17 0.063 47.695
12 18 12.177 31.704
12 19 7.042 87.448
13 14 26.921 55.643
13 15 10.502 39.201
13 16 22.882 1.083
13 17 27.141 13.626
13 18 51.478 0.505
13 19 38.708 53.264
14 15 14.032 19.244
14 16 17.949 58.696
14 17 20.689 66.405
14 18 42.502 68.361
14 19 11.304 47.594
15 16 32.344 25.957
15 17 1.203 12.183
15 18 38.556 50.927
15 19 22.315 41.992
16 17 12.812 0.399
16 18 27.127 36.466
16 19 9.724 29.666
17 18 13.635 45.378
17 19 64.308 0.04
18 19 35.686 6.99