20
90
0 1 6.250 2.000
0 2 0.500 5.000
0 3 0.250 13.250
0 4 2.672 2.605
0 5 13.250 11.500
0 6 0.750 4.750
0 7 2.625 1.875
0 8 13.250 11.500
0 9 2.000 2.375
0 10 13.250 11.500
0 11 13.250 11.500
0 12 13.250 11.500
0 13 13.250 11.500
0 14 13.250 11.500
0 15 13.250 11.500
0 16 13.250 11.500
0 17 13.250 11.500
0 18 13.250 11.500
0 19 13.250 11.500
1 2 5.173 4.855
1 3 0.250 13.250
1 4 1.750 6.250
1 5 0.500 8.000
1 6 5.125 4.825
1 7 1.250 8.750
1 8 0.500 8.000
1 9 1.750 6.250
1 10 13.250 11.500
1 11 13.250 11.500
1 12 13.250 11.500
1 13 13.250 11.500
1 14 13.250 11.500
1 15 13.250 11.500
1 16 13.250 11.500
1 17 13.250 11.500
1 18 13.250 11.500
1 19 13.250 11.500
2 3 7.500 3.000
2 4 1.500 13.250
2 5 1.250 13.250
2 6 5.750 5.250
2 7 2.000 13.250
2 8 1.000 13.250
2 9 0.500 13.250
2 10 13.250 11.500
2 11 13.250 11.500
2 12 13.250 11.500
2 13 13.250 11.500
2 14 13.250 11.500
2 15 13.250 11.500
2 16 13.250 11.500
2 17 13.250 11.500
2 18 13.250 11.500
2 19 13.250 11.500
3 4 0.172 13.250
3 5 5.250 5.000
3 6 0.500 13.250
3 7 0.500 13.250
3 8 4.500 4.750
3 9 0.500 13.250
3 10 13.250 11.500
3 11 13.250 11.500
3 12 13.250 11.500
3 13 13.250 11.500
3 14 13.250 11.500
3 15 13.250 11.500
3 16 13.250 11.500
3 17 13.250 11.500
3 18 13.250 11.500
3 19 13.250 11.500
4 5 13.250 11.500
4 6 13.250 11.500
4 7 2.625 2.450
4 8 13.250 11.500
4 9 2.875 3.000
4 10 13.250 11.500
4 11 13.250 11.500
4 12 13.250 11.500
4 13 13.250 11.500
4 14 13.250 11.500
4 15 13.250 11.500
4 16 13.250 11.500
4 17 13.250 11.500
4 18 13.250 11.500
4 19 13.250 11.500
5 6 13.250 11.500
5 7 13.250 11.500
5 8 5.125 5.075
5 9 13.250 11.500
5 10 13.250 11.500
5 11 13.250 11.500
5 12 13.250 11.500
5 13 13.250 11.500
5 14 13.250 11.500
5 15 13.250 11.500
5 16 13.250 11.500
5 17 13.250 11.500
5 18 13.250 11.500
5 19 13.250 11.500
6 7 13.250 11.500
6 8 13.250 11.500
6 9 13.250 11.500
6 10 13.250 11.500
6 11 13.250 11.500
6 12 13.250 11.500
6 13 13.250 11.500
6 14 13.250 11.500
6 15 13.250 11.500
6 16 13.250 11.500
6 17 13.250 11.500
6 18 13.250 11.500
6 19 13.250 11.500
7 8 13.250 11.500
7 9 2.500 2.625
7 10 13.250 11.500
7 11 13.250 11.500
7 12 13.250 11.500
7 13 13.250 11.500
7 14 13.250 11.500
7 15 13.250 11.500
7 16 13.250 11.500
7 17 13.250 11.500
7 18 13.250 11.500
7 19 13.250 11.500
8 9 13.250 11.500
8 10 13.250 11.500
8 11 13.250 11.500
8 12 13.250 11.500
8 13 13.250 11.500
8 14 13.250 11.500
8 15 13.250 11.500
8 16 13.250 11.500
8 17 13.250 11.500
8 18 13.250 11.500
8 19 13.250 11.500
9 10 13.250 11.500
9 11 13.250 11.500
9 12 13.250 11.500
9 13 13.250 11.500
9 14 13.250 11.500
9 15 13.250 11.500
9 16 13.250 11.500
9 17 13.250 11.500
9 18 13.250 11.500
9 19 13.250 11.500
10 11 6.250 2.000
10 12 0.500 5.000
10 13 0.250 13.250
10 14 2.672 2.605
10 15 13.250 11.500
10 16 0.750 4.750
10 17 2.625 1.875
10 18 13.250 11.500
10 19 2.000 2.375
11 12 5.173 4.855
11 13 0.250 13.250
11 14 1.750 6.250
11 15 0.500 8.000
11 16 5.125 4.825
11 17 1.250 8.750
11 18 0.500 8.000
11 19 1.750 6.250
12 13 7.500 3.000
12 14 1.500 13.250
12 15 1.250 13.250
12 16 5.750 5.250
12 17 2.000 13.250
12 18 1.000 13.250
12 19 0.500 13.250
13 14 0.172 13.250
13 15 5.250 5.000
13 16 0.500 13.250
13 17 0.500 13.250
13 18 4.500 4.750
13 19 0.500 13.250
14 15 13.250 11.500
14 16 13.250 11.500
14 17 2.625 2.450
14 18 13.250 11.500
14 19 2.875 3.000
15 16 13.250 11.500
15 17 13.250 11.500
15 18 5.125 5.075
15 19 13.250 11.500
16 17 13.250 11.500
16 18 13.250 11.500
16 19 13.250 11.500
17 18 13.250 11.500
17 19 2.500 2.625
18 19 13.250 11.500
