20
99.99
0 1 9 0.152
0 2 9 0.223
0 3 9 0.257
0 4 9 0.095
0 5 9 0.342
0 6 4 0.371
0 7 4 0.309
0 8 4 0.308
0 9 4 0.351
0 10 4 0.26
0 11 4 0.295
0 12 4 0.155
0 13 5 0.322
0 14 5 0.065
0 15 20 0.311
0 16 20 0.165
0 17 20 0.105
0 18 20 0.221
0 19 20 0.042
1 2 9 0.033
1 3 9 0.302
1 4 9 0.21
1 5 9 0.271
1 6 9 0.158
1 7 4 0.155
1 8 4 0.119
1 9 4 0.278
1 10 4 0.309
1 11 4 0.27
1 12 4 0.169
1 13 4 0.285
1 14 5 0.283
1 15 5 0.025
1 16 20 0.322
1 17 20 0.151
1 18 20 0.221
1 19 20 0.252
2 3 20 0.081
2 4 9 0.181
2 5 9 0.359
2 6 9 0.178
2 7 9 0.366
2 8 9 0.076
2 9 4 0.025
2 10 4 0.396
2 11 4 0.092
2 12 4 0.228
2 13 4 0.077
2 14 4 0.304
2 15 4 0.082
2 16 5 0.236
2 17 5 0.043
2 18 20 0.036
2 19 20 0.194
3 4 20 0.346
3 5 20 0.116
3 6 20 0.368
3 7 9 0.328
3 8 9 0.168
3 9 9 0.195
3 10 9 0.392
3 11 9 0.285
3 12 4 0.009
3 13 4 0.275
3 14 4 0.375
3 15 4 0.042
3 16 4 0.12
3 17 4 0.1
3 18 4 0.344
3 19 5 0.11
4 5 5 0.031
4 6 20 0.24
4 7 20 0.228
4 8 20 0.185
4 9 20 0.345
4 10 20 0.326
4 11 9 0.112
4 12 9 0.059
4 13 9 0.395
4 14 9 0.16
4 15 9 0.153
4 16 4 0.067
4 17 4 0.28
4 18 4 0.002
4 19 4 0.303
5 6 4 0.187
5 7 4 0.271
5 8 4 0.24
5 9 5 0.085
5 10 5 0.152
5 11 20 0.091
5 12 20 0.105
5 13 20 0.323
5 14 20 0.301
5 15 20 0.326
5 16 9 0.283
5 17 9 0.336
5 18 9 0.105
5 19 9 0.265
6 7 9 0.053
6 8 4 0.258
6 9 4 0.223
6 10 4 0.33
6 11 4 0.139
6 12 4 0.355
6 13 4 0.27
6 14 4 0.048
6 15 5 0.157
6 16 5 0.313
6 17 20 0.315
6 18 20 0.317
6 19 20 0.108
7 8 20 0.1
7 9 20 0.323
7 10 9 0.253
7 11 9 0.072
7 12 9 0.247
7 13 9 0.2
7 14 9 0.114
7 15 4 0.231
7 16 4 0.324
7 17 4 0.144
7 18 4 0.4
7 19 4 0.136
8 9 4 0.385
8 10 4 0.174
8 11 5 0.112
8 12 5 0.055
8 13 20 0.261
8 14 20 0.317
8 15 20 0.374
8 16 20 0.14
8 17 20 0.273
8 18 9 0.112
8 19 9 0.245
9 10 9 0.38
9 11 9 0.238
9 12 9 0.048
9 13 4 0.166
9 14 4 0.01
9 15 4 0.28
9 16 4 0.288
9 17 4 0.162
9 18 4 0.272
9 19 4 0.21
10 11 5 0.351
10 12 5 0.38
10 13 20 0.221
10 14 20 0.385
10 15 20 0.01
10 16 20 0.394
10 17 20 0.226
10 18 9 0.016
10 19 9 0.304
11 12 9 0.267
11 13 9 0.279
11 14 9 0.372
11 15 4 0.382
11 16 4 0.344
11 17 4 0.33
11 18 4 0.294
11 19 4 0.112
12 13 4 0.358
12 14 4 0.346
12 15 5 0.105
12 16 5 0.084
12 17 20 0.18
12 18 20 0.167
12 19 20 0.105
13 14 20 0.029
13 15 20 0.36
13 16 9 0.224
13 17 9 0.213
13 18 9 0.067
13 19 9 0.034
14 15 9 0.202
14 16 4 0.233
14 17 4 0.397
14 18 4 0.094
14 19 4 0.093
15 16 4 0.34
15 17 4 0.246
15 18 4 0.312
15 19 5 0.064
16 17 5 0.321
16 18 20 0.053
16 19 20 0.389
17 18 20 0.308
17 19 20 0.383
18 19 20 0.223
