20
72
0 1 99.999 7.3
0 2 99.999 7.3
0 3 99.999 7.3
0 4 1 4
0 5 1 4
0 6 99.999 7.3
0 7 99.999 7.3
0 8 99.999 7.3
0 9 99.999 7.3
0 10 99.999 7.3
0 11 99.999 7.3
0 12 99.999 7.3
0 13 99.999 7.3
0 14 99.999 7.3
0 15 99.999 7.3
0 16 99.999 7.3
0 17 99.999 7.3
0 18 99.999 7.3
0 19 99.999 7.3
1 2 1 2
1 3 99.999 7.3
1 4 99.999 7.3
1 5 99.999 7.3
1 6 1 2
1 7 99.999 7.3
1 8 99.999 7.3
1 9 1 2
1 10 99.999 7.3
1 11 99.999 7.3
1 12 99.999 7.3
1 13 99.999 7.3
1 14 99.999 7.3
1 15 99.999 7.3
1 16 99.999 7.3
1 17 99.999 7.3
1 18 99.999 7.3
1 19 99.999 7.3
2 3 99.999 7.3
2 4 99.999 7.3
2 5 99.999 7.3
2 6 1 2
2 7 99.999 7.3
2 8 99.999 7.3
2 9 1 2
2 10 99.999 7.3
2 11 99.999 7.3
2 12 99.999 7.3
2 13 99.999 7.3
2 14 99.999 7.3
2 15 99.999 7.3
2 16 99.999 7.3
2 17 99.999 7.3
2 18 99.999 7.3
2 19 99.999 7.3
3 4 99.999 7.3
3 5 99.999 7.3
3 6 99.999 7.3
3 7 1 4
3 8 1 4
3 9 99.999 7.3
3 10 99.999 7.3
3 11 99.999 7.3
3 12 99.999 7.3
3 13 99.999 7.3
3 14 99.999 7.3
3 15 99.999 7.3
3 16 99.999 7.3
3 17 99.999 7.3
3 18 99.999 7.3
3 19 99.999 7.3
4 5 1 4
4 6 99.999 7.3
4 7 99.999 7.3
4 8 99.999 7.3
4 9 99.999 7.3
4 10 99.999 7.3
4 11 99.999 7.3
4 12 99.999 7.3
4 13 99.999 7.3
4 14 99.999 7.3
4 15 99.999 7.3
4 16 99.999 7.3
4 17 99.999 7.3
4 18 99.999 7.3
4 19 99.999 7.3
5 6 99.999 7.3
5 7 99.999 7.3
5 8 99.999 7.3
5 9 99.999 7.3
5 10 99.999 7.3
5 11 99.999 7.3
5 12 99.999 7.3
5 13 99.999 7.3
5 14 99.999 7.3
5 15 99.999 7.3
5 16 99.999 7.3
5 17 99.999 7.3
5 18 99.999 7.3
5 19 99.999 7.3
6 7 99.999 7.3
6 8 99.999 7.3
6 9 1 2
6 10 99.999 7.3
6 11 99.999 7.3
6 12 99.999 7.3
6 13 99.999 7.3
6 14 99.999 7.3
6 15 99.999 7.3
6 16 99.999 7.3
6 17 99.999 7.3
6 18 99.999 7.3
6 19 99.999 7.3
7 8 1 4
7 9 99.999 7.3
7 10 99.999 7.3
7 11 99.999 7.3
7 12 99.999 7.3
7 13 99.999 7.3
7 14 99.999 7.3
7 15 99.999 7.3
7 16 99.999 7.3
7 17 99.999 7.3
7 18 99.999 7.3
7 19 99.999 7.3
8 9 99.999 7.3
8 10 99.999 7.3
8 11 99.999 7.3
8 12 99.999 7.3
8 13 99.999 7.3
8 14 99.999 7.3
8 15 99.999 7.3
8 16 99.999 7.3
8 17 99.999 7.3
8 18 99.999 7.3
8 19 99.999 7.3
9 10 99.999 7.3
9 11 99.999 7.3
9 12 99.999 7.3
9 13 99.999 7.3
9 14 99.999 7.3
9 15 99.999 7.3
9 16 99.999 7.3
9 17 99.999 7.3
9 18 99.999 7.3
9 19 99.999 7.3
10 11 99.999 7.3
10 12 99.999 7.3
10 13 99.999 7.3
10 14 1 4
10 15 1 4
10 16 99.999 7.3
10 17 99.999 7.3
10 18 99.999 7.3
10 19 99.999 7.3
11 12 1 2
11 13 99.999 7.3
11 14 99.999 7.3
11 15 99.999 7.3
11 16 1 2
11 17 99.999 7.3
11 18 99.999 7.3
11 19 1 2
12 13 99.999 7.3
12 14 99.999 7.3
12 15 99.999 7.3
12 16 1 2
12 17 99.999 7.3
12 18 99.999 7.3
12 19 1 2
13 14 99.999 7.3
13 15 99.999 7.3
13 16 99.999 7.3
13 17 1 4
13 18 1 4
13 19 99.999 7.3
14 15 1 4
14 16 99.999 7.3
14 17 99.999 7.3
14 18 99.999 7.3
14 19 99.999 7.3
15 16 99.999 7.3
15 17 99.999 7.3
15 18 99.999 7.3
15 19 99.999 7.3
16 17 99.999 7.3
16 18 99.999 7.3
16 19 1 2
17 18 1 4
17 19 99.999 7.3
18 19 99.999 7.3
