20
98
0 1 1.952 5.142
0 2 1.4 2.524
0 3 9.472 1.303
0 4 6.247 5.782
0 5 1.983 3.057
0 6 6.808 5.233
0 7 6.333 3.462
0 8 9.236 3.886
0 9 9.6 1.248
0 10 3.874 2.986
0 11 4.977 3.425
0 12 1.231 1.949
0 13 9.501 1.469
0 14 4.972 5.241
0 15 2.504 5.563
0 16 7.87 5.029
0 17 9.481 1.239
0 18 9.477 1.371
0 19 9.639 1.235
1 2 9.672 1.233
1 3 7.726 4.631
1 4 9.491 1.317
1 5 9.944 2.64
1 6 9.484 1.238
1 7 9.443 1.364
1 8 6.443 2.524
1 9 1.2 4.512
1 10 9.535 1.268
1 11 4.071 4.227
1 12 5.006 1.96
1 13 1.694 5.574
1 14 5.658 3.458
1 15 9.112 1.446
1 16 6.663 4.05
1 17 1.352 5.025
1 18 9.366 3.269
1 19 5.538 3.798
2 3 8.6 4.142
2 4 9.022 1.337
2 5 4.636 4.188
2 6 9.016 1.223
2 7 9.637 1.37
2 8 8.723 2.227
2 9 1.18 3.199
2 10 9.802 1.327
2 11 9.025 3.068
2 12 6.33 2.024
2 13 5.912 3.728
2 14 8.973 3.329
2 15 9.174 1.259
2 16 1.958 5.052
2 17 5.915 2.174
2 18 3.749 5.424
2 19 9.463 4.821
3 4 8.858 3.073
3 5 6.598 2.439
3 6 7.164 4.558
3 7 5.807 5.111
3 8 4.237 3.71
3 9 9.11 1.453
3 10 3.777 2.271
3 11 1.479 3.627
3 12 3.824 3.052
3 13 9.54 1.357
3 14 7.286 3.132
3 15 1.763 4.066
3 16 5.192 4.319
3 17 9.637 1.225
3 18 9.957 1.374
3 19 9.678 1.404
4 5 3.768 5.899
4 6 9.372 1.332
4 7 9.236 1.215
4 8 7.337 3.434
4 9 6.726 4.182
4 10 9.103 1.243
4 11 7.978 2.45
4 12 3.955 3.554
4 13 6.404 5.591
4 14 6.544 5.021
4 15 9.33 1.472
4 16 1.578 4.827
4 17 5.903 5.837
4 18 4.378 3.328
4 19 9.334 5.938
5 6 2.721 3.935
5 7 5.756 5.632
5 8 9.325 1.927
5 9 2.441 1.91
5 10 1.421 4.865
5 11 9.723 1.898
5 12 9.61 1.811
5 13 8.011 3.21
5 14 9.535 1.913
5 15 6.102 3.588
5 16 9.126 1.964
5 17 4.318 4.181
5 18 7.529 3.5
5 19 1.472 5.912
6 7 9.382 1.201
6 8 4.527 2.863
6 9 1.006 3.401
6 10 9.249 1.483
6 11 9.039 3.194
6 12 6.535 4.34
6 13 3.566 5.193
6 14 4.948 5.634
6 15 9.638 1.236
6 16 3.753 5.267
6 17 4.59 4.245
6 18 3.753 3.552
6 19 3.992 4.206
7 8 5.713 4.664
7 9 3.492 4.47
7 10 9.641 1.463
7 11 9.66 2.11
7 12 1.862 3.641
7 13 2.759 3.669
7 14 3.784 3.451
7 15 9.832 1.206
7 16 2.169 3.335
7 17 4.295 3.477
7 18 4.899 2.698
7 19 9.635 2.41
8 9 6.947 3.282
8 10 2.436 5.429
8 11 9.2 1.892
8 12 9.177 1.894
8 13 7.059 3.073
8 14 9.791 1.803
8 15 8.736 2.278
8 16 9.215 1.841
8 17 7.699 3.08
8 18 5.68 5.636
8 19 1.578 2.344
9 10 3.059 2.006
9 11 3.525 5.495
9 12 7.575 5.646
9 13 9.999 1.266
9 14 1.206 2.225
9 15 5.411 3.49
9 16 4.69 2.876
9 17 9.455 1.461
9 18 9.053 1.242
9 19 9.028 1.397
10 11 3.004 3.141
10 12 6.244 2.884
10 13 8.591 3.564
10 14 3.156 5.751
10 15 9.888 1.368
10 16 3.875 5.319
10 17 6.556 2.072
10 18 4.494 2.209
10 19 9.803 5.829
11 12 9.665 1.806
11 13 6.341 5.634
11 14 9.552 1.821
11 15 3.116 1.963
11 16 9.353 1.944
11 17 3.018 3.234
11 18 5.623 2.463
11 19 7.793 4.811
12 13 9.198 2.013
12 14 9.409 1.92
12 15 1.245 5.251
12 16 9.454 1.962
12 17 2.222 5.82
12 18 2.055 3.997
12 19 7.484 4.136
13 14 9.214 4.011
13 15 9.206 3.038
13 16 2.216 2.774
13 17 9.681 1.481
13 18 9.317 1.361
13 19 9.578 1.431
14 15 3.919 3.12
14 16 9.021 1.957
14 17 9.133 3.078
14 18 2.268 2.765
14 19 5.261 4.572
15 16 3.155 3.817
15 17 7.726 4.177
15 18 9.395 4.835
15 19 4.991 5.365
16 17 2.677 4.618
16 18 2.99 4.763
16 19 6.507 4.118
17 18 9.169 1.267
17 19 9.765 1.284
18 19 9.533 1.467