20
99
0 1 10 1
0 2 10 1
0 3 1 10
0 4 1 10
0 5 1 10
0 6 1 10
0 7 1 10
0 8 1 10
0 9 1 10
0 10 1 10
0 11 1 10
0 12 1 10
0 13 1 10
0 14 1 10
0 15 1 10
0 16 1 10
0 17 1 10
0 18 1 10
0 19 10 1
1 2 10 1
1 3 1 10
1 4 1 10
1 5 1 10
1 6 1 10
1 7 1 10
1 8 1 10
1 9 1 10
1 10 1 10
1 11 1 10
1 12 1 10
1 13 1 10
1 14 1 10
1 15 1 10
1 16 1 10
1 17 1 10
1 18 1 10
1 19 10 1
2 3 1 10
2 4 1 10
2 5 1 10
2 6 1 10
2 7 1 10
2 8 1 10
2 9 1 10
2 10 1 10
2 11 1 10
2 12 1 10
2 13 1 10
2 14 1 10
2 15 1 10
2 16 1 10
2 17 1 10
2 18 1 10
2 19 10 1
3 4 1 10
3 5 1 10
3 6 1 10
3 7 1 10
3 8 1 10
3 9 1 10
3 10 1 10
3 11 1 10
3 12 1 10
3 13 1 10
3 14 1 10
3 15 1 10
3 16 1 10
3 17 1 10
3 18 1 10
3 19 1 10
4 5 1 10
4 6 10 1
4 7 10 1
4 8 1 10
4 9 10 1
4 10 1 10
4 11 1 10
4 12 1 10
4 13 1 10
4 14 1 10
4 15 1 10
4 16 1 10
4 17 1 10
4 18 1 10
4 19 1 10
5 6 1 10
5 7 1 10
5 8 1 10
5 9 1 10
5 10 1 10
5 11 1 10
5 12 10 1
5 13 1 10
5 14 1 10
5 15 1 10
5 16 10 1
5 17 10 1
5 18 1 10
5 19 1 10
6 7 10 1
6 8 1 10
6 9 10 1
6 10 1 10
6 11 1 10
6 12 1 10
6 13 1 10
6 14 1 10
6 15 1 10
6 16 1 10
6 17 1 10
6 18 1 10
6 19 1 10
7 8 1 10
7 9 10 1
7 10 1 10
7 11 1 10
7 12 1 10
7 13 1 10
7 14 1 10
7 15 1 10
7 16 1 10
7 17 1 10
7 18 1 10
7 19 1 10
8 9 1 10
8 10 1 10
8 11 10 1
8 12 1 10
8 13 10 1
8 14 1 10
8 15 1 10
8 16 1 10
8 17 1 10
8 18 1 10
8 19 1 10
9 10 1 10
9 11 1 10
9 12 1 10
9 13 1 10
9 14 1 10
9 15 1 10
9 16 1 10
9 17 1 10
9 18 1 10
9 19 1 10
10 11 1 10
10 12 1 10
10 13 1 10
10 14 1 10
10 15 10 1
10 16 1 10
10 17 1 10
10 18 10 1
10 19 1 10
11 12 1 10
11 13 10 1
11 14 1 10
11 15 1 10
11 16 1 10
11 17 1 10
11 18 1 10
11 19 1 10
12 13 1 10
12 14 1 10
12 15 1 10
12 16 10 1
12 17 10 1
12 18 1 10
12 19 1 10
13 14 1 10
13 15 1 10
13 16 1 10
13 17 1 10
13 18 1 10
13 19 1 10
14 15 1 10
14 16 1 10
14 17 1 10
14 18 1 10
14 19 1 10
15 16 1 10
15 17 1 10
15 18 10 1
15 19 1 10
16 17 10 1
16 18 1 10
16 19 1 10
17 18 1 10
17 19 1 10
18 19 1 10