20
90
0 1 9.069 2.865
0 2 2.177 4.323
0 3 7.506 0.194
0 4 18.494 2.907
0 5 6.674 4.706
0 6 3.731 0.612
0 7 4.171 1.127
0 8 1.31 4.341
0 9 11.618 2.711
0 10 9.333 0.417
0 11 6.712 3.114
0 12 4.222 2.844
0 13 14.194 2.696
0 14 8.819 4.233
0 15 7.763 2.947
0 16 8.622 2.849
0 17 3.849 0.906
0 18 3.107 0.608
0 19 5.73 2.062
1 2 2.135 1.105
1 3 6.077 3.728
1 4 5.261 1.132
1 5 10.587 1.418
1 6 2.857 1.181
1 7 1.608 1.362
1 8 4.497 1.182
1 9 6.91 0.354
1 10 2.037 0.045
1 11 18.602 0.158
1 12 2.801 1.219
1 13 6.211 0.202
1 14 8.549 1.256
1 15 13.965 1.494
1 16 2.806 1.124
1 17 2.864 3.385
1 18 6.77 0.424
1 19 17.362 1.765
2 3 3.758 1.029
2 4 5.05 0.693
2 5 0.958 3.811
2 6 9.708 3.934
2 7 1.12 2.374
2 8 2.173 0.193
2 9 7.071 1.738
2 10 5.658 3.991
2 11 4.217 1.775
2 12 4.147 3.697
2 13 1.83 1.139
2 14 2.644 1.968
2 15 4.375 2.441
2 16 2.309 4.342
2 17 19.934 2.806
2 18 10.915 1.139
2 19 0.922 3.719
3 4 9.467 0.846
3 5 5.69 3.801
3 6 3.023 0.597
3 7 8.788 3.339
3 8 12.843 1.493
3 9 3.744 0.166
3 10 7.151 2.932
3 11 2.056 3.259
3 12 3.307 3.689
3 13 1.562 3.669
3 14 10.068 2.764
3 15 5.433 2.968
3 16 4.471 2.775
3 17 5.654 1.137
3 18 16.175 2.348
3 19 6.533 4.885
4 5 1.531 2.414
4 6 5.133 0.624
4 7 14.679 2.627
4 8 6.389 1.968
4 9 6.239 1.135
4 10 6.036 2.729
4 11 7.519 3.505
4 12 7.345 1.534
4 13 6.057 2.426
4 14 8.731 0.417
4 15 6.288 4.437
4 16 3.617 4.157
4 17 1.898 0.9
4 18 9.804 1.598
4 19 1.127 2.973
5 6 8.908 0.227
5 7 3.745 1.605
5 8 5.184 1.342
5 9 5.546 3.469
5 10 0.113 0.044
5 11 7.284 0.107
5 12 1.621 1.607
5 13 6.92 1.997
5 14 4.822 0.415
5 15 1.637 0.928
5 16 9.023 0.109
5 17 9.922 4.996
5 18 2.433 2.168
5 19 16.546 0.856
6 7 1.178 0.38
6 8 7.611 0.555
6 9 8.826 0.615
6 10 2.338 0.225
6 11 7.051 3.713
6 12 6.038 4.444
6 13 13.316 0.999
6 14 6.234 1.761
6 15 4.293 0.976
6 16 9.375 4.927
6 17 0.095 4.744
6 18 5.735 0.931
6 19 5.493 0.225
7 8 3.181 2.416
7 9 3.999 0.821
7 10 12.665 1.177
7 11 4.004 3.557
7 12 9.889 4.941
7 13 16.785 0.184
7 14 9.939 4.69
7 15 0.012 4.842
7 16 5.117 1.904
7 17 0.121 3.117
7 18 9.478 0.712
7 19 7.517 4.749
8 9 6.787 3.34
8 10 6.823 2.167
8 11 8.85 2.876
8 12 5.587 1.221
8 13 5.696 3.712
8 14 15.551 2.52
8 15 4.842 1.155
8 16 2.421 4.841
8 17 8.137 2.006
8 18 18.868 3.941
8 19 6.69 1.178
9 10 17.523 0.688
9 11 8.61 4.075
9 12 6.366 3.367
9 13 15.349 1.522
9 14 9.49 1.933
9 15 5.783 2.257
9 16 7.525 1.389
9 17 8.173 4.603
9 18 7.353 1.54
9 19 8.199 0.552
10 11 9.437 4.832
10 12 9.528 3.868
10 13 13.6 2.131
10 14 6.478 4.826
10 15 3.415 4.578
10 16 8.294 2.458
10 17 0.111 3.49
10 18 3.491 1.155
10 19 9.52 1.931
11 12 10.096 2.092
11 13 9.715 0.569
11 14 6.827 1.34
11 15 7.157 1.022
11 16 18.168 2.304
11 17 3.486 2.42
11 18 3.672 4.651
11 19 5.655 2.873
12 13 2.896 1.599
12 14 1.708 2.385
12 15 6.885 1.882
12 16 10.585 1.525
12 17 4.194 1.504
12 18 1.676 1.51
12 19 9.219 2.258
13 14 5.607 0.366
13 15 7.892 1.825
13 16 1.039 4.805
13 17 8.723 3.105
13 18 6.018 4.091
13 19 1.308 0.239
14 15 7.707 3.317
14 16 0.812 3.506
14 17 15.197 2.195
14 18 7.148 3.035
14 19 8.763 2.617
15 16 17.503 0.375
15 17 0.307 3.154
15 18 4.904 3.408
15 19 16.834 1.945
16 17 9.286 3.02
16 18 6.533 0.121
16 19 14.2 1.693
17 18 16.507 0.181
17 19 3.383 4.122
18 19 3.101 1.292