20
62.816
0 1 66.983 3.887
0 2 35.297 0.11
0 3 53.468 0.469
0 4 7.246 4.299
0 5 22.328 4.867
0 6 11.678 4.447
0 7 10.321 4.274
0 8 16.888 4.739
0 9 30.764 4.111
0 10 30.622 4.728
0 11 8.532 4.925
0 12 27.036 4.88
0 13 11.425 4.349
0 14 20.855 4.512
0 15 17.161 4.071
0 16 16.526 4.943
0 17 32.431 4.328
0 18 33.151 4.984
0 19 30.369 3.94
1 2 13.032 4.892
1 3 36.423 0.072
1 4 4.478 4.914
1 5 1.283 4.987
1 6 3.489 4.906
1 7 4.44 4.915
1 8 8.233 4.97
1 9 9.985 4.909
1 10 7.703 4.992
1 11 6.369 4.91
1 12 2.817 4.97
1 13 8.084 4.958
1 14 1.876 4.918
1 15 6.914 4.975
1 16 6.228 4.939
1 17 10.906 4.977
1 18 10.089 4.936
1 19 11.423 4.892
2 3 20.301 2.444
2 4 19.93 2.525
2 5 12.303 4.988
2 6 13.73 4.717
2 7 14.217 2.619
2 8 14.575 4.998
2 9 8.569 3.003
2 10 16.131 4.658
2 11 16.66 2.991
2 12 0.179 3.309
2 13 11.825 4.832
2 14 2.833 4.34
2 15 18.749 3.837
2 16 19.731 2.829
2 17 14.721 4.03
2 18 15.51 4.212
2 19 12.237 2.945
3 4 10.815 1.18
3 5 90.992 1.564
3 6 48.537 4.704
3 7 18.119 3.082
3 8 64.573 1.451
3 9 76.503 1.425
3 10 45.003 4.123
3 11 16.965 2.026
3 12 82.581 1.131
3 13 7.578 1.301
3 14 80.513 3.688
3 15 75.507 4.282
3 16 47.872 0.726
3 17 50.77 2.194
3 18 68.833 3.521
3 19 94.453 3.529
4 5 22.766 3.331
4 6 4.072 0.765
4 7 48.748 0.881
4 8 3.152 4.673
4 9 3.394 4.04
4 10 2.77 4.944
4 11 2.699 3.478
4 12 0.872 4.192
4 13 3.173 3.954
4 14 1.671 4.443
4 15 3.018 4.493
4 16 3.666 4.077
4 17 0.77 4.079
4 18 3.057 4.775
4 19 3.267 4.52
5 6 71.415 2.308
5 7 88.801 1.119
5 8 4.261 4.506
5 9 54.304 3.02
5 10 53.714 2.389
5 11 69.768 2.938
5 12 69.6 3.656
5 13 68.974 3.101
5 14 5.422 3.148
5 15 31.159 3.638
5 16 8.981 3.276
5 17 14.83 4.67
5 18 29.682 3.452
5 19 46.965 2.426
6 7 83.351 0.116
6 8 29.135 1.196
6 9 36.239 2.76
6 10 82.681 2.596
6 11 79.709 2.514
6 12 52.762 4.281
6 13 38.274 0.687
6 14 56.897 3.327
6 15 37.108 0.561
6 16 2.498 2.498
6 17 76.002 2.499
6 18 31.942 0.895
6 19 43.022 1.194
7 8 66.925 3.577
7 9 71.758 0.655
7 10 94.251 3.214
7 11 9.504 3.195
7 12 33.547 3.441
7 13 77.576 0.215
7 14 43.539 2.766
7 15 45.557 2.805
7 16 98.564 3.881
7 17 72.581 1.723
7 18 37.644 4.525
7 19 62.452 4.53
8 9 81.148 2.342
8 10 98.309 2.513
8 11 69.866 0.026
8 12 10.627 3.292
8 13 24.741 2.596
8 14 45.644 3.404
8 15 45.037 3.929
8 16 43.835 4.086
8 17 33.34 4.968
8 18 12.721 2.655
8 19 51.144 3.067
9 10 16.026 0.544
9 11 31.406 0.414
9 12 15.945 1.794
9 13 13.03 3.959
9 14 8.969 2.472
9 15 13.732 3.258
9 16 9.476 1.738
9 17 15.966 3.301
9 18 12.937 3.703
9 19 5.945 4.06
10 11 85.405 0.083
10 12 49.316 3.709
10 13 44.295 1.892
10 14 64.998 4.819
10 15 70.591 2.668
10 16 14.95 1.602
10 17 77.074 4.478
10 18 35.041 4.276
10 19 43.864 4.215
11 12 90.049 4.941
11 13 9.755 3.932
11 14 19.522 1.686
11 15 22.784 1.714
11 16 48.394 2.478
11 17 19.282 2.885
11 18 55.659 4.885
11 19 18.212 2.576
12 13 78.005 1.455
12 14 19.433 1.943
12 15 31.945 0.468
12 16 16.627 2.538
12 17 15.874 4.269
12 18 2.22 2.235
12 19 15.906 4.362
13 14 23.152 3.293
13 15 89.534 1.057
13 16 15.762 3.618
13 17 9.283 3.467
13 18 22.541 3.804
13 19 20.765 3.359
14 15 29.381 4.347
14 16 2.616 4.697
14 17 1.345 4.99
14 18 2.736 4.624
14 19 3.223 4.825
15 16 73.195 1.118
15 17 90.609 1.736
15 18 71.356 1.661
15 19 46.38 0.204
16 17 48.498 2.291
16 18 32.896 0.76
16 19 1.194 1.918
17 18 65.198 0.715
17 19 29.208 0.321
18 19 91.159 3.967