20
83.153
0 1 2.391 8.252
0 2 7.225 14.395
0 3 4.392 14.155
0 4 3.923 19.505
0 5 7.497 0.271
0 6 6.53 10.92
0 7 2.574 11.524
0 8 5.333 10.13
0 9 4.989 11.561
0 10 5.497 7.210
0 11 3.0 12.568
0 12 2.615 12.034
0 13 2.314 7.392
0 14 2.807 18.607
0 15 7.41 13.763
0 16 2.527 19.109
0 17 3.811 16.805
0 18 8.064 2.549
0 19 1.481 9.242
1 2 0.008 12.146
1 3 2.882 16.541
1 4 2.207 5.045
1 5 2.104 7.477
1 6 4.201 11.682
1 7 5.116 12.671
1 8 1.962 12.943
1 9 0.828 13.17
1 10 3.103 18.653
1 11 5.674 12.449
1 12 3.905 14.577
1 13 6.164 11.17
1 14 1.015 14.947
1 15 2.163 9.352
1 16 6.836 11.56
1 17 16.202 5.682
1 18 5.891 16.426
1 19 5.281 16.887
2 3 0.893 18.005
2 4 6.118 11.017
2 5 0.982 14.974
2 6 5.994 13.927
2 7 2.067 11.568
2 8 5.688 13.393
2 9 2.131 19.772
2 10 0.321 18.495
2 11 7.346 13.614
2 12 5.427 16.045
2 13 56.549 16.298
2 14 6.101 11.176
2 15 3.447 14.837
2 16 4.95 14.12
2 17 1.973 13.27
2 18 4.766 15.981
2 19 6.76 10.11
3 4 1.86 19.118
3 5 6.681 14.385
3 6 1.768 8.428
3 7 1.227 7.294
3 8 5.926 7.201
3 9 14.216 4.255
3 10 6.138 7.039
3 11 1.991 18.382
3 12 4.845 2.785
3 13 3.585 7.203
3 14 1.651 19.397
3 15 2.768 4.428
3 16 4.7 14.894
3 17 5.288 13.092
3 18 4.526 19.745
3 19 1.217 0.605
4 5 1.065 18.466
4 6 2.622 14.015
4 7 3.624 15.508
4 8 6.875 9.559
4 9 2.912 7.462
4 10 0.304 10.286
4 11 2.758 8.466
4 12 1.096 14.799
4 13 0.556 12.933
4 14 1.293 9.913
4 15 1.07 13.278
4 16 1.807 11.16
4 17 32.512 5.821
4 18 7.009 7.529
4 19 6.52 9.925
5 6 4.033 12.382
5 7 6.022 11.193
5 8 2.249 17.382
5 9 2.852 10.44
5 10 5.206 0.559
5 11 7.141 8.618
5 12 0.136 11.314
5 13 1.855 11.586
5 14 4.162 13.92
5 15 5.177 9.504
5 16 3.602 19.472
5 17 6.001 8.842
5 18 0.952 0.114
5 19 6.641 12.345
6 7 13.666 4.88
6 8 10.631 2.357
6 9 0.786 17.001
6 10 5.632 10.288
6 11 8.408 0.007
6 12 3.184 17.146
6 13 0.769 12.978
6 14 3.543 0.084
6 15 3.048 9.453
6 16 1.669 1.888
6 17 0.239 5.875
6 18 1.777 12.468
6 19 3.048 14.43
7 8 2.979 3.093
7 9 0.613 8.854
7 10 2.771 18.383
7 11 2.187 0.844
7 12 4.057 7.265
7 13 4.772 11.137
7 14 1.168 0.451
7 15 7.142 8.579
7 16 1.004 0.219
7 17 2.407 10.959
7 18 1.222 18.639
7 19 5.157 17.308
8 9 5.207 10.337
8 10 3.993 18.788
8 11 0.352 0.072
8 12 5.604 19.855
8 13 2.06 14.297
8 14 0.323 1.127
8 15 0.885 16.054
8 16 0.703 0.105
8 17 0.224 15.067
8 18 5.541 15.357
8 19 0.329 19.712
9 10 1.037 17.902
9 11 4.544 8.78
9 12 9.107 1.588
9 13 6.862 16.918
9 14 3.443 16.512
9 15 2.833 0.695
9 16 1.141 14.856
9 17 2.174 15.749
9 18 6.532 9.373
9 19 3.522 0.143
10 11 1.207 12.045
10 12 7.181 10.274
10 13 1.085 16.356
10 14 6.209 15.85
10 15 6.303 10.336
10 16 6.594 8.998
10 17 7.192 8.03
10 18 26.314 5.927
10 19 4.945 7.323
11 12 3.488 10.752
11 13 6.003 9.421
11 14 1.39 0.489
11 15 3.623 18.418
11 16 1.273 0.298
11 17 0.533 16.432
11 18 0.122 14.177
11 19 0.475 11.086
12 13 2.807 10.235
12 14 2.37 7.029
12 15 2.19 0.676
12 16 6.327 19.473
12 17 1.697 15.958
12 18 4.419 12.665
12 19 1.313 0.242
13 14 0.782 16.253
13 15 7.06 13.307
13 16 6.664 19.433
13 17 2.82 10.568
13 18 3.678 11.853
13 19 1.694 14.699
14 15 2.467 19.414
14 16 2.674 0.716
14 17 3.155 15.82
14 18 1.307 8.268
14 19 4.776 12.305
15 16 3.354 7.17
15 17 3.9 8.845
15 18 4.333 9.135
15 19 8.42 0.803
16 17 4.391 18.871
16 18 4.098 19.611
16 19 2.544 12.379
17 18 2.2 10.246
17 19 3.396 9.913
18 19 5.424 19.61