20
90.555
0 1 6.581 1.898
0 2 9.349 0.943
0 3 7.89 3.209
0 4 6.523 0.718
0 5 6.785 2.451
0 6 9.229 1.108
0 7 7.798 0.792
0 8 7.55 1.101
0 9 6.585 1.896
0 10 8.148 0.804
0 11 8.367 0.989
0 12 5.461 2.097
0 13 7.524 1.032
0 14 6.233 2.311
0 15 7.79 0.885
0 16 6.947 1.651
0 17 7.51 1.132
0 18 6.978 1.041
0 19 6.509 2.426
1 2 6.704 3.638
1 3 7.199 2.345
1 4 6.889 1.457
1 5 5.89 2.431
1 6 8.381 1.051
1 7 8.64 4.093
1 8 7.384 1.606
1 9 7.485 1.293
1 10 7.885 2.132
1 11 9.09 3.238
1 12 9.248 2.073
1 13 9.584 1.085
1 14 5.433 2.014
1 15 5.035 1.438
1 16 8.951 1.064
1 17 7.465 2.362
1 18 8.472 2.452
1 19 5.663 1.297
2 3 8.072 2.449
2 4 4.909 2.483
2 5 5.401 1.283
2 6 9.744 0.935
2 7 8.752 1.139
2 8 8.5 1.023
2 9 6.992 3.561
2 10 7.094 3.646
2 11 6.952 1.983
2 12 7.961 2.79
2 13 4.463 0.75
2 14 8.891 1.222
2 15 9.517 2.388
2 16 7.405 2.289
2 17 8.482 1.084
2 18 8.671 2.057
2 19 6.765 1.209
3 4 9.583 1.099
3 5 7.336 2.767
3 6 7.832 1.594
3 7 6.233 2.662
3 8 7.703 1.426
3 9 6.6 1.438
3 10 7.208 1.716
3 11 7.252 2.066
3 12 6.109 1.758
3 13 8.922 2.985
3 14 6.373 1.238
3 15 9.128 1.259
3 16 8.321 3.029
3 17 6.603 1.12
3 18 7.486 1.464
3 19 5.261 1.264
4 5 7.487 1.042
4 6 5.697 1.984
4 7 6.191 0.785
4 8 7.858 1.047
4 9 7.243 1.092
4 10 8.817 0.99
4 11 5.163 2.782
4 12 9.264 0.883
4 13 8.677 2.296
4 14 6.226 4.964
4 15 8.295 1.892
4 16 5.437 2.139
4 17 6.005 1.442
4 18 7.714 1.113
4 19 6.724 1.821
5 6 6.416 4.407
5 7 6.591 0.925
5 8 6.53 1.086
5 9 8.664 1.019
5 10 8.932 1.453
5 11 6.581 0.953
5 12 8.779 4.411
5 13 8.474 2.786
5 14 8.825 1.917
5 15 6.174 2.996
5 16 8.548 0.965
5 17 8.841 5.556
5 18 8.768 1.86
5 19 8.021 4.856
6 7 7.516 1.164
6 8 8.744 2.85
6 9 6.029 1.337
6 10 7.365 0.919
6 11 7.286 1.296
6 12 5.343 1.026
6 13 9.599 5.085
6 14 7.745 2.666
6 15 9.519 2.123
6 16 7.457 5.224
6 17 8.182 1.927
6 18 4.69 2.368
6 19 6.959 1.525
7 8 4.249 1.116
7 9 6.015 1.065
7 10 4.977 1.477
7 11 9.721 0.978
7 12 8.048 2.097
7 13 5.566 1.198
7 14 8.444 1.614
7 15 7.697 0.883
7 16 8.632 5.584
7 17 5.272 1.247
7 18 7.415 1.212
7 19 7.829 2.026
8 9 6.221 1.421
8 10 6.663 1.265
8 11 6.388 1.3
8 12 4.545 1.062
8 13 6.252 1.085
8 14 7.251 1.994
8 15 9.137 2.547
8 16 7.084 1.937
8 17 7.997 1.365
8 18 7.549 1.107
8 19 8.025 3.613
9 10 8.877 1.427
9 11 6.526 1.085
9 12 8.713 2.629
9 13 7.937 2.799
9 14 7.592 1.8
9 15 6.193 2.725
9 16 5.676 0.971
9 17 7.196 1.166
9 18 6.659 2.997
9 19 5.798 0.755
10 11 6.178 2.144
10 12 7.419 1.019
10 13 6.178 1.706
10 14 8.69 1.358
10 15 6.015 1.777
10 16 8.499 2.141
10 17 8.631 1.885
10 18 6.625 1.384
10 19 7.543 0.806
11 12 8.794 0.863
11 13 7.116 5.24
11 14 8.5 1.253
11 15 4.337 3.969
11 16 6.501 1.366
11 17 8.347 4.655
11 18 5.019 1.296
11 19 8.062 1.937
12 13 8.374 2.749
12 14 8.792 5.052
12 15 7.916 2.505
12 16 5.356 1.416
12 17 6.784 2.383
12 18 8.401 1.409
12 19 8.444 5.146
13 14 4.261 1.113
13 15 7.36 1.366
13 16 7.524 1.692
13 17 4.023 1.414
13 18 8.867 1.414
13 19 8.961 3.217
14 15 9.901 1.626
14 16 6.264 3.928
14 17 8.617 6.937
14 18 6.004 2.535
14 19 7.341 2.688
15 16 6.668 2.784
15 17 6.825 1.135
15 18 7.359 2.706
15 19 6.286 1.031
16 17 7.146 2.975
16 18 7.957 1.135
16 19 4.737 1.076
17 18 9.543 2.065
17 19 6.967 1.954
18 19 7.623 3.704