20
70
0 1 1.706 4.928
0 2 2.413 4.308
0 3 0.885 0.125
0 4 4.596 1.546
0 5 1.257 1.138
0 6 1.860 1.476
0 7 0.612 3.998
0 8 1.959 5.716
0 9 2.582 4.015
0 10 5.998 1.442
0 11 4.853 5.238
0 12 1.105 4.059
0 13 4.102 0.919
0 14 4.323 4.035
0 15 2.291 1.631
0 16 2.117 3.862
0 17 4.339 5.102
0 18 0.756 3.730
0 19 4.915 1.168
1 2 4.349 3.065
1 3 0.588 2.708
1 4 5.525 2.365
1 5 0.406 2.425
1 6 0.938 0.952
1 7 0.072 2.416
1 8 5.056 5.759
1 9 5.085 5.256
1 10 5.941 1.398
1 11 3.167 1.270
1 12 2.594 1.995
1 13 5.218 1.605
1 14 1.064 2.978
1 15 4.476 5.028
1 16 5.940 2.730
1 17 4.242 4.269
1 18 0.662 2.628
1 19 3.121 4.105
2 3 2.430 4.783
2 4 4.017 3.771
2 5 1.238 1.540
2 6 5.264 0.959
2 7 5.337 1.108
2 8 3.592 5.320
2 9 0.791 5.681
2 10 4.299 2.607
2 11 4.790 0.665
2 12 2.357 3.786
2 13 1.974 1.423
2 14 2.223 2.711
2 15 2.059 1.249
2 16 5.796 5.559
2 17 3.874 4.634
2 18 1.199 3.986
2 19 3.266 5.137
3 4 4.728 0.710
3 5 2.498 2.647
3 6 5.610 3.447
3 7 4.622 0.182
3 8 3.839 4.965
3 9 3.417 1.965
3 10 1.151 1.009
3 11 0.206 0.694
3 12 2.177 4.975
3 13 2.737 5.163
3 14 0.867 2.177
3 15 4.245 1.639
3 16 5.297 4.919
3 17 4.726 3.086
3 18 3.660 1.288
3 19 5.454 4.855
4 5 4.314 4.474
4 6 0.844 3.015
4 7 3.385 5.926
4 8 4.068 3.700
4 9 3.143 2.392
4 10 2.334 3.249
4 11 5.587 1.676
4 12 5.467 0.683
4 13 4.126 1.651
4 14 0.096 2.880
4 15 2.151 0.943
4 16 5.171 1.818
4 17 0.543 5.489
4 18 2.227 3.628
4 19 3.141 0.279
5 6 1.889 2.300
5 7 4.352 2.779
5 8 0.958 4.515
5 9 5.087 1.544
5 10 0.115 1.610
5 11 2.118 0.829
5 12 5.637 0.637
5 13 4.899 2.651
5 14 3.430 4.062
5 15 5.299 0.177
5 16 0.446 0.425
5 17 1.547 0.632
5 18 1.848 5.890
5 19 2.689 1.167
6 7 4.266 2.249
6 8 1.464 3.016
6 9 0.447 3.312
6 10 3.634 1.665
6 11 4.342 0.284
6 12 2.234 4.855
6 13 3.962 1.620
6 14 1.262 4.296
6 15 0.340 0.071
6 16 5.673 5.205
6 17 2.100 1.675
6 18 4.123 0.928
6 19 2.673 3.898
7 8 0.582 0.367
7 9 4.649 3.431
7 10 2.638 3.614
7 11 5.322 3.571
7 12 0.420 5.577
7 13 4.563 4.482
7 14 4.623 5.405
7 15 3.867 2.705
7 16 3.561 1.162
7 17 5.792 2.425
7 18 1.897 0.346
7 19 4.110 3.045
8 9 1.399 5.524
8 10 3.579 0.023
8 11 0.714 5.375
8 12 1.345 3.303
8 13 4.256 4.349
8 14 3.483 4.847
8 15 5.462 3.425
8 16 3.848 5.502
8 17 0.410 4.498
8 18 1.608 5.088
8 19 2.936 3.210
9 10 4.773 4.588
9 11 5.830 5.637
9 12 4.075 4.129
9 13 2.421 0.589
9 14 2.902 1.036
9 15 2.984 3.310
9 16 3.753 5.911
9 17 2.381 2.806
9 18 4.991 3.872
9 19 1.897 3.761
10 11 5.446 4.954
10 12 2.138 2.229
10 13 0.005 5.759
10 14 2.672 2.670
10 15 1.777 2.300
10 16 5.204 2.629
10 17 0.090 2.877
10 18 4.526 4.490
10 19 4.614 0.945
11 12 1.232 3.080
11 13 3.750 5.742
11 14 2.595 5.854
11 15 0.704 2.663
11 16 4.967 2.754
11 17 0.007 4.298
11 18 1.898 0.194
11 19 1.751 5.299
12 13 5.399 2.977
12 14 2.196 1.750
12 15 2.954 3.694
12 16 3.937 1.598
12 17 2.752 2.000
12 18 1.919 0.737
12 19 2.189 3.478
13 14 0.590 2.629
13 15 4.201 5.464
13 16 5.258 1.507
13 17 0.111 5.262
13 18 3.614 5.230
13 19 2.683 2.465
14 15 1.070 0.049
14 16 5.390 5.335
14 17 4.596 3.118
14 18 1.726 3.699
14 19 3.796 0.656
15 16 2.017 3.756
15 17 0.415 2.388
15 18 3.536 4.176
15 19 5.860 2.587
16 17 0.640 4.731
16 18 3.801 4.272
16 19 4.413 5.951
17 18 2.636 0.494
17 19 1.904 3.171
18 19 3.500 5.108