20
82.925
0 1 43.780 2.556
0 2 26.912 3.255
0 3 13.880 6.706
0 4 99.632 4.651
0 5 82.901 2.846
0 6 78.039 1.333
0 7 57.775 7.151
0 8 82.679 2.677
0 9 87.872 0.714
0 10 96.793 8.446
0 11 73.207 5.438
0 12 58.913 5.773
0 13 48.901 4.059
0 14 46.545 8.396
0 15 7.509 7.365
0 16 6.497 0.671
0 17 50.162 5.345
0 18 62.172 8.291
0 19 2.558 6.667
1 2 68.414 6.149
1 3 92.426 2.707
1 4 90.516 1.305
1 5 61.389 8.116
1 6 55.519 5.642
1 7 76.029 9.868
1 8 61.199 8.477
1 9 10.497 0.630
1 10 30.915 4.116
1 11 96.119 0.370
1 12 70.991 3.142
1 13 72.274 2.137
1 14 21.365 9.101
1 15 27.147 4.145
1 16 89.940 4.153
1 17 87.042 0.465
1 18 26.438 8.260
1 19 98.548 6.906
2 3 22.460 6.519
2 4 49.122 7.000
2 5 21.097 8.373
2 6 88.572 5.391
2 7 81.590 0.586
2 8 46.409 2.387
2 9 72.421 3.128
2 10 88.210 3.955
2 11 59.616 3.400
2 12 17.890 6.014
2 13 16.183 9.592
2 14 12.172 0.520
2 15 3.267 8.390
2 16 68.574 3.557
2 17 63.966 5.752
2 18 58.873 2.393
2 19 26.687 1.986
3 4 6.269 9.319
3 5 36.535 4.009
3 6 46.375 4.951
3 7 20.382 8.327
3 8 89.675 2.649
3 9 44.165 7.998
3 10 76.239 8.723
3 11 39.349 5.674
3 12 2.242 0.172
3 13 59.623 2.632
3 14 2.249 2.844
3 15 78.588 0.673
3 16 91.234 8.110
3 17 54.511 9.735
3 18 5.940 5.420
3 19 69.208 9.091
4 5 36.474 1.433
4 6 94.674 4.170
4 7 5.912 3.793
4 8 53.308 4.162
4 9 38.207 9.115
4 10 15.376 7.820
4 11 52.856 0.216
4 12 20.871 6.186
4 13 38.530 7.240
4 14 21.942 1.317
4 15 87.266 0.958
4 16 16.837 9.491
4 17 15.867 4.221
4 18 86.577 5.910
4 19 61.770 9.328
5 6 51.589 5.409
5 7 16.913 4.888
5 8 37.060 0.335
5 9 55.060 5.644
5 10 73.030 2.402
5 11 15.515 2.710
5 12 58.016 0.090
5 13 29.342 9.641
5 14 83.478 6.945
5 15 12.946 1.894
5 16 50.471 8.978
5 17 8.287 3.329
5 18 9.559 1.334
5 19 19.012 3.635
6 7 20.395 5.323
6 8 77.418 4.824
6 9 58.320 7.024
6 10 78.463 3.264
6 11 91.931 7.719
6 12 33.898 6.128
6 13 17.754 4.641
6 14 32.144 7.556
6 15 66.017 7.716
6 16 37.662 0.402
6 17 84.943 4.307
6 18 27.347 3.954
6 19 70.101 9.308
7 8 40.855 6.711
7 9 30.023 2.388
7 10 16.820 5.971
7 11 69.659 7.617
7 12 97.522 2.767
7 13 29.176 3.333
7 14 10.881 1.521
7 15 37.206 1.649
7 16 80.507 8.665
7 17 24.844 7.704
7 18 72.089 3.445
7 19 99.523 8.515
8 9 57.516 7.135
8 10 96.382 0.044
8 11 66.934 3.979
8 12 8.778 8.989
8 13 3.292 8.298
8 14 49.339 2.722
8 15 13.989 7.435
8 16 8.269 6.782
8 17 49.856 9.453
8 18 56.577 4.372
8 19 92.978 7.842
9 10 88.476 6.440
9 11 1.773 2.889
9 12 9.430 4.076
9 13 4.227 0.807
9 14 54.125 7.215
9 15 68.389 7.242
9 16 62.113 4.907
9 17 92.926 1.364
9 18 47.983 2.815
9 19 89.996 0.387
10 11 77.566 2.977
10 12 77.682 2.049
10 13 2.069 9.410
10 14 59.878 4.396
10 15 7.956 0.624
10 16 47.800 7.980
10 17 11.987 6.777
10 18 69.184 5.549
10 19 68.030 4.852
11 12 18.742 8.183
11 13 55.100 9.957
11 14 26.601 4.919
11 15 84.524 4.688
11 16 60.234 4.934
11 17 98.227 1.325
11 18 29.749 7.532
11 19 29.829 3.558
12 13 36.459 5.366
12 14 65.580 5.445
12 15 90.284 0.611
12 16 73.121 5.331
12 17 22.795 2.107
12 18 62.634 1.585
12 19 39.638 3.920
13 14 7.155 5.167
13 15 88.549 2.194
13 16 76.651 1.299
13 17 67.360 7.696
13 18 33.932 8.789
13 19 60.141 6.040
14 15 99.535 0.929
14 16 69.010 6.205
14 17 17.430 6.319
14 18 4.198 0.693
14 19 43.743 1.433
15 16 5.557 7.400
15 17 36.615 9.318
15 18 94.998 4.153
15 19 46.946 0.412
16 17 1.235 1.711
16 18 96.927 2.144
16 19 55.721 0.012
17 18 86.143 3.718
17 19 31.812 5.467
18 19 83.450 1.280
