20
38.748
0 1 17.097 3.944
0 2 35.523 10.256
0 3 60.741 12.058
0 4 88.299 3.874
0 5 45.644 7.616
0 6 59.542 4.011
0 7 38.392 11.562
0 8 45.684 5.378
0 9 58.047 9.431
0 10 26.119 12.413
0 11 59.017 10.548
0 12 26.624 5.163
0 13 18.469 10.631
0 14 40.849 11.301
0 15 23.286 9.299
0 16 11.75 4.44
0 17 44.937 6.132
0 18 71.872 4.562
0 19 45.569 9.472
1 2 86.972 9.252
1 3 60.294 9.018
1 4 60.757 5.807
1 5 5.557 4.614
1 6 73.05 8.623
1 7 58.92 9.312
1 8 46.301 9.891
1 9 14.166 11.331
1 10 52.181 6.637
1 11 33.42 9.294
1 12 38.483 7.341
1 13 11.057 11.699
1 14 11.232 6.517
1 15 4.037 5.098
1 16 95.777 3.874
1 17 71.124 11.396
1 18 14.962 5.375
1 19 82.955 6.638
2 3 19.125 3.888
2 4 20.343 8.095
2 5 63.133 7.309
2 6 31.225 5.833
2 7 64.763 8.783
2 8 41.894 6.419
2 9 77.814 9.556
2 10 21.176 9.742
2 11 28.88 8.367
2 12 61.74 8.307
2 13 49.262 11.199
2 14 54.452 4.975
2 15 79.406 10.31
2 16 44.872 6.66
2 17 87.799 3.874
2 18 18.055 7.347
2 19 75.459 5.975
3 4 70.735 11.354
3 5 20.184 5.899
3 6 89.625 3.874
3 7 23.45 12.058
3 8 51.274 11.922
3 9 9.068 8.962
3 10 51.347 3.916
3 11 35.24 11.256
3 12 8.047 10.5
3 13 57.221 8.157
3 14 21.982 4.9
3 15 24.277 9.644
3 16 44.164 6.258
3 17 67.795 7.38
3 18 27.631 7.267
3 19 86.288 4.57
4 5 60.043 11.638
4 6 44.941 6.782
4 7 76.75 9.033
4 8 6.774 5.637
4 9 46.641 7.314
4 10 16.402 9.515
4 11 17.971 5.301
4 12 68.884 7.322
4 13 3.374 8.38
4 14 64.132 8.4
4 15 53.666 7.0
4 16 71.174 8.55
4 17 7.316 8.825
4 18 39.471 4.298
4 19 82.92 4.841
5 6 50.764 7.155
5 7 85.973 10.763
5 8 59.025 8.545
5 9 56.949 11.356
5 10 31.38 6.058
5 11 31.715 12.141
5 12 43.659 6.746
5 13 7.952 5.945
5 14 21.616 6.878
5 15 10.728 10.089
5 16 20.301 6.481
5 17 53.587 8.746
5 18 85.154 3.874
5 19 11.093 12.08
6 7 29.081 6.146
6 8 61.784 9.879
6 9 45.731 8.7
6 10 10.225 4.918
6 11 43.636 10.054
6 12 12.347 8.755
6 13 76.499 7.038
6 14 6.774 8.576
6 15 81.366 7.522
6 16 36.281 7.388
6 17 2.179 8.624
6 18 26.115 8.465
6 19 22.278 6.093
7 8 9.423 8.743
7 9 9.4 8.408
7 10 37.948 7.136
7 11 48.634 12.272
7 12 16.681 9.437
7 13 14.231 4.31
7 14 37.946 12.125
7 15 86.045 3.874
7 16 82.021 5.022
7 17 86.958 9.537
7 18 5.635 10.766
7 19 70.58 7.443
8 9 95.937 3.874
8 10 49.458 5.567
8 11 59.661 9.628
8 12 9.656 10.223
8 13 39.054 12.211
8 14 6.967 11.851
8 15 50.069 12.468
8 16 74.436 11.772
8 17 81.863 5.441
8 18 43.629 6.056
8 19 77.415 6.131
9 10 57.76 9.865
9 11 44.875 11.59
9 12 78.084 12.122
9 13 43.415 11.716
9 14 50.979 11.616
9 15 11.674 11.082
9 16 67.858 5.341
9 17 18.624 10.195
9 18 53.73 11.548
9 19 31.952 8.563
10 11 71.717 6.642
10 12 93.159 3.874
10 13 3.788 4.542
10 14 81.575 6.214
10 15 84.92 6.93
10 16 53.601 4.999
10 17 30.911 5.911
10 18 46.801 7.569
10 19 79.813 5.137
11 12 10.935 4.266
11 13 43.653 8.335
11 14 17.112 7.879
11 15 70.398 8.96
11 16 18.047 4.967
11 17 22.76 4.612
11 18 0.764 9.617
11 19 91.596 3.874
12 13 38.424 11.681
12 14 27.1 10.399
12 15 67.006 7.918
12 16 42.757 10.543
12 17 27.348 12.439
12 18 7.913 6.024
12 19 33.775 4.584
13 14 89.934 3.874
13 15 57.629 11.792
13 16 21.104 6.038
13 17 15.904 6.802
13 18 72.018 11.49
13 19 21.926 9.01
14 15 31.01 4.613
14 16 28.014 12.497
14 17 69.799 12.017
14 18 67.291 11.496
14 19 30.213 5.083
15 16 31.485 4.279
15 17 67.241 5.544
15 18 61.951 9.41
15 19 19.935 6.138
16 17 26.222 6.8
16 18 45.178 4.331
16 19 70.826 8.677
17 18 61.062 10.326
17 19 85.426 4.372
18 19 86.745 7.649
