20
63.700
0 1 69.856 6.482
0 2 34.058 29.519
0 3 49.601 68.218
0 4 65.975 72.596
0 5 68.054 75.465
0 6 87.245 72.555
0 7 80.035 67.986
0 8 52.167 11.278
0 9 21.027 70.815
0 10 9.628 30.013
0 11 50.578 13.084
0 12 84.516 1.551
0 13 32.408 53.353
0 14 22.661 69.661
0 15 45.812 47.525
0 16 81.132 21.674
0 17 99.12 3.717
0 18 8.38 80.187
0 19 87.331 37.523
1 2 23.106 61.624
1 3 15.481 28.389
1 4 1.914 3.214
1 5 77.963 43.976
1 6 40.684 56.718
1 7 79.033 52.843
1 8 74.058 28.942
1 9 75.126 81.85
1 10 15.451 52.939
1 11 18.642 77.11
1 12 40.755 13.432
1 13 67.313 54.55
1 14 77.082 60.556
1 15 33.334 78.903
1 16 95.811 38.782
1 17 74.77 45.059
1 18 37.913 14.539
1 19 14.155 7.13
2 3 78.098 89.011
2 4 7.349 73.955
2 5 28.685 2.946
2 6 45.352 97.951
2 7 23.221 25.774
2 8 99.31 53.883
2 9 84.479 75.865
2 10 79.844 84.17
2 11 48.526 73.604
2 12 50.719 8.646
2 13 24.328 53.557
2 14 99.721 8.502
2 15 60.117 63.075
2 16 77.996 62.251
2 17 66.834 24.169
2 18 64.533 44.581
2 19 3.907 82.782
3 4 12.769 21.338
3 5 26.431 69.263
3 6 20.209 87.791
3 7 58.43 16.946
3 8 12.388 5.847
3 9 88.648 72.192
3 10 46.583 12.851
3 11 27.68 3.167
3 12 80.364 0.881
3 13 38.953 4.318
3 14 9.355 48.572
3 15 15.279 41.618
3 16 15.764 80.496
3 17 41.45 22.095
3 18 31.369 82.924
3 19 19.491 61.244
4 5 25.05 91.218
4 6 22.822 67.0
4 7 60.408 10.8
4 8 74.83 57.044
4 9 16.113 3.857
4 10 68.199 97.45
4 11 27.774 7.262
4 12 17.436 99.457
4 13 66.895 33.848
4 14 93.67 64.354
4 15 22.699 19.599
4 16 57.549 92.18
4 17 4.251 83.081
4 18 88.23 41.351
4 19 77.337 66.309
5 6 20.331 51.381
5 7 18.664 66.069
5 8 46.089 59.537
5 9 30.281 98.182
5 10 8.954 28.231
5 11 64.483 19.535
5 12 0.661 54.707
5 13 55.998 11.81
5 14 15.775 26.87
5 15 20.94 12.61
5 16 80.545 24.438
5 17 70.256 66.353
5 18 27.713 67.162
5 19 43.634 38.214
6 7 4.854 73.403
6 8 57.445 39.721
6 9 12.51 93.965
6 10 99.93 93.481
6 11 33.106 27.134
6 12 97.836 51.209
6 13 39.884 22.524
6 14 97.1 45.875
6 15 50.491 18.485
6 16 97.352 43.809
6 17 82.46 5.178
6 18 28.876 18.946
6 19 61.494 31.423
7 8 61.952 65.572
7 9 75.698 43.404
7 10 96.655 7.691
7 11 37.497 91.047
7 12 81.864 65.635
7 13 55.208 61.022
7 14 98.417 90.3
7 15 96.768 55.31
7 16 98.883 59.898
7 17 25.313 96.161
7 18 77.914 50.214
7 19 29.82 54.256
8 9 44.332 66.118
8 10 87.771 30.717
8 11 84.177 82.088
8 12 8.938 88.484
8 13 15.079 20.484
8 14 86.431 82.597
8 15 95.12 16.425
8 16 66.405 39.937
8 17 19.917 49.938
8 18 44.812 12.11
8 19 9.88 84.62
9 10 9.644 63.582
9 11 88.523 92.669
9 12 62.547 88.201
9 13 92.9 72.193
9 14 40.903 5.601
9 15 64.911 93.029
9 16 88.422 22.103
9 17 61.647 66.215
9 18 83.035 76.706
9 19 38.683 61.458
10 11 81.459 17.978
10 12 84.106 29.984
10 13 99.75 21.922
10 14 41.735 6.691
10 15 58.692 17.115
10 16 71.882 13.48
10 17 37.486 4.648
10 18 19.102 99.201
10 19 79.048 10.547
11 12 17.94 92.862
11 13 14.061 84.257
11 14 95.771 2.093
11 15 67.815 28.135
11 16 10.797 20.641
11 17 3.642 41.566
11 18 37.122 37.682
11 19 4.791 0.034
12 13 57.207 9.195
12 14 1.334 38.55
12 15 39.14 31.823
12 16 12.511 53.795
12 17 30.145 54.158
12 18 73.49 21.539
12 19 48.458 90.622
13 14 18.331 25.704
13 15 31.467 4.623
13 16 89.337 79.717
13 17 1.453 28.167
13 18 41.867 72.893
13 19 30.71 4.893
14 15 99.447 88.851
14 16 75.544 4.544
14 17 16.331 39.02
14 18 63.19 80.103
14 19 53.768 80.586
15 16 1.809 13.849
15 17 5.734 80.191
15 18 80.368 0.703
15 19 17.532 8.364
16 17 34.831 58.769
16 18 39.679 35.526
16 19 83.757 13.715
17 18 83.521 60.393
17 19 3.316 84.516
18 19 67.902 66.014