20
60
0 1 28 10
0 2 11 11
0 3 38 11
0 4 24 11
0 5 27 12
0 6 5 14
0 7 44 9
0 8 19 11
0 9 37 10
0 10 17 11
0 11 5 9
0 12 73 15
0 13 25 12
0 14 7 10
0 15 16 9
0 16 1 9
0 17 44 14
0 18 18 12
0 19 20 10
1 2 63 0
1 3 73 0
1 4 12 10
1 5 94 0
1 6 95 0
1 7 10 13
1 8 84 0
1 9 36 8
1 10 66 0
1 11 10 8
1 12 42 14
1 13 88 0
1 14 19 13
1 15 19 9
1 16 90 0
1 17 71 0
1 18 4 9
1 19 28 9
2 3 84 0
2 4 16 13
2 5 77 0
2 6 79 0
2 7 44 11
2 8 93 0
2 9 10 13
2 10 83 0
2 11 33 10
2 12 48 11
2 13 63 0
2 14 19 11
2 15 1 8
2 16 94 0
2 17 69 0
2 18 36 13
2 19 35 12
3 4 11 8
3 5 66 0
3 6 73 0
3 7 19 11
3 8 90 0
3 9 29 8
3 10 80 0
3 11 13 8
3 12 21 9
3 13 70 0
3 14 26 9
3 15 18 11
3 16 86 0
3 17 90 0
3 18 43 8
3 19 1 10
4 5 36 12
4 6 49 8
4 7 76 5
4 8 18 13
4 9 35 9
4 10 17 13
4 11 18 14
4 12 36 12
4 13 26 14
4 14 16 12
4 15 0 14
4 16 22 10
4 17 33 12
4 18 39 13
4 19 70 5
5 6 62 0
5 7 12 9
5 8 74 0
5 9 5 10
5 10 96 0
5 11 18 8
5 12 8 11
5 13 95 0
5 14 9 8
5 15 20 9
5 16 96 0
5 17 64 0
5 18 30 8
5 19 16 8
6 7 35 9
6 8 86 0
6 9 22 11
6 10 61 0
6 11 11 10
6 12 40 9
6 13 63 0
6 14 39 13
6 15 29 8
6 16 98 0
6 17 90 0
6 18 10 9
6 19 39 10
7 8 17 13
7 9 41 9
7 10 20 11
7 11 2 12
7 12 27 8
7 13 48 14
7 14 43 9
7 15 21 10
7 16 27 13
7 17 36 12
7 18 41 13
7 19 91 5
8 9 24 9
8 10 86 0
8 11 41 14
8 12 35 8
8 13 72 0
8 14 34 12
8 15 13 8
8 16 90 0
8 17 77 0
8 18 6 13
8 19 20 11
9 10 24 8
9 11 94 0
9 12 6 12
9 13 30 13
9 14 77 1
9 15 97 1
9 16 46 13
9 17 17 9
9 18 92 1
9 19 25 11
10 11 16 8
10 12 39 12
10 13 95 0
10 14 48 12
10 15 31 8
10 16 71 0
10 17 74 0
10 18 45 8
10 19 24 9
11 12 28 13
11 13 9 10
11 14 73 0
11 15 74 1
11 16 3 9
11 17 32 12
11 18 77 0
11 19 48 11
12 13 27 14
12 14 12 8
12 15 31 9
12 16 48 10
12 17 49 8
12 18 40 10
12 19 47 14
13 14 41 10
13 15 16 9
13 16 74 0
13 17 94 0
13 18 49 10
13 19 45 14
14 15 93 0
14 16 3 10
14 17 46 11
14 18 71 0
14 19 41 9
15 16 41 8
15 17 40 14
15 18 85 0
15 19 5 10
16 17 86 0
16 18 44 13
16 19 7 12
17 18 18 14
17 19 34 12
18 19 29 13