20
99.923
0 1 3.77 3.672
0 2 6.191 9.1
0 3 6.248 9.417
0 4 7.549 14.408
0 5 16.719 23.2
0 6 7.776 11.155
0 7 9.403 13.605
0 8 4.013 8.988
0 9 17.469 22.189
0 10 18.797 23.814
0 11 3.185 2.797
0 12 10.076 22.984
0 13 15.446 30.864
0 14 12.348 21.643
0 15 6.123 10.87
0 16 15.786 38.299
0 17 7.164 11.603
0 18 23.925 41.485
0 19 15.576 33.638
1 2 9.473 11.924
1 3 11.461 18.827
1 4 5.7 7.808
1 5 5.568 11.661
1 6 8.898 15.084
1 7 8.486 12.653
1 8 4.695 10.615
1 9 10.395 14.106
1 10 16.286 21.445
1 11 15.153 13.514
1 12 30.374 38.883
1 13 9.037 12.597
1 14 12.936 17.317
1 15 11.842 18.907
1 16 3.957 9.558
1 17 16.441 27.31
1 18 15.923 26.13
1 19 5.898 13.03
2 3 1.753 2.475
2 4 22.737 34.201
2 5 11.439 15.716
2 6 24.509 45.669
2 7 8.649 19.714
2 8 8.968 14.611
2 9 22.047 34.971
2 10 22.474 32.435
2 11 11.101 21.245
2 12 2.642 3.398
2 13 21.752 38.626
2 14 1.378 1.433
2 15 11.022 15.442
2 16 19.135 24.747
2 17 16.368 20.567
2 18 0.397 0.556
2 19 17.883 28.278
3 4 12.372 25.693
3 5 10.821 15.5
3 6 21.526 30.417
3 7 14.438 23.342
3 8 29.743 39.829
3 9 6.392 10.928
3 10 13.483 23.793
3 11 17.104 28.171
3 12 0.675 0.619
3 13 16.485 25.119
3 14 2.166 2.047
3 15 5.712 12.391
3 16 19.281 26.892
3 17 8.99 19.522
3 18 1.144 1.019
3 19 22.393 31.559
4 5 1.835 1.708
4 6 6.615 10.352
4 7 6.753 12.778
4 8 11.497 16.067
4 9 8.616 11.289
4 10 25.888 34.385
4 11 14.798 19.835
4 12 8.592 18.203
4 13 3.09 7.376
4 14 18.25 32.403
4 15 10.172 14.755
4 16 2.782 2.587
4 17 14.686 19.866
4 18 11.7 17.776
4 19 19.747 28.19
5 6 8.265 12.986
5 7 23.69 31.057
5 8 11.929 22.015
5 9 4.524 10.035
5 10 12.611 19.643
5 11 18.631 25.289
5 12 18.908 24.045
5 13 11.005 26.945
5 14 11.817 18.625
5 15 9.757 12.768
5 16 18.069 15.688
5 17 12.401 20.216
5 18 10.709 17.348
5 19 18.46 41.869
6 7 3.017 2.965
6 8 16.653 21.215
6 9 5.749 8.853
6 10 1.687 2.165
6 11 3.279 5.05
6 12 19.0 29.777
6 13 1.96 1.644
6 14 6.112 13.415
6 15 5.658 9.333
6 16 5.408 6.948
6 17 2.212 2.116
6 18 16.993 24.811
6 19 0.522 0.481
7 8 14.325 24.324
7 9 6.497 15.03
7 10 0.198 0.246
7 11 13.631 22.352
7 12 19.323 28.747
7 13 1.842 1.793
7 14 3.937 9.577
7 15 12.516 17.567
7 16 14.736 22.823
7 17 0.516 0.483
7 18 11.66 19.181
7 19 1.152 1.377
8 9 1.15 1.091
8 10 12.622 18.436
8 11 6.301 10.767
8 12 14.996 26.343
8 13 17.408 22.76
8 14 4.006 7.638
8 15 1.044 1.31
8 16 7.891 11.207
8 17 7.136 12.437
8 18 10.206 15.813
8 19 12.186 15.844
9 10 20.644 27.118
9 11 16.759 28.655
9 12 20.664 27.311
9 13 33.182 41.522
9 14 6.104 13.41
9 15 19.214 17.582
9 16 20.666 33.808
9 17 30.56 43.771
9 18 6.087 11.517
9 19 17.666 22.27
10 11 2.917 6.569
10 12 32.531 44.908
10 13 0.516 0.506
10 14 7.445 10.276
10 15 10.369 20.603
10 16 14.782 23.462
10 17 0.097 0.135
10 18 22.381 30.639
10 19 1.018 1.072
11 12 5.465 9.728
11 13 34.994 46.824
11 14 21.284 33.632
11 15 8.032 12.651
11 16 21.659 29.976
11 17 10.348 13.808
11 18 11.075 15.157
11 19 7.49 18.69
12 13 9.651 21.663
12 14 1.179 1.677
12 15 11.944 23.405
12 16 10.51 21.635
12 17 12.061 22.456
12 18 0.183 0.193
12 19 11.129 23.378
13 14 19.179 32.914
13 15 17.142 22.304
13 16 21.196 36.468
13 17 0.113 0.103
13 18 12.945 19.115
13 19 0.349 0.363
14 15 16.427 23.296
14 16 10.91 17.091
14 17 15.092 24.326
14 18 7.328 6.562
14 19 10.089 23.006
15 16 11.03 16.906
15 17 16.817 36.418
15 18 19.967 28.671
15 19 18.022 27.148
16 17 19.006 28.043
16 18 25.338 32.592
16 19 19.867 35.341
17 18 18.131 36.005
17 19 5.201 4.529
18 19 10.011 21.951