20
70
0 1 70.343 16.902
0 2 97.608 26.353
0 3 9.906 56.819
0 4 71.159 41.288
0 5 95.276 46.376
0 6 93.865 1.665
0 7 1.719 75.781
0 8 5.063 64.14
0 9 72.544 18.931
0 10 19.142 31.765
0 11 93.718 2.023
0 12 97.623 73.739
0 13 50.315 35.373
0 14 99.865 66.701
0 15 72.93 3.763
0 16 94.946 2.408
0 17 99.487 74.17
0 18 18.888 61.107
0 19 29.126 3.538
1 2 53.701 3.561
1 3 97.313 1.594
1 4 53.439 22.12
1 5 11.211 47.697
1 6 82.125 0.312
1 7 27.145 18.304
1 8 51.868 34.377
1 9 35.377 1.436
1 10 74.559 69.061
1 11 21.917 53.823
1 12 14.493 2.374
1 13 1.7 15.877
1 14 96.545 9.805
1 15 74.971 0.758
1 16 48.894 21.125
1 17 68.803 3.84
1 18 79.306 84.655
1 19 90.811 39.685
2 3 88.931 70.99
2 4 0.204 70.345
2 5 22.141 8.679
2 6 53.652 64.212
2 7 42.031 77.851
2 8 99.724 35.839
2 9 75.171 22.219
2 10 26.482 74.934
2 11 66.936 93.651
2 12 85.904 74.199
2 13 4.683 83.53
2 14 49.202 30.392
2 15 10.594 22.792
2 16 77.485 56.518
2 17 67.993 3.852
2 18 91.732 40.627
2 19 22.511 70.101
3 4 26.105 21.464
3 5 29.265 0.43
3 6 25.437 34.145
3 7 86.403 67.331
3 8 20.074 80.687
3 9 74.22 3.49
3 10 96.894 2.763
3 11 30.831 12.553
3 12 38.35 3.866
3 13 41.824 74.8
3 14 48.64 63.323
3 15 25.882 11.758
3 16 64.335 3.486
3 17 34.112 69.392
3 18 89.804 1.087
3 19 33.956 44.599
4 5 64.351 77.945
4 6 13.838 1.155
4 7 90.191 1.036
4 8 87.753 0.975
4 9 98.888 78.312
4 10 69.248 1.004
4 11 85.924 54.283
4 12 73.303 1.079
4 13 67.3 50.126
4 14 5.825 48.405
4 15 48.735 44.243
4 16 78.603 41.26
4 17 4.186 47.68
4 18 33.955 44.608
4 19 59.448 39.588
5 6 71.766 3.853
5 7 19.656 23.254
5 8 87.62 47.155
5 9 28.188 19.869
5 10 49.125 15.137
5 11 28.161 65.679
5 12 14.058 90.817
5 13 91.69 60.397
5 14 67.835 3.801
5 15 86.549 77.094
5 16 89.326 89.99
5 17 48.949 71.045
5 18 56.894 99.629
5 19 78.902 92.569
6 7 37.958 87.573
6 8 58.634 36.647
6 9 27.305 95.778
6 10 69.874 1.913
6 11 16.247 58.375
6 12 97.993 46.656
6 13 86.223 96.423
6 14 44.129 2.836
6 15 89.901 8.828
6 16 45.522 6.81
6 17 77.901 1.918
6 18 37.227 2.524
6 19 83.591 9.233
7 8 91.46 1.128
7 9 9.291 52.5
7 10 78.973 1.129
7 11 29.288 36.593
7 12 92.565 1.09
7 13 48.177 22.219
7 14 26.018 55.9
7 15 21.311 86.782
7 16 4.173 43.804
7 17 90.831 55.054
7 18 34.824 76.208
7 19 23.678 57.25
8 9 73.398 75.899
8 10 73.13 1.127
8 11 78.391 16.423
8 12 79.16 1.115
8 13 18.34 42.086
8 14 83.432 57.849
8 15 45.669 1.718
8 16 15.343 10.684
8 17 17.568 43.029
8 18 97.002 72.182
8 19 35.174 82.635
9 10 59.426 6.51
9 11 66.114 54.033
9 12 62.525 17.125
9 13 27.744 86.212
9 14 88.937 33.153
9 15 96.664 23.606
9 16 98.973 3.54
9 17 81.572 12.345
9 18 88.783 42.874
9 19 85.285 18.117
10 11 71.155 60.245
10 12 97.911 1.109
10 13 14.334 78.39
10 14 79.937 99.942
10 15 92.149 54.63
10 16 31.728 7.395
10 17 80.487 67.832
10 18 54.113 55.52
10 19 63.71 77.261
11 12 99.373 35.331
11 13 68.006 3.363
11 14 63.546 71.73
11 15 3.85 53.171
11 16 75.971 42.373
11 17 69.545 58.787
11 18 99.409 3.62
11 19 81.058 25.553
12 13 13.012 93.308
12 14 72.781 86.667
12 15 60.889 69.976
12 16 50.914 31.176
12 17 50.31 79.478
12 18 46.379 58.618
12 19 90.492 3.178
13 14 33.108 82.046
13 15 54.064 28.234
13 16 46.585 10.718
13 17 56.67 35.821
13 18 89.322 3.646
13 19 49.885 32.847
14 15 34.547 1.474
14 16 31.147 94.587
14 17 98.657 2.831
14 18 32.539 6.371
14 19 97.911 25.585
15 16 24.163 22.288
15 17 79.65 87.764
15 18 26.509 33.106
15 19 91.98 3.357
16 17 1.455 88.99
16 18 93.248 17.31
16 19 54.214 23.863
17 18 53.72 94.012
17 19 22.363 66.794
18 19 37.755 53.934
