20
96.489
0 1 65.727 21.847
0 2 96.222 48.591
0 3 58.143 38.094
0 4 45.164 21.586
0 5 10.148 27.595
0 6 69.124 34.944
0 7 42.378 21.239
0 8 12.457 12.632
0 9 88.264 46.799
0 10 1.372 0.001
0 11 0.336 0.01
0 12 0 0
0 13 0 0
0 14 0 0
0 15 0 0
0 16 0 0
0 17 0 0
0 18 0 0
0 19 0 0
1 2 65.974 30.42
1 3 48.488 25.119
1 4 44.843 26.5
1 5 10 44
1 6 91 33.5
1 7 45 29
1 8 72 33.5
1 9 2 25
1 10 0.112 0.02
1 11 2.33 0.035
1 12 0 0
1 13 0 0
1 14 0 0
1 15 0 0
1 16 0 0
1 17 0 0
1 18 0 0
1 19 0 0
2 3 69.42 9.611
2 4 42.069 8.47
2 5 12 30
2 6 97.612 44
2 7 18 49.5
2 8 20 18.5
2 9 46 36.5
2 10 0 0.035
2 11 0 0.03
2 12 1.72 0
2 13 0 0
2 14 0.542 0
2 15 1.982 0
2 16 0 0
2 17 0 12.255
2 18 0.02 2.965
2 19 0 1.11
3 4 45.364 5.14
3 5 27 47.5
3 6 14.12 22.795
3 7 26 25
3 8 55 24
3 9 28 22.5
3 10 0 0
3 11 0 0
3 12 1.41 0
3 13 0.661 0.055
3 14 0 0
3 15 0.69 0.115
3 16 0 0
3 17 0 1.605
3 18 0 0.11
3 19 4.12 19.105
4 5 35 30
4 6 21 45
4 7 65 27.5
4 8 88 37
4 9 72 44.5
4 10 0 0
4 11 0 1.47
4 12 0 0
4 13 1.537 0
4 14 3.925 0.51
4 15 2.16 0.065
4 16 0 0
4 17 0 1.09
4 18 0 0
4 19 0 8.565
5 6 33.82 4.098
5 7 13.991 0.914
5 8 6.56 1.65
5 9 36 12
5 10 0 0
5 11 0 0
5 12 0 0
5 13 0 0
5 14 0 0
5 15 0 0
5 16 0.37 0
5 17 0 0
5 18 0 0
5 19 0 0
6 7 5.22 0.365
6 8 27.294 3.055
6 9 57.98 41.91
6 10 0 0
6 11 0 0
6 12 0 0
6 13 0 0
6 14 0 0
6 15 0 0
6 16 0.98 0
6 17 0 0
6 18 0 0
6 19 0 0
7 8 55.232 9.565
7 9 17.89 7.73
7 10 0 0
7 11 0 0
7 12 0 0
7 13 0 0
7 14 0 0
7 15 0 0
7 16 2.21 0
7 17 0 0
7 18 0 0
7 19 0 0
8 9 18.87 36.245
8 10 0 0
8 11 0 0
8 12 0 0
8 13 0 0
8 14 0 0
8 15 0 0
8 16 0 0
8 17 0 8.02
8 18 0 0
8 19 0 0
9 10 0 0
9 11 0 0
9 12 0 0
9 13 0 0
9 14 0 0
9 15 0 0
9 16 0 0
9 17 0.05 0.025
9 18 0.002 0.003
9 19 0.048 0.035
10 11 0 0
10 12 0 0
10 13 0 0
10 14 0 0
10 15 0 0
10 16 0 0
10 17 0 0
10 18 0 0
10 19 0 0
11 12 0 0
11 13 0 0
11 14 0 0
11 15 0 0
11 16 0 0
11 17 0 0
11 18 0 0
11 19 0 0
12 13 2.1 0
12 14 1.13 0
12 15 0.23 0.155
12 16 0 0
12 17 0 0
12 18 0 0
12 19 0 0
13 14 3.14 0
13 15 2.33 0
13 16 0 0
13 17 0 0
13 18 0 13.45
13 19 0 0
14 15 1.3 0
14 16 0 0
14 17 0 0
14 18 0 0
14 19 0 16.22
15 16 0 0
15 17 0 0
15 18 0 0
15 19 0 0
16 17 0 0
16 18 0 0
16 19 0 0
17 18 1.1 0
17 19 0.007 0
18 19 0.15 0