20
99.999
0 1 30 1
0 2 30 5
0 3 32 1
0 4 38 3
0 5 1 44
0 6 1 49
0 7 1 43
0 8 1 31
0 9 3 44
0 10 5 38
0 11 1 48
0 12 2 33
0 13 4 46
0 14 2 39
0 15 4 46
0 16 1 42
0 17 3 44
0 18 1 40
0 19 4 48
1 2 45 3
1 3 48 1
1 4 46 2
1 5 4 32
1 6 4 38
1 7 5 38
1 8 3 45
1 9 2 34
1 10 1 35
1 11 1 48
1 12 2 49
1 13 2 44
1 14 3 36
1 15 1 39
1 16 2 36
1 17 3 38
1 18 2 35
1 19 1 40
2 3 41 5
2 4 36 1
2 5 3 35
2 6 5 42
2 7 5 32
2 8 2 44
2 9 1 31
2 10 4 45
2 11 2 42
2 12 2 41
2 13 3 42
2 14 2 38
2 15 2 40
2 16 4 46
2 17 3 46
2 18 2 39
2 19 2 35
3 4 32 1
3 5 4 40
3 6 2 39
3 7 4 37
3 8 5 31
3 9 1 50
3 10 3 45
3 11 3 39
3 12 1 44
3 13 5 33
3 14 1 34
3 15 4 34
3 16 3 34
3 17 2 49
3 18 2 30
3 19 3 34
4 5 1 37
4 6 1 40
4 7 1 34
4 8 4 40
4 9 5 40
4 10 3 42
4 11 5 40
4 12 1 48
4 13 4 38
4 14 5 43
4 15 2 38
4 16 2 47
4 17 2 47
4 18 4 48
4 19 4 42
5 6 43 1
5 7 43 1
5 8 34 1
5 9 37 1
5 10 2 48
5 11 5 31
5 12 5 40
5 13 1 45
5 14 1 47
5 15 2 30
5 16 1 37
5 17 2 32
5 18 1 47
5 19 5 48
6 7 37 3
6 8 40 2
6 9 36 2
6 10 4 47
6 11 1 34
6 12 3 33
6 13 3 46
6 14 2 37
6 15 4 39
6 16 4 32
6 17 2 34
6 18 2 37
6 19 4 35
7 8 30 3
7 9 46 1
7 10 3 45
7 11 4 34
7 12 4 49
7 13 1 32
7 14 2 32
7 15 2 30
7 16 1 34
7 17 2 39
7 18 4 39
7 19 4 32
8 9 46 1
8 10 4 35
8 11 5 39
8 12 5 35
8 13 3 45
8 14 5 33
8 15 5 47
8 16 3 48
8 17 2 35
8 18 3 39
8 19 4 34
9 10 5 38
9 11 1 48
9 12 3 35
9 13 5 46
9 14 4 36
9 15 4 48
9 16 4 48
9 17 4 33
9 18 3 44
9 19 5 43
10 11 49 2
10 12 38 2
10 13 50 2
10 14 50 3
10 15 4 42
10 16 2 45
10 17 2 36
10 18 3 34
10 19 3 35
11 12 37 1
11 13 30 3
11 14 31 2
11 15 5 32
11 16 4 34
11 17 1 38
11 18 5 49
11 19 4 37
12 13 30 2
12 14 48 1
12 15 4 30
12 16 3 35
12 17 5 36
12 18 3 43
12 19 5 42
13 14 37 5
13 15 5 41
13 16 4 41
13 17 4 35
13 18 5 46
13 19 1 46
14 15 3 44
14 16 4 46
14 17 1 42
14 18 3 36
14 19 3 46
15 16 46 2
15 17 31 3
15 18 48 1
15 19 36 1
16 17 33 2
16 18 31 2
16 19 33 2
17 18 45 3
17 19 50 4
18 19 50 2
