20
75
0 1 49 3.577
0 2 49 3.578
0 3 45 3.579
0 4 45 3.569
0 5 50 3.579
0 6 49 3.58
0 7 51 3.577
0 8 51 3.577
0 9 46 3.568
0 10 48 3.58
0 11 53 3.58
0 12 47 3.577
0 13 49 3.58
0 14 47 3.58
0 15 52 3.578
0 16 48 3.577
0 17 49 3.578
0 18 53 3.579
0 19 45 3.578
1 2 54 3.579
1 3 48 3.58
1 4 49 3.58
1 5 51 3.57
1 6 46 3.58
1 7 51 3.577
1 8 53 3.58
1 9 53 3.578
1 10 49 3.579
1 11 54 3.579
1 12 47 3.58
1 13 54 3.58
1 14 53 3.577
1 15 52 3.579
1 16 48 3.578
1 17 46 3.568
1 18 51 3.577
1 19 53 3.578
2 3 53 3.579
2 4 48 3.578
2 5 53 3.58
2 6 47 3.58
2 7 46 3.58
2 8 48 3.578
2 9 50 3.576
2 10 47 3.577
2 11 47 3.569
2 12 45 3.577
2 13 50 3.58
2 14 50 3.579
2 15 54 3.567
2 16 49 3.578
2 17 52 3.579
2 18 49 3.577
2 19 54 3.578
3 4 45 3.577
3 5 46 3.578
3 6 48 3.578
3 7 47 3.58
3 8 54 3.578
3 9 51 3.577
3 10 53 3.568
3 11 52 3.577
3 12 53 3.58
3 13 50 3.569
3 14 45 3.579
3 15 45 3.577
3 16 51 3.579
3 17 52 3.577
3 18 46 3.58
3 19 45 3.577
4 5 52 3.579
4 6 48 3.577
4 7 47 3.578
4 8 50 3.579
4 9 45 3.568
4 10 46 3.577
4 11 46 3.579
4 12 48 3.577
4 13 49 3.577
4 14 52 3.58
4 15 46 3.578
4 16 51 3.577
4 17 48 3.578
4 18 45 3.579
4 19 49 3.579
5 6 46 3.578
5 7 53 3.579
5 8 50 3.579
5 9 54 3.579
5 10 51 3.58
5 11 52 3.578
5 12 51 3.578
5 13 50 3.58
5 14 47 3.577
5 15 52 3.577
5 16 51 3.578
5 17 54 3.57
5 18 54 3.579
5 19 50 3.577
6 7 45 3.57
6 8 51 3.579
6 9 49 3.578
6 10 54 3.58
6 11 49 3.58
6 12 53 3.578
6 13 52 3.579
6 14 51 3.577
6 15 49 3.58
6 16 54 3.576
6 17 51 3.58
6 18 49 3.57
6 19 48 3.578
7 8 54 3.578
7 9 45 3.579
7 10 51 3.578
7 11 45 3.578
7 12 51 3.577
7 13 50 3.58
7 14 50 3.579
7 15 47 3.579
7 16 52 3.579
7 17 49 3.578
7 18 46 3.569
7 19 49 3.577
8 9 52 3.58
8 10 52 3.58
8 11 47 3.578
8 12 45 3.58
8 13 52 3.58
8 14 46 3.579
8 15 45 3.578
8 16 45 3.568
8 17 48 3.579
8 18 53 3.579
8 19 45 3.579
9 10 52 3.579
9 11 53 3.578
9 12 46 3.578
9 13 52 3.579
9 14 45 3.576
9 15 48 3.578
9 16 45 3.58
9 17 48 3.58
9 18 45 3.578
9 19 51 3.578
10 11 46 3.58
10 12 45 3.58
10 13 53 3.57
10 14 50 3.58
10 15 49 3.577
10 16 45 3.578
10 17 47 3.578
10 18 45 3.579
10 19 51 3.578
11 12 54 3.579
11 13 49 3.58
11 14 51 3.578
11 15 52 3.57
11 16 52 3.579
11 17 54 3.578
11 18 48 3.579
11 19 54 3.58
12 13 47 3.578
12 14 53 3.57
12 15 45 3.579
12 16 51 3.578
12 17 54 3.579
12 18 46 3.577
12 19 48 3.569
13 14 48 3.577
13 15 46 3.577
13 16 54 3.58
13 17 53 3.578
13 18 48 3.577
13 19 49 3.577
14 15 52 3.579
14 16 52 3.577
14 17 52 3.577
14 18 49 3.577
14 19 53 3.57
15 16 46 3.577
15 17 54 3.579
15 18 51 3.577
15 19 53 3.579
16 17 54 3.578
16 18 53 3.579
16 19 48 3.576
17 18 52 3.58
17 19 49 3.58
18 19 45 3.576
