20
50
0 1 6.791 48.056
0 2 5.317 39.774
0 3 6.187 35.118
0 4 7.383 43.246
0 5 5.213 40.540
0 6 5.496 48.568
0 7 6.957 45.544
0 8 7.306 39.381
0 9 6.591 46.058
0 10 5.017 21.151
0 11 7.525 21.436
0 12 5.761 22.067
0 13 6.311 26.830
0 14 5.117 43.415
0 15 13.381 7.917
0 16 5.796 37.444
0 17 5.207 48.331
0 18 6.866 48.754
0 19 6.495 44.102
1 2 13.976 0.957
1 3 6.546 22.928
1 4 13.993 3.638
1 5 13.064 0.495
1 6 5.263 27.333
1 7 5.317 43.075
1 8 5.745 47.046
1 9 6.244 24.104
1 10 6.724 29.107
1 11 5.556 28.467
1 12 5.752 25.491
1 13 7.356 39.043
1 14 7.000 40.225
1 15 5.583 39.393
1 16 7.806 34.931
1 17 12.464 0.850
1 18 13.972 1.975
1 19 7.186 38.955
2 3 7.722 49.832
2 4 13.401 0.000
2 5 12.988 0.000
2 6 7.437 40.035
2 7 6.751 26.282
2 8 5.735 22.453
2 9 7.803 40.113
2 10 6.297 21.323
2 11 6.839 34.878
2 12 6.545 44.328
2 13 7.438 33.850
2 14 6.088 34.402
2 15 7.676 40.974
2 16 7.786 27.827
2 17 12.446 0.000
2 18 13.667 0.000
2 19 7.525 41.314
3 4 7.129 43.092
3 5 5.179 37.279
3 6 6.582 40.691
3 7 13.339 1.319
3 8 6.047 33.604
3 9 7.932 41.332
3 10 13.325 2.323
3 11 7.210 31.948
3 12 13.651 4.275
3 13 6.174 25.274
3 14 7.769 20.858
3 15 7.386 31.555
3 16 6.688 21.436
3 17 7.855 43.660
3 18 7.501 40.318
3 19 6.784 36.341
4 5 12.659 0.000
4 6 6.554 35.346
4 7 7.768 27.371
4 8 6.165 41.246
4 9 5.682 38.875
4 10 6.183 46.911
4 11 7.573 45.141
4 12 6.294 36.840
4 13 5.135 36.021
4 14 5.054 32.996
4 15 6.002 34.923
4 16 7.970 33.539
4 17 12.341 0.000
4 18 13.561 0.000
4 19 5.809 29.277
5 6 5.204 30.066
5 7 5.033 40.048
5 8 5.702 28.972
5 9 5.835 28.262
5 10 6.370 45.892
5 11 7.317 46.780
5 12 5.578 34.297
5 13 7.647 43.019
5 14 7.663 47.918
5 15 7.877 30.684
5 16 5.013 33.238
5 17 12.129 0.000
5 18 12.843 0.000
5 19 7.107 28.630
6 7 7.196 39.647
6 8 5.967 27.627
6 9 6.692 44.644
6 10 5.399 23.438
6 11 6.856 30.641
6 12 6.748 22.278
6 13 7.129 41.308
6 14 7.201 26.315
6 15 7.602 29.948
6 16 12.581 7.917
6 17 6.671 44.740
6 18 6.281 23.310
6 19 5.585 36.968
7 8 6.541 31.595
7 9 7.653 30.486
7 10 13.231 0.000
7 11 5.513 20.350
7 12 12.585 0.000
7 13 5.829 25.230
7 14 7.274 46.000
7 15 5.146 30.865
7 16 6.979 40.274
7 17 5.644 26.116
7 18 5.851 38.184
7 19 5.047 21.945
8 9 6.944 38.405
8 10 6.828 40.040
8 11 12.929 2.363
8 12 5.814 36.212
8 13 12.795 5.079
8 14 6.480 44.322
8 15 7.806 25.886
8 16 7.383 27.152
8 17 7.743 28.400
8 18 5.581 37.457
8 19 13.723 0.474
9 10 7.265 46.525
9 11 6.445 45.550
9 12 5.662 26.588
9 13 7.178 32.394
9 14 12.654 7.917
9 15 6.225 36.997
9 16 7.285 37.678
9 17 5.887 49.413
9 18 5.057 48.703
9 19 6.932 41.148
10 11 7.115 30.037
10 12 12.670 0.000
10 13 5.572 44.398
10 14 5.733 45.864
10 15 6.441 45.708
10 16 6.844 29.579
10 17 6.292 36.058
10 18 7.385 49.586
10 19 5.459 22.489
11 12 7.641 31.692
11 13 12.104 0.000
11 14 5.269 38.370
11 15 6.808 39.020
11 16 6.942 24.294
11 17 6.545 48.089
11 18 5.788 28.003
11 19 12.344 0.000
12 13 6.023 47.014
12 14 5.867 27.589
12 15 6.662 42.386
12 16 5.863 23.388
12 17 5.838 29.886
12 18 5.097 20.183
12 19 7.602 26.090
13 14 7.030 29.486
13 15 7.449 26.948
13 16 7.714 38.026
13 17 7.403 34.395
13 18 5.196 22.986
13 19 13.008 0.000
14 15 6.530 32.588
14 16 5.941 26.647
14 17 5.582 37.211
14 18 7.051 31.819
14 19 7.875 27.770
15 16 5.432 35.944
15 17 5.781 33.141
15 18 7.106 39.420
15 19 5.775 36.198
16 17 7.842 39.902
16 18 7.078 26.592
16 19 5.144 29.706
17 18 12.092 0.000
17 19 6.954 37.030
18 19 6.134 35.529
