20
99
0 1 6.157 42.027
0 2 31.497 33.462
0 3 4.702 13.339
0 4 55.75 6.262
0 5 23.772 43.392
0 6 3.457 22.404
0 7 57.319 35.459
0 8 56.757 1.518
0 9 32.813 21.528
0 10 67.417 0.338
0 11 17.69 43.824
0 12 69.627 3.196
0 13 9.358 13.952
0 14 43.13 30.302
0 15 55.472 51.894
0 16 91.755 3.405
0 17 12.837 56.902
0 18 24.734 44.363
0 19 56.611 41.821
1 2 3.442 16.738
1 3 5.265 35.605
1 4 6.709 34.124
1 5 62.419 3.208
1 6 3.348 19.668
1 7 25.011 9.649
1 8 3.933 2.994
1 9 53.62 6.074
1 10 12.0 45.77
1 11 97.025 8.988
1 12 46.153 8.785
1 13 44.18 54.667
1 14 39.293 29.556
1 15 25.398 55.905
1 16 7.12 58.521
1 17 50.363 46.451
1 18 57.388 3.591
1 19 29.617 12.442
2 3 36.054 7.229
2 4 23.273 7.605
2 5 1.841 23.732
2 6 56.979 2.594
2 7 24.287 52.253
2 8 20.51 17.079
2 9 70.932 2.965
2 10 4.709 58.497
2 11 13.06 57.679
2 12 49.257 11.121
2 13 51.725 55.525
2 14 17.41 1.362
2 15 32.548 26.029
2 16 36.837 48.696
2 17 49.769 0.288
2 18 16.526 1.639
2 19 69.657 2.123
3 4 71.745 1.087
3 5 49.678 9.864
3 6 49.172 56.047
3 7 11.679 56.371
3 8 32.372 10.419
3 9 35.953 49.595
3 10 52.63 44.46
3 11 48.036 48.959
3 12 39.825 35.813
3 13 73.217 2.698
3 14 79.987 1.054
3 15 55.023 21.125
3 16 32.77 52.425
3 17 55.192 36.788
3 18 75.883 2.391
3 19 12.807 32.314
4 5 6.83 31.298
4 6 19.633 35.853
4 7 59.641 31.17
4 8 53.849 42.87
4 9 37.72 30.382
4 10 26.583 54.992
4 11 14.631 37.842
4 12 23.09 38.24
4 13 69.081 2.405
4 14 66.325 0.709
4 15 23.79 59.644
4 16 8.44 4.005
4 17 23.852 44.965
4 18 64.244 1.148
4 19 1.368 1.046
5 6 24.383 7.365
5 7 51.585 30.729
5 8 44.521 55.438
5 9 11.803 42.896
5 10 14.512 19.436
5 11 91.037 6.803
5 12 53.572 57.886
5 13 51.215 58.967
5 14 29.511 42.7
5 15 0.686 50.37
5 16 35.882 47.486
5 17 43.1 27.109
5 18 18.429 38.237
5 19 28.932 55.254
6 7 47.092 58.991
6 8 46.86 49.861
6 9 62.058 1.687
6 10 40.389 56.027
6 11 55.507 6.436
6 12 55.072 59.151
6 13 52.285 23.127
6 14 49.903 44.246
6 15 18.505 27.467
6 16 13.137 55.056
6 17 52.168 2.66
6 18 16.883 19.615
6 19 64.512 1.09
7 8 2.951 15.468
7 9 36.473 18.671
7 10 2.063 57.103
7 11 6.062 53.514
7 12 51.711 17.703
7 13 52.04 54.322
7 14 2.821 51.6
7 15 44.02 19.0
7 16 50.081 19.236
7 17 17.302 39.513
7 18 52.602 21.58
7 19 16.451 44.848
8 9 18.397 33.075
8 10 79.443 1.031
8 11 11.741 12.103
8 12 60.891 4.605
8 13 54.476 51.845
8 14 45.684 40.572
8 15 12.965 0.874
8 16 99.607 4.012
8 17 59.529 54.168
8 18 7.415 51.905
8 19 42.611 59.214
9 10 51.556 43.349
9 11 41.542 42.001
9 12 34.131 14.853
9 13 9.708 58.433
9 14 43.397 43.811
9 15 33.144 22.343
9 16 43.882 40.089
9 17 63.458 1.201
9 18 37.022 48.479
9 19 40.698 3.424
10 11 48.325 19.859
10 12 53.345 0.1
10 13 48.636 41.222
10 14 24.2 35.38
10 15 49.528 54.446
10 16 65.367 0.289
10 17 59.806 58.947
10 18 36.042 44.089
10 19 41.301 18.749
11 12 15.881 7.176
11 13 45.694 44.491
11 14 46.394 26.685
11 15 34.957 10.347
11 16 10.068 12.808
11 17 11.936 34.998
11 18 2.896 10.59
11 19 12.42 6.429
12 13 6.875 51.962
12 14 59.84 41.095
12 15 44.841 27.326
12 16 51.614 0.505
12 17 34.325 39.465
12 18 29.911 48.367
12 19 0.054 1.509
13 14 43.215 2.436
13 15 57.83 58.489
13 16 50.796 59.606
13 17 20.13 45.733
13 18 45.232 2.641
13 19 58.178 45.116
14 15 51.458 58.323
14 16 20.277 18.638
14 17 56.194 10.077
14 18 60.714 2.431
14 19 46.579 1.088
15 16 6.408 14.432
15 17 7.448 52.498
15 18 1.914 15.942
15 19 44.449 11.208
16 17 34.759 16.3
16 18 50.978 50.322
16 19 50.113 54.653
17 18 35.629 17.838
17 19 60.118 0.97
18 19 1.361 23.243
