20
37.2
0 1 45.2 21.3
0 2 38.3 17.9
0 3 25.4 11.8
0 4 22.3 1.1
0 5 27.5 10.3
0 6 40.1 9.6
0 7 32.7 0.8
0 8 35.9 0.5
0 9 28.1 14.2
0 10 32.4 15.1
0 11 34.1 19.4
0 12 21.3 5.6
0 13 36.7 17.3
0 14 19.8 6.1
0 15 24.6 23.7
0 16 40.5 20.6
0 17 45.9 31.2
0 18 33.8 11.9
0 19 37.1 19.2
1 2 24.3 1.2
1 3 35.3 8.4
1 4 22.4 9.5
1 5 22.4 1.4
1 6 22.4 8.4
1 7 35.6 18.3
1 8 34.5 12.9
1 9 18.6 18.6
1 10 31.4 17.4
1 11 38.5 16.1
1 12 17.3 9.3
1 13 32.2 19.9
1 14 21.6 6.3
1 15 22.3 28.9
1 16 37.5 22.8
1 17 42.3 34.9
1 18 37.4 7.7
1 19 36.9 17.7
2 3 35.2 15.4
2 4 32.8 12.5
2 5 28.0 1.6
2 6 41.1 9.4
2 7 39.6 11.1
2 8 34.4 9.5
2 9 44.4 13.3
2 10 56.3 39.2
2 11 15.3 6.0
2 12 48.3 29.1
2 13 42.1 26.7
2 14 32.5 17.6
2 15 20.4 5.8
2 16 45.7 22.2
2 17 60.2 40.5
2 18 36.8 19.3
2 19 28.6 14.9
3 4 40.7 11.8
3 5 31.8 9.2
3 6 34.1 2.1
3 7 38.9 14.6
3 8 35.8 8.7
3 9 33.3 1.9
3 10 33.7 17.7
3 11 39.0 15.8
3 12 20.9 6.7
3 13 34.3 21.6
3 14 20.9 6.5
3 15 29.2 21.8
3 16 41.2 19.5
3 17 43.0 28.3
3 18 33.3 9.8
3 19 38.0 14.9
4 5 29.6 10.3
4 6 27.3 15.4
4 7 32.1 1.2
4 8 25.4 1.5
4 9 40.6 9.8
4 10 28.5 13.9
4 11 32.2 15.6
4 12 19.1 6.3
4 13 32.2 17.1
4 14 15.2 8.7
4 15 26.0 26.0
4 16 39.2 16.8
4 17 44.1 29.2
4 18 31.2 8.4
4 19 38.5 15.3
5 6 45.9 20.1
5 7 41.3 19.3
5 8 37.2 11.1
5 9 33.6 15.4
5 10 29.8 15.0
5 11 34.8 22.2
5 12 16.5 6.9
5 13 39.6 15.6
5 14 17.7 11.0
5 15 25.7 27.0
5 16 36.6 17.1
5 17 45.5 32.9
5 18 30.6 13.1
5 19 41.6 15.3
6 7 26.1 23.2
6 8 21.3 17.4
6 9 30.7 1.4
6 10 30.4 15.5
6 11 30.9 23.5
6 12 23.7 9.9
6 13 40.4 16.4
6 14 16.7 6
6 15 25.8 25.8
6 16 44.8 17.2
6 17 49.1 33.0
6 18 38.6 9.5
6 19 35.6 16.2
7 8 25.6 0.9
7 9 36.6 13.3
7 10 30.7 12.3
7 11 37.7 17.9
7 12 22.7 6
7 13 33.5 16.5
7 14 17.0 10.8
7 15 26.5 24.4
7 16 38.4 24.3
7 17 44.3 32.2
7 18 38.5 8.4
7 19 40.7 14.5
8 9 42.2 26.6
8 10 30.3 11.9
8 11 31.7 16.8
8 12 16.5 10.1
8 13 40.3 13.9
8 14 21.8 6
8 15 20.6 28.4
8 16 39.3 16.6
8 17 43.5 28.3
8 18 29.1 9.7
8 19 41.3 21.8
9 10 32.1 12.2
9 11 37.4 19.2
9 12 18.9 6
9 13 36.7 13.2
9 14 16.0 10.0
9 15 22.0 18.7
9 16 40.8 25.2
9 17 50.4 28.1
9 18 33.9 11.0
9 19 33.0 23.1
10 11 45.2 21.3
10 12 38.3 17.9
10 13 25.4 11.8
10 14 22.3 1.1
10 15 27.5 10.3
10 16 40.1 9.6
10 17 32.7 0.8
10 18 35.9 0.5
10 19 28.1 14.2
11 12 24.3 1.2
11 13 35.3 8.4
11 14 22.4 9.5
11 15 22.4 1.4
11 16 22.4 8.4
11 17 35.6 18.3
11 18 34.5 12.9
11 19 18.6 18.6
12 13 35.2 15.4
12 14 32.8 12.5
12 15 28.0 1.6
12 16 41.1 9.4
12 17 39.6 11.1
12 18 34.4 9.5
12 19 44.4 13.3
13 14 40.7 11.8
13 15 31.8 9.2
13 16 34.1 2.1
13 17 38.9 14.6
13 18 35.8 8.7
13 19 33.3 1.9
14 15 29.6 10.3
14 16 27.3 15.4
14 17 32.1 1.2
14 18 25.4 1.5
14 19 40.6 9.8
15 16 45.9 20.1
15 17 41.3 19.3
15 18 37.2 11.1
15 19 33.6 15.4
16 17 26.1 23.2
16 18 21.3 17.4
16 19 30.7 1.4
17 18 25.6 0.9
17 19 36.6 13.3
18 19 42.2 26.6