20
99
0 1 41.478 0.206
0 2 16.594 66.484
0 3 98.537 91.091
0 4 38.864 58.247
0 5 74.29 95.314
0 6 87.452 2.066
0 7 31.228 23.501
0 8 59.559 77.768
0 9 56.091 68.02
0 10 44.758 70.491
0 11 62.179 70.907
0 12 12.676 52.652
0 13 13.773 23.387
0 14 8.39 60.172
0 15 54.892 83.202
0 16 62.869 24.536
0 17 59.534 56.573
0 18 10.988 75.323
0 19 66.419 27.171
1 2 41.488 0.801
1 3 59.074 81.649
1 4 19.097 98.507
1 5 96.575 32.783
1 6 53.556 31.566
1 7 9.553 58.547
1 8 81.935 48.513
1 9 72.769 63.024
1 10 80.461 87.197
1 11 15.452 16.811
1 12 58.322 43.164
1 13 9.38 95.843
1 14 24.611 79.871
1 15 45.281 74.584
1 16 1.896 87.387
1 17 72.078 72.931
1 18 10.876 79.496
1 19 81.736 52.329
2 3 42.752 87.258
2 4 20.975 72.873
2 5 22.518 16.022
2 6 2.468 92.535
2 7 92.548 70.328
2 8 17.866 79.755
2 9 86.65 50.067
2 10 94.047 90.145
2 11 85.31 45.25
2 12 53.143 29.51
2 13 7.193 12.397
2 14 36.636 3.358
2 15 69.4 76.492
2 16 16.712 78.954
2 17 74.094 51.771
2 18 53.667 89.162
2 19 66.928 27.04
3 4 43.496 58.43
3 5 54.001 60.916
3 6 64.008 96.22
3 7 83.68 76.622
3 8 2.008 25.031
3 9 64.479 90.068
3 10 62.335 58.052
3 11 69.698 89.397
3 12 78.164 60.113
3 13 46.447 76.521
3 14 97.674 13.769
3 15 46.585 69.784
3 16 95.322 84.727
3 17 74.854 46.171
3 18 54.62 10.25
3 19 80.068 31.999
4 5 39.079 1.316
4 6 72.812 67.653
4 7 87.143 74.245
4 8 6.762 20.36
4 9 81.69 36.736
4 10 55.39 31.422
4 11 78.877 38.918
4 12 59.005 22.091
4 13 0.382 86.978
4 14 74.594 45.759
4 15 7.671 29.483
4 16 82.09 99.848
4 17 23.81 14.554
4 18 31.295 55.0
4 19 81.145 3.362
5 6 67.165 39.532
5 7 93.872 34.172
5 8 99.591 27.796
5 9 70.648 53.158
5 10 37.657 65.211
5 11 51.744 69.203
5 12 37.593 88.454
5 13 93.144 53.384
5 14 5.694 9.537
5 15 52.029 28.295
5 16 81.172 41.534
5 17 56.587 80.534
5 18 61.383 63.267
5 19 42.828 57.808
6 7 66.452 62.132
6 8 43.15 28.142
6 9 93.717 69.823
6 10 69.834 75.923
6 11 63.313 77.358
6 12 32.511 2.621
6 13 37.949 25.233
6 14 96.917 88.254
6 15 17.088 10.755
6 16 16.187 15.02
6 17 37.899 12.42
6 18 44.88 68.7
6 19 0.702 88.598
7 8 53.315 28.23
7 9 36.974 92.032
7 10 87.739 61.213
7 11 41.623 11.41
7 12 60.229 28.834
7 13 82.672 90.112
7 14 57.627 58.292
7 15 1.437 89.368
7 16 94.337 92.102
7 17 91.183 75.849
7 18 5.954 23.557
7 19 17.512 1.909
8 9 74.135 12.619
8 10 24.083 75.289
8 11 47.984 82.553
8 12 82.134 34.737
8 13 22.019 83.131
8 14 46.894 65.729
8 15 80.839 58.328
8 16 82.139 30.168
8 17 64.583 84.692
8 18 88.449 98.166
8 19 33.942 0.733
9 10 66.835 86.28
9 11 69.511 14.751
9 12 70.644 82.59
9 13 63.952 29.487
9 14 71.375 54.801
9 15 29.467 85.454
9 16 12.066 6.254
9 17 52.59 2.379
9 18 34.341 26.656
9 19 30.629 80.403
10 11 27.336 18.286
10 12 65.148 61.297
10 13 70.033 6.937
10 14 13.446 35.985
10 15 30.917 84.639
10 16 23.121 2.37
10 17 89.637 25.087
10 18 18.417 76.247
10 19 75.149 67.497
11 12 45.593 62.503
11 13 24.235 23.641
11 14 4.596 37.544
11 15 79.696 79.675
11 16 91.051 53.565
11 17 21.63 70.738
11 18 10.327 77.957
11 19 27.676 31.007
12 13 91.964 59.542
12 14 90.12 33.553
12 15 80.83 80.004
12 16 64.623 66.239
12 17 19.196 40.516
12 18 80.797 61.916
12 19 47.488 46.294
13 14 66.87 66.886
13 15 18.132 47.168
13 16 35.831 19.99
13 17 96.59 30.711
13 18 11.093 45.528
13 19 69.69 0.806
14 15 80.002 43.35
14 16 76.03 33.102
14 17 55.119 66.096
14 18 5.754 72.186
14 19 12.888 53.998
15 16 17.106 55.984
15 17 39.091 86.766
15 18 18.457 18.335
15 19 24.256 62.978
16 17 64.342 20.623
16 18 26.229 38.994
16 19 60.536 15.221
17 18 29.079 47.221
17 19 13.225 31.749
18 19 65.415 77.675