20
99.69
0 1 75.449 8.3
0 2 30.735 18.413
0 3 37.992 4.073
0 4 91.561 7.997
0 5 49.539 12.22
0 6 91.532 6.52
0 7 29.576 13.528
0 8 80.076 10.471
0 9 56.284 2.836
0 10 52.56 5.052
0 11 35.737 15.027
0 12 41.01 15.381
0 13 47.549 2.342
0 14 40.159 5.152
0 15 79.804 9.302
0 16 42.787 15.317
0 17 93.771 13.04
0 18 66.395 2.627
0 19 35.705 3.979
1 2 51.523 1.801
1 3 63.24 15.949
1 4 67.5 2.961
1 5 80.758 18.132
1 6 84.824 15.044
1 7 45.178 7.269
1 8 76.831 16.37
1 9 74.034 12.774
1 10 23.508 12.885
1 11 34.876 11.34
1 12 92.499 16.083
1 13 76.99 11.934
1 14 99.646 19.412
1 15 67.276 19.576
1 16 25.399 5.875
1 17 54.948 7.604
1 18 93.246 5.785
1 19 76.334 1.164
2 3 73.154 9.115
2 4 52.323 3.868
2 5 90.887 8.286
2 6 27.858 9.257
2 7 21.113 17.114
2 8 39.815 15.222
2 9 56.808 16.974
2 10 29.778 1.149
2 11 47.478 2.29
2 12 47.728 2.935
2 13 54.736 2.66
2 14 74.135 8.929
2 15 65.606 11.677
2 16 84.212 9.449
2 17 29.483 14.602
2 18 65.029 8.361
2 19 47.487 5.649
3 4 85.73 3.838
3 5 25.656 15.379
3 6 31.231 13.03
3 7 20.989 4.914
3 8 89.886 7.427
3 9 65.273 12.23
3 10 35.712 18.382
3 11 95.708 3.476
3 12 26.368 17.721
3 13 65.921 4.87
3 14 96.38 2.326
3 15 70.043 3.137
3 16 45.811 15.27
3 17 89.109 1.34
3 18 44.261 2.323
3 19 56.784 0.656
4 5 75.179 6.893
4 6 33.262 5.924
4 7 57.733 10.838
4 8 87.732 7.237
4 9 98.708 15.616
4 10 44.001 5.762
4 11 47.315 10.218
4 12 33.653 12.647
4 13 20.53 10.601
4 14 43.776 19.608
4 15 27.061 9.078
4 16 60.725 5.926
4 17 64.174 5.241
4 18 41.561 1.278
4 19 23.759 13.782
5 6 62.942 8.823
5 7 62.617 12.67
5 8 96.569 0.407
5 9 68.994 16.89
5 10 39.568 19.423
5 11 46.133 16.031
5 12 60.381 4.229
5 13 64.362 5.38
5 14 74.628 3.608
5 15 74.105 4.138
5 16 39.609 1.789
5 17 72.762 14.564
5 18 47.08 16.966
5 19 97.184 12.236
6 7 28.599 4.472
6 8 83.744 4.787
6 9 77.954 19.78
6 10 21.519 15.562
6 11 55.804 7.605
6 12 86.285 13.94
6 13 75.304 0.405
6 14 64.678 9.554
6 15 40.721 9.777
6 16 47.411 15.928
6 17 27.797 9.656
6 18 47.926 0.625
6 19 97.247 1.938
7 8 63.013 12.73
7 9 87.135 11.531
7 10 90.847 8.13
7 11 21.618 7.566
7 12 55.628 5.881
7 13 88.178 14.383
7 14 33.21 3.364
7 15 43.11 2.471
7 16 74.026 3.127
7 17 60.141 10.081
7 18 54.12 12.42
7 19 53.157 9.578
8 9 82.224 1.972
8 10 35.784 5.767
8 11 77.595 9.934
8 12 84.283 5.641
8 13 59.508 8.001
8 14 63.993 4.429
8 15 55.842 5.689
8 16 50.589 8.397
8 17 37.74 16.659
8 18 71.763 6.795
8 19 64.892 17.839
9 10 80.284 3.407
9 11 98.165 19.594
9 12 37.425 0.414
9 13 52.771 8.969
9 14 22.28 13.652
9 15 20.307 8.522
9 16 34.132 14.514
9 17 59.469 4.723
9 18 95.275 6.522
9 19 91.124 3.139
10 11 61.764 2.754
10 12 75.29 1.265
10 13 38.381 14.226
10 14 37.692 4.204
10 15 86.872 3.068
10 16 80.064 8.019
10 17 83.374 11.67
10 18 46.431 7.536
10 19 32.823 9.472
11 12 59.211 5.864
11 13 28.714 5.663
11 14 60.196 4.419
11 15 29.741 5.577
11 16 90.074 2.39
11 17 54.902 18.677
11 18 96.574 12.152
11 19 99.323 15.293
12 13 49.741 9.819
12 14 67.815 14.516
12 15 82.667 19.486
12 16 63.145 0.991
12 17 21.465 5.473
12 18 84.694 17.418
12 19 75.355 8.529
13 14 27.914 19.575
13 15 82.343 4.46
13 16 26.726 14.745
13 17 83.741 8.289
13 18 52.936 18.507
13 19 46.297 8.791
14 15 26.464 13.992
14 16 70.239 4.354
14 17 38.776 0.909
14 18 33.789 15.777
14 19 95.344 15.987
15 16 21.455 15.331
15 17 83.001 16.567
15 18 97.246 4.53
15 19 21.086 10.432
16 17 23.375 17.729
16 18 24.401 10.928
16 19 86.979 4.039
17 18 77.613 18.073
17 19 83.427 18.707
18 19 70.748 11.498