20 
99.999 
0 1 35.673 12.898
0 2 15.217 11.124
0 3 37.579 4.339
0 4 58.197 12.453
0 5 83.557 5.168
0 6 23.777 12.037
0 7 60.726 13.022
0 8 51.943 10.171
0 9 56.416 14.117
0 10 64.859 14.608
0 11 68.309 16.609
0 12 54.384 11.953
0 13 62.349 16.285
0 14 27.273 12.796
0 15 21.522 13.135
0 16 33.908 11.832
0 17 39.576 11.092
0 18 45.923 13.492
0 19 6.981 12.864
1 2 43.607 16.356
1 3 26.298 14.869
1 4 48.762 4.605
1 5 57.159 10.660
1 6 47.078 11.134
1 7 96.716 8.753
1 8 15.326 11.179
1 9 62.671 11.590
1 10 32.208 1.782
1 11 72.566 14.828
1 12 75.767 0.755
1 13 43.139 11.100
1 14 20.690 14.811
1 15 71.421 0.254
1 16 52.001 16.383
1 17 53.872 12.101
1 18 1.175 12.870
1 19 27.126 15.509
2 3 0.220 13.762
2 4 0.258 11.847
2 5 39.357 14.836
2 6 37.933 11.369
2 7 19.716 13.706
2 8 69.840 16.216
2 9 32.174 1.765
2 10 2.173 11.808
2 11 41.163 13.156
2 12 27.880 12.637
2 13 9.564 11.183
2 14 80.243 2.474
2 15 54.788 10.329
2 16 49.777 12.581
2 17 40.064 13.989
2 18 78.808 0.657
2 19 54.565 0.288
3 4 12.215 15.664
3 5 77.499 7.144
3 6 18.346 15.471
3 7 6.857 9.995
3 8 44.760 13.154
3 9 66.465 13.770
3 10 34.033 12.483
3 11 19.119 15.512
3 12 38.042 16.623
3 13 71.062 16.251
3 14 60.004 11.570
3 15 70.744 10.063
3 16 6.993 15.065
3 17 54.343 16.291
3 18 60.765 14.081
3 19 20.490 13.085
4 5 23.650 16.287
4 6 21.931 10.521
4 7 75.858 0.369
4 8 73.209 10.965
4 9 43.301 13.506
4 10 81.139 0.067
4 11 60.358 11.604
4 12 79.446 0.018
4 13 66.114 10.052
4 14 46.246 13.836
4 15 81.792 0.032
4 16 37.092 13.908
4 17 47.460 14.274
4 18 69.113 13.471
4 19 63.106 13.916
5 6 33.170 14.523
5 7 73.422 14.113
5 8 19.558 13.686
5 9 6.620 16.145
5 10 73.295 16.352
5 11 58.906 16.239
5 12 57.292 10.968
5 13 1.843 13.313
5 14 2.695 13.712
5 15 2.977 13.154
5 16 65.387 10.200
5 17 21.789 12.812
5 18 38.029 12.172
5 19 32.505 14.216
6 7 53.540 10.146
6 8 39.590 14.235
6 9 25.078 0.056
6 10 47.831 15.130
6 11 37.393 11.752
6 12 31.396 10.985
6 13 15.640 15.926
6 14 88.109 0.021
6 15 8.822 12.065
6 16 28.514 15.410
6 17 69.691 10.593
6 18 80.437 0.014
6 19 37.837 0.005
7 8 2.431 13.226
7 9 18.507 13.954
7 10 98.860 0.012
7 11 47.842 13.677
7 12 63.783 0.003
7 13 25.581 15.341
7 14 16.794 10.941
7 15 40.099 0.001
7 16 69.200 10.809
7 17 62.618 14.350
7 18 47.950 10.551
7 19 66.435 15.522
8 9 47.982 10.902
8 10 26.221 16.121
8 11 59.264 11.735
8 12 10.806 16.456
8 13 51.049 11.717
8 14 68.916 10.249
8 15 66.335 14.907
8 16 16.765 16.095
8 17 39.097 12.338
8 18 5.106 10.095
8 19 2.221 14.125
9 10 55.351 15.398
9 11 50.965 11.756
9 12 29.682 13.858
9 13 63.143 13.295
9 14 46.277 0.001
9 15 52.750 11.995
9 16 26.827 16.402
9 17 55.955 14.503
9 18 72.329 0.001
9 19 85.411 0.000
10 11 62.585 11.604
10 12 60.355 0.001
10 13 29.098 12.055
10 14 40.228 12.856
10 15 90.855 0.001
10 16 9.318 16.423
10 17 45.576 15.259
10 18 20.185 10.452
10 19 50.169 16.471
11 12 34.281 14.260
11 13 23.341 14.528
11 14 67.672 11.655
11 15 28.658 10.173
11 16 34.437 8.210
11 17 92.936 3.277
11 18 40.740 10.782
11 19 7.844 12.073
12 13 28.340 9.999
12 14 52.436 11.066
12 15 54.008 0.000
12 16 22.390 13.729
12 17 58.423 13.228
12 18 33.458 13.115
12 19 71.934 16.455
13 14 47.119 12.295
13 15 57.005 13.993
13 16 21.049 13.218
13 17 16.626 16.337
13 18 1.765 16.297
13 19 61.528 11.009
14 15 28.142 14.158
14 16 33.793 15.466
14 17 34.065 15.595
14 18 62.920 0.000
14 19 71.446 0.000
15 16 62.304 15.346
15 17 38.574 13.333
15 18 50.928 13.787
15 19 27.516 11.339
16 17 45.983 5.164
16 18 73.135 13.515
16 19 18.917 16.265
17 18 39.374 11.637
17 19 0.123 12.316
18 19 49.227 0.000
