20
90
0 1 11.369 3.171
0 2 11.473 0.434
0 3 14.364 0.5
0 4 12.25 0.721
0 5 11.556 0.537
0 6 12.246 0.561
0 7 3.972 2.055
0 8 4.953 0.364
0 9 3.079 1.23
0 10 1.953 0.308
0 11 6.142 0.369
0 12 1.65 0.38
0 13 1.695 0.783
0 14 0.523 1.264
0 15 1.468 0.973
0 16 7.447 0.54
0 17 0.04 1.341
0 18 5.89 2.241
0 19 1.515 2.426
1 2 13.945 2.916
1 3 14.078 3.825
1 4 14.609 0.547
1 5 12.847 0.71
1 6 12.399 0.620
1 7 7.451 0.386
1 8 4.926 0.831
1 9 7.788 0.372
1 10 3.146 0.306
1 11 5.472 0.344
1 12 6.697 0.918
1 13 4.618 0.384
1 14 7.381 0.442
1 15 0.454 0.586
1 16 3.271 0.363
1 17 6.146 0.694
1 18 6.126 0.792
1 19 2.041 0.847
2 3 13.846 3.319
2 4 12.975 1.196
2 5 13.576 0.415
2 6 12.315 0.392
2 7 5.864 0.37
2 8 2.834 0.338
2 9 4.061 4.645
2 10 7.008 0.617
2 11 7.405 0.33
2 12 5.041 0.691
2 13 5.169 0.929
2 14 6.517 0.442
2 15 5.362 0.557
2 16 5.787 0.926
2 17 1.414 0.477
2 18 6.014 0.434
2 19 0.471 0.314
3 4 12.227 0.784
3 5 13.605 0.835
3 6 12.446 0.402
3 7 7.194 0.839
3 8 4.338 0.468
3 9 4.145 2.931
3 10 0.841 0.537
3 11 0.628 1.567
3 12 3.984 0.814
3 13 7.343 0.631
3 14 5.142 0.880
3 15 4.422 2.528
3 16 4.743 0.613
3 17 1.758 1.812
3 18 5.697 0.734
3 19 1.978 1.824
4 5 12.552 3.348
4 6 14.232 0.651
4 7 3.758 1.116
4 8 2.779 0.335
4 9 7.363 2.569
4 10 6.382 4.603
4 11 6.133 0.582
4 12 2.265 0.42
4 13 6.204 0.632
4 14 4.59 0.856
4 15 5.99 0.807
4 16 0.865 0.680
4 17 2.967 1.271
4 18 1.066 1.950
4 19 1.291 0.345
5 6 13.347 4.048
5 7 7.841 2.066
5 8 7.898 1.636
5 9 7.97 0.891
5 10 3.156 1.887
5 11 0.693 1.915
5 12 7.161 0.482
5 13 6.704 0.544
5 14 5.343 0.815
5 15 6.287 3.962
5 16 4.958 1.909
5 17 4.09 0.359
5 18 3.147 0.342
5 19 1.005 0.654
6 7 2.187 0.949
6 8 2.202 3.445
6 9 7.142 0.361
6 10 1.324 0.778
6 11 6.372 0.338
6 12 0.156 0.446
6 13 7.585 0.502
6 14 5.967 0.514
6 15 7.551 0.927
6 16 7.943 0.417
6 17 1.296 1.964
6 18 0.963 1.004
6 19 1.13 0.339
7 8 7.775 0.787
7 9 10.104 1.641
7 10 0.705 0.469
7 11 10.384 0.156
7 12 7.771 3.107
7 13 10.227 0.396
7 14 4.075 2.024
7 15 10.418 0.292
7 16 4.132 0.495
7 17 10.841 0.620
7 18 1.816 1.181
7 19 10.628 1.69
8 9 7.266 1.475
8 10 8.967 0.614
8 11 0.685 2.529
8 12 8.132 0.884
8 13 3.41 0.888
8 14 8.082 4.367
8 15 6.549 0.943
8 16 8.994 6.575
8 17 6.946 0.385
8 18 8.984 0.935
8 19 7.006 0.49
9 10 4.556 4.294
9 11 10.04 0.81
9 12 0.559 0.599
9 13 10.693 0.813
9 14 2.238 0.748
9 15 10.156 0.971
9 16 1.696 6.738
9 17 10.963 0.778
9 18 0.862 0.932
9 19 10.685 0.998
10 11 6.942 0.325
10 12 8.977 1.988
10 13 3.183 0.336
10 14 8.697 5.249
10 15 2.741 0.988
10 16 8.89 0.784
10 17 0.859 0.437
10 18 8.518 0.309
10 19 5.079 3.165
11 12 7.389 0.35
11 13 10.951 4.157
11 14 6.498 2.787
11 15 10.429 0.777
11 16 3.57 0.313
11 17 10.293 1.818
11 18 2.16 0.678
11 19 9.977 0.679
12 13 6.727 0.611
12 14 8.363 0.553
12 15 2.408 0.423
12 16 8.99 0.221
12 17 7.235 0.714
12 18 8.999 0.805
12 19 3.346 0.437
13 14 7.823 0.491
13 15 9.728 2.865
13 16 0.951 0.919
13 17 9.693 1.352
13 18 5.395 0.44
13 19 9.984 1.723
14 15 6.959 0.392
14 16 8.343 1.691
14 17 6.125 0.316
14 18 8.693 3.2
14 19 4.381 0.748
15 16 0.661 0.485
15 17 9.072 0.549
15 18 6.056 0.358
15 19 9.704 2.988
16 17 7.281 0.397
16 18 8.927 1.788
16 19 6.927 0.34
17 18 6.707 0.591
17 19 9.524 3.812
18 19 0.429 0.454
