20
99.0
0 1 0.654 0.018
0 2 1.994 0.732
0 3 2.613 2.57
0 4 1.231 3.537
0 5 2.003 3.458
0 6 0.424 5.228
0 7 2.181 2.496
0 8 1.282 4.776
0 9 2.311 1.007
0 10 0.82 4.028
0 11 2.643 3.894
0 12 1.191 1.117
0 13 0.512 2.475
0 14 1.6 2.637
0 15 1.523 1.529
0 16 1.733 2.749
0 17 2.492 1.942
0 18 2.798 0.967
0 19 0.291 6.362
1 2 1.44 0.804
1 3 1.564 2.172
1 4 1.416 2.698
1 5 0.999 1.444
1 6 1.724 2.167
1 7 2.286 1.778
1 8 2.616 0.083
1 9 0.186 1.643
1 10 2.456 0.961
1 11 2.776 2.541
1 12 1.288 1.653
1 13 2.005 1.921
1 14 2.594 0.574
1 15 0.797 1.348
1 16 1.06 1.599
1 17 1.172 2.036
1 18 0.472 1.328
1 19 0.672 2.497
2 3 1.832 2.865
2 4 0.437 2.435
2 5 2.203 1.379
2 6 1.84 1.622
2 7 0.722 2.031
2 8 1.425 0.5
2 9 0.077 1.772
2 10 2.067 0.456
2 11 1.133 0.76
2 12 0.582 1.376
2 13 0.596 1.94
2 14 0.279 0.026
2 15 0.865 2.589
2 16 2.273 0.865
2 17 1.902 0.623
2 18 2.198 2.801
2 19 1.384 1.596
3 4 2.792 2.507
3 5 2.392 2.771
3 6 0.328 0.933
3 7 1.322 1.575
3 8 0.978 2.643
3 9 1.982 0.22
3 10 2.731 1.609
3 11 0.165 1.251
3 12 0.579 1.593
3 13 2.66 2.708
3 14 0.128 1.381
3 15 2.353 2.137
3 16 2.596 0.57
3 17 1.889 0.575
3 18 0.285 2.271
3 19 1.685 2.383
4 5 1.79 2.639
4 6 0.305 5.249
4 7 2.095 2.286
4 8 2.087 5.186
4 9 1.316 0.72
4 10 0.225 3.441
4 11 1.169 5.967
4 12 0.215 1.837
4 13 0.154 1.898
4 14 2.549 4.013
4 15 1.665 0.406
4 16 1.312 1.945
4 17 1.47 0.83
4 18 1.902 1.571
4 19 1.337 4.986
5 6 1.864 5.275
5 7 2.456 1.528
5 8 0.549 5.656
5 9 1.496 0.815
5 10 0.321 0.721
5 11 0.74 6.821
5 12 2.263 1.914
5 13 0.322 3.1
5 14 0.283 0.165
5 15 2.099 1.727
5 16 2.87 1.829
5 17 2.352 0.646
5 18 1.512 1.305
5 19 2.663 4.304
6 7 1.438 1.448
6 8 2.356 0.004
6 9 0.727 5.563
6 10 1.202 4.582
6 11 2.74 1.503
6 12 0.568 0.446
6 13 1.141 4.743
6 14 0.227 2.441
6 15 0.058 5.28
6 16 1.102 6.228
6 17 0.997 1.688
6 18 0.96 2.778
6 19 4.891 0.486
7 8 1.226 0.958
7 9 0.486 3.601
7 10 0.014 1.137
7 11 1.557 1.849
7 12 1.019 0.095
7 13 1.897 0.931
7 14 2.305 1.926
7 15 0.958 3.07
7 16 2.26 1.874
7 17 1.007 0.445
7 18 0.292 0.24
7 19 2.189 1.757
8 9 0.672 4.653
8 10 2.32 5.93
8 11 0.657 2.064
8 12 0.208 2.751
8 13 1.655 4.935
8 14 2.738 1.147
8 15 0.709 6.021
8 16 2.724 6.226
8 17 0.956 2.007
8 18 1.261 1.357
8 19 4.319 2.389
9 10 1.019 2.286
9 11 1.894 5.378
9 12 2.84 2.438
9 13 0.559 3.462
9 14 2.434 3.154
9 15 2.716 1.569
9 16 0.525 3.517
9 17 2.424 1.861
9 18 0.844 2.751
9 19 1.99 4.246
10 11 1.005 4.299
10 12 1.564 0.759
10 13 0.446 3.189
10 14 2.716 2.099
10 15 2.146 4.471
10 16 1.299 0.68
10 17 2.287 2.743
10 18 0.942 1.391
10 19 0.695 4.791
11 12 2.012 1.536
11 13 1.903 4.788
11 14 0.636 0.727
11 15 2.804 3.947
11 16 1.094 3.721
11 17 0.131 1.85
11 18 1.597 1.436
11 19 4.795 1.7
12 13 2.423 2.745
12 14 0.215 1.832
12 15 0.044 1.693
12 16 1.689 1.575
12 17 2.526 0.779
12 18 0.374 2.24
12 19 2.367 1.178
13 14 2.45 2.717
13 15 2.485 1.944
13 16 1.654 3.587
13 17 1.162 1.28
13 18 1.275 0.573
13 19 0.067 4.644
14 15 1.882 2.114
14 16 2.757 0.19
14 17 2.515 0.866
14 18 2.566 0.605
14 19 1.926 0.516
15 16 1.39 2.903
15 17 1.667 2.519
15 18 2.045 1.401
15 19 2.329 5.154
16 17 0.504 1.539
16 18 0.896 1.885
16 19 1.958 4.023
17 18 0.388 2.335
17 19 1.464 2.021
18 19 1.66 2.419
