20
80
0 1 7 7.513
0 2 1 5.102
0 3 5 1.676
0 4 3 2.79
0 5 8 2.44
0 6 3 4.406
0 7 2 5.98
0 8 6 3.454
0 9 2 4.023
0 10 5 2.215
0 11 1 1.438
0 12 4 4.462
0 13 4 3.049
0 14 4 4.354
0 15 6 1.697
0 16 6 5.693
0 17 6 7.1
0 18 2 7.245
0 19 3 1.111
1 2 5 2.799
1 3 2 1.012
1 4 5 3.261
1 5 7 3.419
1 6 10 2.053
1 7 7 1.926
1 8 3 1.296
1 9 1 5.338
1 10 9 4.334
1 11 1 2.773
1 12 9 6.858
1 13 1 2.07
1 14 3 6.556
1 15 6 7.291
1 16 9 4.403
1 17 10 3.485
1 18 6 6.614
1 19 9 5.23
2 3 1 4.332
2 4 9 0.811
2 5 1 7.412
2 6 10 7.297
2 7 5 0.145
2 8 5 7.514
2 9 1 7.269
2 10 2 6.202
2 11 7 1.766
2 12 3 0.742
2 13 3 6.91
2 14 10 5.75
2 15 5 5.133
2 16 5 3.834
2 17 3 7.286
2 18 5 2.721
2 19 2 7.436
3 4 1 1.273
3 5 4 6.473
3 6 4 0.241
3 7 6 7.972
3 8 2 4.438
3 9 7 6.485
3 10 7 3.573
3 11 6 3.062
3 12 7 5.331
3 13 5 3.911
3 14 4 4.387
3 15 4 4.014
3 16 9 7.905
3 17 5 5.07
3 18 10 3.55
3 19 6 5.094
4 5 2 1.79
4 6 10 4.9
4 7 4 2.045
4 8 10 2.706
4 9 4 7.421
4 10 7 3.04
4 11 8 7.228
4 12 9 4.648
4 13 5 4.455
4 14 3 5.262
4 15 7 3.729
4 16 6 3.695
4 17 6 7.086
4 18 8 0.898
4 19 9 3.783
5 6 4 7.032
5 7 8 6.726
5 8 8 1.079
5 9 4 6.2
5 10 4 2.569
5 11 8 3.524
5 12 6 2.893
5 13 6 2.992
5 14 6 6.004
5 15 2 1.941
5 16 2 6.839
5 17 2 2.109
5 18 4 2.969
5 19 2 5.73
6 7 8 5.595
6 8 7 6.34
6 9 7 6.88
6 10 7 4.889
6 11 9 6.139
6 12 2 1.29
6 13 5 5.239
6 14 9 4.536
6 15 4 4.049
6 16 3 2.967
6 17 5 0.043
6 18 6 1.909
6 19 3 3.953
7 8 10 4.723
7 9 4 7.42
7 10 5 0.813
7 11 6 7.619
7 12 8 4.835
7 13 9 0.713
7 14 10 0.453
7 15 10 0.735
7 16 10 2.737
7 17 2 0.673
7 18 8 6.928
7 19 5 2.577
8 9 5 5.52
8 10 9 7.721
8 11 7 5.457
8 12 10 5.352
8 13 4 1.055
8 14 6 6.209
8 15 7 3.348
8 16 5 0.002
8 17 2 4.52
8 18 3 3.824
8 19 3 2.944
9 10 7 1.537
9 11 5 1.127
9 12 8 1.861
9 13 2 3.732
9 14 5 7.908
9 15 3 7.648
9 16 7 4.763
9 17 8 2.131
9 18 10 1.388
9 19 9 6.829
10 11 1 6.362
10 12 2 6.597
10 13 8 5.68
10 14 5 2.985
10 15 9 1.652
10 16 1 2.432
10 17 10 6.323
10 18 9 1.521
10 19 9 6.266
11 12 5 6.864
11 13 6 5.363
11 14 3 7.368
11 15 6 4.918
11 16 7 4.777
11 17 5 2.421
11 18 10 2.627
11 19 6 1.917
12 13 10 0.139
12 14 4 4.769
12 15 3 0.581
12 16 9 4.634
12 17 3 3.276
12 18 2 4.13
12 19 3 5.061
13 14 1 4.02
13 15 6 4.939
13 16 9 3.791
13 17 8 3.102
13 18 3 2.024
13 19 10 3.39
14 15 3 3.743
14 16 2 7.257
14 17 5 6.152
14 18 2 1.247
14 19 8 4.875
15 16 9 5.289
15 17 8 6.714
15 18 10 7.487
15 19 8 3.789
16 17 9 6.669
16 18 2 5.152
16 19 2 1.416
17 18 8 6.611
17 19 4 4.933
18 19 8 7.976