20
30
0 1 0.644 3
0 2 2.247 3
0 3 2.196 3
0 4 2.158 3
0 5 2.157 3
0 6 1.698 3
0 7 2.254 3
0 8 2.483 3
0 9 1.745 3
0 10 2.01 3
0 11 2.075 3
0 12 2.494 3
0 13 2.348 3
0 14 1.701 3
0 15 1.527 3
0 16 1.965 3
0 17 2.164 3
0 18 1.765 3
0 19 2.231 3
1 2 1.495 3
1 3 1.673 3
1 4 1.796 3
1 5 2.187 3
1 6 2.343 3
1 7 2.126 3
1 8 2.214 3
1 9 1.822 3
1 10 1.75 3
1 11 1.572 3
1 12 2.454 3
1 13 1.893 3
1 14 1.978 3
1 15 1.844 3
1 16 2.289 3
1 17 2.407 3
1 18 2.41 3
1 19 1.603 3
2 3 1.139 3
2 4 1.871 3
2 5 2.252 3
2 6 2.482 3
2 7 1.677 3
2 8 2.134 3
2 9 1.86 3
2 10 2.484 3
2 11 2.258 3
2 12 1.59 3
2 13 2.23 3
2 14 1.954 3
2 15 2.443 3
2 16 1.67 3
2 17 1.78 3
2 18 1.518 3
2 19 2.38 3
3 4 0.679 3
3 5 1.768 3
3 6 1.644 3
3 7 1.689 3
3 8 1.813 3
3 9 2.338 3
3 10 1.697 3
3 11 1.627 3
3 12 1.525 3
3 13 2.343 3
3 14 1.931 3
3 15 1.514 3
3 16 2.041 3
3 17 1.542 3
3 18 1.642 3
3 19 1.637 3
4 5 1.192 3
4 6 1.95 3
4 7 1.664 3
4 8 2.213 3
4 9 2.114 3
4 10 2.35 3
4 11 2.027 3
4 12 2.431 3
4 13 2.001 3
4 14 1.596 3
4 15 1.583 3
4 16 2.439 3
4 17 2.053 3
4 18 1.794 3
4 19 2.381 3
5 6 1.019 3
5 7 1.946 3
5 8 1.778 3
5 9 2.099 3
5 10 2.272 3
5 11 1.885 3
5 12 1.559 3
5 13 1.784 3
5 14 1.944 3
5 15 1.526 3
5 16 1.872 3
5 17 1.678 3
5 18 1.593 3
5 19 2.455 3
6 7 1.247 3
6 8 2.395 3
6 9 2.071 3
6 10 2.006 3
6 11 2.276 3
6 12 1.714 3
6 13 2.021 3
6 14 1.896 3
6 15 1.668 3
6 16 1.793 3
6 17 1.992 3
6 18 1.906 3
6 19 2.158 3
7 8 1.386 3
7 9 1.708 3
7 10 1.886 3
7 11 1.552 3
7 12 1.563 3
7 13 1.794 3
7 14 1.909 3
7 15 1.801 3
7 16 2.066 3
7 17 2.045 3
7 18 1.53 3
7 19 1.883 3
8 9 0.857 3
8 10 2.185 3
8 11 1.857 3
8 12 1.792 3
8 13 1.821 3
8 14 2.08 3
8 15 2.365 3
8 16 1.74 3
8 17 1.797 3
8 18 1.91 3
8 19 1.817 3
9 10 0.568 3
9 11 2.152 3
9 12 2.385 3
9 13 1.917 3
9 14 2.041 3
9 15 2.16 3
9 16 1.612 3
9 17 1.537 3
9 18 1.901 3
9 19 1.529 3
10 11 1.17 3
10 12 2.059 3
10 13 2.482 3
10 14 2.057 3
10 15 2.44 3
10 16 1.628 3
10 17 2.427 3
10 18 2.472 3
10 19 1.646 3
11 12 0.784 3
11 13 2.478 3
11 14 2.031 3
11 15 2.388 3
11 16 2.255 3
11 17 1.925 3
11 18 1.988 3
11 19 1.629 3
12 13 1.388 3
12 14 1.73 3
12 15 1.667 3
12 16 1.83 3
12 17 1.769 3
12 18 1.865 3
12 19 1.999 3
13 14 0.656 3
13 15 1.804 3
13 16 2.305 3
13 17 1.966 3
13 18 2.448 3
13 19 2.139 3
14 15 1.417 3
14 16 2.318 3
14 17 1.944 3
14 18 1.936 3
14 19 1.87 3
15 16 1.25 3
15 17 1.796 3
15 18 2.049 3
15 19 2.019 3
16 17 0.928 3
16 18 1.565 3
16 19 2.218 3
17 18 1.443 3
17 19 2.436 3
18 19 0.695 3