20
26
0 1 41.916 34.93
0 2 51.896 0.0
0 3 55.888 0.0
0 4 56.886 76.846
0 5 48.902 57.884
0 6 43.912 6.986
0 7 43.912 64.87
0 8 50.898 62.874
0 9 67.864 70.858
0 10 56.35 0.0
0 11 42.55 0.0
0 12 81.836 0.0
0 13 27.6 0.0
0 14 92.814 0.0
0 15 42.55 0.0
0 16 12.65 0.0
0 17 61.876 0.0
0 18 3.45 0.0
0 19 47.15 0.0
1 2 68.862 90.818
1 3 63.872 86.826
1 4 44.91 15.968
1 5 67.864 74.85
1 6 40.918 73.852
1 7 61.876 16.966
1 8 47.904 0.0
1 9 66.866 87.824
1 10 98.802 0.998
1 11 6.9 0.0
1 12 42.55 0.0
1 13 2.3 0.998
1 14 34.5 0.0
1 15 44.85 0.0
1 16 95.808 0.0
1 17 52.9 0.0
1 18 11.5 0.0
1 19 27.6 0.0
2 3 50.898 0.0
2 4 40.918 87.824
2 5 62.874 71.856
2 6 47.904 22.954
2 7 66.866 51.896
2 8 43.912 94.81
2 9 43.912 27.944
2 10 53.892 58.882
2 11 51.75 0.0
2 12 69.86 0.0
2 13 39.1 0.0
2 14 60.878 0.0
2 15 2.3 0.0
2 16 27.6 0.0
2 17 79.84 0.0
2 18 36.8 0.0
2 19 27.6 0.0
3 4 62.874 98.802
3 5 49.9 80.838
3 6 57.884 88.822
3 7 61.876 53.892
3 8 58.882 68.862
3 9 46.906 39.92
3 10 61.876 93.812
3 11 5.75 0.0
3 12 74.85 0.0
3 13 8.05 0.0
3 14 90.818 0.0
3 15 2.3 0.0
3 16 10.35 0.0
3 17 52.894 0.0
3 18 31.05 0.0
3 19 10.35 0.0
4 5 45.908 0.0
4 6 54.89 0.0
4 7 43.912 59.88
4 8 52.894 44.91
4 9 51.896 66.866
4 10 40.918 12.974
4 11 66.866 97.804
4 12 17.25 0.0
4 13 40.25 0.998
4 14 54.05 0.998
4 15 24.15 0.0
4 16 28.75 0.998
4 17 31.05 0.0
4 18 44.85 0.0
4 19 89.82 0.0
5 6 53.892 0.0
5 7 47.904 50.898
5 8 43.912 29.94
5 9 48.902 85.828
5 10 43.912 78.842
5 11 43.912 94.81
5 12 31.05 0.0
5 13 24.15 0.0
5 14 44.85 0.998
5 15 18.4 0.998
5 16 17.25 0.0
5 17 51.75 0.998
5 18 34.5 0.998
5 19 85.828 0.0
6 7 44.91 8.982
6 8 43.912 87.824
6 9 59.88 68.862
6 10 51.896 68.862
6 11 66.866 18.962
6 12 45.908 90.818
6 13 50.6 0.0
6 14 56.35 0.0
6 15 48.3 0.0
6 16 37.95 0.998
6 17 28.75 0.998
6 18 10.35 0.0
6 19 51.896 0.998
7 8 62.874 30.938
7 9 66.866 33.932
7 10 56.886 33.932
7 11 48.902 55.888
7 12 44.91 91.816
7 13 31.05 0.0
7 14 33.35 3.992
7 15 20.7 1.996
7 16 47.15 0.0
7 17 42.55 3.992
7 18 48.3 1.996
7 19 28.75 0.998
8 9 42.914 79.84
8 10 68.862 0.0
8 11 66.866 20.958
8 12 59.88 54.89
8 13 62.874 77.844
8 14 24.15 0.998
8 15 56.35 0.998
8 16 80.838 0.998
8 17 46.0 0.998
8 18 49.45 0.998
8 19 14.95 0.998
9 10 56.886 82.834
9 11 50.898 11.976
9 12 59.88 28.942
9 13 66.866 0.998
9 14 21.85 0.0
9 15 78.842 0.998
9 16 9.2 0.998
9 17 46.0 0.998
9 18 43.7 0.998
9 19 40.25 0.998
10 11 40.918 64.87
10 12 67.864 41.916
10 13 59.88 26.946
10 14 64.87 45.908
10 15 12.65 0.998
10 16 58.882 0.0
10 17 43.7 0.998
10 18 13.8 0.998
10 19 33.35 0.998
11 12 56.886 55.888
11 13 61.876 24.95
11 14 43.912 27.944
11 15 47.15 0.998
11 16 39.1 1.996
11 17 8.05 0.0
11 18 71.856 1.996
11 19 44.85 1.996
12 13 55.888 0.0
12 14 46.906 0.0
12 15 45.908 71.856
12 16 5.75 0.0
12 17 88.822 0.0
12 18 37.95 0.0
12 19 39.1 0.0
13 14 48.902 94.81
13 15 50.898 0.0
13 16 51.75 0.0
13 17 31.05 0.0
13 18 27.6 0.998
13 19 47.15 0.0
14 15 46.906 0.998
14 16 41.916 1.996
14 17 92.814 0.0
14 18 39.1 0.0
14 19 8.05 0.0
15 16 46.906 25.948
15 17 29.9 0.998
15 18 41.4 0.0
15 19 26.45 0.998
16 17 53.892 16.966
16 18 44.85 0.0
16 19 8.05 0.0
17 18 16.1 0.0
17 19 51.75 0.0
18 19 48.3 1.996
