20
99
0 1 0.47 7.53
0 2 7.23 3.26
0 3 7.15 9.43
0 4 9.70 4.12
0 5 1.41 7.83
0 6 7.77 4.11
0 7 5.98 2.77
0 8 3.64 10.0
0 9 10.9 2.06
0 10 7.52 0.64
0 11 8.94 10.4
0 12 9.60 10.0
0 13 10.5 1.31
0 14 10.9 0.11
0 15 10.2 5.82
0 16 6.01 1.98
0 17 5.28 1.14
0 18 8.72 3.11
0 19 0.36 9.76
1 2 7.48 6.18
1 3 4.70 9.87
1 4 6.07 3.21
1 5 0.47 8.07
1 6 7.98 6.95
1 7 3.11 5.53
1 8 2.81 4.41
1 9 5.26 4.08
1 10 5.93 3.17
1 11 4.31 9.13
1 12 10.5 10.0
1 13 10.7 10.3
1 14 9.61 1.15
1 15 0.96 4.89
1 16 10.5 0.83
1 17 4.72 7.94
1 18 1.91 8.13
1 19 9.65 3.34
2 3 9.33 6.87
2 4 6.19 1.56
2 5 5.80 4.66
2 6 2.08 5.47
2 7 0.24 7.60
2 8 7.39 2.18
2 9 10.8 9.25
2 10 2.06 9.70
2 11 9.47 1.02
2 12 7.07 4.71
2 13 1.36 10.5
2 14 7.51 10.3
2 15 9.21 1.12
2 16 1.55 6.21
2 17 2.79 3.79
2 18 10.8 5.31
2 19 5.06 0.28
3 4 9.94 7.74
3 5 8.55 6.75
3 6 4.85 5.36
3 7 5.15 1.44
3 8 2.68 6.02
3 9 2.99 8.44
3 10 8.42 3.30
3 11 4.49 10.1
3 12 1.48 5.24
3 13 7.25 7.64
3 14 1.95 8.37
3 15 1.84 1.02
3 16 8.50 0.65
3 17 0.30 6.77
3 18 1.00 0.10
3 19 7.50 7.55
4 5 7.95 6.09
4 6 3.32 2.99
4 7 10.7 8.45
4 8 0.25 7.31
4 9 1.09 5.35
4 10 1.49 6.24
4 11 5.57 4.52
4 12 10.4 9.97
4 13 1.68 5.59
4 14 7.46 8.98
4 15 4.21 0.94
4 16 5.41 0.08
4 17 9.44 4.63
4 18 4.78 1.61
4 19 4.61 10.9
5 6 8.04 2.30
5 7 0.54 2.70
5 8 8.99 8.18
5 9 6.46 0.84
5 10 2.63 6.43
5 11 1.38 8.73
5 12 6.59 5.21
5 13 6.52 10.9
5 14 1.19 10.5
5 15 5.16 5.01
5 16 6.94 5.33
5 17 8.15 6.80
5 18 9.61 2.16
5 19 1.66 0.08
6 7 10.0 2.40
6 8 1.54 10.8
6 9 7.03 10.5
6 10 4.53 8.18
6 11 2.11 3.55
6 12 3.41 3.23
6 13 3.68 8.58
6 14 6.16 7.32
6 15 10.5 0.03
6 16 9.11 10.0
6 17 3.81 4.30
6 18 7.37 3.93
6 19 8.19 3.98
7 8 4.98 10.5
7 9 0.63 8.94
7 10 1.19 8.41
7 11 9.49 0.19
7 12 6.76 4.33
7 13 4.91 9.82
7 14 8.71 4.82
7 15 1.72 0.48
7 16 6.84 8.90
7 17 4.96 3.91
7 18 3.10 10.3
7 19 4.96 5.20
8 9 10.6 8.72
8 10 5.64 0.85
8 11 9.32 1.32
8 12 10.7 7.82
8 13 7.86 0.35
8 14 9.85 10.3
8 15 10.9 3.48
8 16 3.87 4.71
8 17 8.31 0.24
8 18 2.54 1.67
8 19 4.97 9.39
9 10 5.22 4.50
9 11 10.6 0.55
9 12 4.99 5.24
9 13 6.56 1.88
9 14 3.07 1.33
9 15 10.7 7.39
9 16 3.59 10.2
9 17 9.46 6.67
9 18 0.14 4.44
9 19 10.9 6.34
10 11 1.70 1.42
10 12 7.69 1.19
10 13 5.17 9.42
10 14 0.41 5.66
10 15 4.23 10.7
10 16 6.67 5.42
10 17 4.78 9.44
10 18 1.62 2.35
10 19 9.24 5.47
11 12 8.71 10.6
11 13 7.14 5.73
11 14 6.16 7.25
11 15 4.81 4.03
11 16 4.52 6.19
11 17 5.61 2.86
11 18 0.63 0.39
11 19 7.01 4.80
12 13 0.03 5.98
12 14 9.06 9.03
12 15 10.4 5.84
12 16 4.94 3.53
12 17 0.39 5.08
12 18 9.96 3.30
12 19 4.40 0.86
13 14 8.49 0.96
13 15 1.26 8.22
13 16 1.95 1.68
13 17 3.55 4.67
13 18 1.18 0.83
13 19 6.73 9.21
14 15 0.37 2.71
14 16 5.07 7.81
14 17 7.17 7.82
14 18 9.06 10.6
14 19 10.9 1.55
15 16 8.62 0.97
15 17 6.73 9.50
15 18 2.72 2.10
15 19 5.28 1.76
16 17 4.62 6.46
16 18 7.02 0.35
16 19 6.65 1.44
17 18 5.76 8.82
17 19 6.71 6.80
18 19 4.07 8.54
