20
88.8
0 1 51.408 4.897
0 2 54.242 4.919
0 3 47.895 4.984
0 4 45.708 4.973
0 5 45.176 5.051
0 6 49.992 5.088
0 7 46.029 5.084
0 8 46.739 5.036
0 9 48.008 2.56
0 10 48.274 2.62
0 11 48.105 2.662
0 12 46.824 2.58
0 13 46.438 5.13
0 14 48.868 4.966
0 15 48.927 5.03
0 16 47.522 2.636
0 17 45.381 2.515
0 18 45.235 2.642
0 19 46.378 2.592
1 2 51.388 4.909
1 3 47.858 5.057
1 4 49.797 5.126
1 5 46.852 5.072
1 6 48.292 5.079
1 7 46.622 4.935
1 8 49.045 5.003
1 9 47.314 2.654
1 10 48.36 2.625
1 11 45.687 2.597
1 12 45.116 2.623
1 13 48.704 5.043
1 14 47.959 5.125
1 15 47.078 4.958
1 16 45.616 2.559
1 17 49.294 2.586
1 18 47.332 2.549
1 19 47.83 2.647
2 3 48.769 4.964
2 4 47.913 5.03
2 5 47.353 5.108
2 6 47.069 4.977
2 7 45.292 4.956
2 8 48.487 5.032
2 9 45.528 2.487
2 10 46.507 2.54
2 11 48.982 2.663
2 12 48.851 2.48
2 13 45.051 5.082
2 14 49.713 5.028
2 15 46.894 4.95
2 16 47.182 2.486
2 17 46.403 2.547
2 18 45.051 2.551
2 19 47.779 2.622
3 4 51.987 4.856
3 5 54.361 4.899
3 6 48.436 5.031
3 7 45.646 4.981
3 8 49.13 4.934
3 9 46.601 2.61
3 10 45.867 2.507
3 11 49.761 2.492
3 12 47.252 2.635
3 13 48.176 5.022
3 14 49.447 5.102
3 15 46.253 4.962
3 16 46.088 2.512
3 17 48.167 2.605
3 18 49.443 2.554
3 19 49.516 2.664
4 5 53.316 4.902
4 6 49.99 5.09
4 7 46.833 5.022
4 8 49.117 5.109
4 9 49.952 2.582
4 10 49.677 2.481
4 11 45.161 2.519
4 12 46.885 2.622
4 13 47.992 5.067
4 14 49.556 4.985
4 15 47.308 5.011
4 16 49.021 2.617
4 17 46.509 2.624
4 18 46.393 2.579
4 19 45.569 2.494
5 6 45.606 5.095
5 7 45.024 5.039
5 8 49.566 5.049
5 9 47.263 2.538
5 10 45.784 2.553
5 11 49.304 2.474
5 12 45.137 2.528
5 13 47.275 5.095
5 14 49.736 4.996
5 15 46.794 4.942
5 16 49.633 2.656
5 17 48.785 2.646
5 18 48.836 2.575
5 19 45.428 2.485
6 7 50.603 4.851
6 8 52.091 4.912
6 9 46.983 2.521
6 10 49.423 2.506
6 11 49.514 2.586
6 12 46.148 2.64
6 13 47.187 4.976
6 14 47.299 5.121
6 15 48.31 5.114
6 16 49.424 2.654
6 17 45.086 2.544
6 18 45.477 2.475
6 19 47.213 2.516
7 8 53.821 4.872
7 9 48.906 2.63
7 10 49.391 2.63
7 11 45.636 2.519
7 12 48.429 2.589
7 13 49.543 5.054
7 14 48.625 5.029
7 15 46.018 4.972
7 16 47.567 2.636
7 17 47.476 2.524
7 18 47.856 2.622
7 19 49.174 2.515
8 9 45.132 2.663
8 10 46.106 2.665
8 11 47.31 2.472
8 12 45.337 2.489
8 13 47.177 5.024
8 14 45.031 5.023
8 15 49.012 5.083
8 16 49.73 2.483
8 17 49.974 2.607
8 18 49.186 2.498
8 19 45.451 2.656
9 10 50.629 2.377
9 11 53.564 2.401
9 12 54.688 2.427
9 13 49.226 5.095
9 14 48.178 5.085
9 15 48.648 5.126
9 16 49.871 2.494
9 17 48.123 2.617
9 18 48.154 2.518
9 19 46.507 2.591
10 11 52.638 2.367
10 12 53.36 2.443
10 13 47.979 5.036
10 14 46.413 5.084
10 15 47.543 5.132
10 16 45.973 2.537
10 17 46.48 2.554
10 18 45.611 2.548
10 19 49.427 2.546
11 12 50.162 2.445
11 13 45.462 5.031
11 14 49.803 5.063
11 15 47.99 5.064
11 16 46.491 2.546
11 17 48.846 2.636
11 18 47.52 2.56
11 19 45.17 2.609
12 13 47.64 4.938
12 14 46.644 4.953
12 15 47.917 4.961
12 16 49.715 2.515
12 17 49.533 2.643
12 18 46.565 2.528
12 19 47.712 2.654
13 14 52.932 4.881
13 15 51.41 4.835
13 16 49.577 2.511
13 17 47.563 2.624
13 18 49.342 2.645
13 19 48.028 2.511
14 15 50.89 4.933
14 16 48.392 2.536
14 17 46.003 2.515
14 18 45.894 2.575
14 19 49.582 2.478
15 16 45.768 2.571
15 17 45.396 2.501
15 18 47.475 2.656
15 19 47.41 2.533
16 17 50.251 2.448
16 18 52.819 2.44
16 19 53.148 2.458
17 18 50.79 2.39
17 19 53.859 2.393
18 19 50.205 2.376