20
95
0 1 3 3
0 2 2 4
0 3 4.5 4
0 4 10 10
0 5 10 10
0 6 10 10
0 7 10 10
0 8 10 10
0 9 10 10
0 10 10 10
0 11 10 10
0 12 10 10
0 13 10 10
0 14 10 10
0 15 10 10
0 16 10 10
0 17 10 10
0 18 10 10
0 19 10 10
1 2 5.5 2
1 3 3 5
1 4 10 10
1 5 10 10
1 6 10 10
1 7 10 10
1 8 10 10
1 9 10 10
1 10 10 10
1 11 10 10
1 12 10 10
1 13 10 10
1 14 10 10
1 15 10 10
1 16 10 10
1 17 10 10
1 18 10 10
1 19 10 10
2 3 7 9
2 4 10 10
2 5 10 10
2 6 10 10
2 7 10 10
2 8 10 10
2 9 10 10
2 10 10 10
2 11 10 10
2 12 10 10
2 13 10 10
2 14 10 10
2 15 10 10
2 16 10 10
2 17 10 10
2 18 10 10
2 19 10 10
3 4 10 10
3 5 10 10
3 6 10 10
3 7 10 10
3 8 10 10
3 9 10 10
3 10 10 10
3 11 10 10
3 12 10 10
3 13 10 10
3 14 10 10
3 15 10 10
3 16 10 10
3 17 10 10
3 18 10 10
3 19 10 10
4 5 3 3
4 6 2 4
4 7 4.5 4
4 8 10 10
4 9 10 10
4 10 10 10
4 11 10 10
4 12 10 10
4 13 10 10
4 14 10 10
4 15 10 10
4 16 10 10
4 17 10 10
4 18 10 10
4 19 10 10
5 6 5.5 2
5 7 3 5
5 8 10 10
5 9 10 10
5 10 10 10
5 11 10 10
5 12 10 10
5 13 10 10
5 14 10 10
5 15 10 10
5 16 10 10
5 17 10 10
5 18 10 10
5 19 10 10
6 7 7 9
6 8 10 10
6 9 10 10
6 10 10 10
6 11 10 10
6 12 10 10
6 13 10 10
6 14 10 10
6 15 10 10
6 16 10 10
6 17 10 10
6 18 10 10
6 19 10 10
7 8 10 10
7 9 10 10
7 10 10 10
7 11 10 10
7 12 10 10
7 13 10 10
7 14 10 10
7 15 10 10
7 16 10 10
7 17 10 10
7 18 10 10
7 19 10 10
8 9 3 3
8 10 2 4
8 11 4.5 4
8 12 10 10
8 13 10 10
8 14 10 10
8 15 10 10
8 16 10 10
8 17 10 10
8 18 10 10
8 19 10 10
9 10 5.5 2
9 11 3 5
9 12 10 10
9 13 10 10
9 14 10 10
9 15 10 10
9 16 10 10
9 17 10 10
9 18 10 10
9 19 10 10
10 11 7 9
10 12 10 10
10 13 10 10
10 14 10 10
10 15 10 10
10 16 10 10
10 17 10 10
10 18 10 10
10 19 10 10
11 12 10 10
11 13 10 10
11 14 10 10
11 15 10 10
11 16 10 10
11 17 10 10
11 18 10 10
11 19 10 10
12 13 3 3
12 14 2 4
12 15 4.5 4
12 16 10 10
12 17 10 10
12 18 10 10
12 19 10 10
13 14 5.5 2
13 15 3 5
13 16 10 10
13 17 10 10
13 18 10 10
13 19 10 10
14 15 7 9
14 16 10 10
14 17 10 10
14 18 10 10
14 19 10 10
15 16 10 10
15 17 10 10
15 18 10 10
15 19 10 10
16 17 3 3
16 18 2 4
16 19 4.5 4
17 18 5.5 2
17 19 3 5
18 19 7 9