20
96
0 1 9.89 15.234
0 2 8.93 15.779
0 3 9.40 15.330
0 4 6.02 15.453
0 5 9.67 3.135
0 6 9.06 3.088
0 7 6.88 15.236
0 8 7.39 15.783
0 9 10.01 15.374
0 10 9.63 15.274
0 11 9.98 15.878
0 12 8.32 15.032
0 13 9.13 3.155
0 14 9.02 15.898
0 15 6.88 15.343
0 16 7.36 15.001
0 17 7.78 15.235
0 18 10.33 15.898
0 19 6.23 15.012
1 2 9.66 3.122
1 3 8.34 15.932
1 4 7.34 15.777
1 5 8.23 15.002
1 6 9.23 15.225
1 7 9.25 15.326
1 8 6.48 15.855
1 9 7.46 15.885
1 10 9.22 15.333
1 11 9.25 15.443
1 12 9.47 15.997
1 13 9.35 15.363
1 14 8.33 15.233
1 15 8.89 3.011
1 16 9.19 15.162
1 17 9.12 15.742
1 18 9.44 3.162
1 19 9.61 15.336
2 3 8.24 15.263
2 4 7.36 15.114
2 5 7.87 15.783
2 6 7.39 15.266
2 7 10.35 15.897
2 8 9.44 15.733
2 9 9.01 15.252
2 10 9.24 15.363
2 11 9.46 15.543
2 12 9.54 15.987
2 13 8.24 15.633
2 14 8.53 15.365
2 15 9.77 3.068
2 16 8.25 15.743
2 17 8.35 15.436
2 18 9.32 3.135
2 19 7.35 15.526
3 4 8.35 15.372
3 5 8.64 15.374
3 6 9.36 15.876
3 7 7.36 15.765
3 8 7.43 15.733
3 9 8.43 15.375
3 10 8.566 3.056
3 11 8.325 15.436
3 12 9.534 15.643
3 13 9.564 15.753
3 14 9.777 3.045
3 15 8.465 15.354
3 16 8.345 15.435
3 17 7.435 15.543
3 18 9.312 15.234
3 19 8.622 3.122
4 5 6.546 15.436
4 6 7.354 15.754
4 7 9.345 15.374
4 8 8.966 3.199
4 9 9.68 3.052
4 10 5.543 15.001
4 11 8.67 15.034
4 12 8.76 15.743
4 13 9.54 15.724
4 14 9.27 15.853
4 15 8.93 15.374
4 16 7.54 15.437
4 17 9.23 3.113
4 18 9.34 15.436
4 19 9.43 15.865
5 6 9.26 3.124
5 7 9.32 15.436
5 8 9.23 15.657
5 9 8.34 15.342
5 10 6.43 15.436
5 11 7.46 15.374
5 12 8.54 15.324
5 13 9.34 3.036
5 14 9.45 15.764
5 15 8.34 15.304
5 16 10.45 15.013
5 17 9.34 15.436
5 18 9.54 15.234
5 19 10.30 15.340
6 7 9.43 15.434
6 8 9.45 15.463
6 9 8.234 15.267
6 10 7.436 15.999
6 11 8.530 15.342
6 12 8.345 15.304
6 13 8.96 3.064
6 14 9.03 15.329
6 15 9.45 15.435
6 16 9.20 15.909
6 17 9.64 15.403
6 18 8.34 15.043
6 19 8.36 15.034
7 8 9.04 15.367
7 9 9.24 15.753
7 10 9.43 15.432
7 11 9.99 3.191
7 12 9.44 3.100
7 13 9.34 15.204
7 14 8.43 15.342
7 15 8.23 15.432
7 16 9.55 3.000
7 17 9.43 15.674
7 18 9.645 15.290
7 19 9.343 15.342
8 9 9.101 3.166
8 10 9.204 15.424
8 11 9.430 15.730
8 12 10.340 15.384
8 13 8.342 15.346
8 14 8.453 15.240
8 15 8.753 15.654
8 16 8.536 15.327
8 17 9.222 3.182
8 18 9.235 15.432
8 19 9.346 15.632
9 10 8.342 15.342
9 11 8.346 15.457
9 12 8.324 15.743
9 13 6.437 15.340
9 14 9.345 15.432
9 15 7.43 15.436
9 16 6.34 15.430
9 17 9.55 3.013
9 18 8.32 15.432
9 19 8.43 15.436
10 11 7.54 15.430
10 12 8.34 15.547
10 13 9.343 15.436
10 14 8.999 3.187
10 15 8.344 15.325
10 16 8.435 15.432
10 17 8.529 15.304
10 18 8.346 15.405
10 19 9.011 3.167
11 12 9.77 3.076
11 13 7.64 15.431
11 14 8.43 15.632
11 15 8.65 15.456
11 16 9.88 3.196
11 17 9.43 15.342
11 18 9.42 15.324
11 19 9.23 15.437
12 13 9.34 15.754
12 14 9.04 15.573
12 15 9.34 15.753
12 16 9.66 3.001
12 17 9.34 15.545
12 18 9.45 15.373
12 19 9.46 15.327
13 14 9.26 15.873
13 15 9.25 15.264
13 16 9.26 15.163
13 17 9.43 15.273
13 18 9.35 15.326
13 19 9.31 15.134
14 15 9.36 15.274
14 16 8.434 15.146
14 17 9.236 15.273
14 18 9.561 15.372
14 19 8.322 3.084
15 16 9.230 15.341
15 17 9.22 15.436
15 18 9.99 3.111
15 19 9.34 15.163
16 17 9.14 15.745
16 18 9.34 15.275
16 19 9.43 15.273
17 18 9.53 15.264
17 19 8.34 15.254
18 19 8.15 15.367
