20
79.863
0 1 71.144 0.416
0 2 4.953 37.916
0 3 92.204 33.504
0 4 68.609 7.651
0 5 46.302 36.419
0 6 79.808 0.699
0 7 37.034 4.071
0 8 26.756 3.601
0 9 15.652 5.44
0 10 63.895 12.339
0 11 26.951 27.08
0 12 4.881 9.123
0 13 49.777 19.945
0 14 59.455 9.942
0 15 28.286 10.855
0 16 65.99 33.472
0 17 33.985 15.854
0 18 16.048 39.463
0 19 31.27 33.994
1 2 31.527 23.01
1 3 38.131 26.404
1 4 14.076 26.467
1 5 59.521 20.845
1 6 69.845 31.249
1 7 23.41 5.018
1 8 1.53 20.662
1 9 31.777 3.704
1 10 36.067 11.149
1 11 84.81 38.254
1 12 23.471 37.211
1 13 16.694 9.96
1 14 11.882 12.919
1 15 74.122 15.757
1 16 17.369 14.05
1 17 50.479 29.27
1 18 99.359 10.939
1 19 95.307 2.177
2 3 81.461 6.027
2 4 98.604 37.673
2 5 23.83 5.112
2 6 57.216 33.198
2 7 20.384 0.245
2 8 29.224 21.788
2 9 52.317 16.888
2 10 84.463 12.848
2 11 90.933 11.097
2 12 25.309 26.068
2 13 31.965 14.018
2 14 70.941 35.225
2 15 2.08 24.751
2 16 38.411 22.894
2 17 92.725 9.423
2 18 26.063 33.912
2 19 68.357 6.269
3 4 34.473 5.385
3 5 54.019 15.658
3 6 57.391 36.756
3 7 61.597 7.218
3 8 34.762 27.345
3 9 62.053 33.204
3 10 66.232 3.861
3 11 80.542 14.345
3 12 6.946 35.881
3 13 64.775 13.487
3 14 55.229 37.494
3 15 38.222 38.357
3 16 15.376 3.841
3 17 45.523 23.518
3 18 18.105 0.986
3 19 89.957 5.635
4 5 62.06 39.266
4 6 22.278 31.912
4 7 29.413 16.332
4 8 88.212 11.521
4 9 34.534 36.813
4 10 50.995 14.453
4 11 7.281 8.297
4 12 98.814 22.932
4 13 40.84 7.252
4 14 79.264 10.506
4 15 23.262 20.724
4 16 86.877 36.589
4 17 26.185 20.481
4 18 24.252 38.484
4 19 79.341 4.079
5 6 1.551 29.522
5 7 24.719 4.583
5 8 13.678 38.63
5 9 97.3 32.466
5 10 12.869 13.86
5 11 17.407 11.413
5 12 38.844 14.541
5 13 64.305 16.03
5 14 62.627 31.419
5 15 22.5 20.481
5 16 47.342 25.005
5 17 29.03 24.357
5 18 44.185 1.409
5 19 52.007 11.044
6 7 71.794 23.72
6 8 94.197 18.348
6 9 38.231 23.854
6 10 4.897 26.166
6 11 71.366 26.814
6 12 71.287 1.298
6 13 9.081 14.417
6 14 20.249 21.443
6 15 7.578 9.422
6 16 2.018 25.059
6 17 60.468 8.978
6 18 3.756 22.617
6 19 6.024 36.883
7 8 47.874 14.782
7 9 82.287 39.639
7 10 51.742 16.873
7 11 2.133 37.929
7 12 51.449 1.272
7 13 57.978 12.847
7 14 50.805 36.979
7 15 85.624 11.239
7 16 66.564 33.314
7 17 74.404 39.905
7 18 45.5 21.213
7 19 47.725 15.265
8 9 59.556 21.611
8 10 28.601 21.536
8 11 61.443 0.264
8 12 31.445 1.232
8 13 90.992 20.537
8 14 3.011 13.015
8 15 24.119 24.987
8 16 76.273 24.516
8 17 64.227 12.677
8 18 38.327 5.856
8 19 81.36 22.32
9 10 9.405 31.495
9 11 17.314 11.731
9 12 29.884 38.954
9 13 71.736 7.139
9 14 14.076 37.712
9 15 64.201 21.479
9 16 88.379 5.868
9 17 1.447 39.43
9 18 3.524 6.904
9 19 70.487 34.506
10 11 95.065 22.888
10 12 97.769 19.65
10 13 9.296 16.669
10 14 10.504 23.362
10 15 89.104 34.437
10 16 14.172 0.74
10 17 91.078 13.414
10 18 70.264 0.258
10 19 82.75 28.688
11 12 14.178 27.311
11 13 66.019 32.453
11 14 23.722 28.641
11 15 7.206 16.699
11 16 3.298 14.155
11 17 98.133 17.444
11 18 78.839 6.682
11 19 81.717 20.169
12 13 91.376 22.349
12 14 10.488 39.475
12 15 87.895 14.747
12 16 18.857 26.057
12 17 67.691 6.518
12 18 4.756 29.144
12 19 13.277 32.218
13 14 28.226 6.585
13 15 80.781 27.427
13 16 30.356 12.161
13 17 93.888 29.592
13 18 35.155 17.53
13 19 29.466 14.957
14 15 60.438 1.608
14 16 3.123 25.435
14 17 5.234 23.097
14 18 44.717 2.347
14 19 41.417 26.168
15 16 38.941 0.908
15 17 7.258 9.624
15 18 87.488 13.269
15 19 16.271 6.433
16 17 95.351 27.756
16 18 72.661 7.812
16 19 3.009 35.433
17 18 70.672 29.9
17 19 54.158 23.35
18 19 52.257 35.254
