20
89.371
0 1 7.789 1.110
0 2 5.643 10.917
0 3 2.805 4.841
0 4 3.989 3.989
0 5 4.684 0.961
0 6 4.682 8.528
0 7 1.403 9.242
0 8 4.743 4.550
0 9 19.128 3.382
0 10 2.591 4.297
0 11 5.997 2.318
0 12 4.586 4.921
0 13 7.121 2.887
0 14 2.096 7.68
0 15 4.612 4.411
0 16 0.24 7.514
0 17 9.297 1.374
0 18 0.552 0.335
0 19 7.905 4.322
1 2 2.922 9.581
1 3 0.289 1.794
1 4 0.816 0.37
1 5 12.128 18.047
1 6 6.945 5.222
1 7 7.832 9.046
1 8 7.787 4.997
1 9 9.029 4.269
1 10 2.805 5.548
1 11 8.957 0.645
1 12 6.809 0.353
1 13 4.892 8.692
1 14 9.067 8.648
1 15 1.934 0.924
1 16 8.857 4.791
1 17 29.234 0.532
1 18 0.671 7.430
1 19 5.403 2.363
2 3 1.928 8.632
2 4 3.829 8.682
2 5 7.105 11.053
2 6 4.776 9.924
2 7 5.332 17.182
2 8 1.361 20.746
2 9 0.305 10.325
2 10 0.768 11.056
2 11 2.737 5.067
2 12 12.683 9.876
2 13 1.042 6.471
2 14 3.837 9.197
2 15 3.273 10.629
2 16 1.041 9.441
2 17 9.482 11.404
2 18 3.921 9.617
2 19 5.072 10.028
3 4 5.637 7.162
3 5 6.86 1.223
3 6 0.054 4.943
3 7 8.865 9.264
3 8 3.425 4.305
3 9 2.70 8.653
3 10 1.336 1.061
3 11 14.285 6.184
3 12 1.475 3.299
3 13 3.265 3.25
3 14 3.625 2.66
3 15 25.292 6.213
3 16 9.181 4.275
3 17 2.823 7.228
3 18 8.541 6.54
3 19 5.22 7.966
4 5 1.414 4.437
4 6 3.157 7.356
4 7 5.026 9.531
4 8 0.134 0.212
4 9 1.506 4.017
4 10 3.243 7.844
4 11 5.337 5.823
4 12 0.195 6.233
4 13 0.182 0.728
4 14 9.325 6.377
4 15 5.01 6.054
4 16 0.134 0.163
4 17 7.445 5.575
4 18 6.724 6.198
4 19 3.256 1.365
5 6 8.773 7.355
5 7 6.691 9.071
5 8 1.713 4.947
5 9 6.299 3.026
5 10 8.878 8.999
5 11 0.792 8.778
5 12 1.273 3.323
5 13 8.243 3.286
5 14 6.764 7.81
5 15 5.748 5.326
5 16 6.227 5.208
5 17 1.729 3.478
5 18 8.751 2.123
5 19 20.728 5.233
6 7 6.118 9.659
6 8 8.741 6.62
6 9 5.063 5.705
6 10 12.929 8.173
6 11 3.552 2.892
6 12 7.906 0.447
6 13 4.77 9.05
6 14 1.936 0.153
6 15 1.602 1.812
6 16 6.068 1.845
6 17 4.592 4.268
6 18 3.079 2.704
6 19 6.902 3.593
7 8 3.535 19.495
7 9 6.79 9.226
7 10 4.241 9.087
7 11 0.585 8.699
7 12 1.882 8.897
7 13 7.335 9.290
7 14 15.199 9.532
7 15 4.651 12.715
7 16 4.777 8.871
7 17 8.381 9.518
7 18 2.365 9.166
7 19 9.177 9.446
8 9 1.635 4.971
8 10 5.611 8.188
8 11 6.033 7.075
8 12 2.442 2.211
8 13 5.029 3.541
8 14 3.825 3.549
8 15 1.316 5.555
8 16 18.789 2.938
8 17 0.745 7.765
8 18 9.175 3.03
8 19 8.602 4.277
9 10 0.234 7.897
9 11 2.649 2.213
9 12 4.715 3.003
9 13 0.854 1.056
9 14 9.16 1.039
9 15 1.071 4.55
9 16 4.604 1.079
9 17 0.96 0.809
9 18 8.537 6.687
9 19 1.656 3.301
10 11 5.26 6.86
10 12 6.14 4.472
10 13 0.034 8.9
10 14 1.703 1.901
10 15 7.73 2.888
10 16 8.5 5.706
10 17 4.547 8.379
10 18 0.301 2.542
10 19 8.124 7.78
11 12 0.286 7.598
11 13 0.717 8.491
11 14 1.031 7.374
11 15 1.095 3.492
11 16 1.403 0.547
11 17 1.675 4.029
11 18 30.192 8.938
11 19 5.375 6.111
12 13 0.462 0.218
12 14 7.412 3.005
12 15 6.819 0.726
12 16 8.527 5.091
12 17 4.444 7.155
12 18 7.108 7.419
12 19 0.179 9.079
13 14 4.644 9.214
13 15 5.079 3.842
13 16 6.592 2.331
13 17 8.708 7.483
13 18 7.262 7.477
13 19 2.21 8.068
14 15 8.465 5.473
14 16 6.767 9.128
14 17 3.16 6.823
14 18 4.243 7.074
14 19 4.917 9.167
15 16 1.17 7.269
15 17 4.617 7.534
15 18 6.288 3.26
15 19 6.179 8.293
16 17 2.406 0.949
16 18 1.676 2.306
16 19 8.075 1.152
17 18 6.836 1.839
17 19 3.465 8.125
18 19 0.944 3.597