20
54.0
0 1 7.595 2.549
0 2 7.243 1.708
0 3 7.471 2.909
0 4 7.31 10.374
0 5 7.389 4.087
0 6 7.091 4.224
0 7 9.709 1.36
0 8 9.612 1.17
0 9 9.533 1.37
0 10 8.196 3.701
0 11 7.688 10.653
0 12 7.477 3.394
0 13 7.274 3.594
0 14 7.234 2.006
0 15 8.415 9.751
0 16 7.553 4.287
0 17 7.755 1.683
0 18 8.27 3.576
0 19 7.466 9.223
1 2 7.236 2.268
1 3 8.33 3.727
1 4 8.284 2.46
1 5 7.329 8.109
1 6 8.163 2.475
1 7 7.323 2.387
1 8 7.576 1.582
1 9 7.724 9.332
1 10 7.841 3.092
1 11 7.261 2.515
1 12 8.248 4.294
1 13 7.166 10.903
1 14 9.856 3.8
1 15 7.351 1.97
1 16 7.06 2.465
1 17 7.108 4.242
1 18 8.183 2.16
1 19 7.249 9.768
2 3 7.919 2.584
2 4 8.915 1.17
2 5 9.452 1.2
2 6 7.756 2.57
2 7 7.744 2.781
2 8 7.919 9.567
2 9 7.629 3.024
2 10 8.135 4.072
2 11 8.479 1.07
2 12 7.086 2.567
2 13 7.215 9.729
2 14 8.429 2.52
2 15 7.889 2.673
2 16 7.431 2.103
2 17 7.861 8.445
2 18 7.947 2.35
2 19 7.838 2.293
3 4 7.139 3.622
3 5 7.158 8.234
3 6 8.056 1.4
3 7 7.103 3.585
3 8 7.525 1.79
3 9 7.077 3.868
3 10 8.458 11.468
3 11 7.207 3.655
3 12 7.575 4.05
3 13 7.488 3.469
3 14 8.333 11.117
3 15 7.784 3.231
3 16 7.826 1.975
3 17 9.988 1.17
3 18 7.701 2.134
3 19 7.685 11.504
4 5 8.481 0.86
4 6 7.53 2.901
4 7 8.269 2.391
4 8 8.497 4.338
4 9 7.855 10.157
4 10 7.518 2.949
4 11 9.419 0.9
4 12 7.006 2.324
4 13 7.846 2.635
4 14 7.145 8.629
4 15 7.477 4.103
4 16 7.315 2.207
4 17 7.128 4.336
4 18 7.663 10.896
4 19 8.129 4.218
5 6 7.552 4.433
5 7 7.387 3.103
5 8 8.333 9.334
5 9 7.262 3.09
5 10 8.25 1.715
5 11 9.388 3.22
5 12 7.569 2.378
5 13 8.312 8.806
5 14 7.049 2.336
5 15 7.573 3.667
5 16 7.3 3.295
5 17 7.042 10.852
5 18 8.483 2.4
5 19 8.08 4.238
6 7 7.904 3.762
6 8 8.065 8.1
6 9 7.804 2.265
6 10 8.123 3.321
6 11 7.989 3.544
6 12 8.406 8.971
6 13 7.227 4.041
6 14 8.071 2.332
6 15 7.114 3.919
6 16 7.352 11.41
6 17 8.746 5.44
6 18 8.168 4.455
6 19 7.895 3.094
7 8 8.719 2.31
7 9 9.461 0.98
7 10 7.832 2.886
7 11 8.277 9.947
7 12 7.471 2.587
7 13 7.346 3.008
7 14 7.256 4.388
7 15 8.268 9.086
7 16 7.556 2.293
7 17 8.292 2.587
7 18 8.069 3.92
7 19 7.068 9.724
8 9 8.883 1.3
8 10 7.107 3.8
8 11 7.324 2.891
8 12 8.143 3.44
8 13 7.531 11.26
8 14 8.057 2.495
8 15 7.006 3.304
8 16 8.48 2.408
8 17 7.379 8.224
8 18 7.383 2.19
8 19 7.083 3.791
9 10 8.357 2.317
9 11 8.436 11.706
9 12 8.257 1.543
9 13 7.618 3.833
9 14 7.986 2.021
9 15 7.614 10.438
9 16 7.539 3.797
9 17 8.215 1.787
9 18 7.091 4.392
9 19 8.357 8.316
10 11 7.961 1.508
10 12 8.823 4.67
10 13 7.282 2.962
10 14 7.609 3.281
10 15 7.125 8.439
10 16 8.405 3.284
10 17 7.163 2.558
10 18 8.003 2.948
10 19 8.805 2.15
11 12 7.385 9.914
11 13 7.885 2.801
11 14 7.106 3.94
11 15 8.221 3.223
11 16 7.067 11.148
11 17 7.156 2.117
11 18 8.362 3.52
11 19 7.495 4.439
12 13 7.976 10.422
12 14 8.272 4.012
12 15 8.087 2.846
12 16 7.991 3.163
12 17 7.171 9.928
12 18 7.699 2.584
12 19 8.778 1.46
13 14 7.075 3.196
13 15 9.499 2.3
13 16 8.542 4.6
13 17 7.106 3.639
13 18 7.1 11.596
13 19 7.734 2.416
14 15 8.07 3.577
14 16 7.829 1.721
14 17 8.458 10.675
14 18 9.161 2.25
14 19 7.967 2.893
15 16 8.993 0.81
15 17 7.79 2.188
15 18 7.226 2.027
15 19 7.367 9.801
16 17 8.305 2.188
16 18 7.586 1.708
16 19 7.089 3.95
17 18 8.07 8.391
17 19 7.623 3.414
18 19 7.649 3.77