20
54.584
0 1 20.783 22.84
0 2 49.993 60.195
0 3 11.104 7.619
0 4 78.938 61.315
0 5 75.177 91.388
0 6 88.503 27.418
0 7 8.415 82.965
0 8 75.112 84.393
0 9 9.832 24.25
0 10 67.576 15.266
0 11 23.87 73.821
0 12 78.589 59.772
0 13 45.713 94.395
0 14 43.985 30.094
0 15 81.549 1.166
0 16 12.771 82.659
0 17 45.476 38.884
0 18 35.482 69.593
0 19 38.433 59.821
1 2 92.691 15.342
1 3 33.172 36.888
1 4 10.428 46.607
1 5 3.128 51.481
1 6 96.73 56.008
1 7 87.552 32.754
1 8 33.13 18.439
1 9 75.754 91.133
1 10 51.798 23.915
1 11 71.127 32.609
1 12 0.34 30.85
1 13 59.547 22.492
1 14 23.285 50.386
1 15 60.674 15.355
1 16 64.639 95.386
1 17 18.321 49.375
1 18 8.905 70.198
1 19 51.039 46.283
2 3 80.263 36.807
2 4 75.218 81.931
2 5 67.715 26.23
2 6 40.458 15.975
2 7 21.544 49.189
2 8 11.268 86.096
2 9 48.378 1.407
2 10 38.166 44.177
2 11 58.67 73.701
2 12 58.587 98.189
2 13 26.029 42.197
2 14 95.05 45.32
2 15 48.297 93.646
2 16 19.258 96.691
2 17 62.66 49.773
2 18 15.793 18.084
2 19 44.704 28.327
3 4 37.586 18.518
3 5 74.431 13.144
3 6 15.345 85.698
3 7 56.075 33.476
3 8 68.388 44.068
3 9 65.998 66.266
3 10 53.425 25.22
3 11 82.075 69.597
3 12 90.129 14.324
3 13 92.272 16.896
3 14 47.572 48.759
3 15 45.933 76.81
3 16 31.03 46.85
3 17 80.037 67.338
3 18 29.146 86.846
3 19 2.426 45.897
4 5 15.012 52.891
4 6 89.125 12.031
4 7 30.153 97.389
4 8 79.82 35.122
4 9 71.931 22.9
4 10 97.623 83.91
4 11 72.739 92.459
4 12 98.795 40.991
4 13 49.014 46.61
4 14 94.509 33.177
4 15 69.529 45.355
4 16 0.738 95.136
4 17 6.083 94.215
4 18 65.784 58.649
4 19 31.462 7.666
5 6 30.566 50.211
5 7 67.446 41.687
5 8 62.805 38.478
5 9 91.834 30.616
5 10 98.711 50.94
5 11 24.241 94.464
5 12 99.323 32.513
5 13 93.725 51.523
5 14 4.877 83.703
5 15 68.304 19.354
5 16 96.093 61.589
5 17 55.525 15.374
5 18 97.725 8.849
5 19 12.425 31.829
6 7 31.796 24.97
6 8 44.409 0.056
6 9 15.092 92.124
6 10 36.87 93.046
6 11 34.146 44.331
6 12 24.175 13.032
6 13 39.95 21.212
6 14 71.469 61.06
6 15 21.336 88.541
6 16 38.639 16.361
6 17 71.665 85.993
6 18 78.931 7.728
6 19 34.092 95.215
7 8 29.496 4.061
7 9 8.827 29.756
7 10 36.8 91.772
7 11 64.448 83.35
7 12 40.526 60.379
7 13 15.502 61.563
7 14 26.915 30.322
7 15 24.736 11.98
7 16 14.863 33.063
7 17 63.747 18.45
7 18 12.216 74.745
7 19 47.071 21.659
8 9 10.391 20.878
8 10 48.911 11.989
8 11 80.304 79.503
8 12 89.651 61.651
8 13 66.114 87.938
8 14 51.651 80.391
8 15 73.839 47.782
8 16 12.765 58.021
8 17 27.767 47.413
8 18 69.457 51.658
8 19 95.091 33.469
9 10 96.16 85.542
9 11 83.79 90.086
9 12 39.42 7.76
9 13 90.355 33.687
9 14 90.536 65.544
9 15 75.26 44.085
9 16 71.112 79.312
9 17 91.096 18.33
9 18 83.88 85.84
9 19 75.245 33.053
10 11 87.263 83.994
10 12 29.021 17.019
10 13 42.625 75.591
10 14 32.983 33.468
10 15 21.387 10.372
10 16 29.798 69.555
10 17 79.751 77.401
10 18 27.12 38.748
10 19 12.253 16.019
11 12 8.015 67.845
11 13 37.307 61.786
11 14 80.981 49.619
11 15 46.075 64.733
11 16 11.103 65.651
11 17 93.28 74.25
11 18 43.612 62.172
11 19 14.902 58.78
12 13 63.637 48.049
12 14 84.781 65.024
12 15 20.17 29.559
12 16 25.918 88.107
12 17 21.422 30.978
12 18 38.753 92.381
12 19 22.042 40.208
13 14 95.941 66.996
13 15 79.27 1.841
13 16 25.626 86.021
13 17 91.982 89.75
13 18 83.966 74.819
13 19 33.548 19.846
14 15 92.517 79.36
14 16 48.564 2.133
14 17 96.077 11.44
14 18 29.404 99.273
14 19 35.016 34.008
15 16 70.255 15.122
15 17 23.303 21.141
15 18 94.088 48.92
15 19 78.18 95.186
16 17 47.231 90.271
16 18 71.061 38.556
16 19 48.25 24.307
17 18 6.087 63.801
17 19 50.13 84.774
18 19 41.353 75.429
