20
99.8
0 1 6.681 25.409
0 2 16.935 7.724
0 3 90.228 2.312
0 4 21.811 22.811
0 5 18.812 20.128
0 6 3.935 21.960
0 7 6.715 7.810
0 8 3.993 7.456
0 9 21.540 22.639
0 10 18.485 12.381
0 11 10.129 9.746
0 12 14.596 20.174
0 13 80.394 2.365
0 14 18.096 5.982
0 15 16.040 10.993
0 16 86.789 2.347
0 17 29.560 3.731
0 18 11.744 26.895
0 19 11.582 3.587
1 2 27.627 7.777
1 3 7.266 10.428
1 4 3.174 14.102
1 5 89.261 4.485
1 6 17.962 13.158
1 7 8.257 14.758
1 8 22.096 14.029
1 9 15.274 21.910
1 10 16.493 24.534
1 11 95.608 4.663
1 12 20.101 20.276
1 13 7.386 1.070
1 14 5.089 2.081
1 15 15.003 26.523
1 16 16.486 5.836
1 17 17.977 6.907
1 18 14.576 16.666
1 19 12.299 14.059
2 3 17.809 29.520
2 4 82.699 2.090
2 5 6.169 23.413
2 6 11.377 11.861
2 7 16.322 17.470
2 8 5.035 21.012
2 9 7.581 7.944
2 10 26.199 22.465
2 11 23.323 6.945
2 12 8.811 12.080
2 13 8.581 21.861
2 14 13.481 29.380
2 15 24.480 26.552
2 16 25.919 16.106
2 17 86.572 2.144
2 18 88.961 2.364
2 19 20.026 2.089
3 4 17.505 2.573
3 5 12.738 9.322
3 6 6.138 27.870
3 7 9.042 29.295
3 8 6.545 19.012
3 9 29.344 11.226
3 10 15.505 16.837
3 11 27.630 1.539
3 12 12.895 9.318
3 13 81.230 2.343
3 14 7.602 7.685
3 15 7.068 5.455
3 16 87.129 2.249
3 17 27.134 7.079
3 18 25.465 10.384
3 19 18.018 6.188
4 5 27.412 11.700
4 6 1.310 8.757
4 7 15.031 6.103
4 8 24.657 23.019
4 9 8.994 29.840
4 10 11.464 17.345
4 11 12.632 25.412
4 12 27.228 19.908
4 13 16.346 13.899
4 14 16.417 21.325
4 15 26.552 22.551
4 16 23.857 10.560
4 17 98.729 2.248
4 18 93.105 2.326
4 19 28.758 23.595
5 6 8.620 16.939
5 7 29.536 19.561
5 8 9.758 20.747
5 9 22.814 25.464
5 10 6.976 10.270
5 11 83.996 4.673
5 12 8.449 28.769
5 13 19.550 1.396
5 14 28.665 4.803
5 15 15.721 14.951
5 16 17.933 12.381
5 17 12.603 21.012
5 18 1.717 6.536
5 19 2.276 7.323
6 7 7.336 21.921
6 8 90.435 4.634
6 9 88.192 4.557
6 10 12.692 10.794
6 11 24.366 20.947
6 12 19.806 28.767
6 13 24.124 17.793
6 14 23.411 6.899
6 15 29.577 2.334
6 16 22.210 26.878
6 17 8.346 15.049
6 18 20.590 3.017
6 19 9.279 2.954
7 8 12.644 1.161
7 9 18.988 7.365
7 10 88.218 4.580
7 11 22.061 26.710
7 12 84.431 4.561
7 13 24.781 22.627
7 14 15.887 26.472
7 15 27.904 5.197
7 16 4.775 30.033
7 17 16.224 5.300
7 18 29.898 6.799
7 19 23.866 6.006
8 9 87.989 4.715
8 10 18.168 1.211
8 11 1.752 8.715
8 12 8.008 14.302
8 13 7.399 9.977
8 14 9.680 4.218
8 15 6.455 4.400
8 16 19.923 17.118
8 17 17.334 15.885
8 18 12.222 23.239
8 19 13.713 25.724
9 10 5.221 10.703
9 11 14.198 1.263
9 12 9.841 6.149
9 13 5.309 14.871
9 14 24.912 25.828
9 15 17.175 10.502
9 16 4.751 9.675
9 17 24.648 7.541
9 18 12.255 14.074
9 19 18.582 13.273
10 11 9.342 8.603
10 12 84.583 4.522
10 13 30.027 5.800
10 14 12.776 12.323
10 15 15.299 12.749
10 16 26.560 23.181
10 17 27.621 6.868
10 18 23.372 28.449
10 19 11.658 22.066
11 12 29.562 11.732
11 13 11.763 8.651
11 14 17.287 4.290
11 15 26.447 28.204
11 16 20.829 3.776
11 17 3.264 10.979
11 18 22.966 29.328
11 19 18.485 3.222
12 13 6.482 24.672
12 14 10.976 18.361
12 15 29.599 6.820
12 16 12.966 23.506
12 17 8.078 2.770
12 18 21.832 16.866
12 19 25.269 29.627
13 14 4.054 16.970
13 15 27.221 12.343
13 16 83.549 2.218
13 17 10.294 14.401
13 18 27.880 22.453
13 19 29.111 27.262
14 15 87.993 14.163
14 16 25.474 20.262
14 17 19.817 17.168
14 18 9.902 20.283
14 19 13.821 17.643
15 16 15.662 11.609
15 17 12.036 20.274
15 18 20.401 25.518
15 19 12.328 23.569
16 17 4.949 26.694
16 18 13.499 6.215
16 19 17.491 23.843
17 18 88.366 2.109
17 19 21.006 18.542
18 19 26.211 19.786
