20
99.999
0 1 79.408 2.378
0 2 3.439 2.163
0 3 54.33 2.457
0 4 70.078 0.134
0 5 31.842 4.055
0 6 11.065 0.761
0 7 6.61 3.233
0 8 8.629 4.021
0 9 36.496 3.681
0 10 15.81 0.069
0 11 7.379 0.378
0 12 91.108 2.145
0 13 69.475 1.684
0 14 75.515 1.033
0 15 69.392 4.369
0 16 77.297 4.988
0 17 51.353 0.337
0 18 60.201 4.718
0 19 35.407 0.782
1 2 63.883 1.66
1 3 81.71 4.099
1 4 4.909 3.409
1 5 23.916 4.611
1 6 16.332 1.972
1 7 39.967 2.042
1 8 23.38 4.75
1 9 26.366 2.802
1 10 2.477 3.83
1 11 8.086 4.792
1 12 26.856 1.039
1 13 84.273 3.118
1 14 28.157 3.239
1 15 17.357 3.155
1 16 79.444 2.472
1 17 26.315 3.253
1 18 52.987 0.668
1 19 49.725 0.288
2 3 53.357 4.697
2 4 21.247 3.916
2 5 12.329 3.421
2 6 37.116 0.839
2 7 1.204 3.728
2 8 44.757 0.531
2 9 7.722 4.783
2 10 10.505 4.119
2 11 72.358 4.983
2 12 74.493 2.621
2 13 3.73 3.753
2 14 40.915 4.203
2 15 12.596 4.988
2 16 34.598 3.016
2 17 44.048 4.543
2 18 81.787 2.478
2 19 83.838 1.772
3 4 98.661 3.437
3 5 54.893 2.574
3 6 12.024 2.621
3 7 96.653 4.692
3 8 70.608 4.966
3 9 66.578 3.806
3 10 16.269 3.28
3 11 53.287 3.591
3 12 25.626 4.399
3 13 45.333 2.573
3 14 43.933 4.6
3 15 19.959 0.548
3 16 45.875 0.942
3 17 61.735 0.078
3 18 12.035 4.638
3 19 38.215 0.038
4 5 58.594 2.371
4 6 27.331 4.845
4 7 94.127 2.151
4 8 89.849 1.203
4 9 3.495 0.968
4 10 20.112 1.953
4 11 28.827 0.316
4 12 52.203 2.438
4 13 87.326 2.346
4 14 42.365 2.056
4 15 61.35 4.313
4 16 53.741 1.967
4 17 62.018 4.963
4 18 35.928 4.82
4 19 35.507 0.372
5 6 46.732 3.701
5 7 62.192 2.854
5 8 12.218 4.09
5 9 39.17 2.758
5 10 33.519 1.77
5 11 78.361 3.708
5 12 84.625 2.475
5 13 25.969 4.118
5 14 58.676 1.126
5 15 51.316 2.145
5 16 73.467 3.799
5 17 55.429 0.866
5 18 62.51 1.842
5 19 99.543 0.708
6 7 37.225 1.728
6 8 19.123 2.646
6 9 76.251 2.286
6 10 69.078 4.661
6 11 22.897 2.59
6 12 37.404 4.459
6 13 33.099 4.292
6 14 46.632 3.525
6 15 99.658 0.337
6 16 97.296 2.499
6 17 71.499 3.126
6 18 59.109 2.982
6 19 40.494 2.323
7 8 34.157 0.502
7 9 5.591 2.437
7 10 30.869 2.414
7 11 21.848 1.683
7 12 85.623 4.19
7 13 52.453 4.607
7 14 88.817 2.292
7 15 23.702 0.179
7 16 97.695 4.703
7 17 58.442 4.895
7 18 48.416 0.578
7 19 27.338 4.652
8 9 67.564 0.126
8 10 27.849 0.279
8 11 63.508 0.262
8 12 37.055 0.249
8 13 41.307 3.708
8 14 85.081 1.485
8 15 77.907 0.144
8 16 4.303 0.767
8 17 9.18 3.184
8 18 70.235 2.282
8 19 5.057 3.096
9 10 22.871 4.353
9 11 51.296 3.668
9 12 25.147 3.251
9 13 40.843 0.207
9 14 50.615 3.418
9 15 73.427 0.898
9 16 57.701 2.519
9 17 43.872 3.512
9 18 89.472 0.094
9 19 83.406 2.1
10 11 92.407 4.166
10 12 65.854 1.177
10 13 22.244 2.476
10 14 29.728 4.653
10 15 79.471 3.796
10 16 78.971 2.927
10 17 7.483 2.074
10 18 89.964 0.126
10 19 49.685 0.141
11 12 88.781 0.154
11 13 12.987 1.584
11 14 61.043 1.174
11 15 15.119 1.803
11 16 57.574 4.276
11 17 62.841 4.097
11 18 5.298 1.072
11 19 63.727 1.521
12 13 42.646 2.352
12 14 2.471 0.306
12 15 99.284 4.743
12 16 67.448 0.31
12 17 47.223 0.196
12 18 56.755 3.048
12 19 39.596 2.832
13 14 74.72 4.143
13 15 58.63 2.208
13 16 54.656 3.979
13 17 49.924 3.54
13 18 57.119 0.063
13 19 97.952 0.128
14 15 52.278 3.361
14 16 66.218 1.477
14 17 39.881 2.481
14 18 35.499 0.967
14 19 21.176 2.207
15 16 14.33 2.298
15 17 90.25 3.907
15 18 81.254 1.766
15 19 73.807 2.636
16 17 8.724 3.404
16 18 51.877 3.451
16 19 66.986 0.688
17 18 71.816 2.612
17 19 62.104 3.036
18 19 1.094 3.884