20
18
0 1 1.169 0.246
0 2 1.967 0.415
0 3 1.099 0.649
0 4 1.752 0.532
0 5 1.495 0.734
0 6 0.584 0.737
0 7 1.242 0.795
0 8 1.121 0.475
0 9 0.811 0.684
0 10 0.898 0.403
0 11 0.981 0.634
0 12 1.661 0.479
0 13 0.517 0.525
0 14 1.766 0.648
0 15 1.451 0.484
0 16 0.884 0.647
0 17 1.115 0.592
0 18 1.082 0.629
0 19 1.645 0.637
1 2 1.602 0.322
1 3 0.525 0.445
1 4 1.744 0.796
1 5 1.418 0.623
1 6 1.667 0.751
1 7 0.56 0.527
1 8 1.679 0.648
1 9 1.524 0.682
1 10 1.446 0.762
1 11 0.688 0.606
1 12 1.792 0.585
1 13 1.513 0.429
1 14 1.535 0.511
1 15 1.972 0.223
1 16 0.693 0.526
1 17 0.992 0.438
1 18 0.902 0.651
1 19 0.89 0.742
2 3 1.57 0.416
2 4 1.229 0.473
2 5 0.821 0.745
2 6 0.963 0.582
2 7 1.073 0.778
2 8 0.596 0.594
2 9 1.033 0.701
2 10 1.719 0.595
2 11 1.297 0.478
2 12 1.509 0.756
2 13 1.131 0.623
2 14 1.71 0.57
2 15 1.361 0.521
2 16 0.558 0.763
2 17 1.248 0.585
2 18 1.489 0.417
2 19 0.769 0.744
3 4 1.447 0.513
3 5 1.577 0.726
3 6 1.524 0.218
3 7 1.293 0.791
3 8 1.212 0.332
3 9 0.97 0.542
3 10 1.147 0.651
3 11 1.617 0.448
3 12 1.396 0.779
3 13 1.497 0.708
3 14 1.122 0.575
3 15 1.529 0.457
3 16 0.8 0.667
3 17 1.187 0.473
3 18 1.229 0.62
3 19 0.646 0.635
4 5 1.111 0.554
4 6 0.94 0.75
4 7 1.454 0.599
4 8 1.648 0.476
4 9 0.657 0.541
4 10 1.956 0.458
4 11 0.762 0.746
4 12 1.023 0.296
4 13 1.222 0.326
4 14 0.576 0.716
4 15 0.736 0.439
4 16 1.332 0.612
4 17 0.937 0.436
4 18 0.906 0.523
4 19 1.025 0.725
5 6 0.769 0.742
5 7 0.997 0.569
5 8 1.214 0.695
5 9 0.987 0.709
5 10 0.796 0.483
5 11 1.591 0.554
5 12 0.739 0.466
5 13 0.945 0.758
5 14 1.054 0.472
5 15 1.172 0.573
5 16 1.57 0.549
5 17 1.424 0.289
5 18 1.506 0.583
5 19 1.15 0.533
6 7 1.639 0.615
6 8 1.379 0.265
6 9 1.111 0.538
6 10 0.649 0.56
6 11 0.919 0.409
6 12 1.071 0.552
6 13 0.856 0.702
6 14 1.984 0.339
6 15 0.849 0.676
6 16 1.103 0.744
6 17 1.68 0.714
6 18 1.6 0.53
6 19 0.982 0.787
7 8 1.142 0.459
7 9 1.279 0.497
7 10 1.685 0.461
7 11 1.277 0.463
7 12 1.177 0.664
7 13 1.068 0.649
7 14 1.045 0.634
7 15 1.139 0.696
7 16 1.771 0.69
7 17 1.286 0.731
7 18 1.728 0.451
7 19 1.551 0.552
8 9 1.348 0.752
8 10 1.249 0.689
8 11 1.616 0.779
8 12 0.592 0.618
8 13 1.03 0.766
8 14 1.856 0.287
8 15 1.039 0.482
8 16 0.624 0.593
8 17 1.188 0.708
8 18 1.047 0.464
8 19 0.703 0.773
9 10 0.959 0.598
9 11 0.792 0.544
9 12 1.359 0.474
9 13 0.75 0.559
9 14 1.1 0.585
9 15 1.406 0.409
9 16 0.674 0.513
9 17 0.765 0.418
9 18 1.719 0.678
9 19 1.34 0.487
10 11 1.303 0.555
10 12 1.591 0.416
10 13 1.301 0.249
10 14 0.659 0.588
10 15 1.645 0.446
10 16 1.607 0.762
10 17 1.18 0.769
10 18 1.337 0.689
10 19 0.519 0.583
11 12 1.221 0.536
11 13 1.191 0.67
11 14 0.581 0.479
11 15 1.469 0.45
11 16 1.565 0.492
11 17 1.353 0.545
11 18 1.516 0.676
11 19 0.721 0.682
12 13 1.617 0.501
12 14 0.51 0.428
12 15 1.676 0.638
12 16 1.738 0.528
12 17 1.085 0.768
12 18 1.155 0.57
12 19 0.614 0.537
13 14 1.23 0.767
13 15 1.149 0.743
13 16 0.698 0.628
13 17 1.756 0.477
13 18 0.94 0.519
13 19 0.97 0.656
14 15 1.413 0.494
14 16 0.574 0.628
14 17 0.539 0.413
14 18 1.139 0.738
14 19 1.626 0.647
15 16 1.116 0.682
15 17 0.63 0.414
15 18 0.918 0.612
15 19 1.699 0.533
16 17 1.83 0.474
16 18 1.563 0.511
16 19 0.93 0.513
17 18 1.037 0.613
17 19 1.652 0.551
18 19 0.752 0.759
