20
99
0 1 39.386 10.397
0 2 84.142 47.998
0 3 15.664 78.097
0 4 85.611 88.014
0 5 45.670 50.609
0 6 26.868 83.497
0 7 54.770 73.591
0 8 16.325 16.453
0 9 74.857 74.139
0 10 80.870 62.266
0 11 98.645 35.667
0 12 40.646 87.325
0 13 15.530 89.744
0 14 84.319 21.441
0 15 65.273 37.227
0 16 41.320 29.289
0 17 38.110 94.287
0 18 26.550 32.997
0 19 91.946 10.740
1 2 45.020 3.771
1 3 79.007 16.512
1 4 86.488 9.004
1 5 7.465 38.882
1 6 26.636 47.617
1 7 61.384 64.631
1 8 61.498 74.980
1 9 54.169 75.194
1 10 3.587 52.003
1 11 28.520 95.568
1 12 35.173 17.212
1 13 71.669 40.137
1 14 47.086 22.923
1 15 29.561 96.932
1 16 61.374 12.788
1 17 31.828 24.286
1 18 40.160 91.669
1 19 80.994 66.040
2 3 9.263 94.148
2 4 52.632 62.355
2 5 87.539 9.486
2 6 23.518 32.240
2 7 18.935 72.738
2 8 61.447 28.242
2 9 93.511 99.625
2 10 92.797 29.572
2 11 16.848 49.022
2 12 16.847 38.128
2 13 13.176 56.658
2 14 80.321 43.417
2 15 72.142 30.636
2 16 78.412 46.929
2 17 58.062 78.438
2 18 76.805 9.466
2 19 86.177 55.291
3 4 63.415 38.742
3 5 28.627 33.075
3 6 9.480 14.104
3 7 64.829 4.258
3 8 97.134 0.419
3 9 4.558 91.436
3 10 45.331 59.975
3 11 67.342 10.623
3 12 90.209 9.648
3 13 67.436 67.904
3 14 15.700 32.970
3 15 14.677 40.760
3 16 11.455 58.404
3 17 12.924 74.629
3 18 15.032 91.189
3 19 21.688 77.477
4 5 76.153 1.630
4 6 6.624 34.346
4 7 68.364 73.881
4 8 98.483 35.562
4 9 96.189 39.653
4 10 2.642 36.234
4 11 84.334 85.130
4 12 72.016 81.480
4 13 16.797 22.836
4 14 21.924 83.495
4 15 3.274 1.938
4 16 0.835 57.870
4 17 60.346 27.634
4 18 51.126 5.236
4 19 38.561 16.846
5 6 84.541 10.081
5 7 57.038 39.723
5 8 42.288 4.641
5 9 48.174 44.181
5 10 34.368 36.009
5 11 28.656 39.326
5 12 33.371 84.589
5 13 94.732 40.092
5 14 43.060 67.635
5 15 32.034 36.534
5 16 93.975 92.730
5 17 47.667 43.249
5 18 86.088 97.765
5 19 52.149 38.014
6 7 9.992 93.368
6 8 34.720 30.517
6 9 48.674 59.615
6 10 52.810 82.376
6 11 62.935 78.696
6 12 53.929 37.783
6 13 97.387 42.770
6 14 5.908 41.780
6 15 76.598 31.592
6 16 73.625 2.583
6 17 18.520 5.262
6 18 48.427 26.787
6 19 42.854 40.489
7 8 87.728 5.344
7 9 4.469 25.361
7 10 49.416 98.905
7 11 77.710 11.095
7 12 98.637 97.083
7 13 47.688 38.248
7 14 79.942 91.044
7 15 98.076 4.155
7 16 93.683 8.231
7 17 81.212 64.064
7 18 16.373 77.777
7 19 61.807 30.605
8 9 86.653 13.253
8 10 9.556 81.826
8 11 52.128 82.305
8 12 63.237 51.351
8 13 42.980 61.496
8 14 55.133 45.689
8 15 44.567 96.115
8 16 26.648 68.478
8 17 74.083 92.612
8 18 84.166 64.628
8 19 65.253 19.717
9 10 85.143 3.300
9 11 93.761 3.780
9 12 69.286 81.372
9 13 6.624 3.422
9 14 84.200 76.307
9 15 93.447 89.650
9 16 14.587 25.144
9 17 73.753 98.088
9 18 80.782 42.874
9 19 32.004 6.846
10 11 86.942 3.548
10 12 21.673 85.583
10 13 49.760 69.217
10 14 50.937 17.645
10 15 30.610 82.244
10 16 77.255 12.389
10 17 48.799 11.521
10 18 86.869 6.953
10 19 30.693 91.260
11 12 32.868 4.791
11 13 37.901 73.717
11 14 99.096 10.621
11 15 10.794 3.301
11 16 38.015 31.028
11 17 55.505 32.204
11 18 2.553 17.503
11 19 61.182 88.909
12 13 86.755 10.092
12 14 69.620 68.652
12 15 40.064 52.329
12 16 65.211 21.934
12 17 77.809 28.892
12 18 45.873 73.115
12 19 4.961 66.249
13 14 84.117 66.786
13 15 79.570 88.801
13 16 10.516 10.287
13 17 47.847 78.434
13 18 41.112 44.641
13 19 64.809 97.126
14 15 18.429 98.084
14 16 88.881 10.851
14 17 3.101 57.661
14 18 46.567 11.903
14 19 85.241 5.914
15 16 28.908 24.845
15 17 76.750 10.059
15 18 46.877 38.412
15 19 63.900 84.232
16 17 1.088 58.064
16 18 39.064 0.886
16 19 63.569 84.093
17 18 93.080 3.229
17 19 55.136 46.076
18 19 98.458 77.464
