20
93.238
0 1 0.488 19.969
0 2 49.2 17.904
0 3 82.467 19.917
0 4 78.192 17.319
0 5 23.49 14.426
0 6 33.89 15.859
0 7 70.945 0.604
0 8 98.294 12.689
0 9 52.081 3.913
0 10 23.418 11.714
0 11 8.776 16.559
0 12 93.324 15.727
0 13 85.581 16.814
0 14 72.835 9.794
0 15 67.217 15.038
0 16 41.71 8.568
0 17 75.227 2.618
0 18 51.244 12.689
0 19 85.475 11.31
1 2 89.853 4.271
1 3 70.131 9.868
1 4 42.47 1.346
1 5 44.202 16.06
1 6 4.268 6.602
1 7 52.447 14.603
1 8 35.322 16.443
1 9 55.637 4.927
1 10 18.444 2.214
1 11 16.696 15.081
1 12 23.542 6.193
1 13 61.258 8.419
1 14 20.938 16.437
1 15 58.655 17.262
1 16 99.529 7.839
1 17 62.359 11.003
1 18 83.784 7.422
1 19 92.038 8.526
2 3 5.692 12.006
2 4 96.993 12.717
2 5 58.089 16.346
2 6 55.413 14.572
2 7 27.977 6.688
2 8 82.505 1.02
2 9 28.535 7.202
2 10 50.377 8.884
2 11 45.748 15.991
2 12 10.574 16.507
2 13 46.283 1.253
2 14 36.177 14.567
2 15 75.271 7.283
2 16 21.836 17.524
2 17 22.029 7.099
2 18 25.596 17.579
2 19 23.24 19.791
3 4 69.696 7.209
3 5 63.997 12.468
3 6 3.627 14.671
3 7 64.1 19.251
3 8 26.351 3.482
3 9 35.444 5.906
3 10 85.964 2.355
3 11 11.435 5.432
3 12 93.195 11.825
3 13 57.823 15.607
3 14 35.847 17.747
3 15 86.079 18.063
3 16 15.886 12.447
3 17 12.329 9.513
3 18 83.033 11.869
3 19 41.19 2.839
4 5 51.789 1.323
4 6 44.881 15.719
4 7 72.363 9.51
4 8 72.634 4.528
4 9 29.012 6.862
4 10 74.913 7.882
4 11 79.128 2.742
4 12 80.754 13.342
4 13 33.506 8.139
4 14 79.999 19.24
4 15 83.851 18.738
4 16 62.011 15.157
4 17 14.338 12.818
4 18 72.995 8.028
4 19 81.905 13.057
5 6 25.513 17.028
5 7 40.736 3.566
5 8 86.94 12.256
5 9 70.345 6.423
5 10 92.225 5.847
5 11 11.283 2.225
5 12 36.262 14.238
5 13 81.808 2.189
5 14 48.002 16.798
5 15 76.912 13.263
5 16 47.85 12.853
5 17 7.28 3.72
5 18 22.402 9.008
5 19 81.746 0.232
6 7 86.119 6.924
6 8 76.059 10.586
6 9 62.239 6.859
6 10 21.901 19.782
6 11 27.195 18.3
6 12 8.922 13.974
6 13 50.522 18.281
6 14 18.987 19.365
6 15 89.296 12.29
6 16 43.772 8.411
6 17 5.192 7.109
6 18 63.738 11.675
6 19 96.349 5.937
7 8 7.431 6.554
7 9 6.905 10.553
7 10 62.428 3.955
7 11 88.537 5.046
7 12 79.825 5.581
7 13 30.042 12.902
7 14 58.113 4.223
7 15 4.757 17.288
7 16 98.551 14.41
7 17 73.174 0.636
7 18 51.555 3.287
7 19 70.867 18.907
8 9 70.215 5.253
8 10 23.336 7.101
8 11 5.724 4.868
8 12 14.371 13.205
8 13 7.648 6.045
8 14 86.227 6.189
8 15 67.152 17.782
8 16 43.586 16.528
8 17 70.076 15.556
8 18 12.868 18.901
8 19 26.048 13.835
9 10 91.679 3.773
9 11 18.906 11.621
9 12 92.345 5.6
9 13 65.444 1.982
9 14 49.624 1.86
9 15 92.958 19.518
9 16 93.005 12.889
9 17 41.819 19.189
9 18 6.993 12.202
9 19 47.778 7.579
10 11 42.529 5.928
10 12 59.703 8.114
10 13 72.41 3.678
10 14 30.752 10.265
10 15 86.972 18.935
10 16 90.35 12.36
10 17 39.65 12.944
10 18 86.983 0.56
10 19 79.801 2.47
11 12 99.3 16.397
11 13 64.22 0.85
11 14 84.621 10.964
11 15 47.191 11.123
11 16 0.734 18.18
11 17 87.539 14.635
11 18 15.403 17.772
11 19 37.71 13.736
12 13 82.683 16.721
12 14 75.326 19.469
12 15 99.214 5.853
12 16 66.037 18.844
12 17 98.123 1.892
12 18 43.173 6.344
12 19 62.602 5.882
13 14 70.642 11.784
13 15 34.245 19.292
13 16 19.615 10.961
13 17 32.476 5.612
13 18 38.868 4.957
13 19 70.226 8.55
14 15 12.184 19.742
14 16 62.442 6.54
14 17 41.436 16.684
14 18 76.068 4.61
14 19 29.554 3.668
15 16 41.695 5.945
15 17 15.153 17.615
15 18 85.451 18.114
15 19 75.158 13.884
16 17 63.315 5.446
16 18 69.578 12.89
16 19 3.373 15.523
17 18 14.035 8.238
17 19 58.39 2.735
18 19 86.751 6.174
