20
40
0 1 6.04 3.09
0 2 4.11 2.82
0 3 19.77 0.39
0 4 6.35 3.17
0 5 6.64 3.89
0 6 4.75 2.53
0 7 6.40 2.96
0 8 6.22 2.57
0 9 6.01 3.23
0 10 14.95 0.39
0 11 4.78 3.51
0 12 3.69 4.52
0 13 3.31 2.47
0 14 21.00 0.09
0 15 4.66 2.89
0 16 4.03 3.41
0 17 4.47 3.57
0 18 4.05 2.38
0 19 17.90 0.18
1 2 26.99 0.03
1 3 6.88 3.46
1 4 3.67 3.65
1 5 11.41 0.46
1 6 4.60 3.99
1 7 6.57 2.86
1 8 5.59 3.43
1 9 17.05 0.29
1 10 5.91 2.76
1 11 3.25 2.98
1 12 5.75 2.59
1 13 4.75 2.86
1 14 5.86 2.58
1 15 4.32 2.85
1 16 6.70 2.03
1 17 6.37 2.41
1 18 6.82 1.72
1 19 4.00 3.18
2 3 3.92 3.88
2 4 3.15 2.16
2 5 26.45 0.40
2 6 6.75 3.64
2 7 5.49 3.46
2 8 4.12 2.90
2 9 17.22 0.20
2 10 5.30 2.47
2 11 3.74 2.54
2 12 6.23 2.54
2 13 5.69 3.40
2 14 3.59 3.19
2 15 6.21 2.38
2 16 6.09 1.12
2 17 3.01 2.95
2 18 3.98 2.82
2 19 4.71 3.33
3 4 6.84 2.50
3 5 5.72 2.62
3 6 3.57 2.54
3 7 3.16 3.45
3 8 6.44 2.43
3 9 3.13 3.01
3 10 29.48 0.33
3 11 3.87 3.17
3 12 4.03 2.76
3 13 6.66 3.39
3 14 18.37 0.06
3 15 4.52 3.44
3 16 4.18 2.98
3 17 5.93 3.06
3 18 6.24 3.45
3 19 29.24 0.29
4 5 5.21 2.94
4 6 4.64 2.93
4 7 19.96 0.23
4 8 10.09 0.42
4 9 3.09 2.78
4 10 3.74 3.12
4 11 10.64 0.10
4 12 25.05 0.40
4 13 13.59 0.32
4 14 4.60 2.44
4 15 24.39 0.49
4 16 4.30 3.23
4 17 19.91 0.39
4 18 20.85 0.28
4 19 6.29 3.54
5 6 3.83 1.43
5 7 6.26 3.15
5 8 4.51 2.70
5 9 28.08 0.44
5 10 3.48 3.08
5 11 4.87 2.81
5 12 6.99 2.23
5 13 4.18 2.12
5 14 3.62 3.08
5 15 3.22 3.88
5 16 5.67 2.72
5 17 4.07 2.12
5 18 4.56 2.53
5 19 4.10 2.79
6 7 5.45 2.47
6 8 4.49 2.36
6 9 6.74 2.67
6 10 3.55 3.99
6 11 4.61 2.38
6 12 6.25 3.31
6 13 6.87 3.81
6 14 6.99 2.95
6 15 4.17 3.71
6 16 21.62 0.35
6 17 4.98 2.84
6 18 5.36 2.12
6 19 6.03 3.57
7 8 27.52 0.47
7 9 5.50 2.33
7 10 5.18 3.22
7 11 15.70 0.41
7 12 26.57 0.16
7 13 20.09 0.49
7 14 3.76 2.25
7 15 26.64 0.20
7 16 3.16 3.31
7 17 13.15 0.10
7 18 16.75 0.20
7 19 6.60 4.03
8 9 6.26 3.92
8 10 5.79 4.26
8 11 18.34 0.33
8 12 22.33 0.39
8 13 26.78 0.34
8 14 6.26 3.14
8 15 15.22 0.14
8 16 5.49 3.76
8 17 28.07 0.28
8 18 18.89 0.04
8 19 4.17 3.53
9 10 4.98 4.51
9 11 3.80 3.53
9 12 5.84 2.07
9 13 6.28 2.15
9 14 4.79 3.22
9 15 5.01 2.60
9 16 6.83 2.79
9 17 6.89 2.69
9 18 5.25 2.20
9 19 3.82 3.04
10 11 5.02 3.08
10 12 6.10 3.28
10 13 6.40 2.27
10 14 22.21 0.28
10 15 4.54 2.94
10 16 4.82 3.53
10 17 6.50 2.25
10 18 3.36 2.61
10 19 22.12 0.06
11 12 12.83 0.17
11 13 29.32 0.36
11 14 6.54 4.39
11 15 28.85 0.01
11 16 3.40 2.66
11 17 17.99 0.25
11 18 14.08 0.04
11 19 3.15 1.37
12 13 22.59 0.37
12 14 6.37 1.73
12 15 13.99 0.43
12 16 6.02 3.10
12 17 10.12 0.37
12 18 27.35 0.02
12 19 4.21 2.12
13 14 3.96 4.01
13 15 15.92 0.28
13 16 3.58 2.23
13 17 20.00 0.32
13 18 24.20 0.21
13 19 4.82 3.44
14 15 5.17 2.31
14 16 6.82 2.91
14 17 5.67 3.44
14 18 5.71 1.93
14 19 25.03 0.26
15 16 5.71 2.15
15 17 26.72 0.36
15 18 19.05 0.00
15 19 6.37 3.12
16 17 4.47 3.99
16 18 3.16 2.75
16 19 5.36 2.15
17 18 14.24 0.34
17 19 3.91 2.92
18 19 6.82 3.90
