20
16
0 1 20 0.1
0 2 20 0.1
0 3 20 0.1
0 4 20 0.1
0 5 1 0.2
0 6 1 0.2
0 7 1 0.2
0 8 1 0.2
0 9 1 0.2
0 10 1 0.2
0 11 1 0.2
0 12 1 0.2
0 13 1 0.2
0 14 1 0.2
0 15 1 0.2
0 16 1 0.2
0 17 1 0.2
0 18 1 0.2
0 19 1 0.2
1 2 20 0.1
1 3 20 0.1
1 4 20 0.1
1 5 1 0.2
1 6 1 0.2
1 7 1 0.2
1 8 1 0.2
1 9 1 0.2
1 10 1 0.2
1 11 1 0.2
1 12 1 0.2
1 13 1 0.2
1 14 1 0.2
1 15 1 0.2
1 16 1 0.2
1 17 1 0.2
1 18 1 0.2
1 19 1 0.2
2 3 20 0.1
2 4 20 0.1
2 5 1 0.2
2 6 1 0.2
2 7 1 0.2
2 8 1 0.2
2 9 1 0.2
2 10 1 0.2
2 11 1 0.2
2 12 1 0.2
2 13 1 0.2
2 14 1 0.2
2 15 1 0.2
2 16 1 0.2
2 17 1 0.2
2 18 1 0.2
2 19 1 0.2
3 4 20 0.1
3 5 1 0.2
3 6 1 0.2
3 7 1 0.2
3 8 1 0.2
3 9 1 0.2
3 10 1 0.2
3 11 1 0.2
3 12 1 0.2
3 13 1 0.2
3 14 1 0.2
3 15 1 0.2
3 16 1 0.2
3 17 1 0.2
3 18 1 0.2
3 19 1 0.2
4 5 1 0.2
4 6 1 0.2
4 7 1 0.2
4 8 1 0.2
4 9 1 0.2
4 10 1 0.2
4 11 1 0.2
4 12 1 0.2
4 13 1 0.2
4 14 1 0.2
4 15 1 0.2
4 16 1 0.2
4 17 1 0.2
4 18 1 0.2
4 19 1 0.2
5 6 20 0.1
5 7 20 0.1
5 8 20 0.1
5 9 20 0.1
5 10 1 0.2
5 11 1 0.2
5 12 1 0.2
5 13 1 0.2
5 14 1 0.2
5 15 1 0.2
5 16 1 0.2
5 17 1 0.2
5 18 1 0.2
5 19 1 0.2
6 7 20 0.1
6 8 20 0.1
6 9 20 0.1
6 10 1 0.2
6 11 1 0.2
6 12 1 0.2
6 13 1 0.2
6 14 1 0.2
6 15 1 0.2
6 16 1 0.2
6 17 1 0.2
6 18 1 0.2
6 19 1 0.2
7 8 20 0.1
7 9 20 0.1
7 10 1 0.2
7 11 1 0.2
7 12 1 0.2
7 13 1 0.2
7 14 1 0.2
7 15 1 0.2
7 16 1 0.2
7 17 1 0.2
7 18 1 0.2
7 19 1 0.2
8 9 20 0.1
8 10 1 0.2
8 11 1 0.2
8 12 1 0.2
8 13 1 0.2
8 14 1 0.2
8 15 1 0.2
8 16 1 0.2
8 17 1 0.2
8 18 1 0.2
8 19 1 0.2
9 10 1 0.2
9 11 1 0.2
9 12 1 0.2
9 13 1 0.2
9 14 1 0.2
9 15 1 0.2
9 16 1 0.2
9 17 1 0.2
9 18 1 0.2
9 19 1 0.2
10 11 20 0.666
10 12 20 0.666
10 13 21 1
10 14 1 1
10 15 1 1
10 16 1 1
10 17 1 1
10 18 1 1
10 19 1 1
11 12 20 0.666
11 13 21 1
11 14 1 1
11 15 1 1
11 16 1 1
11 17 1 1
11 18 1 1
11 19 1 1
12 13 21 1
12 14 1 1
12 15 1 1
12 16 1 1
12 17 1 1
12 18 1 1
12 19 1 1
13 14 5 0.666
13 15 5 0.666
13 16 3 0.3
13 17 1 1
13 18 1 1
13 19 1 1
14 15 5 0.666
14 16 3 0.3
14 17 1 1
14 18 1 1
14 19 1 1
15 16 3 0.3
15 17 1 1
15 18 1 1
15 19 1 1
16 17 0 3
16 18 0 3
16 19 0 3
17 18 0 3
17 19 0 3
18 19 0 3