20
50
0 1 7.770 29.627
0 2 8.245 28.945
0 3 7.592 17.299
0 4 7.391 15.987
0 5 10.665 18.969
0 6 7.361 23.524
0 7 13.932 1.781
0 8 9.027 19.568
0 9 13.690 1.377
0 10 7.995 21.387
0 11 8.393 20.029
0 12 8.464 22.906
0 13 8.797 28.725
0 14 10.192 19.335
0 15 9.054 29.363
0 16 8.622 22.380
0 17 11.052 3.628
0 18 11.118 18.953
0 19 8.967 27.718
1 2 8.517 23.354
1 3 9.304 20.362
1 4 7.132 25.859
1 5 7.929 27.978
1 6 9.258 23.378
1 7 11.391 14.506
1 8 7.569 31.191
1 9 9.851 19.446
1 10 7.827 27.055
1 11 12.794 2.137
1 12 7.853 19.351
1 13 7.059 14.105
1 14 11.935 4.648
1 15 7.311 30.511
1 16 7.252 20.454
1 17 9.522 20.668
1 18 7.254 24.126
1 19 9.057 31.515
2 3 11.012 23.410
2 4 10.235 24.201
2 5 10.914 4.886
2 6 8.323 14.365
2 7 7.080 27.304
2 8 9.965 32.375
2 9 10.790 32.391
2 10 12.290 1.900
2 11 10.099 27.782
2 12 8.435 22.153
2 13 7.656 17.623
2 14 8.838 21.364
2 15 9.053 22.154
2 16 8.773 24.409
2 17 7.908 31.115
2 18 8.875 17.035
2 19 10.031 26.791
3 4 12.848 6.763
3 5 11.931 31.692
3 6 12.193 0.015
3 7 10.780 27.933
3 8 8.844 25.844
3 9 8.058 30.929
3 10 9.997 17.617
3 11 10.999 31.500
3 12 11.018 22.606
3 13 10.619 29.843
3 14 7.343 23.194
3 15 10.949 19.311
3 16 7.046 30.851
3 17 10.015 15.083
3 18 9.253 13.847
3 19 11.145 0.008
4 5 11.072 16.053
4 6 10.468 0.000
4 7 11.552 18.710
4 8 8.398 17.206
4 9 7.131 25.421
4 10 7.440 18.052
4 11 10.336 28.370
4 12 9.627 13.239
4 13 7.633 19.554
4 14 10.546 29.428
4 15 10.910 21.628
4 16 11.622 19.449
4 17 8.248 13.252
4 18 7.091 31.936
4 19 12.519 0.000
5 6 7.835 13.044
5 7 10.949 31.601
5 8 9.130 14.748
5 9 10.215 15.107
5 10 10.264 0.000
5 11 7.540 14.727
5 12 10.535 23.581
5 13 10.001 22.827
5 14 7.367 23.501
5 15 9.233 15.413
5 16 9.457 13.238
5 17 9.271 29.460
5 18 8.928 26.812
5 19 7.987 17.421
6 7 9.787 30.155
6 8 8.745 19.017
6 9 8.342 30.518
6 10 11.111 30.942
6 11 10.680 25.047
6 12 9.875 24.490
6 13 9.620 25.722
6 14 10.043 24.180
6 15 11.667 28.926
6 16 10.679 16.749
6 17 9.079 31.818
6 18 10.318 18.615
6 19 11.732 0.000
7 8 8.630 31.457
7 9 13.467 0.000
7 10 8.134 14.175
7 11 8.599 22.801
7 12 11.208 16.009
7 13 7.120 25.629
7 14 11.545 29.163
7 15 10.593 31.741
7 16 8.990 28.682
7 17 11.462 0.000
7 18 7.956 20.265
7 19 11.759 16.045
8 9 9.748 19.328
8 10 9.722 27.517
8 11 10.863 24.694
8 12 10.887 5.285
8 13 7.536 17.502
8 14 11.712 13.685
8 15 9.676 15.124
8 16 9.809 13.123
8 17 7.478 30.349
8 18 13.715 1.501
8 19 11.661 16.530
9 10 9.533 23.645
9 11 8.280 22.724
9 12 8.440 28.520
9 13 9.395 20.121
9 14 9.599 20.549
9 15 9.180 18.538
9 16 9.192 24.922
9 17 13.326 0.000
9 18 9.617 22.877
9 19 7.545 24.542
10 11 8.745 19.077
10 12 7.700 22.298
10 13 11.722 15.881
10 14 8.685 30.795
10 15 9.263 23.734
10 16 9.266 21.804
10 17 7.318 24.963
10 18 9.257 19.722
10 19 7.656 24.939
11 12 9.863 19.064
11 13 10.997 20.550
11 14 13.630 0.000
11 15 11.128 17.421
11 16 7.468 28.740
11 17 10.283 27.343
11 18 7.873 22.162
11 19 10.326 25.479
12 13 9.907 21.279
12 14 11.774 24.696
12 15 10.631 29.599
12 16 11.559 16.568
12 17 9.022 27.679
12 18 11.369 0.000
12 19 11.753 26.549
13 14 10.328 27.049
13 15 11.970 16.897
13 16 11.748 28.547
13 17 9.000 15.508
13 18 11.992 23.319
13 19 8.953 26.371
14 15 10.818 14.710
14 16 11.168 16.564
14 17 9.843 24.756
14 18 11.596 31.394
14 19 8.622 13.048
15 16 11.473 6.786
15 17 8.667 19.660
15 18 8.760 25.863
15 19 10.112 27.756
16 17 7.893 13.499
16 18 10.313 22.183
16 19 7.854 26.176
17 18 7.266 25.529
17 19 9.564 28.976
18 19 11.069 29.258
