20
27.6
0 1 70 0.1
0 2 10 0.5
0 3 11 0.5
0 4 4 97
0 5 14 0.1
0 6 14 0.05
0 7 33 99
0 8 11 0.05
0 9 15 99
0 10 2 91
0 11 14 0.025
0 12 51 95
0 13 25 99
0 14 39 98
0 15 39 96
0 16 16 91
0 17 37 97
0 18 79 92
0 19 4 93
1 2 31 98
1 3 81 97
1 4 14 0.2
1 5 17 96
1 6 78 92
1 7 13 0.1
1 8 60 93
1 9 14 0.05
1 10 13 0.05
1 11 10 95
1 12 13 0.025
1 13 11 0.025
1 14 49 96
1 15 44 94
1 16 66 93
1 17 35 92
1 18 3 99
1 19 31 97
2 3 12 0.025
2 4 10 0.2
2 5 11 0.025
2 6 15 0.025
2 7 13 96
2 8 15 0.03
2 9 72 96
2 10 44 94
2 11 10 0.04
2 12 64 98
2 13 54 96
2 14 69 96
2 15 23 96
2 16 38 90
2 17 72 98
2 18 73 93
2 19 30 96
3 4 71 96
3 5 10 0.02
3 6 11 0.01
3 7 30 0.8
3 8 13 0.9
3 9 60 98
3 10 25 98
3 11 11 0.025
3 12 33 99
3 13 7 99
3 14 48 97
3 15 60 97
3 16 88 90
3 17 60 93
3 18 30 94
3 19 84 93
4 5 42 93
4 6 73 93
4 7 14 0.5
4 8 77 97
4 9 15 0.025
4 10 10 0.3
4 11 14 98
4 12 14 0.2
4 13 15 0.01
4 14 22 92
4 15 72 95
4 16 76 95
4 17 46 93
4 18 53 90
4 19 81 92
5 6 13 0.025
5 7 73 97
5 8 11 0.025
5 9 20 0.5
5 10 34 91
5 11 15 0.025
5 12 71 92
5 13 39 93
5 14 12 96
5 15 4 96
5 16 86 95
5 17 56 91
5 18 14 92
5 19 47 95
6 7 3 90
6 8 13 0.01
6 9 83 98
6 10 50 0.5
6 11 12 0.01
6 12 44 96
6 13 82 91
6 14 81 91
6 15 73 93
6 16 1 90
6 17 5 90
6 18 45 98
6 19 30 95
7 8 27 99
7 9 10 0.08
7 10 10 0.01
7 11 14 97
7 12 12 1
7 13 15 0.2
7 14 20 99
7 15 59 96
7 16 72 90
7 17 62 97
7 18 56 95
7 19 8 99
8 9 81 97
8 10 75 98
8 11 11 0.01
8 12 5 0.7
8 13 25 98
8 14 49 93
8 15 54 94
8 16 88 97
8 17 67 94
8 18 5 93
8 19 47 90
9 10 15 0.01
9 11 65 97
9 12 13 0.01
9 13 12 0.01
9 14 34 99
9 15 43 93
9 16 17 93
9 17 32 91
9 18 51 98
9 19 26 95
10 11 12 99
10 12 14 0.02
10 13 10 0.04
10 14 61 91
10 15 85 98
10 16 17 99
10 17 22 95
10 18 81 95
10 19 54 95
11 12 15 95
11 13 15 0.3
11 14 81 91
11 15 41 90
11 16 61 99
11 17 82 96
11 18 68 90
11 19 82 96
12 13 12 0.01
12 14 42 98
12 15 39 99
12 16 10 91
12 17 31 90
12 18 85 91
12 19 10 93
13 14 52 97
13 15 3 90
13 16 60 97
13 17 51 90
13 18 42 94
13 19 51 98
14 15 90 0.5
14 16 90 1.2
14 17 75 1
14 18 83 92
14 19 34 95
15 16 40 0.6
15 17 25 90
15 18 75 0.8
15 19 15 96
16 17 35 91
16 18 54 94
16 19 50 1
17 18 70 1
17 19 70 1.5
18 19 72 0.2