20
68.000
0 1 0.500 2.000
0 2 8.500 7.000
0 3 2.500 2.500
0 4 2.500 2.500
0 5 0.500 2.000
0 6 2.500 2.500
0 7 8.500 7.000
0 8 2.500 2.500
0 9 2.500 2.500
0 10 0.500 2.000
0 11 0.500 2.000
0 12 8.500 7.000
0 13 2.500 2.500
0 14 2.500 2.500
0 15 0.500 2.000
0 16 2.500 2.500
0 17 8.500 7.000
0 18 2.500 2.500
0 19 2.500 2.500
1 2 7.500 7.500
1 3 0.500 2.000
1 4 0.500 2.000
1 5 0.500 2.000
1 6 0.500 2.000
1 7 7.500 7.500
1 8 0.500 2.000
1 9 0.500 2.000
1 10 0.500 2.000
1 11 0.500 2.000
1 12 7.500 7.500
1 13 0.500 2.000
1 14 0.500 2.000
1 15 0.500 2.000
1 16 0.500 2.000
1 17 7.500 7.500
1 18 0.500 2.000
1 19 0.500 2.000
2 3 8.500 7.000
2 4 8.500 7.000
2 5 7.500 7.500
2 6 8.500 7.000
2 7 8.500 7.000
2 8 8.500 7.000
2 9 8.500 7.000
2 10 8.500 7.000
2 11 7.500 7.500
2 12 8.500 7.000
2 13 8.500 7.000
2 14 8.500 7.000
2 15 7.500 7.500
2 16 8.500 7.000
2 17 8.500 7.000
2 18 8.500 7.000
2 19 8.500 7.000
3 4 2.500 2.500
3 5 0.500 2.000
3 6 2.500 2.500
3 7 8.500 7.000
3 8 2.500 2.500
3 9 2.500 2.500
3 10 0.500 2.000
3 11 0.500 2.000
3 12 8.500 7.000
3 13 2.500 2.500
3 14 2.500 2.500
3 15 0.500 2.000
3 16 2.500 2.500
3 17 8.500 7.000
3 18 2.500 2.500
3 19 2.500 2.500
4 5 0.500 2.000
4 6 2.500 2.500
4 7 8.500 7.000
4 8 2.500 2.500
4 9 2.500 2.500
4 10 0.500 2.000
4 11 0.500 2.000
4 12 8.500 7.000
4 13 2.500 2.500
4 14 2.500 2.500
4 15 0.500 2.000
4 16 2.500 2.500
4 17 8.500 7.000
4 18 2.500 2.500
4 19 2.500 2.500
5 6 0.500 2.000
5 7 7.500 7.500
5 8 0.500 2.000
5 9 0.500 2.000
5 10 0.500 2.000
5 11 0.500 2.000
5 12 7.500 7.500
5 13 0.500 2.000
5 14 0.500 2.000
5 15 0.500 2.000
5 16 0.500 2.000
5 17 7.500 7.500
5 18 0.500 2.000
5 19 0.500 2.000
6 7 8.500 7.000
6 8 2.500 2.500
6 9 2.500 2.500
6 10 0.500 2.000
6 11 0.500 2.000
6 12 8.500 7.000
6 13 2.500 2.500
6 14 2.500 2.500
6 15 0.500 2.000
6 16 2.500 2.500
6 17 8.500 7.000
6 18 2.500 2.500
6 19 2.500 2.500
7 8 0.500 2.000
7 9 0.500 2.000
7 10 8.500 7.000
7 11 7.500 7.500
7 12 8.500 7.000
7 13 8.500 7.000
7 14 8.500 7.000
7 15 7.500 7.500
7 16 8.500 7.000
7 17 8.500 7.000
7 18 8.500 7.000
7 19 8.500 7.000
8 9 2.500 2.500
8 10 0.500 2.000
8 11 0.500 2.000
8 12 8.500 7.000
8 13 2.500 2.500
8 14 2.500 2.500
8 15 0.500 2.000
8 16 2.500 2.500
8 17 8.500 7.000
8 18 2.500 2.500
8 19 2.500 2.500
9 10 0.500 2.000
9 11 0.500 2.000
9 12 8.500 7.000
9 13 2.500 2.500
9 14 2.500 2.500
9 15 0.500 2.000
9 16 2.500 2.500
9 17 8.500 7.000
9 18 2.500 2.500
9 19 2.500 2.500
10 11 0.500 2.000
10 12 8.500 7.000
10 13 2.500 2.500
10 14 2.500 2.500
10 15 0.500 2.000
10 16 2.500 2.500
10 17 8.500 7.000
10 18 2.500 2.500
10 19 2.500 2.500
11 12 7.500 7.500
11 13 0.500 2.000
11 14 0.500 2.000
11 15 0.500 2.000
11 16 0.500 2.000
11 17 7.500 7.500
11 18 0.500 2.000
11 19 0.500 2.000
12 13 8.500 7.000
12 14 8.500 7.000
12 15 7.500 7.500
12 16 8.500 7.000
12 17 8.500 7.000
12 18 8.500 7.000
12 19 8.500 7.000
13 14 2.500 2.500
13 15 0.500 2.000
13 16 2.500 2.500
13 17 8.500 7.000
13 18 2.500 2.500
13 19 2.500 2.500
14 15 0.500 2.000
14 16 2.500 2.500
14 17 8.500 7.000
14 18 2.500 2.500
14 19 2.500 2.500
15 16 0.500 2.000
15 17 7.500 7.500
15 18 0.500 2.000
15 19 0.500 2.000
16 17 8.500 7.000
16 18 2.500 2.500
16 19 2.500 2.500
17 18 8.500 7.000
17 19 8.500 7.000
18 19 2.500 2.500
