20
99
0 1 81 0.398
0 2 84 0.487
0 3 83 0.113
0 4 87 0.115
0 5 16 0.463
0 6 13 0.366
0 7 15 0.242
0 8 1 0.493
0 9 20 0.258
0 10 6 0.274
0 11 13 0.442
0 12 4 0.251
0 13 1 0.438
0 14 14 0.152
0 15 9 0.366
0 16 20 0.394
0 17 2 0.328
0 18 19 0.207
0 19 5 0.427
1 2 81 0.43
1 3 81 0.134
1 4 82 0.301
1 5 4 0.155
1 6 8 0.333
1 7 19 0.314
1 8 0 0.354
1 9 1 0.198
1 10 13 0.113
1 11 3 0.381
1 12 6 0.39
1 13 15 0.407
1 14 18 0.494
1 15 18 0.212
1 16 15 0.313
1 17 16 0.331
1 18 0 0.153
1 19 3 0.401
2 3 90 0.128
2 4 83 0.388
2 5 4 0.397
2 6 15 0.231
2 7 20 0.104
2 8 18 0.242
2 9 9 0.407
2 10 16 0.414
2 11 1 0.296
2 12 9 0.138
2 13 4 0.108
2 14 10 0.474
2 15 7 0.393
2 16 2 0.202
2 17 13 0.318
2 18 5 0.111
2 19 8 0.11
3 4 89 0.452
3 5 12 0.486
3 6 3 0.403
3 7 15 0.417
3 8 8 0.229
3 9 1 0.165
3 10 12 0.348
3 11 20 0.24
3 12 0 0.385
3 13 7 0.475
3 14 12 0.441
3 15 18 0.143
3 16 0 0.383
3 17 0 0.271
3 18 11 0.408
3 19 17 0.418
4 5 12 0.151
4 6 1 0.471
4 7 15 0.499
4 8 15 0.48
4 9 0 0.176
4 10 18 0.428
4 11 11 0.191
4 12 13 0.111
4 13 2 0.169
4 14 5 0.332
4 15 10 0.337
4 16 17 0.385
4 17 2 0.149
4 18 17 0.174
4 19 6 0.223
5 6 81 0.102
5 7 83 0.159
5 8 85 0.337
5 9 18 0.304
5 10 12 0.438
5 11 9 0.161
5 12 4 0.177
5 13 12 0.229
5 14 1 0.196
5 15 11 0.196
5 16 9 0.21
5 17 20 0.262
5 18 16 0.284
5 19 6 0.177
6 7 81 0.105
6 8 89 0.186
6 9 8 0.351
6 10 3 0.159
6 11 20 0.4
6 12 11 0.343
6 13 1 0.273
6 14 3 0.424
6 15 13 0.388
6 16 12 0.49
6 17 13 0.122
6 18 20 0.484
6 19 10 0.198
7 8 84 0.152
7 9 3 0.194
7 10 2 0.229
7 11 10 0.286
7 12 9 0.314
7 13 12 0.231
7 14 11 0.407
7 15 4 0.434
7 16 5 0.47
7 17 7 0.452
7 18 3 0.4
7 19 16 0.103
8 9 10 0.169
8 10 11 0.248
8 11 10 0.26
8 12 8 0.373
8 13 10 0.142
8 14 9 0.379
8 15 3 0.378
8 16 20 0.288
8 17 2 0.218
8 18 16 0.39
8 19 12 0.372
9 10 81 0.226
9 11 87 0.318
9 12 86 0.262
9 13 84 0.127
9 14 15 0.139
9 15 13 0.305
9 16 5 0.319
9 17 11 0.466
9 18 19 0.161
9 19 5 0.31
10 11 82 0.371
10 12 89 0.274
10 13 86 0.356
10 14 7 0.431
10 15 5 0.135
10 16 5 0.348
10 17 10 0.348
10 18 2 0.14
10 19 8 0.454
11 12 86 0.132
11 13 90 0.273
11 14 20 0.111
11 15 17 0.48
11 16 18 0.213
11 17 15 0.408
11 18 14 0.271
11 19 20 0.246
12 13 83 0.38
12 14 9 0.434
12 15 5 0.206
12 16 13 0.376
12 17 12 0.245
12 18 20 0.38
12 19 13 0.367
13 14 18 0.122
13 15 12 0.149
13 16 7 0.118
13 17 2 0.119
13 18 14 0.119
13 19 17 0.12
14 15 83 0.297
14 16 89 0.115
14 17 83 0.484
14 18 83 0.183
14 19 87 0.395
15 16 81 0.372
15 17 81 0.363
15 18 80 0.382
15 19 90 0.291
16 17 88 0.134
16 18 89 0.45
16 19 88 0.344
17 18 84 0.298
17 19 88 0.149
18 19 81 0.252