20
70
0 1 7.638 2.007
0 2 2.778 3.445
0 3 4.057 3.737
0 4 5.6 3.768
0 5 9.336 1.834
0 6 5.202 4.586
0 7 2.628 5.156
0 8 6.965 3.184
0 9 4.796 5.053
0 10 2.306 1.936
0 11 4.153 4.306
0 12 3.835 5.747
0 13 8.876 3.351
0 14 7.872 3.138
0 15 8.056 2.957
0 16 4.342 2.347
0 17 9.088 3.861
0 18 7.917 3.36
0 19 2.222 4.586
1 2 2.44 2.97
1 3 2.271 4.99
1 4 3.49 3.424
1 5 1.042 5.292
1 6 5.7 1.714
1 7 5.189 5.411
1 8 6.816 1.019
1 9 4.909 3.791
1 10 6.67 3.045
1 11 4.643 2.706
1 12 7.483 4.964
1 13 8.737 1.253
1 14 2.254 4.639
1 15 9.96 2.755
1 16 8.157 1.256
1 17 3.912 1.314
1 18 1.27 1.871
1 19 8.144 4.497
2 3 6.899 1.288
2 4 8.855 3.285
2 5 5.511 2.859
2 6 7.307 5.682
2 7 8.834 1.654
2 8 5.819 4.584
2 9 8.249 1.024
2 10 7.694 5.576
2 11 9.526 5.73
2 12 1.169 2.885
2 13 7.495 4.23
2 14 5.69 1.403
2 15 1.486 1.464
2 16 8.74 5.959
2 17 8.124 1.353
2 18 6.993 1.061
2 19 4.73 2.076
3 4 8.011 3.55
3 5 3.015 2.681
3 6 9.87 4.572
3 7 2.036 5.442
3 8 3.147 4.171
3 9 5.81 1.904
3 10 9.89 2.477
3 11 6.941 5.734
3 12 7.155 3.195
3 13 8.753 1.366
3 14 3.633 3.459
3 15 7.07 5.36
3 16 2.094 4.874
3 17 5.053 1.532
3 18 6.328 1.784
3 19 2.956 5.948
4 5 9.479 5.986
4 6 8.468 5.635
4 7 2.0 1.637
4 8 3.431 4.481
4 9 9.681 3.354
4 10 7.614 2.848
4 11 5.542 1.236
4 12 1.323 5.14
4 13 4.23 4.722
4 14 5.485 1.622
4 15 8.222 5.919
4 16 7.965 1.332
4 17 3.239 1.222
4 18 3.258 2.238
4 19 7.196 3.479
5 6 3.877 1.624
5 7 1.375 2.984
5 8 9.708 4.05
5 9 3.49 2.961
5 10 6.802 4.069
5 11 2.664 3.052
5 12 9.145 4.576
5 13 7.055 3.392
5 14 4.655 4.252
5 15 9.451 5.067
5 16 3.161 3.271
5 17 3.389 4.624
5 18 2.66 4.105
5 19 5.005 2.365
6 7 1.151 1.407
6 8 3.371 2.516
6 9 7.04 2.162
6 10 1.226 5.518
6 11 5.318 1.625
6 12 6.077 3.979
6 13 8.463 1.234
6 14 9.957 2.773
6 15 2.894 2.031
6 16 8.288 4.461
6 17 3.481 5.633
6 18 2.224 5.899
6 19 2.014 4.043
7 8 4.79 3.052
7 9 2.045 3.248
7 10 3.0 5.408
7 11 8.37 1.786
7 12 7.711 2.929
7 13 9.198 5.065
7 14 7.029 3.312
7 15 8.847 4.23
7 16 9.375 3.471
7 17 2.426 4.353
7 18 8.526 2.477
7 19 8.544 4.553
8 9 1.559 5.002
8 10 4.74 2.928
8 11 9.288 3.697
8 12 8.699 4.346
8 13 1.082 4.256
8 14 9.936 4.196
8 15 5.334 3.152
8 16 3.021 1.226
8 17 8.075 3.925
8 18 9.877 3.158
8 19 3.831 3.642
9 10 1.086 2.444
9 11 3.05 1.699
9 12 1.699 4.972
9 13 9.378 1.569
9 14 4.633 4.988
9 15 1.657 5.102
9 16 3.342 1.145
9 17 7.852 4.625
9 18 7.368 2.871
9 19 3.275 1.815
10 11 6.503 1.251
10 12 9.13 3.046
10 13 3.335 1.818
10 14 3.135 4.166
10 15 6.77 2.48
10 16 6.362 5.233
10 17 1.615 4.849
10 18 7.461 1.028
10 19 4.107 2.679
11 12 6.655 4.247
11 13 5.667 5.334
11 14 1.893 1.837
11 15 7.907 3.999
11 16 6.948 3.977
11 17 4.726 1.191
11 18 2.117 3.964
11 19 8.585 2.092
12 13 2.624 5.539
12 14 2.948 1.667
12 15 9.767 3.459
12 16 8.925 2.937
12 17 7.449 2.835
12 18 8.894 4.735
12 19 5.315 2.013
13 14 8.223 2.065
13 15 4.864 4.451
13 16 9.734 3.782
13 17 6.983 3.447
13 18 6.649 2.787
13 19 3.354 1.245
14 15 6.045 2.45
14 16 5.371 4.778
14 17 3.891 2.599
14 18 8.269 2.813
14 19 2.209 5.278
15 16 1.03 4.953
15 17 5.984 4.701
15 18 8.241 1.125
15 19 6.665 2.443
16 17 5.397 4.014
16 18 7.001 4.892
16 19 4.026 4.392
17 18 2.617 4.021
17 19 4.083 4.095
18 19 9.842 3.357