20
99
0 1 5.686 0.069
0 2 5.127 0.717
0 3 85.185 0.479
0 4 47.633 0.295
0 5 13.175 0.755
0 6 72.515 0.749
0 7 93.341 0.67
0 8 93.387 0.489
0 9 86.706 0.652
0 10 51.489 0.567
0 11 78.91 0.671
0 12 58.954 0.676
0 13 16.031 0.341
0 14 94.496 0.663
0 15 90.014 0.247
0 16 53.628 0.196
0 17 56.238 0.691
0 18 90.581 0.157
0 19 56.328 0.16
1 2 33.496 0.132
1 3 14.275 0.579
1 4 90.261 0.272
1 5 80.688 0.668
1 6 23.581 0.302
1 7 80.998 0.384
1 8 91.225 0.081
1 9 83.587 0.7
1 10 66.118 0.043
1 11 53.32 0.399
1 12 66.012 0.325
1 13 28.544 0.223
1 14 38.78 0.583
1 15 55.216 0.799
1 16 22.011 0.332
1 17 61.688 0.6
1 18 16.434 0.64
1 19 85.288 0.645
2 3 90.594 0.658
2 4 16.901 0.475
2 5 76.603 0.337
2 6 92.956 0.749
2 7 97.946 0.43
2 8 97.474 0.321
2 9 22.874 0.791
2 10 6.377 0.423
2 11 17.25 0.101
2 12 18.591 0.155
2 13 1.55 0.59
2 14 46.877 0.483
2 15 18.485 0.2
2 16 18.921 0.11
2 17 15.993 0.315
2 18 63.317 0.049
2 19 22.575 0.471
3 4 32.249 0.699
3 5 10.743 0.574
3 6 64.078 0.396
3 7 41.151 0.265
3 8 20.653 0.139
3 9 27.394 0.226
3 10 47.43 0.362
3 11 92.521 0.456
3 12 5.964 0.726
3 13 73.642 0.793
3 14 32.264 0.219
3 15 23.517 0.207
3 16 38.914 0.348
3 17 68.694 0.138
3 18 65.826 0.322
3 19 91.31 0.38
4 5 48.919 0.753
4 6 92.98 0.097
4 7 51.252 0.048
4 8 37.672 0.306
4 9 55.7 0.424
4 10 6.933 0.393
4 11 91.666 0.689
4 12 21.575 0.525
4 13 11.906 0.723
4 14 77.145 0.14
4 15 27.177 0.768
4 16 68.342 0.563
4 17 3.272 0.34
4 18 14.796 0.261
4 19 18.977 0.752
5 6 99.61 0.471
5 7 46.091 0.776
5 8 48.496 0.194
5 9 19.989 0.588
5 10 43.019 0.481
5 11 69.766 0.041
5 12 24.879 0.035
5 13 4.063 0.557
5 14 91.418 0.289
5 15 19.722 0.634
5 16 64.507 0.433
5 17 89.041 0.426
5 18 56.03 0.148
5 19 54.093 0.327
6 7 38.303 0.017
6 8 70.564 0.09
6 9 73.722 0.626
6 10 84.963 0.024
6 11 88.384 0.561
6 12 90.611 0.232
6 13 49.817 0.615
6 14 51.944 0.555
6 15 32.924 0.792
6 16 68.832 0.018
6 17 24.29 0.584
6 18 3.002 0.435
6 19 87.671 0.183
7 8 29.924 0.124
7 9 86.485 0.452
7 10 62.275 0.579
7 11 64.519 0.529
7 12 95.323 0.628
7 13 69.95 0.675
7 14 77.163 0.398
7 15 8.945 0.356
7 16 58.925 0.353
7 17 28.829 0.79
7 18 68.32 0.115
7 19 66.018 0.351
8 9 52.273 0.152
8 10 37.063 0.058
8 11 11.188 0.598
8 12 35.587 0.22
8 13 4.386 0.562
8 14 10.4 0.093
8 15 50.306 0.29
8 16 99.703 0.641
8 17 22.864 0.033
8 18 14.333 0.58
8 19 20.941 0.636
9 10 46.161 0.564
9 11 2.155 0.313
9 12 89.466 0.58
9 13 47.698 0.515
9 14 27.427 0.662
9 15 62.854 0.513
9 16 45.836 0.516
9 17 40.623 0.792
9 18 36.652 0.051
9 19 80.861 0.623
10 11 91.812 0.099
10 12 37.497 0.347
10 13 45.767 0.593
10 14 60.525 0.114
10 15 81.906 0.641
10 16 91.85 0.379
10 17 6.965 0.143
10 18 67.445 0.477
10 19 46.424 0.372
11 12 66.25 0.038
11 13 31.351 0.36
11 14 81.219 0.211
11 15 64.822 0.57
11 16 17.288 0.151
11 17 95.473 0.417
11 18 53.844 0.645
11 19 82.201 0.796
12 13 72.551 0.639
12 14 43.648 0.119
12 15 5.385 0.628
12 16 13.139 0.082
12 17 33.682 0.697
12 18 74.071 0.005
12 19 76.657 0.222
13 14 54.469 0.11
13 15 60.967 0.661
13 16 62.328 0.195
13 17 58.468 0.388
13 18 63.556 0.509
13 19 82.41 0.236
14 15 87.402 0.385
14 16 8.818 0.474
14 17 66.655 0.508
14 18 35.115 0.469
14 19 89.93 0.129
15 16 71.22 0.759
15 17 98.451 0.389
15 18 75.324 0.224
15 19 85.875 0.365
16 17 46.647 0.367
16 18 60.471 0.368
16 19 27.854 0.531
17 18 88.756 0.465
17 19 49.745 0.377
18 19 5.02 0.357
