20
85
0 1 12.383 0.246
0 2 4.705 0.283
0 3 9.299 0.346
0 4 6.372 0.304
0 5 10.73 0.269
0 6 8.749 0.345
0 7 10.065 0.291
0 8 12.187 0.209
0 9 12.042 0.244
0 10 16.539 0.235
0 11 10.166 0.343
0 12 11.293 0.304
0 13 11.754 0.228
0 14 8.266 0.299
0 15 8.219 0.259
0 16 4.116 0.255
0 17 12.139 0.343
0 18 6.0 0.319
0 19 9.304 0.285
1 2 8.245 2.013
1 3 9.375 1.777
1 4 9.519 2.01
1 5 11.74 2.278
1 6 15.547 1.49
1 7 10.555 2.066
1 8 11.296 1.812
1 9 10.808 1.862
1 10 6.693 2.285
1 11 8.825 1.847
1 12 7.305 1.986
1 13 5.445 2.068
1 14 12.698 1.46
1 15 10.74 1.284
1 16 11.495 2.232
1 17 12.242 2.088
1 18 11.173 1.757
1 19 10.955 1.677
2 3 14.18 1.669
2 4 4.567 1.794
2 5 10.612 2.19
2 6 9.115 2.067
2 7 9.045 1.787
2 8 4.201 1.912
2 9 10.333 1.35
2 10 4.854 2.264
2 11 10.32 2.0
2 12 8.05 2.119
2 13 5.574 1.822
2 14 4.77 1.825
2 15 11.674 2.033
2 16 11.206 1.876
2 17 5.391 2.279
2 18 14.017 1.269
2 19 6.793 1.95
3 4 10.225 1.852
3 5 9.788 1.791
3 6 5.804 2.014
3 7 5.056 1.904
3 8 8.212 1.923
3 9 13.921 1.659
3 10 4.267 2.107
3 11 9.516 2.17
3 12 7.094 1.713
3 13 10.022 1.886
3 14 11.808 2.163
3 15 8.102 2.054
3 16 9.995 1.693
3 17 8.581 2.081
3 18 10.807 1.527
3 19 11.736 1.765
4 5 8.761 0.248
4 6 7.688 0.289
4 7 10.084 0.341
4 8 8.53 0.316
4 9 6.644 0.329
4 10 9.465 0.348
4 11 14.799 0.233
4 12 7.637 0.336
4 13 5.402 0.338
4 14 9.385 0.339
4 15 6.267 0.331
4 16 9.759 0.336
4 17 4.436 0.349
4 18 6.314 0.333
4 19 13.418 0.24
5 6 6.362 0.32
5 7 6.32 0.334
5 8 7.962 0.289
5 9 11.243 0.348
5 10 5.785 0.328
5 11 9.261 0.266
5 12 11.094 0.34
5 13 8.193 0.313
5 14 10.261 0.303
5 15 6.467 0.327
5 16 11.6 0.315
5 17 10.487 0.343
5 18 4.774 0.31
5 19 10.778 0.267
6 7 11.811 1.999
6 8 8.232 2.033
6 9 10.353 1.937
6 10 11.987 1.719
6 11 11.132 1.786
6 12 11.106 1.946
6 13 12.358 1.676
6 14 14.617 1.659
6 15 15.499 1.551
6 16 11.73 2.253
6 17 8.225 1.974
6 18 11.176 1.915
6 19 12.034 2.268
7 8 4.792 2.13
7 9 11.089 2.248
7 10 6.982 1.877
7 11 8.768 1.954
7 12 8.788 1.218
7 13 6.394 2.246
7 14 9.784 1.929
7 15 10.685 2.057
7 16 12.242 1.315
7 17 14.852 1.374
7 18 7.869 1.819
7 19 11.306 2.254
8 9 11.222 0.251
8 10 18.215 0.234
8 11 6.084 0.268
8 12 9.269 0.283
8 13 12.881 0.236
8 14 8.545 0.292
8 15 4.965 0.276
8 16 10.769 0.34
8 17 6.84 0.294
8 18 6.545 0.308
8 19 9.965 0.251
9 10 7.675 1.746
9 11 7.976 1.777
9 12 9.34 2.07
9 13 9.079 1.785
9 14 4.897 2.06
9 15 6.808 2.288
9 16 12.224 2.149
9 17 8.476 1.752
9 18 11.748 1.573
9 19 12.37 2.25
10 11 12.361 0.346
10 12 8.179 0.345
10 13 8.909 0.225
10 14 5.446 0.311
10 15 5.968 0.34
10 16 12.763 0.279
10 17 6.473 0.324
10 18 6.093 0.322
10 19 12.136 0.291
11 12 6.465 0.336
11 13 8.005 0.302
11 14 12.73 0.323
11 15 11.565 0.313
11 16 11.643 0.348
11 17 12.245 0.332
11 18 9.456 0.349
11 19 14.065 0.242
12 13 8.581 1.914
12 14 9.161 1.949
12 15 10.998 1.888
12 16 12.176 1.242
12 17 15.396 1.406
12 18 8.466 1.813
12 19 9.209 1.956
13 14 7.301 0.258
13 15 11.887 0.25
13 16 9.561 0.303
13 17 10.733 0.255
13 18 9.984 0.29
13 19 7.407 0.23
14 15 10.045 1.563
14 16 4.126 2.054
14 17 8.369 1.827
14 18 7.092 2.059
14 19 5.602 1.793
15 16 6.462 1.831
15 17 8.928 1.768
15 18 10.357 1.71
15 19 10.229 1.838
16 17 11.341 1.548
16 18 4.204 1.915
16 19 5.304 1.76
17 18 6.705 2.099
17 19 5.68 2.267
18 19 12.088 1.921
