20
75.43
0 5 44.361 0.26
0 6 99.37 0.136
0 9 77.795 0.821
0 19 28.755 0.603
0 12 36.465 0.562
0 1 58.138 4.042
0 2 39.116 2.191
0 3 61.274 2.26
0 4 4.902 0.91
0 7 47.382 4.028
0 8 51.147 2.184
0 10 46.444 7.374
0 11 4.588 2.906
0 13 29.403 1.895
0 14 15.367 7.32
0 15 42.631 4.018
0 16 0.892 2.018
0 17 54.847 3.912
0 18 19.354 1.912
1 11 98.135 2.178
1 15 64.553 3.858
1 2 67.635 4.101
1 3 17.202 4.101
1 4 8.321 4.111
1 5 56.014 4.029
1 6 20.794 4.15
1 7 34.728 4.008
1 8 68.508 4.22
1 9 0.1 4.178
1 10 3.919 6.969
1 12 42.027 4.171
1 13 1.358 4.134
1 14 59.74 6.965
1 16 18.207 4.073
1 17 36.988 4.241
1 18 20.754 4.018
1 19 6.7 4.141
2 16 6.882 1.903
2 8 26.634 1.187
2 3 30.7 2.049
2 4 57.408 2.197
2 5 23.294 2.237
2 6 20.079 2.174
2 7 60.39 3.875
2 9 57.799 2.149
2 10 1.174 7.221
2 11 59.698 2.844
2 12 63.032 2.209
2 13 52.203 2.224
2 14 53.897 6.827
2 15 0.244 3.971
2 17 47.382 3.96
2 18 63.811 2.171
2 19 12.087 2.178
3 16 77.856 0.214
3 8 59.467 2.058
3 4 25.789 2.242
3 5 47.47 2.24
3 6 14.709 2.187
3 7 58.571 4.06
3 9 7.574 2.174
3 10 35.525 7.04
3 11 61.301 2.839
3 12 39.049 2.195
3 13 52.368 2.21
3 14 1.919 7.177
3 15 33.862 4.157
3 17 49.365 4.124
3 18 48.865 2.18
3 19 11.28 2.227
4 17 58.465 0.354
4 7 82.822 0.771
4 5 35.949 0.915
4 6 46.58 0.916
4 8 0.223 2.184
4 9 16.944 0.91
4 10 31.627 6.9
4 11 63.396 2.87
4 12 42.106 0.855
4 13 37.457 1.892
4 14 12.934 7.121
4 15 3.649 4.145
4 16 12.08 2.032
4 18 1.887 1.845
4 19 61.602 0.86
5 6 17.771 0.831
5 9 92.137 0.169
5 19 71.65 0.31
5 12 26.525 0.289
5 7 13.028 3.981
5 8 46.593 2.196
5 10 5.081 7.322
5 11 58.125 2.771
5 13 50.248 1.873
5 14 42.95 7.27
5 15 53.388 4.234
5 16 7.925 2.031
5 17 30.948 4.088
5 18 7.924 1.907
6 9 6.657 0.435
6 19 46.834 0.5
6 12 19.499 0.261
6 7 3.531 3.963
6 8 45.126 2.215
6 10 7.083 7.212
6 11 52.469 2.872
6 13 42.167 1.892
6 14 0.398 7.032
6 15 10.405 4.079
6 16 62.959 2.012
6 17 19.075 3.959
6 18 23.782 1.89
7 17 55.318 3.763
7 8 66.965 3.864
7 9 62.882 4.096
7 10 15.632 7.208
7 11 31.206 4.1
7 12 17.452 4.116
7 13 14.952 4.022
7 14 43.333 7.109
7 15 31.85 4.236
7 16 40.041 4.012
7 18 67.296 4.104
7 19 49.715 3.925
8 16 46.779 0.569
8 9 18.703 2.186
8 10 16.449 7.068
8 11 29.194 2.818
8 12 11.346 2.263
8 13 32.722 2.171
8 14 67.56 7.312
8 15 22.568 4.183
8 17 27.83 4.051
8 18 24.852 2.207
8 19 64.906 2.179
9 19 9.473 0.217
9 12 84.039 0.457
9 10 63.241 7.162
9 11 17.104 2.804
9 13 19.768 1.914
9 14 54.603 7.271
9 15 1.578 4.044
9 16 13.353 2.013
9 17 28.344 4.098
9 18 68.204 1.855
10 14 31.172 6.706
10 11 30.578 6.825
10 12 33.368 7.173
10 13 48.154 7.182
10 15 0.835 6.886
10 16 33.761 7.144
10 17 56.099 7.034
10 18 60.003 7.311
10 19 5.619 6.886
11 15 3.681 2.661
11 12 48.961 2.858
11 13 1.19 2.923
11 14 47.343 7.261
11 16 32.176 2.793
11 17 39.594 4.022
11 18 62.657 2.858
11 19 18.694 2.882
12 19 87.221 0.495
12 13 64.273 1.85
12 14 65.369 7.16
12 15 1.335 4.043
12 16 64.985 2.031
12 17 16.928 4.127
12 18 20.434 1.865
13 18 40.719 1.741
13 14 64.274 7.228
13 15 11.532 4.207
13 16 28.002 2.08
13 17 1.971 4.131
13 19 67.916 1.86
14 15 54.239 7.313
14 16 28.091 7.073
14 17 5.18 7.043
14 18 47.19 6.923
14 19 16.371 7.029
15 16 33.949 4.197
15 17 41.107 4.049
15 18 41.549 4.05
15 19 19.314 4.058
16 17 7.119 3.953
16 18 57.733 2.068
16 19 21.019 2.064
17 18 52.146 4.013
17 19 60.493 4.036
18 19 52.096 1.895