20
32
0 1 3 1
0 2 1.01 1.028
0 3 0.913 0.941
0 4 1.393 0.687
0 5 0.707 1.308
0 6 1.899 0.686
0 7 0.508 0.287
0 8 1.707 0.034
0 9 1.956 0.112
0 10 0.32 0.391
0 11 3 1
0 12 1.32 1.295
0 13 1.322 0.683
0 14 1.103 0.111
0 15 0.296 0.721
0 16 0.457 0.798
0 17 1.005 1.412
0 18 1.738 1.075
0 19 1.571 0.061
1 2 1.794 0.127
1 3 1.581 0.775
1 4 0.055 0.094
1 5 1.618 1.353
1 6 1.763 0.657
1 7 0.946 0.769
1 8 0.129 0.18
1 9 1.385 1.307
1 10 0.519 1.01
1 11 1.753 0.727
1 12 0.872 0.509
1 13 1.173 0.549
1 14 1.157 0.929
1 15 0.557 0.294
1 16 0.031 0.377
1 17 1.939 0.377
1 18 0.308 0.29
1 19 1.239 0.423
2 3 3 1.5
2 4 1.173 0.924
2 5 0.608 1.034
2 6 1.916 0.873
2 7 0.115 1.013
2 8 1.235 1.019
2 9 0.373 1.113
2 10 1.342 0.344
2 11 0.363 0.84
2 12 0.576 1.003
2 13 3 1.5
2 14 1.01 0.446
2 15 0.941 0.278
2 16 0.738 0.815
2 17 0.946 0.154
2 18 0.625 1.145
2 19 1.255 0.528
3 4 1.097 0.039
3 5 0.442 0.393
3 6 1.472 0.977
3 7 1.12 0.002
3 8 0.659 0.411
3 9 1.892 0.391
3 10 0.493 0.515
3 11 0.921 1.276
3 12 0.85 0.911
3 13 1.353 0.098
3 14 1.301 1.441
3 15 0.721 0.125
3 16 1.25 1.356
3 17 1.995 0.255
3 18 0.682 1.232
3 19 1.5 0.365
4 5 1 0.5
4 6 2 1
4 7 1.45 1.04
4 8 1.625 0.455
4 9 0.428 0.261
4 10 0.194 0.592
4 11 0.305 0.475
4 12 0.511 0.641
4 13 1.849 0.225
4 14 0.086 1.24
4 15 1 0.5
4 16 2 1
4 17 1.442 0.05
4 18 0.283 1.285
4 19 0.006 1.028
5 6 1 0.5
5 7 0.18 1.373
5 8 1.193 1.316
5 9 1.255 0.918
5 10 1.555 0.441
5 11 1.644 1.336
5 12 1.837 1.257
5 13 0.251 1.396
5 14 1.581 1.163
5 15 1.867 1.354
5 16 1 0.5
5 17 0.226 0.801
5 18 0.997 0.742
5 19 0.403 0.754
6 7 0.939 1.208
6 8 0.401 1.01
6 9 1.034 0.641
6 10 1.345 1.095
6 11 0.395 0.494
6 12 1.684 0.066
6 13 0.958 1.24
6 14 0.578 0.135
6 15 0.844 0.751
6 16 1.923 1.088
6 17 0.148 1.069
6 18 1.298 0.387
6 19 1.912 0.529
7 8 1.5 0.5
7 9 2 1
7 10 1.01 0.326
7 11 1.55 0.693
7 12 1.991 1.444
7 13 1.449 0.104
7 14 0.992 0.442
7 15 0.465 0.994
7 16 1.525 0.475
7 17 0.172 1.18
7 18 1.5 0.5
7 19 2 1
8 9 1 0.5
8 10 0.238 0.409
8 11 0.677 0.623
8 12 1.621 1.4
8 13 1.279 0.327
8 14 1.907 0.666
8 15 1.297 0.575
8 16 1.009 0.908
8 17 0.095 0.435
8 18 0.107 0.08
8 19 1 0.5
9 10 1.533 0.367
9 11 1.642 0.12
9 12 0.742 0.733
9 13 0.22 1.188
9 14 1.943 0.134
9 15 0.147 0.769
9 16 0.844 0.653
9 17 1.154 1.379
9 18 1.595 0.408
9 19 1.867 0.701
10 11 3 1
10 12 0.309 0.466
10 13 1.219 1.229
10 14 0.832 0.858
10 15 1.835 0.377
10 16 0.106 1.246
10 17 1.165 1.296
10 18 0.67 0.528
10 19 0.742 1.064
11 12 0.143 0.835
11 13 1.105 0.211
11 14 1.041 0.526
11 15 1.148 1.284
11 16 0.464 1.325
11 17 0.137 0.026
11 18 0.101 0.411
11 19 0.372 0.704
12 13 3 1.5
12 14 0.688 1.138
12 15 1.369 0.022
12 16 0.528 1.049
12 17 0.804 1.497
12 18 1.707 1.488
12 19 0.38 0.554
13 14 1.009 0.603
13 15 0.18 0.278
13 16 1.248 0.413
13 17 0.084 0.631
13 18 0.951 0.351
13 19 1.606 1.257
14 15 1 0.5
14 16 2 1
14 17 1.074 0.089
14 18 0.974 1.359
14 19 0.032 0.758
15 16 1 0.5
15 17 0.115 0.703
15 18 1.259 1.083
15 19 1.671 0.097
16 17 0.516 0.622
16 18 0.278 1.475
16 19 0.149 0.928
17 18 1.5 0.5
17 19 2 1
18 19 1 0.5
