20
89.418
0 1 83.122 4.491
0 2 5.345 4.655
0 3 8.479 6.566
0 4 18.132 3.38
0 5 37.165 2.899
0 6 51.908 4.107
0 7 50.518 5.115
0 8 91.758 1.583
0 9 43.545 5.563
0 10 92.293 5.853
0 11 22.484 5.718
0 12 44.447 5.717
0 13 83.145 6.343
0 14 93.044 6.949
0 15 92.287 4.601
0 16 35.146 0.305
0 17 31.413 6.097
0 18 13.295 5.661
0 19 28.194 4.921
1 2 54.587 2.733
1 3 37.47 6.785
1 4 41.429 7.154
1 5 90.018 6.039
1 6 80.167 6.456
1 7 97.851 0.096
1 8 17.343 3.669
1 9 51.612 5.557
1 10 66.451 4.745
1 11 26.465 2.999
1 12 83.363 0.364
1 13 60.05 5.375
1 14 54.96 1.81
1 15 59.812 7.091
1 16 6.908 1.516
1 17 2.875 2.274
1 18 94.379 5.935
1 19 55.071 5.782
2 3 36.357 0.609
2 4 76.939 4.78
2 5 79.878 3.178
2 6 78.999 2.1
2 7 39.3 1.652
2 8 50.023 5.573
2 9 43.707 2.662
2 10 97.032 4.757
2 11 95.146 1.569
2 12 54.658 3.533
2 13 68.502 3.348
2 14 79.522 1.338
2 15 32.13 7.184
2 16 0.979 0.766
2 17 91.958 4.685
2 18 41.424 6.295
2 19 36.658 2.787
3 4 38.246 2.93
3 5 54.936 3.467
3 6 66.647 5.071
3 7 33.098 0.836
3 8 18.1 1.441
3 9 48.652 0.773
3 10 37.082 5.383
3 11 86.223 5.295
3 12 9.988 1.669
3 13 64.647 2.578
3 14 40.275 5.221
3 15 54.705 5.456
3 16 49.77 6.804
3 17 61.548 2.125
3 18 38.811 6.387
3 19 55.296 6.239
4 5 37.472 2.374
4 6 85.522 5.325
4 7 30.633 1.276
4 8 50.368 2.985
4 9 29.852 5.861
4 10 6.066 0.63
4 11 25.256 0.771
4 12 99.691 6.723
4 13 7.842 0.729
4 14 90.598 4.066
4 15 71.879 3.788
4 16 34.037 2.969
4 17 21.894 0.721
4 18 54.798 5.158
4 19 14.921 4.282
5 6 48.537 2.951
5 7 45.182 5.031
5 8 94.015 4.858
5 9 35.525 2.689
5 10 82.419 1.073
5 11 89.609 6.651
5 12 57.563 1.059
5 13 92.187 5.983
5 14 78.164 3.311
5 15 68.908 2.461
5 16 19.169 1.06
5 17 44.891 3.904
5 18 4.934 0.128
5 19 77.971 0.7
6 7 60.174 1.909
6 8 59.215 5.506
6 9 42.141 3.592
6 10 52.902 5.689
6 11 20.35 4.129
6 12 78.808 6.826
6 13 32.061 3.438
6 14 71.856 5.725
6 15 71.324 3.521
6 16 43.081 5.19
6 17 64.933 1.073
6 18 44.471 0.073
6 19 28.196 6.386
7 8 42.365 1.138
7 9 64.374 0.233
7 10 97.209 7.029
7 11 61.971 4.511
7 12 70.206 3.771
7 13 73.372 4.649
7 14 38.351 2.605
7 15 99.211 2.103
7 16 62.535 0.843
7 17 86.718 0.769
7 18 48.004 0.02
7 19 79.366 4.296
8 9 76.99 2.467
8 10 75.652 6.201
8 11 16.74 4.233
8 12 30.81 0.305
8 13 42.23 1.335
8 14 80.746 5.311
8 15 40.095 6.829
8 16 84.208 1.524
8 17 53.248 6.0
8 18 31.741 7.194
8 19 23.623 7.308
9 10 9.351 1.78
9 11 26.13 1.487
9 12 16.378 3.576
9 13 67.819 0.201
9 14 83.695 1.357
9 15 22.196 0.054
9 16 59.233 0.895
9 17 35.938 5.409
9 18 19.641 1.719
9 19 22.827 1.189
10 11 75.888 2.435
10 12 89.634 1.239
10 13 21.82 1.279
10 14 16.341 0.241
10 15 27.759 2.644
10 16 73.501 1.303
10 17 99.037 4.42
10 18 61.367 6.883
10 19 36.143 0.617
11 12 48.179 2.991
11 13 87.888 3.841
11 14 39.714 0.005
11 15 64.631 4.392
11 16 48.309 0.794
11 17 19.06 6.778
11 18 16.265 2.581
11 19 26.436 1.558
12 13 65.665 0.997
12 14 64.94 6.321
12 15 38.691 6.254
12 16 92.962 3.937
12 17 58.398 2.923
12 18 97.064 1.069
12 19 82.087 5.949
13 14 0.324 4.153
13 15 76.028 4.055
13 16 40.128 1.527
13 17 99.374 7.221
13 18 23.348 2.758
13 19 97.398 0.544
14 15 83.446 4.858
14 16 69.43 0.489
14 17 93.538 0.439
14 18 72.622 4.549
14 19 26.472 2.029
15 16 10.061 4.773
15 17 34.032 2.413
15 18 47.637 4.962
15 19 16.633 6.699
16 17 95.943 0.444
16 18 23.233 3.913
16 19 38.626 6.248
17 18 3.268 6.112
17 19 79.352 2.172
18 19 94.103 4.947