20
68.427
0 1 10.676 35.289
0 2 8.885 27.775
0 3 35.642 5.946
0 4 1.371 24.87
0 5 27.727 17.122
0 6 14.715 1.416
0 7 25.93 20.604
0 8 28.634 37.015
0 9 0.202 34.485
0 10 33.23 8.755
0 11 9.566 17.001
0 12 7.706 23.777
0 13 26.947 33.11
0 14 0.968 18.051
0 15 23.665 22.854
0 16 29.767 25.96
0 17 36.63 21.977
0 18 27.565 12.571
0 19 14.007 21.973
1 2 34.237 1.013
1 3 13.901 6.499
1 4 5.776 5.229
1 5 35.758 21.434
1 6 38.391 10.282
1 7 37.055 3.838
1 8 17.439 4.391
1 9 3.572 11.507
1 10 35.396 26.067
1 11 23.082 3.907
1 12 0.805 17.037
1 13 1.207 11.77
1 14 20.752 4.123
1 15 22.94 22.718
1 16 15.738 20.389
1 17 22.75 24.896
1 18 21.366 39.636
1 19 11.683 29.87
2 3 15.176 2.999
2 4 24.413 18.761
2 5 27.99 30.713
2 6 34.014 26.661
2 7 0.286 34.051
2 8 33.602 24.831
2 9 38.7 38.129
2 10 2.685 15.199
2 11 33.05 23.204
2 12 3.168 36.596
2 13 8.716 14.193
2 14 14.326 0.669
2 15 34.745 12.553
2 16 8.252 10.944
2 17 37.427 35.713
2 18 27.736 1.799
2 19 36.497 15.65
3 4 6.293 11.085
3 5 16.168 28.113
3 6 7.954 20.364
3 7 26.317 34.491
3 8 14.944 6.324
3 9 22.107 4.278
3 10 31.306 20.856
3 11 7.434 5.37
3 12 11.111 27.273
3 13 0.295 17.277
3 14 21.494 37.189
3 15 33.526 20.678
3 16 29.307 33.023
3 17 33.374 35.694
3 18 14.126 10.277
3 19 3.432 11.356
4 5 10.452 30.401
4 6 37.992 5.071
4 7 3.939 34.857
4 8 29.5 13.132
4 9 10.764 11.834
4 10 2.201 8.086
4 11 6.797 31.259
4 12 36.563 7.395
4 13 10.598 28.633
4 14 17.181 29.246
4 15 16.719 19.538
4 16 11.609 33.738
4 17 1.775 6.752
4 18 8.796 12.537
4 19 30.109 16.855
5 6 32.218 20.18
5 7 37.288 2.971
5 8 9.414 13.761
5 9 1.281 29.906
5 10 4.361 6.087
5 11 0.305 23.48
5 12 30.205 16.711
5 13 31.095 25.678
5 14 23.55 36.942
5 15 4.739 28.85
5 16 7.6 32.912
5 17 16.436 39.419
5 18 24.891 12.007
5 19 9.903 5.065
6 7 0.778 18.574
6 8 14.266 0.866
6 9 6.396 33.806
6 10 15.92 18.165
6 11 11.338 34.065
6 12 34.602 33.499
6 13 15.482 29.738
6 14 7.485 14.752
6 15 37.657 23.906
6 16 9.96 10.955
6 17 19.855 2.39
6 18 7.419 7.236
6 19 30.107 28.123
7 8 39.015 19.413
7 9 22.885 6.116
7 10 24.259 4.747
7 11 33.751 3.509
7 12 9.03 18.122
7 13 15.334 8.014
7 14 38.286 11.616
7 15 8.668 14.7
7 16 20.682 1.914
7 17 36.585 4.611
7 18 24.421 0.199
7 19 28.221 9.527
8 9 26.504 3.445
8 10 37.424 23.687
8 11 4.806 28.44
8 12 29.427 27.441
8 13 39.831 1.416
8 14 24.036 2.286
8 15 32.321 30.878
8 16 28.684 26.022
8 17 29.639 35.293
8 18 23.198 8.698
8 19 9.931 29.192
9 10 22.343 36.898
9 11 38.546 14.32
9 12 34.646 26.272
9 13 38.158 32.816
9 14 13.153 29.603
9 15 16.023 14.122
9 16 26.114 36.093
9 17 0.509 1.565
9 18 17.213 9.279
9 19 5.213 39.496
10 11 38.681 17.184
10 12 4.155 19.02
10 13 10.708 33.597
10 14 6.221 24.972
10 15 27.068 30.1
10 16 15.713 7.894
10 17 3.631 2.513
10 18 1.784 29.347
10 19 20.984 7.124
11 12 2.941 16.139
11 13 7.421 12.757
11 14 9.646 4.163
11 15 17.656 26.035
11 16 13.079 19.399
11 17 25.981 27.226
11 18 9.397 26.33
11 19 30.23 23.898
12 13 15.744 31.046
12 14 12.541 27.058
12 15 3.762 34.954
12 16 0.998 14.717
12 17 36.207 7.522
12 18 13.072 0.757
12 19 31.152 6.216
13 14 38.745 14.228
13 15 13.603 17.694
13 16 3.356 30.729
13 17 10.982 39.837
13 18 4.821 21.038
13 19 34.769 2.41
14 15 1.933 16.051
14 16 29.568 13.536
14 17 35.09 28.961
14 18 27.057 9.796
14 19 26.659 11.132
15 16 13.985 27.609
15 17 15.276 11.527
15 18 30.778 23.312
15 19 36.023 39.874
16 17 2.728 1.123
16 18 32.894 0.92
16 19 6.414 34.956
17 18 8.224 2.42
17 19 20.352 29.836
18 19 0.554 9.148