20
80
0 1 61 4.447
0 2 73 1.071
0 3 78 1.505
0 4 45 3.437
0 5 52 3.352
0 6 53 1.144
0 7 74 8.040
0 8 97 3.714
0 9 48 7.798
0 10 65 9.568
0 11 80 8.180
0 12 72 0.446
0 13 5 0.459
0 14 83 5.516
0 15 88 1.374
0 16 46 1.247
0 17 88 9.362
0 18 28 2.109
0 19 78 3.351
1 2 52 1.232
1 3 85 8.854
1 4 9 4.146
1 5 90 4.585
1 6 96 6.181
1 7 35 0.339
1 8 25 7.552
1 9 45 6.907
1 10 67 9.125
1 11 1 8.628
1 12 19 0.428
1 13 62 5.303
1 14 35 9.102
1 15 9 4.624
1 16 66 8.952
1 17 72 4.125
1 18 30 0.544
1 19 26 8.279
2 3 4 7.615
2 4 87 1.294
2 5 67 2.967
2 6 63 9.286
2 7 1 5.438
2 8 98 7.233
2 9 4 1.907
2 10 45 3.434
2 11 18 0.500
2 12 80 8.691
2 13 50 5.541
2 14 50 5.374
2 15 36 0.828
2 16 10 5.479
2 17 13 3.667
2 18 22 3.251
2 19 24 2.737
3 4 41 6.111
3 5 85 7.652
3 6 46 2.108
3 7 59 5.647
3 8 55 1.465
3 9 41 6.313
3 10 50 8.862
3 11 71 3.583
3 12 13 4.433
3 13 30 9.420
3 14 75 7.151
3 15 75 1.475
3 16 62 8.181
3 17 30 8.729
3 18 45 8.382
3 19 87 1.465
4 5 14 7.762
4 6 12 3.545
4 7 89 3.566
4 8 2 4.992
4 9 59 7.566
4 10 90 7.550
4 11 18 7.019
4 12 30 8.546
4 13 68 8.113
4 14 69 3.809
4 15 70 6.477
4 16 63 7.383
4 17 0 8.772
4 18 88 4.005
4 19 65 5.108
5 6 62 0.979
5 7 50 0.159
5 8 69 1.354
5 9 64 1.471
5 10 46 5.857
5 11 23 7.774
5 12 93 4.223
5 13 95 3.489
5 14 42 8.521
5 15 70 3.157
5 16 48 5.442
5 17 43 7.523
5 18 8 1.120
5 19 17 0.142
6 7 22 8.404
6 8 93 3.487
6 9 88 3.072
6 10 10 2.509
6 11 21 5.849
6 12 92 6.104
6 13 50 0.983
6 14 43 3.067
6 15 89 8.642
6 16 10 4.651
6 17 15 1.745
6 18 36 2.007
6 19 55 1.459
7 8 92 0.286
7 9 31 3.340
7 10 17 4.341
7 11 60 8.893
7 12 89 5.170
7 13 75 4.431
7 14 32 6.026
7 15 3 0.014
7 16 3 4.898
7 17 38 2.105
7 18 44 0.882
7 19 6 5.801
8 9 22 5.690
8 10 2 5.359
8 11 58 4.713
8 12 52 9.962
8 13 31 9.092
8 14 55 3.259
8 15 92 0.526
8 16 83 9.612
8 17 31 0.744
8 18 36 4.579
8 19 48 4.881
9 10 98 8.731
9 11 40 5.777
9 12 82 1.506
9 13 14 5.332
9 14 46 6.394
9 15 0 8.174
9 16 99 6.578
9 17 24 2.215
9 18 29 1.226
9 19 87 1.971
10 11 97 9.764
10 12 2 3.920
10 13 74 0.706
10 14 82 2.465
10 15 72 4.080
10 16 69 7.051
10 17 44 7.961
10 18 8 1.259
10 19 24 4.543
11 12 99 8.785
11 13 98 5.620
11 14 47 1.590
11 15 21 2.020
11 16 84 7.207
11 17 74 9.873
11 18 6 7.587
11 19 63 3.460
12 13 71 6.347
12 14 99 9.216
12 15 14 3.552
12 16 14 4.796
12 17 4 7.531
12 18 10 2.534
12 19 47 8.177
13 14 56 8.733
13 15 95 9.518
13 16 79 0.555
13 17 73 0.118
13 18 51 9.231
13 19 17 1.261
14 15 70 5.920
14 16 61 0.194
14 17 89 9.372
14 18 71 6.182
14 19 82 9.029
15 16 38 0.851
15 17 42 1.578
15 18 63 8.378
15 19 28 7.329
16 17 92 2.082
16 18 83 1.224
16 19 80 5.414
17 18 2 8.706
17 19 35 6.693
18 19 28 5.156