20
39.426
0 1 1.202 0.986
0 2 24.395 0.533
0 3 4.98 4.279
0 4 10.958 1.18
0 5 11.961 10.281
0 6 13.196 3.211
0 7 8.358 6.295
0 8 7.242 0.271
0 9 0.695 11.544
0 10 34.784 3.661
0 11 6.397 11.231
0 12 0.112 0.101
0 13 0.137 4.866
0 14 0.099 9.243
0 15 15.607 5.021
0 16 11.33 7.674
0 17 8.394 8.175
0 18 5.401 2.823
0 19 0.67 8.54
1 2 12.288 0.145
1 3 1.782 1.551
1 4 13.754 0.927
1 5 24.923 1.828
1 6 0.46 7.821
1 7 1.383 2.938
1 8 1.36 8.056
1 9 0.505 1.741
1 10 10.975 9.313
1 11 13.904 0.863
1 12 1.437 5.737
1 13 1.416 5.291
1 14 0.977 0.711
1 15 23.867 3.01
1 16 0.164 0.908
1 17 3.71 6.942
1 18 0.261 4.33
1 19 0.74 1.556
2 3 2.229 0.14
2 4 4.487 0.064
2 5 34.999 8.957
2 6 0.875 1.249
2 7 4.816 0.695
2 8 1.441 1.518
2 9 0.79 2.91
2 10 2.15 9.263
2 11 25.721 1.587
2 12 7.988 3.29
2 13 0.884 0.108
2 14 4.37 0.04
2 15 3.504 3.641
2 16 26.375 1.948
2 17 11.859 4.302
2 18 1.518 1.149
2 19 0.108 0.147
3 4 10.734 0.018
3 5 5.126 5.826
3 6 5.296 3.609
3 7 7.013 0.313
3 8 1.531 0.127
3 9 0.095 3.12
3 10 0.432 6.512
3 11 0.704 2.42
3 12 2.394 0.17
3 13 8.056 0.603
3 14 5.28 0.018
3 15 4.901 3.157
3 16 8.675 6.249
3 17 4.793 7.884
3 18 1.296 0.484
3 19 0.054 0.096
4 5 0.57 17.203
4 6 1.549 5.901
4 7 26.654 0.263
4 8 9.924 0.006
4 9 1.178 9.036
4 10 0.607 2.957
4 11 2.097 2.226
4 12 22.099 4.481
4 13 6.565 1.144
4 14 3.445 0.062
4 15 3.035 6.701
4 16 15.663 7.633
4 17 4.199 15.285
4 18 12.932 1.135
4 19 2.99 0.339
5 6 12.855 2.215
5 7 23.471 1.205
5 8 24.118 2.308
5 9 18.338 0.533
5 10 24.227 0.967
5 11 11.616 7.043
5 12 4.637 1.157
5 13 13.457 10.909
5 14 5.724 5.197
5 15 45.022 0.088
5 16 30.82 4.031
5 17 0.75 1.49
5 18 1.757 4.723
5 19 0.309 9.923
6 7 19.39 0.753
6 8 11.464 0.187
6 9 24.766 2.351
6 10 21.781 10.807
6 11 18.988 2.59
6 12 5.829 1.963
6 13 9.496 0.543
6 14 6.987 5.538
6 15 1.666 2.37
6 16 2.458 1.402
6 17 11.915 2.894
6 18 25.562 4.737
6 19 9.247 0.035
7 8 10.626 0.177
7 9 2.176 0.036
7 10 0.87 1.832
7 11 13.447 3.704
7 12 30.158 7.065
7 13 4.403 0.256
7 14 2.648 0.054
7 15 3.199 10.972
7 16 5.926 0.955
7 17 14.526 6.562
7 18 0.749 0.29
7 19 21.438 0.005
8 9 3.608 0.084
8 10 0.392 6.592
8 11 4.89 1.936
8 12 1.499 1.331
8 13 12.821 1.051
8 14 24.434 0.911
8 15 0.496 9.282
8 16 5.56 0.183
8 17 16.766 1.03
8 18 0.895 0.124
8 19 7.31 0.023
9 10 0.906 10.543
9 11 1.617 1.262
9 12 0.154 0.635
9 13 20.456 3.34
9 14 10.906 0.755
9 15 0.189 9.703
9 16 10.051 1.33
9 17 1.5 0.536
9 18 0.442 0.012
9 19 13.352 0.035
10 11 10.703 1.504
10 12 15.173 5.44
10 13 17.45 0.282
10 14 7.412 1.339
10 15 5.669 0.102
10 16 34.267 9.982
10 17 10.212 9.797
10 18 0.547 6.723
10 19 0.014 10.189
11 12 4.281 0.47
11 13 19.921 0.546
11 14 18.191 0.268
11 15 22.805 9.482
11 16 8.258 0.007
11 17 7.562 0.065
11 18 12.08 3.466
11 19 1.952 0.194
12 13 14.764 0.001
12 14 8.146 0.004
12 15 10.982 8.245
12 16 6.553 0.71
12 17 4.764 1.013
12 18 4.377 0.266
12 19 1.188 0.474
13 14 17.23 0.0
13 15 0.173 6.846
13 16 11.555 0.963
13 17 6.041 2.358
13 18 1.647 0.435
13 19 16.596 0.32
14 15 9.336 8.96
14 16 2.656 1.255
14 17 14.231 0.185
14 18 4.04 1.179
14 19 19.278 0.308
15 16 18.9 2.833
15 17 8.665 3.244
15 18 7.031 1.521
15 19 16.401 0.59
16 17 14.842 0.423
16 18 11.995 1.018
16 19 21.864 0.113
17 18 0.904 0.05
17 19 21.588 0.062
18 19 10.278 0.0