20
80
0 1 68.073 8.838
0 2 65.376 6.688
0 3 68.653 2.448
0 4 66.388 4.715
0 5 62.999 6.062
0 6 68.327 3.359
0 7 68.271 5.397
0 8 67.888 2.602
0 9 62.406 6.939
0 10 62.499 8.446
0 11 68.891 2.519
0 12 63.331 8.176
0 13 68.11 7.508
0 14 63.854 2.232
0 15 66.613 1.053
0 16 65.923 4.654
0 17 69.481 4.64
0 18 64.315 9.981
0 19 64.878 3.534
1 2 60.804 9.113
1 3 64.709 8.131
1 4 69.663 5.575
1 5 64.952 4.651
1 6 64.333 4.524
1 7 62.987 9.654
1 8 64.918 5.584
1 9 66.208 3.52
1 10 69.177 6.339
1 11 65.844 7.148
1 12 67.595 8.101
1 13 60.312 4.121
1 14 63.598 3.425
1 15 62.549 9.814
1 16 66.665 9.759
1 17 64.607 6.875
1 18 61.231 2.16
1 19 65.324 4.069
2 3 68.772 3.275
2 4 64.241 8.729
2 5 65.956 3.609
2 6 61.818 5.863
2 7 65.853 8.744
2 8 69.223 8.396
2 9 67.372 3.896
2 10 67.168 9.848
2 11 63.888 2.12
2 12 68.878 7.89
2 13 61.785 9.689
2 14 69.949 5.495
2 15 61.913 6.385
2 16 65.801 6.621
2 17 60.417 7.799
2 18 64.081 8.244
2 19 63.066 1.554
3 4 61.791 5.998
3 5 60.9 4.515
3 6 66.16 3.889
3 7 60.59 8.638
3 8 60.504 5.924
3 9 63.689 5.853
3 10 65.39 7.32
3 11 61.026 9.366
3 12 61.081 3.429
3 13 63.024 9.877
3 14 68.921 1.208
3 15 62.717 3.171
3 16 66.503 7.6
3 17 60.492 7.702
3 18 65.67 5.874
3 19 64.12 8.696
4 5 61.461 9.879
4 6 63.14 8.907
4 7 64.162 5.026
4 8 63.669 8.713
4 9 69.13 4.303
4 10 67.881 9.567
4 11 66.876 2.896
4 12 63.891 5.268
4 13 65.434 7.788
4 14 62.096 4.73
4 15 67.9 9.396
4 16 68.603 2.022
4 17 61.241 1.974
4 18 66.095 2.875
4 19 63.095 7.125
5 6 61.339 6.009
5 7 64.982 8.695
5 8 64.563 8.774
5 9 62.633 9.348
5 10 62.572 9.672
5 11 66.686 4.543
5 12 64.545 6.674
5 13 64.589 6.215
5 14 64.211 5.35
5 15 60.738 6.463
5 16 69.954 1.57
5 17 68.334 5.473
5 18 66.267 4.604
5 19 68.275 7.818
6 7 62.937 4.886
6 8 65.528 6.158
6 9 68.858 2.313
6 10 64.101 5.442
6 11 62.197 6.067
6 12 65.731 9.036
6 13 69.044 2.763
6 14 67.789 1.597
6 15 61.76 7.413
6 16 69.871 9.639
6 17 64.313 7.997
6 18 64.017 6.448
6 19 68.492 4.952
7 8 66.6 1.884
7 9 62.833 8.81
7 10 60.407 4.702
7 11 66.948 3.711
7 12 68.369 3.878
7 13 66.541 3.701
7 14 68.551 8.067
7 15 64.769 3.347
7 16 63.373 6.413
7 17 63.329 7.22
7 18 60.826 7.252
7 19 67.707 2.985
8 9 60.572 5.799
8 10 69.345 2.899
8 11 60.125 6.681
8 12 60.166 9.744
8 13 61.34 8.588
8 14 69.107 1.251
8 15 66.011 8.129
8 16 62.771 5.688
8 17 61.073 9.987
8 18 68.65 6.729
8 19 68.587 7.243
9 10 61.219 8.216
9 11 60.899 4.671
9 12 63.476 9.748
9 13 66.098 6.135
9 14 64.824 7.773
9 15 67.0 5.919
9 16 64.561 4.233
9 17 66.484 2.693
9 18 61.756 2.765
9 19 66.385 6.599
10 11 64.466 5.388
10 12 69.027 4.953
10 13 68.95 1.349
10 14 62.838 2.183
10 15 63.266 4.686
10 16 67.813 7.087
10 17 64.751 3.823
10 18 68.209 9.585
10 19 68.387 5.156
11 12 63.181 1.763
11 13 65.913 4.772
11 14 61.525 6.192
11 15 63.364 2.336
11 16 62.949 4.9
11 17 64.684 2.107
11 18 63.803 9.642
11 19 68.726 1.069
12 13 60.702 7.646
12 14 60.655 9.493
12 15 61.223 1.584
12 16 60.045 4.821
12 17 61.434 6.486
12 18 65.422 1.223
12 19 60.826 8.847
13 14 68.368 9.221
13 15 64.485 6.923
13 16 60.334 7.739
13 17 64.078 8.747
13 18 68.029 6.455
13 19 61.291 8.686
14 15 64.879 9.836
14 16 66.991 6.292
14 17 61.911 8.641
14 18 64.429 3.857
14 19 60.745 4.03
15 16 62.623 4.585
15 17 67.708 6.999
15 18 67.635 5.049
15 19 60.752 9.202
16 17 67.869 3.126
16 18 60.996 8.606
16 19 68.502 1.965
17 18 67.793 1.022
17 19 67.399 7.979
18 19 62.549 5.142