20
61.0
0 1 1.667 1.333
0 2 1.835 7.548
0 3 0.188 8.631
0 4 0.02 8.106
0 5 0.283 8.147
0 6 1.585 7.134
0 7 1.667 1.333
0 8 0.529 8.743
0 9 0.487 7.196
0 10 0.216 7.851
0 11 0.598 7.199
0 12 0.388 7.626
0 13 1.667 1.333
0 14 1.667 1.333
0 15 1.667 1.333
0 16 1.278 9.328
0 17 0.68 7.982
0 18 1.105 7.599
0 19 0.001 9.227
1 2 1.212 7.626
1 3 0.28 8.194
1 4 0.8 8.238
1 5 0.809 7.884
1 6 0.646 7.482
1 7 1.667 1.333
1 8 0.548 8.455
1 9 0.982 9.088
1 10 0.341 6.91
1 11 0.928 7.533
1 12 1.038 9.849
1 13 1.667 1.333
1 14 1.667 1.333
1 15 1.667 1.333
1 16 0.638 8.191
1 17 1.228 7.502
1 18 0.317 8.39
1 19 1.035 7.528
2 3 1.111 0.556
2 4 1.111 0.556
2 5 0.63 8.013
2 6 0.088 7.481
2 7 0.313 8.19
2 8 1.111 0.556
2 9 1.111 0.556
2 10 1.111 0.556
2 11 1.111 0.556
2 12 0.382 8.107
2 13 0.164 8.908
2 14 0.26 8.283
2 15 0.094 8.255
2 16 0.205 7.233
2 17 0.583 7.846
2 18 1.111 0.556
2 19 1.111 0.556
3 4 1.111 0.556
3 5 0.345 8.448
3 6 0.108 8.284
3 7 0.899 7.96
3 8 1.111 0.556
3 9 1.111 0.556
3 10 1.111 0.556
3 11 1.111 0.556
3 12 0.507 8.462
3 13 0.592 8.15
3 14 0.734 7.611
3 15 1.14 8.105
3 16 1.302 7.746
3 17 0.713 8.979
3 18 1.111 0.556
3 19 1.111 0.556
4 5 0.581 7.881
4 6 0.074 7.118
4 7 0.389 7.15
4 8 1.111 0.556
4 9 1.111 0.556
4 10 1.111 0.556
4 11 1.111 0.556
4 12 0.816 7.766
4 13 0.36 8.234
4 14 0.244 8.01
4 15 0.993 8.523
4 16 1.294 7.866
4 17 0.022 6.841
4 18 1.111 0.556
4 19 1.111 0.556
5 6 2.0 2.0
5 7 1.184 8.244
5 8 0.518 7.634
5 9 0.542 7.635
5 10 0.038 6.925
5 11 1.183 7.873
5 12 2.0 2.0
5 13 0.003 8.474
5 14 0.414 6.979
5 15 0.233 7.516
5 16 2.0 2.0
5 17 2.0 2.0
5 18 0.99 7.565
5 19 0.482 8.481
6 7 0.818 8.618
6 8 0.072 8.685
6 9 0.37 8.246
6 10 0.086 8.514
6 11 0.74 6.84
6 12 2.0 2.0
6 13 1.33 8.494
6 14 0.011 7.97
6 15 0.6 7.164
6 16 2.0 2.0
6 17 2.0 2.0
6 18 0.712 7.457
6 19 0.661 6.782
7 8 1.685 8.795
7 9 0.618 7.712
7 10 0.847 9.681
7 11 1.28 7.949
7 12 1.188 7.254
7 13 1.667 1.333
7 14 1.667 1.333
7 15 1.667 1.333
7 16 0.8 8.229
7 17 0.002 6.986
7 18 1.423 7.317
7 19 0.414 6.665
8 9 1.111 0.556
8 10 1.111 0.556
8 11 1.111 0.556
8 12 0.949 7.927
8 13 0.012 7.898
8 14 1.48 8.603
8 15 1.521 8.849
8 16 0.002 8.488
8 17 0.458 8.98
8 18 1.111 0.556
8 19 1.111 0.556
9 10 1.111 0.556
9 11 1.111 0.556
9 12 0.46 7.658
9 13 0.935 7.276
9 14 0.376 7.549
9 15 1.385 8.08
9 16 0.545 7.95
9 17 1.629 8.142
9 18 1.111 0.556
9 19 1.111 0.556
10 11 1.111 0.556
10 12 0.594 8.021
10 13 0.996 8.329
10 14 1.315 8.435
10 15 0.103 8.558
10 16 0.979 7.342
10 17 0.376 7.559
10 18 1.111 0.556
10 19 1.111 0.556
11 12 0.035 7.491
11 13 1.371 7.463
11 14 0.444 7.545
11 15 0.01 8.707
11 16 0.236 7.685
11 17 0.402 7.919
11 18 1.111 0.556
11 19 1.111 0.556
12 13 0.566 7.253
12 14 0.221 9.741
12 15 0.929 8.259
12 16 2.0 2.0
12 17 2.0 2.0
12 18 0.234 8.469
12 19 1.375 8.414
13 14 1.667 1.333
13 15 1.667 1.333
13 16 0.22 8.29
13 17 1.269 8.028
13 18 0.162 7.473
13 19 0.869 8.27
14 15 1.667 1.333
14 16 0.187 7.674
14 17 1.483 9.381
14 18 1.365 8.186
14 19 0.171 7.912
15 16 0.689 8.08
15 17 1.605 8.23
15 18 0.625 7.669
15 19 0.368 7.13
16 17 2.0 2.0
16 18 0.516 9.12
16 19 1.059 8.196
17 18 0.692 8.293
17 19 0.685 7.873
18 19 1.111 0.556