20
53.365
0 1 0.795 1.448
0 2 0.644 1.025
0 3 0.119 0.495
0 4 0.675 1.292
0 5 0.629 0.812
0 6 0.41 1.101
0 7 0.419 1.681
0 8 0.447 0.834
0 9 0.4 1.344
0 10 0.951 2.012
0 11 0.138 1.414
0 12 0.539 0.923
0 13 0.488 0.908
0 14 0.708 1.482
0 15 0.88 1.264
0 16 0.455 1.177
0 17 0.931 1.564
0 18 0.659 1.867
0 19 0.507 1.244
1 2 0.825 1.453
1 3 1.199 1.54
1 4 1.369 4.048
1 5 0.471 0.425
1 6 0.473 1.095
1 7 0.587 1.531
1 8 0.79 1.487
1 9 0.903 1.933
1 10 0.937 2.074
1 11 0.769 1.142
1 12 0.177 1.112
1 13 0.558 1.639
1 14 0.596 1.0
1 15 1.385 2.968
1 16 1.379 3.017
1 17 0.405 0.782
1 18 0.3 1.17
1 19 1.399 1.452
2 3 0.147 1.072
2 4 0.353 1.518
2 5 0.771 0.81
2 6 0.289 0.626
2 7 1.712 4.505
2 8 0.944 1.643
2 9 0.775 1.987
2 10 0.792 1.915
2 11 0.83 2.08
2 12 0.373 0.929
2 13 0.461 1.367
2 14 0.749 0.981
2 15 0.434 0.995
2 16 0.883 1.864
2 17 0.161 1.036
2 18 0.623 1.005
2 19 0.709 1.565
3 4 0.123 0.878
3 5 1.068 1.256
3 6 0.759 1.674
3 7 0.861 1.776
3 8 0.806 2.064
3 9 1.008 2.19
3 10 0.637 1.188
3 11 0.347 0.933
3 12 0.308 0.689
3 13 0.947 2.109
3 14 1.951 4.381
3 15 0.209 0.866
3 16 0.36 0.914
3 17 0.314 1.513
3 18 0.136 0.67
3 19 0.901 0.996
4 5 0.631 1.034
4 6 0.92 3.817
4 7 0.578 1.74
4 8 0.812 1.592
4 9 0.688 1.582
4 10 0.831 2.052
4 11 0.943 1.883
4 12 0.781 1.117
4 13 1.308 1.183
4 14 0.884 1.838
4 15 0.166 1.211
4 16 0.853 1.318
4 17 0.945 0.99
4 18 0.805 1.599
4 19 1.573 4.024
5 6 0.776 0.658
5 7 1.06 1.924
5 8 1.396 2.816
5 9 2.884 2.086
5 10 0.472 1.339
5 11 1.014 1.909
5 12 0.756 1.006
5 13 0.577 0.681
5 14 0.461 0.514
5 15 1.476 3.274
5 16 0.76 0.791
5 17 1.033 1.084
5 18 0.364 0.412
5 19 0.431 0.88
6 7 0.353 1.081
6 8 0.511 0.942
6 9 1.408 2.955
6 10 0.711 1.536
6 11 0.421 1.326
6 12 0.438 1.356
6 13 1.325 3.871
6 14 0.55 0.794
6 15 0.835 1.193
6 16 0.733 1.484
6 17 0.284 1.568
6 18 0.126 0.52
6 19 0.645 1.11
7 8 0.506 0.933
7 9 1.479 2.606
7 10 0.437 1.612
7 11 2.205 1.64
7 12 0.92 2.016
7 13 0.306 1.133
7 14 0.5 1.109
7 15 0.949 1.688
7 16 1.247 4.319
7 17 0.849 1.482
7 18 0.811 2.103
7 19 0.104 0.76
8 9 0.687 1.792
8 10 0.62 1.556
8 11 0.803 1.158
8 12 0.711 1.107
8 13 0.373 0.99
8 14 0.841 1.822
8 15 0.903 3.113
8 16 0.357 1.129
8 17 0.317 0.887
8 18 0.736 1.452
8 19 0.616 1.8
9 10 0.327 0.656
9 11 0.694 1.516
9 12 0.157 0.964
9 13 0.913 2.234
9 14 1.15 2.629
9 15 0.431 0.871
9 16 0.793 2.007
9 17 1.018 2.082
9 18 0.207 1.092
9 19 1.371 2.596
10 11 0.354 1.641
10 12 0.873 1.23
10 13 0.496 1.43
10 14 0.488 1.156
10 15 0.586 1.542
10 16 0.911 1.824
10 17 0.932 2.084
10 18 0.443 1.034
10 19 0.951 1.557
11 12 0.68 1.755
11 13 0.834 1.187
11 14 0.659 1.824
11 15 0.547 0.897
11 16 0.976 2.039
11 17 0.77 1.436
11 18 0.921 2.024
11 19 0.748 1.683
12 13 0.822 1.327
12 14 0.502 0.964
12 15 0.306 1.129
12 16 0.961 1.955
12 17 0.616 1.274
12 18 0.266 1.004
12 19 0.686 1.29
13 14 0.604 1.013
13 15 0.188 1.408
13 16 0.972 1.284
13 17 1.507 1.613
13 18 0.182 0.863
13 19 0.507 0.879
14 15 0.975 1.378
14 16 0.593 1.242
14 17 0.12 1.095
14 18 0.169 1.135
14 19 0.619 1.633
15 16 0.498 2.868
15 17 0.306 1.402
15 18 0.43 1.361
15 19 0.167 1.358
16 17 0.178 0.997
16 18 0.673 1.653
16 19 0.878 2.029
17 18 0.548 0.872
17 19 0.267 0.613
18 19 0.301 1.524
