20
93.222
0 1 83.748 6.238
0 2 67.325 8.02
0 3 41.266 4.084
0 4 43.429 11.375
0 5 85.713 15.685
0 6 72.828 5.97
0 7 48.825 11.296
0 8 10.166 1.351
0 9 84.347 3.467
0 10 43.75 16.785
0 11 39.116 12.502
0 12 72.211 10.194
0 13 77.04 5.444
0 14 93.311 14.443
0 15 70.911 11.733
0 16 56.003 14.316
0 17 87.969 13.076
0 18 38.099 15.083
0 19 56.095 8.014
1 2 61.853 13.05
1 3 60.5 10.334
1 4 52.127 10.211
1 5 81.623 11.625
1 6 69.73 8.935
1 7 65.684 4.0
1 8 72.763 18.613
1 9 66.361 16.144
1 10 41.093 9.73
1 11 33.255 4.069
1 12 36.509 11.083
1 13 82.665 12.587
1 14 50.71 4.384
1 15 38.672 4.279
1 16 32.594 4.533
1 17 52.892 8.043
1 18 70.107 8.685
1 19 93.789 14.268
2 3 10.395 2.179
2 4 89.352 9.284
2 5 38.59 13.925
2 6 50.405 6.753
2 7 31.721 13.692
2 8 84.535 16.705
2 9 92.158 4.109
2 10 77.225 16.163
2 11 66.674 8.411
2 12 98.828 1.031
2 13 81.57 16.519
2 14 61.984 5.93
2 15 54.507 5.801
2 16 30.759 1.066
2 17 75.637 12.225
2 18 80.596 7.381
2 19 82.383 4.188
3 4 77.242 13.119
3 5 42.34 8.76
3 6 92.96 10.839
3 7 42.38 6.658
3 8 71.616 13.279
3 9 34.287 10.54
3 10 99.918 8.321
3 11 45.521 9.456
3 12 11.58 4.064
3 13 72.45 4.687
3 14 69.352 9.231
3 15 36.932 4.628
3 16 66.113 5.437
3 17 83.787 15.632
3 18 65.475 10.323
3 19 84.126 8.697
4 5 62.384 7.209
4 6 41.106 11.98
4 7 90.468 10.129
4 8 98.519 13.351
4 9 77.065 6.622
4 10 64.79 14.039
4 11 93.118 12.433
4 12 88.424 17.585
4 13 30.287 14.072
4 14 85.993 7.141
4 15 99.939 12.026
4 16 39.498 17.119
4 17 84.284 18.354
4 18 83.594 1.268
4 19 68.775 10.512
5 6 66.893 14.399
5 7 39.35 9.916
5 8 32.788 10.161
5 9 38.199 5.978
5 10 58.49 3.982
5 11 43.531 16.31
5 12 82.8 6.301
5 13 86.006 17.732
5 14 47.473 15.66
5 15 57.679 10.527
5 16 73.213 3.253
5 17 33.555 10.524
5 18 73.013 6.756
5 19 60.195 3.714
6 7 44.326 17.565
6 8 42.213 7.913
6 9 50.42 1.97
6 10 64.061 2.171
6 11 55.88 14.383
6 12 32.737 11.163
6 13 90.191 15.919
6 14 39.466 11.863
6 15 76.257 12.953
6 16 91.22 18.609
6 17 21.434 3.993
6 18 72.078 16.394
6 19 76.882 15.14
7 8 48.274 6.294
7 9 94.136 9.261
7 10 55.015 4.961
7 11 98.454 6.211
7 12 72.398 13.206
7 13 91.263 16.514
7 14 29.497 6.464
7 15 55.945 3.244
7 16 50.957 16.759
7 17 65.016 6.391
7 18 70.146 16.858
7 19 70.249 10.965
8 9 71.909 16.529
8 10 88.982 14.347
8 11 78.612 8.212
8 12 79.58 9.666
8 13 73.87 7.687
8 14 95.348 9.648
8 15 84.527 12.527
8 16 44.976 8.7
8 17 31.649 3.643
8 18 77.892 4.34
8 19 37.653 5.846
9 10 52.16 1.847
9 11 63.485 14.13
9 12 95.03 17.239
9 13 48.35 13.21
9 14 95.582 17.673
9 15 64.731 15.086
9 16 37.059 14.14
9 17 55.057 3.792
9 18 30.76 9.688
9 19 90.415 8.248
10 11 70.911 13.091
10 12 54.19 15.553
10 13 49.308 13.65
10 14 31.833 13.263
10 15 62.103 18.574
10 16 47.277 3.169
10 17 52.491 1.35
10 18 54.019 8.951
10 19 83.464 13.688
11 12 58.756 4.595
11 13 89.434 3.799
11 14 48.394 15.592
11 15 66.723 7.972
11 16 76.476 8.019
11 17 40.477 16.697
11 18 35.497 13.101
11 19 55.72 6.069
12 13 40.874 9.001
12 14 83.111 8.968
12 15 52.855 13.182
12 16 39.413 1.084
12 17 81.069 11.096
12 18 34.078 18.495
12 19 79.542 12.046
13 14 63.854 9.672
13 15 50.81 3.132
13 16 80.193 12.419
13 17 57.423 16.901
13 18 45.515 17.478
13 19 82.088 8.921
14 15 53.155 16.126
14 16 91.11 11.202
14 17 50.953 4.035
14 18 31.845 15.488
14 19 83.399 11.702
15 16 50.05 5.567
15 17 45.439 12.736
15 18 55.614 5.778
15 19 68.101 7.683
16 17 79.165 14.223
16 18 33.362 16.535
16 19 45.412 4.322
17 18 77.412 13.228
17 19 59.306 18.526
18 19 79.217 8.87