20
99.9
0 1 97.0 0.02
0 2 31.49 0.01
0 3 14.7 0.01
0 4 74.05 0.01
0 5 32.9 0.01
0 6 97.94 0.02
0 7 46.07 0.02
0 8 40.82 99.8
0 9 68.66 0.01
0 10 42.32 0.01
0 11 18.81 0.02
0 12 40.73 99.8
0 13 47.95 0.01
0 14 21.2 0.01
0 15 17.8 99.8
0 16 54.65 0.01
0 17 1.35 0.01
0 18 38.35 0.01
0 19 60.01 99.8
1 2 99.99 0.02
1 3 0.02 0.02
1 4 0.09 0.01
1 5 0.04 0.01
1 6 0.09 0.02
1 7 0.09 0.02
1 8 14.39 0.01
1 9 0.03 0.02
1 10 0.11 0.02
1 11 0.05 0.01
1 12 70.82 0.01
1 13 0.1 0.01
1 14 0.06 0.02
1 15 13.05 0.01
1 16 99.99 0.02
1 17 0.1 0.01
1 18 0.03 0.01
1 19 41.59 0.02
2 3 0.03 0.02
2 4 0.03 0.01
2 5 0.06 0.02
2 6 0.07 0.02
2 7 0.04 0.02
2 8 54.83 0.01
2 9 0.04 0.01
2 10 0.01 0.01
2 11 0.09 0.02
2 12 87.76 0.02
2 13 0.09 0.02
2 14 0.1 0.01
2 15 73.49 0.01
2 16 99.99 0.01
2 17 0.03 0.01
2 18 0.09 0.02
2 19 0.1 0.01
3 4 0.01 0.01
3 5 0.04 0.01
3 6 0.05 0.01
3 7 0.06 0.02
3 8 7.86 0.01
3 9 0.06 0.02
3 10 0.06 0.01
3 11 0.04 0.01
3 12 61.98 0.01
3 13 0.05 0.01
3 14 0.11 0.01
3 15 89.17 0.02
3 16 0.09 0.02
3 17 0.08 0.01
3 18 0.1 0.01
3 19 6.98 0.01
4 5 0.08 0.01
4 6 0.04 0.02
4 7 0.04 0.01
4 8 94.71 0.01
4 9 0.04 0.02
4 10 0.03 0.01
4 11 0.04 0.02
4 12 74.29 0.01
4 13 0.08 0.01
4 14 0.01 0.02
4 15 12.34 0.02
4 16 0.01 0.02
4 17 0.03 0.02
4 18 0.01 0.01
4 19 52.38 0.02
5 6 0.1 0.01
5 7 0.07 0.02
5 8 2.33 0.01
5 9 0.08 0.01
5 10 0.09 0.02
5 11 0.09 0.01
5 12 4.75 0.02
5 13 0.08 0.02
5 14 0.09 0.02
5 15 12.86 0.01
5 16 0.03 0.01
5 17 0.03 0.01
5 18 0.01 0.02
5 19 8.18 0.01
6 7 0.02 0.01
6 8 85.5 0.01
6 9 0.08 0.01
6 10 0.07 0.02
6 11 0.03 0.02
6 12 18.17 0.01
6 13 0.06 0.01
6 14 0.11 0.02
6 15 54.67 0.01
6 16 0.05 0.02
6 17 0.05 0.01
6 18 0.1 0.01
6 19 90.69 0.01
7 8 24.31 0.01
7 9 0.03 0.02
7 10 0.09 0.02
7 11 0.05 0.02
7 12 16.37 0.01
7 13 0.02 0.02
7 14 0.04 0.01
7 15 83.72 0.01
7 16 0.02 0.01
7 17 0.08 0.01
7 18 0.11 0.02
7 19 10.96 0.02
8 9 62.91 0.01
8 10 89.42 0.02
8 11 29.07 0.02
8 12 27.35 99.8
8 13 27.28 0.01
8 14 61.83 0.01
8 15 83.98 99.8
8 16 70.69 0.02
8 17 33.58 0.02
8 18 32.52 0.02
8 19 71.0 99.8
9 10 0.01 0.01
9 11 0.05 0.01
9 12 69.66 0.01
9 13 0.04 0.02
9 14 0.1 0.02
9 15 13.17 0.01
9 16 0.04 0.02
9 17 0.1 0.01
9 18 0.05 0.01
9 19 20.16 0.02
10 11 0.07 0.01
10 12 62.59 0.02
10 13 0.05 0.02
10 14 0.06 0.01
10 15 52.26 0.02
10 16 0.04 0.01
10 17 0.09 0.01
10 18 0.1 0.02
10 19 29.4 0.01
11 12 33.31 0.02
11 13 0.04 0.01
11 14 0.09 0.01
11 15 91.58 0.01
11 16 0.05 0.01
11 17 0.11 0.02
11 18 0.1 0.02
11 19 12.74 0.02
12 13 44.3 0.01
12 14 22.27 0.01
12 15 64.6 99.8
12 16 76.77 0.01
12 17 17.88 0.01
12 18 4.57 0.02
12 19 63.3 99.8
13 14 0.08 0.02
13 15 5.79 0.01
13 16 0.04 0.01
13 17 0.08 0.01
13 18 0.07 0.02
13 19 23.11 0.01
14 15 88.08 0.02
14 16 0.08 0.02
14 17 0.08 0.01
14 18 0.07 0.01
14 19 1.27 0.02
15 16 54.16 0.01
15 17 59.66 0.02
15 18 35.77 0.02
15 19 82.93 99.8
16 17 0.03 0.01
16 18 0.02 0.02
16 19 85.96 0.01
17 18 0.01 0.02
17 19 40.08 0.02
18 19 28.69 0.02