20
96.841
0 1 4.593 4.523
0 2 72.643 1.56
0 3 72.9 1.563
0 4 29.008 1.9
0 5 18.017 11.358
0 6 34.986 6.664
0 7 45.759 7.913
0 8 9.161 11.246
0 9 83.106 1.866
0 10 99.665 5.578
0 11 43.502 5.211
0 12 58.63 1.619
0 13 64.951 9.375
0 14 30.28 3.53
0 15 26.639 8.576
0 16 66.773 9.568
0 17 63.912 2.468
0 18 19.491 10.744
0 19 91.986 4.915
1 2 25.058 7.166
1 3 86.982 3.344
1 4 76.149 4.028
1 5 23.211 8.801
1 6 65.369 4.506
1 7 74.449 8.527
1 8 46.921 2.114
1 9 73.53 7.07
1 10 12.214 8.333
1 11 68.095 7.511
1 12 2.786 1.731
1 13 75.44 5.879
1 14 88.409 5.372
1 15 31.975 6.769
1 16 64.089 1.981
1 17 70.331 2.155
1 18 97.99 1.431
1 19 22.853 0.568
2 3 84.587 12.024
2 4 42.666 4.024
2 5 78.865 9.038
2 6 75.947 0.869
2 7 83.026 3.449
2 8 41.245 5.83
2 9 46.011 4.28
2 10 68.396 9.179
2 11 32.74 4.476
2 12 88.473 7.383
2 13 7.49 9.888
2 14 47.907 8.672
2 15 9.803 9.042
2 16 39.079 2.896
2 17 82.948 0.88
2 18 60.65 4.404
2 19 11.241 1.646
3 4 30.561 8.437
3 5 41.733 3.049
3 6 99.601 3.225
3 7 63.148 8.298
3 8 86.198 9.285
3 9 56.629 7.231
3 10 96.539 5.05
3 11 53.446 5.782
3 12 46.006 10.367
3 13 34.787 1.046
3 14 98.774 0.603
3 15 40.723 10.153
3 16 81.712 0.529
3 17 78.52 11.447
3 18 25.22 1.456
3 19 87.791 0.852
4 5 65.424 7.954
4 6 98.102 2.114
4 7 30.759 5.924
4 8 42.16 6.726
4 9 43.257 4.969
4 10 67.4 6.457
4 11 82.551 1.421
4 12 4.925 11.783
4 13 13.284 11.649
4 14 44.065 1.72
4 15 96.483 3.608
4 16 71.942 2.007
4 17 20.458 6.492
4 18 19.44 10.502
4 19 54.225 11.198
5 6 59.723 9.575
5 7 98.589 11.353
5 8 10.552 10.391
5 9 9.605 8.273
5 10 42.851 7.681
5 11 63.366 11.967
5 12 73.889 11.756
5 13 14.476 5.466
5 14 63.067 5.515
5 15 31.521 2.403
5 16 11.635 7.19
5 17 2.232 0.082
5 18 70.981 8.616
5 19 24.91 9.168
6 7 78.482 0.222
6 8 80.353 5.016
6 9 97.794 11.317
6 10 92.094 8.913
6 11 26.089 7.344
6 12 20.132 9.482
6 13 42.822 7.728
6 14 24.964 3.134
6 15 49.976 4.083
6 16 69.072 4.496
6 17 55.907 2.566
6 18 92.486 5.598
6 19 64.114 5.303
7 8 29.479 0.585
7 9 30.459 6.475
7 10 39.414 7.064
7 11 18.435 1.319
7 12 69.006 4.603
7 13 47.368 4.312
7 14 66.037 5.079
7 15 60.997 3.679
7 16 12.647 5.226
7 17 61.553 9.81
7 18 90.002 2.209
7 19 80.041 6.032
8 9 24.972 3.675
8 10 83.948 5.334
8 11 49.102 11.138
8 12 95.812 11.322
8 13 12.108 1.932
8 14 49.26 3.621
8 15 50.308 7.671
8 16 59.117 0.868
8 17 28.776 5.686
8 18 58.172 6.405
8 19 55.521 2.179
9 10 35.687 0.572
9 11 99.839 9.19
9 12 9.086 5.867
9 13 31.951 6.356
9 14 1.034 0.885
9 15 9.85 7.182
9 16 23.256 5.193
9 17 26.976 9.703
9 18 71.11 0.779
9 19 82.5 0.171
10 11 81.805 11.672
10 12 69.369 7.112
10 13 75.512 0.846
10 14 36.997 0.203
10 15 8.765 8.981
10 16 39.806 4.517
10 17 83.074 2.447
10 18 22.392 0.894
10 19 2.216 0.979
11 12 87.831 7.201
11 13 94.002 9.505
11 14 48.763 7.701
11 15 24.124 10.768
11 16 7.769 10.122
11 17 25.768 5.985
11 18 92.128 10.827
11 19 97.965 4.569
12 13 72.554 11.827
12 14 44.222 9.677
12 15 24.16 1.908
12 16 30.135 8.904
12 17 0.532 7.626
12 18 44.691 0.67
12 19 38.041 11.587
13 14 72.075 9.125
13 15 21.49 0.442
13 16 65.276 1.541
13 17 87.497 3.393
13 18 7.392 0.627
13 19 93.435 1.735
14 15 40.246 5.845
14 16 8.299 5.594
14 17 60.686 9.398
14 18 75.545 0.228
14 19 71.519 0.573
15 16 36.709 10.9
15 17 15.543 5.927
15 18 8.293 7.09
15 19 88.696 2.678
16 17 33.606 2.575
16 18 91.563 0.708
16 19 86.134 4.874
17 18 79.929 4.861
17 19 71.695 4.465
18 19 39.211 0.764