20
91.494
0 1 47.807 7.2
0 2 9.877 3.579
0 3 60.137 5.871
0 4 52.706 6.636
0 5 4.184 5.713
0 6 69.855 7.034
0 7 3.735 8.041
0 8 8.065 2.327
0 9 43.656 2.466
0 10 73.779 7.774
0 11 41.576 7.2
0 12 93.537 2.818
0 13 71.849 5.013
0 14 24.523 9.513
0 15 41.476 8.855
0 16 3.636 2.315
0 17 24.79 3.542
0 18 56.553 7.89
0 19 82.104 7.854
1 2 68.064 5.493
1 3 52.085 3.859
1 4 50.836 2.734
1 5 92.22 3.356
1 6 85.249 8.892
1 7 6.34 4.859
1 8 27.071 2.44
1 9 42.446 2.083
1 10 21.896 6.011
1 11 89.014 7.242
1 12 5.074 4.913
1 13 64.857 8.569
1 14 76.721 5.508
1 15 92.389 3.686
1 16 47.296 2.835
1 17 20.338 3.582
1 18 40.525 2.695
1 19 22.765 5.945
2 3 34.904 6.955
2 4 70.867 3.673
2 5 51.091 7.665
2 6 60.448 2.013
2 7 34.995 3.404
2 8 16.665 9.529
2 9 12.728 6.797
2 10 31.865 4.829
2 11 17.072 4.412
2 12 22.148 8.1
2 13 20.224 2.783
2 14 97.866 5.549
2 15 42.665 5.336
2 16 42.217 6.011
2 17 93.125 3.254
2 18 94.305 7.653
2 19 84.557 7.187
3 4 68.498 4.879
3 5 2.745 6.86
3 6 57.283 7.311
3 7 54.541 6.056
3 8 20.469 9.417
3 9 84.171 9.774
3 10 56.771 4.845
3 11 41.959 8.547
3 12 55.505 5.646
3 13 37.09 7.504
3 14 6.496 3.733
3 15 80.097 5.452
3 16 94.672 6.993
3 17 39.723 2.658
3 18 72.203 9.265
3 19 69.507 9.364
4 5 11.088 6.422
4 6 90.203 6.773
4 7 47.835 3.872
4 8 66.055 4.456
4 9 86.713 6.91
4 10 65.131 7.402
4 11 72.7 7.744
4 12 34.226 2.389
4 13 13.353 5.682
4 14 69.465 6.224
4 15 90.04 7.727
4 16 96.487 6.147
4 17 91.761 9.126
4 18 85.178 3.023
4 19 86.732 8.393
5 6 54.049 7.086
5 7 56.211 8.792
5 8 11.675 8.874
5 9 11.869 2.532
5 10 14.679 3.502
5 11 11.866 6.957
5 12 24.897 8.757
5 13 98.861 7.141
5 14 41.271 9.378
5 15 94.911 5.125
5 16 21.004 6.166
5 17 70.148 3.016
5 18 65.647 3.616
5 19 29.477 2.143
6 7 34.71 6.271
6 8 80.489 7.89
6 9 9.75 5.659
6 10 98.94 9.955
6 11 10.946 4.767
6 12 6.802 4.159
6 13 12.006 6.882
6 14 34.754 4.188
6 15 30.378 5.967
6 16 78.093 9.581
6 17 35.048 6.895
6 18 12.016 8.223
6 19 25.927 7.876
7 8 14.384 7.955
7 9 57.036 2.355
7 10 68.572 7.61
7 11 47.532 7.158
7 12 2.344 7.796
7 13 25.084 7.864
7 14 2.742 8.768
7 15 69.004 4.213
7 16 3.054 9.365
7 17 65.886 8.13
7 18 79.46 4.076
7 19 9.591 9.656
8 9 48.913 8.767
8 10 65.982 2.435
8 11 22.727 6.068
8 12 98.598 4.758
8 13 99.006 6.584
8 14 62.12 9.141
8 15 92.766 7.643
8 16 93.668 3.685
8 17 89.686 9.166
8 18 93.68 5.542
8 19 89.008 4.186
9 10 44.488 4.948
9 11 66.385 8.1
9 12 25.691 9.907
9 13 49.701 2.409
9 14 59.294 7.574
9 15 69.099 7.338
9 16 41.617 3.635
9 17 62.289 2.144
9 18 30.863 6.105
9 19 89.137 5.424
10 11 64.609 7.197
10 12 16.227 2.241
10 13 97.748 4.651
10 14 4.309 8.015
10 15 23.338 4.656
10 16 36.889 4.833
10 17 42.089 9.075
10 18 72.125 4.373
10 19 80.123 2.397
11 12 67.032 7.645
11 13 83.526 5.356
11 14 78.115 4.436
11 15 83.231 3.481
11 16 94.307 9.206
11 17 21.017 3.575
11 18 67.59 3.507
11 19 79.437 8.532
12 13 75.562 3.556
12 14 12.173 2.068
12 15 52.715 6.81
12 16 70.084 6.546
12 17 84.359 7.492
12 18 43.719 2.264
12 19 26.562 4.6
13 14 70.324 5.848
13 15 26.092 5.795
13 16 12.743 4.534
13 17 93.85 6.98
13 18 81.623 8.34
13 19 7.612 5.199
14 15 64.582 7.547
14 16 39.901 5.294
14 17 23.997 2.119
14 18 65.875 6.078
14 19 11.217 5.526
15 16 8.975 2.302
15 17 50.348 7.363
15 18 29.108 6.681
15 19 70.046 5.249
16 17 89.8 4.61
16 18 11.456 7.816
16 19 30.51 8.058
17 18 13.959 5.657
17 19 10.95 9.66
18 19 97.47 3.209
