20
52
0 1 34 9
0 2 62 19
0 3 33 58
0 4 43 3
0 5 25 78
0 6 58 92
0 7 69 9
0 8 76 83
0 9 31 14
0 10 72 14
0 11 24 11
0 12 68 39
0 13 97 84
0 14 71 13
0 15 34 70
0 16 83 20
0 17 35 28
0 18 61 23
0 19 4 95
1 2 96 98
1 3 63 25
1 4 21 83
1 5 20 79
1 6 12 32
1 7 55 45
1 8 27 39
1 9 20 34
1 10 81 34
1 11 3 52
1 12 96 49
1 13 9 26
1 14 67 66
1 15 45 59
1 16 77 77
1 17 24 70
1 18 62 83
1 19 49 66
2 3 3 88
2 4 94 94
2 5 92 55
2 6 76 15
2 7 30 51
2 8 78 68
2 9 97 26
2 10 8 52
2 11 61 14
2 12 31 54
2 13 19 86
2 14 2 47
2 15 20 93
2 16 22 8
2 17 75 14
2 18 94 71
2 19 18 72
3 4 57 66
3 5 55 35
3 6 61 42
3 7 47 5
3 8 70 49
3 9 30 23
3 10 50 35
3 11 4 31
3 12 56 2
3 13 50 5
3 14 34 39
3 15 36 23
3 16 49 17
3 17 57 31
3 18 26 82
3 19 17 40
4 5 39 75
4 6 72 73
4 7 56 56
4 8 37 59
4 9 14 37
4 10 24 65
4 11 53 92
4 12 97 70
4 13 78 23
4 14 24 28
4 15 18 66
4 16 45 58
4 17 15 44
4 18 25 5
4 19 37 86
5 6 52 63
5 7 58 74
5 8 5 43
5 9 14 39
5 10 1 7
5 11 0 18
5 12 9 9
5 13 47 64
5 14 90 94
5 15 53 82
5 16 9 8
5 17 78 65
5 18 44 42
5 19 39 84
6 7 78 69
6 8 46 32
6 9 27 79
6 10 75 35
6 11 97 61
6 12 12 81
6 13 59 19
6 14 10 9
6 15 67 83
6 16 64 46
6 17 53 76
6 18 61 39
6 19 95 12
7 8 76 72
7 9 42 29
7 10 55 53
7 11 64 22
7 12 74 0
7 13 58 29
7 14 49 80
7 15 73 28
7 16 21 67
7 17 63 23
7 18 32 70
7 19 86 14
8 9 26 75
8 10 86 48
8 11 38 72
8 12 17 77
8 13 4 78
8 14 32 99
8 15 80 77
8 16 7 88
8 17 53 19
8 18 54 62
8 19 0 71
9 10 68 18
9 11 83 40
9 12 23 12
9 13 60 53
9 14 77 7
9 15 92 93
9 16 34 70
9 17 97 64
9 18 36 57
9 19 27 6
10 11 34 26
10 12 59 5
10 13 73 74
10 14 84 89
10 15 58 87
10 16 27 4
10 17 31 28
10 18 38 8
10 19 54 67
11 12 4 80
11 13 30 15
11 14 31 25
11 15 57 16
11 16 62 94
11 17 77 28
11 18 72 38
11 19 73 85
12 13 60 60
12 14 7 84
12 15 5 41
12 16 34 4
12 17 4 35
12 18 19 46
12 19 73 73
13 14 49 34
13 15 96 28
13 16 51 94
13 17 32 48
13 18 13 59
13 19 44 55
14 15 56 35
14 16 86 70
14 17 14 53
14 18 33 60
14 19 29 39
15 16 65 44
15 17 48 47
15 18 92 87
15 19 83 75
16 17 77 17
16 18 7 4
16 19 94 77
17 18 79 71
17 19 9 23
18 19 78 86