20
99
0 1 8.0 3.03
0 2 9.0 4.061
0 3 8.0 1.69
0 4 4.0 1.556
0 5 4.0 2.828
0 6 3.0 3.737
0 7 3.0 2.174
0 8 8.0 2.531
0 9 7.0 1.802
0 10 1 5.78
0 11 1 5.749
0 12 1 6.102
0 13 1 5.726
0 14 1 6.01
0 15 1 5.875
0 16 1 6.126
0 17 1 5.856
0 18 1 5.812
0 19 1 6.008
1 2 6.0 0.956
1 3 7.0 0.764
1 4 8.0 3.916
1 5 3.0 3.582
1 6 9.0 6.15
1 7 9.0 4.2
1 8 9.0 2.973
1 9 9.0 1.929
1 10 1 5.74
1 11 1 5.83
1 12 1 5.722
1 13 1 5.708
1 14 1 6.017
1 15 1 5.725
1 16 1 5.764
1 17 1 6.114
1 18 1 5.865
1 19 1 5.908
2 3 5.0 3.546
2 4 9.0 2.707
2 5 2.0 6.082
2 6 3.0 2.702
2 7 9.0 3.561
2 8 2.0 3.589
2 9 4.0 3.158
2 10 1 6.152
2 11 1 5.807
2 12 1 5.811
2 13 1 6.055
2 14 1 5.711
2 15 1 6.117
2 16 1 6.049
2 17 1 6.09
2 18 1 5.94
2 19 1 6.065
3 4 8.0 1.848
3 5 4.0 3.642
3 6 3.0 1.534
3 7 7.0 2.728
3 8 9.0 1.461
3 9 2.0 3.096
3 10 1 5.839
3 11 1 5.969
3 12 1 5.8
3 13 1 5.873
3 14 1 6.104
3 15 1 5.96
3 16 1 5.875
3 17 1 6.102
3 18 1 5.716
3 19 1 6.027
4 5 4.0 2.703
4 6 10.0 6.32
4 7 6.0 3.671
4 8 9.0 1.852
4 9 5.0 0.402
4 10 1 6.047
4 11 1 5.972
4 12 1 6.151
4 13 1 5.841
4 14 1 6.149
4 15 1 5.857
4 16 1 5.854
4 17 1 5.787
4 18 1 6.068
4 19 1 6.151
5 6 3.0 2.699
5 7 4.0 3.583
5 8 9.0 0.843
5 9 3.0 1.623
5 10 1 5.719
5 11 1 5.736
5 12 1 5.721
5 13 1 5.963
5 14 1 6.126
5 15 1 5.877
5 16 1 5.773
5 17 1 5.714
5 18 1 6.063
5 19 1 5.939
6 7 8.0 2.871
6 8 4.0 2.019
6 9 4.0 1.598
6 10 1 6.109
6 11 1 5.912
6 12 1 6.153
6 13 1 5.842
6 14 1 5.798
6 15 1 5.974
6 16 1 6.115
6 17 1 6.036
6 18 1 5.914
6 19 1 6.051
7 8 2.0 0.595
7 9 6.0 0.943
7 10 1 5.93
7 11 1 5.719
7 12 1 5.976
7 13 1 6.046
7 14 1 6.089
7 15 1 5.947
7 16 1 6.096
7 17 1 5.868
7 18 1 5.928
7 19 1 6.152
8 9 8.0 6.104
8 10 1 6.007
8 11 1 5.893
8 12 1 5.734
8 13 1 5.789
8 14 1 5.729
8 15 1 5.823
8 16 1 5.795
8 17 1 5.702
8 18 1 5.774
8 19 1 5.841
9 10 1 5.774
9 11 1 6.114
9 12 1 6.153
9 13 1 5.975
9 14 1 5.91
9 15 1 6.044
9 16 1 5.936
9 17 1 6.09
9 18 1 6.002
9 19 1 6.08
10 11 1 6.09
10 12 1 5.994
10 13 1 6.089
10 14 1 5.924
10 15 1 5.791
10 16 1 5.822
10 17 1 5.956
10 18 1 5.99
10 19 1 5.752
11 12 1 5.957
11 13 1 5.975
11 14 1 6.055
11 15 1 6.067
11 16 1 6.082
11 17 1 5.841
11 18 1 5.978
11 19 1 5.973
12 13 1 6.081
12 14 1 6.157
12 15 1 5.918
12 16 1 5.77
12 17 1 6.153
12 18 1 5.956
12 19 1 6.145
13 14 1 6.105
13 15 1 6.161
13 16 1 5.94
13 17 1 5.772
13 18 1 6.146
13 19 1 5.95
14 15 1 6.101
14 16 1 6.138
14 17 1 5.935
14 18 1 5.722
14 19 1 6.076
15 16 1 5.917
15 17 1 5.949
15 18 1 6.039
15 19 1 5.951
16 17 1 5.74
16 18 1 6.092
16 19 1 5.733
17 18 1 6.011
17 19 1 6.01
18 19 1 6.054
