20
75
0 1 5.324 1.027
0 2 15.961 5.807
0 3 4.569 0.509
0 4 3.335 1.829
0 5 3.339 1.196
0 6 15.729 9.299
0 7 19.211 8.771
0 8 2.761 0.815
0 9 8.149 3.037
0 10 11.905 3.249
0 11 13.493 10.168
0 12 1.153 0.605
0 13 11.492 8.112
0 14 1.102 1.059
0 15 15.611 8.496
0 16 0.577 1.136
0 17 15.318 10.026
0 18 1.064 0.929
0 19 0.717 0.77
1 2 8.283 1.748
1 3 12.845 0.629
1 4 5.671 0.701
1 5 20.312 10.211
1 6 3.738 0.734
1 7 11.21 9.671
1 8 9.702 4.466
1 9 2.139 0.203
1 10 4.702 0.575
1 11 1.127 0.184
1 12 6.754 0.434
1 13 12.275 5.511
1 14 4.267 0.06
1 15 12.312 2.218
1 16 4.983 0.368
1 17 16.049 10.293
1 18 3.964 0.715
1 19 18.713 9.023
2 3 12.312 2.581
2 4 5.448 1.325
2 5 2.023 0.067
2 6 18.281 2.613
2 7 8.413 7.677
2 8 1.287 0.284
2 9 2.062 0.192
2 10 5.408 0.374
2 11 10.271 10.368
2 12 0.259 0.392
2 13 16.565 9.348
2 14 1.538 1.018
2 15 10.944 1.196
2 16 17.599 9.579
2 17 3.256 1.171
2 18 3.934 0.831
2 19 10.642 8.79
3 4 14.536 10.446
3 5 4.725 0.048
3 6 7.383 1.077
3 7 16.589 7.854
3 8 19.585 3.209
3 9 3.864 0.658
3 10 1.12 0.602
3 11 14.445 10.578
3 12 5.872 1.004
3 13 8.154 0.526
3 14 2.428 0.77
3 15 10.62 2.342
3 16 6.959 0.761
3 17 14.478 10.446
3 18 1.989 0.816
3 19 13.649 8.484
4 5 10.395 10.146
4 6 5.971 10.701
4 7 10.919 10.025
4 8 13.241 10.264
4 9 12.899 10.27
4 10 8.269 10.026
4 11 11.347 10.714
4 12 1.044 1.216
4 13 2.898 1.779
4 14 7.263 10.099
4 15 1.032 1.292
4 16 4.737 0.479
4 17 4.115 4.476
4 18 2.797 0.045
4 19 6.094 10.31
5 6 11.895 10.662
5 7 3.624 0.613
5 8 12.223 10.096
5 9 3.252 2.386
5 10 3.969 0.672
5 11 9.483 10.041
5 12 17.932 10.011
5 13 1.577 1.679
5 14 10.861 10.26
5 15 17.902 10.17
5 16 1.565 1.338
5 17 10.102 10.714
5 18 6.858 10.136
5 19 16.676 10.521
6 7 13.059 1.499
6 8 8.274 2.466
6 9 3.475 1.192
6 10 13.362 9.393
6 11 13.491 10.297
6 12 9.245 2.033
6 13 4.415 1.081
6 14 17.771 10.223
6 15 2.913 0.232
6 16 11.671 4.311
6 17 1.654 1.023
6 18 9.412 10.299
6 19 5.75 0.619
7 8 8.413 1.629
7 9 4.878 0.995
7 10 9.104 8.285
7 11 6.011 10.616
7 12 10.117 1.418
7 13 18.623 4.548
7 14 17.95 10.335
7 15 5.394 0.154
7 16 9.687 6.596
7 17 1.535 0.572
7 18 3.558 1.109
7 19 14.274 5.969
8 9 2.26 0.943
8 10 2.832 1.091
8 11 10.452 10.103
8 12 11.485 1.669
8 13 16.8 7.07
8 14 7.48 10.495
8 15 3.965 0.249
8 16 11.285 8.205
8 17 3.906 0.148
8 18 14.503 10.09
8 19 6.48 0.881
9 10 9.082 4.428
9 11 1.051 1.173
9 12 15.225 9.787
9 13 4.018 0.087
9 14 0.103 0.136
9 15 17.633 8.343
9 16 9.844 7.166
9 17 8.213 10.059
9 18 13.856 10.372
9 19 9.476 7.784
10 11 11.918 10.225
10 12 19.103 7.636
10 13 5.133 1.21
10 14 0.331 0.904
10 15 20.25 7.683
10 16 14.216 9.744
10 17 7.391 10.43
10 18 13.733 10.643
10 19 13.393 8.358
11 12 9.922 10.269
11 13 7.881 10.375
11 14 0.6 3.621
11 15 4.79 1.422
11 16 7.797 10.134
11 17 4.665 5.043
11 18 11.59 10.406
11 19 7.558 10.544
12 13 17.449 6.789
12 14 3.813 0.882
12 15 16.041 9.806
12 16 6.009 0.371
12 17 18.773 10.639
12 18 9.829 10.43
12 19 6.739 0.339
13 14 18.955 10.271
13 15 13.966 9.872
13 16 13.014 4.254
13 17 1.851 0.786
13 18 13.227 10.094
13 19 13.219 2.427
14 15 19.273 10.124
14 16 13.21 10.623
14 17 9.315 10.19
14 18 9.482 10.714
14 19 1.381 1.276
15 16 12.041 4.776
15 17 11.209 10.289
15 18 16.622 10.631
15 19 13.345 8.779
16 17 3.255 2.381
16 18 0.809 1.261
16 19 8.557 4.033
17 18 1.634 5.103
17 19 12.15 10.484
18 19 7.873 10.014
