20
95.490
0 1 0.583 0.957
0 2 0.346 0.071
1 2 0.385 0.359
0 3 0.451 0.098
1 3 0.941 0.692
2 3 0.816 0.484
0 4 0.135 0.351
1 4 0.573 0.97
2 4 0.918 0.906
3 4 0.325 0.714
0 5 0.761 0.529
1 5 0.207 0.93
2 5 0.764 0.96
3 5 0.036 0.101
4 5 0.039 0.067
0 6 0.75 0.044
1 6 0.377 0.315
2 6 0.687 0.627
3 6 0.359 0.926
4 6 0.469 0.728
5 6 0.265 0.809
0 7 0.312 0.187
1 7 0.939 0.587
2 7 0.464 0.044
3 7 0.8 0.203
4 7 0.995 0.503
5 7 0.058 0.293
6 7 0.28 0.102
0 8 0.195 0.716
1 8 0.546 0.414
2 8 0.47 0.622
3 8 0.747 0.212
4 8 0.436 0.726
5 8 0.289 0.02
6 8 0.911 0.609
7 8 0.68 0.463
0 9 0.255 0.902
1 9 0.43 0.263
2 9 0.752 0.341
3 9 0.639 0.437
4 9 0.031 0.396
5 9 0.591 0.373
6 9 0.078 0.737
7 9 0.961 0.393
8 9 0.078 0.319
0 10 0.571 0.852
1 10 0.641 0.587
2 10 0.872 0.728
3 10 0.314 0.716
4 10 0.696 0.189
5 10 0.79 0.852
6 10 0.878 0.007
7 10 0.197 0.32
8 10 0.932 0.534
9 10 0.668 0.273
0 11 0.683 0.659
1 11 0.358 0.098
2 11 0.41 0.571
3 11 0.549 0.468
4 11 0.465 0.096
5 11 0.334 0.329
6 11 0.626 0.043
7 11 0.399 0.617
8 11 0.937 0.746
9 11 0.353 0.908
10 11 0.025 0.852
0 12 0.609 0.031
1 12 0.551 0.386
2 12 0.086 0.464
3 12 0.396 0.359
4 12 0.242 0.523
5 12 0.81 0.415
6 12 0.773 0.573
7 12 0.966 0.337
8 12 0.401 0.925
9 12 0.066 0.455
10 12 0.288 0.104
11 12 0.243 0.154
0 13 0.308 0.952
1 13 0.925 0.292
2 13 0.949 0.968
3 13 0.955 0.931
4 13 0.206 0.69
5 13 0.622 0.573
6 13 0.249 0.929
7 13 0.285 0.767
8 13 0.737 0.156
9 13 0.315 0.233
10 13 0.132 0.011
11 13 0.57 0.692
12 13 0.598 0.762
0 14 0.153 0.988
1 14 0.193 0.451
2 14 0.63 0.603
3 14 0.779 0.753
4 14 0.085 0.479
5 14 0.664 0.011
6 14 0.182 0.576
7 14 0.156 0.934
8 14 0.196 0.067
9 14 0.014 0.028
10 14 0.484 0.973
11 14 0.815 0.085
12 14 0.171 0.63
13 14 0.521 0.134
0 15 0.845 0.592
1 15 0.343 0.546
2 15 0.095 0.308
3 15 0.981 0.99
4 15 0.713 0.286
5 15 0.863 0.826
6 15 0.271 0.121
7 15 0.716 0.076
8 15 0.192 0.281
9 15 0.802 0.054
10 15 0.508 0.063
11 15 0.343 0.408
12 15 0.755 0.334
13 15 0.788 0.846
14 15 0.494 0.028
0 16 0.798 0.946
1 16 0.026 0.664
2 16 0.226 0.138
3 16 0.417 0.054
4 16 0.788 0.597
5 16 0.075 0.765
6 16 0.636 0.675
7 16 0.444 0.819
8 16 0.696 0.088
9 16 0.064 0.291
10 16 0.501 0.466
11 16 0.31 0.994
12 16 0.035 0.776
13 16 0.815 0.673
14 16 0.748 0.437
15 16 0.95 0.519
0 17 0.328 0.541
1 17 0.946 0.883
2 17 0.725 0.96
3 17 0.608 0.637
4 17 0.331 0.993
5 17 0.83 0.513
6 17 0.251 0.826
7 17 0.415 0.289
8 17 0.212 0.483
9 17 0.799 0.402
10 17 0.441 0.883
11 17 0.77 0.012
12 17 0.357 0.844
13 17 0.584 0.428
14 17 0.734 0.075
15 17 0.29 0.493
16 17 0.191 0.947
0 18 0.607 0.294
1 18 0.63 0.926
2 18 0.987 0.573
3 18 0.179 0.71
4 18 0.729 0.86
5 18 0.97 0.489
6 18 0.355 0.582
7 18 0.074 0.627
8 18 0.207 0.926
9 18 0.869 0.441
10 18 0.859 0.325
11 18 0.254 0.378
12 18 0.007 0.722
13 18 0.899 0.303
14 18 0.587 0.253
15 18 0.824 0.155
16 18 0.303 0.052
17 18 0.212 0.431
0 19 0.633 0.699
1 19 0.608 0.329
2 19 0.295 0.077
3 19 0.688 0.087
4 19 0.485 0.054
5 19 0.84 0.395
6 19 0.961 0.742
7 19 0.745 0.536
8 19 0.908 0.532
9 19 0.293 0.264
10 19 0.485 0.86
11 19 0.151 0.489
12 19 0.65 0.688
13 19 0.923 0.01
14 19 0.657 0.509
15 19 0.024 0.5
16 19 0.621 0.466
17 19 0.194 0.235
18 19 0.864 0.423
