20
19
0 1 0.293 1.731
0 2 1.864 0.736
0 3 0.478 1.256
0 4 0.623 1.798
0 5 0.662 1.232
0 6 0.597 1.944
0 7 0.655 1.401
0 8 0.898 1.003
0 9 0.705 1.109
0 10 0.47 1.108
0 11 0.576 1.603
0 12 0.448 1.675
0 13 0.427 1.527
0 14 0.912 1.818
0 15 1.341 0.564
0 16 0.609 1.132
0 17 0.505 1.077
0 18 0.254 1.991
0 19 0.676 1.246
1 2 1.005 1.143
1 3 0.868 1.131
1 4 0.474 1.853
1 5 1.871 0.779
1 6 0.579 1.056
1 7 1.237 1.546
1 8 1.228 1.939
1 9 0.648 1.32
1 10 0.873 1.79
1 11 0.438 1.389
1 12 0.832 1.894
1 13 0.412 1.997
1 14 0.836 1.112
1 15 0.283 1.653
1 16 0.983 1.97
1 17 0.827 1.633
1 18 1.807 0.785
1 19 0.315 1.666
2 3 0.93 1.884
2 4 0.625 1.94
2 5 1.02 1.062
2 6 0.717 1.966
2 7 0.496 1.269
2 8 0.703 1.294
2 9 0.421 1.097
2 10 0.966 1.467
2 11 0.834 1.851
2 12 0.351 1.588
2 13 0.353 1.109
2 14 0.9 1.38
2 15 1.04 1.183
2 16 1.117 1.576
2 17 0.374 1.876
2 18 0.76 1.25
2 19 1.105 1.603
3 4 1.203 1.683
3 5 0.351 1.771
3 6 0.796 1.036
3 7 1.226 1.993
3 8 0.287 1.384
3 9 0.675 1.482
3 10 0.733 1.452
3 11 1.574 0.814
3 12 1.684 0.288
3 13 0.338 1.729
3 14 0.489 1.544
3 15 1.069 1.825
3 16 1.151 1.197
3 17 0.823 1.822
3 18 1.195 1.058
3 19 0.69 1.015
4 5 1.135 1.843
4 6 1.096 0.806
4 7 0.952 1.007
4 8 0.554 1.788
4 9 0.32 1.429
4 10 0.662 1.955
4 11 1.004 1.442
4 12 1.239 1.364
4 13 1.241 1.969
4 14 0.544 1.079
4 15 0.523 1.993
4 16 1.116 1.142
4 17 1.082 1.924
4 18 0.524 1.628
4 19 1.212 0.865
5 6 0.992 1.11
5 7 0.788 1.057
5 8 0.528 1.796
5 9 1.21 1.407
5 10 0.465 1.812
5 11 0.81 1.297
5 12 0.578 1.458
5 13 0.284 1.177
5 14 0.778 1.99
5 15 1.221 1.291
5 16 1.136 1.076
5 17 1.073 1.381
5 18 1.519 0.299
5 19 0.574 1.656
6 7 0.771 1.906
6 8 0.538 1.571
6 9 0.275 1.62
6 10 0.602 1.531
6 11 0.391 1.801
6 12 0.853 1.869
6 13 0.286 1.65
6 14 0.512 1.031
6 15 0.566 1.828
6 16 0.549 1.15
6 17 0.345 1.553
6 18 1.065 1.73
6 19 1.675 0.887
7 8 1.014 1.778
7 9 1.092 1.509
7 10 0.376 1.616
7 11 1.088 1.525
7 12 0.875 1.286
7 13 0.293 1.223
7 14 0.834 1.853
7 15 0.627 1.943
7 16 0.486 1.199
7 17 1.891 0.659
7 18 1.129 1.018
7 19 0.444 1.372
8 9 1.933 0.41
8 10 1.035 1.218
8 11 0.774 1.581
8 12 0.884 1.834
8 13 0.906 1.67
8 14 0.839 1.817
8 15 0.538 1.887
8 16 0.881 1.631
8 17 0.79 1.389
8 18 0.996 1.977
8 19 0.63 1.478
9 10 1.739 0.592
9 11 0.8 1.2
9 12 1.082 1.527
9 13 0.309 1.265
9 14 1.245 1.201
9 15 0.633 1.334
9 16 0.942 1.873
9 17 0.986 1.574
9 18 0.374 1.317
9 19 0.52 1.021
10 11 0.845 1.781
10 12 1.088 1.123
10 13 0.721 1.065
10 14 0.833 1.168
10 15 0.609 1.652
10 16 0.382 1.596
10 17 0.576 1.477
10 18 0.73 1.522
10 19 1.112 1.172
11 12 1.893 0.855
11 13 0.34 1.891
11 14 0.4 1.698
11 15 0.825 1.263
11 16 0.821 1.417
11 17 0.678 1.323
11 18 1.195 1.825
11 19 1.103 1.704
12 13 0.966 1.796
12 14 0.359 1.465
12 15 1.221 1.554
12 16 1.07 1.951
12 17 0.947 1.429
12 18 0.443 1.688
12 19 0.384 1.304
13 14 1.218 0.758
13 15 0.946 1.176
13 16 1.85 0.3
13 17 1.214 1.646
13 18 0.506 1.447
13 19 0.835 1.331
14 15 1.036 1.974
14 16 1.737 1.086
14 17 0.805 1.539
14 18 0.972 1.168
14 19 0.728 1.893
15 16 0.521 1.373
15 17 0.71 1.326
15 18 0.355 1.896
15 19 0.609 1.558
16 17 0.322 1.007
16 18 0.848 1.326
16 19 0.251 1.721
17 18 0.486 1.333
17 19 0.266 1.207
18 19 0.738 1.565