20
66
0 1 70.996 0.251
0 2 0.239 2.799
0 3 90.232 92.708
0 4 98.304 0.171
0 5 80.41 0.095
0 6 0.199 2.932
0 7 95.614 0.123
0 8 91.286 0.31
0 9 0.704 1.362
0 10 0.653 2.487
0 11 0.897 2.414
0 12 79.0 91.329
0 13 0.33 1.594
0 14 0.077 1.883
0 15 70.445 0.177
0 16 87.511 0.328
0 17 0.52 2.117
0 18 0.44 2.979
0 19 0.403 2.069
1 2 71.543 98.732
1 3 0.206 2.428
1 4 82.88 0.301
1 5 80.643 0.43
1 6 98.83 97.372
1 7 87.173 0.057
1 8 77.401 0.121
1 9 0.327 2.552
1 10 93.406 94.957
1 11 93.36 98.705
1 12 93.144 95.919
1 13 75.642 91.66
1 14 89.47 98.848
1 15 89.695 0.187
1 16 79.179 0.117
1 17 99.355 96.13
1 18 88.485 92.209
1 19 89.272 94.204
2 3 79.396 93.96
2 4 0.259 1.11
2 5 91.658 92.824
2 6 0.619 1.564
2 7 90.058 92.715
2 8 90.906 97.871
2 9 96.956 0.347
2 10 0.759 1.679
2 11 71.255 0.439
2 12 76.255 95.594
2 13 82.604 0.338
2 14 77.49 0.241
2 15 0.309 2.938
2 16 0.582 2.864
2 17 90.242 97.213
2 18 96.274 0.449
2 19 70.495 98.625
3 4 0.804 1.02
3 5 71.464 94.751
3 6 88.223 96.019
3 7 78.846 98.311
3 8 76.617 90.604
3 9 0.48 2.807
3 10 87.774 0.334
3 11 0.412 1.946
3 12 76.007 94.026
3 13 0.524 2.562
3 14 0.616 1.309
3 15 0.655 2.301
3 16 0.415 1.699
3 17 0.694 1.104
3 18 92.901 90.393
3 19 87.05 0.481
4 5 89.719 0.418
4 6 96.913 90.543
4 7 91.086 0.252
4 8 97.856 0.119
4 9 0.812 2.887
4 10 0.768 1.594
4 11 0.813 1.883
4 12 0.97 2.05
4 13 84.346 93.443
4 14 87.996 98.328
4 15 81.197 0.308
4 16 77.751 0.461
4 17 0.026 1.364
4 18 0.481 1.542
4 19 0.034 2.069
5 6 0.941 2.023
5 7 93.801 0.13
5 8 88.533 0.098
5 9 92.504 96.428
5 10 0.524 1.932
5 11 81.204 93.202
5 12 0.656 2.948
5 13 82.668 97.436
5 14 88.558 96.433
5 15 96.604 0.131
5 16 88.025 0.02
5 17 93.806 96.121
5 18 99.596 95.345
5 19 0.843 2.021
6 7 0.285 1.622
6 8 82.16 94.728
6 9 96.503 98.869
6 10 75.066 97.873
6 11 0.692 1.657
6 12 91.32 0.487
6 13 89.788 97.739
6 14 0.814 2.552
6 15 0.761 2.721
6 16 87.557 94.962
6 17 88.179 0.499
6 18 0.584 2.117
6 19 77.55 95.795
7 8 83.573 0.27
7 9 70.686 97.847
7 10 0.853 1.918
7 11 0.59 2.244
7 12 78.97 94.959
7 13 0.083 1.084
7 14 0.318 2.699
7 15 73.241 0.383
7 16 75.469 0.152
7 17 86.709 94.915
7 18 0.989 1.304
7 19 74.456 94.101
8 9 71.47 93.867
8 10 92.163 96.879
8 11 0.418 2.908
8 12 0.179 1.457
8 13 90.365 97.346
8 14 0.822 1.999
8 15 73.419 0.362
8 16 82.355 0.384
8 17 80.303 91.701
8 18 78.908 94.406
8 19 0.067 1.065
9 10 88.711 96.251
9 11 74.478 0.302
9 12 0.577 1.838
9 13 91.383 0.266
9 14 71.191 0.459
9 15 0.983 2.224
9 16 93.168 94.785
9 17 97.495 93.297
9 18 71.024 0.064
9 19 98.731 90.156
10 11 84.595 95.193
10 12 71.04 94.32
10 13 0.611 2.014
10 14 98.417 96.549
10 15 0.532 1.828
10 16 0.488 2.845
10 17 0.038 2.703
10 18 0.053 2.43
10 19 70.301 0.486
11 12 0.708 1.326
11 13 97.015 0.157
11 14 94.259 0.392
11 15 90.391 93.963
11 16 0.254 1.775
11 17 0.202 2.504
11 18 86.673 0.441
11 19 0.405 2.67
12 13 87.561 96.538
12 14 0.695 2.711
12 15 0.987 2.471
12 16 78.681 91.302
12 17 98.903 0.203
12 18 0.25 1.755
12 19 81.706 92.808
13 14 94.952 0.357
13 15 82.107 91.12
13 16 0.485 1.249
13 17 99.207 90.704
13 18 74.495 0.28
13 19 92.419 90.559
14 15 94.908 97.744
14 16 94.097 91.325
14 17 72.863 90.629
14 18 85.844 0.149
14 19 0.158 2.653
15 16 91.852 0.315
15 17 77.542 97.673
15 18 0.158 2.945
15 19 0.668 1.171
16 17 91.571 94.445
16 18 97.863 97.457
16 19 97.271 90.907
17 18 0.533 1.693
17 19 72.248 97.023
18 19 0.182 1.531