20
87.63
0 1 0.617 1.387
0 2 2.682 6.302
0 3 7.448 5.123
0 4 4.456 4.827
0 5 6.687 3.139
0 6 8.911 0.137
0 7 2.98 4.324
0 8 0.094 0.436
0 9 9.026 2.668
0 10 0.085 4.237
0 11 0.08 4.879
0 12 0.19 4.039
0 13 0.36 5.403
0 14 0.465 5.592
0 15 0.0 5.899
0 16 0.465 4.64
0 17 0.405 5.497
0 18 0.375 4.471
0 19 0.045 5.839
1 2 0.534 4.616
1 3 4.33 4.82
1 4 0.89 2.019
1 5 5.461 2.432
1 6 2.155 1.772
1 7 7.966 3.011
1 8 7.848 3.556
1 9 5.094 0.998
1 10 0.385 4.628
1 11 0.365 5.176
1 12 0.05 5.343
1 13 0.195 4.844
1 14 0.405 5.29
1 15 0.45 5.132
1 16 0.175 4.412
1 17 0.13 5.628
1 18 0.37 4.064
1 19 0.475 4.487
2 3 5.676 4.617
2 4 9.996 2.701
2 5 1.668 1.294
2 6 6.159 1.465
2 7 4.954 5.549
2 8 5.523 6.162
2 9 8.015 1.262
2 10 0.13 5.447
2 11 0.355 5.739
2 12 0.36 4.427
2 13 0.105 5.771
2 14 0.29 4.235
2 15 0.235 5.407
2 16 0.095 5.226
2 17 0.415 4.622
2 18 0.38 4.939
2 19 0.335 4.891
3 4 4.891 3.12
3 5 5.497 0.501
3 6 9.103 1.092
3 7 4.501 3.089
3 8 3.713 3.179
3 9 0.637 1.974
3 10 0.49 4.007
3 11 0.375 5.374
3 12 0.395 4.144
3 13 0.045 5.728
3 14 0.355 5.363
3 15 0.11 4.197
3 16 0.295 4.898
3 17 0.01 4.802
3 18 0.17 5.851
3 19 0.21 5.959
4 5 0.873 2.89
4 6 7.045 4.324
4 7 9.574 3.109
4 8 8.14 1.729
4 9 5.423 4.297
4 10 0.26 5.515
4 11 0.135 4.658
4 12 0.065 5.516
4 13 0.27 5.456
4 14 0.48 4.451
4 15 0.015 5.956
4 16 0.26 4.553
4 17 0.155 4.204
4 18 0.45 5.02
4 19 0.175 4.496
5 6 5.832 6.093
5 7 5.75 0.129
5 8 3.68 5.026
5 9 2.978 5.575
5 10 0.335 4.163
5 11 0.41 4.423
5 12 0.06 4.259
5 13 0.295 5.717
5 14 0.285 5.116
5 15 0.08 4.401
5 16 0.21 4.719
5 17 0.075 4.091
5 18 0.07 4.092
5 19 0.08 5.9
6 7 3.546 2.547
6 8 2.924 1.642
6 9 0.137 1.419
6 10 0.415 4.474
6 11 0.11 5.324
6 12 0.28 4.309
6 13 0.19 4.752
6 14 0.415 5.138
6 15 0.22 5.771
6 16 0.4 5.499
6 17 0.005 4.328
6 18 0.06 4.178
6 19 0.33 5.992
7 8 4.967 3.525
7 9 1.09 3.177
7 10 0.075 4.759
7 11 0.165 4.031
7 12 0.16 4.316
7 13 0.105 5.857
7 14 0.09 4.316
7 15 0.49 5.486
7 16 0.34 5.298
7 17 0.215 5.107
7 18 0.21 4.76
7 19 0.07 5.585
8 9 7.883 6.449
8 10 0.375 5.834
8 11 0.115 5.797
8 12 0.305 4.759
8 13 0.185 4.052
8 14 0.255 5.99
8 15 0.01 5.53
8 16 0.285 4.818
8 17 0.365 5.695
8 18 0.185 4.816
8 19 0.175 4.89
9 10 0.36 5.109
9 11 0.145 4.008
9 12 0.125 4.512
9 13 0.47 5.001
9 14 0.49 5.913
9 15 0.23 5.284
9 16 0.195 4.911
9 17 0.03 5.612
9 18 0.3 5.717
9 19 0.24 4.904
10 11 3.502 5.977
10 12 3.673 4.644
10 13 5.834 4.049
10 14 6.256 2.071
10 15 0.489 3.431
10 16 1.891 2.245
10 17 0.142 2.886
10 18 0.026 3.091
10 19 3.58 2.111
11 12 3.466 6.147
11 13 8.228 2.695
11 14 2.264 3.589
11 15 3.682 1.481
11 16 0.894 3.455
11 17 5.522 2.016
11 18 1.793 4.353
11 19 5.712 3.782
12 13 5.523 3.453
12 14 5.742 1.638
12 15 2.803 3.249
12 16 1.334 3.359
12 17 6.524 3.542
12 18 3.036 3.32
12 19 2.452 5.24
13 14 5.272 5.271
13 15 5.798 4.937
13 16 7.573 1.748
13 17 7.084 2.839
13 18 5.584 2.012
13 19 4.812 1.41
14 15 6.2 3.423
14 16 4.305 2.14
14 17 0.723 5.948
14 18 1.84 1.093
14 19 2.254 2.976
15 16 0.626 6.346
15 17 8.755 2.803
15 18 0.578 2.137
15 19 1.139 3.098
16 17 6.918 4.43
16 18 6.573 3.274
16 19 3.61 2.73
17 18 0.77 2.059
17 19 6.39 4.339
18 19 9.462 4.638