20
99.999
5 8 47.141 0.99
5 9 81.174 1.401
5 17 62.746 0.534
5 11 61.588 1.437
5 3 63.345 3.431
5 0 52.48 0.0
5 1 33.232 1.034
5 2 73.85 1.267
5 4 40.016 0.551
5 6 41.482 13.639
5 7 59.688 3.97
5 10 45.173 2.899
5 12 34.826 1.096
5 13 38.453 0.359
5 14 40.036 16.472
5 15 60.604 1.621
5 16 42.342 22.693
5 18 49.864 0.457
5 19 61.728 0.252
8 9 48.797 0.867
8 17 63.383 2.613
8 11 73.522 1.522
8 3 72.606 1.613
8 0 46.963 17.812
8 1 81.941 4.784
8 2 79.055 0.417
8 4 60.171 0.587
8 6 35.312 1.328
8 7 32.354 1.048
8 10 59.112 1.375
8 12 55.104 0.546
8 13 37.407 0.449
8 14 74.256 0.538
8 15 52.056 2.818
8 16 49.265 0.688
8 18 59.021 0.971
8 19 62.053 1.573
9 17 54.299 2.499
9 11 78.491 0.457
9 3 66.9 0.258
9 0 52.48 2.701
9 1 53.11 2.529
9 2 40.504 1.009
9 4 37.054 17.732
9 6 67.035 0.878
9 7 55.88 1.544
9 10 39.933 1.281
9 12 58.853 1.475
9 13 59.087 1.15
9 14 74.268 1.478
9 15 28.989 1.011
9 16 60.594 1.25
9 18 70.182 0.423
9 19 78.895 1.506
17 11 47.572 0.931
17 3 43.066 1.032
17 0 42.188 16.9
17 1 44.42 0.913
17 2 57.487 1.158
17 4 63.609 0.446
17 6 52.678 16.79
17 7 34.252 0.761
17 10 49.981 1.049
17 12 73.1 0.537
17 13 70.758 1.715
17 14 68.163 3.674
17 15 40.314 1.233
17 16 61.664 1.07
17 18 62.731 0.402
17 19 63.261 0.469
11 3 72.336 0.407
11 0 49.647 0.514
11 1 41.532 1.006
11 2 69.696 0.395
11 4 33.762 0.674
11 6 48.219 1.746
11 7 71.881 1.134
11 10 62.775 1.575
11 12 45.772 5.852
11 13 54.272 0.692
11 14 33.775 6.323
11 15 75.542 2.07
11 16 61.297 1.522
11 18 57.936 1.432
11 19 44.739 14.932
3 0 38.771 0.636
3 1 74.968 0.496
3 2 45.644 15.284
3 4 42.951 6.091
3 6 48.489 0.611
3 7 37.077 24.342
3 10 65.519 1.284
3 12 34.964 6.994
3 13 42.585 1.182
3 14 41.989 0.958
3 15 50.531 0.806
3 16 70.869 0.565
3 18 50.886 0.588
3 19 54.933 0.868
2 18 45.792 5.496
2 15 39.061 0.358
2 0 73.401 1.066
2 1 68.631 1.738
2 4 80.8 5.13
2 6 59.126 0.0
2 7 61.425 1.474
2 10 38.692 0.451
2 12 62.069 1.154
2 13 38.233 4.169
2 14 81.655 0.497
2 16 44.7 17.099
2 19 72.887 0.24
18 15 48.419 14.144
18 0 78.671 1.278
18 1 65.618 0.444
18 4 45.124 14.503
18 6 36.256 0.958
18 7 70.926 1.619
18 10 49.776 2.86
18 12 52.318 3.099
18 13 37.03 6.992
18 14 67.131 0.246
18 16 38.741 4.2
18 19 39.982 0.402
15 0 88.435 0.484
15 1 55.285 14.667
15 4 32.99 0.333
15 6 64.591 1.638
15 7 69.073 0.886
15 10 61.158 0.538
15 12 56.845 1.341
15 13 56.083 0.918
15 14 43.241 1.036
15 16 53.618 1.202
15 19 57.46 1.038
4 10 41.444 19.999
4 0 48.935 0.528
4 1 69.155 1.93
4 6 31.731 4.396
4 7 52.115 0.461
4 12 47.924 14.856
4 13 57.656 15.902
4 14 63.889 0.485
4 16 41.633 0.624
4 19 78.376 0.517
10 0 64.889 0.555
10 1 54.867 1.116
10 6 68.659 0.0
10 7 67.809 0.241
10 12 34.936 0.828
10 13 73.239 1.722
10 14 51.672 0.895
10 16 46.507 0.998
10 19 65.761 5.58
7 13 41.05 0.604
7 19 62.836 0.968
7 6 73.471 0.379
7 0 39.819 3.891
7 1 73.189 0.0
7 12 56.467 0.451
7 14 63.177 1.078
7 16 53.084 1.075
13 19 38.087 0.819
13 6 39.877 1.109
13 0 69.71 1.35
13 1 67.799 1.738
13 12 30.548 0.397
13 14 45.837 0.68
13 16 68.123 1.808
19 6 78.504 1.542
19 0 82.512 0.528
19 1 58.975 0.496
19 12 64.747 3.927
19 14 67.031 1.98
19 16 40.582 1.176
6 0 83.339 5.119
6 1 60.302 0.928
6 12 88.086 5.189
6 14 56.237 1.781
6 16 36.411 0.971
0 1 70.194 0.522
0 12 29.09 0.81
0 14 49.392 0.993
0 16 64.486 3.219
1 12 83.469 0.439
1 14 59.757 0.988
1 16 65.099 0.463
12 16 54.064 15.042
12 14 66.998 0.896
16 14 61.813 4.061