20
59.69
0 1 77.374 9.73
0 2 29.475 3.47
0 3 30.67 3.75
0 4 49.375 4.857
0 5 47.382 2.81
0 6 29.74 0.073
0 7 59.374 4.27
0 8 8.38 3.27
0 9 39.475 1.28
0 10 48.27 3.479
0 11 13.274 2.48
0 12 53.38 7.47
0 13 84.02 1.64
0 14 9.747 2.91
0 15 29.38 3.854
0 16 30.28 2.97
0 17 9.87 1.789
0 18 59.735 0.48
0 19 30.76 3.087
1 2 8.27 1.97
1 3 64.27 8.26
1 4 18.83 1.002
1 5 39.47 3.7
1 6 30.874 6.48
1 7 5.37 2.3
1 8 27.8 4.998
1 9 4.2 0.3
1 10 86.264 1.958
1 11 69.47 3.68
1 12 20.19 8.38
1 13 37.47 2.47
1 14 48.37 8.47
1 15 38.47 5.47
1 16 69.365 3.826
1 17 38.78 5.28
1 18 13.47 1.2
1 19 59.47 3.49
2 3 7.346 1.94
2 4 75.462 5.012
2 5 48.37 4.38
2 6 39.28 3.28
2 7 61.365 2.73
2 8 8.37 1.38
2 9 12.57 0.3
2 10 29.47 3.27
2 11 30.27 4.57
2 12 43.27 4.37
2 13 24.56 1.375
2 14 34.572 4.573
2 15 2.483 1.3
2 16 65.37 4.3
2 17 58.937 8.97
2 18 7.46 0.47
2 19 2.47 0.47
3 4 15.35 4.1
3 5 34.57 3.265
3 6 32.476 0.376
3 7 67.37 3.47
3 8 3.47 1.47
3 9 4.365 3.5
3 10 53.274 3.063
3 11 48.37 8.37
3 12 48.285 2.174
3 13 19.37 1.74
3 14 47.692 1.482
3 15 75.531 5.829
3 16 28.47 1.964
3 17 45.75 1.284
3 18 24.26 1.47
3 19 14.36 1.582
4 5 27.47 2.57
4 6 20.375 5.37
4 7 69.563 4.03
4 8 48.376 4.252
4 9 37.276 1.47
4 10 2.47 2.47
4 11 20.264 2.37
4 12 28.38 1.472
4 13 48.3 3.984
4 14 37.487 2.47
4 15 1.35 1.68
4 16 2.57 0.57
4 17 65.376 5.37
4 18 2.14 5.32
4 19 28.47 2.414
5 6 3.24 0.14
5 7 47.63 3.27
5 8 24.57 1.379
5 9 44.375 0.063
5 10 48.365 2.57
5 11 35.57 2.82
5 12 52.47 3.47
5 13 58.476 0.9
5 14 47.26 3.005
5 15 0.46 9.3
5 16 2.41 1.3
5 17 28.38 5.68
5 18 89.475 0.24
5 19 52.563 3.2
6 7 3.64 7.36
6 8 35.56 2.58
6 9 55.376 4.27
6 10 2.4 0.3
6 11 41.37 5.438
6 12 46.86 4.8
6 13 65.967 4.876
6 14 41.375 0.472
6 15 74.329 0.24
6 16 27.73 1.3
6 17 83.57 1.47
6 18 52.36 2.7
6 19 18.37 1.04
7 8 39.471 1.583
7 9 25.57 1.47
7 10 38.47 4.382
7 11 38.745 2.47
7 12 46.376 3.2
7 13 42.75 2.47
7 14 29.47 1.37
7 15 10.265 1.46
7 16 35.346 3.2
7 17 8.29 1.37
7 18 17.572 1.36
7 19 38.57 1.76
8 9 37.56 0.964
8 10 10.36 1.02
8 11 55.672 3.72
8 12 68.546 4.82
8 13 28.57 1.64
8 14 13.274 2.478
8 15 27.36 3.27
8 16 74.37 5.389
8 17 17.38 3.28
8 18 8.376 3.26
8 19 69.365 0.294
9 10 45.363 4.003
9 11 82.73 7.37
9 12 29.38 1.578
9 13 40.274 2.091
9 14 32.38 1.48
9 15 40.38 2.48
9 16 57.375 4.27
9 17 53.385 4.38
9 18 50.997 1.002
9 19 37.38 1.388
10 11 8.38 1.08
10 12 3.28 3
10 13 43.274 1.83
10 14 28.37 2.39
10 15 34.275 4.29
10 16 74.786 5.148
10 17 54.22 5.395
10 18 20.37 1.746
10 19 73.73 9.52
11 12 79.374 0.123
11 13 28.37 1.38
11 14 20.37 3.58
11 15 9.82 2.3
11 16 43.74 4.5
11 17 42.48 8.37
11 18 39.37 3.94
11 19 50.845 1.205
12 13 15.367 2.18
12 14 64.37 4.5
12 15 2.47 0.082
12 16 82.47 13.2
12 17 56.375 3.587
12 18 3.826 1.9
12 19 58.75 0.783
13 14 43.28 3.28
13 15 81.38 10.09
13 16 2.48 0.73
13 17 9.87 1.29
13 18 49.98 1.37
13 19 32.37 1.083
14 15 69.87 0.042
14 16 53.37 4.389
14 17 75.478 0.302
14 18 10.38 1.38
14 19 29.97 1.64
15 16 49.72 4.83
15 17 58.97 0.418
15 18 43.28 3.39
15 19 20.37 2.38
16 17 32.37 2.19
16 18 10.28 4.82
16 19 8.8 0.58
17 18 9.387 1.753
17 19 1.297 0.97
18 19 38.726 0.87
