20
25.999
0 1 48.124 0.0
0 2 50.468 0.0
0 3 53.988 0.0
0 4 7.175 0.0
0 5 19.711 0.0
0 6 55.746 0.0
0 7 9.171 0.0
0 8 3.735 0.0
0 9 60.403 0.0
0 10 15.975 0.0
0 11 3.108 0.0
0 12 18.436 0.0
0 13 37.002 0.0
0 14 10.283 0.0
0 15 39.109 0.0
0 16 38.947 0.0
0 17 20.091 0.0
0 18 48.052 0.0
0 19 23.32 0.0
1 2 9.556 0.625
1 3 58.702 0.849
1 4 18.357 0.644
1 5 51.231 0.708
1 6 31.153 0.686
1 7 52.654 0.635
1 8 62.864 0.602
1 9 91.241 0.579
1 10 47.753 0.661
1 11 0.388 0.765
1 12 41.093 0.891
1 13 12.497 0.825
1 14 47.999 0.621
1 15 28.273 0.914
1 16 28.015 0.783
1 17 52.688 0.718
1 18 57.332 0.672
1 19 84.379 0.561
2 3 34.552 1.322
2 4 12.673 1.487
2 5 5.936 1.747
2 6 24.073 1.335
2 7 5.246 1.631
2 8 3.736 1.501
2 9 28.149 1.242
2 10 25.304 1.403
2 11 4.628 1.612
2 12 53.656 1.36
2 13 37.394 1.301
2 14 39.734 1.758
2 15 47.431 1.508
2 16 86.525 1.225
2 17 34.558 1.325
2 18 93.049 1.235
2 19 8.823 1.654
3 4 20.064 0.892
3 5 52.457 0.814
3 6 21.261 0.888
3 7 97.96 0.579
3 8 16.273 0.689
3 9 32.758 0.753
3 10 4.96 0.831
3 11 35.94 0.784
3 12 22.894 0.718
3 13 36.139 0.65
3 14 67.868 0.575
3 15 55.97 0.575
3 16 20.282 0.729
3 17 29.286 0.62
3 18 17.033 0.68
3 19 48.942 0.879
4 5 54.357 0.836
4 6 54.584 0.703
4 7 24.939 0.72
4 8 12.297 0.804
4 9 42.094 0.918
4 10 63.679 0.561
4 11 83.042 0.614
4 12 8.136 0.829
4 13 40.416 0.643
4 14 54.825 0.823
4 15 52.536 0.868
4 16 9.947 0.835
4 17 78.802 0.611
4 18 30.418 0.854
4 19 46.61 0.635
5 6 56.113 1.762
5 7 44.006 1.526
5 8 43.83 1.807
5 9 37.528 1.696
5 10 31.86 1.744
5 11 57.988 1.629
5 12 98.959 1.143
5 13 92.106 1.161
5 14 47.418 1.798
5 15 42.209 1.691
5 16 16.151 1.677
5 17 28.376 1.37
5 18 15.923 1.467
5 19 8.447 1.318
6 7 26.56 0.0
6 8 0.416 0.0
6 9 8.959 0.0
6 10 60.194 0.0
6 11 20.74 0.0
6 12 53.097 0.0
6 13 12.375 0.0
6 14 53.579 0.0
6 15 16.788 0.0
6 16 35.415 0.0
6 17 48.121 0.0
6 18 22.969 0.0
6 19 29.136 0.0
7 8 26.719 0.646
7 9 27.086 0.794
7 10 41.301 0.855
7 11 57.093 0.836
7 12 35.005 0.855
7 13 58.438 0.805
7 14 59.082 0.592
7 15 87.522 0.604
7 16 8.133 0.861
7 17 1.953 0.773
7 18 46.157 0.83
7 19 47.117 0.622
8 9 76.566 0.577
8 10 59.301 0.709
8 11 41.083 0.695
8 12 11.018 0.658
8 13 26.333 0.753
8 14 46.247 0.874
8 15 31.561 0.629
8 16 10.805 0.656
8 17 9.535 0.857
8 18 12.159 0.67
8 19 96.13 0.616
9 10 2.377 0.827
9 11 38.233 0.864
9 12 45.137 0.879
9 13 5.557 0.755
9 14 4.917 0.829
9 15 21.562 0.73
9 16 41.104 0.774
9 17 7.744 0.774
9 18 48.245 0.712
9 19 63.013 0.587
10 11 69.007 0.576
10 12 35.275 0.652
10 13 45.355 0.889
10 14 56.367 0.768
10 15 50.006 0.831
10 16 10.958 0.68
10 17 60.633 0.599
10 18 31.862 0.915
10 19 28.503 0.881
11 12 2.772 0.803
11 13 17.432 0.803
11 14 27.022 0.904
11 15 41.733 0.694
11 16 45.657 0.624
11 17 97.536 0.606
11 18 30.31 0.745
11 19 25.573 0.667
12 13 79.096 1.137
12 14 33.712 1.389
12 15 15.939 1.799
12 16 46.285 1.472
12 17 12.133 1.76
12 18 1.24 1.853
12 19 59.008 1.797
13 14 30.508 1.415
13 15 37.376 1.407
13 16 39.613 1.643
13 17 40.939 1.395
13 18 48.43 1.556
13 19 31.902 1.662
14 15 84.49 0.557
14 16 35.496 0.902
14 17 33.652 0.811
14 18 35.754 0.743
14 19 21.921 0.747
15 16 49.641 0.768
15 17 52.139 0.792
15 18 54.766 0.843
15 19 21.522 0.721
16 17 5.092 1.639
16 18 76.053 1.135
16 19 26.178 1.447
17 18 9.556 0.815
17 19 49.439 0.695
18 19 27.163 1.717