20
60
0 1 65 0.6
0 2 43 3.4
0 3 32 0.6
0 4 57 2.4
0 5 22 1.6
0 6 90 0.8
0 7 52 3
0 8 19 0.5
0 9 58 3.2
0 10 45 2.4
0 11 16 1
0 12 4 1.6
0 13 52 1.2
0 14 29 0.4
0 15 3 1.4
0 16 15 1.4
0 17 22 0.2
0 18 78 2.6
0 19 30 3
1 2 76 3.4
1 3 78 0.6
1 4 8 2.8
1 5 30 0.8
1 6 79 3.8
1 7 10 0.8
1 8 86 0.6
1 9 34 2.4
1 10 3 1.2
1 11 61 1.8
1 12 2 1.8
1 13 73 3
1 14 51 2.6
1 15 72 4
1 16 36 1.4
1 17 62 1.8
1 18 16 3
1 19 71 0.4
2 3 96 1.6
2 4 38 2.4
2 5 9 2.6
2 6 29 2.8
2 7 40 0.6
2 8 52 1
2 9 59 1.6
2 10 57 2.8
2 11 72 3.6
2 12 10 2.6
2 13 80 3.8
2 14 32 3.8
2 15 61 1.2
2 16 54 2.8
2 17 4 1.4
2 18 53 2
2 19 26 2.4
3 4 60 1
3 5 4 1.8
3 6 58 1.2
3 7 18 1
3 8 74 3
3 9 67 2.6
3 10 74 2.4
3 11 76 1.8
3 12 6 2.2
3 13 78 3
3 14 47 3.8
3 15 7 3.8
3 16 37 0.6
3 17 37 2.4
3 18 21 3
3 19 71 4
4 5 98 1.2
4 6 41 2.2
4 7 48 1.2
4 8 58 1
4 9 7 3.2
4 10 26 3
4 11 72 3
4 12 34 3.2
4 13 50 1.4
4 14 70 0.8
4 15 4 2
4 16 57 3.2
4 17 35 0.4
4 18 60 3.8
4 19 18 1.2
5 6 65 1
5 7 55 0.6
5 8 8 2
5 9 45 2.6
5 10 67 2.6
5 11 70 2.4
5 12 58 1.4
5 13 70 3.8
5 14 24 0.8
5 15 45 2
5 16 51 3.4
5 17 31 2.6
5 18 62 2.8
5 19 9 1.8
6 7 72 3
6 8 54 1.4
6 9 16 3.6
6 10 38 3
6 11 78 3
6 12 41 1.6
6 13 58 0.4
6 14 30 2.2
6 15 78 0.6
6 16 27 1.4
6 17 29 4
6 18 36 1.2
6 19 36 3.8
7 8 68 3.4
7 9 89 1.4
7 10 12 3.8
7 11 29 1.2
7 12 20 1.6
7 13 8 3.6
7 14 34 3.2
7 15 26 3.8
7 16 25 2.2
7 17 51 1.6
7 18 53 1.8
7 19 50 1.2
8 9 54 0.8
8 10 21 1.8
8 11 27 1.0
8 12 29 2.8
8 13 11 2.6
8 14 30 3.0
8 15 75 2.8
8 16 42 2.6
8 17 10 1.4
8 18 19 1.8
8 19 47 3.8
9 10 4 3.4
9 11 35 3.0
9 12 75 2.8
9 13 31 2.4
9 14 9 3.4
9 15 39 3.8
9 16 74 1.4
9 17 78 3.0
9 18 5 2.0
9 19 63 4.0
10 11 16 2.2
10 12 14 1.0
10 13 77 2.2
10 14 63 2.0
10 15 38 3.2
10 16 70 3.8
10 17 20 1.4
10 18 29 0.8
10 19 97 0.4
11 12 41 1.2
11 13 67 2.0
11 14 64 3.0
11 15 66 4.0
11 16 27 1.8
11 17 11 2.0
11 18 93 0.6
11 19 68 3.6
12 13 95 1.4
12 14 69 3.8
12 15 45 3.0
12 16 64 1.4
12 17 37 3.2
12 18 71 1.0
12 19 35 3.6
13 14 62 2.2
13 15 57 3.0
13 16 67 1.4
13 17 4 3.2
13 18 69 3.4
13 19 76 2.8
14 15 53 3.0
14 16 1 3.8
14 17 86 0.4
14 18 20 0.4
14 19 13 1.4
15 16 92 1.0
15 17 7 1.0
15 18 63 3.8
15 19 58 3.4
16 17 47 2.0
16 18 16 3.8
16 19 80 0.4
17 18 72 3.6
17 19 17 0.6
18 19 38 1.0