20
53.812
0 1 3.699 0.901
0 2 4.183 0.528
0 3 3.679 1.014
0 4 3.841 0.84
0 5 2.64 1.116
0 6 3.871 1.152
0 7 4.531 1.253
0 8 2.512 1.064
0 9 1.149 1.191
0 10 1.972 1.052
0 11 2.095 1.02
0 12 1.251 1.108
0 13 1.765 1.088
0 14 1.145 1.003
0 15 1.69 1.042
0 16 4.34 0.926
0 17 0.696 1.121
0 18 1.127 1.079
0 19 6.587 1.024
1 2 3.811 1.188
1 3 1.648 1.001
1 4 4.571 0.949
1 5 1.567 1.196
1 6 3.258 1.18
1 7 3.814 0.853
1 8 0.259 1.068
1 9 1.438 1.08
1 10 2.045 1.209
1 11 1.587 1.165
1 12 2.004 1.192
1 13 1.718 1.07
1 14 4.31 1.141
1 15 0.573 1.178
1 16 4.546 0.67
1 17 1.062 1.169
1 18 1.097 1.233
1 19 1.923 1.193
2 3 2.132 1.23
2 4 4.872 1.337
2 5 1.979 1.063
2 6 1.153 1.228
2 7 4.37 1.106
2 8 1.017 1.219
2 9 0.942 1.203
2 10 1.046 1.005
2 11 0.825 1.156
2 12 2.402 1.193
2 13 1.715 1.185
2 14 1.796 1.038
2 15 0.436 1.093
2 16 4.279 0.772
2 17 1.455 1.198
2 18 1.535 1.104
2 19 2.721 1.204
3 4 1.929 1.146
3 5 0.412 1.139
3 6 4.743 0.925
3 7 4.133 1.148
3 8 3.926 1.355
3 9 2.695 1.152
3 10 1.11 1.035
3 11 1.975 1.017
3 12 0.465 1.131
3 13 0.619 1.029
3 14 1.555 1.198
3 15 3.753 1.11
3 16 2.236 1.118
3 17 3.721 0.755
3 18 4.592 1.434
3 19 2.8 1.002
4 5 1.75 1.185
4 6 0.71 1.124
4 7 4.154 1.336
4 8 2.715 1.04
4 9 3.322 1.003
4 10 1.28 1.057
4 11 0.45 1.152
4 12 1.418 1.019
4 13 4.765 1.074
4 14 1.578 1.22
4 15 1.855 1.222
4 16 4.789 1.057
4 17 1.083 1.021
4 18 0.763 1.198
4 19 2.252 1.098
5 6 1.978 1.15
5 7 1.39 1.227
5 8 2.446 1.189
5 9 3.878 0.55
5 10 3.859 0.452
5 11 3.555 0.568
5 12 3.628 1.184
5 13 4.579 0.9
5 14 4.376 1.015
5 15 1.654 1.0
5 16 1.771 1.206
5 17 1.393 1.219
5 18 1.703 1.098
5 19 3.584 0.925
6 7 1.897 1.034
6 8 4.272 1.347
6 9 5.171 1.069
6 10 1.779 1.018
6 11 2.94 1.149
6 12 1.216 1.087
6 13 4.857 1.227
6 14 1.398 1.141
6 15 4.664 0.741
6 16 1.067 1.02
6 17 4.128 1.495
6 18 4.472 0.527
6 19 1.103 1.046
7 8 1.03 1.022
7 9 2.207 1.155
7 10 0.905 1.027
7 11 2.167 1.117
7 12 1.03 1.19
7 13 0.722 1.185
7 14 1.51 1.185
7 15 1.055 1.102
7 16 3.678 1.133
7 17 1.715 1.239
7 18 1.333 1.17
7 19 1.576 1.037
8 9 1.179 1.245
8 10 1.486 1.233
8 11 1.57 1.154
8 12 0.948 1.246
8 13 1.512 1.152
8 14 0.465 1.066
8 15 4.456 0.421
8 16 0.894 1.121
8 17 4.283 0.205
8 18 4.474 1.184
8 19 0.444 1.056
9 10 4.6 0.414
9 11 4.846 0.47
9 12 4.504 0.021
9 13 4.57 1.055
9 14 4.092 0.299
9 15 1.746 1.119
9 16 1.229 1.077
9 17 1.29 1.062
9 18 0.109 1.18
9 19 3.932 1.237
10 11 3.586 0.025
10 12 3.998 0.104
10 13 4.622 0.906
10 14 4.477 0.698
10 15 1.497 1.163
10 16 7.046 1.219
10 17 2.57 1.195
10 18 1.038 1.217
10 19 3.85 0.626
11 12 4.236 0.276
11 13 4.145 0.569
11 14 4.156 0.23
11 15 1.037 1.212
11 16 1.414 1.128
11 17 2.198 1.196
11 18 2.55 1.056
11 19 4.012 0.974
12 13 4.102 1.186
12 14 4.155 0.564
12 15 0.622 1.121
12 16 2.039 1.246
12 17 2.565 1.217
12 18 1.481 1.034
12 19 4.644 1.058
13 14 4.772 0.124
13 15 1.52 1.002
13 16 1.309 1.142
13 17 1.914 1.019
13 18 2.395 1.172
13 19 4.752 0.798
14 15 1.597 1.228
14 16 1.305 1.048
14 17 0.563 1.06
14 18 0.248 1.111
14 19 4.062 0.709
15 16 1.195 1.123
15 17 4.188 1.43
15 18 4.37 0.315
15 19 1.621 1.057
16 17 0.675 1.182
16 18 1.75 1.111
16 19 2.658 1.09
17 18 4.345 0.018
17 19 1.626 1.243
18 19 2.129 1.065