20
99
0 1 47 1.57
0 2 32 2.43
0 3 52 2.46
0 4 26 2.0
0 5 21 1.36
0 6 20 1.62
0 7 53 1.44
0 8 26 1.86
0 9 26 1.47
0 10 48 2.33
0 11 41 1.61
0 12 39 1.7
0 13 41 2.25
0 14 25 1.52
0 15 42 2.02
0 16 44 2.09
0 17 52 2.12
0 18 32 2.03
0 19 25 1.97
1 2 47 1.77
1 3 36 1.46
1 4 39 1.61
1 5 30 1.48
1 6 31 1.73
1 7 23 1.35
1 8 30 1.81
1 9 43 1.58
1 10 42 1.93
1 11 41 2.06
1 12 40 2.1
1 13 48 1.97
1 14 49 1.37
1 15 47 2.39
1 16 52 1.69
1 17 23 2.18
1 18 39 2.05
1 19 30 2.26
2 3 32 1.98
2 4 33 2.32
2 5 28 1.66
2 6 21 2.15
2 7 41 1.56
2 8 53 2.35
2 9 40 1.75
2 10 24 2.11
2 11 48 2.43
2 12 49 2.25
2 13 41 2.15
2 14 47 2.0
2 15 45 1.52
2 16 47 1.98
2 17 23 1.63
2 18 30 1.5
2 19 24 2.18
3 4 34 1.91
3 5 20 1.36
3 6 32 2.13
3 7 34 1.49
3 8 34 1.32
3 9 42 2.3
3 10 35 1.34
3 11 38 2.31
3 12 51 1.71
3 13 22 1.68
3 14 29 2.06
3 15 28 1.71
3 16 23 1.6
3 17 46 1.61
3 18 39 1.73
3 19 27 1.47
4 5 42 2.18
4 6 54 1.48
4 7 20 1.93
4 8 41 1.47
4 9 44 2.15
4 10 27 2.0
4 11 21 2.36
4 12 23 1.41
4 13 32 1.91
4 14 26 1.5
4 15 44 1.81
4 16 22 2.18
4 17 39 2.25
4 18 33 2.04
4 19 33 1.71
5 6 47 1.68
5 7 33 1.52
5 8 30 1.75
5 9 33 2.01
5 10 38 2.07
5 11 21 1.41
5 12 44 2.14
5 13 29 2.02
5 14 28 2.17
5 15 39 1.25
5 16 33 1.36
5 17 26 1.96
5 18 31 1.73
5 19 50 1.74
6 7 43 1.97
6 8 29 1.8
6 9 44 1.44
6 10 22 1.34
6 11 42 1.38
6 12 36 1.4
6 13 28 1.33
6 14 22 2.23
6 15 30 1.42
6 16 21 2.16
6 17 39 1.41
6 18 46 2.1
6 19 41 1.96
7 8 22 2.3
7 9 26 1.95
7 10 20 2.34
7 11 31 1.88
7 12 30 1.82
7 13 39 1.64
7 14 44 1.23
7 15 28 1.76
7 16 31 2.17
7 17 54 2.05
7 18 41 1.69
7 19 48 2.39
8 9 40 1.48
8 10 29 1.37
8 11 40 2.13
8 12 26 2.11
8 13 40 2.43
8 14 34 2.19
8 15 49 1.37
8 16 57 2.22
8 17 40 2.44
8 18 49 1.3
8 19 44 1.9
9 10 35 1.86
9 11 45 1.57
9 12 31 1.53
9 13 32 1.45
9 14 27 1.96
9 15 23 1.75
9 16 52 1.78
9 17 40 1.88
9 18 45 1.4
9 19 39 1.43
10 11 38 1.96
10 12 40 2.23
10 13 49 2.33
10 14 30 1.75
10 15 22 1.44
10 16 22 1.25
10 17 31 2.1
10 18 41 1.69
10 19 41 1.49
11 12 49 1.83
11 13 35 1.23
11 14 41 1.33
11 15 39 2.39
11 16 29 2.42
11 17 41 2.34
11 18 38 1.61
11 19 39 1.46
12 13 40 2.31
12 14 43 2.39
12 15 24 1.41
12 16 31 2.02
12 17 52 1.41
12 18 47 2.08
12 19 42 2.07
13 14 32 1.35
13 15 22 2.45
13 16 31 2.33
13 17 38 1.97
13 18 35 2.3
13 19 36 1.25
14 15 21 2.25
14 16 25 1.83
14 17 22 2.16
14 18 39 1.84
14 19 38 1.35
15 16 48 2.21
15 17 48 2.02
15 18 21 2.46
15 19 36 1.3
16 17 28 1.88
16 18 38 2.29
16 19 44 2.08
17 18 23 1.23
17 19 28 2.46
18 19 24 2.24