20
84.259
0 1 63.114 13.947
0 2 43.709 9.694
0 3 58.066 15.953
0 4 60.483 5.902
0 5 62.546 9.710
0 6 45.305 0.930
0 7 49.162 3.107
0 8 31.597 14.036
0 9 49.120 18.638
0 10 56.890 6.202
0 11 47.771 13.848
0 12 54.958 9.290
0 13 49.448 16.081
0 14 47.332 10.193
0 15 49.844 11.313
0 16 43.293 11.920
0 17 56.304 3.340
0 18 45.320 17.223
0 19 49.485 15.419
1 2 42.595 6.800
1 3 45.056 14.065
1 4 32.686 8.584
1 5 47.291 7.153
1 6 48.309 22.395
1 7 46.827 6.093
1 8 42.495 9.129
1 9 46.310 10.342
1 10 58.341 7.192
1 11 49.476 6.037
1 12 77.813 9.964
1 13 38.762 17.741
1 14 56.527 6.003
1 15 55.071 6.087
1 16 41.582 13.613
1 17 65.496 9.307
1 18 69.344 9.926
1 19 43.263 11.669
2 3 47.759 8.546
2 4 49.390 16.605
2 5 50.270 17.050
2 6 38.605 5.075
2 7 65.522 6.199
2 8 31.503 10.301
2 9 67.730 11.002
2 10 45.719 10.793
2 11 27.489 10.149
2 12 48.424 11.906
2 13 41.295 9.582
2 14 53.328 10.982
2 15 45.972 10.176
2 16 66.605 7.455
2 17 65.311 15.643
2 18 31.348 16.358
2 19 77.021 13.707
3 4 41.469 4.187
3 5 45.156 2.881
3 6 46.493 11.963
3 7 44.643 7.830
3 8 57.359 5.981
3 9 71.362 12.455
3 10 49.273 10.829
3 11 50.526 8.567
3 12 47.221 18.154
3 13 52.303 4.432
3 14 47.968 14.552
3 15 44.820 8.484
3 16 40.579 14.968
3 17 44.001 11.939
3 18 54.917 8.427
3 19 52.143 2.914
4 5 43.655 11.055
4 6 54.271 14.330
4 7 64.744 11.809
4 8 67.436 13.064
4 9 45.113 9.510
4 10 39.476 11.131
4 11 48.131 17.204
4 12 38.601 8.908
4 13 28.582 19.363
4 14 47.638 1.078
4 15 28.367 15.323
4 16 65.731 9.832
4 17 41.609 9.650
4 18 44.807 4.211
4 19 43.706 9.649
5 6 58.790 10.428
5 7 43.128 6.521
5 8 45.014 3.917
5 9 55.119 21.951
5 10 56.736 6.709
5 11 27.877 8.027
5 12 64.283 4.073
5 13 60.756 7.925
5 14 49.545 4.395
5 15 44.171 6.433
5 16 46.192 3.656
5 17 44.915 10.746
5 18 68.796 17.721
5 19 37.167 14.540
6 7 54.329 3.683
6 8 55.806 10.458
6 9 52.520 17.762
6 10 45.804 4.758
6 11 36.265 7.293
6 12 61.831 7.512
6 13 46.159 0.000
6 14 55.833 3.427
6 15 58.145 13.567
6 16 46.691 6.587
6 17 66.495 13.329
6 18 55.544 3.941
6 19 63.875 5.062
7 8 60.833 0.734
7 9 63.775 13.496
7 10 63.174 13.153
7 11 54.321 9.492
7 12 57.217 6.171
7 13 60.284 1.353
7 14 53.576 3.683
7 15 58.258 5.728
7 16 53.901 13.978
7 17 53.204 10.532
7 18 60.466 9.455
7 19 48.618 5.632
8 9 47.354 15.079
8 10 60.931 12.387
8 11 42.758 12.736
8 12 44.009 14.407
8 13 41.451 18.013
8 14 53.065 7.074
8 15 43.518 11.704
8 16 37.841 9.371
8 17 45.746 7.876
8 18 66.155 8.130
8 19 44.060 7.641
9 10 69.885 5.972
9 11 60.421 4.684
9 12 49.303 16.473
9 13 50.833 9.726
9 14 35.045 11.267
9 15 40.582 18.597
9 16 45.002 10.858
9 17 45.739 10.531
9 18 52.507 10.547
9 19 58.531 18.799
10 11 36.743 0.711
10 12 51.092 13.718
10 13 57.216 0.000
10 14 56.941 7.832
10 15 57.608 13.534
10 16 64.156 11.385
10 17 40.403 11.140
10 18 43.126 5.744
10 19 43.036 10.797
11 12 41.150 11.394
11 13 35.728 23.453
11 14 35.598 16.021
11 15 61.517 16.408
11 16 44.982 7.839
11 17 55.961 8.320
11 18 47.346 12.571
11 19 33.692 10.750
12 13 53.910 8.180
12 14 47.865 11.363
12 15 55.645 3.336
12 16 55.729 18.044
12 17 39.459 5.668
12 18 50.584 10.638
12 19 44.716 12.873
13 14 33.912 9.826
13 15 50.828 13.052
13 16 38.487 11.292
13 17 47.969 5.341
13 18 47.255 15.474
13 19 58.230 11.353
14 15 41.733 11.819
14 16 50.295 21.244
14 17 45.169 1.646
14 18 42.057 12.235
14 19 60.856 13.366
15 16 69.816 13.533
15 17 35.698 13.673
15 18 59.231 7.403
15 19 56.139 16.177
16 17 63.463 14.519
16 18 57.398 10.361
16 19 49.370 16.596
17 18 43.317 8.669
17 19 57.224 9.799
18 19 51.357 10.862
