20
90.1
0 1 43 4
0 2 41 2
0 3 45 1
0 4 64 13
0 5 58 12
0 6 33 7
0 7 31 5
0 8 35 4
0 9 39 6
0 10 85 31
0 11 27 5
0 12 56 10
0 13 39 8
0 14 28 4
0 15 39 9
0 16 23 6
0 17 26 7
0 18 29 8
0 19 12 5
1 2 42 3
1 3 48 4
1 4 23 7
1 5 32 6
1 6 59 10
1 7 23 4
1 8 34 8
1 9 12 7
1 10 78 32
1 11 23 8
1 12 25 6
1 13 48 10
1 14 60 23
1 15 57 16
1 16 69 14
1 17 39 9
1 18 25 6
1 19 23 7
2 3 49 1
2 4 15 8
2 5 26 9
2 6 27 8
2 7 24 7
2 8 59 12
2 9 60 10
2 10 72 33
2 11 12.345 8
2 12 6 9
2 13 26 4
2 14 34 7
2 15 27 4
2 16 34 8
2 17 36 5
2 18 38 9
2 19 25 8
3 4 23 7
3 5 27 13
3 6 34 11
3 7 36 5
3 8 20 7
3 9 39 9
3 10 99.31 30
3 11 54 13
3 12 35 7
3 13 36 7
3 14 37 7
3 15 38 6
3 16 69 15
3 17 69 14
3 18 69 13
3 19 69 11
4 5 45 1
4 6 41 1
4 7 43 1
4 8 44 1
4 9 41 1
4 10 87 33
4 11 23 6
4 12 34 8
4 13 50 11
4 14 51 14
4 15 53 12
4 16 29 8
4 17 56 13
4 18 31 5
4 19 30 6
5 6 46 1
5 7 47 1
5 8 42 1
5 9 48 1
5 10 69 35
5 11 31 7
5 12 67 13
5 13 65 12
5 14 64 12
5 15 62 12
5 16 69 12
5 17 62 12
5 18 32 6
5 19 34 8
6 7 41 1
6 8 48 1
6 9 49 1
6 10 77 34
6 11 32 7
6 12 56 11
6 13 59 13
6 14 32 6
6 15 53 14
6 16 32 5
6 17 52 13
6 18 31 9
6 19 51 11
7 8 41 1
7 9 45 1
7 10 91 34
7 11 50 13
7 12 30 6
7 13 50 13
7 14 30 7
7 15 30 8
7 16 50 12
7 17 30 6
7 18 50 14
7 19 30 8
8 9 48 1
8 10 93 32
8 11 23 8
8 12 57 11
8 13 31 9
8 14 54 13
8 15 33 7
8 16 23 7
8 17 64 12
8 18 55 10
8 19 36 9
9 10 91 35
9 11 34 6
9 12 35 7
9 13 72 13
9 14 59 11
9 15 30 8
9 16 32 8
9 17 69 14
9 18 59 13
9 19 57 12
10 11 75 31
10 12 78 32
10 13 72 33
10 14 78 34
10 15 71 35
10 16 74 36
10 17 75 31
10 18 81 30
10 19 82 32
11 12 49 2
11 13 41 3
11 14 42 7
11 15 35 8
11 16 34 7
11 17 23 5
11 18 52 11
11 19 55 13
12 13 48 1
12 14 49 1
12 15 33 8
12 16 23 8
12 17 65 13
12 18 67 14
12 19 22 7
13 14 41 1
13 15 63 13
13 16 29 8
13 17 32 9
13 18 56 14
13 19 50 12
14 15 55 11
14 16 25 5
14 17 69 10
14 18 32 7
14 19 56 13
15 16 42 1
15 17 45 1
15 18 42 4
15 19 46 1
16 17 42 2
16 18 49 1
16 19 47 2
17 18 41 1
17 19 42 1
18 19 44 1