20 
58.213 
0 1 99.516 20.033
0 2 39.548 20.604
0 3 65.001 67.832
0 4 87.929 75.475
0 5 74.886 10.24
0 6 88.629 75.68
0 7 1.639 64.341
0 8 6.126 85.838
0 9 96.34 19.277
0 10 53.479 19.052
0 11 84.916 99.518
0 12 18.451 18.478
0 13 42.515 75.137
0 14 15.082 3.633
0 15 67.343 21.554
0 16 65.125 63.027
0 17 73.906 82.654
0 18 20.709 10.932
0 19 73.567 29.524
1 2 64.481 3.29
1 3 21.428 70.925
1 4 59.736 43.559
1 5 87.54 1.702
1 6 43.514 79.628
1 7 91.492 98.464
1 8 87.544 10.934
1 9 14.458 7.183
1 10 68.939 6.94
1 11 40.121 97.181
1 12 84.207 86.413
1 13 48.125 32.773
1 14 33.213 60.855
1 15 97.642 30.205
1 16 44.063 38.315
1 17 60.081 23.688
1 18 34.95 45.51
1 19 52.071 87.101
2 3 29.492 16.334
2 4 93.323 65.384
2 5 53.537 43.4
2 6 52.396 10.28
2 7 12.467 76.378
2 8 3.085 21.63
2 9 86.412 66.511
2 10 33.543 2.992
2 11 24.511 2.891
2 12 68.957 77.516
2 13 33.967 75.957
2 14 45.478 72.007
2 15 68.244 21.233
2 16 87.937 79.869
2 17 28.821 20.919
2 18 38.793 70.866
2 19 22.487 84.501
3 4 7.059 77.365
3 5 27.948 44.3
3 6 72.271 61.522
3 7 86.895 47.081
3 8 34.036 3.399
3 9 9.527 50.233
3 10 77.244 13.791
3 11 62.18 35.511
3 12 64.235 8.608
3 13 58.103 66.06
3 14 90.522 4.24
3 15 1.636 3.352
3 16 43.224 99.046
3 17 48.652 4.208
3 18 75.692 35.678
3 19 11.527 22.368
4 5 82.401 24.478
4 6 31.468 39.944
4 7 13.506 25.627
4 8 92.251 95.677
4 9 43.09 64.481
4 10 48.663 88.003
4 11 28.343 69.711
4 12 85.3 30.729
4 13 67.757 25.048
4 14 89.152 25.659
4 15 82.148 52.561
4 16 29.797 38.174
4 17 74.644 22.7
4 18 52.507 54.377
4 19 6.952 91.131
5 6 4.299 93.723
5 7 62.531 54.249
5 8 37.568 44.004
5 9 92.713 0.618
5 10 70.976 74.246
5 11 69.926 86.351
5 12 45.922 31.378
5 13 13.208 63.625
5 14 98.807 76.411
5 15 51.05 39.64
5 16 62.116 99.524
5 17 99.523 37.632
5 18 25.379 99.209
5 19 14.676 53.835
6 7 6.615 64.341
6 8 86.169 12.634
6 9 34.972 90.619
6 10 18.849 38.255
6 11 62.343 64.811
6 12 40.352 11.283
6 13 94.818 98.487
6 14 64.231 52.642
6 15 71.873 24.323
6 16 8.827 14.531
6 17 64.798 60.437
6 18 80.804 74.538
6 19 18.657 11.329
7 8 48.083 53.46
7 9 86.305 22.069
7 10 55.6 94.763
7 11 1.615 23.087
7 12 31.8 93.054
7 13 39.832 49.591
7 14 48.342 11.746
7 15 93.784 32.12
7 16 3.481 88.251
7 17 60.608 10.681
7 18 93.955 54.141
7 19 8.646 62.577
8 9 50.982 84.046
8 10 41.881 6.971
8 11 20.653 62.678
8 12 52.009 48.435
8 13 51.81 44.601
8 14 97.863 90.552
8 15 87.367 88.301
8 16 24.496 69.98
8 17 14.404 87.297
8 18 99.559 71.313
8 19 43.461 77.076
9 10 28.666 22.695
9 11 3.201 34.813
9 12 81.794 25.792
9 13 69.669 52.563
9 14 36.897 55.217
9 15 26.114 23.638
9 16 11.38 39.428
9 17 89.854 48.314
9 18 14.484 13.673
9 19 43.341 14.823
10 11 40.671 36.284
10 12 11.473 33.343
10 13 89.273 47.715
10 14 93.369 92.331
10 15 30.495 15.867
10 16 13.289 85.567
10 17 82.703 55.039
10 18 99.104 97.723
10 19 74.825 91.004
11 12 86.152 13.355
11 13 86.052 36.861
11 14 58.578 84.322
11 15 73.984 54.561
11 16 39.432 53.289
11 17 85.008 17.894
11 18 99.224 1.862
11 19 82.661 23.612
12 13 24.978 57.29
12 14 89.066 95.99
12 15 62.687 61.227
12 16 57.967 39.211
12 17 96.28 8.405
12 18 1.804 1.961
12 19 74.085 15.224
13 14 29.627 29.278
13 15 3.994 95.042
13 16 49.965 96.946
13 17 59.091 79.536
13 18 94.312 65.566
13 19 47.5 56.034
14 15 6.971 21.713
14 16 19.792 0.349
14 17 64.726 40.552
14 18 4.998 30.345
14 19 52.251 22.855
15 16 64.488 17.165
15 17 32.675 21.113
15 18 55.36 86.244
15 19 73.527 60.829
16 17 77.28 98.584
16 18 22.362 62.386
16 19 17.455 2.374
17 18 8.235 84.479
17 19 22.702 27.365
18 19 60.061 15.693