20 
99
0 1 31.571 85.752
0 2 58.105 12.574
0 3 96.596 30.181
0 4 5.145 52.232
0 5 40.542 40.557
0 6 10.618 70.510
0 7 96.400 78.743
0 8 28.295 38.920
0 9 16.895 30.685
0 10 6.221 96.603
0 11 82.270 4.651
0 12 58.544 74.911
0 13 58.516 40.741
0 14 81.067 5.125
0 15 49.769 92.217
0 16 57.451 99.653
0 17 78.972 81.096
0 18 1.140 13.793
0 19 94.684 94.994
1 2 22.680 89.054
1 3 32.978 78.112
1 4 63.738 84.058
1 5 79.960 32.294
1 6 20.450 98.626
1 7 54.929 66.551
1 8 62.041 27.205
1 9 83.742 66.837
1 10 75.015 81.131
1 11 28.949 2.107
1 12 83.933 15.789
1 13 14.410 82.109
1 14 95.949 78.958
1 15 89.643 48.815
1 16 55.240 53.783
1 17 30.171 9.075
1 18 15.665 88.656
1 19 88.062 53.799
2 3 22.384 51.362
2 4 92.657 22.181
2 5 47.229 14.159
2 6 52.969 27.027
2 7 97.679 65.825
2 8 50.675 43.057
2 9 7.569 38.117
2 10 85.750 9.485
2 11 3.680 48.807
2 12 85.063 72.984
2 13 58.452 89.361
2 14 85.512 11.566
2 15 81.140 87.296
2 16 5.462 72.552
2 17 80.765 56.933
2 18 28.949 54.918
2 19 18.017 87.578
3 4 19.334 2.605
3 5 2.284 4.643
3 6 11.749 64.604
3 7 85.716 43.564
3 8 2.476 9.440
3 9 26.348 59.340
3 10 8.548 76.487
3 11 48.474 75.985
3 12 78.689 73.765
3 13 63.478 62.838
3 14 65.665 37.903
3 15 92.450 75.851
3 16 44.421 62.438
3 17 88.483 42.364
3 18 87.470 93.822
3 19 78.017 53.642
4 5 9.305 17.282
4 6 56.354 73.314
4 7 16.837 34.220
4 8 63.456 6.335
4 9 56.747 31.634
4 10 89.561 74.631
4 11 4.039 68.583
4 12 75.845 30.713
4 13 2.926 15.156
4 14 28.198 32.281
4 15 84.589 82.608
4 16 87.578 46.016
4 17 6.516 25.410
4 18 36.695 9.680
4 19 34.623 46.441
5 6 83.983 87.557
5 7 34.770 87.494
5 8 76.117 93.043
5 9 22.644 2.711
5 10 65.597 68.111
5 11 92.529 3.930
5 12 54.602 28.907
5 13 95.058 7.032
5 14 84.111 23.761
5 15 83.648 39.464
5 16 96.498 4.479
5 17 19.534 4.865
5 18 32.602 2.486
5 19 36.052 87.207
6 7 10.386 88.443
6 8 41.268 38.646
6 9 13.617 47.222
6 10 60.733 43.752
6 11 87.302 21.329
6 12 23.481 75.693
6 13 40.812 20.187
6 14 84.121 37.252
6 15 99.189 67.418
6 16 56.462 86.479
6 17 6.916 25.541
6 18 9.209 47.670
6 19 71.834 9.017
7 8 53.210 20.071
7 9 70.281 71.119
7 10 64.292 56.192
7 11 19.981 88.372
7 12 91.239 19.495
7 13 38.638 19.890
7 14 76.888 82.392
7 15 69.671 22.781
7 16 6.317 50.963
7 17 41.846 9.527
7 18 32.368 12.844
7 19 78.860 83.521
8 9 19.108 66.995
8 10 32.488 22.999
8 11 13.237 91.623
8 12 61.674 14.999
8 13 68.219 33.094
8 14 98.235 21.857
8 15 16.129 32.821
8 16 10.583 6.545
8 17 82.507 98.166
8 18 13.038 40.457
8 19 93.364 83.676
9 10 83.457 38.693
9 11 5.713 82.121
9 12 48.039 53.460
9 13 64.371 57.913
9 14 98.614 24.127
9 15 40.830 90.618
9 16 28.210 37.068
9 17 11.339 31.260
9 18 87.346 24.352
9 19 88.253 19.315
10 11 98.912 46.614
10 12 9.292 20.297
10 13 40.397 38.572
10 14 85.963 32.641
10 15 59.113 15.773
10 16 89.834 72.160
10 17 98.390 2.463
10 18 44.118 45.389
10 19 82.004 99.994
11 12 3.143 79.900
11 13 91.240 85.785
11 14 78.557 60.443
11 15 67.850 73.988
11 16 3.333 85.325
11 17 65.481 70.357
11 18 90.286 96.908
11 19 71.843 56.558
12 13 49.137 21.105
12 14 56.919 48.634
12 15 14.892 57.627
12 16 73.985 43.251
12 17 18.426 33.626
12 18 25.875 15.027
12 19 1.629 50.491
13 14 15.120 72.265
13 15 90.173 49.032
13 16 31.897 36.249
13 17 23.567 56.975
13 18 76.441 50.533
13 19 51.558 13.702
14 15 52.647 82.214
14 16 9.049 1.419
14 17 3.507 97.154
14 18 1.111 27.286
14 19 38.321 63.555
15 16 74.790 15.570
15 17 38.632 88.467
15 18 69.365 17.325
15 19 33.698 30.072
16 17 6.908 52.581
16 18 39.688 70.202
16 19 50.729 23.471
17 18 12.805 3.839
17 19 87.247 21.750
18 19 67.404 71.903
