10
44.807
0 1 33.754 6.691
0 2 56.182 0.38
0 3 51.161 0.369
0 4 55.702 6.677
0 5 45.923 8.801
0 6 58.713 0.407
0 7 43.351 0.356
0 8 53.847 0.378
0 9 34.768 7.498
1 2 51.325 7.155
1 3 17.537 9.495
1 4 50.982 5.6
1 5 36.747 5.16
1 6 18.194 7.322
1 7 73.064 6.906
1 8 64.962 7.387
1 9 59.944 7.192
2 3 53.534 0.392
2 4 29.437 7.763
2 5 35.998 8.553
2 6 40.815 0.342
2 7 38.728 0.383
2 8 48.635 0.363
2 9 40.577 5.866
3 4 61.816 7.934
3 5 49.27 5.617
3 6 60.344 0.361
3 7 61.511 0.39
3 8 58.073 0.386
3 9 48.583 8.785
4 5 45.554 6.281
4 6 51.541 6.595
4 7 43.609 6.299
4 8 45.34 5.689
4 9 34.289 10.109
5 6 33.932 7.345
5 7 11.407 8.76
5 8 4.576 7.124
5 9 51.162 6.455
6 7 78.577 0.372
6 8 50.839 0.373
6 9 21.466 6.084
7 8 43.437 0.348
7 9 31.483 7.331
8 9 35.432 5.986