10
80
0 1 8 6.591
0 2 9 8.182
0 3 8 9.244
0 4 6 3.899
0 5 4 9.085
0 6 3 3.371
0 7 9 4.435
0 8 8 7.641
0 9 7 7.514
1 2 7 8.321
1 3 7 6.915
1 4 8 8.81
1 5 3 8.972
1 6 9 9.405
1 7 9 8.522
1 8 7 7.448
1 9 9 8.435
2 3 5 8.883
2 4 11 15.78
2 5 2 7.236
2 6 3 6.769
2 7 9 8.748
2 8 1 3.09
2 9 9 9.91
3 4 8 7.629
3 5 6 9.103
3 6 3 8.844
3 7 7 7.833
3 8 9 9.44
3 9 2 7.756
4 5 4 6.77
4 6 10 4.633
4 7 8 5.197
4 8 6 5.639
4 9 5 7.008
5 6 3 6.761
5 7 4 8.976
5 8 9 8.102
5 9 3 8.066
6 7 8 5.093
6 8 4 6.058
6 9 4 7.003
7 8 2 9.49
7 9 6 7.362
8 9 8 7.29