10
55.1
0 1 14.3 0.078
2 4 27 5
5 8 33 4.728
6 9 33 2.3
0 2 2.71 6
0 3 0.21 4.477
0 4 6.27 6.209
0 5 0.7 6.59
0 6 2.6 5.228
0 7 13.8 5.9
0 8 1.61 5.7
0 9 5.066 4.23
1 2 12.71 5.6
1 3 0.6 0
1 4 4 5.2
1 5 9.522 6.68
1 6 0.94 5.369
1 7 13.55 3.713
1 8 13.9 5.8
1 9 4.97 3
2 3 5.908 5.44
2 5 21.413 6
2 6 9 6.786
2 7 11.3 5.89
2 8 24.1 5.8
2 9 15 6.444
3 4 12.3 5.2
3 5 19.998 6
3 6 6.2 2
3 7 8.81 5.738
3 8 29.8 5.367
3 9 21.996 4
4 5 0 5.2
4 6 17.63 6.553
4 7 19.188 5.5
4 8 21.5 6.173
4 9 18.2 6.1
5 6 17.044 5.6
5 7 30.4 6
5 9 18.31 6.4
6 7 0.0 5.8
6 8 17.6 4.7
7 8 18.327 6.49
7 9 21.4 3.7
8 9 14.555 6.8
