10
99.999
0 1 99.999 0.001
0 2 99.999 0.001
0 3 94.999 5.555
0 4 0.0 16.665
0 5 99.999 27.778
0 6 94.999 5.555
0 7 99.999 27.778
0 8 0.0 16.665
0 9 94.999 5.555
1 2 0.0 16.665
1 3 0.0 16.665
1 4 65.0 5.555
1 5 0.0 16.665
1 6 0.0 16.665
1 7 65.0 5.555
1 8 0.0 16.665
1 9 0.0 16.665
2 3 0.0 16.665
2 4 13.5 0.001
2 5 65.0 5.555
2 6 0.0 16.665
2 7 0.0 16.665
2 8 65.0 5.555
2 9 0.0 16.665
3 4 0.0 16.665
3 5 74.999 0.001
3 6 94.999 5.555
3 7 74.999 27.778
3 8 0.0 16.665
3 9 94.999 5.555
4 5 0.0 16.665
4 6 0.0 16.665
4 7 65.0 5.555
4 8 0.0 16.665
4 9 0.0 16.665
5 6 0.0 16.665
5 7 0.0 16.665
5 8 65.0 5.555
5 9 0.0 16.665
6 7 66.0 0.001
6 8 0.0 16.665
6 9 94.999 5.555
7 8 0.0 16.665
7 9 0.0 16.665
8 9 0.0 16.665
