10
25.415
0 1 4.847 0.534
0 2 1.345 1.0
0 3 2.825 1.244
0 4 3.86 0.416
0 5 4.703 0.841
0 6 4.018 0.104
0 7 4.55 1.432
0 8 0.068 1.0
0 9 1.267 1.445
1 2 2.87 1.106
1 3 2.827 1.489
1 4 4.897 1.137
1 5 4.249 0.785
1 6 4.388 0.54
1 7 4.248 1.418
1 8 0.612 1.116
1 9 1.172 1.41
2 3 4.695 0.58
2 4 2.662 1.395
2 5 2.515 1.064
2 6 0.702 1.447
2 7 2.561 1.369
2 8 3.7 1.38
2 9 4.548 0.525
3 4 2.149 1.261
3 5 1.483 1.425
3 6 1.092 1.236
3 7 0.917 1.356
3 8 4.76 1.323
3 9 4.57 1.493
4 5 4.066 1.471
4 6 4.682 1.361
4 7 4.248 0.197
4 8 2.285 1.065
4 9 1.594 1.31
5 6 4.746 1.063
5 7 4.719 0.281
5 8 0.524 1.288
5 9 0.74 1.38
6 7 3.97 1.127
6 8 2.625 1.35
6 9 0.002 1.399
7 8 1.936 1.324
7 9 2.233 1.4
8 9 4.701 0.338