10
90
0 1 6.367 9.021
0 2 5.593 7.101
0 3 8.924 3.101
0 4 7.486 2.912
0 5 7.124 5.444
0 6 9.356 9.999
0 7 7.388 7.919
0 8 9.845 1.656
0 9 8.101 4.512
1 2 4.840 4.120
1 3 7.011 8.539
1 4 9.910 8.910
1 5 7.678 9.102
1 6 6.983 9.234
1 7 5.854 5.239
1 8 9.001 8.123
1 9 4.384 6.345
2 3 7.231 8.123
2 4 7.124 4.001
2 5 8.323 8.977
2 6 8.422 5.102
2 7 5.123 1.001
2 8 7.321 8.921
2 9 7.541 7.717
3 4 6.683 5.888
3 5 1.323 4.010
3 6 8.832 8.965
3 7 7.477 8.932
3 8 7.919 3.404
3 9 8.771 3.750
4 5 6.911 2.011
4 6 3.303 5.073
4 7 4.642 6.765
4 8 2.142 3.229
4 9 7.145 5.921
5 6 8.198 9.090
5 7 8.824 9.991
5 8 7.761 4.303
5 9 8.012 1.101
6 7 9.146 8.110
6 8 7.254 8.901
6 9 8.131 9.543
7 8 6.245 3.011
7 9 5.124 5.169
8 9 8.385 2.999