10
75
0 1 10.0 2.5
0 2 10.0 2.0
0 3 10.0 2.0
0 4 10.0 2.5
0 5 50.0 18.0
0 6 2.0 5.0
0 7 2.0 5.0
0 8 2.0 5.0
0 9 2.0 5.0
1 2 10.0 2.5
1 3 10.0 2.5
1 4 10.0 2.5
1 5 5.0 5.0
1 6 2.0 5.0
1 7 2.0 5.0
1 8 2.0 5.0
1 9 2.0 5.0
2 3 10.0 2.5
2 4 10.0 2.5
2 5 5.0 5.0
2 6 2.0 5.0
2 7 2.0 5.0
2 8 2.0 5.0
2 9 2.0 5.0
3 4 10.0 2.5
3 5 5.0 5.0
3 6 2.0 5.0
3 7 2.0 5.0
3 8 2.0 5.0
3 9 2.0 5.0
4 5 5.0 5.0
4 6 2.0 5.0
4 7 2.0 5.0
4 8 2.0 5.0
4 9 2.0 5.0
5 6 20.0 5.0
5 7 25.0 5.0
5 8 10.0 20.0
5 9 20.0 18.0
6 7 30.0 13.0
6 8 40.0 15.0
6 9 2.0 5.0
7 8 2.0 5.0
7 9 25.0 5.0
8 9 30.0 15.0