10
15
0 1 0.794 13.587
0 2 18.263 0.499
0 3 14.527 0.976
0 4 13.827 0.021
0 5 0.587 11.112
0 6 0.014 14.484
0 7 11.266 0.344
0 8 0.344 17.049
0 9 14.737 0.962
1 2 0.243 11.492
1 3 0.22 12.727
1 4 0.095 16.886
1 5 18.777 0.208
1 6 10.606 0.536
1 7 0.423 19.403
1 8 17.488 0.679
1 9 0.291 17.724
2 3 14.461 0.85
2 4 17.111 0.027
2 5 0.803 12.525
2 6 0.989 18.921
2 7 13.855 0.78
2 8 0.013 16.734
2 9 14.243 0.857
3 4 11.464 0.54
3 5 0.894 12.037
3 6 0.833 19.031
3 7 10.283 0.331
3 8 0.873 11.255
3 9 16.725 0.81
4 5 0.133 11.046
4 6 0.845 17.686
4 7 13.908 0.09
4 8 0.393 15.111
4 9 12.892 0.001
5 6 12.689 0.268
5 7 0.958 16.01
5 8 16.442 0.805
5 9 0.05 18.55
6 7 0.995 17.152
6 8 17.361 0.208
6 9 0.123 19.869
7 8 0.779 17.136
7 9 11.81 0.069
8 9 0.553 12.936