10
50
0 1 19.9 2.10
0 2 23.9 10.2
0 3 29.2 4.82
0 4 13.4 4.24
0 5 4.31 7.96
0 6 10.1 8.69
0 7 16.6 4.44
0 8 27.8 8.09
0 9 9.18 7.77
1 2 11.5 9.69
1 3 22.0 2.84
1 4 23.0 3.95
1 5 27.8 8.83
1 6 20.1 11.7
1 7 26.8 8.96
1 8 21.3 9.73
1 9 18.6 2.55
2 3 19.3 9.49
2 4 13.4 6.52
2 5 27.4 6.07
2 6 6.90 7.00
2 7 30.4 4.24
2 8 30.5 4.64
2 9 27.5 6.95
3 4 14.5 4.81
3 5 19.4 12.7
3 6 5.69 5.20
3 7 25.0 3.61
3 8 5.53 9.41
3 9 4.37 12.2
4 5 27.4 10.8
4 6 9.70 12.2
4 7 18.2 7.40
4 8 9.28 12.4
4 9 16.4 12.8
5 6 26.8 7.27
5 7 6.72 6.65
5 8 17.4 3.68
5 9 25.3 8.74
6 7 6.28 5.83
6 8 24.7 11.4
6 9 6.45 8.41
7 8 15.5 4.95
7 9 24.3 11.9
8 9 5.04 4.26
