10
7
0 1 1.685 0.675
0 2 1.396 0.703
0 3 1.28 0.561
0 4 1.666 0.31
0 5 1.178 0.794
0 6 1.639 0.486
0 7 0.555 0.491
0 8 0.905 0.679
0 9 1.711 0.584
1 2 1.115 0.669
1 3 1.268 0.393
1 4 0.706 0.446
1 5 0.929 0.793
1 6 1.348 0.317
1 7 1.334 0.249
1 8 1.323 0.557
1 9 1.111 0.493
2 3 1.313 0.725
2 4 0.899 0.507
2 5 1.11 0.57
2 6 0.859 0.722
2 7 0.655 0.693
2 8 1.424 0.569
2 9 1.585 0.427
3 4 1.783 0.756
3 5 1.374 0.66
3 6 1.959 0.283
3 7 1.341 0.502
3 8 1.605 0.71
3 9 0.99 0.766
4 5 0.961 0.475
4 6 1.58 0.712
4 7 1.63 0.522
4 8 0.511 0.758
4 9 1.972 0.599
5 6 1.778 0.454
5 7 0.501 0.47
5 8 1.603 0.408
5 9 1.289 0.46
6 7 1.56 0.291
6 8 0.956 0.746
6 9 1.716 0.756
7 8 1.373 0.723
7 9 0.531 0.536
8 9 0.883 0.615
