10
81.714
0 1 4.455 16.571
0 2 50.296 3.451
0 3 52.014 13.673
0 4 40.015 7.215
0 5 92.395 16.859
0 6 48.282 12.708
0 7 56.527 6.147
0 8 11.075 9.87
0 9 87.97 16.296
1 2 60.986 12.122
1 3 75.786 17.465
1 4 18.704 0.955
1 5 19.067 15.837
1 6 25.135 2.499
1 7 25.491 5.082
1 8 68.745 13.004
1 9 94.761 17.93
2 3 10.153 19.441
2 4 98.092 2.653
2 5 11.933 1.722
2 6 99.239 19.92
2 7 84.553 3.823
2 8 84.982 16.127
2 9 87.726 11.78
3 4 55.693 0.764
3 5 23.377 10.542
3 6 77.16 9.907
3 7 92.258 5.836
3 8 35.873 9.608
3 9 6.26 11.513
4 5 47.776 18.162
4 6 27.521 13.792
4 7 78.221 17.737
4 8 15.877 5.435
4 9 7.634 12.216
5 6 41.123 6.119
5 7 74.811 13.889
5 8 96.414 9.574
5 9 12.218 18.873
6 7 67.268 18.887
6 8 14.967 6.076
6 9 58.542 4.428
7 8 81.526 7.532
7 9 64.237 4.561
8 9 11.295 2.021
