10
75.343
0 1 1.513 7.086
0 2 1.667 6.196
0 3 2.156 12.062
0 4 1.513 3.44
0 5 5.672 11.626
0 6 5.905 8.35
0 7 2.554 8.04
0 8 1.611 12.175
0 9 7.747 2.705
1 2 3.469 10.334
1 3 17.968 8.552
1 4 0.476 12.532
1 5 4.795 6.07
1 6 6.025 7.491
1 7 12.889 5.285
1 8 1.299 7.641
1 9 2.966 11.136
2 3 3.4 8.303
2 4 11.748 5.35
2 5 7.13 8.487
2 6 3.975 8.467
2 7 2.863 9.884
2 8 0.506 6.963
2 9 2.353 3.43
3 4 0.427 10.697
3 5 3.812 10.306
3 6 3.965 7.907
3 7 27.768 11.192
3 8 2.801 6.647
3 9 1.258 8.244
4 5 7.046 12.944
4 6 0.891 10.583
4 7 3.431 6.38
4 8 4.157 6.438
4 9 27.046 3.944
5 6 12.224 3.738
5 7 0.096 8.124
5 8 9.047 4.902
5 9 0.348 10.888
6 7 6.923 8.501
6 8 28.959 16.46
6 9 3.92 6.272
7 8 6.436 9.562
7 9 6.338 12.168
8 9 5.137 8.318
