10
80
0 1 0.9 6.666
0 2 0.3 2.0
0 3 0.1 0.444
0 4 0.1 0.444
0 5 0.1 0.444
0 6 0.1 0.444
0 7 0.1 0.444
0 8 0.9 6.666
0 9 0.3 2.0
1 2 0.3 2.0
1 3 0.1 0.444
1 4 0.1 0.444
1 5 0.8 2.0
1 6 0.1 0.444
1 7 0.1 0.444
1 8 0.9 6.666
1 9 0.3 2.0
2 3 0.1 0.444
2 4 0.1 0.444
2 5 0.1 0.444
2 6 0.1 0.444
2 7 0.1 0.444
2 8 1.2 6.666
2 9 0.9 20.0
3 4 0.3 2.0
3 5 0.9 6.666
3 6 0.3 2.0
3 7 0.9 6.666
3 8 0.1 0.444
3 9 0.1 0.444
4 5 0.3 2.0
4 6 0.9 20.0
4 7 0.3 2.0
4 8 0.1 0.444
4 9 0.1 0.444
5 6 0.3 2.0
5 7 0.9 6.666
5 8 0.1 0.444
5 9 0.1 0.444
6 7 1.2 6.666
6 8 0.1 0.444
6 9 0.1 0.444
7 8 0.1 0.444
7 9 0.1 0.444
8 9 0.3 2.0