10
91.428
0 1 32.964 18.249
0 2 36.184 16.208
0 3 59.57 13.788
0 4 36.113 15.694
0 5 16.869 18.228
0 6 89.607 18.285
0 7 12.167 14.857
0 8 61.555 14.126
0 9 2.528 15.134
1 2 36.47 17.921
1 3 35.669 15.23
1 4 20.389 14.078
1 5 94.803 18.285
1 6 37.17 15.201
1 7 52.55 12.726
1 8 39.657 16.086
1 9 64.177 13.187
2 3 44.537 17.283
2 4 83.884 16.618
2 5 28.964 17.26
2 6 22.672 14.017
2 7 82.074 16.031
2 8 23.78 12.799
2 9 93.318 18.285
3 4 9.918 17.955
3 5 71.206 14.911
3 6 13.222 17.576
3 7 94.467 18.285
3 8 70.986 16.881
3 9 57.098 13.883
4 5 18.765 14.503
4 6 26.218 13.808
4 7 5.953 15.417
4 8 94.992 18.285
4 9 58.422 12.714
5 6 33.989 13.853
5 7 58.633 14.26
5 8 47.963 13.363
5 9 63.361 17.495
6 7 57.921 18.082
6 8 74.078 12.869
6 9 27.505 15.02
7 8 62.505 14.066
7 9 4.349 17.599
8 9 15.004 12.788
