10
60
0 1 2.741 3.287
0 2 8.28 14.193
0 3 9.492 15.451
0 4 2.766 3.332
0 5 2.792 3.307
0 6 2.718 8.711
0 7 6.896 12.867
0 8 1.961 7.957
0 9 9.75 15.71
1 2 5.519 11.469
1 3 6.624 12.591
1 4 2.731 3.277
1 5 2.74 3.287
1 6 10.196 16.125
1 7 3.907 9.816
1 8 1.844 7.805
1 9 1.443 7.416
2 3 0.732 6.649
2 4 4.461 10.399
2 5 5.457 11.407
2 6 2.054 7.973
2 7 4.538 10.48
2 8 0.668 6.651
2 9 2.353 8.32
3 4 6.91 12.893
3 5 5.251 11.22
3 6 8.189 14.094
3 7 6.714 12.643
3 8 0.718 6.65
3 9 3.363 9.33
4 5 2.797 3.298
4 6 6.805 12.731
4 7 6.54 12.486
4 8 4.172 10.098
4 9 5.09 11.04
5 6 10.692 16.646
5 7 3.496 9.469
5 8 9.434 15.417
5 9 4.741 10.676
6 7 0.673 6.61
6 8 3.354 9.343
6 9 0.663 6.567
7 8 8.245 14.239
7 9 0.672 6.659
8 9 5.106 11.088