10
10
0 1 1.326 13.247
0 2 1.873 18.602
0 3 71.021 15.142
0 4 57.892 15.6
0 5 45.287 14.139
0 6 98.204 0.621
0 7 44.946 12.424
0 8 18.008 13.614
0 9 53.211 15.634
1 2 94.867 1.333
1 3 93.514 10.074
1 4 14.353 14.621
1 5 82.685 8.784
1 6 84.024 16.157
1 7 72.929 6.273
1 8 56.872 6.462
1 9 59.557 7.107
2 3 25.656 11.851
2 4 78.631 8.382
2 5 37.591 5.202
2 6 52.155 7.878
2 7 2.69 14.846
2 8 46.625 4.345
2 9 57.601 5.484
3 4 9.067 13.499
3 5 63.529 1.988
3 6 65.187 2.775
3 7 42.6 15.67
3 8 44.095 1.113
3 9 39.724 3.262
4 5 71.588 18.609
4 6 34.307 3.788
4 7 20.263 18.552
4 8 37.923 8.388
4 9 60.281 0.046
5 6 21.452 12.457
5 7 23.423 8.295
5 8 17.149 18.074
5 9 43.366 13.761
6 7 58.463 8.173
6 8 21.36 18.038
6 9 78.401 9.321
7 8 21.651 1.852
7 9 50.465 3.945
8 9 62.767 14.255