10
90
0 1 11 4.509
0 2 11 4.015
0 3 10 5.103
0 4 12 4.984
0 5 9.5 3.321
0 6 13 3.682
0 7 7 1.272
0 8 10 4.116
0 9 9 5.103
1 2 6 7.783
1 3 10 4.373
1 4 12 6.793
1 5 11 6.683
1 6 13 5.311
1 7 12 5.111
1 8 13 1.023
1 9 14 1.123
2 3 12 4.573
2 4 9 2.234
2 5 13 6.633
2 6 3 5.920
2 7 14 5.011
2 8 12 7.123
2 9 15 1.976
3 4 10 3.313
3 5 9 3.131
3 6 7 1.422
3 7 6 1.122
3 8 7 4.898
3 9 8 4.998
4 5 4 8.235
4 6 10 5.132
4 7 12 8.335
4 8 16 3.293
4 9 14 3.266
5 6 12 8.035
5 7 11 8.135
5 8 14 3
5 9 13 3.066
6 7 8 6.999
6 8 12 4.494
6 9 17 2.059
7 8 16 2.059
7 9 16 2.159
8 9 8 5.755
