10
99.9
0 4 31.426 33.3
0 1 9.347 5.327
0 2 42.531 2.1
0 3 27.275 0.569
0 5 10.1 5.529
0 6 18.178 1.178
0 7 33.046 4.746
0 8 10.414 5.091
0 9 20.805 16.452
4 1 51.405 15.12
4 2 7.124 3.606
4 3 12.767 4.33
4 5 10.964 0.518
4 6 23.07 4.155
4 7 22.977 12.144
4 8 20.601 0.526
4 9 38.523 22.13
5 1 71.63 18.84
5 8 46.413 13.371
5 2 8.313 4.426
5 3 34.415 15.266
5 6 12.545 4.148
5 7 19.916 37.476
5 9 23.734 3.488
1 8 59.74 1.088
1 2 12.724 1.084
1 3 18.765 1.832
1 6 28.302 10.722
1 7 29.764 24.173
1 9 18.79 2.316
8 2 11.89 4.454
8 3 34.173 5.481
8 6 17.678 3.249
8 7 59.035 18.617
8 9 44.763 1.384
2 7 26.455 3.436
2 3 52.726 0.509
2 9 64.021 1.746
2 6 59.023 11.78
7 3 31.786 4.597
7 9 45.042 4.287
7 6 32.183 1.656
3 9 35.152 2.638
3 6 37.36 0.791
9 6 37.48 1.855