10
70.124
0 1 50.103 6.104
0 2 51.633 8.667
0 3 58.726 18.818
0 4 61.142 17.699
0 5 42.323 17.526
0 6 58.826 19.514
0 7 53.776 7.502
0 8 64.967 20.035
0 9 64.866 19.663
1 2 49.596 2.337
1 3 64.665 17.923
1 4 59.934 18.992
1 5 56.108 19.961
1 6 60.437 19.812
1 7 49.798 5.842
1 8 59.934 17.774
1 9 65.067 19.016
2 3 54.184 2.842
2 4 55.605 18.867
2 5 62.752 18.644
2 6 57.92 18.942
2 7 47.98 9.347
2 8 68.289 19.986
2 9 62.953 18.967
3 4 66.577 19.265
3 5 44.151 18.837
3 6 60.739 19.911
3 7 74.985 17.638
3 8 93.663 19.972
3 9 57.216 18.395
4 5 60.236 19.19
4 6 36.465 0.73
4 7 57.216 19.936
4 8 46.162 1.607
4 9 37.071 2.483
5 6 58.222 18.544
5 7 67.573 18.837
5 8 68.166 19.405
5 9 65.067 19.563
6 7 64.161 19.911
6 8 38.081 3.359
6 9 39.293 4.235
7 8 98.407 18.963
7 9 69.597 19.861
8 9 31.616 5.112
