10
60
0 1 7 4.008
0 2 8 8.910
0 3 6 6.030
0 4 5 5.117
0 5 9 3.353
0 6 5 7.155
0 7 5 8.547
0 8 9 3.676
0 9 3 4.736
1 2 6 3.225
1 3 8 3.729
1 4 6 3.439
1 5 10 3.352
1 6 7 6.971
1 7 5 3.818
1 8 4 3.373
1 9 11 4.815
2 3 12 3.157
2 4 12 6.654
2 5 7 4.741
2 6 8 8.283
2 7 5 3.328
2 8 10 8.431
2 9 9 4.696
3 4 12 8.800
3 5 7 9.662
3 6 6 4.012
3 7 7 3.826
3 8 7 8.342
3 9 6 9.380
4 5 3 6.219
4 6 6 6.773
4 7 5 8.258
4 8 11 9.972
4 9 10 3.398
5 6 10 5.395
5 7 5 7.674
5 8 6 4.940
5 9 6 6.254
6 7 4 5.200
6 8 8 7.025
6 9 4 8.105
7 8 4 5.108
7 9 7 5.009
8 9 12 4.790