10
57.519
0 1 90.673 14.355
0 2 92.315 4.738
0 3 57.939 3.065
0 4 23.414 17.621
0 5 34.422 7.31
0 6 69.702 15.793
0 7 35.605 17.581
0 8 33.87 15.583
0 9 4.456 19.673
1 2 41.451 6.187
1 3 58.247 6.856
1 4 71.137 5.766
1 5 51.683 12.128
1 6 81.752 1.456
1 7 7.018 11.85
1 8 69.635 3.549
1 9 60.053 6.066
2 3 55.503 14.938
2 4 27.375 16.39
2 5 71.055 13.571
2 6 40.545 7.719
2 7 54.686 16.005
2 8 44.187 12.377
2 9 14.483 14.136
3 4 38.912 9.32
3 5 44.716 12.608
3 6 48.9 6.025
3 7 98.018 15.814
3 8 69.96 6.919
3 9 36.208 5.219
4 5 98.638 5.035
4 6 42.097 6.28
4 7 66.012 4.792
4 8 15.64 19.785
4 9 74.959 17.738
5 6 49.576 19.093
5 7 71.314 5.613
5 8 44.425 18.067
5 9 6.92 0.925
6 7 74.005 3.137
6 8 93.283 9.211
6 9 57.896 11.377
7 8 28.058 9.815
7 9 56.137 1.842
8 9 18.418 7.563