10
90.024
0 1 28.910 3.148
0 2 43.713 4.290
0 3 52.681 0.980
0 4 74.684 0.945
0 5 3.195 2.201
0 6 63.293 1.520
0 7 96.329 1.079
0 8 3.027 4.362
0 9 17.803 3.357
1 2 64.448 2.306
1 3 19.071 4.874
1 4 24.122 4.488
1 5 21.581 1.985
1 6 46.513 4.983
1 7 31.721 4.593
1 8 76.519 1.340
1 9 6.887 6.798
2 3 21.513 4.904
2 4 90.363 3.084
2 5 24.798 4.350
2 6 39.441 4.991
2 7 4.957 3.935
2 8 88.886 2.319
2 9 31.058 3.514
3 4 74.952 1.269
3 5 2.299 4.664
3 6 91.362 1.102
3 7 61.767 1.857
3 8 35.310 3.867
3 9 95.791 3.860
4 5 33.263 3.974
4 6 78.003 0.930
4 7 82.937 2.097
4 8 23.857 3.287
4 9 32.904 3.596
5 6 12.063 3.481
5 7 94.454 3.845
5 8 43.001 3.699
5 9 80.605 1.417
6 7 69.266 1.402
6 8 1.560 1.527
6 9 10.381 1.620
7 8 44.372 3.164
7 9 6.471 3.246
8 9 2.266 0.263