10
51.096
0 1 26.539 7.111
0 2 79.394 1.757
0 3 36.307 21.085
0 4 55.875 19.003
0 5 17.324 20.712
0 6 71.711 24.256
0 7 25.965 23.745
0 8 82.413 21.545
0 9 75.995 1.115
1 2 74.089 1.911
1 3 42.429 19.117
1 4 41.152 5.541
1 5 66.832 8.453
1 6 94.688 23.74
1 7 79.088 9.6
1 8 70.144 20.038
1 9 65.038 0.472
2 3 40.267 13.139
2 4 66.555 14.869
2 5 33.164 19.22
2 6 54.859 15.064
2 7 23.304 9.274
2 8 16.464 5.685
2 9 50.578 19.736
3 4 62.351 17.959
3 5 20.783 20.62
3 6 42.202 4.962
3 7 68.069 11.946
3 8 20.436 21.735
3 9 22.561 25.21
4 5 32.285 6.953
4 6 57.922 4.953
4 7 66.863 10.943
4 8 77.866 13.685
4 9 2.843 3.622
5 6 47.246 10.504
5 7 9.097 8.598
5 8 93.116 13.107
5 9 68.391 22.461
6 7 31.325 5.459
6 8 72.222 11.9
6 9 55.067 10.169
7 8 67.179 15.831
7 9 10.017 9.503
8 9 50.782 17.087
