10
96.841
0 1 46.786 15.11
0 2 26.938 26.557
0 3 62.05 16.538
0 4 94.126 9.453
0 5 92.661 21.9
0 6 49.519 10.829
0 7 61.957 17.745
0 8 88.538 0.663
0 9 3.628 11.762
1 2 33.009 0.622
1 3 87.093 8.101
1 4 62.142 16.776
1 5 23.71 1.565
1 6 57.575 25.943
1 7 7.052 8.336
1 8 36.757 26.803
1 9 86.754 20.468
2 3 89.905 4.673
2 4 86.747 2.627
2 5 12.229 20.392
2 6 13.547 26.682
2 7 56.567 26.719
2 8 67.856 25.689
2 9 35.745 4.127
3 4 3.99 2.344
3 5 70.553 19.161
3 6 90.417 16.09
3 7 71.936 25.16
3 8 65.746 3.93
3 9 1.996 0.309
4 5 62.52 0.903
4 6 73.047 13.639
4 7 9.545 15.834
4 8 72.841 2.537
4 9 65.15 2.453
5 6 64.245 3.741
5 7 44.81 8.323
5 8 78.842 12.559
5 9 20.98 6.317
6 7 65.036 21.251
6 8 82.901 22.196
6 9 58.062 12.236
7 8 35.911 17.571
7 9 83.981 7.661
8 9 58.631 2.258