10
99
0 1 80.48 7.507
0 2 12.542 3.328
0 3 50.339 9.988
0 4 17.917 33.282
0 5 33.814 23.401
0 6 7.675 16.446
0 7 96.359 2.112
0 8 58.641 7.862
0 9 0.419 43.665
1 2 16.97 49.307
1 3 26.225 9.907
1 4 7.932 57.285
1 5 7.563 4.582
1 6 24.59 18.033
1 7 82.788 5.227
1 8 56.327 8.384
1 9 0.586 18.125
2 3 70.47 9.099
2 4 63.525 6.416
2 5 34.166 51.805
2 6 2.457 13.194
2 7 0.464 46.066
2 8 50.314 28.901
2 9 77.33 0.097
3 4 60.392 2.761
3 5 26.381 13.379
3 6 8.617 58.853
3 7 13.031 14.39
3 8 13.641 32.23
3 9 45.434 3.982
4 5 49.128 1.498
4 6 3.368 40.529
4 7 58.023 46.62
4 8 59.433 38.533
4 9 47.104 9.645
5 6 62.49 32.0
5 7 16.621 51.706
5 8 44.004 22.781
5 9 11.32 40.959
6 7 34.627 5.937
6 8 46.369 34.217
6 9 14.904 9.743
7 8 81.662 0.909
7 9 55.977 4.717
8 9 55.021 1.117
