10
83.866
0 1 1.346 1.923
0 2 2.741 4.78
0 3 2.183 4.184
0 4 1.879 3.0
0 5 3.244 4.861
0 6 3.264 3.057
0 7 2.265 1.251
0 8 1.141 2.252
0 9 4.472 3.517
1 2 3.487 3.855
1 3 1.138 4.502
1 4 1.817 4.159
1 5 1.009 4.559
1 6 3.665 2.486
1 7 4.601 2.591
1 8 2.452 4.778
1 9 2.918 2.928
2 3 1.68 2.472
2 4 2.499 3.284
2 5 4.475 4.683
2 6 4.088 1.341
2 7 1.861 3.649
2 8 3.766 3.753
2 9 1.743 3.875
3 4 4.598 4.795
3 5 1.035 4.4
3 6 3.236 2.339
3 7 4.465 4.083
3 8 3.518 4.388
3 9 4.23 2.497
4 5 2.302 4.767
4 6 1.407 1.114
4 7 3.446 3.847
4 8 3.806 4.541
4 9 3.693 4.235
5 6 3.106 3.944
5 7 1.24 4.234
5 8 1.437 2.764
5 9 1.766 3.024
6 7 1.976 1.67
6 8 1.616 3.875
6 9 3.935 1.317
7 8 1.034 3.872
7 9 2.598 3.667
8 9 3.365 3.072