10
82.652
0 1 87 5.12
0 2 1 6.45
0 3 1 7.67
0 4 45 92.89
0 5 89 96.55
0 6 21 86.43
0 7 56 91.23
0 8 84 94.56
0 9 91 98.23
1 2 89 1.4
1 3 19.4 92.29
1 4 3.12 91
1 5 3.12 83
1 6 3.12 87
1 7 3.12 89
1 8 3.12 93
1 9 3.12 97
2 3 14.2 95.22
2 4 3.12 91.1
2 5 3.12 98.1
2 6 3.12 83.134
2 7 3.12 93.45
2 8 3.12 92.56
2 9 3.12 84
3 4 98 99
3 5 99 95
3 6 91 92
3 7 96 91
3 8 94 19
3 9 10 99
4 5 92 13
4 6 91 92
4 7 90 89
4 8 31 87
4 9 97 84
5 6 43 85
5 7 29 83
5 8 13 80
5 9 10 92
6 7 10 91
6 8 42 98
6 9 19 79
7 8 78 87
7 9 31 99
8 9 98 13.5