10
95
0 1 12.4 5.735
0 2 11.031 5.797
0 3 12.077 5.824
0 4 12.055 5.798
0 5 12.661 5.045
0 6 13.382 5.555
0 7 12.287 5.775
0 8 11.001 4.907
0 9 14.005 4.779
1 2 13.007 6.442
1 3 14.411 6.408
1 4 13.648 6.491
1 5 13.197 6.483
1 6 13.439 6.401
1 7 15 5.720
1 8 13.567 6.325
1 9 13.884 6.444
2 3 14.384 4.9
2 4 12.019 4.814
2 5 11.003 6.033
2 6 11.019 5.978
2 7 11.093 5.949
2 8 11.666 5.019
2 9 11.062 5.932
3 4 13.981 5.686
3 5 11.442 5.89
3 6 11.46 5.791
3 7 11.226 5.875
3 8 14.334 5.481
3 9 11.343 5.8
4 5 11.435 5.802
4 6 11.367 5.809
4 7 11.233 5.868
4 8 11.616 5.6
4 9 11.201 5.916
5 6 12.798 5.12
5 7 11.368 5.864
5 8 11.305 5.881
5 9 13.870 5.289
6 7 11.201 5.916
6 8 11.357 5.942
6 9 13.284 5.213
7 8 11.414 5.939
7 9 11.309 5.944
8 9 11.476 5.788
