10
95.438
0 1 82.755 1.386
0 2 88.693 50.123
1 2 6.525 50.958
0 3 82.872 65.315
1 3 2.844 30.202
2 3 15.074 34.478
0 4 17.223 2.607
1 4 27.432 26.141
2 4 83.65 67.469
3 4 38.155 99.406
0 5 9.667 0.751
1 5 7.691 45.731
2 5 38.461 53.488
3 5 22.964 17.569
4 5 11.82 71.276
0 6 44.898 93.897
1 6 83.083 62.479
2 6 66.362 72.684
3 6 7.682 75.501
4 6 74.284 58.186
5 6 32.606 21.402
0 7 22.669 14.729
1 7 11.242 96.634
2 7 1.708 31.161
3 7 87.402 51.145
4 7 53.223 2.615
5 7 40.817 94.486
6 7 2.295 55.88
0 8 88.151 41.565
1 8 74.0 12.842
2 8 51.273 50.144
3 8 62.316 89.622
4 8 11.409 3.205
5 8 24.841 2.247
6 8 54.792 27.074
7 8 68.02 38.239
0 9 59.54 23.043
1 9 10.798 30.616
2 9 87.064 31.281
3 9 70.22 5.891
4 9 88.296 70.072
5 9 69.809 63.546
6 9 28.75 90.356
7 9 71.538 40.317
8 9 23.843 9.291
