10
49.753
0 1 36.101 38.793
0 2 5.732 94.241
0 3 89.306 36.02
0 4 62.407 2.392
0 5 3.752 99
0 6 42.335 11.742
0 7 48.075 24.639
0 8 2.632 99.222
0 9 4.93 99
1 2 79.124 12.149
1 3 97.912 66.409
1 4 53.348 47.368
1 5 80.842 29.927
1 6 66.821 38.673
1 7 55.954 60.51
1 8 52.83 59.221
1 9 3.779 99
2 3 38.399 33.758
2 4 37.299 31.089
2 5 30.737 47.421
2 6 15.466 10.729
2 7 89.84 65.907
2 8 80.426 33.503
2 9 89.026 43.05
3 4 4.381 99.206
3 5 21.065 63.023
3 6 76.354 30.56
3 7 81.668 65.467
3 8 3.155 99.552
3 9 99.4 52.036
4 5 0.199 99.123
4 6 3.975 99.723
4 7 93.424 40.137
4 8 67.478 33.589
4 9 89.454 60.068
5 6 34.229 28.261
5 7 2.578 99
5 8 97.647 17.94
5 9 42.865 69.082
6 7 97.86 76.605
6 8 46.024 90.957
6 9 0.543 99.877
7 8 37.422 57.946
7 9 99.908 64.991
8 9 40.976 67.425