10
71.945
0 1 8.418 10.073
0 2 9.313 2.338
0 3 6.138 1.195
0 4 8.278 4.794
0 5 8.232 7.941
0 6 1.033 7.612
0 7 1.496 2.179
0 8 3.022 4.683
0 9 6.781 1.558
1 2 1.15 4.504
1 3 1.383 5.158
1 4 5.264 7.485
1 5 5.295 1.23
1 6 3.828 8.338
1 7 8.052 7.145
1 8 4.257 2.8
1 9 9.227 2.322
2 3 3.655 4.738
2 4 2.293 4.774
2 5 6.216 7.785
2 6 8.524 5.299
2 7 9.45 3.205
2 8 4.886 8.011
2 9 2.56 4.533
3 4 7.463 3.968
3 5 6.792 5.837
3 6 9.836 3.154
3 7 9.396 2.054
3 8 4.099 6.832
3 9 9.936 2.872
4 5 0.659 6.532
4 6 0.148 0.041
4 7 1.852 3.492
4 8 6.258 5.712
4 9 3.533 1.326
5 6 5.75 10.581
5 7 8.276 7.003
5 8 8.927 3.112
5 9 3.576 4.948
6 7 9.319 8.985
6 8 8.555 6.118
6 9 5.935 9.205
7 8 3.06 6.382
7 9 4.723 7.921
8 9 3.756 3.337
