10
99.999
0 1 47 10.410
0 2 40 10.340
0 3 39 12.070
0 4 43 12.340
0 5 39 11.860
0 6 40 10.150
0 7 42 12.430
0 8 36 11.830
0 9 37 12.850
1 2 46 10.270
1 3 44 10.910
1 4 38 10.060
1 5 37 12.760
1 6 41 10.630
1 7 40 10.540
1 8 41 11.410
1 9 43 12.130
2 3 42 10.690
2 4 49 10.670
2 5 39 11.050
2 6 36 10.090
2 7 38 10.660
2 8 39 12.190
2 9 36 11.230
3 4 48 10.530
3 5 44 10.470
3 6 42 11.860
3 7 44 11.110
3 8 36 10.690
3 9 43 10.870
4 5 45 10.160
4 6 42 10.900
4 7 41 12.640
4 8 37 11.200
4 9 43 11.920
5 6 45 10.460
5 7 49 10.900
5 8 35 12.100
5 9 36 10.180
6 7 48 5.230
6 8 43 4.590
6 9 44 5.140
7 8 40 4.860
7 9 46 4.960
8 9 48 4.610
