10
96.979
0 1 26.113 4.865
0 2 20.449 4.602
0 3 26.038 7.422
0 4 18.858 2.985
0 5 20.387 4.314
0 6 22.078 7.533
0 7 26.108 6.593
0 8 18.943 3.443
0 9 23.415 3.728
1 2 19.449 4.878
1 3 19.026 2.670
1 4 24.757 4.465
1 5 25.247 6.353
1 6 20.997 3.072
1 7 19.922 7.189
1 8 22.601 10.287
1 9 25.160 10.517
2 3 24.023 3.480
2 4 26.506 10.248
2 5 23.557 3.525
2 6 24.326 6.693
2 7 19.148 6.149
2 8 25.885 9.635
2 9 22.824 7.343
3 4 23.838 4.928
3 5 22.834 9.612
3 6 20.160 5.173
3 7 18.679 11.007
3 8 22.272 5.087
3 9 25.366 3.653
4 5 21.512 9.826
4 6 25.960 10.840
4 7 22.210 4.859
4 8 18.823 11.083
4 9 18.465 9.721
5 6 24.953 5.643
5 7 23.694 7.531
5 8 22.460 4.814
5 9 22.597 5.548
6 7 26.249 4.770
6 8 26.409 4.871
6 9 25.489 9.651
7 8 19.150 10.278
7 9 24.022 8.876
8 9 21.907 7.580