10
50.001
0 1 10 10
0 2 6.318 6.318
0 3 7.93 7.93
0 4 9.714 9.714
0 5 5.195 5.195
0 6 6.164 6.164
0 7 8.255 8.255
0 8 8.576 8.576
0 9 8.918 8.918
1 2 6.143 6.143
1 3 6.551 6.551
1 4 5.4 5.4
1 5 6.969 6.969
1 6 5.609 5.609
1 7 6.706 6.706
1 8 8.608 8.608
1 9 7.583 7.583
2 3 10 10
2 4 6.47 6.47
2 5 6.331 6.331
2 6 5.84 5.84
2 7 5.682 5.682
2 8 5.032 5.032
2 9 8.147 8.147
3 4 5.592 5.592
3 5 5.275 5.275
3 6 7.553 7.553
3 7 8.088 8.088
3 8 9.059 9.059
3 9 8.514 8.514
4 5 10 10
4 6 5.733 5.733
4 7 5.367 5.367
4 8 6.033 6.033
4 9 6.598 6.598
5 6 8.485 8.485
5 7 6.597 6.597
5 8 7.486 7.486
5 9 6.317 6.317
6 7 10 10
6 8 5.922 5.922
6 9 7.121 7.121
7 8 7.332 7.332
7 9 9.487 9.487
8 9 10 10
