10
29.760
0 1 82.830 6.314
0 2 31.365 3.355
0 3 22.236 1.563
0 4 38.860 4.186
0 5 68.485 5.675
0 6 39.729 0.121
0 7 38.067 9.979
0 8 73.708 2.136
0 9 15.690 7.561
1 2 83.589 0.483
1 3 76.857 2.215
1 4 33.175 2.540
1 5 17.320 9.568
1 6 15.727 4.209
1 7 28.327 2.304
1 8 26.224 0.780
1 9 63.712 1.286
2 3 66.992 8.117
2 4 55.126 7.004
2 5 5.540 7.917
2 6 45.094 1.305
2 7 5.898 1.348
2 8 24.087 7.605
2 9 10.320 3.906
3 4 77.404 8.919
3 5 56.888 0.510
3 6 70.462 6.940
3 7 80.406 3.983
3 8 26.902 2.145
3 9 58.871 1.929
4 5 83.003 4.432
4 6 35.903 6.705
4 7 33.949 6.150
4 8 70.705 0.723
4 9 22.798 4.554
5 6 41.421 4.613
5 7 61.364 8.693
5 8 55.236 8.926
5 9 13.731 6.527
6 7 99.082 1.003
6 8 17.727 1.676
6 9 98.557 7.395
7 8 67.484 5.625
7 9 39.437 8.779
8 9 31.036 0.418
