10
90
0 1 9.9 14.0
0 2 9.9 14.0
0 3 9.9 14.0
0 4 9.9 14.0
0 5 99 8.333
0 6 9.9 14.0
0 7 9.9 14.0
0 8 9.9 14.0
0 9 99 8.333
1 2 99 8.333
1 3 9.9 14.0
1 4 9.9 14.0
1 5 9.9 14.0
1 6 9.9 14.0
1 7 99 8.333
1 8 9.9 14.0
1 9 9.9 14.0
2 3 9.9 14.0
2 4 9.9 14.0
2 5 9.9 14.0
2 6 9.9 14.0
2 7 99 8.333
2 8 9.9 14.0
2 9 9.9 14.0
3 4 99 4.167
3 5 9.9 14.0
3 6 99 4.167
3 7 9.9 14.0
3 8 99 4.167
3 9 9.9 14.0
4 5 9.9 14.0
4 6 99 4.167
4 7 9.9 14.0
4 8 99 4.167
4 9 9.9 14.0
5 6 9.9 14.0
5 7 9.9 14.0
5 8 9.9 14.0
5 9 99 8.333
6 7 9.9 14.0
6 8 99 4.167
6 9 9.9 14.0
7 8 9.9 14.0
7 9 9.9 14.0
8 9 9.9 14.0
