10
33.752
0 1 3.838 3.758
0 2 1.999 1.185
0 3 5.963 1.927
0 4 10.187 0.516
0 5 3.285 11.483
0 6 4.284 2.583
0 7 3.583 5.342
0 8 2.674 1.253
0 9 3.285 2.583
1 2 9.63 2.487
1 3 6.498 5.349
1 4 9.838 4.928
1 5 3.738 3.848
1 6 8.849 8.937
1 7 4.381 5.361
1 8 0.389 8.837
1 9 4.838 4.748
2 3 0.373 2.583
2 4 0.174 3.174
2 5 3.728 7.938
2 6 8.483 8.375
2 7 2.875 0.536
2 8 1.593 1.048
2 9 7.928 4.273
3 4 1.385 0.784
3 5 4.278 14.383
3 6 3.827 4.382
3 7 3.748 4.837
3 8 4.126 1.367
3 9 7.389 6.383
4 5 5.383 6.483
4 6 6.383 4.382
4 7 2.473 1.395
4 8 9.328 2.492
4 9 4.013 1.478
5 6 7.48 14.583
5 7 3.583 17.498
5 8 0.038 0.383
5 9 4.382 11.483
6 7 2.389 7.948
6 8 7.489 2.847
6 9 12.51 8.437
7 8 4.483 2.947
7 9 9.473 10.483
8 9 6.383 4.375