10
50.0
0 1 12.236 3.085
0 2 16.136 11.769
0 3 8.378 13.59
0 4 4.821 4.956
0 5 9.462 7.149
0 6 12.075 13.032
0 7 11.197 5.046
0 8 0.518 13.573
0 9 7.861 7.066
1 2 7.861 12.792
1 3 2.005 9.83
1 4 2.939 7.481
1 5 14.659 10.007
1 6 11.896 8.775
1 7 11.166 4.324
1 8 9.143 7.43
1 9 1.318 11.122
2 3 15.533 14.867
2 4 9.211 12.094
2 5 10.123 5.641
2 6 9.823 14.681
2 7 10.311 13.593
2 8 14.916 3.971
2 9 12.682 16.217
3 4 12.244 12.385
3 5 10.111 12.109
3 6 4.365 11.506
3 7 4.95 11.913
3 8 7.323 13.814
3 9 10.657 13.755
4 5 8.6 6.628
4 6 14.44 7.64
4 7 6.277 8.68
4 8 1.499 11.652
4 9 6.102 12.564
5 6 11.719 6.895
5 7 15.034 6.507
5 8 12.711 2.837
5 9 9.873 5.713
6 7 12.407 12.817
6 8 11.041 13.262
6 9 15.407 12.364
7 8 8.307 8.4
7 9 13.222 14.391
8 9 10.96 9.529