10
99.999
0 1 60.16 7.473
0 2 61.499 7.206
0 3 7.724 7.212
0 4 7.142 7.753
0 5 7.674 7.922
0 6 7.099 7.809
0 7 7.071 7.488
0 8 7.097 7.883
0 9 8.001 8.017
1 2 68.443 7.053
1 3 7.037 7.632
1 4 7.345 7.093
1 5 7.283 7.226
1 6 7.396 7.817
1 7 7.334 7.711
1 8 7.322 7.702
1 9 7.637 7.856
2 3 7.835 7.579
2 4 7.328 8.098
2 5 7.567 7.948
2 6 7.17 8.095
2 7 7.358 7.46
2 8 7.612 7.012
2 9 7.42 7.519
3 4 63.061 7.544
3 5 60.608 7.951
3 6 7.15 7.631
3 7 7.132 7.14
3 8 7.227 7.782
3 9 8.023 7.1
4 5 61.342 8.045
4 6 7.247 8.086
4 7 7.721 7.133
4 8 7.865 7.987
4 9 7.217 7.197
5 6 7.37 7.936
5 7 7.351 7.969
5 8 7.896 7.039
5 9 7.283 8.047
6 7 60.316 7.574
6 8 64.021 7.022
6 9 8.029 7.558
7 8 62.435 7.095
7 9 7.289 7.951
8 9 7.765 7.681
