10
90
0 1 98.602 29.945
0 2 25.9 2.643
0 3 74.028 6.275
0 4 38.835 28.585
0 5 29.965 22.524
0 6 26.191 2.308
0 7 99.149 7.229
0 8 70.745 8.108
0 9 33.124 10.083
1 2 26.269 3.653
1 3 43.063 10.44
1 4 67.662 10.633
1 5 30.968 4.742
1 6 50.613 9.745
1 7 41.303 23.256
1 8 29.612 15.823
1 9 45.95 22.835
2 3 93.378 29.984
2 4 43.383 24.479
2 5 83.379 11.846
2 6 36.4 12.888
2 7 34.11 9.561
2 8 28.225 10.81
2 9 91.993 9.139
3 4 31.397 25.806
3 5 42.08 7.815
3 6 42.718 10.429
3 7 93.644 4.824
3 8 87.345 1.74
3 9 32.378 23.362
4 5 82.467 29.916
4 6 69.508 9.621
4 7 37.68 6.777
4 8 26.869 8.987
4 9 28.309 15.385
5 6 27.029 7.809
5 7 46.828 0.738
5 8 31.318 15.663
5 9 76.713 9.013
6 7 85.4 29.959
6 8 25.041 26.574
6 9 31.656 15.18
7 8 97.07 1.821
7 9 39.926 25.42
8 9 95.486 29.947