10
99.999
0 1 6.81 8.396
0 2 9.323 8.158
0 3 4.977 8.442
0 4 9.641 8.299
0 5 12.994 8.273
0 6 4.121 8.492
0 7 7.22 8.495
0 8 8.48 8.388
0 9 16.743 8.075
1 2 7.23 8.435
1 3 8.387 8.496
1 4 4.136 8.487
1 5 19.671 8.108
1 6 11.768 8.423
1 7 16.124 8.211
1 8 9.832 8.274
1 9 10.915 8.475
2 3 5.885 8.446
2 4 12.308 8.456
2 5 5.604 8.328
2 6 12.96 8.336
2 7 7.163 8.301
2 8 11.281 8.296
2 9 14.187 8.131
3 4 16.462 8.268
3 5 4.462 8.482
3 6 6.198 8.341
3 7 10.517 8.491
3 8 13.919 8.274
3 9 5.338 8.29
4 5 4.263 8.297
4 6 6.535 8.301
4 7 10.908 8.482
4 8 8.324 8.212
4 9 10.235 8.384
5 6 8.962 8.32
5 7 13.293 8.219
5 8 8.021 8.457
5 9 5.138 8.32
6 7 12.593 8.373
6 8 11.379 8.421
6 9 8.217 8.446
7 8 7.383 8.402
7 9 9.482 8.479
8 9 11.854 8.45
