10
75
0 1 30.876 8.826
0 2 28.1 11.335
0 3 47.573 7.951
0 4 36.587 9.382
0 5 77.02 12.382
0 6 49.431 9.745
0 7 26.781 10.256
0 8 52.401 10.886
0 9 25.218 1.497
1 2 60.838 3.055
1 3 54.802 4.412
1 4 21.383 9.434
1 5 56.573 5.841
1 6 18.776 6.318
1 7 78.724 13.241
1 8 73.819 12.89
1 9 44.54 1.706
2 3 71.028 8.688
2 4 13.919 5.933
2 5 51.457 5.367
2 6 58.502 2.04
2 7 39.613 8.855
2 8 71.236 8.959
2 9 31.978 11.255
3 4 14.706 8.945
3 5 21.36 3.503
3 6 2.358 3.714
3 7 28.779 9.241
3 8 8.966 1.608
3 9 4.008 2.629
4 5 63.74 9.391
4 6 25.755 6.235
4 7 60.141 11.151
4 8 13.458 1.507
4 9 16.967 10.996
5 6 8.587 12.642
5 7 73.149 14.755
5 8 16.839 0.222
5 9 12.235 8.77
6 7 15.241 10.811
6 8 51.434 8.282
6 9 11.653 3.234
7 8 52.12 9.852
7 9 58.589 7.845
8 9 10.003 4.56
