10
58
0 1 3.867 1.1
0 2 3.867 1.2
0 3 4.22 1.5
0 4 91.92 65.999
0 5 69.420 88.321
0 6 69.69 69.69
0 7 92.111 45.919
0 8 69.69 69.69
0 9 96.778 6.9
1 2 50.22 19.325
1 3 46 6.1
1 4 4.22 1.5
1 5 8 82.05
1 6 40 0.001
1 7 37.29 0.95
1 8 7.374 99.999
1 9 0.001 0.001
2 3 98 69.69
2 4 92.91 69.61
2 5 0.01 0.002
2 6 5.359 8.737
2 7 9.13 9.812
2 8 1.653 36.55
2 9 2.442 99.12
3 4 0.001 0.1
3 5 8.776 77.777
3 6 6.852 32.345
3 7 9.829 49.999
3 8 7.571 32.111
3 9 1.55 22.221
4 5 1.21 0.078
4 6 1.949 38.116
4 7 6.272 19.369
4 8 5.424 25.008
4 9 7.466 41.228
5 6 3.531 29.364
5 7 2 1
5 8 6 1.05
5 9 3.236 89.919
6 7 9.233 70.05
6 8 2.788 99.91
6 9 93.32 68.69
7 8 37.29 0.95
7 9 32.122 55.12
8 9 2.631 7.653