10
78.795
0 1 85.465 2.216
0 2 83.026 2.216
0 3 74.141 36.495
0 4 94.706 30.111
0 5 65.221 36.773
0 6 92.583 28.924
0 7 52.553 35.229
0 8 75.992 27.117
0 9 48.115 38.36
1 2 82.512 2.216
1 3 57.937 42.994
1 4 93.655 8.243
1 5 49.165 46.361
1 6 94.666 16.47
1 7 43.547 10.578
1 8 50.099 18.051
1 9 52.842 22.852
2 3 52.284 42.532
2 4 43.579 2.144
2 5 81.946 7.547
2 6 97.041 33.587
2 7 66.756 27.694
2 8 64.384 37.571
2 9 89.511 15.761
3 4 86.516 3.939
3 5 74.077 12.024
3 6 64.423 45.983
3 7 90.621 24.024
3 8 63.753 7.175
3 9 61.121 49.53
4 5 66.384 32.954
4 6 59.741 45.118
4 7 54.111 23.318
4 8 47.002 42.506
4 9 54.621 17.59
5 6 84.706 1.418
5 7 80.086 1.418
5 8 89.435 1.418
5 9 67.633 0.278
6 7 83.002 1.418
6 8 82.65 1.418
6 9 88.585 14.228
7 8 85.549 1.418
7 9 62.396 32.878
8 9 88.123 41.752