10
36
0 1 99.999 7.3
0 2 99.999 7.3
0 3 99.999 7.3
0 4 1 4
0 5 1 4
0 6 99.999 7.3
0 7 99.999 7.3
0 8 99.999 7.3
0 9 99.999 7.3
1 2 1 2
1 3 99.999 7.3
1 4 99.999 7.3
1 5 99.999 7.3
1 6 1 2
1 7 99.999 7.3
1 8 99.999 7.3
1 9 1 2
2 3 99.999 7.3
2 4 99.999 7.3
2 5 99.999 7.3
2 6 1 2
2 7 99.999 7.3
2 8 99.999 7.3
2 9 1 2
3 4 99.999 7.3
3 5 99.999 7.3
3 6 99.999 7.3
3 7 1 4
3 8 1 4
3 9 99.999 7.3
4 5 1 4
4 6 99.999 7.3
4 7 99.999 7.3
4 8 99.999 7.3
4 9 99.999 7.3
5 6 99.999 7.3
5 7 99.999 7.3
5 8 99.999 7.3
5 9 99.999 7.3
6 7 99.999 7.3
6 8 99.999 7.3
6 9 1 2
7 8 1 4
7 9 99.999 7.3
8 9 99.999 7.3
