10
64.123
0 1 69.647 9.301
0 2 41.423 7.779
0 3 84.857 1.569
0 4 41.414 8.963
0 5 45.313 8.012
0 6 67.526 2.633
0 7 72.936 4.117
0 8 58.531 0.033
0 9 73.468 4.409
1 2 71.168 5.023
1 3 30.643 1.722
1 4 54.759 9.389
1 5 38.171 0.374
1 6 50.097 2.370
1 7 8.113 0.316
1 8 82.319 4.570
1 9 43.028 7.490
2 3 33.703 5.585
2 4 19.077 4.725
2 5 39.422 8.858
2 6 70.644 7.100
2 7 12.540 2.719
2 8 36.200 8.792
2 9 23.723 1.627
3 4 33.439 1.255
3 5 6.129 5.379
3 6 19.473 9.434
3 7 86.215 3.890
3 8 89.696 5.711
3 9 46.130 4.956
4 5 23.134 6.766
4 6 72.768 3.792
4 7 8.101 4.373
4 8 78.224 3.288
4 9 25.902 7.909
5 6 45.826 6.927
5 7 38.581 4.855
5 8 62.566 0.533
5 9 79.330 2.581
6 7 81.909 0.399
6 8 6.479 1.236
6 9 51.536 5.741
7 8 10.329 1.907
7 9 24.991 2.026
8 9 62.333 5.406
