10
98.265
0 1 25.924 73.053
0 2 99.468 81.293
0 3 91.994 81.037
0 4 31.503 93.743
0 5 77.572 70.696
0 6 39.619 71.570
0 7 45.123 75.767
0 8 51.714 5.573
0 9 71.519 60.581
1 2 67.958 4.036
1 3 97.304 89.299
1 4 16.164 79.074
1 5 34.747 55.913
1 6 94.622 70.034
1 7 69.762 11.681
1 8 98.320 63.731
1 9 41.275 71.317
2 3 34.164 99.780
2 4 18.130 89.707
2 5 12.109 63.736
2 6 7.355 96.237
2 7 95.206 6.263
2 8 47.916 72.750
2 9 15.171 73.663
3 4 96.035 60.548
3 5 29.145 54.813
3 6 57.184 91.186
3 7 34.559 52.621
3 8 33.910 76.476
3 9 66.025 6.983
4 5 60.056 20.583
4 6 79.637 0.137
4 7 78.280 65.499
4 8 7.242 50.143
4 9 18.077 97.598
5 6 93.660 1.690
5 7 65.425 53.842
5 8 88.127 99.942
5 9 85.963 59.945
6 7 7.974 94.470
6 8 39.456 75.332
6 9 78.613 57.998
7 8 78.282 67.452
7 9 64.405 98.192
8 9 58.250 84.165
