10
28.68
0 1 8.279 4.27
0 2 69.837 5.891
0 3 23.234 3.45
0 4 15.38 4.202
0 5 7.838 2.48
0 6 10.29 3.2
0 7 13.583 9.385
0 8 33.849 7.492
0 9 8.492 2.938
1 2 73.928 15.284
1 3 25.38 5.831
1 4 45.45 5.012
1 5 14.28 3.281
1 6 23.294 3.812
1 7 43.218 3.916
1 8 29.993 5.836
1 9 68.24 0.32
2 3 30.837 6.031
2 4 1.28 7.231
2 5 14.29 4.91
2 6 29.884 2.84
2 7 53.82 6.28
2 8 14.28 3.928
2 9 47.82 6.029
3 4 32.375 4.98
3 5 24.837 4.123
3 6 28.37 2.87
3 7 4.28 1.974
3 8 58.491 1.938
3 9 38.37 6.47
4 5 20.84 3.038
4 6 3.567 10.37
4 7 83.37 20.98
4 8 40.379 12.74
4 9 20.351 1.824
5 6 43.8 7.97
5 7 10.38 2.14
5 8 70.28 0.746
5 9 38.73 4.93
6 7 60.379 5.012
6 8 69.637 9.37
6 9 43.28 5.68
7 8 39.476 3.486
7 9 7.37 3.57
8 9 19.37 3.27
