10
9
0 1 2.052 3.953
0 2 1.376 2.498
0 3 1.547 3.653
0 4 2.772 1.296
0 5 1.595 3.289
0 6 1.728 2.664
0 7 2.279 3.145
0 8 1.331 3.994
0 9 2.416 2.341
1 2 1.911 3.235
1 3 0.811 2.622
1 4 2.466 2.758
1 5 1.707 3.737
1 6 3.545 0.946
1 7 2.408 2.495
1 8 0.974 3.81
1 9 1.579 3.546
2 3 2.802 1.536
2 4 1.738 3.62
2 5 1.175 2.578
2 6 1.335 3.031
2 7 1.665 3.165
2 8 1.608 2.356
2 9 0.889 3.047
3 4 0.553 3.352
3 5 1.334 3.988
3 6 0.515 3.368
3 7 0.751 2.357
3 8 2.369 2.339
3 9 1.634 3.156
4 5 1.057 3.431
4 6 0.994 3.244
4 7 2.241 2.008
4 8 1.983 3.751
4 9 0.657 2.223
5 6 0.986 3.734
5 7 3.198 1.05
5 8 2.223 3.626
5 9 2.032 3.494
6 7 1.997 2.659
6 8 1.375 3.464
6 9 0.52 2.777
7 8 2.133 3.459
7 9 0.88 3.796
8 9 3.243 1.671