10
66.39
0 2 14.339 6.931
0 7 22.159 3.738
0 1 19.896 7.433
0 3 1.029 7.106
0 4 19.578 7.556
0 5 16.124 7.493
0 6 29.156 7.352
0 8 3.373 7.409
0 9 18.024 7.512
1 9 38.67 1.728
1 3 45.451 2.915
1 8 56.214 2.991
1 2 27.277 7.469
1 4 28.127 6.964
1 5 14.879 6.461
1 6 37.309 6.982
1 7 19.044 6.719
2 7 20.325 6.455
2 3 14.394 7.108
2 4 20.777 7.531
2 5 33.23 7.066
2 6 36.838 7.379
2 8 32.498 7.26
2 9 32.222 7.162
3 9 20.506 1.01
3 8 53.29 1.655
3 4 33.31 7.14
3 5 31.081 6.436
3 6 16.581 6.983
3 7 36.099 6.825
4 5 10.212 6.023
4 6 73.846 6.701
4 7 18.227 6.937
4 8 8.039 7.348
4 9 18.052 7.2
5 6 84.011 0.983
5 7 11.088 6.609
5 8 33.241 6.457
5 9 12.689 6.343
6 7 18.606 6.926
6 8 19.948 7.138
6 9 4.843 7.205
7 8 27.783 6.897
7 9 31.524 6.989
8 9 98.461 0.017