10
99.999
0 1 1.010 10.222
0 2 2.221 10.333
0 3 8.999 3
0 4 9.999 9
0 5 8.998 8
0 6 1.001 6
0 7 1.323 1
0 8 1.112 5
0 9 1.332 9
1 2 1.456 9
1 3 2.423 8
1 4 2.439 8
1 5 1.889 9
1 6 1.233 9
1 7 1.198 7
1 8 1 24.98
1 9 1.346 7
2 3 1.786 7
2 4 1.985 7
2 5 1.942 7
2 6 1.003 9
2 7 13.789 24.98
2 8 1.092 7
2 9 1.323 0.001
3 4 9.999 1
3 5 12.999 1
3 6 1 8.9
3 7 0.002 0.001
3 8 0.001 7.438
3 9 1.201 2.999
4 5 8.999 1
4 6 0.001 24.98
4 7 1.001 24.97
4 8 2.312 7.001
4 9 1 7
5 6 1 7
5 7 1 1
5 8 1 7
5 9 1 7
6 7 1 7
6 8 1 7
6 9 1 24.98
7 8 1 7
7 9 1 7
8 9 1 7
