10
99
0 1 30.415 0.388
0 2 26.471 0.078
0 3 18.272 40.667
0 4 20.781 42.354
0 5 45.509 9.267
0 6 30.279 45.235
0 7 31.994 31.741
0 8 47.298 47.039
0 9 17.393 28.524
1 2 48.681 0.09
1 3 37.559 49.958
1 4 11.097 13.545
1 5 42.543 8.479
1 6 28.6 44.427
1 7 37.776 47.954
1 8 29.576 46.51
1 9 44.517 15.387
2 3 27.205 23.689
2 4 7.778 0.092
2 5 25.618 8.556
2 6 27.464 48.796
2 7 24.79 16.688
2 8 35.745 41.816
2 9 18.425 45.184
3 4 19.015 1.037
3 5 47.378 35.216
3 6 47.358 37.993
3 7 41.298 6.29
3 8 39.411 6.27
3 9 34.874 37.667
4 5 33.695 10.995
4 6 16.742 38.823
4 7 32.544 14.09
4 8 9.282 2.751
4 9 15.503 12.478
5 6 11.089 0.943
5 7 46.912 0.823
5 8 34.48 33.468
5 9 41.27 36.499
6 7 35.559 0.388
6 8 36.473 42.568
6 9 16.595 3.464
7 8 38.834 10.214
7 9 29.796 3.844
8 9 16.841 1.923
