10
90
0 1 30.287 23.819
0 2 34.227 0.913
0 3 53.317 7.295
0 4 47.017 11.926
0 5 46.942 9.554
0 6 42.229 9.315
0 7 69.089 4.152
0 8 59.436 2.82
0 9 26.45 8.4
1 2 31.968 18.424
1 3 42.801 22.596
1 4 58.376 6.337
1 5 29.779 23.227
1 6 78.206 13.29
1 7 32.937 28.743
1 8 45.286 7.538
1 9 47.944 8.601
2 3 43.776 17.547
2 4 44.948 14.254
2 5 90.962 5.22
2 6 43.958 20.175
2 7 39.432 3.841
2 8 36.287 16.666
2 9 80.366 6.727
3 4 41.799 5.298
3 5 40.489 29.932
3 6 29.217 19.721
3 7 79.073 4.921
3 8 51.066 6.117
3 9 40.576 10.759
4 5 26.706 15.208
4 6 91.64 10.372
4 7 47.788 29.493
4 8 34.857 5.64
4 9 34.209 4.539
5 6 41.71 16.291
5 7 41.467 14.083
5 8 43.681 12.19
5 9 52.407 18.051
6 7 36.39 13.722
6 8 30.38 10.765
6 9 43.696 1.733
7 8 82.185 4.692
7 9 41.724 26.066
8 9 36.007 23.025