10
65.347
0 1 57.136 20.242
0 2 56.295 16.696
0 3 45.016 19.766
0 4 7.959 17.383
0 5 94.192 15.871
0 6 12.575 20.059
0 7 54.259 22.386
0 8 28.425 20.879
0 9 34.354 16.872
1 2 13.561 8.155
1 3 26.276 6.644
1 4 7.922 6.098
1 5 35.858 7.597
1 6 58.853 5.375
1 7 21.71 6.63
1 8 70.968 5.376
1 9 52.479 6.264
2 3 1.43 20.839
2 4 50.121 19.838
2 5 5.601 18.536
2 6 1.452 17.941
2 7 90.687 15.355
2 8 14.738 21.534
2 9 26.523 17.772
3 4 99.425 5.272
3 5 16.611 7.186
3 6 13.198 6.125
3 7 57.264 5.497
3 8 21.779 6.117
3 9 75.115 5.073
4 5 43.159 5.603
4 6 50.8 5.99
4 7 41.585 5.805
4 8 56.706 6.718
4 9 77.482 4.967
5 6 33.735 16.958
5 7 53.44 18.194
5 8 44.004 23.569
5 9 17.347 21.088
6 7 56.931 6.644
6 8 82.136 5.385
6 9 23.717 8.055
7 8 24.499 24.371
7 9 16.437 19.157
8 9 8.895 6.903