10
99.8
0 1 5.601 1.845
0 2 99.522 8.104
0 3 26.425 15.359
0 4 26.470 24.357
0 5 12.336 1.496
0 6 15.386 6.503
0 7 7.709 12.278
0 8 82.923 8.006
0 9 18.707 13.186
1 2 3.369 3.271
1 3 82.605 2.215
1 4 5.811 20.410
1 5 28.339 6.080
1 6 84.661 2.396
1 7 90.461 2.196
1 8 27.898 26.955
1 9 82.808 2.273
2 3 7.828 7.583
2 4 23.711 22.580
2 5 1.997 3.476
2 6 14.064 4.692
2 7 13.948 12.413
2 8 92.245 8.217
2 9 4.477 22.701
3 4 28.501 99.625
3 5 29.042 17.212
3 6 88.254 2.350
3 7 82.672 2.336
3 8 8.869 1.924
3 9 83.281 2.474
4 5 21.383 3.317
4 6 28.958 28.601
4 7 6.851 2.100
4 8 12.171 18.950
4 9 8.791 8.841
5 6 9.796 21.946
5 7 6.119 20.586
5 8 13.133 25.148
5 9 16.892 16.840
6 7 91.761 2.306
6 8 29.074 17.373
6 9 84.766 2.400
7 8 23.555 13.619
7 9 96.381 2.464
8 9 21.544 17.990
