10
89.898
0 1 42.930 5.000
0 2 47.894 5.312
0 3 52.512 5.104
0 4 53.451 2.866
0 5 36.007 4.548
0 6 42.824 2.833
0 7 69.749 2.817
0 8 61.566 4.475
0 9 44.550 1.146
1 2 40.756 3.319
1 3 41.358 2.242
1 4 57.305 3.514
1 5 57.548 3.408
1 6 45.681 5.186
1 7 58.715 4.649
1 8 44.357 4.795
1 9 52.877 3.859
2 3 58.985 4.577
2 4 50.887 3.701
2 5 49.812 2.499
2 6 42.845 5.324
2 7 40.485 4.688
2 8 40.830 5.221
2 9 49.104 3.467
3 4 58.133 3.393
3 5 41.527 3.859
3 6 53.236 5.832
3 7 38.342 4.314
3 8 55.567 7.058
3 9 54.384 4.377
4 5 34.707 5.776
4 6 62.187 3.056
4 7 40.950 3.720
4 8 48.173 5.884
4 9 55.041 3.433
5 6 48.463 2.961
5 7 54.873 4.307
5 8 70.664 4.082
5 9 37.425 4.333
6 7 64.759 3.300
6 8 54.517 2.826
6 9 49.118 5.966
7 8 51.343 4.787
7 9 56.004 6.894
8 9 42.368 5.407
