10
74.346
0 1 16.413 15.626
0 2 10.095 10.928
0 3 13.503 5.257
0 4 18.981 16.506
0 5 4.305 20.2
0 6 16.938 12.068
0 7 21.831 2.674
0 8 31.87 17.654
0 9 17.134 11.8
1 2 15.932 16.3
1 3 21.723 7.872
1 4 1.428 11.121
1 5 3.451 3.407
1 6 5.159 11.968
1 7 23.326 18.437
1 8 0.209 8.502
1 9 13.3 11.102
2 3 7.629 7.957
2 4 23.219 15.947
2 5 11.174 18.891
2 6 13.125 7.517
2 7 9.351 1.146
2 8 21.92 8.214
2 9 7.39 2.332
3 4 4.309 19.251
3 5 14.103 4.801
3 6 22.606 19.659
3 7 8.629 8.631
3 8 9.39 13.814
3 9 3.665 7.295
4 5 26.157 25.827
4 6 35.808 15.983
4 7 26.34 20.141
4 8 4.245 17.038
4 9 33.719 12.264
5 6 21.864 21.761
5 7 7.047 3.464
5 8 24.9 7.526
5 9 30.501 10.003
6 7 18.54 9.197
6 8 11.353 5.462
6 9 1.222 6.857
7 8 11.338 1.849
7 9 32.849 13.97
8 9 21.29 15.494
