10
97.802
0 1 63.143 37.202
0 2 55.462 10.961
0 3 49.196 4.825
0 4 51.843 8.665
0 5 56.975 2.84
0 6 50.066 4.488
0 7 49.559 10.829
0 8 62.492 36.897
0 9 54.358 1.12
1 2 56.021 36.513
1 3 48.742 36.739
1 4 51.284 36.091
1 5 56.366 37.13
1 6 49.607 36.044
1 7 46.137 36.937
1 8 74.49 31.581
1 9 55.933 35.467
2 3 84.763 4.204
2 4 70.062 7.326
2 5 67.613 2.424
2 6 65.878 3.882
2 7 84.139 9.425
2 8 56.252 35.233
2 9 88.923 0.972
3 4 68.326 0.121
3 5 70.465 0.025
3 6 70.77 0.139
3 7 57.676 0.218
3 8 49.303 36.639
3 9 62.414 0.018
4 5 75.076 0.042
4 6 68.322 0.757
4 7 60.373 0.23
4 8 53.098 36.79
4 9 66.828 0.095
5 6 65.522 0.104
5 7 71.853 0.366
5 8 54.129 35.89
5 9 75.322 0.0
6 7 57.207 1.485
6 8 49.793 37.367
6 9 65.605 0.265
7 8 46.759 37.184
7 9 65.445 0.436
8 9 54.007 35.271