10
24.0
0 1 1.5 1.0
0 2 1.5 1.5
0 3 1.0 1.0
0 4 1.5 1.0
0 5 1.0 90.0
0 6 1.0 2.5
0 7 1.0 2.5
0 8 1.0 1.5
0 9 1.5 1.0
1 2 1.01 1.5
1 3 1.0 2.5
1 4 1.0 1.0
1 5 1.0 2.5
1 6 1.6 2.5
1 7 1.6 2.5
1 8 1.0 1.5
1 9 1.02 1.0
2 3 1.0 1.0
2 4 1.5 1.5
2 5 1.0 1.5
2 6 1.0 1.5
2 7 0.1 1.0
2 8 4.0 5.0
2 9 1.5 1.5
3 4 1.0 1.0
3 5 2.0 2.5
3 6 1.01 2.5
3 7 1.0 2.5
3 8 2.0 1.5
3 9 1.01 1.0
4 5 1.01 1.0
4 6 1.01 2.5
4 7 1.0 2.5
4 8 1.0 1.5
4 9 1.5 1.0
5 6 1.0 2.5
5 7 1.0 2.5
5 8 2.0 1.5
5 9 1.0 1.0
6 7 1.6 2.5
6 8 1.0 1.5
6 9 1.0 2.5
7 8 0.1 1.0
7 9 1.0 2.5
8 9 1.0 1.5