10
16
0 1 3 1
0 2 1.963 1.306
0 3 1.234 1.041
0 4 0.139 0.804
0 5 1.094 0.826
0 6 0.892 0.096
0 7 0.393 1.303
0 8 0.503 0.138
0 9 0.906 0.909
1 2 0.717 1.037
1 3 1.308 0.578
1 4 0.319 0.416
1 5 0.131 0.925
1 6 0.071 1.039
1 7 0.422 1.167
1 8 0.625 0.25
1 9 1.523 1.223
2 3 3 1.5
2 4 1.684 1.454
2 5 1.309 0.677
2 6 1.9 0.534
2 7 0.107 1.458
2 8 1.638 1.008
2 9 1.644 0.657
3 4 0.154 1.123
3 5 1.593 0.186
3 6 1.446 1.31
3 7 0.983 1.393
3 8 1.585 0.283
3 9 0.155 0.141
4 5 1 0.5
4 6 2 1
4 7 0.948 1.272
4 8 0.333 1.496
4 9 0.502 0.888
5 6 1 0.5
5 7 0.102 0.465
5 8 0.93 1.352
5 9 0.856 0.206
6 7 0.036 1.076
6 8 0.441 0.701
6 9 1.104 0.237
7 8 1.5 0.5
7 9 2 1
8 9 1 0.5
