10
16
0 1 84.637 1.412
0 2 40.322 53.572
0 3 48.017 63.605
0 4 12.832 28.841
0 5 56.132 68.514
0 6 58.335 0.2
0 7 8.45 17.827
0 8 83.285 0.059
0 9 53.893 66.922
1 2 11.683 6.433
1 3 46.542 45.057
1 4 4.6 34.795
1 5 3.851 46.926
1 6 98.292 1.221
1 7 66.132 48.59
1 8 81.456 2.271
1 9 24.187 38.821
2 3 3.745 37.953
2 4 71.018 1.729
2 5 62.465 0.776
2 6 18.595 26.992
2 7 2.585 37.544
2 8 6.804 40.228
2 9 64.486 16.054
3 4 37.44 38.203
3 5 6.616 7.082
3 6 45.768 62.897
3 7 89.296 1.193
3 8 58.102 20.293
3 9 65.43 3.584
4 5 75.542 2.821
4 6 41.703 15.032
4 7 65.352 12.706
4 8 66.473 65.676
4 9 61.443 51.206
5 6 32.368 2.081
5 7 77.542 4.821
5 8 34.816 49.392
5 9 31.206 33.421
6 7 44.436 45.577
6 8 78.828 0.159
6 9 50.864 11.089
7 8 47.829 69.555
7 9 65.006 0.549
8 9 15.834 65.192