10
90
0 1 80.973 0.839
0 2 52.379 9.982
0 3 93.796 2.784
0 4 55.757 1.794
0 5 42.072 1.437
0 6 38.564 1.726
0 7 98.725 0.045
0 8 77.148 0.008
0 9 79.509 2.244
1 2 78.142 5.754
1 3 78.730 3.901
1 4 53.263 6.670
1 5 77.505 1.845
1 6 9.185 0.134
1 7 21.130 8.104
1 8 34.755 5.963
1 9 63.394 3.582
2 3 40.710 0.400
2 4 31.248 7.901
2 5 6.958 7.054
2 6 1.861 3.215
2 7 28.190 3.048
2 8 9.142 2.394
2 9 17.389 3.150
3 4 13.593 0.557
3 5 60.427 5.547
3 6 7.269 4.604
3 7 39.024 0.994
3 8 41.311 7.304
3 9 44.848 6.370
4 5 23.443 9.329
4 6 33.444 4.891
4 7 80.848 2.334
4 8 32.761 5.511
4 9 93.589 5.656
5 6 79.868 1.346
5 7 59.690 3.253
5 8 63.550 4.570
5 9 61.162 1.793
6 7 1.431 3.535
6 8 38.644 9.763
6 9 27.340 4.716
7 8 79.973 5.244
7 9 32.878 3.258
8 9 44.065 6.687
