10
90
0 1 3.067 7.241
0 2 0.88 8.628
0 3 9.262 9.55
0 4 2.004 5.025
0 5 6.108 0.37
0 6 5.85 0.263
0 7 0.27 6.766
0 8 6.688 2.718
0 9 2.257 3.925
1 2 6.9 5.774
1 3 2.643 8.738
1 4 2.225 9.883
1 5 1.609 9.752
1 6 0.656 9.399
1 7 6.111 9.648
1 8 2.641 3.858
1 9 0.39 2.767
2 3 5.802 0.519
2 4 8.044 3.641
2 5 2.216 1.866
2 6 6.056 3.41
2 7 7.766 8.024
2 8 8.986 2.532
2 9 8.334 7.714
3 4 9.528 8.574
3 5 0.148 7.153
3 6 4.175 6.739
3 7 1.586 7.965
3 8 3.852 5.823
3 9 9.461 9.946
4 5 2.146 6.272
4 6 4.315 3.645
4 7 2.382 2.817
4 8 9.447 5.983
4 9 7.875 9.929
5 6 2.101 9.603
5 7 7.49 9.258
5 8 6.264 8.815
5 9 5.068 3.03
6 7 0.143 6.037
6 8 0.954 4.062
6 9 6.012 9.54
7 8 1.193 2.484
7 9 9.866 9.712
8 9 4.007 6.24