10
90
0 1 12.500 4.000
0 2 1.000 10.000
0 3 0.500 26.500
0 4 5.345 5.210
0 5 26.500 23.000
0 6 1.500 9.500
0 7 5.250 3.750
0 8 26.500 23.000
0 9 4.000 4.750
1 2 10.345 9.710
1 3 0.500 26.500
1 4 3.500 12.500
1 5 1.000 16.000
1 6 10.250 9.650
1 7 2.500 17.500
1 8 1.000 16.000
1 9 3.500 12.500
2 3 15.000 6.000
2 4 3.000 26.500
2 5 2.500 26.500
2 6 11.500 10.500
2 7 4.000 26.500
2 8 2.000 26.500
2 9 1.000 26.500
3 4 0.345 26.500
3 5 10.500 10.000
3 6 1.000 26.500
3 7 1.000 26.500
3 8 9.000 9.500
3 9 1.000 26.500
4 5 26.500 23.000
4 6 26.500 23.000
4 7 5.250 4.900
4 8 26.500 23.000
4 9 5.750 6.000
5 6 26.500 23.000
5 7 26.500 23.000
5 8 10.250 10.150
5 9 26.500 23.000
6 7 26.500 23.000
6 8 26.500 23.000
6 9 26.500 23.000
7 8 26.500 23.000
7 9 5.000 5.250
8 9 26.500 23.000
