10
37.0
0 1 31 3.375
0 2 26 7.875
0 3 27 9.5
0 4 23 8.375
0 5 18 8.375
0 6 41 3.375
0 7 36 0.75
0 8 18 6.375
0 9 22 5.875
1 2 19 6.75
1 3 12 9.875
1 4 9 7.0
1 5 22 6.75
1 6 48 0.0
1 7 32 0.625
1 8 42 3.125
1 9 42 4.0
2 3 9 6.875
2 4 10 9.0
2 5 33 2.875
2 6 10 5.875
2 7 24 6.0
2 8 36 4.25
2 9 20 7.875
3 4 31 2.75
3 5 29 9.875
3 6 16 6.5
3 7 21 6.875
3 8 10 5.125
3 9 49 4.875
4 5 12 6.25
4 6 9 8.0
4 7 17 8.875
4 8 36 4.0
4 9 39 1.875
5 6 12 9.75
5 7 28 7.125
5 8 44 4.875
5 9 21 9.875
6 7 38 0.375
6 8 8 5.875
6 9 24 5.625
7 8 9 9.25
7 9 21 8.25
8 9 12 6.625
