10 
99
0 1 52.432 7.734
0 2 9.637 8.856
0 3 54.231 8.149
0 4 96.072 6.733
0 5 8.683 4.758
0 6 10.822 0.129
0 7 76.996 3.580
0 8 87.775 9.256
0 9 44.032 9.460
1 2 15.172 5.880
1 3 19.474 3.406
1 4 15.070 4.779
1 5 17.376 8.793
1 6 59.936 7.980
1 7 42.074 4.082
1 8 89.808 5.212
1 9 85.471 7.048
2 3 50.859 1.145
2 4 78.388 6.109
2 5 18.999 1.027
2 6 10.151 6.913
2 7 65.450 4.877
2 8 79.274 5.098
2 9 8.263 6.966
3 4 11.013 0.738
3 5 93.259 5.954
3 6 51.569 8.597
3 7 7.282 6.785
3 8 98.305 0.618
3 9 33.040 9.578
4 5 95.025 4.177
4 6 19.705 9.696
4 7 62.397 0.431
4 8 83.756 8.882
4 9 24.047 4.475
5 6 43.556 6.410
5 7 3.069 1.728
5 8 79.951 6.866
5 9 51.922 9.819
6 7 79.405 5.258
6 8 3.026 8.408
6 9 78.277 7.869
7 8 94.141 5.184
7 9 92.898 9.823
8 9 52.215 8.795
