10
50
0 1 4.82 5.62
0 2 10.18 4.57
0 3 2.38 6.73
0 4 43.23 1.87
0 5 19.81 3.02
0 6 2.33 4.68
0 7 87.07 4.4
0 8 80.99 5.95
0 9 27.9 6.02
1 2 28.97 1.06
1 3 71.76 3.43
1 4 56.1 2.81
1 5 94.17 0.65
1 6 91.81 1.19
1 7 44.97 1.58
1 8 18.3 3.73
1 9 89.4 6.64
2 3 83.76 3.62
2 4 82.28 6.72
2 5 79.69 3.35
2 6 35.92 0.84
2 7 98.49 1.15
2 8 28.56 5.04
2 9 65.12 1.66
3 4 80.38 3.71
3 5 8.79 0.31
3 6 57.05 1.14
3 7 24.88 0.31
3 8 65.94 6.15
3 9 20.78 5.81
4 5 8.47 4.59
4 6 83.25 2.14
4 7 48.09 1.31
4 8 95.34 0.36
4 9 85.29 6.04
5 6 96.16 0.72
5 7 96.37 0.87
5 8 5.4 5.37
5 9 86.67 6.73
6 7 63.36 2.43
6 8 47.6 5.78
6 9 94.34 1.24
7 8 62.25 0.24
7 9 8.79 6.19
8 9 97.17 6.41