10
89.945
0 1 32.817 10.543
0 2 63.533 59.526
0 3 18.078 85.703
0 4 45.007 30.439
0 5 19.337 5.006
0 6 22.471 92.204
0 7 15.851 96.067
0 8 1.089 12.091
0 9 82.211 10.115
1 2 88.674 84.773
1 3 60.868 44.241
1 4 59.065 35.147
1 5 81.346 70.943
1 6 21.577 86.288
1 7 56.438 74.634
1 8 33.651 72.095
1 9 89.458 8.458
2 3 77.323 2.152
2 4 79.661 10.178
2 5 0.455 63.97
2 6 63.143 72.316
2 7 67.156 74.016
2 8 55.992 7.01
2 9 68.513 64.077
3 4 61.15 44.235
3 5 48.191 56.272
3 6 98.965 48.734
3 7 86.325 79.794
3 8 87.485 7.653
3 9 65.559 30.651
4 5 42.568 35.854
4 6 43.841 78.577
4 7 25.632 16.454
4 8 19.402 67.537
4 9 73.468 72.18
5 6 6.105 44.511
5 7 64.061 14.544
5 8 77.925 43.433
5 9 87.263 35.27
6 7 76.656 32.855
6 8 28.682 15.7
6 9 92.971 11.652
7 8 61.427 53.98
7 9 23.559 1.688
8 9 88.418 11.389