10
50.464
0 1 16.57 10.922
0 2 3.746 2.833
0 3 3.049 1.494
0 4 2.533 1.006
0 5 2.727 2.884
0 6 3.09 2.05
0 7 1.875 0.76
0 8 3.355 2.511
0 9 3.631 2.515
1 2 28.625 15.884
1 3 3.563 2.855
1 4 3.341 2.052
1 5 3.642 2.284
1 6 2.802 0.732
1 7 2.61 0.592
1 8 2.646 2.428
1 9 3.59 2.912
2 3 15.881 10.989
2 4 2.755 0.752
2 5 3.598 2.684
2 6 2.596 0.94
2 7 3.233 1.486
2 8 2.561 2.94
2 9 2.327 2.422
3 4 11.861 11.235
3 5 3.55 2.264
3 6 2.61 2.908
3 7 2.357 2.454
3 8 2.51 2.022
3 9 3.78 2.889
4 5 13.535 12.248
4 6 2.458 2.742
4 7 1.776 1.243
4 8 2.266 2.152
4 9 3.069 1.312
5 6 12.348 12.008
5 7 2.65 2.739
5 8 2.894 1.45
5 9 3.642 2.705
6 7 18.085 15.016
6 8 1.723 1.231
6 9 3.344 2.375
7 8 12.579 12.716
7 9 2.519 2.222
8 9 14.46 12.566
