10
15
0 1 6 4
0 2 7 6
0 3 7 6
1 2 7 6
1 3 7 6
2 3 6 5
0 4 0.006 0
0 5 0.009 0
0 6 0.01 0
0 7 0.007 0
0 8 0.01 0
0 9 0.008 0
1 4 0.009 0
1 5 0.01 0
1 6 0.002 0
1 7 0.01 0
1 8 0.006 0
1 9 0.009 0
2 4 0.009 0
2 5 0.005 0
2 6 0.01 0
2 7 0.003 0
2 8 0.007 0
2 9 0.009 0
3 4 0.004 0
3 5 0.005 0
3 6 0.002 0
3 7 0.0 0
3 8 0.009 0
3 9 0.003 0
4 5 0.01 0
4 6 0.005 0
4 7 0.006 0
4 8 0.002 0
4 9 0.003 0
5 6 0.001 0
5 7 0.001 0
5 8 0.001 0
5 9 0.001 0
6 7 0.009 0
6 8 0.007 0
6 9 0.009 0
7 8 0.003 0
7 9 0.007 0
8 9 0.001 0