10
34.917
1 0 8.0 2.125
2 0 3.0 7.333
2 1 7.0 3.143
3 0 9.0 1.111
3 1 6.0 4.167
3 2 8.0 2.2
4 0 8.0 2.125
4 1 8.0 2.125
4 2 9.0 1.111
4 3 6.0 4.167
5 0 6.0 4.167
5 1 7.0 3.143
5 2 9.0 1.0
5 3 8.0 2.125
5 4 8.0 2.125
6 0 8.0 2.0
6 1 8.0 2.125
6 2 8.0 2.125
6 3 9.0 1.111
6 4 9.0 0.98
6 5 9.0 1.111
7 0 8.0 2.125
7 1 8.0 1.97
7 2 6.0 4.167
7 3 8.0 2.125
7 4 9.0 1.111
7 5 8.0 2.125
7 6 6.0 4.167
8 0 7.0 3.143
8 1 8.0 2.125
8 2 5.0 5.2
8 3 8.0 2.125
8 4 5.0 5.2
8 5 7.0 3.143
8 6 8.0 2.125
8 7 6.0 4.167
9 0 8.0 2.125
9 1 8.0 2.125
9 2 8.0 2.125
9 3 7.0 3.143
9 4 8.0 2.125
9 5 8.0 2.2
9 6 9.0 1.111
9 7 7.0 3.143
9 8 6.0 3.27
