10
80
0 1 5.24 6.42
0 2 2.585 2.609
0 3 9.062 4.289
0 4 2.535 2.068
0 5 0.528 7.614
0 6 8.425 1.972
0 7 0.042 7.458
0 8 5.496 0.741
0 9 6.643 5.07
1 2 4.439 5.39
1 3 3.66 1.752
1 4 3.633 6.622
1 5 2.389 9.068
1 6 1.94 7.243
1 7 8.116 5.567
1 8 6.957 6.959
1 9 1.935 0.037
2 3 2.36 1.707
2 4 2.913 9.028
2 5 3.425 9.15
2 6 5.91 3.49
2 7 7.146 5.749
2 8 1.017 0.014
2 9 3.873 7.05
3 4 1.09 8.102
3 5 3.591 1.305
3 6 9.084 8.832
3 7 3.595 9.451
3 8 2.998 1.823
3 9 6.593 9.894
4 5 0.643 1.478
4 6 6.413 2.833
4 7 3.182 6.533
4 8 6.511 3.891
4 9 7.621 9.879
5 6 2.413 9.093
5 7 3.926 3.837
5 8 8.528 8.048
5 9 2.258 9.66
6 7 9.655 0.082
6 8 2.83 0.446
6 9 0.838 6.581
7 8 2.533 8.262
7 9 4.571 1.295
8 9 6.4 6.927
