10
5
0 1 17.362 1
0 2 1 0.346
0 3 1 0.396
0 4 1 0.334
0 5 1 0.671
0 6 1 0.536
0 7 1 0.315
0 8 1 0.558
0 9 1 0.407
1 2 1 0.535
1 3 1 0.321
1 4 1 0.314
1 5 1 0.325
1 6 1 0.636
1 7 1 0.49
1 8 1 0.687
1 9 1 0.701
2 3 14.228 1
2 4 1 0.485
2 5 1 0.695
2 6 1 0.407
2 7 1 0.424
2 8 1 0.705
2 9 1 0.722
3 4 1 0.546
3 5 1 0.434
3 6 1 0.682
3 7 1 0.458
3 8 1 0.707
3 9 1 0.5
4 5 11.026 1
4 6 1 0.359
4 7 1 0.419
4 8 1 0.395
4 9 1 0.477
5 6 1 0.658
5 7 1 0.654
5 8 1 0.496
5 9 1 0.419
6 7 16.571 1
6 8 1 0.408
6 9 1 0.686
7 8 1 0.329
7 9 1 0.423
8 9 11.61 1