10
60
0 1 11.329 6.342
0 2 12.239 6.495
0 3 5.705 5.605
0 4 4.138 4.823
0 5 5.087 8.39
0 6 3.469 5.988
0 7 8.7 4.896
0 8 3.184 6.85
0 9 15.329 7.552
1 2 13.947 7.135
1 3 3.116 8.996
1 4 4.253 8.592
1 5 7.295 8.586
1 6 8.737 5.599
1 7 5.734 6.364
1 8 5.405 6.594
1 9 3.563 7.468
2 3 15.143 7.524
2 4 8.235 8.846
2 5 7.383 5.497
2 6 8.207 7.972
2 7 8.668 8.044
2 8 3.319 4.611
2 9 3.067 8.257
3 4 9.837 5.259
3 5 15.23 7.784
3 6 7.018 6.76
3 7 8.99 5.101
3 8 4.594 7.862
3 9 5.723 5.093
4 5 13.429 6.95
4 6 8.784 5.819
4 7 5.248 5.076
4 8 7.725 8.932
4 9 8.021 6.789
5 6 15.259 7.557
5 7 6.275 7.995
5 8 5.567 7.609
5 9 7.142 6.759
6 7 7.294 4.253
6 8 5.275 3.293
6 9 9.582 4.135
7 8 9.204 5.034
7 9 1.9 1.023
8 9 4.125 2.234