10
65.203
0 1 23.436 5.046
0 2 86.873 46.157
0 3 42.645 2.963
0 4 0.258 0.211
0 5 60.435 0.219
0 6 5.282 0.069
0 7 10.254 0.11
0 8 73.016 90.72
0 9 17.471 0.121
1 2 68.59 77.704
1 3 68.164 0.845
1 4 7.33 0.148
1 5 37.648 3.215
1 6 2.677 0.167
1 7 71.542 61.518
1 8 81.207 21.619
1 9 76.693 90.578
2 3 15.173 0.27
2 4 0.605 0.09
2 5 14.11 0.239
2 6 74.283 21.432
2 7 8.149 0.114
2 8 87.888 22.424
2 9 0.944 0.114
3 4 12.631 0.114
3 5 58.642 0.553
3 6 11.163 0.252
3 7 4.958 0.235
3 8 17.107 0.186
3 9 70.193 28.406
4 5 73.487 18.673
4 6 62.953 5.184
4 7 69.497 60.37
4 8 73.959 90.916
4 9 26.574 5.037
5 6 88.341 76.056
5 7 10.295 0.235
5 8 81.925 65.18
5 9 9.554 0.154
6 7 73.629 57.657
6 8 83.524 52.599
6 9 22.342 2.620
7 8 77.222 82.742
7 9 5.942 0.14
8 9 7.942 0.15
