10
99
0 1 15 0.660
0 5 19 18.243
1 5 16 12.100
2 3 19 8.442
2 7 6 0.435
2 8 6 7.775
3 7 18 8.098
3 8 5 0.798
7 8 16 5.772
4 6 6 11.562
4 9 8 18.650
6 9 16 0.865
0 2 4 4.154
0 3 16 8.984
0 4 4 2.596
0 6 5 17.576
0 7 15 19.979
0 8 5 11.513
0 9 6 18.242
1 2 6 0.692
1 3 9 15.873
1 4 2 5.672
1 6 9 9.449
1 7 15 8.490
1 8 8 13.284
1 9 8 11.542
2 4 2 2.403
2 5 4 2.447
2 6 13 16.119
2 9 19 7.117
3 4 6 12.285
3 5 5 16.376
3 6 3 5.187
3 9 6 13.830
4 5 3 18.899
4 7 18 9.515
4 8 2 5.547
5 6 6 11.837
5 7 2 18.402
5 8 3 9.088
5 9 8 10.412
6 7 7 10.500
6 8 2 16.003
7 9 15 9.145
8 9 4 9.649
