10
80
0 1 92 7.785
0 2 35 6.349
0 3 5 7.412
0 4 58 9.844
0 5 38 8.928
0 6 56 6.433
0 7 81 8.849
0 8 17 7.576
0 9 78 5.324
1 2 42 4.982
1 3 11 3.387
1 4 44 7.104
1 5 37 3.743
1 6 21 3.558
1 7 19 4.927
1 8 22 9.249
1 9 36 7.588
2 3 58 6.979
2 4 85 7.854
2 5 41 6.129
2 6 14 3.546
2 7 77 2.935
2 8 88 1.135
2 9 89 9.701
3 4 53 7.661
3 5 58 7.981
3 6 83 5.141
3 7 9 5.59
3 8 83 6.69
3 9 31 6.344
4 5 88 7.926
4 6 62 2.582
4 7 71 2.651
4 8 90 9.057
4 9 70 6.499
5 6 64 3.179
5 7 33 8.421
5 8 17 2.538
5 9 3 3.527
6 7 17 3.986
6 8 2 7.951
6 9 73 2.933
7 8 76 6.083
7 9 62 7.528
8 9 75 5.013