10
64.711
0 1 1.035 1.671
0 2 2.911 2.085
1 2 1.096 3.818
0 3 3.738 3.89
1 3 2.21 4.22
2 3 1.276 5.156
0 4 4.006 4.428
1 4 3.575 5.843
2 4 2.402 6.355
3 4 1.814 7.318
0 5 5.074 5.916
1 5 4.778 6.83
2 5 3.116 7.665
3 5 2.08 8.418
4 5 1.679 9.121
0 6 6.65 6.74
1 6 5.297 7.818
2 6 4.062 8.58
3 6 3.636 9.646
4 6 5.51 10.785
5 6 1.142 11.379
0 7 7.079 7.257
1 7 6.179 8.046
2 7 6.538 9.025
3 7 4.385 10.158
4 7 3.885 11.871
5 7 2.82 12.446
6 7 1.333 13.091
0 8 8.005 8.384
1 8 7.732 9.73
2 8 6.428 10.372
3 8 5.795 11.404
4 8 4.013 12.933
5 8 3.449 13.739
6 8 2.585 14.219
7 8 1.331 15.647
0 9 10.963 9.96
1 9 8.604 10.461
2 9 7.455 11.388
3 9 6.912 12.039
4 9 5.999 13.908
5 9 4.993 14.841
6 9 3.163 15.141
7 9 2.416 16.433
8 9 1.013 17.949
