10
99
0 1 53.9 13.19
0 2 39.27 32.65
0 3 69.13 40.3
0 4 55.86 5.0
0 5 11.01 25.74
0 6 82.25 40.39
0 7 83.51 5.78
0 8 42.07 6.23
0 9 65.04 18.34
1 2 12.32 0.3
1 3 62.97 26.95
1 4 40.55 8.83
1 5 32.65 23.57
1 6 10.68 3.17
1 7 60.24 37.77
1 8 87.2 41.16
1 9 24.09 44.89
2 3 88.62 37.04
2 4 72.82 14.41
2 5 36.88 18.85
2 6 82.38 30.67
2 7 53.37 38.27
2 8 30.45 18.93
2 9 29.08 25.88
3 4 51.67 33.68
3 5 88.89 31.76
3 6 32.33 32.51
3 7 28.95 37.21
3 8 29.63 10.92
3 9 65.4 9.56
4 5 51.77 34.89
4 6 86.04 20.06
4 7 65.52 29.92
4 8 17.82 15.53
4 9 28.61 47.09
5 6 19.89 18.29
5 7 47.98 4.52
5 8 40.53 43.57
5 9 89.83 46.61
6 7 70.85 19.81
6 8 30.04 24.87
6 9 54.78 49.07
7 8 54.07 2.65
7 9 35.86 37.35
8 9 52.24 7.31
