10
80
0 1 63.822 93.928
0 2 88.368 6.849
0 3 96.280 30.119
0 4 71.453 27.843
0 5 94.165 5.653
0 6 39.857 23.201
0 7 95.048 89.879
0 8 78.916 21.863
0 9 36.286 89.856
1 2 40.477 25.524
1 3 14.778 84.845
1 4 8.800 45.309
1 5 51.216 90.021
1 6 78.124 6.015
1 7 86.987 6.079
1 8 52.389 6.371
1 9 91.793 89.900
2 3 52.332 90.875
2 4 62.421 44.127
2 5 88.238 6.039
2 6 16.945 70.007
2 7 29.206 96.548
2 8 69.648 42.729
2 9 93.400 61.797
3 4 12.203 40.468
3 5 19.748 28.351
3 6 20.375 29.722
3 7 24.845 1.203
3 8 93.701 19.327
3 9 53.161 1.776
4 5 75.279 84.901
4 6 85.060 56.641
4 7 72.800 55.329
4 8 10.720 2.033
4 9 83.463 19.170
5 6 50.698 12.648
5 7 98.489 32.404
5 8 37.967 54.513
5 9 86.306 22.618
6 7 79.489 6.881
6 8 16.359 19.525
6 9 25.971 46.912
7 8 60.915 72.934
7 9 64.096 68.430
8 9 77.829 92.378
