10
12
0 1 20.953 12.556
0 2 10.887 3.564
0 3 7.006 9.531
0 4 51.388 6.299
0 5 57.255 5.452
0 6 25.518 6.528
0 7 79.854 7.405
0 8 59.976 10.364
0 9 26.771 2.031
1 2 81.328 3.867
1 3 58.157 8.968
1 4 70.592 9.828
1 5 12.223 9.684
1 6 29.038 6.252
1 7 44.13 10.872
1 8 36.412 6.15
1 9 78.804 2.67
2 3 3.406 1.723
2 4 15.778 2.543
2 5 56.504 1.868
2 6 95.135 6.061
2 7 69.518 4.251
2 8 97.154 1.328
2 9 13.524 9.031
3 4 93.166 2.421
3 5 66.939 3.261
3 6 44.533 6.3
3 7 91.563 5.562
3 8 76.536 5.364
3 9 73.906 11.711
4 5 42.916 0.464
4 6 84.058 4.858
4 7 63.988 2.522
4 8 75.329 3.276
4 9 43.39 1.848
5 6 18.996 9.912
5 7 20.034 0.174
5 8 71.6 0.884
5 9 55.9 7.923
6 7 33.509 9.359
6 8 73.587 5.353
6 9 35.82 0.273
7 8 46.119 9.619
7 9 49.087 4.542
8 9 12.328 6.68