10
89
0 1 8 2.891
0 2 9 4.182
0 3 8 9.044
0 4 8 9.099
0 5 9 9.185
0 6 9 8.371
0 7 9 9.435
0 8 8 8.848
0 9 7 9.014
1 2 8 3.095
1 3 9 9.015
1 4 8 6.111
1 5 9 9.022
1 6 9 9.105
1 7 9 9.022
1 8 9 9.008
1 9 9 8.935
2 3 5 4.883
2 4 9 8.998
2 5 7 9.236
2 6 9 9.169
2 7 9 8.748
2 8 8 8.99
2 9 9 8.91
3 4 8 7.629
3 5 9 2.000
3 6 8 9.144
3 7 8 8.833
3 8 9 8.669
3 9 9 8.915
4 5 8 3.788
4 6 10 9.213
4 7 8 9.170
4 8 9 8.689
4 9 8 6.108
5 6 8 7.581
5 7 9 8.976
5 8 9 9.012
5 9 10 1.136
6 7 9 8.990
6 8 8 9.123
6 9 9 8.216
7 8 10 9.091
7 9 8 8.789
8 9 9 9.129
