10
88.8
0 1 52.003 7.39
0 2 52.317 7.4
0 3 49.864 7.595
0 4 49.445 7.463
0 5 45.051 7.572
0 6 48.5 22.288
0 7 46.251 22.396
0 8 47.711 22.204
0 9 48.427 22.272
1 2 50.804 7.385
1 3 45.956 7.476
1 4 49.12 7.536
1 5 49.945 7.424
1 6 49.622 22.272
1 7 49.385 22.313
1 8 47.259 22.39
1 9 48.985 22.349
2 3 48.539 7.404
2 4 45.877 7.419
2 5 47.339 7.561
2 6 46.825 22.21
2 7 48.116 22.271
2 8 49.259 22.298
2 9 45.597 22.282
3 4 52.873 7.4
3 5 50.595 7.357
3 6 45.162 22.332
3 7 48.83 22.205
3 8 48.966 22.267
3 9 47.795 22.2
4 5 50.416 7.327
4 6 47.014 22.297
4 7 46.959 22.343
4 8 48.966 22.341
4 9 46.501 22.337
5 6 48.268 22.339
5 7 49.839 22.395
5 8 47.451 22.398
5 9 49.511 22.211
6 7 53.502 22.106
6 8 48.715 22.345
6 9 46.099 22.269
7 8 48.453 22.312
7 9 48.172 22.291
8 9 53.941 22.112