10
90.685
0 1 15.193 11.862
0 2 17.45 0.583
0 3 17.15 3.732
0 4 10.268 29.089
0 5 17.804 3.174
0 6 1.525 14.8
0 7 31.031 30.479
0 8 4.779 22.282
0 9 11.778 14.464
1 2 0.797 0.298
1 3 20.035 0.079
1 4 0.352 0.282
1 5 0.997 2.713
1 6 15.536 1.67
1 7 2.015 12.551
1 8 13.274 9.616
1 9 12.487 1.053
2 3 18.459 7.672
2 4 0.991 18.333
2 5 12.017 3.904
2 6 4.262 10.694
2 7 3.063 22.326
2 8 1.649 7.9
2 9 0.164 12.265
3 4 0.668 26.763
3 5 1.554 16.712
3 6 21.375 1.86
3 7 2.533 3.126
3 8 0.278 31.115
3 9 0.054 2.295
4 5 14.445 0.274
4 6 23.752 5.108
4 7 31.0 33.5
4 8 0.467 0.533
4 9 0.297 18.796
5 6 19.403 10.905
5 7 5.671 28.274
5 8 0.573 16.654
5 9 11.988 3.118
6 7 0.842 31.444
6 8 4.742 10.506
6 9 3.705 6.346
7 8 17.516 1.327
7 9 21.272 0.544
8 9 3.329 13.311