10
99
0 1 9.214 7.872
0 2 8.797 9.066
0 3 6.827 3.849
0 4 4.746 28.671
0 5 5.041 3.33
0 6 3.09 6.921
0 7 2.598 3.133
0 8 2.841 15.562
0 9 9.491 16.476
1 2 0.071 10.113
1 3 1.052 1.383
1 4 2.603 19.764
1 5 8.932 4.821
1 6 6.036 21.756
1 7 1.319 2.333
1 8 7.775 2.025
1 9 8.796 2.799
2 3 7.899 23.1
2 4 3.096 8.883
2 5 5.736 22.308
2 6 3.678 5.427
2 7 3.833 28.326
2 8 7.504 4.875
2 9 6.617 17.124
3 4 0.731 20.433
3 5 4.544 5.163
3 6 7.093 1.266
3 7 5.727 2.603
3 8 6.683 9.624
3 9 6.161 3.986
4 5 0.591 2.229
4 6 6.52 3.613
4 7 1.344 26.694
4 8 8.204 7.428
4 9 6.508 18.117
5 6 3.822 10.812
5 7 2.944 6.232
5 8 7.629 0.225
5 9 2.178 1.824
6 7 9.553 12.03
6 8 3.172 2.181
6 9 2.41 24.324
7 8 7.361 20.529
7 9 5.662 1.785
8 9 2.238 23.466
