10
95
0 1 8 7.591
0 2 9 10.172
0 3 8 4.234
0 4 4 3.899
0 5 4 7.085
0 6 3 9.361
0 7 3 5.445
0 8 8 6.341
0 9 7 4.514
1 2 6 2.395
1 3 7 1.915
1 4 8 9.81
1 5 3 8.972
1 6 9 15.405
1 7 9 10.522
1 8 9 7.448
1 9 9 4.832
2 3 5 8.883
2 4 9 6.78
2 5 2 15.236
2 6 3 6.769
2 7 9 8.920
2 8 2 8.99
2 9 4 7.91
3 4 8 4.629
3 5 4 9.123
3 6 3 3.844
3 7 7 6.833
3 8 9 3.66
3 9 2 7.756
4 5 4 6.77
4 6 10 15.833
4 7 6 9.197
4 8 9 4.639
4 9 5 1.008
5 6 3 6.761
5 7 4 8.976
5 8 9 2.112
5 9 3 4.066
6 7 8 7.193
6 8 4 5.058
6 9 4 4.003
7 8 2 1.49
7 9 6 2.362
8 9 8 15.29
