10
80
0 1 8.788 7.757
0 2 8.994 8.64
0 3 8.159 8.179
0 4 8.882 8.208
0 5 8.812 8.377
0 6 7.894 7.204
0 7 9.259 8.781
0 8 9.154 8.75
0 9 9.176 8.089
1 2 8.182 8.815
1 3 9.555 7.776
1 4 8.786 8.431
1 5 10.495 8.647
1 6 9.141 8.341
1 7 8.044 8.644
1 8 7.981 8.561
1 9 9.202 8.122
2 3 9.765 8.931
2 4 9.836 8.797
2 5 7.897 8.047
2 6 9.521 8.619
2 7 8.12 8.17
2 8 8.534 8.88
2 9 8.806 8.726
3 4 4.637 5.937
3 5 8.579 8.638
3 6 4.157 3.832
3 7 9.441 8.241
3 8 4.995 4.115
3 9 9.309 7.566
4 5 8.283 8.565
4 6 4.673 3.43
4 7 9.042 7.735
4 8 5.483 4.015
4 9 9.531 8.172
5 6 9.233 8.225
5 7 9.711 8.068
5 8 9.528 8.385
5 9 8.954 8.379
6 7 9.563 8.044
6 8 4.262 4.894
6 9 8.421 8.17
7 8 8.074 8.45
7 9 8.966 8.905
8 9 9.091 8.551