10
10
0 1 0.472 4.032
0 2 0.494 12.145
0 3 0.929 18.496
0 4 0.173 19.506
0 5 0.164 3.549
0 6 0.92 11.575
0 7 1.063 2.0
0 8 0.219 17.197
0 9 0.21 14.108
1 2 12.43 0.04
1 3 0.391 13.436
1 4 3.07 1.453
1 5 0.12 13.662
1 6 0.424 17.807
1 7 0.626 14.835
1 8 0.435 11.093
1 9 0.503 20.626
2 3 0.102 15.31
2 4 0.749 0.505
2 5 0.574 9.18
2 6 0.627 18.724
2 7 0.611 17.085
2 8 0.399 16.09
2 9 0.468 14.519
3 4 0.64 4.325
3 5 0.196 7.342
3 6 0.674 2.0
3 7 0.442 5.288
3 8 0.145 4.936
3 9 0.263 9.319
4 5 0.671 10.477
4 6 0.745 9.172
4 7 0.422 18.817
4 8 0.31 14.994
4 9 0.626 18.507
5 6 0.253 7.271
5 7 0.241 17.213
5 8 0.273 0.756
5 9 3.088 0.021
6 7 0.128 13.485
6 8 0.251 5.562
6 9 0.121 7.431
7 8 0.12 16.675
7 9 0.252 15.333
8 9 2.377 1.222