10
99.999
5 4 64.102 17.702
5 8 62.02 2.611
5 0 45.653 1.356
5 1 44.085 2.277
5 2 62.491 1.1
5 3 62.681 1.115
5 6 72.011 12.486
5 7 45.093 0.952
5 9 44.461 2.576
4 8 66.778 13.019
4 0 77.951 2.741
4 1 52.751 18.396
4 2 92.34 1.022
4 3 53.9 12.711
4 6 56.692 15.009
4 7 41.546 2.081
4 9 65.483 21.015
8 0 52.778 20.724
8 1 66.335 2.197
8 2 60.702 18.914
8 3 64.165 12.955
8 6 55.147 13.808
8 7 52.014 5.837
8 9 45.633 11.017
7 6 67.341 10.775
7 0 48.885 1.876
7 9 85.352 0.906
7 1 66.973 14.36
7 2 52.703 2.384
7 3 31.96 1.342
6 0 44.619 1.044
6 9 58.77 16.509
6 1 64.187 16.69
6 2 54.605 12.954
6 3 49.302 12.305
0 9 84.119 2.221
0 1 45.618 16.34
0 2 50.296 10.273
0 3 77.591 19.051
9 1 51.946 19.494
9 2 56.441 2.409
9 3 54.243 11.026
1 3 54.411 5.597
1 2 75.04 16.589
3 2 54.368 11.146