10
74.808
0 1 48.18 3.272
0 2 43.922 2.005
0 3 31.571 3.107
0 4 41.601 4.701
0 5 47.856 2.255
0 6 35.007 4.303
0 7 41.05 3.109
0 8 62.617 7.051
0 9 42.837 2.268
1 2 65.342 5.564
1 3 34.789 4.77
1 4 37.32 6.174
1 5 53.27 3.071
1 6 49.4 4.814
1 7 2.109 2.158
1 8 58.291 3.397
1 9 47.983 3.789
2 3 62.29 4.173
2 4 47.124 3.152
2 5 85.14 4.336
2 6 68.349 5.875
2 7 42.194 2.776
2 8 49.644 4.458
2 9 73.5 3.831
3 4 38.9 2.566
3 5 49.238 4.563
3 6 80.178 3.885
3 7 50.428 4.217
3 8 28.273 4.358
3 9 29.127 3.569
4 5 30.359 3.372
4 6 40.692 3.643
4 7 38.577 5.944
4 8 69.505 3.133
4 9 63.246 5.418
5 6 66.832 3.059
5 7 75.023 4.868
5 8 41.871 4.434
5 9 52.141 4.212
6 7 25.201 3.841
6 8 45.259 5.995
6 9 72.531 2.596
7 8 28.299 4.006
7 9 45.471 3.388
8 9 41.235 5.857