10
2.238
0 1 40.221 0.19
0 2 24.36 0.196
0 3 68.547 0.064
0 4 31.191 0.291
0 5 25.936 0.504
0 6 25.339 0.312
0 7 24.034 0.34
0 8 46.95 0.792
0 9 2.801 0.276
1 2 10.126 0.206
1 3 93.398 0.192
1 4 34.026 0.246
1 5 30.144 0.738
1 6 0.035 0.278
1 7 43.841 0.321
1 8 36.689 0.696
1 9 22.182 0.228
2 3 11.179 0.193
2 4 38.0 0.233
2 5 24.25 0.808
2 6 17.67 0.225
2 7 40.154 0.198
2 8 22.66 0.594
2 9 49.25 0.896
3 4 31.041 0.317
3 5 12.64 0.78
3 6 22.181 0.303
3 7 17.042 0.307
3 8 29.911 0.636
3 9 5.258 0.239
4 5 19.528 0.541
4 6 74.601 0.107
4 7 48.497 0.141
4 8 31.694 0.651
4 9 39.209 0.232
5 6 40.889 0.812
5 7 37.271 0.622
5 8 47.64 0.447
5 9 17.802 0.729
6 7 58.596 0.196
6 8 48.573 0.733
6 9 6.396 0.291
7 8 47.499 0.616
7 9 18.105 0.289
8 9 32.876 0.702