10
50
0 1 7.417 25.004
0 2 6.897 48.952
0 3 5.482 27.668
0 4 5.905 37.140
0 5 5.039 21.841
0 6 5.682 33.157
0 7 13.535 3.657
0 8 13.906 8.218
0 9 6.190 24.577
1 2 6.906 46.076
1 3 5.376 38.698
1 4 5.090 37.315
1 5 6.720 21.204
1 6 13.321 4.757
1 7 6.346 34.314
1 8 5.613 43.202
1 9 12.760 7.118
2 3 13.152 11.875
2 4 7.912 45.669
2 5 7.035 26.379
2 6 5.205 27.277
2 7 5.270 31.394
2 8 5.313 31.102
2 9 5.855 32.551
3 4 7.883 31.181
3 5 5.595 35.119
3 6 6.112 32.972
3 7 6.929 36.706
3 8 7.735 32.446
3 9 7.969 44.689
4 5 13.721 11.875
4 6 7.269 39.648
4 7 5.231 49.626
4 8 5.517 33.752
4 9 5.641 39.033
5 6 6.105 35.711
5 7 7.662 47.764
5 8 7.039 39.504
5 9 7.252 45.808
6 7 6.998 32.840
6 8 5.023 33.286
6 9 12.930 0.000
7 8 12.893 0.000
7 9 7.861 49.651
8 9 7.654 25.999
