10
71.628
0 1 74.449 1.222
0 2 60.696 0.08
0 3 54.705 0.005
0 4 87.083 0.0
0 5 11.75 49.667
0 6 12.209 16.801
0 7 2.007 42.648
0 8 31.594 85.894
0 9 5.239 89.096
1 2 92.613 0.022
1 3 91.78 0.001
1 4 96.874 0.001
1 5 18.057 95.671
1 6 9.505 50.198
1 7 11.913 76.141
1 8 36.265 63.121
1 9 26.53 2.23
2 3 92.629 0.003
2 4 53.818 0.0
2 5 27.424 94.785
2 6 5.126 52.083
2 7 34.504 28.525
2 8 34.015 96.108
2 9 43.279 87.26
3 4 70.568 0.0
3 5 16.529 4.239
3 6 17.524 85.002
3 7 28.212 93.494
3 8 32.792 72.351
3 9 13.225 8.691
4 5 18.629 93.521
4 6 6.224 27.106
4 7 3.709 47.604
4 8 41.205 1.919
4 9 34.386 35.132
5 6 55.279 1.521
5 7 81.421 0.596
5 8 72.028 0.003
5 9 41.535 38.504
6 7 87.29 0.046
6 8 99.222 0.081
6 9 22.605 30.15
7 8 63.753 0.023
7 9 45.052 24.5
8 9 36.465 19.837