10
99.999
0 1 25.001 18
0 2 30.002 1.999
0 3 14.531 0
0 4 10.560 17
0 5 0 0
0 6 99.123 25
0 7 10.542 18.2
0 8 45.721 20
0 9 2.654 9
1 2 35.003 0
1 3 70.742 34
1 4 0.001 40
1 5 0.001 40
1 6 11.125 37
1 7 15.621 39
1 8 6.712 18
1 9 3.723 23
2 3 60.735 34
2 4 1.061 23
2 5 3.015 26
2 6 11.062 27
2 7 99.023 51
2 8 2.943 28
2 9 1.295 20
3 4 99.999 51
3 5 99.998 34
3 6 99.997 38
3 7 12.942 20
3 8 20.871 20
3 9 0.253 4
4 5 30.001 19.9
4 6 2.582 0.000
4 7 1.095 0
4 8 35.253 20
4 9 29.354 18.5
5 6 29.254 30
5 7 30.001 19.9
5 8 26.897 17
5 9 6.982 7
6 7 35 18.5
6 8 40.992 20
6 9 69.144 69
7 8 34.342 17
7 9 0.00 12
8 9 37 19.9
