10
99.69
0 1 26.658 38.173
0 2 55.683 25.874
0 3 76.373 38.969
0 4 30.944 16.295
0 5 40.351 40.67
0 6 76.244 31.133
0 7 79.106 46.891
0 8 96.994 31.723
0 9 30.446 41.048
1 2 78.419 45.848
1 3 39.77 55.428
1 4 52.664 46.407
1 5 55.12 10.866
1 6 31.084 67.074
1 7 86.385 12.722
1 8 79.236 29.632
1 9 33.719 51.273
2 3 54.154 19.029
2 4 40.661 32.57
2 5 32.37 26.242
2 6 46.841 65.223
2 7 33.4 67.041
2 8 29.989 23.42
2 9 88.187 62.496
3 4 25.715 10.114
3 5 55.449 53.971
3 6 78.04 35.774
3 7 38.187 10.103
3 8 78.662 64.206
3 9 59.989 52.047
4 5 69.088 10.786
4 6 46.831 44.325
4 7 92.723 60.914
4 8 34.804 10.074
4 9 37.897 55.462
5 6 20.743 61.872
5 7 86.526 13.516
5 8 96.2 52.369
5 9 33.795 47.798
6 7 55.197 28.095
6 8 65.138 38.312
6 9 33.603 20.433
7 8 71.171 29.307
7 9 69.086 26.232
8 9 62.613 55.912