10 
72.184 
0 1 94.555 40.506
0 2 8.693 0.084
0 3 49.393 75.202
0 4 33.337 25.693
0 5 27.363 56.833
0 6 72.249 48.691
0 7 64.247 17.271
0 8 74.579 73.187
0 9 30.825 33.659
1 2 45.909 93.508
1 3 93.203 89.969
1 4 54.196 27.047
1 5 55.703 98.997
1 6 54.778 69.764
1 7 48.818 10.371
1 8 53.049 36.736
1 9 91.08 97.428
2 3 30.718 38.17
2 4 68.834 91.488
2 5 5.186 62.228
2 6 16.887 4.223
2 7 28.608 90.629
2 8 78.549 75.924
2 9 67.651 49.891
3 4 8.209 75.164
3 5 99.429 40.578
3 6 60.556 26.34
3 7 15.692 88.39
3 8 65.214 0.982
3 9 32.427 44.512
4 5 31.897 96.415
4 6 38.871 24.134
4 7 60.014 91.817
4 8 48.85 50.294
4 9 5.578 7.49
5 6 95.696 44.563
5 7 6.521 76.294
5 8 53.294 45.324
5 9 96.798 67.605
6 7 60.103 33.342
6 8 61.14 17.077
6 9 23.954 40.914
7 8 34.603 8.696
7 9 32.574 4.785
8 9 7.122 29.139