10
64.565
0 1 49.284 69.696
0 2 97.969 44.1
0 3 43.681 18.496
0 4 11.025 24.336
0 5 27.225 81.796
0 6 11.025 4.096
0 7 40.0 41.209
0 8 14.4 52.9
0 9 71.289 15.625
1 2 0.001 10.609
1 3 41.209 8.1
1 4 58.564 86.436
1 5 80.089 30.976
1 6 65.536 60.516
1 7 23.104 0.196
1 8 27.225 68.121
1 9 16.384 45.369
2 3 47.961 98.596
2 4 25.281 2.304
2 5 21.316 3.6
2 6 49.729 56.169
2 7 6.4 0.016
2 8 1.024 0.081
2 9 33.124 17.956
3 4 25.6 8.281
3 5 12.321 16.9
3 6 47.961 0.484
3 7 3.136 82.369
3 8 2.704 13.924
3 9 3.136 22.5
4 5 11.881 72.9
4 6 18.225 3.969
4 7 0.036 3.249
4 8 14.4 1.444
4 9 9.604 50.625
5 6 0.256 9.409
5 7 61.009 50.176
5 8 70.225 94.864
5 9 2.916 31.329
6 7 8.649 76.729
6 8 52.441 78.961
6 9 27.889 47.961
7 8 2.601 0.049
7 9 0.256 92.416
8 9 51.984 4.096