10
8.184
0 1 80.35 0.642
0 2 77.89 0.732
0 3 9.11 1.788
0 4 78.99 1.757
0 5 69.16 0.633
0 6 28.47 1.488
0 7 23.66 1.519
0 8 78.62 0.811
0 9 78.37 0.45
1 2 77.7 0.647
1 3 78.58 0.463
1 4 87.02 0.613
1 5 48.19 0.318
1 6 30.97 1.648
1 7 49.53 1.358
1 8 17.87 1.446
1 9 8.1 1.825
2 3 93.77 1.138
2 4 90.45 0.929
2 5 7.6 0.148
2 6 13.14 1.725
2 7 35.82 0.285
2 8 64.93 0.818
2 9 75.34 1.857
3 4 80.86 0.508
3 5 82.66 0.743
3 6 14.98 0.487
3 7 56.77 1.814
3 8 53.92 0.517
3 9 96.13 1.261
4 5 80.57 0.65
4 6 4.2 0.323
4 7 13.07 0.307
4 8 17.99 0.364
4 9 59.87 0.338
5 6 22.95 0.058
5 7 13.37 0.434
5 8 91.11 1.0
5 9 99.66 1.193
6 7 89.24 0.728
6 8 61.97 1.927
6 9 22.57 0.944
7 8 3.67 1.944
7 9 19.62 0.591
8 9 79.61 0.487