10
78.129
0 1 8.132 2.485
0 2 1.041 1.904
0 3 1.184 9.484
0 4 8.574 4.87
0 5 9.672 4.729
0 6 3.267 8.334
0 7 7.712 9.898
0 8 8.494 2.103
0 9 7.695 3.946
1 2 0.382 7.385
1 3 8.467 6.47
1 4 7.953 1.267
1 5 0.586 6.366
1 6 2.096 7.943
1 7 6.539 7.247
1 8 1.942 5.15
1 9 9.184 0.244
2 3 5.946 0.225
2 4 7.403 7.348
2 5 6.997 4.31
2 6 5.743 4.955
2 7 4.196 2.265
2 8 9.762 9.034
2 9 7.799 1.317
3 4 1.322 1.514
3 5 5.475 9.307
3 6 4.688 7.499
3 7 5.25 2.334
3 8 4.329 1.872
3 9 7.726 4.009
4 5 0.979 3.952
4 6 8.086 3.652
4 7 8.72 0.433
4 8 5.457 6.63
4 9 9.702 5.701
5 6 9.559 8.756
5 7 6.648 9.284
5 8 6.167 8.342
5 9 7.789 7.352
6 7 4.314 9.77
6 8 8.269 3.475
6 9 5.825 2.877
7 8 3.841 0.025
7 9 9.901 5.369
8 9 4.937 7.451