10
92.91
0 1 65.727 21.847
0 2 96.222 48.591
0 3 58.143 38.094
0 4 45.164 21.585
0 5 10.148 27.594
0 6 69.124 34.944
0 7 42.378 21.239
0 8 12.457 12.631
0 9 88.264 46.799
1 2 65.974 30.423
1 3 48.488 25.119
1 4 44.843 26.567
1 5 10.375 44.091
1 6 91.346 33.673
1 7 45.348 29.123
1 8 72.566 33.844
1 9 2.568 25.123
2 3 69.42 9.612
2 4 42.069 8.47
2 5 12.224 30.327
2 6 97.612 44.437
2 7 18.61 49.935
2 8 20.78 18.685
2 9 46.39 36.56
3 4 45.364 5.14
3 5 27.78 47.595
3 6 14.12 22.795
3 7 26.75 25.02
3 8 55.03 24.055
3 9 28.12 22.57
4 5 35.17 30.08
4 6 21.22 45.12
4 7 65.24 27.985
4 8 88.27 37.465
4 9 72.29 44.935
5 6 33.82 4.098
5 7 13.991 0.914
5 8 6.56 1.65
5 9 36.25 12.13
6 7 5.22 0.365
6 8 27.294 3.055
6 9 57.98 41.91
7 8 55.232 9.561
7 9 17.89 7.73
8 9 18.87 36.244