10
76.029
0 1 18.365 7.116
0 2 14.412 4.688
0 3 9.86 2.771
0 4 8.884 6.209
0 5 9.623 5.457
0 6 8.354 4.441
0 7 13.91 5.987
0 8 16.64 2.388
0 9 18.552 5.801
1 2 11.364 7.206
1 3 18.795 7.89
1 4 7.249 2.539
1 5 6.06 3.275
1 6 19.096 5.649
1 7 13.533 3.708
1 8 11.342 3.425
1 9 12.946 5.447
2 3 15.104 3.421
2 4 18.636 6.813
2 5 19.621 7.611
2 6 7.859 4.175
2 7 19.761 6.958
2 8 17.067 3.86
2 9 9.478 5.126
3 4 15.283 4.106
3 5 15.704 8.288
3 6 16.653 8.056
3 7 12.269 5.467
3 8 15.358 2.399
3 9 15.866 8.03
4 5 16.153 8.29
4 6 17.359 3.568
4 7 8.319 3.126
4 8 18.379 5.192
4 9 15.23 7.148
5 6 9.27 6.971
5 7 15.551 6.558
5 8 19.206 2.5
5 9 6.051 8.35
6 7 17.534 6.419
6 8 12.625 3.891
6 9 12.537 3.801
7 8 6.04 6.609
7 9 11.812 6.454
8 9 11.394 5.471