10
50
0 1 0.801 0.618
0 2 0.204 0.237
1 2 0.45 0.47
0 3 0.186 0.856
1 3 0.762 0.867
2 3 0.775 0.711
0 4 0.03 0.431
1 4 0.239 0.952
2 4 0.999 0.645
3 4 0.864 0.291
0 5 0.434 0.977
1 5 0.72 0.688
2 5 0.545 0.402
3 5 0.025 0.484
4 5 0.162 0.367
0 6 0.786 0.406
1 6 0.743 0.498
2 6 0.618 0.939
3 6 0.846 0.383
4 6 0.009 0.18
5 6 0.039 0.501
0 7 0.739 0.997
1 7 0.721 0.3
2 7 0.042 0.187
3 7 0.965 0.001
4 7 0.58 0.886
5 7 0.405 0.249
6 7 0.907 0.718
0 8 0.013 0.325
1 8 0.049 0.162
2 8 0.6 0.282
3 8 0.811 0.055
4 8 0.387 0.567
5 8 0.223 0.102
6 8 0.317 0.795
7 8 0.087 0.876
0 9 0.024 0.487
1 9 0.991 0.911
2 9 0.315 0.905
3 9 0.505 0.921
4 9 0.905 0.523
5 9 0.653 0.083
6 9 0.4 0.234
7 9 0.512 0.278
8 9 0.572 0.897
