10
98
0 1 10 10
0 2 20 20
0 3 10 10
0 4 26 26
0 5 26 26
0 6 26 26
0 7 26 26
0 8 26 26
0 9 10 10
1 2 19 19
1 3 4 4
1 4 26.7 26.7
1 5 26.7 26.7
1 6 26.7 26.7
1 7 26.7 26.7
1 8 3 3
1 9 25.8 25.8
2 3 14 14
2 4 25.8 25.8
2 5 25.8 25.8
2 6 26.8 26.8
2 7 26.8 26.8
2 8 2 2
2 9 26.8 26.8
3 4 26.8 26.8
3 5 26.8 26.8
3 6 27.8 27.8
3 7 26.2 26.2
3 8 26.2 26.2
3 9 4 4
4 5 10 10
4 6 20 20
4 7 10 10
4 8 26.2 26.2
4 9 26.2 26.2
5 6 19 19
5 7 4 4
5 8 26 26
5 9 25.9 25.9
6 7 14 14
6 8 25.9 25.9
6 9 25.9 25.9
7 8 26.9 26.9
7 9 25.3 25.3
8 9 25.5 25.5