10
90
0 1 47.034 20.539
0 2 65.374 3.78
0 3 53.32 40.811
0 4 78.164 6.381
0 5 52.143 20.552
0 6 86.707 63.674
0 7 0.58 81.987
0 8 61.846 17.875
0 9 58.481 19.229
1 2 16.194 82.333
1 3 78.893 62.957
1 4 73.423 29.877
1 5 93.033 69.06
1 6 71.746 42.061
1 7 79.073 16.807
1 8 86.321 68.313
1 9 92.488 53.359
2 3 47.971 96.248
2 4 31.015 70.006
2 5 56.437 69.28
2 6 75.082 31.535
2 7 34.537 18.459
2 8 46.085 82.336
2 9 85.227 98.192
3 4 32.79 4.819
3 5 10.992 97.437
3 6 92.334 48.96
3 7 2.706 86.442
3 8 22.682 27.308
3 9 63.965 49.574
4 5 72.429 44.76
4 6 96.444 68.798
4 7 15.126 74.539
4 8 1.943 55.669
4 9 95.46 33.038
5 6 13.606 51.474
5 7 69.985 16.718
5 8 7.459 44.536
5 9 4.103 43.043
6 7 52.304 21.536
6 8 7.163 37.158
6 9 27.972 19.221
7 8 89.533 27.124
7 9 11.542 41.477
8 9 95.374 58.705
