10
75
0 1 48 6.257
0 2 49 6.256
0 3 47 6.258
0 4 51 6.255
0 5 51 6.249
0 6 54 6.257
0 7 49 6.258
0 8 51 6.256
0 9 48 6.256
1 2 45 6.247
1 3 52 6.259
1 4 51 6.248
1 5 50 6.257
1 6 51 6.257
1 7 53 6.256
1 8 47 6.256
1 9 47 6.257
2 3 46 6.255
2 4 53 6.248
2 5 48 6.255
2 6 52 6.259
2 7 50 6.256
2 8 50 6.257
2 9 50 6.256
3 4 47 6.258
3 5 50 6.255
3 6 54 6.247
3 7 51 6.257
3 8 50 6.248
3 9 54 6.259
4 5 54 6.256
4 6 51 6.256
4 7 49 6.255
4 8 51 6.259
4 9 50 6.258
5 6 53 6.257
5 7 46 6.257
5 8 50 6.258
5 9 49 6.257
6 7 49 6.258
6 8 46 6.247
6 9 53 6.258
7 8 48 6.256
7 9 50 6.249
8 9 45 6.258
