10
7
0 1 0.771 0.639
0 2 0.705 0.476
0 3 0.821 0.994
0 4 0.836 2.333
0 5 0.058 0.655
0 6 0.212 0.13
0 7 0.83 0.656
0 8 0.199 0.612
0 9 0.301 0.503
1 2 0.212 0.868
1 3 0.893 0.086
1 4 0.613 0.333
1 5 0.961 0.113
1 6 0.877 0.689
1 7 0.85 0.567
1 8 0.901 0.531
1 9 0.066 0.881
2 3 0.609 0.826
2 4 0.315 0.581
2 5 0.486 0.226
2 6 0.169 0.428
2 7 0.672 0.139
2 8 0.418 0.539
2 9 0.542 0.125
3 4 0.653 0.14
3 5 0.808 0.314
3 6 0.962 0.333
3 7 0.749 0.336
3 8 0.123 0.756
3 9 0.126 0.012
4 5 0.322 0.332
4 6 0.3 0.801
4 7 0.752 0.608
4 8 0.701 0.648
4 9 0.326 0.695
5 6 0.269 0.802
5 7 0.155 0.122
5 8 0.66 0.760
5 9 0.451 0.431
6 7 0.58 0.321
6 8 0.662 0.204
6 9 0.564 0.937
7 8 0.519 0.89
7 9 0.723 0.734
8 9 0.9 0.25
