10
96.129
0 1 7.145 0.258
0 2 5.300 0.382
0 3 76.234 1.224
0 4 47.241 0.036
0 5 10.325 2.983
0 6 61.432 4.222
0 7 8.231 0.848
0 8 44.123 0.197
0 9 20.349 0.025
1 2 29.561 7.129
1 3 24.765 0.655
1 4 3.135 3.001
1 5 52.122 0.002
1 6 0.234 1.244
1 7 8.352 3.535
1 8 2.443 0.005
1 9 52.321 4.241
2 3 17.323 5.280
2 4 36.231 1.398
2 5 10.331 5.781
2 6 50.139 9.234
2 7 30.243 0.179
2 8 67.032 0.720
2 9 15.089 6.227
3 4 39.242 0.751
3 5 30.541 0.139
3 6 4.941 0.856
3 7 7.424 2.417
3 8 12.234 1.685
3 9 20.672 3.342
4 5 7.332 0.558
4 6 59.391 0.927
4 7 2.421 2.220
4 8 18.213 6.438
4 9 45.223 2.071
5 6 21.321 2.111
5 7 32.223 0.007
5 8 14.452 0.492
5 9 25.454 7.534
6 7 70.325 0.026
6 8 15.245 0.001
6 9 20.324 0.042
7 8 3.453 2.895
7 9 5.456 0.210
8 9 13.531 1.373