10
50.0
0 1 19.717 10.0
0 2 64.211 14.103
0 3 0.443 28.709
0 4 88.215 49.866
0 5 12.771 69.712
0 6 42.721 24.663
0 7 12.314 87.183
0 8 9.228 82.269
0 9 5.451 21.053
1 2 28.291 38.085
1 3 86.794 39.71
1 4 50.27 78.187
1 5 54.702 38.998
1 6 11.045 68.674
1 7 20.24 98.6
1 8 84.456 74.479
1 9 40.557 65.774
2 3 59.23 85.447
2 4 61.802 48.603
2 5 74.419 83.468
2 6 43.094 77.577
2 7 36.52 15.695
2 8 7.618 21.372
2 9 75.973 73.822
3 4 19.9 9.976
3 5 3.575 69.051
3 6 16.64 26.862
3 7 18.913 26.142
3 8 11.159 96.487
3 9 18.126 67.072
4 5 5.657 60.804
4 6 79.29 58.317
4 7 0.569 20.327
4 8 12.906 53.095
4 9 46.629 75.218
5 6 19.839 10.0
5 7 16.118 43.385
5 8 18.097 72.668
5 9 19.609 75.456
6 7 62.505 53.7
6 8 98.573 31.17
6 9 29.396 48.048
7 8 20.161 4.48
7 9 19.686 1.601
8 9 19.988 3.918