10
93.214
0 1 21 23.956
0 2 76 5.272
0 3 39 21.729
0 4 85 4.995
0 5 30 24.329
0 6 64 5.383
0 7 33 24.142
0 8 20 23.749
0 9 40 20.207
1 2 38 20.175
1 3 63 10.422
1 4 33 24.329
1 5 26 22.174
1 6 32 21.449
1 7 39 25.603
1 8 60 10.51
1 9 37 24.204
2 3 33 21.646
2 4 84 5.044
2 5 34 25.613
2 6 85 4.995
2 7 36 25.395
2 8 41 24.132
2 9 32 21.646
3 4 27 22.982
3 5 37 22.154
3 6 36 25.054
3 7 27 23.169
3 8 81 10.136
3 9 22 21.17
4 5 39 25.665
4 6 75 5.373
4 7 24 21.097
4 8 32 22.827
4 9 28 20.072
5 6 37 23.821
5 7 81 10.954
5 8 27 23.624
5 9 80 10.094
6 7 40 24.846
6 8 21 22.361
6 9 37 25.354
7 8 40 20.072
7 9 63 10.004
8 9 35 23.997
