10
84.456
0 1 66.242 11.130
0 2 44.249 74.782
0 3 90.918 25.227
0 4 73.575 38.548
0 5 61.632 55.819
0 6 6.852 82.578
0 7 20.606 14.385
0 8 8.987 78.653
0 9 59.593 6.393
1 2 14.979 42.001
1 3 21.199 98.753
1 4 23.342 49.751
1 5 23.342 31.110
1 6 23.342 49.405
1 7 23.342 68.522
1 8 23.342 22.448
1 9 43.392 10.137
2 3 85.842 8.883
2 4 59.819 11.234
2 5 22.789 14.236
2 6 23.234 16.769
2 7 19.546 8.748
2 8 12.234 8.992
2 9 14.543 8.912
3 4 36.237 4.629
3 5 76.969 59.123
3 6 23 33.844
3 7 37 36.833
3 8 39 43.66
3 9 32 73.756
4 5 34 63.77
4 6 10 13.833
4 7 26 29.197
4 8 39 24.639
4 9 25 17.008
5 6 33 4.761
5 7 31 4.976
5 8 29 4.112
5 9 23 7.066
6 7 18 5.193
6 8 14 2.058
6 9 24 6.003
7 8 32 4.49
7 9 16 9.362
8 9 29.234 10.29