10
30.564
0 1 4.385 6.954
0 2 2.382 8.769
0 3 6.335 1.525
0 4 3.529 5.992
0 5 3.55 7.797
0 6 0.699 8.935
0 7 2.192 7.028
0 8 6.579 2.331
0 9 0.985 5.447
1 2 4.893 6.768
1 3 4.064 8.235
1 4 9.3 3.722
1 5 2.81 6.132
1 6 1.111 8.026
1 7 7.087 4.246
1 8 2.843 7.983
1 9 4.862 5.9
2 3 5.998 5.688
2 4 4.313 8.359
2 5 8.503 1.168
2 6 8.304 3.527
2 7 3.073 5.07
2 8 0.311 8.179
2 9 6.245 2.335
3 4 5.944 7.567
3 5 4.608 5.06
3 6 5.53 9.239
3 7 0.852 5.052
3 8 8.413 1.923
3 9 0.837 5.998
4 5 0.366 7.007
4 6 5.691 7.423
4 7 9.281 0.281
4 8 3.597 6.163
4 9 1.112 9.865
5 6 8.514 2.12
5 7 5.849 5.117
5 8 4.093 6.538
5 9 9.645 0.422
6 7 5.239 5.324
6 8 1.187 8.41
6 9 4.651 0.616
7 8 4.68 6.728
7 9 2.751 6.826
8 9 2.596 8.638
