10
85.731
0 1 7.183 14.561
0 2 8.089 11.789
0 3 9.709 16.299
0 4 98.821 10.366
0 5 8.346 9.254
0 6 9.193 11.13
0 7 9.709 13.727
0 8 7.191 12.005
0 9 9.011 12.335
1 2 6.543 13.174
1 3 9.23 12.733
1 4 6.881 13.053
1 5 6.806 8.872
1 6 7.053 14.391
1 7 57.951 11.041
1 8 6.626 10.737
1 9 8.839 13.345
2 3 9.297 12.125
2 4 5.775 12.405
2 5 80.32 16.827
2 6 5.208 12.304
2 7 5.864 16.882
2 8 5.722 10.662
2 9 5.051 15.899
3 4 7.773 30.917
3 5 7.248 29.408
3 6 5.341 11.743
3 7 7.085 28.663
3 8 58.583 11.138
3 9 7.969 29.375
4 5 9.006 32.173
4 6 6.207 11.371
4 7 7.829 21.928
4 8 9.808 14.711
4 9 6.325 25.318
5 6 8.668 9.416
5 7 6.574 27.958
5 8 9.576 11.86
5 9 7.67 18.286
6 7 9.622 11.405
6 8 6.824 15.733
6 9 86.787 12.349
7 8 6.426 8.761
7 9 7.518 29.738
8 9 6.757 9.221