10
80
0 1 78.07 2.419
0 2 63.964 4.9
0 3 83.468 1.841
0 4 85.697 6.314
0 5 47.278 0.045
0 6 34.915 6.362
0 7 40.334 5.722
0 8 43.77 3.514
0 9 24.739 7.828
1 2 70.845 2.25
1 3 11.114 7.327
1 4 12.706 5.227
1 5 35.448 0.742
1 6 21.793 2.407
1 7 50.638 7.935
1 8 95.469 2.075
1 9 11.034 4.309
2 3 11.401 0.682
2 4 12.498 0.827
2 5 66.914 1.806
2 6 30.163 3.145
2 7 53.2 7.895
2 8 94.051 2.217
2 9 76.072 2.417
3 4 3.575 1.157
3 5 48.472 3.418
3 6 97.11 7.375
3 7 63.599 2.784
3 8 70.287 6.758
3 9 97.955 0.113
4 5 18.885 4.272
4 6 97.818 7.785
4 7 69.051 3.448
4 8 85.732 7.26
4 9 20.755 1.966
5 6 84.623 7.463
5 7 68.682 1.36
5 8 89.169 1.679
5 9 37.826 5.328
6 7 36.341 0.129
6 8 33.497 6.238
6 9 86.169 4.412
7 8 82.95 4.737
7 9 95.4 2.005
8 9 87.31 0.124