10
70
0 1 65.803 6.522
0 2 17.536 87.542
0 3 52.74 25.155
0 4 93.265 45.424
0 5 89.325 2.702
0 6 98.435 3.513
0 7 88.245 3.169
0 8 98.697 5.882
0 9 11.267 0.491
1 2 65.829 82.67
1 3 88.746 8.718
1 4 51.7 7.539
1 5 88.159 25.574
1 6 44.043 99.837
1 7 76.987 17.475
1 8 98.97 7.11
1 9 63.32 7.393
2 3 76.13 5.762
2 4 41.521 35.143
2 5 56.941 79.692
2 6 55.297 9.924
2 7 99.815 15.146
2 8 43.498 0.794
2 9 97.008 6.64
3 4 38.475 91.949
3 5 56.024 85.811
3 6 99.083 49.587
3 7 12.367 55.181
3 8 1.46 41.467
3 9 97.273 7.537
4 5 21.824 14.696
4 6 82.949 81.31
4 7 41.003 24.09
4 8 82.179 7.112
4 9 93.214 45.579
5 6 43.843 3.314
5 7 25.734 3.703
5 8 0.722 33.756
5 9 76.445 70.125
6 7 31.974 3.868
6 8 72.726 23.655
6 9 57.175 71.984
7 8 20.247 30.505
7 9 93.394 10.695
8 9 29.465 44.158
