10
83
0 1 5.0 7.634
0 2 7.0 7.324
0 3 8.0 8.749
0 4 8.0 9.152
0 5 4.0 8.754
0 6 4.0 8.131
0 7 1.0 8.055
0 8 4.0 9.336
0 9 6.0 9.578
1 2 1.0 8.457
1 3 8.0 9.888
1 4 1.0 9.142
1 5 1.0 7.775
1 6 7.0 7.286
1 7 7.0 8.095
1 8 7.0 8.974
1 9 4.0 7.007
2 3 9.0 9.542
2 4 2.0 5.016
2 5 2.0 7.836
2 6 10.0 5.076
2 7 6.0 8.807
2 8 4.0 5.162
2 9 1.0 7.179
3 4 10.0 8.775
3 5 5.0 7.314
3 6 3.0 8.063
3 7 10.0 9.386
3 8 2.0 9.979
3 9 2.0 7.383
4 5 5.0 7.888
4 6 5.0 3.781
4 7 6.0 7.765
4 8 6.0 5.056
4 9 3.0 9.7
5 6 10.0 8.776
5 7 3.0 9.06
5 8 8.0 7.983
5 9 3.0 9.333
6 7 10.0 8.783
6 8 2.0 3.537
6 9 4.0 9.439
7 8 7.0 7.791
7 9 1.0 8.063
8 9 1.0 7.739
