10
99
0 1 16.712 10.585
0 2 82.34 12.543
0 3 80.561 15.295
0 4 53.099 9.181
0 5 63.387 0.153
0 6 80.173 16.44
0 7 47.678 1.909
0 8 44.605 8.206
0 9 80.716 6.822
1 2 28.281 13.092
1 3 37.465 11.606
1 4 99.427 0.715
1 5 22.29 6.834
1 6 8.53 2.18
1 7 59.535 11.348
1 8 62.078 15.049
1 9 51.703 0.103
2 3 63.913 3.742
2 4 62.613 15.25
2 5 25.176 19.389
2 6 7.214 17.345
2 7 52.887 14.487
2 8 70.269 15.663
2 9 98.095 5.102
3 4 47.899 11.47
3 5 38.902 18.314
3 6 1.71 6.034
3 7 33.973 18.705
3 8 50.118 12.353
3 9 48.539 17.393
4 5 24.609 11.843
4 6 23.968 6.449
4 7 28.03 6.033
4 8 69.557 1.263
4 9 70.45 4.791
5 6 57.734 10.665
5 7 17.586 4.554
5 8 99.919 13.33
5 9 16.319 19.49
6 7 69.318 14.081
6 8 85.738 5.742
6 9 87.957 6.133
7 8 94.907 11.897
7 9 27.532 6.366
8 9 8.809 7.136