10
42
0 1 81.647 6.3
0 2 85.583 4.086
0 3 67.647 14
0 4 9.642 61
0 5 67.415 93
0 6 62.417 97
0 7 7.449 42
0 8 26.617 15
0 9 66.418 57
1 2 79.522 0.114
1 3 13.203 56
1 4 40.135 35
1 5 25.319 36
1 6 28.472 56
1 7 73.495 96
1 8 21.651 17
1 9 8.047 90
2 3 12.231 86
2 4 41.619 33
2 5 15.958 12
2 6 64.649 68
2 7 40.294 94
2 8 50.814 84
2 9 15.249 64
3 4 78.963 4.206
3 5 75.628 5.175
3 6 38.341 15
3 7 61.213 79
3 8 11.214 65
3 9 35.738 33
4 5 84.455 1.119
4 6 32.378 41
4 7 6.801 88
4 8 66.357 21
4 9 62.877 8
5 6 65.124 27
5 7 5.09 86
5 8 73.43 10
5 9 30.917 32
6 7 74.336 10.5
6 8 31.003 95
6 9 7.483 10
7 8 43.14 18
7 9 22.806 73
8 9 78.823 10.5