10
57.0
0 1 8.468 3.533
0 2 7.174 4.062
0 3 7.055 1.52
0 4 8.364 11.076
0 5 8.848 5.9
0 6 9.348 7.19
0 7 7.497 3.824
0 8 7.982 4.365
0 9 8.275 4.095
1 2 7.678 9.577
1 3 7.448 2.714
1 4 8.408 3.734
1 5 7.422 1.54
1 6 8.131 9.322
1 7 9.929 3.69
1 8 7.37 2.777
1 9 9.407 11.61
2 3 9.689 2.52
2 4 8.758 2.15
2 5 7.585 2.201
2 6 7.566 2.599
2 7 8.212 10.104
2 8 8.528 2.37
2 9 7.484 2.723
3 4 9.016 2.4
3 5 8.078 1.598
3 6 8.204 2.816
3 7 8.355 9.379
3 8 9.048 1.84
3 9 8.373 2.119
4 5 8.214 2.996
4 6 8.348 4.363
4 7 7.487 9.719
4 8 9.99 7.0
4 9 8.262 3.597
5 6 9.412 5.25
5 7 8.456 3.816
5 8 7.344 2.947
5 9 8.049 11.959
6 7 7.916 3.032
6 8 7.215 1.601
6 9 8.425 4.445
7 8 7.92 9.532
7 9 9.34 3.0
8 9 7.65 3.124