10
46.994
0 1 46.282 3.314
0 2 87.884 4.011
0 3 83.062 5.234
0 4 68.104 7.228
0 5 11.352 1.008
0 6 94.956 1.567
0 7 80.618 0.596
0 8 37.075 9.039
0 9 47.872 2.114
1 2 46.126 3.343
1 3 1.925 2.458
1 4 79.187 0.494
1 5 76.787 4.68
1 6 92.183 3.24
1 7 55.468 3.868
1 8 51.56 7.271
1 9 4.037 4.107
2 3 52.468 5.781
2 4 28.268 9.414
2 5 70.033 4.048
2 6 35.594 0.831
2 7 8.632 0.27
2 8 25.576 5.919
2 9 14.148 3.892
3 4 72.274 4.55
3 5 91.568 4.821
3 6 70.933 9.03
3 7 91.486 2.486
3 8 12.852 0.141
3 9 0.419 5.738
4 5 95.385 6.008
4 6 81.882 9.401
4 7 81.286 6.739
4 8 20.611 2.305
4 9 60.849 3.658
5 6 58.75 9.645
5 7 2.167 6.999
5 8 14.683 8.079
5 9 63.266 9.741
6 7 52.529 3.033
6 8 81.317 6.308
6 9 49.666 5.081
7 8 34.636 2.354
7 9 26.117 9.723
8 9 85.442 0.107
