10
96.808
0 1 79.186 8.668
0 2 16.002 4.995
0 3 69.348 6.664
0 4 57.776 6.672
0 5 78.502 0.041
0 6 4.633 3.021
0 7 95.432 4.12
0 8 96.149 4.219
0 9 87.415 2.472
1 2 50.227 5.962
1 3 59.958 2.738
1 4 47.675 3.778
1 5 52.301 1.42
1 6 65.129 7.128
1 7 68.269 0.274
1 8 89.348 5.271
1 9 73.263 6.462
2 3 98.149 2.129
2 4 10.535 9.355
2 5 13.845 5.925
2 6 32.07 5.56
2 7 98.135 8.823
2 8 90.72 8.12
2 9 12.589 7.587
3 4 83.828 1.141
3 5 82.591 4.162
3 6 22.698 9.984
3 7 54.67 7.099
3 8 50.098 3.183
3 9 11.845 8.685
4 5 38.944 4.969
4 6 35.848 7.743
4 7 88.972 1.11
4 8 30.837 6.6
4 9 27.619 0.863
5 6 63.26 5.721
5 7 17.376 3.242
5 8 98.63 6.261
5 9 59.346 1.872
6 7 5.997 6.941
6 8 95.235 0.174
6 9 11.991 8.661
7 8 80.936 2.252
7 9 19.013 2.439
8 9 0.312 1.967