10
70
0 1 5 3.964
0 2 10 4.648
0 3 10 4.067
0 4 9 3.986
0 5 9 7.955
0 6 8 3.704
0 7 6 3.743
0 8 1 7.257
0 9 6 3.848
1 2 5 3.835
1 3 3 6.238
1 4 6 4.784
1 5 10 7.566
1 6 4 6.056
1 7 8 6.696
1 8 9 7.821
1 9 1 5.778
2 3 10 4.443
2 4 3 6.811
2 5 9 7.323
2 6 10 7.597
2 7 1 4.914
2 8 5 7.049
2 9 8 7.725
3 4 8 3.72
3 5 1 4.244
3 6 10 5.905
3 7 6 3.97
3 8 9 8.063
3 9 10 7.984
4 5 5 7.483
4 6 10 5.243
4 7 10 3.747
4 8 3 7.342
4 9 1 6.484
5 6 10 5.984
5 7 5 4.002
5 8 6 7.846
5 9 2 7.226
6 7 10 5.608
6 8 1 7.956
6 9 10 7.911
7 8 3 7.719
7 9 5 7.922
8 9 7 7.226