10
35
0 1 99.997 11.667
0 2 26.097 11.667
0 3 57.725 11.667
0 4 13.08 11.667
0 5 61.037 0.001
0 6 49.367 0.001
0 7 70.526 0.001
0 8 84.58 2.829
0 9 99.997 11.666
1 2 81.04 5.833
1 3 76.542 1.125
1 4 0.001 0.001
1 5 68.166 2.788
1 6 69.164 0.001
1 7 0.001 5.833
1 8 19.649 3.964
1 9 12.502 0.001
2 3 3.908 0.001
2 4 60.236 0.306
2 5 26.042 0.001
2 6 61.158 2.937
2 7 23.889 4.962
2 8 54.181 5.833
2 9 66.314 0.001
3 4 0.001 0.001
3 5 99.997 1.1
3 6 0.001 0.001
3 7 0.001 5.833
3 8 63.245 0.742
3 9 0.001 0.001
4 5 0.001 0.132
4 6 95.477 0.951
4 7 21.46 0.564
4 8 29.611 5.833
4 9 51.48 0.001
5 6 52.283 0.001
5 7 46.192 0.001
5 8 62.013 1.944
5 9 0.001 0.001
6 7 52.818 1.944
6 8 35.21 0.001
6 9 10.272 5.833
7 8 46.317 5.833
7 9 0.001 5.833
8 9 21.167 0.001