10
75.248
0 1 7.353 3.959
0 2 5.362 6.079
0 3 6.393 9.761
0 4 4.092 1.526
0 5 9.011 5.753
0 6 4.962 7.746
0 7 8.744 5.921
0 8 6.951 3.179
0 9 4.983 6.809
1 2 4.486 4.221
1 3 7.183 7.519
1 4 6.566 4.414
1 5 5.612 6.631
1 6 4.921 8.934
1 7 9.633 9.113
1 8 5.318 5.577
1 9 8.959 8.273
2 3 9.991 7.687
2 4 7.648 6.838
2 5 7.831 5.983
2 6 7.788 5.706
2 7 4.722 8.685
2 8 6.387 5.948
2 9 9.752 9.510
3 4 6.475 9.465
3 5 5.548 8.405
3 6 7.658 9.180
3 7 4.447 9.323
3 8 4.628 6.428
3 9 9.780 7.689
4 5 9.218 4.620
4 6 6.541 6.355
4 7 7.682 4.175
4 8 4.683 5.350
4 9 5.860 4.452
5 6 9.753 8.566
5 7 8.496 6.953
5 8 8.299 5.190
5 9 8.530 4.984
6 7 5.889 7.357
6 8 4.425 9.772
6 9 5.330 7.207
7 8 6.957 6.314
7 9 9.546 5.089
8 9 8.436 7.062