10
66
0 1 0.687 1.821
0 2 93.012 91.344
0 3 81.776 97.972
0 4 90.486 90.399
0 5 78.294 0.073
0 6 84.872 93.073
0 7 92.465 95.804
0 8 74.631 98.594
0 9 73.104 0.27
1 2 85.253 0.066
1 3 0.921 1.845
1 4 0.05 2.637
1 5 89.981 97.729
1 6 78.643 96.047
1 7 76.371 0.036
1 8 0.832 1.796
1 9 84.892 97.276
2 3 96.03 97.982
2 4 0.926 1.447
2 5 89.243 90.858
2 6 0.01 1.22
2 7 98.992 0.26
2 8 83.678 94.314
2 9 91.669 93.556
3 4 86.269 0.029
3 5 79.155 90.501
3 6 96.597 0.443
3 7 0.961 1.773
3 8 70.482 0.327
3 9 79.024 91.959
4 5 82.342 95.425
4 6 80.833 0.224
4 7 0.967 2.457
4 8 73.298 0.235
4 9 0.082 2.602
5 6 0.1 2.147
5 7 0.363 2.601
5 8 93.682 98.421
5 9 71.673 0.089
6 7 99.888 91.927
6 8 99.42 0.096
6 9 0.876 2.493
7 8 0.515 1.574
7 9 0.471 2.984
8 9 0.026 1.61