10
80
0 1 6.151 3.698
0 2 3.739 5.509
0 3 4.697 5.662
0 4 4.214 7.084
0 5 3.452 5.564
0 6 5.878 5.449
0 7 6.129 6.256
0 8 6.820 1.013
0 9 4.854 5.762
1 2 8.549 4.998
1 3 3.571 6.171
1 4 6.627 7.158
1 5 3.110 3.877
1 6 5.262 3.963
1 7 4.462 8.319
1 8 6.785 7.313
1 9 6.115 5.018
2 3 4.974 9.500
2 4 5.831 6.258
2 5 3.569 5.325
2 6 3.174 8.477
2 7 3.026 6.442
2 8 6.764 3.774
2 9 7.875 4.787
3 4 8.481 5.480
3 5 5.569 4.105
3 6 6.312 4.196
3 7 6.196 10.607
3 8 7.664 5.232
3 9 10.090 5.487
4 5 6.964 4.855
4 6 5.583 5.217
4 7 5.816 2.991
4 8 7.405 4.473
4 9 6.207 4.934
5 6 5.024 6.976
5 7 5.964 4.405
5 8 6.938 5.119
5 9 6.560 10.225
6 7 6.591 6.600
6 8 10.282 6.363
6 9 4.160 8.143
7 8 5.773 5.162
7 9 3.533 8.030
8 9 6.816 6.610
