10
83
0 1 7 7.691
0 2 10 7.782
0 3 12 4.543
0 4 5 5.299
0 5 6 8.385
0 6 2 9.471
0 7 4 8.235
0 8 10 4.241
0 9 6 7.414
1 2 8 9.695
1 3 6 4.715
1 4 7 7.61
1 5 4 7.472
1 6 8 4.205
1 7 12 12.322
1 8 10 10.448
1 9 8 11.635
2 3 7 6.983
2 4 5 5.68
2 5 3 7.436
2 6 4 8.789
2 7 5 13.348
2 8 3 4.49
2 9 8 6.61
3 4 9 5.829
3 5 4 4.923
3 6 12 12.944
3 7 7 3.433
3 8 10 5.46
3 9 12 6.656
4 5 14 8.77
4 6 10 8.933
4 7 8 6.497
4 8 4 5.339
4 9 6 11.274
5 6 11 3.161
5 7 5 10.076
5 8 10 9.712
5 9 4 6.266
6 7 9 7.93
6 8 5 7.58
6 9 6 8.403
7 8 8 8.39
7 9 5 6.462
8 9 4 7.398