10
99
0 1 17.0 43.0
0 2 88.0 10.0
0 3 5.0 26.0
0 4 78.0 78.0
0 5 88.0 68.0
0 6 21.0 22.0
0 7 96.0 60.0
0 8 15.0 72.0
0 9 24.0 81.0
1 2 2.0 19.0
1 3 15.0 36.0
1 4 46.0 53.0
1 5 72.0 50.0
1 6 70.0 62.0
1 7 9.0 88.0
1 8 49.0 82.0
1 9 68.0 56.0
2 3 19.0 81.0
2 4 55.0 46.0
2 5 93.0 47.0
2 6 37.0 17.0
2 7 98.0 25.0
2 8 12.0 65.0
2 9 14.0 23.0
3 4 52.0 18.0
3 5 85.0 8.0
3 6 79.0 38.0
3 7 45.0 89.0
3 8 51.0 93.0
3 9 62.0 83.0
4 5 89.0 27.0
4 6 84.0 94.0
4 7 19.0 49.0
4 8 95.0 2.0
4 9 52.0 53.0
5 6 53.0 40.0
5 7 3.0 7.0
5 8 62.0 52.0
5 9 40.0 46.0
6 7 79.0 5.0
6 8 57.0 50.0
6 9 54.0 44.0
7 8 74.0 15.0
7 9 70.0 42.0
8 9 80.0 68.0
