10
99.99
0 1 13.264 0.425
0 2 17.302 0.426
0 3 11.892 0.308
0 4 14.801 0.567
0 5 32.18 0.359
0 6 13.822 0.418
0 7 15.302 0.019
0 8 33.572 0.134
0 9 14.816 2.141
1 2 12.788 1.218
1 3 14.796 0.247
1 4 17.399 0.842
1 5 20.524 0.313
1 6 11.864 1.052
1 7 13.427 0.837
1 8 15.569 0.592
1 9 34.724 1.746
2 3 15.463 0.835
2 4 17.628 0.332
2 5 19.75 0.581
2 6 36.973 0.115
2 7 32.646 0.105
2 8 16.154 0.654
2 9 14.025 0.106
3 4 33.863 1.101
3 5 15.984 0.596
3 6 17.202 0.241
3 7 14.278 0.278
3 8 9.996 0.152
3 9 15.619 0.122
4 5 19.283 0.391
4 6 12.436 0.379
4 7 16.346 1.293
4 8 14.008 0.174
4 9 17.492 0.247
5 6 13.046 0.444
5 7 11.094 0.272
5 8 47.808 0.125
5 9 16.183 0.716
6 7 52.831 0.003
6 8 16.128 0.951
6 9 16.302 0.02
7 8 13.663 0.045
7 9 17.917 0.296
8 9 17.021 0.256
