10
50
0 1 10.928 2.495
0 2 28.884 0.94
0 3 27.123 0.239
0 4 41.967 0.825
0 5 87.823 0.151
0 6 94.363 0.454
0 7 12.264 2.014
0 8 54.322 0.933
0 9 78.287 1.588
1 2 28.102 0.503
1 3 46.314 0.97
1 4 87.7 0.127
1 5 43.634 0.578
1 6 23.17 2.925
1 7 75.029 0.871
1 8 3.824 2.017
1 9 94.413 1.934
2 3 48.472 1.993
2 4 57.173 0.03
2 5 70.384 2.341
2 6 36.243 0.875
2 7 7.374 1.239
2 8 9.989 1.271
2 9 21.928 0.011
3 4 63.95 2.999
3 5 20.806 0.614
3 6 27.682 1.781
3 7 47.903 2.472
3 8 12.023 0.063
3 9 59.782 0.518
4 5 85.031 0.666
4 6 45.253 2.811
4 7 7.009 2.988
4 8 77.01 2.543
4 9 89.5 1.384
5 6 87.543 2.19
5 7 26.435 2.563
5 8 24.24 1.185
5 9 75.389 2.057
6 7 46.489 2.713
6 8 66.352 0.097
6 9 33.063 1.233
7 8 82.573 0.377
7 9 85.083 2.776
8 9 49.208 2.57
