10
20
0 1 3 11.239
0 2 4 10.357
0 3 2 10.232
0 4 4 10.899
0 5 4 10.085
0 6 10 4.333
0 7 3 10.435
0 8 8 10.641
0 9 1 5.514
1 2 6 10.395
1 3 7 13.915
1 4 8 10.81
1 5 10 0.972
1 6 9 11.405
1 7 9 11.522
1 8 10 1.448
1 9 10 0.435
2 3 5 10.883
2 4 9 6.78
2 5 2 12.236
2 6 3 10.769
2 7 10 2.748
2 8 2 9.999
2 9 4 10.91
3 4 10 3.629
3 5 4 10.123
3 6 3 10.844
3 7 7 10.833
3 8 9 10.66
3 9 2 11.756
4 5 4 10.77
4 6 2 10.833
4 7 3 10.197
4 8 9 12.639
4 9 5 7.008
5 6 3 10.761
5 7 4 10.976
5 8 10 1.112
5 9 10 0.66
6 7 8 10.193
6 8 4 15.058
6 9 4 10.003
7 8 2 5.49
7 9 6 2.362
8 9 10 0.29
