10
18
0 1 8.16 5
0 2 46.33 3
0 3 81.19 4
0 4 97.05 4
0 5 0.671 61.63
0 6 0.497 45.12
0 7 0.156 98.47
0 8 0.459 35.21
0 9 0.679 70.75
1 2 71.92 4
1 3 55.86 2
1 4 11.94 4
1 5 0.607 71.58
1 6 0.983 29.3
1 7 0.293 24.52
1 8 0.168 79.15
1 9 0.892 48.9
2 3 20.74 5
2 4 65.42 4
2 5 0.765 63.78
2 6 0.16 97.61
2 7 0.428 41.45
2 8 0.075 32.19
2 9 0.596 93.67
3 4 59.57 4
3 5 0.448 31.68
3 6 0.082 83.97
3 7 0.539 39.04
3 8 0.476 69.83
3 9 0.182 90.86
4 5 0.368 27.46
4 6 0.444 89.82
4 7 0.385 18.04
4 8 0.178 68.02
4 9 0.966 47.95
5 6 0.6 5
5 7 62.19 3
5 8 16.63 4
5 9 85.63 4
6 7 75.39 4
6 8 36.66 2
6 9 76.18 4
7 8 46.61 5
7 9 26.07 4
8 9 8.92 4