10
28
0 1 79.198 2.613
0 2 13.048 2.654
0 3 11.889 0.303
0 4 55.065 2.955
0 5 86.888 0.763
0 6 35.468 1.149
0 7 50.004 1.379
0 8 70.78 1.098
0 9 22.859 1.329
1 2 38.223 0.843
1 3 92.272 2.563
1 4 59.576 0.042
1 5 80.249 2.743
1 6 71.447 0.399
1 7 21.42 2.169
1 8 25.298 1.02
1 9 90.251 0.585
2 3 10.153 2.843
2 4 92.341 0.853
2 5 31.272 0.664
2 6 13.512 0.84
2 7 35.818 0.496
2 8 7.351 0.588
2 9 79.998 0.544
3 4 97.633 0.768
3 5 64.609 1.674
3 6 97.685 2.275
3 7 2.481 1.534
3 8 61.619 1.823
3 9 2.806 1.475
4 5 56.147 1.485
4 6 73.241 0.605
4 7 71.611 2.781
4 8 41.1 1.041
4 9 68.306 1.306
5 6 48.381 1.214
5 7 55.901 1.426
5 8 53.249 1.523
5 9 70.149 1.125
6 7 54.189 0.72
6 8 45.998 2.021
6 9 27.461 0.976
7 8 63.758 1.431
7 9 20.565 0.271
8 9 47.693 0.953
