50
37.0
0 49 33.71 0.5
1 48 24.88 1.1
2 47 29.82 0.65
3 46 28.11 0.57
4 45 24.5 0.64
5 44 37.48 0.39
6 43 29.9 0.43
7 42 22.56 0.85
8 41 34.01 0.5
9 40 33.32 0.5
10 39 24.79 0.48
11 38 13.1 0.71
12 37 27.04 1.15
13 36 27.17 0.86
14 35 17.12 0.59
15 34 29.68 0.85
16 33 30.63 1.73
17 32 23.2 0.66
18 31 30.15 0.48
19 30 38.73 0.37
20 29 24.9 1.79
21 28 36.32 0.45
22 27 26.27 1.04
23 26 31.99 0.56
24 25 23.1 0.63
25 24 27.16 1.93
26 23 14.97 0.79
27 22 43.02 0.62
28 21 27.3 0.66
29 20 36.63 0.33
30 19 42.61 0.35
31 18 37.36 0.45
32 17 41.56 1.25
33 16 21.33 0.53
34 15 30.17 0.58
35 14 25.69 0.41
36 13 27.72 0.69
37 12 33.16 2.24
38 11 23.08 1.22
39 10 41.13 0.81
40 9 53.19 0.41
41 8 34.63 0.33
42 7 25.93 0.61
43 6 24.89 0.53
44 5 2.42 0.17
45 4 33.58 0.56
46 3 6.84 0.32
47 2 21.15 0.0
48 1 0.0 0.0
