50
75.0
0 49 2.59 2.0
1 48 2.96 2.0
2 47 3.04 2.0
3 46 2.93 2.0
4 45 2.84 2.0
5 44 3.48 2.0
6 43 2.79 2.0
7 42 3.33 2.0
8 41 3.2 2.0
9 40 3.17 2.0
10 39 3.31 2.0
11 38 3.45 2.0
12 37 3.22 2.0
13 36 2.42 2.0
14 35 2.89 2.0
15 34 2.97 2.0
16 33 2.85 2.0
17 32 3.19 2.0
18 31 2.9 2.0
19 30 3.5 2.0
20 29 3.03 2.0
21 28 2.75 2.0
22 27 3.04 2.0
23 26 3.54 2.0
24 25 2.64 2.0
25 24 3.38 2.0
26 23 3.26 2.0
27 22 2.95 2.0
28 21 2.9 2.0
29 20 3.3 2.0
30 19 3.63 2.0
31 18 2.89 2.0
32 17 3.94 2.0
33 16 3.12 2.0
34 15 3.13 2.0
35 14 3.07 2.0
36 13 2.77 2.0
37 12 2.5 2.0
38 11 2.64 2.0
39 10 2.4 2.0
40 9 3.0 2.0
41 8 3.0 2.0
42 7 2.71 2.0
43 6 3.17 2.0
44 5 2.4 2.0
45 4 3.75 2.0
46 3 3.33 2.0
47 2 1.0 2.0
48 1 5.0 2.0
