50
78.4
0 49 33.06 1.72
1 48 39.06 2.71
2 47 39.68 3.67
3 46 33.91 4.6
4 45 37.89 4.65
5 44 34.89 4.46
6 43 37.09 4.96
7 42 26.55 4.57
8 41 35.37 4.39
9 40 27.5 4.31
10 39 28.97 4.21
11 38 19.34 4.49
12 37 15.14 4.62
13 36 23.44 4.81
14 35 22.57 2.18
15 34 28.38 4.38
16 33 20.45 4.64
17 32 18.59 4.39
18 31 29.52 4.6
19 30 22.17 4.89
20 29 23.62 4.35
21 28 21.43 4.7
22 27 21.48 4.13
23 26 27.88 4.88
24 25 22.4 4.62
25 24 17.71 4.42
26 23 30.0 4.66
27 22 15.23 4.65
28 21 28.57 4.09
29 20 23.25 4.29
30 19 16.58 4.26
31 18 33.61 4.82
32 17 15.29 5.0
33 16 21.56 4.81
34 15 25.33 4.39
35 14 22.14 5.0
36 13 20.38 4.78
37 12 26.25 5.0
38 11 20.91 4.55
39 10 34.0 4.52
40 9 30.56 3.93
41 8 24.38 4.42
42 7 35.0 5.0
43 6 30.83 5.0
44 5 14.0 5.3
45 4 67.5 3.76
46 3 15.0 5.0
47 2 15.0 5.75
48 1 55.0 3.0
