50
85.381
0 49 1.79 1.7
1 48 2.81 3.48
2 47 1.96 1.98
3 46 1.14 1.43
4 45 1.25 1.61
5 44 0.39 45.52
6 43 5.97 7.26
7 42 1.62 3.38
8 41 1.49 2.02
9 40 5.46 7.89
10 39 2.08 1.78
11 38 3.1 3.53
12 37 1.86 2.13
13 36 1.2 1.57
14 35 1.35 1.54
15 34 0.5 44.35
16 33 6.47 6.24
17 32 1.59 3.44
18 31 1.37 1.87
19 30 6.59 7.39
20 29 2.12 1.7
21 28 3.4 3.4
22 27 1.97 1.98
23 26 1.47 1.66
24 25 1.84 1.6
25 24 0.69 42.19
26 23 5.99 6.89
27 22 2.15 3.31
28 21 1.32 1.89
29 20 7.12 7.07
30 19 2.62 1.55
31 18 3.95 3.33
32 17 2.51 1.92
33 16 2.03 1.86
34 15 2.3 1.57
35 14 1.14 36.94
36 13 5.92 7.19
37 12 2.34 3.32
38 11 1.85 2.11
39 10 5.38 6.71
40 9 4.35 1.71
41 8 6.03 2.79
42 7 3.6 2.0
43 6 4.13 2.68
44 5 5.53 1.63
45 4 3.88 5.5
46 3 7.47 3.21
47 2 6.99 3.36
48 1 6.39 2.19
