50
63.457
0 49 2.23 1.15
1 48 4.56 10.49
2 47 3.92 3.17
3 46 3.98 4.12
4 45 4.39 3.98
5 44 5.6 4.51
6 43 4.24 3.83
7 42 1.98 1.67
8 41 4.53 4.51
9 40 3.67 4.13
10 39 22.95 3.86
11 38 3.46 13.24
12 37 4.32 3.48
13 36 3.36 4.03
14 35 4.17 4.15
15 34 3.47 3.0
16 33 3.22 4.78
17 32 4.04 3.92
18 31 4.03 4.02
19 30 3.55 4.67
20 29 0.72 0.93
21 28 3.02 4.49
22 27 3.14 4.26
23 26 3.03 4.19
24 25 4.14 4.81
25 24 4.14 3.79
26 23 4.05 3.23
27 22 2.98 13.35
28 21 3.45 4.22
29 20 2.85 3.99
30 19 4.65 3.96
31 18 4.41 4.18
32 17 4.0 4.72
33 16 3.52 4.25
34 15 3.05 2.74
35 14 3.8 4.2
36 13 3.35 3.54
37 12 4.47 3.1
38 11 4.57 5.41
39 10 4.75 3.2
40 9 3.63 4.78
41 8 3.24 4.38
42 7 4.08 5.23
43 6 2.6 4.78
44 5 3.75 6.29
45 4 10.8 4.29
46 3 3.49 4.86
47 2 3.99 11.93
48 1 7.49 0.86
