50
88.18
1 1 8.0 1.06
2 2 5.0 2.62
3 3 7.67 1.23
4 4 7.75 1.19
5 5 7.6 1.27
6 6 8.5 0.81
7 7 7.57 1.28
8 8 6.75 1.7
9 9 7.67 1.23
10 10 0.01 43.25
11 11 0.74 61.09
12 12 0.84 35.52
13 13 1.78 34.57
14 14 2.22 31.22
15 15 2.54 23.22
16 16 3.19 24.56
17 17 3.12 28.64
18 18 3.01 34.01
19 19 3.64 24.24
20 20 0.01 56.28
21 21 0.39 53.95
22 22 0.46 37.8
23 23 1.01 44.65
24 24 1.3 36.79
25 25 1.53 29.13
26 26 1.97 39.59
27 27 1.97 41.88
28 28 1.94 36.33
29 29 2.39 36.73
30 30 0.01 44.58
31 31 0.27 52.91
32 32 0.32 44.52
33 33 0.71 43.67
34 34 0.92 40.28
35 35 1.09 36.66
36 36 1.42 41.53
37 37 1.44 42.87
38 38 1.43 38.32
39 39 1.78 40.22
40 40 0.01 49.98
41 41 0.2 53.24
42 42 0.25 45.71
43 43 0.54 51.1
44 44 0.71 40.54
45 45 0.85 46.15
46 46 1.12 37.24
47 47 1.14 48.98
48 48 1.13 39.91
49 49 1.42 35.13
