50
99.9
26 49 26.9 0.75
40 48 22.67 0.8
35 47 20.3 0.64
21 46 22.41 0.76
18 45 23.33 0.67
32 44 26.85 0.51
38 43 26.08 0.59
16 42 25.09 0.89
41 41 25.85 0.83
1 40 23.39 0.94
17 39 23.92 1.0
13 38 23.54 0.76
0 37 22.23 0.6
7 36 28.64 0.55
37 35 26.84 0.79
5 34 29.58 0.49
24 33 22.65 0.73
10 32 25.04 0.74
22 31 27.67 0.61
23 30 28.88 0.8
9 29 30.25 0.51
4 28 22.49 0.75
20 27 28.05 0.52
6 26 27.44 0.5
42 25 30.74 0.57
45 24 23.2 0.69
11 23 25.12 0.51
27 22 22.65 0.78
39 21 23.56 0.58
30 20 22.33 0.67
48 19 26.98 0.63
43 18 30.64 0.67
49 17 31.35 0.8
29 16 19.19 0.58
34 15 19.73 0.93
33 14 36.92 0.38
25 13 40.51 0.42
14 12 28.94 0.36
19 11 23.9 0.31
8 10 30.59 0.85
31 9 27.33 0.69
15 8 31.25 0.3
2 7 20.62 0.86
36 6 18.62 0.5
3 5 22.1 1.56
44 4 31.24 1.64
46 3 11.28 0.25
28 2 26.05 5.11
12 1 29.86 2.26
