50
84.0
0 49 54.8 4.86
1 48 51.83 4.22
2 47 45.81 5.01
3 46 46.85 4.67
4 45 55.22 5.51
5 44 47.33 5.18
6 43 54.19 4.86
7 42 47.24 5.17
8 41 51.55 4.3
9 40 46.04 5.34
10 39 43.74 5.04
11 38 53.3 4.91
12 37 59.83 4.59
13 36 46.77 5.51
14 35 47.54 4.57
15 34 50.6 5.0
16 33 57.92 5.81
17 32 48.79 5.21
18 31 53.29 4.9
19 30 53.65 5.15
20 29 44.94 5.12
21 28 49.33 4.52
22 27 41.11 5.07
23 26 56.2 4.76
24 25 50.33 4.64
25 24 57.43 4.25
26 23 67.45 5.43
27 22 43.84 4.66
28 21 51.61 3.52
29 20 56.45 5.11
30 19 62.54 4.14
31 18 57.55 4.83
32 17 46.14 5.06
33 16 53.65 4.17
34 15 34.86 4.76
35 14 38.64 4.17
36 13 47.68 5.46
37 12 47.63 6.0
38 11 41.8 4.21
39 10 44.94 4.16
40 9 55.43 2.78
41 8 53.1 6.21
42 7 51.32 5.19
43 6 37.0 4.75
44 5 60.11 7.91
45 4 42.07 3.24
46 3 58.87 3.76
47 2 41.7 9.04
48 1 39.19 5.85
