50
71.54
0 49 18.32 13.03
1 48 22.42 18.26
2 47 16.79 13.64
3 46 14.4 16.66
4 45 15.79 16.19
5 44 18.32 15.07
6 43 13.98 12.25
7 42 27.11 19.77
8 41 19.21 11.06
9 40 20.74 8.42
10 39 16.72 8.11
11 38 31.57 19.85
12 37 25.87 12.92
13 36 15.05 9.85
14 35 31.34 19.84
15 34 25.47 28.45
16 33 18.71 12.77
17 32 13.88 11.32
18 31 12.27 10.02
19 30 15.77 10.28
20 29 23.46 16.04
21 28 15.62 9.4
22 27 25.85 17.33
23 26 20.7 5.31
24 25 18.26 7.58
25 24 24.81 12.3
26 23 32.09 16.3
27 22 11.83 5.48
28 21 13.83 6.88
29 20 30.59 20.73
30 19 15.8 7.68
31 18 16.67 6.74
32 17 49.23 27.47
33 16 1.34 0.51
34 15 35.76 12.99
35 14 28.79 23.36
36 13 12.81 10.97
37 12 34.41 13.54
38 11 30.17 2.07
39 10 44.77 19.61
40 9 5.64 0.23
41 8 21.19 19.43
42 7 16.03 8.21
43 6 95.32 19.82
44 5 53.56 5.97
45 4 0.47 0.09
46 3 4.53 0.01
47 2 55.7 4.78
48 1 4.52 0.03
