50
96.0
0 49 9.44 4.08
1 48 9.44 4.08
2 47 9.44 4.14
3 46 9.43 4.14
4 45 9.41 4.21
5 44 9.43 4.28
6 43 9.45 4.2
7 42 9.44 4.28
8 41 9.44 4.36
9 40 9.44 4.36
10 39 9.42 4.01
11 38 9.44 4.0
12 37 9.44 4.08
13 36 9.39 4.08
14 35 9.44 4.16
15 34 9.44 4.26
16 33 9.44 4.36
17 32 9.41 4.15
18 31 9.43 4.25
19 30 9.44 4.36
20 29 9.73 3.64
21 28 9.79 3.58
22 27 9.82 3.68
23 26 9.81 3.66
24 25 9.84 3.78
25 24 9.83 3.76
26 23 9.85 3.89
27 22 9.86 3.88
28 21 9.89 4.02
29 20 9.89 4.02
30 19 9.75 3.37
31 18 9.74 3.33
32 17 9.77 3.47
33 16 9.76 3.44
34 15 9.8 3.61
35 14 9.84 3.8
36 13 9.79 3.54
37 12 9.89 4.02
38 11 9.83 3.74
39 10 9.89 4.02
40 9 9.6 2.64
41 8 9.56 2.48
42 7 9.63 2.69
43 6 9.72 2.47
44 5 9.71 2.78
45 4 9.81 2.47
46 3 9.72 2.99
47 2 9.84 2.46
48 1 9.89 4.02
