50
60.0
0 49 5.86 0.51
1 48 4.69 0.51
2 47 5.26 0.51
3 46 5.3 0.5
4 45 5.53 0.51
5 44 4.57 0.51
6 43 5.35 0.5
7 42 5.17 0.5
8 41 5.2 0.5
9 40 6.1 0.5
10 39 5.0 0.51
11 38 5.42 0.5
12 37 5.19 0.5
13 36 6.03 0.51
14 35 5.57 0.51
15 34 5.26 0.5
16 33 5.06 0.5
17 32 5.12 0.51
18 31 5.74 0.5
19 30 6.23 0.51
20 29 5.0 0.51
21 28 5.43 0.52
22 27 5.48 0.49
23 26 6.08 0.5
24 25 6.08 0.5
25 24 6.21 0.5
26 23 5.61 0.5
27 22 5.64 0.51
28 21 5.95 0.5
29 20 5.8 0.51
30 19 5.79 0.5
31 18 4.56 0.51
32 17 6.59 0.51
33 16 5.25 0.51
34 15 5.2 0.51
35 14 5.64 0.5
36 13 4.23 0.52
37 12 6.42 0.49
38 11 4.55 0.51
39 10 4.5 0.52
40 9 5.89 0.5
41 8 6.5 0.5
42 7 3.71 0.52
43 6 7.17 0.5
44 5 5.4 0.53
45 4 4.25 0.53
46 3 5.67 0.51
47 2 4.0 0.51
48 1 6.0 0.54
