50
11.27
0 49 27.68 0.79
1 48 25.52 0.78
2 47 29.12 0.41
3 46 26.58 0.52
4 45 27.04 0.47
5 44 26.63 0.48
6 43 21.79 0.48
7 42 26.56 0.48
8 41 26.72 0.77
9 40 29.23 0.48
10 39 26.46 0.5
11 38 32.79 0.45
12 37 26.78 0.44
13 36 27.84 0.47
14 35 26.43 0.79
15 34 27.41 0.44
16 33 24.38 0.5
17 32 26.55 0.82
18 31 23.71 0.44
19 30 27.35 0.78
20 29 21.83 0.8
21 28 24.11 0.54
22 27 25.59 0.83
23 26 29.03 0.74
24 25 26.75 0.44
25 24 21.36 0.79
26 23 29.57 0.86
27 22 28.44 0.4
28 21 28.16 0.42
29 20 20.27 0.47
30 19 25.19 0.84
31 18 26.2 0.54
32 17 32.46 0.81
33 16 25.64 0.48
34 15 30.51 0.41
35 14 24.02 0.82
36 13 27.97 0.46
37 12 23.83 0.78
38 11 24.62 0.8
39 10 28.11 0.36
40 9 27.85 0.41
41 8 36.36 0.41
42 7 24.68 0.38
43 6 30.82 0.3
44 5 21.11 0.53
45 4 17.49 0.8
46 3 41.28 0.34
47 2 26.48 0.81
48 1 31.63 0.19
