50
99.999
8 49 56.79 0.93
0 48 54.85 1.26
7 47 56.28 1.01
38 46 57.54 0.82
5 45 52.57 0.85
15 44 57.59 1.06
2 43 59.67 0.94
11 42 59.23 0.86
13 41 61.42 0.68
4 40 55.4 0.68
41 39 61.19 0.69
6 38 56.51 0.68
42 37 55.08 0.82
20 36 56.31 0.84
9 35 61.37 0.96
14 34 54.32 0.61
23 33 56.12 0.72
26 32 60.19 0.94
19 31 57.15 1.0
28 30 60.53 1.09
39 29 57.37 0.83
31 28 53.75 1.18
44 27 55.5 0.6
48 26 61.17 0.86
3 25 55.59 0.78
12 24 58.89 0.73
1 23 55.27 1.01
27 22 57.14 0.7
29 21 57.77 0.64
45 20 55.01 0.49
36 19 60.39 0.95
34 18 53.98 1.23
25 17 56.92 0.98
33 16 52.56 0.48
21 15 59.48 0.85
37 14 56.66 0.87
24 13 62.68 0.42
10 12 64.67 0.75
16 11 50.11 0.49
47 10 58.42 1.02
43 9 64.88 0.57
40 8 58.34 0.67
17 7 56.37 0.9
35 6 50.9 0.68
49 5 67.59 1.48
18 4 58.27 0.3
46 3 58.26 0.91
32 2 67.9 1.66
30 1 68.41 7.78
