50
90.0
0 49 6.53 0.75
1 48 6.46 0.76
2 47 6.38 0.78
3 46 6.3 0.79
4 45 6.22 0.81
5 44 5.23 0.8
6 43 5.12 0.81
7 42 5.0 0.83
8 41 4.88 0.85
9 40 4.75 0.86
10 39 5.64 0.91
11 38 5.53 0.93
12 37 5.41 0.95
13 36 5.28 0.97
14 35 5.14 0.99
15 34 3.82 0.99
16 33 3.64 1.01
17 32 3.44 1.04
18 31 3.23 1.07
19 30 3.0 1.1
20 29 7.59 0.48
21 28 7.5 0.49
22 27 7.41 0.5
23 26 7.31 0.52
24 25 7.2 0.53
25 24 7.08 0.55
26 23 6.96 0.56
27 22 6.82 0.58
28 21 6.67 0.6
29 20 6.5 0.62
30 19 6.32 0.65
31 18 6.11 0.68
32 17 5.88 0.71
33 16 5.62 0.74
34 15 5.33 0.78
35 14 5.0 0.83
36 13 4.62 0.88
37 12 4.17 0.94
38 11 3.64 1.01
39 10 3.0 1.1
40 9 10.0 0.4
41 8 10.0 0.4
42 7 10.0 0.4
43 6 10.0 0.4
44 5 10.0 0.4
45 4 10.0 0.4
46 3 10.0 0.4
47 2 10.0 0.4
48 1 10.0 0.4
