50
80.0
0 49 3.57 76.17
1 48 3.25 77.69
2 47 3.51 74.24
3 46 3.15 79.28
4 45 2.71 77.52
5 44 2.82 77.36
6 43 3.35 79.19
7 42 2.93 79.08
8 41 3.2 79.11
9 40 2.88 81.0
10 39 3.44 74.93
11 38 3.42 76.82
12 37 3.57 72.41
13 36 2.81 78.81
14 35 2.94 76.52
15 34 3.24 76.29
16 33 3.64 78.64
17 32 3.44 78.48
18 31 3.23 78.5
19 30 3.1 81.0
20 29 3.59 72.84
21 28 3.32 75.33
22 27 3.85 69.23
23 26 3.46 77.96
24 25 3.16 74.73
25 24 3.12 74.33
26 23 3.35 77.62
27 22 3.23 77.34
28 21 3.9 77.3
29 20 2.85 81.0
30 19 4.11 68.55
31 18 3.06 72.18
32 17 4.18 62.31
33 16 3.31 76.06
34 15 3.07 70.55
35 14 3.64 69.56
36 13 4.85 75.02
37 12 3.83 74.28
38 11 4.91 73.95
39 10 3.0 81.0
40 9 6.44 54.71
41 8 3.88 61.15
42 7 6.71 35.6
43 6 2.67 67.83
44 5 3.6 49.64
45 4 4.75 40.95
46 3 10.33 55.07
47 2 4.0 40.7
48 1 23.0 3.4
