50
50.001
0 49 1.46 1.46
1 48 1.53 1.53
2 47 1.42 1.42
3 46 1.49 1.49
4 45 1.46 1.46
5 44 1.52 1.52
6 43 1.51 1.51
7 42 1.48 1.48
8 41 1.53 1.53
9 40 1.49 1.49
10 39 1.52 1.52
11 38 1.5 1.5
12 37 1.5 1.5
13 36 1.51 1.51
14 35 1.52 1.52
15 34 1.49 1.49
16 33 1.42 1.42
17 32 1.46 1.46
18 31 1.47 1.47
19 30 1.49 1.49
20 29 1.53 1.53
21 28 1.54 1.54
22 27 1.5 1.5
23 26 1.49 1.49
24 25 1.48 1.48
25 24 1.54 1.54
26 23 1.49 1.49
27 22 1.54 1.54
28 21 1.58 1.58
29 20 1.57 1.57
30 19 1.4 1.4
31 18 1.51 1.51
32 17 1.57 1.57
33 16 1.4 1.4
34 15 1.52 1.52
35 14 1.43 1.43
36 13 1.54 1.54
37 12 1.49 1.49
38 11 1.64 1.64
39 10 1.34 1.34
40 9 1.4 1.4
41 8 1.46 1.46
42 7 1.52 1.52
43 6 1.71 1.71
44 5 1.73 1.73
45 4 1.33 1.33
46 3 1.66 1.66
47 2 1.2 1.2
48 1 2.0 2.0
