50
80.0
0 49 4.45 0.92
1 48 4.33 0.51
2 47 4.45 0.94
3 46 4.46 0.95
4 45 4.47 0.96
5 44 4.48 0.97
6 43 4.51 0.98
7 42 4.5 0.99
8 41 4.51 1.0
9 40 4.53 1.01
10 39 4.54 1.03
11 38 4.55 1.04
12 37 4.57 1.05
13 36 4.58 1.07
14 35 23.66 19.26
15 34 4.03 0.5
16 33 4.0 0.5
17 32 4.0 0.5
18 31 4.0 0.5
19 30 4.0 0.5
20 29 4.0 0.5
21 28 4.0 0.5
22 27 4.0 0.5
23 26 4.0 0.5
24 25 4.0 0.5
25 24 4.0 0.5
26 23 4.0 0.5
27 22 4.0 0.5
28 21 4.0 0.5
29 20 4.0 0.5
30 19 4.0 0.5
31 18 4.89 0.53
32 17 4.0 0.5
33 16 4.0 0.5
34 15 4.0 0.5
35 14 4.0 0.5
36 13 4.0 0.5
37 12 5.33 0.54
38 11 4.0 0.5
39 10 4.0 0.5
40 9 4.0 0.5
41 8 4.0 0.5
42 7 4.0 0.5
43 6 4.0 0.5
44 5 4.0 0.5
45 4 4.0 0.5
46 3 4.0 0.5
47 2 4.0 0.5
48 1 4.0 0.5
