50
99.0
0 49 51.26 56.05
1 48 50.91 48.64
2 47 49.74 51.09
3 46 52.02 41.81
4 45 54.96 47.09
5 44 51.52 52.88
6 43 45.22 47.17
7 42 48.21 50.41
8 41 46.88 46.12
9 40 58.59 52.47
10 39 56.31 52.29
11 38 52.64 51.35
12 37 54.17 48.49
13 36 46.65 53.64
14 35 46.55 63.75
15 34 40.74 41.7
16 33 57.25 44.72
17 32 46.84 54.15
18 31 47.14 42.66
19 30 46.83 48.33
20 29 59.15 47.93
21 28 48.83 41.68
22 27 53.07 48.7
23 26 59.07 45.5
24 25 54.06 48.28
25 24 54.56 50.64
26 23 52.67 50.22
27 22 62.52 52.89
28 21 54.86 43.03
29 20 48.75 50.39
30 19 49.91 61.05
31 18 49.44 50.39
32 17 40.16 62.2
33 16 58.24 49.55
34 15 50.48 45.56
35 14 53.09 56.33
36 13 47.36 33.75
37 12 43.3 52.47
38 11 46.24 43.64
39 10 51.21 35.89
40 9 52.09 54.47
41 8 44.27 61.6
42 7 58.45 51.18
43 6 34.49 47.39
44 5 41.3 58.88
45 4 51.56 39.58
46 3 37.62 66.0
47 2 67.6 47.24
48 1 23.9 17.44
