50
99.0
0 49 23.31 0.12
1 48 23.71 0.12
2 47 20.98 0.11
3 46 19.76 0.12
4 45 19.11 0.1
5 44 17.39 0.11
6 43 13.37 0.1
7 42 13.05 0.11
8 41 11.2 0.11
9 40 8.22 0.11
10 39 18.92 0.1
11 38 18.5 0.09
12 37 18.22 0.12
13 36 15.14 0.1
14 35 14.54 0.1
15 34 11.82 0.13
16 33 20.97 0.1
17 32 18.38 0.11
18 31 15.61 0.12
19 30 15.53 0.1
20 29 11.03 0.11
21 28 9.32 0.11
22 27 27.19 0.11
23 26 23.69 0.11
24 25 22.56 0.12
25 24 19.29 0.12
26 23 14.61 0.1
27 22 12.55 0.1
28 21 8.71 0.09
29 20 26.5 0.1
30 19 22.26 0.11
31 18 16.83 0.11
32 17 16.12 0.12
33 16 8.88 0.1
34 15 30.6 0.09
35 14 28.29 0.12
36 13 21.15 0.12
37 12 15.83 0.11
38 11 11.73 0.11
39 10 33.4 0.1
40 9 24.22 0.11
41 8 22.5 0.09
42 7 11.71 0.15
43 6 83.0 0.11
44 5 86.0 0.12
45 4 83.5 0.09
46 3 85.33 0.16
47 2 82.0 0.2
48 1 87.0 0.18
