50
84.0
0 49 50.0 10.44
1 48 47.05 5.06
2 47 52.78 4.68
3 46 48.55 4.79
4 45 44.6 5.06
5 44 46.6 6.18
6 43 52.45 4.23
7 42 46.16 5.09
8 41 50.15 5.51
9 40 50.15 4.91
10 39 49.54 4.47
11 38 51.26 5.32
12 37 58.08 4.28
13 36 47.59 5.95
14 35 61.8 5.46
15 34 44.72 5.19
16 33 48.77 4.0
17 32 52.18 4.87
18 31 48.98 5.58
19 30 53.76 3.85
20 29 46.49 5.11
21 28 49.92 5.28
22 27 49.31 5.68
23 26 57.09 4.74
24 25 48.49 4.98
25 24 59.67 5.35
26 23 63.38 5.3
27 22 36.21 4.11
28 21 45.19 4.64
29 20 44.92 4.72
30 19 56.32 6.15
31 18 45.77 5.08
32 17 58.61 5.69
33 16 51.55 5.35
34 15 39.36 4.44
35 14 40.3 3.78
36 13 45.12 5.51
37 12 42.11 6.62
38 11 42.34 4.85
39 10 52.32 6.58
40 9 49.43 4.41
41 8 56.9 4.54
42 7 56.41 4.52
43 6 55.49 6.58
44 5 28.36 3.93
45 4 67.83 3.71
46 3 36.8 1.64
47 2 54.88 9.93
48 1 26.78 8.09
