50
75.0
5 44 8.73 0.96
19 30 9.0 0.96
28 21 8.57 0.94
32 17 9.24 0.91
4 45 8.64 1.0
10 39 9.77 0.94
18 31 9.19 0.93
20 29 8.97 0.96
6 43 8.67 0.9
17 32 8.94 0.91
24 25 8.88 0.97
37 12 9.0 0.91
3 46 8.41 0.89
11 38 9.95 0.93
23 26 9.15 0.96
36 13 8.69 0.95
7 42 8.88 0.96
16 33 9.36 0.89
29 20 9.9 0.9
30 19 9.05 0.99
2 47 8.45 0.93
12 37 9.3 0.96
25 24 8.46 0.91
39 10 9.7 0.84
8 41 8.83 0.92
9 40 9.0 0.96
15 34 9.12 0.97
47 2 10.5 0.73
1 48 8.9 0.96
13 36 9.03 0.95
22 27 8.85 0.91
27 22 8.82 0.97
14 35 8.97 0.98
21 28 9.39 0.87
31 18 8.78 0.92
42 7 9.86 0.83
0 49 9.41 0.91
33 16 9.81 0.9
34 15 9.13 0.91
40 9 9.22 0.87
26 23 8.83 0.92
35 14 7.64 0.95
38 11 7.27 0.86
41 8 7.62 1.0
43 6 9.0 0.92
44 5 8.2 0.83
45 4 9.0 0.94
46 3 7.33 1.11
48 1 9.0 1.05
