50
80.0
0 49 46.6 0.41
1 48 49.36 0.42
2 47 47.73 0.45
3 46 50.6 0.45
4 45 53.56 0.38
5 44 52.59 0.34
6 43 49.18 0.39
7 42 58.03 0.42
8 41 47.41 0.37
9 40 53.54 0.4
10 39 45.42 0.35
11 38 51.38 0.39
12 37 52.09 0.34
13 36 56.25 0.4
14 35 53.46 0.41
15 34 52.84 0.38
16 33 52.71 0.36
17 32 43.89 0.36
18 31 50.96 0.32
19 30 50.86 0.38
20 29 43.98 0.4
21 28 51.18 0.38
22 27 51.88 0.44
23 26 40.15 0.44
24 25 55.91 0.39
25 24 56.97 0.47
26 23 43.73 0.33
27 22 45.09 0.41
28 21 48.5 0.35
29 20 52.54 0.4
30 19 42.76 0.35
31 18 41.09 0.4
32 17 46.49 0.43
33 16 48.37 0.42
34 15 54.21 0.46
35 14 53.76 0.46
36 13 55.19 0.37
37 12 43.0 0.38
38 11 67.64 0.5
39 10 58.82 0.35
40 9 44.05 0.39
41 8 60.55 0.68
42 7 58.12 0.32
43 6 45.57 0.36
44 5 33.59 0.55
45 4 30.98 0.29
46 3 52.85 0.73
47 2 15.69 0.42
48 1 11.75 0.19
