50
75.102
0 49 50.35 17.33
1 48 55.15 20.95
2 47 51.57 15.95
3 46 49.08 18.23
4 45 51.97 19.46
5 44 52.64 18.63
6 43 52.77 17.86
7 42 43.9 20.99
8 41 53.92 19.54
9 40 50.82 21.24
10 39 50.4 19.38
11 38 54.28 17.62
12 37 42.12 18.35
13 36 44.1 16.01
14 35 49.16 17.78
15 34 54.04 16.19
16 33 54.27 17.85
17 32 59.44 20.34
18 31 41.8 19.82
19 30 53.32 16.43
20 29 54.54 16.16
21 28 52.25 15.57
22 27 48.51 16.54
23 26 46.2 20.73
24 25 47.82 17.46
25 24 55.5 18.03
26 23 61.51 19.57
27 22 46.62 23.15
28 21 47.27 17.83
29 20 43.18 16.71
30 19 60.02 20.99
31 18 63.06 16.41
32 17 59.96 13.33
33 16 49.77 14.17
34 15 48.58 23.42
35 14 44.17 19.93
36 13 50.21 23.07
37 12 50.45 17.81
38 11 45.55 17.56
39 10 50.87 23.19
40 9 47.99 22.82
41 8 63.96 20.08
42 7 34.66 17.66
43 6 47.87 20.45
44 5 57.57 16.16
45 4 46.95 16.33
46 3 24.36 13.08
47 2 45.6 29.31
48 1 45.0 12.3
