50
80.0
0 49 51.2 0.71
1 48 54.78 0.74
2 47 51.05 0.82
3 46 41.49 0.75
4 45 44.6 0.8
5 44 53.16 0.64
6 43 47.39 0.83
7 42 46.44 0.79
8 41 41.9 0.8
9 40 58.66 0.66
10 39 47.66 0.86
11 38 57.82 0.77
12 37 55.32 0.67
13 36 47.37 0.81
14 35 52.41 0.86
15 34 50.66 0.74
16 33 52.02 0.79
17 32 45.96 0.69
18 31 47.99 0.69
19 30 41.37 0.89
20 29 44.14 0.8
21 28 46.22 0.83
22 27 56.97 1.02
23 26 55.63 0.79
24 25 50.95 0.79
25 24 52.17 0.62
26 23 57.6 0.72
27 22 47.75 0.7
28 21 50.65 0.92
29 20 56.09 0.8
30 19 53.47 0.9
31 18 45.68 0.58
32 17 38.95 0.82
33 16 48.19 0.8
34 15 43.67 0.93
35 14 47.43 0.62
36 13 42.21 0.68
37 12 52.68 1.18
38 11 46.92 0.9
39 10 65.29 0.95
40 9 62.42 0.94
41 8 49.24 0.6
42 7 52.05 0.81
43 6 50.15 1.12
44 5 27.31 1.51
45 4 47.8 0.62
46 3 50.98 1.0
47 2 31.42 0.23
48 1 87.69 0.9
