50
99.0
0 49 14.0 10.96
1 48 3.25 7.27
2 47 3.4 7.38
3 46 6.87 8.45
4 45 10.76 8.62
5 44 11.0 8.81
6 43 11.07 9.0
7 42 9.26 7.99
8 41 9.71 8.21
9 40 9.88 8.36
10 39 10.05 8.56
11 38 10.24 8.78
12 37 10.43 9.0
13 36 9.53 8.1
14 35 9.71 8.29
15 34 9.91 8.53
16 33 10.12 8.76
17 32 10.34 9.0
18 31 9.29 7.94
19 30 9.5 8.2
20 29 9.72 8.43
21 28 9.96 8.71
22 27 10.22 9.0
23 26 8.96 7.75
24 25 9.2 8.04
25 24 10.46 8.33
26 23 9.74 8.63
27 22 10.05 9.0
28 21 4.74 7.55
29 20 9.13 8.22
30 19 3.27 8.21
31 18 3.24 9.67
32 17 4.88 8.87
33 16 1.62 6.77
34 15 3.52 7.17
35 14 4.2 7.61
36 13 38.54 8.5
37 12 41.75 9.04
38 11 5.27 5.91
39 10 5.65 6.5
40 9 6.28 7.11
41 8 7.03 8.12
42 7 8.0 9.0
43 6 6.83 3.58
44 5 7.2 4.1
45 4 7.75 4.75
46 3 8.67 6.67
47 2 10.5 9.0
48 1 20.0 9.0
