50
90.0
0 49 65.82 78.61
1 48 67.56 82.09
2 47 70.98 81.82
3 46 69.02 84.17
4 45 70.07 84.53
5 44 68.89 86.19
6 43 73.44 88.48
7 42 74.05 90.28
8 41 76.78 92.85
9 40 71.2 94.95
10 39 54.21 77.67
11 38 58.55 80.33
12 37 56.86 79.47
13 36 60.39 81.27
14 35 59.86 80.74
15 34 56.41 83.93
16 33 64.06 85.83
17 32 60.88 82.7
18 31 65.48 88.31
19 30 64.17 85.87
20 29 61.21 88.52
21 28 72.64 90.83
22 27 63.59 91.85
23 26 71.77 94.12
24 25 72.08 82.83
25 24 69.71 86.68
26 23 74.22 90.04
27 22 76.91 86.25
28 21 81.48 90.44
29 20 75.9 93.35
30 19 51.53 64.52
31 18 30.61 58.86
32 17 23.55 61.61
33 16 43.69 67.0
34 15 20.53 64.84
35 14 13.36 77.29
36 13 53.08 81.88
37 12 14.5 86.08
38 11 3.36 86.09
39 10 2.4 95.7
40 9 31.68 41.87
41 8 30.75 50.49
42 7 23.41 17.08
43 6 19.83 15.83
44 5 23.62 70.58
45 4 6.67 12.27
46 3 16.94 2.07
47 2 33.83 3.33
48 1 21.0 44.98
