50
99.0
0 49 58.97 0.7
1 48 54.51 0.59
2 47 48.15 0.68
3 46 49.24 0.71
4 45 56.53 0.72
5 44 54.36 0.67
6 43 48.32 0.59
7 42 49.8 0.6
8 41 47.03 0.61
9 40 50.98 0.66
10 39 53.79 0.67
11 38 47.52 0.67
12 37 50.1 0.64
13 36 53.4 0.63
14 35 48.37 0.68
15 34 51.31 0.66
16 33 52.46 0.64
17 32 59.07 0.66
18 31 64.14 0.65
19 30 43.57 0.63
20 29 51.24 0.6
21 28 52.69 0.67
22 27 59.68 0.65
23 26 43.72 0.66
24 25 46.18 0.66
25 24 56.94 0.63
26 23 48.46 0.64
27 22 51.81 0.65
28 21 48.74 0.64
29 20 42.74 0.66
30 19 54.64 0.62
31 18 51.64 0.73
32 17 45.49 0.61
33 16 56.13 0.64
34 15 41.87 0.56
35 14 54.05 0.69
36 13 46.0 0.69
37 12 30.64 0.59
38 11 36.54 0.64
39 10 61.77 0.7
40 9 65.46 0.67
41 8 47.15 0.71
42 7 36.23 0.7
43 6 71.59 0.68
44 5 28.94 0.73
45 4 44.86 0.84
46 3 57.58 0.79
47 2 48.86 0.53
48 1 34.14 0.37
