50
98.0
0 49 21.33 0.89
1 48 19.48 0.92
2 47 19.38 0.94
3 46 19.17 0.89
4 45 19.87 0.87
5 44 20.2 0.92
6 43 20.05 0.9
7 42 19.86 0.96
8 41 21.29 0.92
9 40 19.35 0.89
10 39 20.59 0.93
11 38 19.63 0.89
12 37 20.08 0.91
13 36 22.81 0.92
14 35 19.17 0.93
15 34 20.59 0.9
16 33 19.67 0.92
17 32 20.66 0.9
18 31 17.97 0.96
19 30 21.17 0.88
20 29 16.86 0.92
21 28 18.71 0.87
22 27 19.07 0.94
23 26 21.65 0.91
24 25 17.84 0.9
25 24 19.58 0.85
26 23 19.78 0.87
27 22 22.32 0.91
28 21 21.38 0.94
29 20 20.2 0.9
30 19 23.47 0.92
31 18 23.67 0.96
32 17 19.59 0.99
33 16 18.12 0.94
34 15 21.93 1.0
35 14 17.43 0.91
36 13 21.31 1.08
37 12 19.92 0.91
38 11 19.64 0.93
39 10 17.4 0.87
40 9 18.0 0.9
41 8 17.0 0.86
42 7 25.86 0.88
43 6 18.17 0.99
44 5 15.0 0.98
45 4 16.0 0.83
46 3 14.67 0.85
47 2 26.0 0.92
48 1 19.0 1.01
