50
10.68
0 49 15.38 0.14
1 48 15.31 0.14
2 47 13.21 0.14
3 46 11.9 0.16
4 45 13.37 0.14
5 44 12.78 0.16
6 43 9.96 0.15
7 42 14.79 0.15
8 41 11.52 0.16
9 40 13.43 0.2
10 39 11.51 0.14
11 38 14.12 0.15
12 37 11.14 0.15
13 36 12.5 0.18
14 35 11.06 0.21
15 34 9.31 0.14
16 33 15.06 0.16
17 32 9.66 0.16
18 31 10.8 0.16
19 30 10.35 0.17
20 29 11.85 0.38
21 28 9.41 0.32
22 27 11.66 0.15
23 26 11.71 0.15
24 25 10.78 0.14
25 24 12.42 0.15
26 23 13.36 0.21
27 22 10.15 0.16
28 21 10.96 0.16
29 20 9.43 0.21
30 19 5.97 0.39
31 18 16.11 0.13
32 17 12.67 0.14
33 16 12.49 0.14
34 15 7.97 0.17
35 14 9.74 0.13
36 13 13.31 0.19
37 12 13.71 0.18
38 11 22.25 0.12
39 10 5.55 0.21
40 9 15.96 0.12
41 8 9.03 0.18
42 7 13.31 0.13
43 6 19.03 0.13
44 5 6.47 0.14
45 4 8.93 0.14
46 3 4.13 0.15
47 2 4.52 0.11
48 1 7.04 0.11
