50
92.345
0 49 56.13 47.04
1 48 51.58 60.89
2 47 49.01 56.03
3 46 52.81 58.19
4 45 47.46 46.7
5 44 56.32 53.76
6 43 53.96 45.94
7 42 44.58 45.51
8 41 53.09 58.11
9 40 56.85 52.95
10 39 50.11 45.85
11 38 47.77 54.16
12 37 47.58 55.98
13 36 54.37 55.17
14 35 48.5 56.41
15 34 48.49 51.02
16 33 48.18 59.33
17 32 53.42 47.53
18 31 43.88 49.83
19 30 53.14 53.07
20 29 44.99 51.53
21 28 42.88 55.63
22 27 50.9 44.18
23 26 44.46 49.22
24 25 50.05 40.66
25 24 45.16 59.33
26 23 53.93 47.24
27 22 51.14 63.23
28 21 51.24 47.47
29 20 53.9 45.65
30 19 51.27 59.66
31 18 65.47 60.99
32 17 51.78 47.17
33 16 51.54 46.75
34 15 60.52 34.65
35 14 55.12 42.67
36 13 53.62 41.46
37 12 48.57 36.96
38 11 60.17 39.7
39 10 55.75 54.47
40 9 35.19 55.42
41 8 58.84 29.31
42 7 55.48 45.45
43 6 44.02 72.71
44 5 39.69 36.58
45 4 44.94 59.86
46 3 49.86 49.67
47 2 27.62 43.93
48 1 63.98 45.49
