50
22.561
48 49 97.98 11.28
49 48 100.0 11.28
0 47 50.0 0.01
1 46 50.0 0.01
2 45 50.0 0.01
3 44 50.0 0.01
4 43 50.0 0.01
5 42 50.0 0.01
6 41 50.0 0.01
7 40 50.0 0.01
8 39 50.0 0.01
9 38 50.0 0.01
10 37 50.0 0.01
11 36 50.0 0.01
12 35 50.0 0.01
13 34 50.0 0.01
14 33 50.0 0.01
15 32 50.0 0.01
16 31 50.0 0.01
17 30 50.0 0.01
18 29 50.0 0.01
19 28 50.0 0.01
20 27 50.0 0.01
21 26 50.0 0.01
22 25 50.0 0.01
23 24 50.0 0.01
24 23 50.0 0.01
25 22 50.0 0.01
26 21 50.0 0.01
27 20 50.0 0.01
28 19 50.0 0.01
29 18 50.0 0.01
30 17 50.0 0.01
31 16 50.0 0.01
32 15 50.0 0.01
33 14 50.0 0.01
34 13 50.0 0.01
35 12 50.0 0.01
36 11 50.0 0.01
37 10 50.0 0.01
38 9 50.0 0.01
39 8 50.0 0.01
40 7 50.0 0.01
41 6 50.0 0.01
42 5 50.0 0.01
43 4 50.0 0.01
44 3 50.0 0.01
45 2 50.0 0.01
46 1 50.0 0.01
