50
89.234
0 49 17.83 38.67
1 48 14.72 52.25
2 47 17.08 59.0
3 46 15.44 44.52
4 45 16.48 49.02
5 44 16.47 49.14
6 43 15.29 51.63
7 42 15.89 52.12
8 41 17.76 43.47
9 40 17.25 50.11
10 39 15.35 45.8
11 38 15.35 41.68
12 37 17.82 52.39
13 36 17.23 50.43
14 35 13.67 48.46
15 34 14.01 46.74
16 33 18.07 53.39
17 32 15.8 48.9
18 31 14.6 52.98
19 30 14.81 50.57
20 29 18.35 39.95
21 28 15.78 48.18
22 27 16.64 50.3
23 26 15.35 54.65
24 25 19.12 47.07
25 24 15.82 44.21
26 23 15.61 56.0
27 22 15.02 60.36
28 21 21.77 46.9
29 20 17.35 36.73
30 19 15.06 53.49
31 18 16.24 59.61
32 17 24.93 38.92
33 16 14.72 47.01
34 15 15.32 48.13
35 14 18.07 52.93
36 13 23.48 38.38
37 12 18.52 39.07
38 11 16.14 59.01
39 10 18.8 56.0
40 9 21.54 26.82
41 8 21.47 37.93
42 7 21.66 53.15
43 6 16.31 50.17
44 5 39.33 9.21
45 4 33.3 31.93
46 3 27.44 29.04
47 2 23.88 50.5
48 1 54.18 6.86
