50
95.0
0 49 5.28 2.86
1 48 6.32 2.83
2 47 6.57 2.76
3 46 5.58 2.98
4 45 5.48 2.81
5 44 5.85 2.74
6 43 5.2 2.91
7 42 5.03 2.95
8 41 5.21 2.77
9 40 5.57 3.07
10 39 5.93 2.98
11 38 6.38 2.7
12 37 5.32 3.07
13 36 6.26 2.83
14 35 5.56 2.8
15 34 4.98 3.0
16 33 5.2 2.97
17 32 4.71 3.18
18 31 5.87 2.81
19 30 5.04 2.94
20 29 5.17 2.83
21 28 4.95 2.93
22 27 7.52 2.6
23 26 4.8 2.88
24 25 4.62 3.08
25 24 11.01 1.82
26 23 7.83 2.26
27 22 8.58 2.37
28 21 7.77 2.27
29 20 9.46 2.01
30 19 7.3 2.47
31 18 10.88 2.01
32 17 8.22 2.12
33 16 7.06 2.69
34 15 7.9 2.67
35 14 7.97 2.49
36 13 6.08 2.93
37 12 4.48 2.98
38 11 7.51 1.84
39 10 11.96 1.55
40 9 6.51 2.65
41 8 5.08 2.49
42 7 12.22 1.45
43 6 14.81 1.66
44 5 11.46 1.7
45 4 11.33 2.69
46 3 14.6 1.05
47 2 13.88 1.23
48 1 5.16 2.71
