50
93.586
0 49 51.97 7.97
1 48 44.12 8.16
2 47 44.26 7.92
3 46 47.11 7.63
4 45 41.51 8.09
5 44 40.58 7.63
6 43 44.93 7.18
7 42 44.43 8.68
8 41 44.89 8.21
9 40 44.6 8.03
10 39 39.39 8.03
11 38 44.58 8.23
12 37 44.31 8.75
13 36 39.94 8.61
14 35 42.78 7.33
15 34 48.32 8.91
16 33 40.59 8.35
17 32 37.01 7.36
18 31 41.34 7.84
19 30 39.93 8.2
20 29 45.58 8.7
21 28 53.05 7.52
22 27 49.97 7.91
23 26 38.06 8.07
24 25 43.76 8.11
25 24 44.44 8.0
26 23 49.02 8.01
27 22 41.54 8.21
28 21 45.48 8.63
29 20 49.96 8.52
30 19 39.19 8.61
31 18 47.76 8.75
32 17 47.12 7.34
33 16 48.65 7.8
34 15 41.04 7.94
35 14 42.37 7.3
36 13 45.79 7.98
37 12 47.51 8.57
38 11 49.56 8.68
39 10 39.48 8.29
40 9 47.32 7.41
41 8 42.27 7.02
42 7 39.98 8.53
43 6 51.98 9.28
44 5 44.31 10.43
45 4 48.31 7.86
46 3 39.91 8.0
47 2 37.74 8.83
48 1 6.23 5.01
