50
99.999
0 49 88.98 6.77
1 48 5.42 9.24
2 47 5.53 9.22
3 46 5.65 9.21
4 45 5.78 9.19
5 44 5.91 9.17
6 43 6.05 9.15
7 42 6.19 9.13
8 41 6.34 9.11
9 40 7.85 8.09
10 39 66.54 6.64
11 38 5.13 9.28
12 37 5.27 9.26
13 36 5.42 9.24
14 35 5.57 9.22
15 34 5.74 9.2
16 33 5.91 9.17
17 32 6.09 9.15
18 31 6.29 9.12
19 30 7.85 8.09
20 29 59.1 6.07
21 28 4.64 9.35
22 27 4.81 9.32
23 26 5.0 9.3
24 25 5.2 9.27
25 24 5.42 9.24
26 23 5.65 9.21
27 22 5.91 9.17
28 21 6.19 9.13
29 20 7.85 8.09
30 19 59.0 4.89
31 18 3.61 9.49
32 17 3.82 9.46
33 16 4.06 9.43
34 15 4.33 9.39
35 14 4.64 9.35
36 13 5.0 9.3
37 12 5.42 9.24
38 11 5.91 9.17
39 10 7.85 8.09
40 9 58.67 1.11
41 8 0.0 9.99
42 7 0.0 9.99
43 6 0.0 9.99
44 5 0.0 9.99
45 4 0.0 9.99
46 3 0.0 9.99
47 2 0.0 9.99
48 1 0.0 9.99
