50
82.002
0 49 0.64 4.58
1 48 0.32 4.48
2 47 0.43 4.75
3 46 0.48 4.73
4 45 0.25 4.56
5 44 0.17 4.5
6 43 0.24 4.26
7 42 0.17 4.87
8 41 0.03 5.36
9 40 0.03 5.48
10 39 0.01 5.33
11 38 0.4 3.47
12 37 0.25 3.14
13 36 0.48 3.44
14 35 0.58 3.1
15 34 0.71 3.74
16 33 0.37 3.55
17 32 0.29 3.79
18 31 0.3 4.32
19 30 0.27 4.83
20 29 0.52 4.97
21 28 0.04 3.87
22 27 0.34 5.46
23 26 0.04 5.99
24 25 0.01 5.51
25 24 0.05 5.05
26 23 0.01 4.99
27 22 2.28 5.83
28 21 0.01 5.05
29 20 1.31 3.43
30 19 1.32 4.44
31 18 1.12 3.91
32 17 1.48 4.16
33 16 0.88 5.01
34 15 0.14 3.82
35 14 0.93 4.17
36 13 0.01 6.42
37 12 0.92 3.64
38 11 0.82 4.41
39 10 0.51 5.64
40 9 0.01 4.79
41 8 1.26 0.38
42 7 3.15 0.43
43 6 3.34 0.34
44 5 3.21 0.21
45 4 3.25 0.5
46 3 2.34 0.67
47 2 5.5 0.01
48 1 1.01 0.01
