50
80.532
0 49 58.62 0.98
1 48 42.88 1.09
2 47 47.92 1.05
3 46 47.27 1.03
4 45 48.56 0.96
5 44 50.61 0.94
6 43 54.14 1.11
7 42 49.38 1.15
8 41 54.81 0.99
9 40 55.97 0.79
10 39 45.15 0.98
11 38 49.05 1.15
12 37 51.85 1.13
13 36 48.76 0.99
14 35 53.48 0.84
15 34 48.14 1.07
16 33 53.57 1.05
17 32 57.47 1.05
18 31 52.3 1.06
19 30 48.71 1.17
20 29 45.89 1.06
21 28 41.18 1.0
22 27 44.48 0.9
23 26 55.6 0.97
24 25 52.01 0.93
25 24 52.54 0.92
26 23 47.69 1.07
27 22 61.84 0.94
28 21 53.7 0.93
29 20 60.84 0.97
30 19 47.02 0.8
31 18 52.37 1.04
32 17 50.74 0.86
33 16 48.91 0.82
34 15 55.17 1.15
35 14 31.07 0.96
36 13 50.83 0.72
37 12 41.02 0.98
38 11 52.86 1.04
39 10 40.41 1.14
40 9 63.17 0.95
41 8 51.82 0.77
42 7 25.27 1.23
43 6 54.19 0.84
44 5 47.65 0.91
45 4 39.03 0.33
46 3 22.45 0.84
47 2 89.44 0.17
48 1 57.44 0.74
