50
27.0
0 49 0.41 0.51
1 48 0.41 0.51
2 47 0.41 0.51
3 46 0.41 0.51
4 45 0.41 0.51
5 44 0.41 0.51
6 43 0.41 0.51
7 42 0.41 0.51
8 41 0.41 0.51
9 40 0.41 0.51
10 39 0.41 0.51
11 38 0.41 0.51
12 37 0.41 0.51
13 36 0.41 0.51
14 35 0.41 0.51
15 34 0.41 0.51
16 33 0.42 0.52
17 32 0.42 0.52
18 31 0.42 0.52
19 30 0.42 0.52
20 29 0.42 0.52
21 28 0.42 0.52
22 27 0.42 0.52
23 26 0.38 0.5
24 25 1.7 1.1
25 24 0.4 0.5
26 23 0.4 0.5
27 22 0.4 0.5
28 21 0.4 0.5
29 20 0.4 0.5
30 19 0.4 0.5
31 18 0.4 0.5
32 17 0.4 0.5
33 16 0.4 0.5
34 15 0.4 0.5
35 14 0.4 0.5
36 13 0.4 0.5
37 12 0.4 0.5
38 11 0.4 0.5
39 10 0.4 0.5
40 9 0.4 0.5
41 8 0.4 0.5
42 7 0.4 0.5
43 6 0.4 0.5
44 5 0.4 0.5
45 4 0.4 0.5
46 3 0.4 0.5
47 2 0.4 0.5
48 1 0.4 0.06
