50
93.0
0 49 5.08 4.79
1 48 4.54 4.67
2 47 4.21 4.74
3 46 4.35 4.32
4 45 4.31 4.53
5 44 4.48 5.19
6 43 4.51 4.98
7 42 4.36 4.29
8 41 5.12 4.54
9 40 4.45 4.95
10 39 4.1 5.15
11 38 4.08 4.72
12 37 4.35 4.81
13 36 4.83 3.98
14 35 4.31 3.65
15 34 4.06 5.11
16 33 4.58 4.74
17 32 3.69 4.64
18 31 3.58 4.45
19 30 4.27 4.06
20 29 4.72 4.56
21 28 4.54 4.48
22 27 4.48 5.07
23 26 4.42 4.88
24 25 4.92 3.98
25 24 4.62 4.43
26 23 4.0 4.05
27 22 4.95 4.72
28 21 4.62 5.37
29 20 4.95 5.59
30 19 3.26 3.67
31 18 4.22 3.19
32 17 4.65 3.06
33 16 3.88 5.21
34 15 3.33 3.4
35 14 4.93 5.69
36 13 4.62 4.1
37 12 5.17 3.98
38 11 4.55 4.89
39 10 3.7 4.28
40 9 3.22 5.9
41 8 4.38 3.61
42 7 5.57 4.36
43 6 4.17 3.23
44 5 5.4 2.76
45 4 3.5 5.87
46 3 6.0 1.66
47 2 4.5 1.8
48 1 2.0 1.59
