50
25.116
0 49 49.17 50.09
1 48 43.47 46.7
2 47 45.86 51.12
3 46 53.82 44.17
4 45 52.06 57.47
5 44 60.3 49.42
6 43 49.72 47.1
7 42 48.39 56.37
8 41 48.16 45.49
9 40 45.45 45.42
10 39 50.0 42.71
11 38 49.99 45.53
12 37 41.58 54.2
13 36 54.77 43.69
14 35 57.32 50.33
15 34 46.68 48.52
16 33 56.08 50.38
17 32 55.87 51.92
18 31 55.21 54.15
19 30 46.68 49.04
20 29 60.03 45.21
21 28 52.28 49.98
22 27 58.4 56.63
23 26 45.06 57.22
24 25 47.4 60.74
25 24 51.29 43.86
26 23 39.12 48.43
27 22 52.35 51.71
28 21 46.68 58.78
29 20 52.89 42.87
30 19 52.02 37.6
31 18 38.3 39.66
32 17 35.66 43.53
33 16 57.28 49.36
34 15 39.9 52.27
35 14 48.61 46.22
36 13 35.08 54.71
37 12 37.65 63.8
38 11 59.54 59.72
39 10 51.2 43.98
40 9 60.1 42.1
41 8 58.18 41.9
42 7 44.9 43.41
43 6 53.06 46.56
44 5 29.17 52.39
45 4 47.06 44.85
46 3 80.5 49.99
47 2 31.88 63.88
48 1 15.99 68.1
