50
80.0
0 49 15.27 0.24
1 48 14.42 0.26
2 47 15.36 0.3
3 46 15.41 0.16
4 45 10.16 0.24
5 44 14.48 0.28
6 43 12.37 0.17
7 42 13.1 0.09
8 41 13.34 0.13
9 40 10.23 0.06
10 39 8.82 0.04
11 38 7.89 0.0
12 37 17.51 0.32
13 36 16.45 0.35
14 35 17.77 0.4
15 34 17.91 0.22
16 33 10.82 0.33
17 32 16.78 0.39
18 31 13.94 0.24
19 30 15.0 0.13
20 29 15.41 0.19
21 28 11.04 0.09
22 27 9.04 0.05
23 26 7.69 0.0
24 25 21.92 0.47
25 24 20.5 0.52
26 23 22.7 0.61
27 22 23.14 0.33
28 21 12.24 0.52
29 20 21.85 0.62
30 19 17.47 0.39
31 18 19.44 0.22
32 17 20.41 0.32
33 16 13.06 0.15
34 15 9.6 0.09
35 14 7.14 0.0
36 13 34.46 0.9
37 12 32.67 1.04
38 11 38.36 1.27
39 10 40.9 0.74
40 9 17.44 1.21
41 8 42.13 1.55
42 7 33.14 1.06
43 6 41.67 0.66
44 5 49.4 1.09
45 4 27.25 0.59
46 3 14.67 0.46
47 2 0.0 0.0
48 1 0.0 0.0
