50
70.51
0 49 2.91 2.71
1 48 2.81 2.76
2 47 2.67 2.83
3 46 2.61 2.86
4 45 2.5 2.92
5 44 3.21 2.56
6 43 3.03 2.65
7 42 2.9 2.72
8 41 3.02 2.66
9 40 2.9 2.72
10 39 3.46 2.44
11 38 3.32 2.5
12 37 3.15 2.59
13 36 3.23 2.55
14 35 2.99 2.67
15 34 3.69 2.32
16 33 3.59 2.37
17 32 3.39 2.47
18 31 3.32 2.51
19 30 3.1 2.62
20 29 4.04 2.15
21 28 3.91 2.21
22 27 3.81 2.26
23 26 3.65 2.34
24 25 3.65 2.34
25 24 4.56 1.89
26 23 4.52 1.91
27 22 4.2 2.07
28 21 4.31 2.01
29 20 3.89 2.22
30 19 5.13 1.6
31 18 4.84 1.75
32 17 5.01 1.66
33 16 4.75 1.79
34 15 4.67 1.83
35 14 5.71 1.31
36 13 5.61 1.36
37 12 5.5 1.42
38 11 5.41 1.46
39 10 5.05 1.64
40 9 6.36 0.99
41 8 6.12 1.1
42 7 6.01 1.16
43 6 5.75 1.29
44 5 5.53 1.4
45 4 7.19 0.57
46 3 7.18 0.58
47 2 6.82 0.76
48 1 7.4 0.47
