50
99.923
0 49 13.19 22.89
1 48 12.73 20.99
2 47 12.52 21.37
3 46 12.13 19.48
4 45 13.3 21.5
5 44 13.84 23.19
6 43 10.1 18.57
7 42 12.02 19.7
8 41 12.43 21.65
9 40 12.51 21.24
10 39 13.21 22.08
11 38 13.43 22.3
12 37 9.35 16.06
13 36 11.75 20.05
14 35 11.19 17.8
15 34 10.97 17.85
16 33 13.01 21.3
17 32 15.91 24.61
18 31 12.73 22.0
19 30 14.82 24.3
20 29 14.32 23.14
21 28 13.18 22.22
22 27 11.3 19.26
23 26 12.32 19.92
24 25 12.63 21.13
25 24 8.89 14.95
26 23 15.09 22.93
27 22 14.03 22.06
28 21 16.35 25.58
29 20 8.7 13.92
30 19 10.57 16.81
31 18 11.07 17.22
32 17 12.47 19.03
33 16 11.2 18.05
34 15 12.38 20.03
35 14 11.85 19.31
36 13 11.54 19.26
37 12 10.57 18.01
38 11 13.63 21.23
39 10 9.21 14.34
40 9 9.7 16.98
41 8 12.23 21.05
42 7 14.83 20.68
43 6 11.91 17.58
44 5 10.38 17.22
45 4 10.32 17.28
46 3 9.54 15.88
47 2 18.21 25.88
48 1 6.4 9.05
