50
80.0
0 49 2.85 2.51
1 48 2.76 2.61
2 47 2.3 2.77
3 46 2.39 2.66
4 45 2.2 2.3
5 44 2.4 2.64
6 43 2.49 2.43
7 42 2.54 2.47
8 41 2.52 2.88
9 40 2.36 2.39
10 39 2.37 3.04
11 38 2.58 3.07
12 37 2.46 2.84
13 36 2.28 2.55
14 35 2.6 3.18
15 34 2.12 2.6
16 33 2.87 2.95
17 32 2.43 2.09
18 31 2.31 3.14
19 30 2.27 2.27
20 29 2.25 2.6
21 28 2.7 2.34
22 27 2.16 2.75
23 26 3.06 2.9
24 25 2.6 2.92
25 24 2.96 3.0
26 23 2.3 2.8
27 22 2.33 3.21
28 21 3.05 1.83
29 20 1.92 2.5
30 19 2.4 3.17
31 18 2.37 2.82
32 17 3.18 3.68
33 16 2.51 4.32
34 15 2.18 3.1
35 14 2.09 2.49
36 13 2.82 2.42
37 12 2.73 1.84
38 11 3.16 3.07
39 10 2.85 2.17
40 9 2.96 2.47
41 8 1.74 1.64
42 7 1.91 2.85
43 6 1.84 3.0
44 5 3.5 1.23
45 4 2.74 3.11
46 3 1.47 2.03
47 2 1.84 1.22
48 1 3.69 5.82
