50
4.0
0 49 43.24 0.61
1 48 51.04 0.85
2 47 52.17 0.0
3 46 46.2 0.0
4 45 48.51 0.0
5 44 52.39 0.0
6 43 52.81 0.05
7 42 45.0 0.05
8 41 48.85 0.0
9 40 46.7 0.0
10 39 49.31 0.05
11 38 51.61 0.0
12 37 47.46 0.0
13 36 50.06 0.0
14 35 48.49 0.0
15 34 57.97 0.0
16 33 47.88 0.0
17 32 57.62 0.0
18 31 51.94 0.0
19 30 41.3 0.0
20 29 52.55 0.0
21 28 54.5 0.0
22 27 48.22 0.0
23 26 45.42 0.0
24 25 49.52 0.0
25 24 46.54 0.0
26 23 57.65 0.0
27 22 47.32 0.27
28 21 57.43 0.0
29 20 50.95 0.0
30 19 42.16 0.0
31 18 52.22 0.0
32 17 61.0 0.0
33 16 49.75 0.0
34 15 48.33 0.0
35 14 55.0 0.14
36 13 48.38 0.0
37 12 36.83 0.0
38 11 37.73 0.0
39 10 63.9 0.0
40 9 72.67 0.0
41 8 35.12 0.0
42 7 18.71 0.0
43 6 46.67 0.0
44 5 20.6 0.0
45 4 42.75 0.0
46 3 52.67 0.0
47 2 54.5 0.0
48 1 76.0 0.0
