50
95.43
0 49 41.92 3.89
1 48 37.24 4.44
2 47 42.09 4.13
3 46 41.73 3.85
4 45 37.75 4.43
5 44 41.33 3.22
6 43 43.02 4.05
7 42 41.35 3.8
8 41 39.68 4.08
9 40 40.81 3.76
10 39 41.32 4.79
11 38 39.27 3.95
12 37 43.04 3.97
13 36 46.14 3.45
14 35 38.8 4.48
15 34 44.46 3.21
16 33 43.29 4.29
17 32 39.95 3.62
18 31 41.02 3.82
19 30 38.68 4.13
20 29 44.8 4.65
21 28 40.65 4.48
22 27 45.96 3.58
23 26 38.44 4.49
24 25 41.29 4.71
25 24 39.56 4.36
26 23 43.51 4.16
27 22 39.95 4.51
28 21 38.41 3.84
29 20 50.65 4.88
30 19 44.81 3.78
31 18 43.79 4.22
32 17 45.54 3.76
33 16 43.45 4.43
34 15 40.9 3.33
35 14 42.1 4.9
36 13 38.21 4.42
37 12 43.83 4.04
38 11 32.15 4.71
39 10 41.93 4.49
40 9 48.02 2.48
41 8 53.56 4.62
42 7 36.65 5.35
43 6 48.55 5.0
44 5 43.2 3.65
45 4 60.49 5.9
46 3 34.27 1.95
47 2 72.81 5.69
48 1 46.02 1.25
