50
61.0
0 49 0.55 0.76
1 48 0.54 0.81
2 47 0.56 0.89
3 46 0.59 0.85
4 45 0.6 0.78
5 44 0.61 0.91
6 43 0.56 0.85
7 42 0.66 0.73
8 41 0.51 0.76
9 40 0.53 0.87
10 39 0.5 0.85
11 38 0.59 0.73
12 37 0.48 0.75
13 36 0.48 0.84
14 35 0.6 0.77
15 34 0.56 0.79
16 33 0.59 0.75
17 32 0.62 0.86
18 31 0.49 0.86
19 30 0.61 0.74
20 29 0.55 0.77
21 28 0.59 0.76
22 27 0.5 0.79
23 26 0.58 0.83
24 25 0.51 0.92
25 24 0.49 0.72
26 23 0.57 0.88
27 22 0.48 0.88
28 21 0.43 0.9
29 20 0.66 0.78
30 19 0.5 0.86
31 18 0.54 0.72
32 17 0.45 0.91
33 16 0.53 0.76
34 15 0.63 0.73
35 14 0.59 0.92
36 13 0.61 0.81
37 12 0.49 0.91
38 11 0.58 0.7
39 10 0.55 0.72
40 9 0.58 0.75
41 8 0.74 0.79
42 7 0.75 0.89
43 6 0.46 0.98
44 5 0.39 0.99
45 4 0.52 0.58
46 3 0.69 0.65
47 2 0.74 0.57
48 1 0.35 1.01
