50
90.0
0 49 13.54 4.52
1 48 11.76 4.57
2 47 25.07 3.87
3 46 19.58 4.17
4 45 17.82 4.25
5 44 15.97 4.34
6 43 30.62 3.58
7 42 14.14 4.42
8 41 25.11 3.87
9 40 12.13 4.52
10 39 23.61 3.94
11 38 21.62 4.04
12 37 31.57 3.53
13 36 19.8 4.18
14 35 17.54 4.28
15 34 25.62 3.86
16 33 31.5 3.53
17 32 23.82 3.95
18 31 21.4 4.07
19 30 21.78 4.09
20 29 9.9 4.62
21 28 32.17 3.5
22 27 23.1 3.97
23 26 9.9 4.62
24 25 20.59 4.09
25 24 21.04 4.12
26 23 17.65 4.28
27 22 18.0 4.22
28 21 35.36 3.34
29 20 14.35 4.4
30 19 23.97 4.06
31 18 19.8 4.23
32 17 36.11 3.3
33 16 15.47 4.38
34 15 9.9 4.62
35 14 28.99 3.7
36 13 37.32 3.24
37 12 24.75 3.9
38 11 26.1 3.9
39 10 36.63 3.27
40 9 19.8 4.23
41 8 9.9 4.62
42 7 22.63 4.05
43 6 39.6 3.12
44 5 9.9 4.62
45 4 32.18 3.54
46 3 39.6 3.12
47 2 9.9 4.62
48 1 9.9 4.62
