50
90.0
0 49 5.07 5.12
1 48 4.45 5.69
2 47 5.01 5.3
3 46 5.53 5.07
4 45 5.2 4.6
5 44 4.53 4.41
6 43 4.35 4.43
7 42 5.67 4.49
8 41 5.14 4.31
9 40 4.91 5.05
10 39 4.41 5.05
11 38 4.69 4.96
12 37 5.9 5.01
13 36 5.05 5.35
14 35 4.88 4.0
15 34 4.44 4.85
16 33 5.56 5.9
17 32 4.17 5.08
18 31 5.32 5.01
19 30 5.24 4.78
20 29 4.64 6.16
21 28 4.86 5.82
22 27 5.75 4.16
23 26 5.17 5.62
24 25 4.13 5.02
25 24 4.36 4.63
26 23 4.42 3.76
27 22 4.42 6.79
28 21 5.0 4.6
29 20 4.01 4.45
30 19 5.25 4.85
31 18 4.69 3.69
32 17 5.46 4.8
33 16 5.07 5.27
34 15 5.35 6.3
35 14 5.21 4.31
36 13 5.24 4.6
37 12 5.41 6.55
38 11 6.27 5.05
39 10 4.91 6.37
40 9 4.05 5.11
41 8 3.96 5.89
42 7 6.36 5.65
43 6 5.0 4.65
44 5 4.45 6.2
45 4 5.64 4.04
46 3 5.13 4.62
47 2 9.94 4.82
48 1 7.56 4.58
