50
93.0
0 49 0.31 0.48
1 48 0.33 0.47
2 47 0.3 0.47
3 46 0.32 0.48
4 45 0.3 0.47
5 44 0.31 0.48
6 43 0.32 0.48
7 42 0.3 0.48
8 41 0.34 0.47
9 40 0.31 0.49
10 39 0.3 0.48
11 38 0.31 0.48
12 37 0.31 0.48
13 36 0.32 0.49
14 35 0.33 0.47
15 34 0.3 0.49
16 33 0.33 0.47
17 32 0.29 0.49
18 31 0.31 0.49
19 30 0.33 0.48
20 29 0.32 0.48
21 28 0.33 0.48
22 27 0.33 0.48
23 26 0.32 0.49
24 25 0.32 0.48
25 24 0.3 0.48
26 23 0.3 0.47
27 22 0.3 0.48
28 21 0.32 0.47
29 20 0.3 0.47
30 19 0.3 0.48
31 18 0.35 0.48
32 17 0.31 0.51
33 16 0.29 0.47
34 15 0.32 0.49
35 14 0.33 0.47
36 13 0.34 0.45
37 12 0.3 0.48
38 11 0.33 0.47
39 10 0.32 0.49
40 9 0.32 0.49
41 8 0.3 0.5
42 7 0.38 0.48
43 6 0.37 0.47
44 5 0.29 0.5
45 4 0.28 0.44
46 3 0.33 0.48
47 2 0.31 0.46
48 1 0.13 0.5
