50
92.169
0 49 7.62 0.25
1 48 7.28 0.23
2 47 7.48 0.26
3 46 7.29 0.23
4 45 7.37 0.27
5 44 7.25 0.28
6 43 7.37 0.27
7 42 7.53 0.32
8 41 7.47 0.24
9 40 7.24 0.21
10 39 7.25 0.29
11 38 7.63 0.23
12 37 7.61 0.21
13 36 7.48 0.21
14 35 7.31 0.21
15 34 7.27 0.22
16 33 6.96 0.22
17 32 7.51 0.22
18 31 7.23 0.29
19 30 7.32 0.23
20 29 7.57 0.24
21 28 7.18 0.25
22 27 7.23 0.26
23 26 7.39 0.26
24 25 7.27 0.32
25 24 7.6 0.3
26 23 7.62 0.2
27 22 7.27 0.31
28 21 7.67 0.2
29 20 7.3 0.29
30 19 7.47 0.2
31 18 7.31 0.29
32 17 7.41 0.33
33 16 7.96 0.29
34 15 7.33 0.29
35 14 7.15 0.22
36 13 7.43 0.25
37 12 7.09 0.31
38 11 7.23 0.28
39 10 8.02 0.35
40 9 7.36 0.3
41 8 8.14 0.42
42 7 8.07 0.33
43 6 7.8 0.32
44 5 7.72 0.29
45 4 7.47 0.17
46 3 8.81 0.32
47 2 7.37 0.27
48 1 7.87 0.19
