50
89.69
0 49 56.32 4.88
1 48 61.15 4.57
2 47 58.18 5.54
3 46 52.34 4.77
4 45 62.26 5.33
5 44 56.56 4.68
6 43 61.52 5.53
7 42 58.22 4.9
8 41 59.53 5.31
9 40 60.42 5.38
10 39 56.69 5.36
11 38 63.89 5.2
12 37 63.12 5.39
13 36 64.15 6.22
14 35 54.73 5.27
15 34 61.75 5.39
16 33 59.41 4.85
17 32 55.51 5.38
18 31 59.35 5.08
19 30 66.4 4.16
20 29 56.88 4.24
21 28 61.29 4.45
22 27 57.21 5.89
23 26 64.34 5.46
24 25 56.5 4.0
25 24 65.67 6.07
26 23 53.52 4.69
27 22 53.49 4.42
28 21 60.24 6.24
29 20 63.11 4.76
30 19 54.45 5.04
31 18 54.52 4.3
32 17 60.62 5.35
33 16 54.65 5.79
34 15 60.05 3.92
35 14 75.85 5.82
36 13 62.06 5.63
37 12 79.88 5.72
38 11 54.54 3.92
39 10 59.67 4.43
40 9 52.56 5.18
41 8 67.84 5.92
42 7 55.76 5.77
43 6 53.26 5.79
44 5 63.34 4.79
45 4 77.02 5.21
46 3 46.27 6.15
47 2 47.53 3.27
48 1 41.51 1.62
