50
99.8
0 49 26.03 12.09
1 48 23.61 14.54
2 47 28.58 11.63
3 46 26.06 13.34
4 45 25.34 12.91
5 44 24.7 14.42
6 43 23.66 16.55
7 42 29.59 12.84
8 41 24.54 13.85
9 40 22.74 12.88
10 39 26.45 14.25
11 38 25.65 12.92
12 37 23.44 12.51
13 36 22.12 13.66
14 35 25.68 14.14
15 34 23.27 13.59
16 33 26.67 14.75
17 32 26.8 11.32
18 31 25.84 15.76
19 30 22.63 15.73
20 29 26.98 12.05
21 28 25.46 11.92
22 27 19.38 14.33
23 26 23.26 15.64
24 25 22.49 13.82
25 24 22.78 12.73
26 23 20.0 15.58
27 22 17.68 16.25
28 21 16.25 14.69
29 20 25.71 14.29
30 19 14.28 18.22
31 18 24.83 14.65
32 17 21.37 15.88
33 16 19.78 18.28
34 15 26.87 13.59
35 14 22.65 18.65
36 13 24.37 19.45
37 12 27.28 18.54
38 11 36.94 11.37
39 10 13.99 12.54
40 9 16.2 15.87
41 8 14.15 21.42
42 7 37.76 7.34
43 6 24.01 15.75
44 5 34.15 4.9
45 4 14.58 18.05
46 3 20.78 16.54
47 2 63.45 10.94
48 1 6.01 18.68
