50
99.0
0 49 46.2 3.18
1 48 44.54 3.24
2 47 47.62 2.78
3 46 54.02 2.93
4 45 56.53 3.03
5 44 55.36 3.01
6 43 52.19 3.61
7 42 47.29 2.56
8 41 49.63 2.64
9 40 55.85 3.17
10 39 47.33 2.91
11 38 57.37 2.52
12 37 53.86 3.33
13 36 54.72 2.95
14 35 49.91 2.87
15 34 49.26 3.23
16 33 42.24 3.45
17 32 51.09 2.42
18 31 56.32 2.93
19 30 43.0 3.27
20 29 53.59 2.99
21 28 55.43 3.67
22 27 45.56 3.06
23 26 37.31 3.57
24 25 57.16 2.43
25 24 52.17 2.81
26 23 49.43 3.46
27 22 51.23 2.67
28 21 34.48 2.68
29 20 48.3 2.92
30 19 45.63 2.6
31 18 51.5 3.36
32 17 50.65 2.6
33 16 45.44 2.89
34 15 58.67 2.28
35 14 51.21 2.29
36 13 44.46 2.55
37 12 52.17 3.23
38 11 49.27 2.78
39 10 49.0 3.39
40 9 59.44 3.01
41 8 24.75 3.37
42 7 42.71 2.48
43 6 60.17 4.05
44 5 37.8 2.07
45 4 73.0 3.35
46 3 31.67 1.78
47 2 69.0 3.15
48 1 2.0 1.15
