50
99.0
0 49 5.57 7.4
1 48 5.69 6.13
2 47 4.6 7.27
3 46 5.67 7.71
4 45 5.42 7.32
5 44 5.45 8.01
6 43 5.63 6.29
7 42 4.88 6.97
8 41 5.32 8.15
9 40 5.17 7.83
10 39 5.46 7.13
11 38 5.66 8.24
12 37 5.89 8.97
13 36 5.25 7.5
14 35 5.86 6.85
15 34 5.65 7.41
16 33 5.48 8.4
17 32 6.5 8.7
18 31 5.74 6.32
19 30 5.53 7.84
20 29 4.69 7.1
21 28 5.29 7.31
22 27 5.96 8.88
23 26 5.23 7.5
24 25 4.68 6.35
25 24 6.12 6.81
26 23 5.09 7.79
27 22 5.91 7.53
28 21 5.1 9.91
29 20 5.25 7.25
30 19 4.26 8.97
31 18 6.61 7.84
32 17 4.82 6.93
33 16 5.94 7.34
34 15 5.87 5.67
35 14 4.21 6.69
36 13 4.38 7.57
37 12 4.17 7.39
38 11 5.64 8.61
39 10 6.1 8.49
40 9 5.67 3.88
41 8 6.5 8.78
42 7 3.71 5.74
43 6 5.33 5.93
44 5 3.2 10.19
45 4 5.0 4.82
46 3 5.67 9.08
47 2 5.0 10.11
48 1 9.0 4.1
