50
99.0
0 49 37.23 30.08
1 48 29.17 30.98
2 47 36.08 27.06
3 46 36.37 25.05
4 45 36.31 24.84
5 44 35.8 19.25
6 43 28.74 22.89
7 42 30.83 24.16
8 41 28.87 25.82
9 40 34.22 24.25
10 39 36.16 24.92
11 38 35.47 26.18
12 37 38.37 26.48
13 36 31.43 39.18
14 35 36.34 24.83
15 34 34.37 26.52
16 33 36.61 23.22
17 32 29.77 28.28
18 31 37.24 29.22
19 30 31.59 24.32
20 29 36.36 28.01
21 28 45.77 29.34
22 27 30.41 30.02
23 26 32.69 29.95
24 25 36.81 24.73
25 24 37.69 23.47
26 23 30.86 25.14
27 22 31.13 30.69
28 21 29.33 25.27
29 20 37.35 25.89
30 19 26.8 26.18
31 18 30.13 22.87
32 17 37.3 20.47
33 16 34.7 18.9
34 15 49.22 30.23
35 14 40.85 20.62
36 13 37.87 25.65
37 12 48.8 26.83
38 11 31.36 31.55
39 10 32.77 25.15
40 9 30.65 27.9
41 8 44.76 25.53
42 7 39.92 23.47
43 6 30.37 27.0
44 5 46.67 39.44
45 4 21.49 26.08
46 3 21.97 17.37
47 2 25.05 36.27
48 1 10.92 46.13
