50
95.43
0 49 40.54 4.04
1 48 38.02 4.23
2 47 43.7 3.61
3 46 40.45 3.94
4 45 37.78 4.83
5 44 41.18 4.53
6 43 38.09 4.55
7 42 41.18 3.96
8 41 39.71 4.63
9 40 40.35 4.19
10 39 38.39 3.66
11 38 40.4 3.82
12 37 41.0 4.48
13 36 44.39 3.51
14 35 37.99 4.02
15 34 42.1 3.8
16 33 41.6 3.49
17 32 39.3 4.37
18 31 39.47 3.84
19 30 40.18 4.84
20 29 38.97 4.53
21 28 38.92 4.62
22 27 41.88 4.01
23 26 40.06 4.02
24 25 37.23 4.13
25 24 38.01 3.52
26 23 42.7 3.46
27 22 39.74 3.98
28 21 37.67 4.29
29 20 47.85 3.59
30 19 41.45 3.72
31 18 37.31 3.25
32 17 51.18 3.52
33 16 38.58 3.74
34 15 39.01 3.62
35 14 38.31 3.13
36 13 41.2 3.48
37 12 40.06 3.89
38 11 35.29 5.83
39 10 36.72 4.32
40 9 53.12 2.69
41 8 44.95 2.54
42 7 36.26 4.97
43 6 31.52 3.81
44 5 43.51 4.44
45 4 49.61 3.13
46 3 36.94 4.55
47 2 30.79 4.28
48 1 25.39 3.66
