50
98.564
0 49 57.63 11.71
1 48 57.38 11.17
2 47 60.58 13.68
3 46 56.62 10.47
4 45 55.92 10.62
5 44 60.03 12.82
6 43 58.67 11.89
7 42 59.36 12.01
8 41 55.62 10.37
9 40 55.0 10.1
10 39 57.48 11.62
11 38 57.19 10.86
12 37 58.48 11.89
13 36 57.86 11.16
14 35 58.36 12.01
15 34 54.96 9.93
16 33 56.64 10.91
17 32 55.29 10.81
18 31 60.62 13.32
19 30 56.42 11.0
20 29 59.02 12.18
21 28 58.87 11.45
22 27 57.36 12.47
23 26 58.98 12.0
24 25 56.3 10.77
25 24 57.35 10.8
26 23 59.06 12.69
27 22 59.29 12.36
28 21 59.02 10.41
29 20 58.47 11.59
30 19 57.9 11.37
31 18 56.92 11.29
32 17 55.72 12.85
33 16 60.23 13.01
34 15 58.83 13.43
35 14 54.49 10.56
36 13 58.07 11.5
37 12 57.72 11.95
38 11 54.15 10.63
39 10 58.71 11.52
40 9 54.05 10.26
41 8 58.68 12.97
42 7 58.54 9.93
43 6 62.7 14.65
44 5 60.27 12.85
45 4 51.75 9.97
46 3 59.09 14.58
47 2 62.15 14.52
48 1 69.9 14.6
