50
99.0
23 26 58.34 49.01
2 47 47.23 48.92
16 33 51.59 37.54
29 20 59.65 54.97
6 43 46.09 35.92
30 19 47.85 46.04
10 39 46.81 49.61
17 32 46.29 49.5
12 37 48.54 48.08
31 18 42.16 53.11
9 40 49.53 46.37
33 16 56.39 56.37
20 29 49.05 51.09
1 48 54.15 44.58
7 42 54.72 43.69
21 28 52.75 50.83
35 14 43.15 38.73
11 38 53.92 56.46
36 13 50.59 42.52
3 46 48.42 49.66
27 22 45.87 62.52
19 30 46.39 47.55
5 44 50.71 47.53
0 49 57.28 51.15
25 24 52.97 52.18
22 27 48.48 39.18
15 34 51.69 51.41
46 3 45.93 34.94
14 35 48.05 55.31
13 36 44.76 49.72
28 21 44.38 60.62
26 23 46.21 52.45
8 41 52.13 55.28
34 15 42.86 48.26
4 45 51.18 55.74
41 8 65.08 38.97
32 17 46.74 51.89
24 25 56.51 61.37
42 7 35.94 52.97
18 31 48.34 47.94
45 4 67.32 40.77
39 10 45.61 53.97
37 12 41.4 50.04
38 11 37.24 45.55
44 5 59.69 62.7
40 9 63.79 58.84
43 6 34.8 64.3
47 2 51.48 56.78
48 1 95.0 85.16
