50
46.642
0 49 47.06 54.96
1 48 52.35 45.47
2 47 47.52 55.74
3 46 53.34 53.49
4 45 47.33 49.11
5 44 46.93 48.44
6 43 43.5 55.1
7 42 45.07 49.71
8 41 51.61 52.41
9 40 49.67 54.75
10 39 42.44 54.72
11 38 45.76 55.4
12 37 48.68 51.01
13 36 46.43 45.79
14 35 47.84 52.74
15 34 41.82 54.14
16 33 46.2 50.52
17 32 44.4 48.08
18 31 47.7 48.22
19 30 49.09 46.88
20 29 53.6 55.76
21 28 49.25 52.71
22 27 42.23 50.33
23 26 43.65 61.53
24 25 41.16 62.19
25 24 49.8 49.6
26 23 43.57 63.04
27 22 45.8 51.98
28 21 46.66 42.64
29 20 58.1 50.99
30 19 47.87 49.0
31 18 45.95 49.75
32 17 57.46 60.13
33 16 49.65 59.54
34 15 52.06 60.92
35 14 56.6 42.52
36 13 69.47 45.39
37 12 47.72 47.53
38 11 47.18 47.72
39 10 38.47 47.45
40 9 36.36 55.18
41 8 78.48 43.31
42 7 40.83 28.38
43 6 52.99 53.08
44 5 59.04 53.22
45 4 46.92 46.29
46 3 63.84 46.16
47 2 75.59 47.01
48 1 77.61 75.96
