50
80.0
0 49 6.73 0.31
1 48 6.21 0.31
2 47 6.23 0.21
3 46 6.26 0.39
4 45 6.04 0.23
5 44 6.5 0.27
6 43 6.3 0.34
7 42 6.48 0.35
8 41 6.37 0.48
9 40 6.6 0.29
10 39 6.56 0.32
11 38 5.71 0.44
12 37 6.68 0.18
13 36 6.53 0.33
14 35 6.69 0.33
15 34 5.85 0.28
16 33 7.09 0.35
17 32 6.16 0.38
18 31 5.84 0.39
19 30 6.57 0.29
20 29 6.79 0.46
21 28 5.61 0.29
22 27 6.89 0.33
23 26 6.08 0.42
24 25 6.64 0.44
25 24 7.25 0.48
26 23 5.83 0.35
27 22 5.86 0.32
28 21 6.43 0.42
29 20 6.1 0.39
30 19 6.37 0.38
31 18 5.17 0.63
32 17 6.47 0.52
33 16 7.19 0.14
34 15 5.67 0.18
35 14 6.79 0.41
36 13 6.62 0.29
37 12 6.17 0.29
38 11 5.55 0.15
39 10 7.3 0.56
40 9 7.0 0.24
41 8 6.25 0.38
42 7 4.71 0.14
43 6 7.17 0.13
44 5 4.0 0.37
45 4 7.75 0.15
46 3 7.67 0.26
47 2 6.5 0.65
48 1 8.0 0.07
