50
89.945
0 49 6.13 67.26
1 48 10.23 68.57
2 47 8.77 66.42
3 46 9.73 67.33
4 45 4.73 6.01
5 44 5.35 65.69
6 43 4.61 66.32
7 42 2.02 66.43
8 41 2.16 68.51
9 40 0.0 66.38
10 39 0.14 0.0
11 38 0.14 0.0
12 37 0.14 0.0
13 36 0.14 0.0
14 35 0.14 0.0
15 34 0.14 0.0
16 33 0.14 0.0
17 32 0.14 0.0
18 31 0.14 0.0
19 30 0.14 0.0
20 29 0.14 0.0
21 28 0.14 0.0
22 27 0.14 0.0
23 26 0.14 0.0
24 25 0.14 0.0
25 24 0.14 0.0
26 23 0.14 0.0
27 22 0.14 0.0
28 21 0.14 0.0
29 20 0.14 0.0
30 19 0.14 0.0
31 18 0.14 0.0
32 17 0.14 0.0
33 16 0.14 0.0
34 15 0.14 0.0
35 14 0.14 0.0
36 13 0.14 0.0
37 12 0.14 0.0
38 11 0.14 0.0
39 10 0.14 0.0
40 9 0.14 0.0
41 8 0.14 0.0
42 7 0.14 0.0
43 6 0.14 0.0
44 5 0.14 0.0
45 4 0.14 0.0
46 3 0.14 0.0
47 2 0.14 0.0
48 1 0.14 0.0
