50
56.1
0 49 4.29 24.1
1 48 3.7 20.47
2 47 4.19 20.91
3 46 5.77 23.4
4 45 17.85 59.14
5 44 1.94 20.18
6 43 17.89 60.22
7 42 5.21 22.29
8 41 1.97 18.15
9 40 5.34 21.28
10 39 5.25 21.55
11 38 0.75 18.25
12 37 5.09 22.54
13 36 10.12 54.21
14 35 5.84 25.38
15 34 15.81 55.74
16 33 4.94 23.55
17 32 1.82 20.37
18 31 12.7 58.41
19 30 6.14 26.26
20 29 14.63 58.46
21 28 7.01 24.87
22 27 16.27 59.95
23 26 7.0 27.44
24 25 5.27 21.25
25 24 2.0 21.33
26 23 5.65 21.32
27 22 15.03 59.71
28 21 5.48 24.71
29 20 21.44 57.16
30 19 9.29 45.01
31 18 4.79 21.07
32 17 2.28 19.59
33 16 3.89 18.89
34 15 7.14 25.22
35 14 4.01 29.01
36 13 5.55 28.13
37 12 16.68 57.37
38 11 12.75 38.42
39 10 21.77 60.5
40 9 13.75 64.77
41 8 1.11 18.93
42 7 1.64 23.14
43 6 6.1 34.91
44 5 19.87 40.82
45 4 0.01 22.09
46 3 7.18 61.3
47 2 0.01 17.75
48 1 0.0 53.92
