50
99.743
0 49 67.52 0.58
1 48 67.17 0.6
2 47 67.7 0.58
3 46 67.62 0.61
4 45 67.82 0.6
5 44 67.6 0.59
6 43 67.23 0.63
7 42 67.62 0.63
8 41 67.69 0.61
9 40 67.46 0.62
10 39 67.64 0.61
11 38 67.87 0.6
12 37 67.74 0.6
13 36 67.9 0.6
14 35 67.69 0.89
15 34 67.6 0.57
16 33 67.32 0.6
17 32 67.71 0.6
18 31 67.5 0.58
19 30 67.93 0.58
20 29 67.47 0.64
21 28 67.47 0.62
22 27 67.62 0.61
23 26 67.26 0.6
24 25 67.78 0.64
25 24 67.38 0.62
26 23 67.51 0.6
27 22 67.5 0.65
28 21 66.99 0.63
29 20 67.15 0.65
30 19 67.99 0.61
31 18 67.83 0.63
32 17 68.02 0.56
33 16 68.27 0.58
34 15 67.86 0.59
35 14 68.14 0.64
36 13 68.86 0.63
37 12 67.48 0.58
38 11 67.83 0.6
39 10 68.08 0.57
40 9 68.01 0.62
41 8 67.76 0.72
42 7 67.55 0.59
43 6 66.91 0.6
44 5 68.03 0.54
45 4 67.47 0.56
46 3 67.2 0.6
47 2 67.99 0.62
48 1 69.0 0.27
