50
95.0
0 49 3.02 5.5
1 48 2.94 5.37
2 47 2.79 5.24
3 46 2.62 5.01
4 45 2.69 5.61
5 44 2.4 6.11
6 43 2.96 5.3
7 42 2.45 5.99
8 41 3.04 6.16
9 40 2.61 4.82
10 39 2.9 6.05
11 38 2.4 6.43
12 37 2.9 6.17
13 36 2.54 5.04
14 35 3.02 5.76
15 34 2.71 6.08
16 33 2.69 5.55
17 32 3.3 6.04
18 31 2.56 5.72
19 30 2.98 5.31
20 29 2.63 6.25
21 28 2.52 6.86
22 27 2.81 5.64
23 26 2.59 4.74
24 25 2.83 5.8
25 24 2.19 6.3
26 23 3.39 4.47
27 22 2.35 5.83
28 21 3.06 4.76
29 20 2.93 5.53
30 19 3.02 5.6
31 18 2.72 5.28
32 17 2.91 4.75
33 16 3.16 5.13
34 15 2.85 4.0
35 14 3.21 6.54
36 13 2.96 5.52
37 12 2.78 5.89
38 11 2.85 7.36
39 10 1.6 6.62
40 9 3.02 3.91
41 8 3.58 4.32
42 7 3.4 7.06
43 6 2.08 6.59
44 5 3.64 5.56
45 4 2.12 5.83
46 3 1.57 5.21
47 2 1.7 6.42
48 1 4.25 10.18
