50
75.0
0 49 50.45 0.97
1 48 49.92 0.97
2 47 49.15 0.97
3 46 49.72 0.97
4 45 49.82 0.97
5 44 50.66 0.97
6 43 49.51 0.97
7 42 49.52 0.97
8 41 50.1 0.97
9 40 49.92 0.97
10 39 49.87 0.97
11 38 49.5 0.97
12 37 49.24 0.97
13 36 49.69 0.97
14 35 49.11 0.97
15 34 49.65 0.97
16 33 49.82 0.97
17 32 48.47 0.97
18 31 50.39 0.97
19 30 49.8 0.97
20 29 50.97 0.97
21 28 49.68 0.97
22 27 49.04 0.97
23 26 49.12 0.97
24 25 50.8 0.97
25 24 50.54 0.97
26 23 49.22 0.97
27 22 50.05 0.97
28 21 48.57 0.97
29 20 50.1 0.97
30 19 49.58 0.97
31 18 48.28 0.97
32 17 49.29 0.97
33 16 49.19 0.97
34 15 48.67 0.97
35 14 48.93 0.97
36 13 49.08 0.97
37 12 48.0 0.97
38 11 50.18 0.97
39 10 48.9 0.97
40 9 49.44 0.97
41 8 50.38 0.97
42 7 48.43 0.97
43 6 50.0 0.97
44 5 51.2 0.97
45 4 50.25 0.97
46 3 48.67 0.97
47 2 52.0 0.97
48 1 45.0 0.97
