50
99.0
0 49 0.08 0.08
1 48 0.24 0.24
2 47 0.39 0.39
3 46 0.54 0.54
4 45 0.69 0.69
5 44 0.83 0.83
6 43 0.97 0.97
7 42 1.11 1.11
8 41 1.24 1.24
9 40 1.38 1.38
10 39 1.5 1.5
11 38 1.63 1.63
12 37 1.75 1.75
13 36 1.87 1.87
14 35 1.98 1.98
15 34 2.09 2.09
16 33 2.2 2.2
17 32 2.31 2.31
18 31 2.41 2.41
19 30 2.51 2.51
20 29 2.6 2.6
21 28 2.69 2.69
22 27 2.78 2.78
23 26 2.87 2.87
24 25 2.95 2.95
25 24 3.03 3.03
26 23 3.11 3.11
27 22 3.18 3.18
28 21 3.25 3.25
29 20 3.32 3.32
30 19 3.38 3.38
31 18 3.44 3.44
32 17 3.49 3.49
33 16 3.55 3.55
34 15 3.6 3.6
35 14 3.64 3.64
36 13 3.69 3.69
37 12 3.73 3.73
38 11 3.77 3.77
39 10 3.8 3.8
40 9 3.83 3.83
41 8 3.86 3.86
42 7 3.88 3.88
43 6 3.9 3.9
44 5 3.92 3.92
45 4 3.94 3.94
46 3 3.95 3.95
47 2 3.96 3.96
48 1 3.96 3.96
