50
79.589
0 49 23.72 12.31
1 48 17.69 14.34
2 47 22.51 19.04
3 46 21.71 19.86
4 45 17.94 19.1
5 44 22.23 20.59
6 43 24.72 22.88
7 42 23.11 17.17
8 41 16.91 11.54
9 40 16.84 15.61
10 39 17.1 16.14
11 38 17.06 22.97
12 37 13.69 16.57
13 36 26.58 23.0
14 35 17.89 18.21
15 34 19.97 17.44
16 33 19.99 18.49
17 32 18.47 16.64
18 31 21.71 22.04
19 30 18.43 12.66
20 29 19.66 19.25
21 28 19.8 15.88
22 27 22.24 13.39
23 26 11.9 15.91
24 25 18.36 22.47
25 24 24.91 21.86
26 23 20.96 20.69
27 22 13.89 11.18
28 21 33.06 23.85
29 20 24.77 16.05
30 19 39.73 20.58
31 18 34.76 30.13
32 17 15.05 14.46
33 16 29.92 17.26
34 15 28.24 13.08
35 14 23.22 13.9
36 13 9.87 12.12
37 12 22.29 20.54
38 11 27.23 19.92
39 10 13.51 12.3
40 9 16.01 16.25
41 8 13.05 6.94
42 7 25.79 18.0
43 6 41.04 42.89
44 5 23.68 20.69
45 4 8.71 6.28
46 3 14.85 23.66
47 2 12.26 47.09
48 1 89.13 3.63
