50
99.999
0 49 0.78 0.62
1 48 0.76 0.64
2 47 0.69 0.65
3 46 0.83 0.67
4 45 0.75 0.64
5 44 0.71 0.62
6 43 0.81 0.62
7 42 0.79 0.66
8 41 0.74 0.67
9 40 0.77 0.63
10 39 0.8 0.66
11 38 0.79 0.66
12 37 0.7 0.69
13 36 0.71 0.64
14 35 0.76 0.62
15 34 0.65 0.66
16 33 0.85 0.62
17 32 0.71 0.69
18 31 0.8 0.69
19 30 0.62 0.66
20 29 0.66 0.65
21 28 0.75 0.65
22 27 0.95 0.67
23 26 0.8 0.63
24 25 0.79 0.66
25 24 0.91 0.69
26 23 0.98 0.62
27 22 0.7 0.69
28 21 0.79 0.68
29 20 0.77 0.65
30 19 0.64 0.68
31 18 0.79 0.59
32 17 0.77 0.72
33 16 0.8 0.67
34 15 0.75 0.66
35 14 0.76 0.67
36 13 0.79 0.62
37 12 0.77 0.68
38 11 0.7 0.59
39 10 0.6 0.68
40 9 0.93 0.47
41 8 0.7 0.63
42 7 1.12 0.64
43 6 0.88 0.62
44 5 0.97 0.66
45 4 0.56 0.54
46 3 0.64 0.62
47 2 0.48 0.56
48 1 1.0 0.59
