50
96.0
0 49 4.76 4.77
1 48 4.85 4.84
2 47 4.94 4.96
3 46 5.0 5.0
4 45 4.74 4.75
5 44 4.84 4.83
6 43 4.94 4.95
7 42 5.0 5.0
8 41 4.71 4.72
9 40 4.82 4.81
10 39 4.93 4.95
11 38 5.0 5.0
12 37 4.68 4.69
13 36 4.8 4.79
14 35 4.92 4.94
15 34 5.0 5.0
16 33 4.64 4.66
17 32 4.78 4.76
18 31 4.91 4.94
19 30 5.0 5.0
20 29 4.59 4.61
21 28 4.74 4.73
22 27 4.9 4.93
23 26 5.0 5.0
24 25 4.53 4.55
25 24 4.7 4.68
26 23 4.88 4.91
27 22 5.0 5.0
28 21 4.44 4.46
29 20 4.64 4.62
30 19 4.86 4.89
31 18 5.0 5.0
32 17 4.3 4.33
33 16 4.55 4.52
34 15 4.82 4.87
35 14 5.0 5.0
36 13 4.09 4.13
37 12 4.4 4.36
38 11 4.76 4.82
39 10 5.0 5.0
40 9 3.68 3.68
41 8 3.66 3.66
42 7 3.94 3.94
43 6 4.28 4.28
44 5 3.31 3.31
45 4 3.44 3.44
46 3 4.09 4.09
47 2 5.0 5.0
48 1 5.0 5.0
