50
75.0
0 49 8.03 3.05
1 48 6.23 3.88
2 47 8.74 4.27
3 46 6.91 2.25
4 45 8.15 3.46
5 44 7.33 3.3
6 43 8.52 2.57
7 42 6.77 3.46
8 41 8.28 2.75
9 40 5.84 3.93
10 39 6.8 3.22
11 38 8.39 2.39
12 37 7.47 2.4
13 36 9.83 3.66
14 35 6.32 2.76
15 34 2.68 2.88
16 33 8.07 2.99
17 32 6.43 2.66
18 31 8.39 3.43
19 30 7.45 2.63
20 29 8.03 2.74
21 28 7.87 2.88
22 27 6.62 4.55
23 26 9.94 3.39
24 25 6.38 3.78
25 24 7.89 3.19
26 23 8.17 3.04
27 22 5.27 3.75
28 21 4.0 4.11
29 20 8.41 3.11
30 19 8.15 2.66
31 18 6.93 4.06
32 17 10.19 4.16
33 16 8.49 3.46
34 15 7.55 2.58
35 14 5.35 3.43
36 13 8.93 2.86
37 12 7.15 2.52
38 11 8.6 3.0
39 10 6.54 2.53
40 9 7.45 3.7
41 8 7.33 2.79
42 7 8.95 2.81
43 6 5.55 2.49
44 5 4.41 3.66
45 4 8.49 1.94
46 3 12.55 5.46
47 2 9.94 2.9
48 1 12.28 8.53
