50
36.0
0 49 0.33 0.6
1 48 0.29 0.57
2 47 0.33 0.55
3 46 0.34 0.59
4 45 0.34 0.58
5 44 0.31 0.57
6 43 0.31 0.57
7 42 0.32 0.54
8 41 0.33 0.6
9 40 0.34 0.57
10 39 0.32 0.57
11 38 0.33 0.54
12 37 0.31 0.57
13 36 0.31 0.58
14 35 0.33 0.58
15 34 0.32 0.6
16 33 0.36 0.56
17 32 0.34 0.6
18 31 0.32 0.59
19 30 0.29 0.57
20 29 0.31 0.57
21 28 0.33 0.55
22 27 0.35 0.58
23 26 0.34 0.61
24 25 0.33 0.59
25 24 0.28 0.57
26 23 0.4 0.58
27 22 0.26 0.58
28 21 0.29 0.62
29 20 0.32 0.57
30 19 0.36 0.53
31 18 0.32 0.58
32 17 0.29 0.54
33 16 0.32 0.54
34 15 0.3 0.62
35 14 0.29 0.53
36 13 0.33 0.56
37 12 0.32 0.56
38 11 0.31 0.57
39 10 0.34 0.55
40 9 0.37 0.67
41 8 0.3 0.61
42 7 0.26 0.57
43 6 0.31 0.56
44 5 0.36 0.59
45 4 0.33 0.53
46 3 0.3 0.61
47 2 0.5 0.46
48 1 0.12 0.63
