50
90.921
0 49 44.75 55.4
1 48 53.16 48.27
2 47 51.06 52.02
3 46 53.41 45.01
4 45 52.67 46.37
5 44 47.08 45.43
6 43 45.96 51.05
7 42 55.67 49.35
8 41 52.38 43.81
9 40 47.62 51.64
10 39 36.16 50.83
11 38 48.13 44.27
12 37 56.79 54.38
13 36 48.65 53.57
14 35 46.96 54.13
15 34 44.81 47.33
16 33 45.2 53.76
17 32 62.58 48.23
18 31 58.48 47.57
19 30 51.89 47.26
20 29 46.62 50.53
21 28 51.16 55.88
22 27 47.08 52.83
23 26 49.51 51.46
24 25 49.11 42.99
25 24 47.75 48.28
26 23 42.07 41.86
27 22 40.09 59.21
28 21 44.45 47.18
29 20 35.14 63.18
30 19 39.01 57.86
31 18 48.06 43.51
32 17 47.48 50.83
33 16 48.32 44.32
34 15 56.26 48.43
35 14 47.19 56.42
36 13 44.3 39.49
37 12 41.78 50.5
38 11 44.42 50.84
39 10 46.83 50.6
40 9 44.6 66.11
41 8 64.73 32.64
42 7 36.44 32.24
43 6 42.55 63.52
44 5 51.97 50.41
45 4 39.92 79.16
46 3 47.21 57.46
47 2 79.28 45.39
48 1 30.0 57.28
