50
80.0
0 49 28.82 9.59
1 48 29.79 9.79
2 47 32.55 9.21
3 46 32.13 9.3
4 45 28.18 9.89
5 44 26.43 9.86
6 43 30.88 10.49
7 42 26.67 10.14
8 41 27.9 9.37
9 40 31.93 9.93
10 39 35.49 9.85
11 38 29.68 10.18
12 37 34.43 9.57
13 36 32.14 9.5
14 35 26.29 9.97
15 34 35.91 8.88
16 33 30.36 8.64
17 32 31.75 9.91
18 31 34.35 8.94
19 30 29.4 10.87
20 29 27.55 10.34
21 28 31.75 9.29
22 27 31.22 10.89
23 26 28.27 10.46
24 25 32.4 9.36
25 24 30.33 10.0
26 23 33.35 8.61
27 22 29.23 9.18
28 21 28.86 10.52
29 20 31.15 9.8
30 19 31.21 9.37
31 18 36.61 9.83
32 17 30.82 10.71
33 16 32.31 9.94
34 15 31.53 10.27
35 14 25.07 10.43
36 13 17.85 10.46
37 12 33.08 9.42
38 11 38.09 7.55
39 10 26.8 11.6
40 9 31.89 10.33
41 8 28.75 10.25
42 7 13.14 11.0
43 6 49.5 6.83
44 5 36.4 8.2
45 4 17.0 12.0
46 3 24.67 12.0
47 2 62.5 4.5
48 1 26.0 10.0
