50
90.366
0 49 0.56 0.71
1 48 0.54 0.74
2 47 0.54 0.7
3 46 0.55 0.7
4 45 0.63 0.83
5 44 0.6 0.75
6 43 0.6 0.62
7 42 0.65 0.69
8 41 0.55 0.69
9 40 0.62 0.59
10 39 0.5 0.69
11 38 0.61 0.75
12 37 0.58 0.56
13 36 0.61 0.76
14 35 0.56 0.7
15 34 0.64 0.55
16 33 0.57 0.78
17 32 0.48 0.73
18 31 0.61 0.73
19 30 0.56 0.66
20 29 0.57 0.69
21 28 0.52 0.74
22 27 0.64 0.62
23 26 0.48 0.59
24 25 0.58 0.66
25 24 0.54 0.76
26 23 0.54 0.67
27 22 0.51 0.64
28 21 0.72 0.59
29 20 0.64 0.63
30 19 0.48 0.67
31 18 0.54 0.75
32 17 0.56 0.72
33 16 0.64 0.59
34 15 0.5 0.66
35 14 0.55 0.64
36 13 0.57 0.73
37 12 0.57 0.6
38 11 0.58 0.73
39 10 0.76 0.53
40 9 0.62 0.64
41 8 0.62 0.59
42 7 0.44 0.88
43 6 0.67 0.61
44 5 0.67 0.77
45 4 0.7 0.51
46 3 0.6 0.87
47 2 0.71 0.63
48 1 0.84 0.56
