50
50.0
0 49 9.36 22.19
1 48 10.03 19.16
2 47 9.64 21.3
3 46 9.61 21.42
4 45 9.78 18.5
5 44 9.63 21.86
6 43 9.51 21.38
7 42 9.59 21.9
8 41 9.67 19.92
9 40 9.55 21.16
10 39 9.44 21.59
11 38 9.75 21.26
12 37 9.32 22.78
13 36 9.5 20.86
14 35 9.9 22.35
15 34 9.54 22.42
16 33 10.28 20.45
17 32 9.3 22.67
18 31 9.53 23.9
19 30 9.76 21.86
20 29 9.77 23.11
21 28 9.4 21.31
22 27 9.67 22.24
23 26 10.16 19.04
24 25 9.48 22.88
25 24 9.51 21.8
26 23 10.38 20.38
27 22 9.87 22.32
28 21 9.7 19.14
29 20 9.42 21.9
30 19 9.55 18.6
31 18 9.79 21.46
32 17 9.52 22.71
33 16 9.95 24.47
34 15 9.14 21.73
35 14 9.02 24.19
36 13 9.46 22.11
37 12 9.84 22.76
38 11 9.8 19.93
39 10 9.52 23.26
40 9 9.99 17.17
41 8 9.81 11.14
42 7 9.71 25.63
43 6 10.01 24.25
44 5 10.48 13.64
45 4 10.0 14.62
46 3 11.65 27.53
47 2 8.63 25.02
48 1 10.6 14.42
