50
93.214
0 49 39.08 1.02
1 48 39.83 1.03
2 47 39.7 1.05
3 46 42.41 0.77
4 45 36.76 1.17
5 44 40.77 1.09
6 43 43.37 0.78
7 42 39.52 1.15
8 41 39.93 1.07
9 40 36.45 1.2
10 39 34.21 3.82
11 38 39.71 1.01
12 37 38.08 1.12
13 36 36.33 1.07
14 35 35.97 1.09
15 34 34.91 3.89
16 33 43.21 0.72
17 32 37.0 1.07
18 31 43.55 0.73
19 30 38.97 1.09
20 29 37.48 1.08
21 28 35.82 1.16
22 27 41.33 0.93
23 26 34.08 1.09
24 25 46.56 0.8
25 24 36.29 1.16
26 23 47.26 0.81
27 22 44.32 1.05
28 21 41.81 1.07
29 20 36.75 3.92
30 19 32.68 1.12
31 18 40.44 0.95
32 17 35.06 1.09
33 16 36.94 1.03
34 15 33.33 1.17
35 14 51.57 0.86
36 13 37.08 3.89
37 12 40.08 0.87
38 11 33.55 0.87
39 10 57.3 0.69
40 9 37.56 0.9
41 8 52.12 0.76
42 7 58.0 0.85
43 6 26.0 1.2
44 5 60.0 1.07
45 4 55.75 1.2
46 3 42.0 1.53
47 2 33.5 2.22
48 1 37.0 4.12
