50
70.0
0 49 5.71 0.59
1 48 5.4 0.6
2 47 5.79 0.61
3 46 5.3 0.61
4 45 4.93 0.53
5 44 5.91 0.6
6 43 5.53 0.54
7 42 4.98 0.67
8 41 5.41 0.57
9 40 6.05 0.64
10 39 4.85 0.6
11 38 5.95 0.54
12 37 5.81 0.61
13 36 7.06 0.61
14 35 6.0 0.7
15 34 6.09 0.58
16 33 5.33 0.64
17 32 4.75 0.61
18 31 5.06 0.63
19 30 5.9 0.65
20 29 5.52 0.59
21 28 5.64 0.62
22 27 5.52 0.59
23 26 5.12 0.57
24 25 5.96 0.67
25 24 5.67 0.69
26 23 5.13 0.61
27 22 5.59 0.68
28 21 5.33 0.64
29 20 3.35 0.6
30 19 5.58 0.68
31 18 5.67 0.54
32 17 5.53 0.59
33 16 6.44 0.69
34 15 6.6 0.66
35 14 6.86 0.59
36 13 5.0 0.61
37 12 6.5 0.74
38 11 6.36 0.55
39 10 6.2 0.73
40 9 6.0 0.59
41 8 5.62 0.53
42 7 5.0 0.75
43 6 5.83 0.88
44 5 4.6 0.74
45 4 6.75 0.51
46 3 3.0 0.46
47 2 7.0 0.42
48 1 9.0 1.57
