50
75.0
0 49 1.93 3.0
1 48 2.0 3.0
2 47 1.96 3.0
3 46 1.94 3.0
4 45 1.99 3.0
5 44 2.01 3.0
6 43 2.05 3.0
7 42 1.89 3.0
8 41 1.95 3.0
9 40 1.99 3.0
10 39 1.92 3.0
11 38 1.94 3.0
12 37 1.95 3.0
13 36 1.97 3.0
14 35 1.95 3.0
15 34 1.91 3.0
16 33 1.92 3.0
17 32 1.97 3.0
18 31 1.95 3.0
19 30 1.92 3.0
20 29 1.98 3.0
21 28 1.94 3.0
22 27 2.0 3.0
23 26 1.83 3.0
24 25 1.98 3.0
25 24 1.94 3.0
26 23 1.93 3.0
27 22 1.94 3.0
28 21 1.92 3.0
29 20 2.03 3.0
30 19 2.02 3.0
31 18 1.93 3.0
32 17 1.93 3.0
33 16 2.1 3.0
34 15 1.89 3.0
35 14 1.92 3.0
36 13 1.85 3.0
37 12 1.93 3.0
38 11 1.72 3.0
39 10 1.88 3.0
40 9 1.9 3.0
41 8 1.82 3.0
42 7 1.77 3.0
43 6 1.71 3.0
44 5 1.74 3.0
45 4 1.78 3.0
46 3 1.21 3.0
47 2 1.49 3.0
48 1 1.39 3.0
