50
99.417
0 49 15.16 0.56
1 48 15.32 0.55
2 47 14.63 0.47
3 46 15.28 0.57
4 45 15.12 0.54
5 44 15.08 0.59
6 43 15.12 0.52
7 42 15.18 0.5
8 41 15.18 0.51
9 40 15.46 0.52
10 39 15.62 0.54
11 38 15.48 0.43
12 37 14.95 0.62
13 36 15.3 0.51
14 35 15.27 0.52
15 34 14.74 0.55
16 33 15.1 0.47
17 32 13.99 0.47
18 31 14.79 0.5
19 30 15.08 0.51
20 29 15.33 0.48
21 28 14.7 0.46
22 27 15.04 0.47
23 26 14.19 0.5
24 25 15.53 0.53
25 24 14.74 0.46
26 23 14.33 0.48
27 22 13.84 0.45
28 21 14.39 0.52
29 20 13.96 0.47
30 19 14.28 0.53
31 18 15.79 0.61
32 17 15.18 0.48
33 16 15.76 0.49
34 15 13.99 0.49
35 14 14.91 0.55
36 13 14.14 0.58
37 12 13.98 0.48
38 11 15.0 0.5
39 10 15.88 0.39
40 9 14.9 0.58
41 8 15.68 0.46
42 7 14.02 0.53
43 6 13.2 0.3
44 5 15.14 0.66
45 4 13.9 0.31
46 3 14.65 0.63
47 2 11.53 0.66
48 1 17.82 0.43
