50
80.0
0 49 39.55 45.9
1 48 44.29 44.81
2 47 38.13 41.72
3 46 48.07 37.72
4 45 36.56 41.24
5 44 40.0 45.11
6 43 31.16 35.09
7 42 39.64 29.6
8 41 34.27 36.54
9 40 42.23 40.02
10 39 45.97 38.54
11 38 39.24 36.53
12 37 42.54 40.54
13 36 40.33 41.89
14 35 43.34 38.37
15 34 37.47 38.18
16 33 37.15 36.33
17 32 37.25 40.69
18 31 49.61 39.0
19 30 32.03 40.47
20 29 41.1 36.66
21 28 37.04 29.29
22 27 43.44 34.63
23 26 35.5 37.92
24 25 38.4 37.68
25 24 44.12 39.62
26 23 39.61 42.22
27 22 32.59 35.86
28 21 40.76 39.05
29 20 32.1 37.6
30 19 38.58 32.89
31 18 42.78 26.56
32 17 32.12 45.59
33 16 44.38 38.56
34 15 34.2 29.0
35 14 48.21 51.29
36 13 42.77 31.08
37 12 56.08 33.5
38 11 36.36 41.36
39 10 34.6 35.6
40 9 38.78 20.11
41 8 35.38 45.0
42 7 36.43 49.29
43 6 43.5 27.83
44 5 27.6 19.6
45 4 45.25 48.0
46 3 11.67 36.67
47 2 48.5 39.5
48 1 14.0 67.0
