50
58.5
0 49 1.0 0.4
1 48 1.0 0.41
2 47 1.0 0.41
3 46 1.0 0.41
4 45 1.0 0.4
5 44 1.0 0.41
6 43 1.0 0.4
7 42 1.0 0.41
8 41 1.0 0.41
9 40 1.0 0.41
10 39 1.0 0.41
11 38 1.0 0.41
12 37 1.0 0.41
13 36 1.0 0.41
14 35 1.0 0.4
15 34 1.0 0.41
16 33 1.0 0.41
17 32 1.0 0.41
18 31 1.0 0.41
19 30 1.0 0.41
20 29 1.0 0.41
21 28 1.0 0.41
22 27 1.0 0.41
23 26 1.0 0.41
24 25 1.0 0.42
25 24 1.0 0.41
26 23 1.0 0.41
27 22 1.0 0.41
28 21 1.0 0.4
29 20 1.0 0.42
30 19 1.0 0.41
31 18 1.0 0.4
32 17 1.0 0.41
33 16 1.0 0.41
34 15 1.0 0.41
35 14 1.0 0.41
36 13 1.0 0.41
37 12 1.0 0.4
38 11 1.0 0.41
39 10 1.0 0.42
40 9 1.0 0.41
41 8 1.0 0.41
42 7 1.0 0.41
43 6 1.0 0.42
44 5 1.0 0.42
45 4 1.0 0.42
46 3 1.0 0.42
47 2 1.0 0.4
48 1 1.0 0.43
