50
90.986
0 49 30.38 4.95
1 48 31.02 4.85
2 47 27.76 4.89
3 46 26.7 4.95
4 45 28.6 4.74
5 44 27.7 5.01
6 43 26.97 4.86
7 42 28.55 4.93
8 41 33.0 4.61
9 40 25.27 5.05
10 39 21.22 5.3
11 38 25.44 4.91
12 37 28.87 4.82
13 36 31.79 5.18
14 35 23.92 5.23
15 34 31.02 4.5
16 33 31.61 4.86
17 32 26.97 5.28
18 31 24.48 4.98
19 30 27.94 4.82
20 29 27.02 4.75
21 28 28.53 4.62
22 27 31.43 4.73
23 26 28.73 4.98
24 25 32.61 4.5
25 24 26.54 4.72
26 23 23.61 4.85
27 22 30.97 4.97
28 21 27.45 4.92
29 20 24.59 4.67
30 19 22.2 5.1
31 18 21.26 5.06
32 17 25.31 4.62
33 16 32.39 4.85
34 15 21.93 5.07
35 14 18.72 4.96
36 13 28.07 4.93
37 12 28.28 4.75
38 11 37.63 4.1
39 10 26.01 5.31
40 9 18.82 5.29
41 8 36.61 5.36
42 7 21.88 5.47
43 6 28.62 5.12
44 5 41.1 3.95
45 4 45.59 2.81
46 3 39.15 5.36
47 2 23.18 4.61
48 1 52.96 0.49
