50
15.0
0 49 0.94 0.33
1 48 0.53 0.25
2 47 0.13 0.11
3 46 0.0 0.0
4 45 0.01 0.0
5 44 0.0 0.0
6 43 0.01 0.0
7 42 0.0 0.0
8 41 0.0 0.0
9 40 0.01 0.0
10 39 0.01 0.0
11 38 0.01 0.0
12 37 0.01 0.0
13 36 0.0 0.0
14 35 0.0 0.0
15 34 0.01 0.0
16 33 0.0 0.0
17 32 0.0 0.0
18 31 0.01 0.0
19 30 0.0 0.0
20 29 0.01 0.0
21 28 0.0 0.0
22 27 0.0 0.0
23 26 0.01 0.0
24 25 0.0 0.0
25 24 0.0 0.0
26 23 0.0 0.0
27 22 0.0 0.0
28 21 0.0 0.0
29 20 0.0 0.0
30 19 0.01 0.0
31 18 0.0 0.0
32 17 0.01 0.0
33 16 0.0 0.0
34 15 0.01 0.0
35 14 0.0 0.0
36 13 0.01 0.0
37 12 0.01 0.0
38 11 0.01 0.0
39 10 0.01 0.0
40 9 0.01 0.0
41 8 0.01 0.0
42 7 0.0 0.0
43 6 0.01 0.0
44 5 0.01 0.0
45 4 0.01 0.0
46 3 0.01 0.0
47 2 0.01 0.0
48 1 0.0 0.0
