50
32.0
0 49 42.32 23.34
1 48 40.22 22.77
2 47 44.87 24.33
3 46 45.45 20.98
4 45 42.39 26.37
5 44 44.66 21.09
6 43 43.86 23.98
7 42 42.55 18.87
8 41 40.41 19.25
9 40 42.42 21.66
10 39 41.15 28.28
11 38 38.16 20.67
12 37 42.62 25.06
13 36 46.19 22.95
14 35 42.42 20.42
15 34 42.09 22.01
16 33 45.67 22.11
17 32 40.35 19.68
18 31 39.13 24.63
19 30 43.72 19.79
20 29 43.77 19.31
21 28 41.43 24.09
22 27 45.47 25.28
23 26 47.86 17.96
24 25 45.57 16.73
25 24 44.36 21.37
26 23 45.82 18.18
27 22 43.1 22.5
28 21 44.19 24.66
29 20 38.34 24.5
30 19 43.93 17.07
31 18 43.0 26.5
32 17 45.18 19.02
33 16 41.9 19.4
34 15 38.86 23.09
35 14 44.24 26.59
36 13 43.69 12.97
37 12 36.62 25.37
38 11 39.31 23.23
39 10 37.74 16.37
40 9 39.07 23.18
41 8 40.71 11.73
42 7 39.71 27.37
43 6 41.5 7.98
44 5 47.98 10.18
45 4 32.16 8.48
46 3 32.71 19.29
47 2 23.0 0.0
48 1 60.88 0.0
