50
9.166
0 49 8.75 0.54
1 48 11.94 0.3
2 47 9.05 0.23
3 46 3.84 0.25
4 45 5.18 0.31
5 44 11.39 0.52
6 43 9.73 0.23
7 42 8.71 0.25
8 41 7.22 0.23
9 40 4.63 0.28
10 39 8.67 0.52
11 38 10.78 0.33
12 37 6.25 0.28
13 36 8.25 0.26
14 35 3.75 0.36
15 34 8.07 0.59
16 33 12.08 0.26
17 32 9.26 0.27
18 31 6.96 0.27
19 30 3.07 0.33
20 29 6.39 0.55
21 28 10.67 0.33
22 27 6.55 0.25
23 26 4.32 0.26
24 25 5.16 0.5
25 24 12.75 0.46
26 23 7.77 0.29
27 22 8.53 0.22
28 21 4.68 0.24
29 20 2.22 0.38
30 19 8.33 0.61
31 18 6.83 0.21
32 17 7.6 0.25
33 16 5.68 0.31
34 15 3.43 0.28
35 14 3.38 0.39
36 13 7.58 0.24
37 12 6.07 0.22
38 11 4.74 0.2
39 10 3.94 0.25
40 9 2.87 0.48
41 8 2.58 0.14
42 7 5.37 0.13
43 6 5.02 0.31
44 5 2.13 0.54
45 4 21.7 0.21
46 3 13.88 0.01
47 2 12.77 0.01
48 1 10.5 0.01
