50
80.0
0 49 5.41 2.57
1 48 5.71 2.65
2 47 5.49 2.26
3 46 5.28 2.49
4 45 5.82 2.36
5 44 5.23 2.41
6 43 5.42 2.0
7 42 5.36 2.38
8 41 5.02 2.45
9 40 5.47 2.98
10 39 5.41 2.45
11 38 5.39 2.68
12 37 5.84 2.59
13 36 5.25 2.19
14 35 5.63 2.32
15 34 5.44 2.76
16 33 5.15 2.12
17 32 5.03 2.08
18 31 5.77 2.51
19 30 5.1 2.41
20 29 5.21 2.55
21 28 4.18 2.63
22 27 5.07 2.41
23 26 5.81 2.65
24 25 4.64 2.62
25 24 5.25 2.31
26 23 5.57 2.23
27 22 5.41 2.35
28 21 5.57 2.56
29 20 6.0 2.56
30 19 5.11 2.87
31 18 5.33 2.81
32 17 6.06 2.4
33 16 5.88 2.58
34 15 5.8 2.29
35 14 6.36 2.25
36 13 4.85 2.92
37 12 4.67 2.42
38 11 5.91 1.34
39 10 5.9 3.12
40 9 5.22 2.36
41 8 5.25 2.34
42 7 6.29 2.83
43 6 4.67 3.37
44 5 3.4 2.04
45 4 5.0 1.85
46 3 2.33 3.17
47 2 7.5 0.19
48 1 5.0 3.38
