50
88.609
0 49 0.87 0.28
1 48 0.88 0.3
2 47 1.0 0.3
3 46 0.98 0.28
4 45 0.82 0.31
5 44 0.81 0.3
6 43 0.9 0.31
7 42 1.04 0.3
8 41 0.8 0.3
9 40 0.79 0.29
10 39 0.81 0.3
11 38 0.99 0.29
12 37 0.86 0.29
13 36 1.02 0.32
14 35 0.96 0.35
15 34 1.0 0.28
16 33 1.08 0.33
17 32 0.81 0.31
18 31 0.93 0.3
19 30 0.94 0.31
20 29 0.7 0.31
21 28 1.06 0.32
22 27 1.04 0.31
23 26 0.7 0.28
24 25 0.57 0.28
25 24 1.13 0.34
26 23 0.65 0.3
27 22 0.87 0.3
28 21 0.99 0.31
29 20 0.65 0.39
30 19 1.08 0.32
31 18 0.5 0.31
32 17 0.91 0.34
33 16 0.67 0.3
34 15 1.39 0.32
35 14 0.85 0.26
36 13 1.47 0.27
37 12 0.66 0.32
38 11 1.42 0.34
39 10 1.06 0.25
40 9 0.73 0.29
41 8 0.82 0.31
42 7 0.35 0.29
43 6 0.33 0.26
44 5 1.01 0.31
45 4 0.18 0.32
46 3 0.24 0.35
47 2 1.97 0.16
48 1 0.37 0.56
