50
61.864
0 49 4.25 1.02
1 48 3.78 1.06
2 47 4.01 1.28
3 46 4.25 0.93
4 45 4.24 1.2
5 44 4.24 1.18
6 43 3.92 1.13
7 42 3.48 1.04
8 41 4.24 1.08
9 40 3.42 0.79
10 39 4.33 1.3
11 38 3.58 0.99
12 37 4.15 1.17
13 36 3.86 1.15
14 35 3.77 0.85
15 34 5.1 1.28
16 33 3.49 1.29
17 32 3.94 1.12
18 31 3.82 0.83
19 30 3.8 1.08
20 29 4.4 1.14
21 28 3.94 1.0
22 27 4.29 0.98
23 26 3.73 1.22
24 25 3.72 0.97
25 24 3.74 1.1
26 23 3.44 1.05
27 22 3.32 0.84
28 21 3.24 0.78
29 20 4.26 1.28
30 19 3.6 0.8
31 18 5.14 1.23
32 17 3.32 0.93
33 16 3.22 0.83
34 15 3.11 1.17
35 14 3.69 1.05
36 13 3.43 0.76
37 12 3.19 0.76
38 11 5.53 0.98
39 10 2.76 1.3
40 9 4.73 1.03
41 8 1.78 1.05
42 7 3.11 0.56
43 6 2.58 0.97
44 5 1.06 0.98
45 4 3.04 1.55
46 3 4.69 0.89
47 2 2.19 1.31
48 1 5.31 1.02
