50
77.54
0 49 24.92 8.34
1 48 7.27 3.96
2 47 6.48 3.65
3 46 7.6 3.41
4 45 7.95 3.36
5 44 1.09 0.0
6 43 8.94 3.44
7 42 6.43 4.4
8 41 10.63 4.4
9 40 7.24 4.13
10 39 7.05 3.27
11 38 9.66 4.93
12 37 8.02 4.32
13 36 9.35 4.89
14 35 7.46 4.47
15 34 7.35 4.55
16 33 8.13 3.6
17 32 9.44 3.87
18 31 7.79 4.35
19 30 8.92 4.22
20 29 9.75 5.23
21 28 8.73 5.32
22 27 11.67 5.57
23 26 10.44 5.22
24 25 8.64 4.77
25 24 9.84 4.49
26 23 10.7 5.22
27 22 3.25 2.74
28 21 5.07 3.12
29 20 6.44 1.97
30 19 9.35 3.21
31 18 10.85 2.42
32 17 9.75 2.76
33 16 8.54 4.12
34 15 10.8 2.98
35 14 9.74 1.72
36 13 10.32 3.18
37 12 8.6 3.28
38 11 9.4 4.22
39 10 14.84 3.88
40 9 12.3 6.28
41 8 0.11 0.18
42 7 0.1 0.14
43 6 0.12 0.19
44 5 0.06 0.16
45 4 0.07 0.18
46 3 0.14 0.13
47 2 0.13 0.18
48 1 0.07 0.19
