50
58.824
0 49 8.8 0.55
1 48 6.85 0.56
2 47 6.65 0.93
3 46 8.41 0.26
4 45 8.02 0.93
5 44 7.83 0.92
6 43 8.9 0.37
7 42 8.25 0.56
8 41 9.37 0.36
9 40 8.53 0.26
10 39 7.84 1.89
11 38 7.64 0.37
12 37 8.21 0.89
13 36 7.4 1.85
14 35 8.8 0.26
15 34 8.56 0.26
16 33 8.65 0.57
17 32 8.48 0.37
18 31 8.12 0.37
19 30 6.42 0.92
20 29 7.53 0.58
21 28 8.7 0.95
22 27 8.79 0.36
23 26 8.62 1.79
24 25 7.36 0.27
25 24 6.94 1.84
26 23 8.33 0.36
27 22 8.07 0.93
28 21 7.04 0.36
29 20 9.6 0.94
30 19 6.72 5.64
31 18 5.28 5.76
32 17 6.28 0.93
33 16 9.21 0.93
34 15 7.13 1.81
35 14 8.41 0.93
36 13 7.95 0.36
37 12 9.95 0.87
38 11 7.13 0.92
39 10 10.35 0.27
40 9 7.02 0.96
41 8 8.06 5.87
42 7 9.59 0.38
43 6 4.52 1.94
44 5 8.14 0.95
45 4 6.71 0.39
46 3 5.51 5.7
47 2 5.45 0.31
48 1 10.13 0.38
