50
94.451
0 49 17.61 2.87
1 48 19.32 2.85
2 47 17.91 3.15
3 46 14.46 2.92
4 45 17.85 3.06
5 44 17.85 2.95
6 43 19.19 3.28
7 42 16.17 2.9
8 41 18.1 3.0
9 40 19.67 3.18
10 39 18.22 2.74
11 38 18.09 3.19
12 37 16.14 2.95
13 36 19.69 2.74
14 35 15.77 2.52
15 34 17.09 3.15
16 33 16.83 2.83
17 32 17.85 3.15
18 31 20.32 3.13
19 30 20.33 3.01
20 29 20.37 2.79
21 28 18.16 3.53
22 27 17.98 3.44
23 26 15.37 2.91
24 25 22.38 3.26
25 24 16.67 3.32
26 23 19.82 2.47
27 22 19.83 2.67
28 21 14.17 2.47
29 20 18.71 2.48
30 19 21.56 3.27
31 18 15.91 3.27
32 17 15.35 2.89
33 16 22.04 3.03
34 15 13.54 3.11
35 14 16.5 3.49
36 13 21.83 2.86
37 12 18.73 3.3
38 11 18.32 2.56
39 10 19.86 2.7
40 9 23.15 2.98
41 8 14.72 2.73
42 7 21.29 3.07
43 6 16.99 3.19
44 5 17.96 3.4
45 4 24.85 2.66
46 3 19.83 3.34
47 2 15.9 3.31
48 1 15.13 2.62
