50
99.342
0 49 0.47 0.5
1 48 0.54 0.54
2 47 0.54 0.53
3 46 0.49 0.48
4 45 0.46 0.53
5 44 0.44 0.45
6 43 0.54 0.53
7 42 0.51 0.53
8 41 0.44 0.5
9 40 0.48 0.4
10 39 0.52 0.57
11 38 0.4 0.55
12 37 0.54 0.49
13 36 0.43 0.46
14 35 0.56 0.51
15 34 0.52 0.46
16 33 0.49 0.57
17 32 0.5 0.46
18 31 0.49 0.58
19 30 0.53 0.56
20 29 0.5 0.59
21 28 0.42 0.51
22 27 0.59 0.54
23 26 0.51 0.56
24 25 0.43 0.48
25 24 0.51 0.4
26 23 0.46 0.55
27 22 0.44 0.43
28 21 0.58 0.52
29 20 0.54 0.46
30 19 0.46 0.56
31 18 0.47 0.51
32 17 0.59 0.39
33 16 0.47 0.53
34 15 0.42 0.65
35 14 0.51 0.53
36 13 0.54 0.53
37 12 0.46 0.58
38 11 0.41 0.39
39 10 0.44 0.48
40 9 0.51 0.64
41 8 0.59 0.35
42 7 0.21 0.45
43 6 0.59 0.77
44 5 0.54 0.35
45 4 0.21 0.41
46 3 0.39 0.5
47 2 0.21 0.58
48 1 0.33 0.17
