50
50.0
0 49 54.18 0.06
1 48 48.77 0.05
2 47 43.79 0.04
3 46 57.63 0.05
4 45 43.02 0.05
5 44 42.07 0.05
6 43 55.05 0.05
7 42 52.38 0.05
8 41 49.15 0.05
9 40 49.73 0.05
10 39 49.67 0.05
11 38 43.82 0.06
12 37 57.89 0.05
13 36 57.03 0.05
14 35 54.89 0.04
15 34 48.15 0.05
16 33 49.45 0.05
17 32 53.41 0.06
18 31 67.58 0.04
19 30 52.23 0.05
20 29 53.21 0.06
21 28 58.96 0.06
22 27 47.7 0.06
23 26 60.23 0.06
24 25 48.4 0.04
25 24 61.88 0.06
26 23 50.13 0.05
27 22 54.27 0.04
28 21 51.86 0.06
29 20 51.55 0.04
30 19 67.0 0.05
31 18 58.28 0.06
32 17 63.41 0.05
33 16 59.75 0.03
34 15 49.4 0.05
35 14 43.86 0.05
36 13 43.62 0.04
37 12 57.08 0.05
38 11 36.27 0.06
39 10 52.3 0.05
40 9 58.0 0.04
41 8 50.62 0.06
42 7 60.0 0.05
43 6 51.67 0.06
44 5 65.4 0.04
45 4 76.5 0.05
46 3 48.0 0.05
47 2 26.5 0.02
48 1 23.0 0.08
