50
50.0
0 49 7.22 0.17
1 48 6.53 0.17
2 47 6.19 0.17
3 46 5.37 0.18
4 45 4.68 0.17
5 44 4.26 0.18
6 43 3.61 0.17
7 42 2.55 0.16
8 41 1.84 0.17
9 40 1.0 0.17
10 39 8.88 0.18
11 38 8.4 0.18
12 37 7.36 0.17
13 36 6.43 0.17
14 35 5.97 0.18
15 34 5.01 0.17
16 33 4.33 0.17
17 32 3.13 0.18
18 31 2.23 0.18
19 30 1.0 0.16
20 29 11.56 0.18
21 28 10.69 0.17
22 27 9.7 0.18
23 26 8.84 0.18
24 25 7.73 0.18
25 24 6.98 0.18
26 23 5.14 0.18
27 22 4.28 0.17
28 21 2.66 0.19
29 20 1.0 0.17
30 19 17.85 0.2
31 18 16.2 0.19
32 17 15.34 0.19
33 16 14.65 0.19
34 15 12.86 0.18
35 14 10.42 0.18
36 13 8.92 0.18
37 12 6.13 0.18
38 11 4.44 0.18
39 10 1.0 0.17
40 9 34.25 0.22
41 8 36.84 0.22
42 7 32.84 0.22
43 6 33.11 0.22
44 5 35.24 0.22
45 4 37.23 0.22
46 3 33.75 0.22
47 2 36.46 0.22
48 1 34.47 0.22
