50
61.152
0 49 38.88 56.65
1 48 40.89 61.23
2 47 45.87 56.49
3 46 43.36 52.66
4 45 40.08 59.17
5 44 44.34 54.1
6 43 44.64 49.52
7 42 45.11 49.86
8 41 44.85 44.82
9 40 43.17 56.15
10 39 34.27 55.0
11 38 44.61 56.95
12 37 39.83 55.71
13 36 42.2 50.35
14 35 42.54 54.57
15 34 37.75 57.05
16 33 40.72 59.12
17 32 40.02 56.06
18 31 41.84 49.32
19 30 41.73 55.66
20 29 43.37 52.8
21 28 40.89 63.1
22 27 39.16 55.81
23 26 42.35 58.16
24 25 32.3 57.82
25 24 43.97 55.19
26 23 34.66 49.34
27 22 38.08 56.93
28 21 48.76 42.53
29 20 52.35 47.08
30 19 44.0 53.73
31 18 44.04 50.56
32 17 47.54 64.81
33 16 42.04 57.29
34 15 32.06 58.92
35 14 39.61 63.67
36 13 51.8 52.68
37 12 38.4 68.69
38 11 47.86 43.64
39 10 42.87 44.56
40 9 48.9 60.07
41 8 46.83 39.15
42 7 52.78 50.72
43 6 47.24 80.27
44 5 29.33 70.24
45 4 40.1 48.09
46 3 66.34 64.5
47 2 43.86 76.9
48 1 73.43 82.59
