50
77.241
0 49 21.66 1.27
1 48 6.83 1.54
2 47 10.16 1.41
3 46 39.37 1.35
4 45 59.01 0.94
5 44 6.63 1.81
6 43 17.52 1.28
7 42 17.15 1.36
8 41 40.27 1.44
9 40 56.46 1.03
10 39 4.7 1.58
11 38 8.86 1.27
12 37 38.68 1.22
13 36 44.89 1.49
14 35 46.98 1.11
15 34 5.81 1.48
16 33 4.27 1.66
17 32 42.01 1.47
18 31 16.6 1.86
19 30 52.64 1.08
20 29 7.81 1.73
21 28 23.12 1.86
22 27 4.52 1.13
23 26 6.81 1.51
24 25 56.89 0.84
25 24 24.15 1.37
26 23 25.47 1.63
27 22 27.22 1.59
28 21 39.99 1.39
29 20 40.21 0.86
30 19 21.44 1.31
31 18 15.13 1.6
32 17 17.74 1.29
33 16 41.76 1.83
34 15 48.16 1.15
35 14 25.82 1.26
36 13 7.17 1.4
37 12 19.93 1.49
38 11 45.1 1.68
39 10 38.52 0.99
40 9 27.71 1.24
41 8 41.95 1.22
42 7 41.83 1.56
43 6 0.61 1.64
44 5 26.68 1.06
45 4 37.36 0.5
46 3 31.83 0.67
47 2 50.67 0.91
48 1 53.81 1.92
