50
99.0
0 49 52.38 11.34
1 48 45.64 12.3
2 47 47.81 10.34
3 46 48.14 11.44
4 45 52.52 10.71
5 44 56.03 10.01
6 43 49.97 12.0
7 42 53.16 12.42
8 41 40.25 10.6
9 40 55.56 9.24
10 39 45.15 11.49
11 38 60.62 12.96
12 37 49.1 11.4
13 36 54.24 11.53
14 35 48.11 10.05
15 34 51.0 10.9
16 33 48.38 9.69
17 32 48.84 11.99
18 31 50.5 11.07
19 30 55.05 12.31
20 29 48.91 12.31
21 28 54.12 9.65
22 27 50.3 12.93
23 26 46.71 9.68
24 25 44.21 9.19
25 24 56.62 11.63
26 23 42.93 11.22
27 22 51.67 11.76
28 21 61.18 11.02
29 20 43.47 11.62
30 19 55.52 10.1
31 18 49.19 10.79
32 17 33.22 8.37
33 16 53.09 11.54
34 15 58.29 11.62
35 14 39.42 11.38
36 13 56.5 10.37
37 12 52.64 12.4
38 11 46.3 11.92
39 10 49.38 9.75
40 9 38.56 9.47
41 8 54.96 16.76
42 7 52.96 12.51
43 6 56.96 10.19
44 5 47.14 13.74
45 4 49.57 15.47
46 3 62.17 7.95
47 2 83.59 14.21
48 1 97.15 13.3
