50
98.75
0 49 19.98 1.66
1 48 19.92 1.74
2 47 20.17 1.61
3 46 21.83 1.66
4 45 20.18 1.66
5 44 20.66 1.55
6 43 20.86 1.65
7 42 17.29 1.73
8 41 20.27 1.63
9 40 21.02 1.65
10 39 19.92 1.76
11 38 19.76 1.7
12 37 22.7 1.63
13 36 19.75 1.69
14 35 18.94 1.76
15 34 21.76 1.65
16 33 19.36 1.69
17 32 18.22 1.72
18 31 19.39 1.86
19 30 19.63 1.65
20 29 20.72 1.57
21 28 19.25 1.78
22 27 15.85 1.9
23 26 25.46 1.51
24 25 22.32 1.66
25 24 22.42 1.41
26 23 17.0 1.85
27 22 21.68 1.49
28 21 21.38 1.8
29 20 20.55 1.64
30 19 21.42 1.68
31 18 21.72 1.77
32 17 21.12 1.51
33 16 20.12 1.73
34 15 19.87 1.85
35 14 25.43 1.67
36 13 20.38 1.7
37 12 19.75 1.94
38 11 21.0 1.61
39 10 15.2 1.85
40 9 21.67 1.51
41 8 21.38 1.83
42 7 26.57 1.5
43 6 21.33 1.71
44 5 21.0 1.48
45 4 18.25 1.97
46 3 16.0 1.71
47 2 23.5 1.62
48 1 39.0 0.75
