50
87.228
0 49 52.53 22.01
1 48 54.09 25.07
2 47 59.42 24.51
3 46 60.86 28.24
4 45 48.16 21.1
5 44 56.29 30.72
6 43 51.87 25.1
7 42 55.1 28.71
8 41 52.18 29.08
9 40 43.04 21.82
10 39 39.06 22.33
11 38 45.05 16.09
12 37 47.06 23.53
13 36 42.27 17.59
14 35 52.59 25.19
15 34 42.68 21.72
16 33 52.82 20.68
17 32 49.78 24.33
18 31 50.82 27.78
19 30 46.94 18.48
20 29 41.15 23.95
21 28 32.45 17.3
22 27 55.78 20.54
23 26 47.93 25.32
24 25 48.33 21.2
25 24 43.84 15.08
26 23 59.76 32.79
27 22 62.66 33.61
28 21 46.46 26.82
29 20 52.75 18.98
30 19 49.31 19.07
31 18 48.52 21.96
32 17 45.92 24.18
33 16 64.66 23.34
34 15 50.67 30.53
35 14 62.61 41.37
36 13 52.7 27.72
37 12 41.6 34.94
38 11 52.14 18.49
39 10 35.6 7.21
40 9 51.42 25.67
41 8 56.42 42.24
42 7 32.28 10.02
43 6 32.29 15.71
44 5 37.23 30.6
45 4 58.91 31.22
46 3 42.14 3.42
47 2 77.58 31.43
48 1 10.58 0.0
