50
20.72
0 49 24.27 57.66
1 48 28.66 50.13
2 47 26.83 50.65
3 46 23.38 46.56
4 45 23.41 45.17
5 44 26.03 49.95
6 43 25.48 49.6
7 42 24.94 47.46
8 41 21.68 52.67
9 40 22.72 53.01
10 39 25.15 43.93
11 38 27.91 43.45
12 37 26.53 51.77
13 36 24.57 50.31
14 35 22.66 49.38
15 34 24.38 52.13
16 33 28.9 48.06
17 32 30.73 53.33
18 31 27.34 53.64
19 30 30.57 50.72
20 29 28.86 50.65
21 28 26.39 49.2
22 27 27.6 53.85
23 26 26.83 62.03
24 25 25.97 52.7
25 24 24.29 46.21
26 23 25.01 51.04
27 22 20.89 55.16
28 21 26.07 41.64
29 20 21.33 60.14
30 19 32.33 37.04
31 18 25.19 40.34
32 17 28.06 59.94
33 16 22.86 46.76
34 15 27.62 50.67
35 14 23.44 54.71
36 13 22.79 64.59
37 12 27.46 58.6
38 11 20.25 57.46
39 10 16.91 48.45
40 9 25.8 48.84
41 8 20.3 44.93
42 7 28.96 19.77
43 6 22.11 50.33
44 5 21.79 40.69
45 4 16.55 38.62
46 3 32.18 47.45
47 2 8.57 42.08
48 1 18.07 21.42
