50
99.0
0 49 52.87 2.1
1 48 48.99 1.65
2 47 51.78 2.05
3 46 54.97 2.09
4 45 45.93 1.47
5 44 45.31 2.03
6 43 53.73 2.12
7 42 43.92 1.87
8 41 45.46 1.72
9 40 42.07 1.99
10 39 48.82 1.79
11 38 45.15 2.18
12 37 52.43 2.21
13 36 52.88 1.93
14 35 49.59 2.12
15 34 48.87 1.94
16 33 43.21 1.88
17 32 47.86 1.89
18 31 55.7 2.35
19 30 51.32 1.78
20 29 56.94 1.66
21 28 41.83 1.76
22 27 47.69 1.63
23 26 47.83 2.04
24 25 56.89 2.16
25 24 47.76 1.85
26 23 57.08 1.9
27 22 56.42 1.81
28 21 40.73 1.96
29 20 55.62 1.85
30 19 54.18 2.05
31 18 49.86 2.09
32 17 48.19 2.54
33 16 42.08 1.82
34 15 43.12 1.57
35 14 45.12 2.34
36 13 53.74 2.37
37 12 38.44 1.8
38 11 52.61 1.54
39 10 55.4 2.0
40 9 46.36 1.94
41 8 53.78 1.98
42 7 51.13 1.61
43 6 48.09 2.1
44 5 49.53 1.87
45 4 71.29 3.29
46 3 44.85 0.76
47 2 55.76 3.07
48 1 26.34 1.04
