50
90.231
0 49 2.0 0.49
1 48 2.18 0.46
2 47 1.74 0.52
3 46 1.82 0.49
4 45 1.91 0.48
5 44 2.13 0.47
6 43 2.01 0.57
7 42 1.88 0.5
8 41 1.82 0.51
9 40 1.78 0.5
10 39 2.05 0.5
11 38 1.77 0.5
12 37 1.95 0.54
13 36 1.96 0.51
14 35 1.86 0.48
15 34 1.73 0.51
16 33 1.98 0.55
17 32 1.9 0.51
18 31 1.99 0.45
19 30 1.98 0.47
20 29 1.58 0.42
21 28 2.12 0.48
22 27 2.1 0.5
23 26 1.51 0.5
24 25 1.66 0.48
25 24 2.37 0.46
26 23 2.42 0.63
27 22 1.86 0.5
28 21 1.58 0.39
29 20 2.02 0.44
30 19 1.69 0.45
31 18 2.31 0.48
32 17 2.45 0.49
33 16 2.27 0.5
34 15 1.79 0.61
35 14 2.2 0.52
36 13 2.09 0.46
37 12 2.24 0.33
38 11 2.03 0.62
39 10 2.18 0.51
40 9 2.32 0.62
41 8 1.68 0.36
42 7 2.24 0.46
43 6 2.01 0.48
44 5 1.58 0.37
45 4 2.17 0.81
46 3 2.03 0.61
47 2 1.96 0.64
48 1 3.91 0.3
