50
94.279
0 49 4.54 0.37
1 48 3.97 0.44
2 47 4.54 0.47
3 46 3.71 0.44
4 45 4.03 0.47
5 44 4.07 0.47
6 43 3.92 0.43
7 42 4.63 0.39
8 41 3.61 0.48
9 40 4.54 0.44
10 39 4.01 0.33
11 38 3.49 0.45
12 37 3.97 0.47
13 36 3.83 0.47
14 35 3.75 0.45
15 34 4.06 0.42
16 33 3.85 0.44
17 32 4.0 0.45
18 31 4.4 0.47
19 30 3.76 0.47
20 29 4.47 0.44
21 28 3.81 0.43
22 27 3.97 0.46
23 26 4.57 0.44
24 25 4.63 0.35
25 24 4.08 0.34
26 23 4.27 0.45
27 22 4.67 0.36
28 21 4.66 0.37
29 20 4.29 0.42
30 19 4.22 0.41
31 18 4.25 0.4
32 17 4.14 0.36
33 16 4.1 0.41
34 15 4.33 0.48
35 14 3.88 0.45
36 13 3.05 0.37
37 12 3.54 0.41
38 11 3.58 0.44
39 10 3.81 0.38
40 9 4.54 0.45
41 8 2.94 0.42
42 7 3.14 0.38
43 6 3.41 0.41
44 5 4.65 0.52
45 4 2.82 0.52
46 3 3.29 0.4
47 2 5.71 0.47
48 1 0.18 0.61
