50
93.66
0 49 1.46 2.25
1 48 0.98 2.26
2 47 0.68 2.39
3 46 0.92 2.31
4 45 0.79 2.4
5 44 0.79 2.4
6 43 0.54 2.45
7 42 0.59 2.43
8 41 0.29 2.53
9 40 0.22 2.51
10 39 1.17 2.39
11 38 1.04 2.34
12 37 1.52 2.23
13 36 1.23 2.3
14 35 0.71 2.2
15 34 0.8 2.32
16 33 0.55 2.47
17 32 0.4 2.45
18 31 0.38 2.55
19 30 0.3 2.54
20 29 1.82 2.21
21 28 1.54 2.15
22 27 1.47 2.2
23 26 1.53 2.39
24 25 1.37 2.37
25 24 1.35 2.28
26 23 1.14 2.26
27 22 0.87 2.39
28 21 0.51 2.44
29 20 0.19 2.57
30 19 2.32 1.97
31 18 1.69 2.05
32 17 2.76 1.9
33 16 1.49 2.14
34 15 2.1 2.15
35 14 1.74 2.33
36 13 1.42 1.94
37 12 1.14 2.37
38 11 0.28 2.52
39 10 0.19 2.61
40 9 3.91 1.37
41 8 5.21 1.92
42 7 5.31 1.3
43 6 6.04 1.92
44 5 4.9 1.6
45 4 2.23 0.81
46 3 8.12 1.21
47 2 5.69 2.52
48 1 1.52 2.71
