50
27.931
0 49 27.63 0.31
1 48 27.36 0.34
2 47 26.89 0.37
3 46 25.06 0.37
4 45 28.42 0.34
5 44 24.94 0.39
6 43 26.58 0.38
7 42 26.83 0.38
8 41 26.85 0.36
9 40 26.15 0.37
10 39 26.14 0.43
11 38 24.55 0.38
12 37 27.16 0.35
13 36 24.34 0.42
14 35 26.66 0.39
15 34 27.08 0.4
16 33 25.41 0.39
17 32 27.82 0.35
18 31 26.49 0.39
19 30 27.1 0.37
20 29 26.53 0.4
21 28 24.76 0.37
22 27 23.01 0.34
23 26 27.06 0.35
24 25 28.13 0.41
25 24 27.2 0.39
26 23 25.47 0.41
27 22 28.33 0.42
28 21 23.93 0.39
29 20 25.6 0.36
30 19 25.8 0.39
31 18 26.41 0.38
32 17 25.93 0.44
33 16 27.05 0.37
34 15 25.05 0.41
35 14 27.33 0.34
36 13 30.86 0.34
37 12 24.67 0.42
38 11 24.63 0.4
39 10 23.03 0.37
40 9 26.02 0.46
41 8 23.45 0.35
42 7 26.84 0.32
43 6 18.58 0.34
44 5 22.01 0.41
45 4 26.67 0.31
46 3 21.2 0.61
47 2 26.44 0.4
48 1 18.82 0.35
