50
50.0
0 49 47.16 0.56
1 48 52.79 0.57
2 47 52.88 0.48
3 46 47.03 0.51
4 45 56.77 0.5
5 44 40.43 0.53
6 43 54.43 0.57
7 42 49.76 0.47
8 41 55.16 0.62
9 40 52.99 0.48
10 39 52.64 0.56
11 38 49.76 0.52
12 37 46.93 0.56
13 36 41.84 0.51
14 35 55.57 0.51
15 34 49.93 0.5
16 33 46.46 0.53
17 32 54.79 0.47
18 31 53.64 0.46
19 30 54.01 0.52
20 29 43.38 0.53
21 28 52.35 0.53
22 27 59.97 0.57
23 26 49.7 0.58
24 25 60.45 0.51
25 24 45.98 0.48
26 23 58.92 0.55
27 22 62.28 0.43
28 21 52.72 0.5
29 20 59.34 0.49
30 19 54.71 0.47
31 18 42.14 0.57
32 17 56.78 0.67
33 16 48.83 0.49
34 15 45.48 0.44
35 14 56.8 0.6
36 13 55.14 0.54
37 12 51.92 0.52
38 11 48.72 0.58
39 10 54.65 0.54
40 9 53.99 0.48
41 8 31.6 0.6
42 7 53.47 0.73
43 6 44.12 0.53
44 5 46.44 0.43
45 4 22.96 0.65
46 3 66.16 0.37
47 2 55.97 0.57
48 1 54.65 0.29
