50
88.406
0 49 51.65 47.02
1 48 44.34 47.93
2 47 49.34 43.1
3 46 47.27 49.23
4 45 45.26 46.46
5 44 48.03 42.43
6 43 46.23 51.4
7 42 52.32 47.61
8 41 42.34 53.69
9 40 44.61 51.33
10 39 52.73 45.09
11 38 50.48 46.91
12 37 51.4 46.28
13 36 55.52 50.62
14 35 49.61 55.52
15 34 46.42 49.07
16 33 53.64 60.88
17 32 54.56 42.88
18 31 51.95 49.58
19 30 58.96 47.59
20 29 43.99 44.64
21 28 55.82 52.11
22 27 59.04 47.62
23 26 52.36 44.07
24 25 58.97 53.26
25 24 56.8 51.86
26 23 54.4 63.63
27 22 45.8 50.61
28 21 58.31 46.38
29 20 52.68 44.46
30 19 46.91 45.74
31 18 46.89 41.24
32 17 45.53 48.07
33 16 60.41 56.19
34 15 47.78 46.46
35 14 61.96 40.33
36 13 44.76 32.69
37 12 55.61 38.96
38 11 38.18 67.89
39 10 48.99 48.77
40 9 53.56 42.81
41 8 55.09 51.34
42 7 61.22 57.03
43 6 50.0 43.83
44 5 57.85 55.73
45 4 55.89 39.87
46 3 64.12 12.79
47 2 50.88 8.52
48 1 61.13 36.39
