50
43.355
0 49 66.92 21.38
1 48 68.14 24.89
2 47 70.03 21.78
3 46 71.42 24.8
4 45 69.31 28.38
5 44 67.18 27.55
6 43 76.25 14.69
7 42 79.41 15.55
8 41 72.97 14.75
9 40 76.1 15.35
10 39 78.35 16.24
11 38 70.42 16.91
12 37 71.1 13.76
13 36 73.33 13.01
14 35 71.25 16.98
15 34 74.73 18.28
16 33 71.32 18.76
17 32 76.3 20.89
18 31 70.64 21.97
19 30 69.75 19.6
20 29 70.46 21.37
21 28 70.99 22.5
22 27 68.98 23.87
23 26 69.88 23.08
24 25 71.79 22.25
25 24 75.08 20.42
26 23 71.95 27.16
27 22 77.36 19.0
28 21 76.62 21.4
29 20 73.08 21.38
30 19 72.78 19.48
31 18 71.84 20.92
32 17 75.05 24.17
33 16 66.65 20.88
34 15 69.5 25.59
35 14 77.55 6.88
36 13 81.35 10.32
37 12 74.38 7.98
38 11 79.3 12.9
39 10 79.18 9.24
40 9 73.97 8.66
41 8 69.79 20.64
42 7 74.62 14.2
43 6 61.2 13.54
44 5 56.5 22.26
45 4 83.96 4.75
46 3 82.93 4.42
47 2 78.34 10.57
48 1 68.21 36.1
