50
99.0
0 49 11.65 5.53
1 48 11.83 5.56
2 47 6.11 3.36
3 46 12.42 5.84
4 45 12.3 5.77
5 44 8.07 4.18
6 43 7.45 3.98
7 42 8.66 4.51
8 41 11.08 5.27
9 40 8.24 4.33
10 39 10.5 5.26
11 38 10.32 5.25
12 37 11.18 5.55
13 36 14.4 6.72
14 35 9.91 5.19
15 34 9.34 4.97
16 33 15.89 7.47
17 32 13.24 6.55
18 31 17.14 7.99
19 30 13.04 6.55
20 29 21.8 9.81
21 28 12.54 6.45
22 27 6.58 3.97
23 26 8.45 4.74
24 25 8.89 5.3
25 24 13.65 7.03
26 23 8.15 5.09
27 22 11.24 6.28
28 21 5.14 3.84
29 20 14.98 7.81
30 19 4.13 20.63
31 18 3.88 2.75
32 17 8.49 4.54
33 16 19.14 8.74
34 15 0.36 1.58
35 14 2.77 2.52
36 13 15.85 7.82
37 12 11.9 6.18
38 11 4.11 20.54
39 10 13.71 5.47
40 9 15.03 5.88
41 8 18.24 7.16
42 7 14.53 5.7
43 6 23.19 9.07
44 5 7.51 3.23
45 4 0.81 0.64
46 3 11.65 4.75
47 2 16.92 6.63
48 1 33.72 12.62
