50
65.257
0 49 63.33 4.27
1 48 60.68 5.14
2 47 62.48 4.4
3 46 64.0 4.07
4 45 62.71 4.25
5 44 59.72 4.9
6 43 58.46 4.68
7 42 68.12 4.6
8 41 66.69 4.57
9 40 63.35 4.56
10 39 66.06 5.41
11 38 64.63 4.75
12 37 65.94 4.62
13 36 63.58 4.51
14 35 68.49 4.88
15 34 59.95 4.86
16 33 70.21 4.66
17 32 64.84 4.23
18 31 64.62 4.96
19 30 62.97 4.29
20 29 66.96 5.36
21 28 63.14 4.98
22 27 64.61 4.48
23 26 60.59 4.78
24 25 57.93 4.47
25 24 66.29 3.81
26 23 74.46 4.17
27 22 55.62 4.48
28 21 65.87 4.9
29 20 68.76 4.97
30 19 69.14 4.94
31 18 65.31 5.22
32 17 60.29 3.76
33 16 68.04 4.85
34 15 72.42 5.33
35 14 66.92 4.13
36 13 69.28 4.52
37 12 80.2 3.88
38 11 55.56 5.53
39 10 69.4 3.59
40 9 57.26 5.08
41 8 59.82 3.49
42 7 73.46 4.58
43 6 76.11 4.5
44 5 67.05 4.16
45 4 45.39 4.64
46 3 68.81 3.23
47 2 60.83 2.3
48 1 70.96 5.5
