50
90.0
0 49 4.67 4.2
1 48 4.55 4.33
2 47 4.68 4.55
3 46 4.71 4.55
4 45 5.11 4.44
5 44 5.23 4.54
6 43 5.3 4.6
7 42 5.2 4.52
8 41 5.3 4.6
9 40 5.3 4.6
10 39 4.5 4.1
11 38 4.36 4.27
12 37 4.51 4.54
13 36 4.54 4.53
14 35 5.06 4.4
15 34 5.2 4.52
16 33 5.3 4.6
17 32 5.17 4.49
18 31 5.3 4.6
19 30 5.3 4.6
20 29 4.23 3.93
21 28 4.02 4.15
22 27 4.21 4.51
23 26 4.25 4.5
24 25 4.96 4.32
25 24 5.16 4.49
26 23 5.3 4.6
27 22 5.1 4.44
28 21 5.3 4.6
29 20 5.3 4.6
30 19 3.66 3.58
31 18 3.31 3.89
32 17 3.58 4.46
33 16 3.6 4.44
34 15 4.74 4.13
35 14 5.07 4.42
36 13 5.3 4.6
37 12 4.94 4.3
38 11 5.3 4.6
39 10 5.3 4.6
40 9 1.85 2.44
41 8 0.81 3.01
42 7 1.11 4.26
43 6 0.76 4.18
44 5 3.62 3.2
45 4 4.49 3.96
46 3 5.3 4.6
47 2 3.15 2.82
48 1 5.3 4.6
