50
99.999
0 49 4.43 1.73
1 48 3.15 1.78
2 47 1.73 1.77
3 46 4.55 1.77
4 45 3.18 1.73
5 44 1.76 1.72
6 43 4.64 1.7
7 42 3.34 1.74
8 41 1.77 1.78
9 40 4.76 1.78
10 39 3.36 1.74
11 38 1.76 1.77
12 37 5.02 1.75
13 36 3.41 1.76
14 35 1.72 1.75
15 34 5.58 1.77
16 33 3.49 1.75
17 32 1.75 1.82
18 31 5.85 1.75
19 30 3.78 1.71
20 29 1.75 1.76
21 28 6.03 1.76
22 27 4.06 1.72
23 26 1.66 1.75
24 25 6.82 1.77
25 24 4.37 1.74
26 23 1.71 1.79
27 22 7.61 1.74
28 21 4.69 1.77
29 20 1.74 1.74
30 19 8.66 1.76
31 18 5.44 1.8
32 17 1.78 1.75
33 16 9.08 1.75
34 15 5.91 1.76
35 14 1.75 1.75
36 13 11.42 1.74
37 12 7.21 1.81
38 11 1.76 1.72
39 10 14.97 1.76
40 9 8.66 1.79
41 8 1.72 1.7
42 7 19.09 1.82
43 6 12.12 1.77
44 5 1.74 1.83
45 4 33.33 1.71
46 3 21.43 1.81
47 2 1.8 1.79
48 1 66.47 1.54
