50
99.0
0 49 44.36 6.16
1 48 52.19 5.13
2 47 43.44 5.12
3 46 52.32 5.15
4 45 45.58 5.21
5 44 57.37 5.02
6 43 52.93 5.87
7 42 52.83 4.36
8 41 53.1 4.36
9 40 49.53 4.99
10 39 47.03 5.0
11 38 57.07 4.99
12 37 51.58 5.0
13 36 36.56 4.77
14 35 52.64 4.19
15 34 39.91 5.96
16 33 48.9 4.75
17 32 52.93 4.9
18 31 48.47 4.51
19 30 49.03 4.9
20 29 49.24 4.44
21 28 51.79 4.23
22 27 46.14 4.66
23 26 53.31 4.39
24 25 53.33 5.53
25 24 46.49 4.88
26 23 55.96 5.21
27 22 47.86 4.7
28 21 61.7 4.88
29 20 47.51 4.38
30 19 55.56 7.49
31 18 48.72 4.44
32 17 57.43 3.07
33 16 60.48 6.3
34 15 50.41 5.55
35 14 60.41 4.3
36 13 51.13 4.98
37 12 54.11 3.95
38 11 61.73 4.82
39 10 50.82 4.91
40 9 42.97 4.6
41 8 39.64 5.73
42 7 57.49 6.37
43 6 51.85 4.95
44 5 70.33 4.77
45 4 30.14 6.23
46 3 30.21 3.23
47 2 14.5 3.52
48 1 12.15 9.99
