50
20.448
0 49 42.28 0.69
1 48 44.04 0.65
2 47 44.5 0.66
3 46 43.02 0.71
4 45 43.48 0.66
5 44 43.52 0.71
6 43 39.89 0.66
7 42 43.24 0.61
8 41 39.25 0.68
9 40 43.1 0.69
10 39 38.6 0.69
11 38 38.95 0.69
12 37 42.1 0.68
13 36 40.19 0.64
14 35 40.74 0.72
15 34 41.57 0.64
16 33 42.4 0.7
17 32 42.05 0.66
18 31 38.46 0.61
19 30 41.3 0.68
20 29 47.13 0.7
21 28 43.95 0.7
22 27 39.26 0.66
23 26 42.55 0.69
24 25 42.97 0.64
25 24 48.36 0.69
26 23 37.96 0.7
27 22 41.5 0.65
28 21 35.41 0.7
29 20 35.63 0.7
30 19 47.45 0.54
31 18 51.0 0.58
32 17 37.55 0.7
33 16 43.31 0.72
34 15 42.74 0.69
35 14 45.54 0.61
36 13 41.47 0.68
37 12 49.2 0.71
38 11 45.24 0.59
39 10 41.5 0.67
40 9 42.95 0.68
41 8 43.0 0.63
42 7 41.0 0.59
43 6 43.11 0.71
44 5 45.78 0.77
45 4 43.19 0.65
46 3 51.42 0.81
47 2 50.08 0.39
48 1 42.08 0.8
