50
44.0
0 49 1.25 0.59
1 48 1.09 0.6
2 47 1.31 0.6
3 46 1.16 0.59
4 45 1.23 0.59
5 44 1.17 0.6
6 43 1.15 0.59
7 42 1.25 0.58
8 41 1.25 0.61
9 40 1.21 0.61
10 39 1.18 0.61
11 38 1.22 0.61
12 37 1.2 0.59
13 36 1.22 0.61
14 35 1.18 0.61
15 34 1.18 0.57
16 33 1.1 0.58
17 32 1.15 0.6
18 31 1.22 0.58
19 30 1.17 0.57
20 29 1.23 0.58
21 28 1.14 0.61
22 27 1.27 0.57
23 26 1.05 0.6
24 25 1.24 0.58
25 24 1.15 0.59
26 23 1.28 0.54
27 22 0.98 0.58
28 21 1.13 0.56
29 20 1.06 0.59
30 19 1.17 0.64
31 18 1.14 0.61
32 17 1.07 0.56
33 16 1.3 0.61
34 15 1.17 0.58
35 14 1.1 0.64
36 13 1.28 0.57
37 12 1.11 0.59
38 11 1.0 0.64
39 10 1.13 0.65
40 9 1.21 0.54
41 8 1.46 0.57
42 7 1.22 0.62
43 6 1.19 0.65
44 5 0.94 0.52
45 4 0.97 0.64
46 3 0.91 0.57
47 2 0.74 0.59
48 1 1.5 0.78
