50
99.999
0 49 2.67 10.69
1 48 1.78 4.53
2 47 2.88 3.42
3 46 2.8 2.98
4 45 2.64 3.38
5 44 1.2 0.98
6 43 1.73 2.08
7 42 1.59 27.52
8 41 1.44 0.33
9 40 1.29 3.43
10 39 1.56 3.2
11 38 1.66 3.23
12 37 2.99 4.89
13 36 1.38 2.11
14 35 1.83 0.92
15 34 1.3 1.51
16 33 1.15 2.59
17 32 0.46 2.78
18 31 0.25 1.17
19 30 2.68 53.66
20 29 1.05 1.71
21 28 1.23 3.91
22 27 1.03 2.26
23 26 4.09 2.24
24 25 1.38 3.4
25 24 0.24 3.5
26 23 1.09 0.12
27 22 1.09 0.12
28 21 1.09 0.12
29 20 1.18 0.12
30 19 1.07 0.13
31 18 1.07 0.13
32 17 1.07 0.1
33 16 1.07 0.09
34 15 1.07 0.18
35 14 1.07 0.21
36 13 1.07 0.21
37 12 1.07 0.03
38 11 1.09 0.06
39 10 1.82 0.06
40 9 1.9 0.07
41 8 1.31 0.09
42 7 0.64 0.11
43 6 0.02 0.07
44 5 0.45 0.07
45 4 0.74 0.09
46 3 0.74 0.22
47 2 0.74 0.29
48 1 0.74 0.27
