50
93.102
0 49 2.26 0.42
1 48 2.37 0.43
2 47 2.28 0.42
3 46 2.33 0.42
4 45 2.31 0.42
5 44 2.35 0.41
6 43 2.38 0.43
7 42 2.28 0.41
8 41 2.23 0.42
9 40 2.18 0.42
10 39 2.22 0.43
11 38 2.22 0.42
12 37 2.33 0.43
13 36 2.25 0.42
14 35 2.39 0.42
15 34 2.21 0.42
16 33 2.42 0.42
17 32 2.51 0.43
18 31 2.38 0.42
19 30 2.34 0.41
20 29 2.3 0.42
21 28 2.29 0.43
22 27 2.47 0.42
23 26 2.25 0.43
24 25 2.23 0.42
25 24 2.35 0.43
26 23 2.31 0.43
27 22 2.28 0.43
28 21 2.43 0.43
29 20 2.4 0.42
30 19 2.34 0.43
31 18 2.47 0.42
32 17 2.01 0.43
33 16 2.28 0.43
34 15 2.14 0.42
35 14 2.31 0.42
36 13 2.32 0.43
37 12 2.31 0.41
38 11 2.16 0.43
39 10 2.24 0.41
40 9 2.21 0.42
41 8 2.58 0.42
42 7 2.03 0.41
43 6 2.25 0.42
44 5 2.35 0.42
45 4 3.01 0.44
46 3 2.73 0.4
47 2 2.49 0.42
48 1 1.79 0.39
