50
88.0
43 49 0.65 2.31
5 48 0.65 2.48
18 47 0.66 2.45
2 46 0.39 2.52
12 45 0.64 2.44
44 44 0.57 2.43
45 43 0.74 2.26
46 42 0.55 2.4
47 41 0.8 2.24
48 40 0.75 2.35
49 39 0.64 2.38
6 38 0.63 2.53
7 37 0.65 2.41
8 36 0.83 2.44
9 35 0.69 2.43
10 34 0.68 2.44
11 33 0.67 2.27
13 32 0.41 2.34
14 31 0.55 2.29
15 30 0.63 2.7
16 29 0.59 2.41
17 28 0.79 2.25
19 27 0.63 2.22
20 26 0.69 2.31
21 25 0.72 2.24
22 24 0.71 2.33
23 23 0.39 2.39
24 22 0.77 2.27
25 21 0.62 2.43
26 20 0.8 2.45
27 19 0.63 2.32
28 18 0.89 2.22
29 17 0.59 2.41
30 16 0.56 2.38
31 15 0.73 2.33
32 14 1.0 2.21
33 13 0.46 2.38
34 12 0.75 2.25
35 11 0.64 2.36
36 10 0.5 2.4
37 9 0.67 2.33
38 8 0.62 2.12
39 7 0.57 1.86
40 6 0.33 2.5
41 5 0.8 2.4
42 4 0.5 2.5
3 3 1.0 3.0
4 2 0.0 2.0
1 1 0.0 2.0
