50
94.691
0 49 57.05 56.27
1 48 51.62 41.32
2 47 51.11 54.97
3 46 45.67 45.49
4 45 48.02 46.91
5 44 57.53 42.81
6 43 56.73 43.93
7 42 54.6 50.77
8 41 53.03 47.59
9 40 49.37 53.38
10 39 40.61 51.22
11 38 53.71 58.32
12 37 49.73 39.0
13 36 56.11 52.47
14 35 45.87 46.32
15 34 51.29 50.89
16 33 51.37 57.36
17 32 45.65 49.46
18 31 54.07 38.48
19 30 57.34 47.32
20 29 50.94 54.79
21 28 53.35 51.18
22 27 59.41 52.6
23 26 43.36 49.78
24 25 40.01 48.61
25 24 59.31 51.45
26 23 40.99 45.2
27 22 56.67 44.63
28 21 47.53 50.76
29 20 47.47 42.52
30 19 47.76 59.14
31 18 65.1 51.12
32 17 59.44 48.95
33 16 53.35 42.41
34 15 56.01 46.39
35 14 44.54 49.23
36 13 65.36 45.61
37 12 41.96 51.87
38 11 46.94 38.53
39 10 44.54 45.84
40 9 45.02 61.46
41 8 49.45 45.89
42 7 70.72 51.44
43 6 66.3 46.73
44 5 55.68 61.22
45 4 53.94 86.07
46 3 46.51 60.64
47 2 16.38 30.97
48 1 59.03 76.63
