50
99.0
0 49 0.24 1.85
1 48 0.17 1.15
2 47 0.19 2.45
3 46 0.17 0.2
4 45 0.21 2.13
5 44 0.19 0.65
6 43 0.17 0.6
7 42 0.15 1.74
8 41 0.19 0.95
9 40 0.18 0.67
10 39 0.16 1.93
11 38 0.17 1.77
12 37 0.22 0.18
13 36 0.14 1.81
14 35 0.17 0.64
15 34 0.17 0.58
16 33 0.17 1.12
17 32 0.18 0.17
18 31 0.17 0.2
19 30 0.17 0.65
20 29 0.14 0.64
21 28 0.17 1.56
22 27 0.2 0.13
23 26 0.2 1.88
24 25 0.18 1.68
25 24 0.18 0.64
26 23 0.19 1.06
27 22 0.2 0.79
28 21 0.2 0.66
29 20 0.22 1.97
30 19 0.19 2.01
31 18 0.2 0.28
32 17 0.13 0.28
33 16 0.17 1.72
34 15 0.21 1.73
35 14 0.15 0.2
36 13 0.14 2.07
37 12 0.18 1.11
38 11 0.19 1.16
39 10 0.16 0.75
40 9 0.15 2.12
41 8 0.14 0.14
42 7 0.24 1.98
43 6 0.2 2.37
44 5 0.16 2.56
45 4 0.13 1.89
46 3 0.26 1.25
47 2 0.25 1.59
48 1 0.34 1.94
