50
99.0
0 49 2.73 3.9
1 48 2.38 3.96
2 47 2.0 4.0
3 46 2.78 3.89
4 45 2.4 3.96
5 44 2.0 4.0
6 43 2.84 3.88
7 42 2.43 3.95
8 41 2.0 4.0
9 40 2.9 3.88
10 39 2.46 3.95
11 38 2.0 4.0
12 37 2.97 3.86
13 36 2.5 3.94
14 35 2.0 4.0
15 34 3.06 3.85
16 33 2.55 3.94
17 32 2.0 4.0
18 31 2.58 3.94
19 30 2.0 4.0
20 29 3.24 3.83
21 28 2.64 3.93
22 27 2.0 4.0
23 26 3.38 3.81
24 25 2.72 3.92
25 24 2.0 4.0
26 23 3.57 3.78
27 22 2.82 3.91
28 21 2.0 4.0
29 20 3.8 3.75
30 19 2.95 3.89
31 18 2.0 4.0
32 17 4.12 3.71
33 16 3.12 3.88
34 15 2.0 4.0
35 14 4.57 3.64
36 13 3.38 3.85
37 12 2.0 4.0
38 11 5.27 3.55
39 10 3.8 3.8
40 9 2.0 4.0
41 8 6.5 3.38
42 7 4.57 3.71
43 6 2.0 4.0
44 5 9.2 3.0
45 4 6.5 3.5
46 3 2.0 4.0
47 2 20.0 1.5
48 1 20.0 2.0
