50
80.153
0 49 48.99 0.48
1 48 44.85 0.54
2 47 46.45 0.43
3 46 49.36 0.61
4 45 47.32 0.54
5 44 46.26 0.53
6 43 45.81 0.56
7 42 47.7 0.54
8 41 46.65 0.56
9 40 45.45 0.47
10 39 57.98 0.46
11 38 47.72 0.53
12 37 47.15 0.57
13 36 50.14 0.49
14 35 49.51 0.54
15 34 46.37 0.54
16 33 46.02 0.45
17 32 60.65 0.47
18 31 52.52 0.45
19 30 60.28 0.54
20 29 54.05 0.54
21 28 52.14 0.53
22 27 49.91 0.47
23 26 60.35 0.55
24 25 59.66 0.56
25 24 46.35 0.51
26 23 44.73 0.57
27 22 54.91 0.51
28 21 51.72 0.51
29 20 52.85 0.46
30 19 47.73 0.61
31 18 47.85 0.53
32 17 44.95 0.55
33 16 57.49 0.36
34 15 45.89 0.49
35 14 54.73 0.59
36 13 68.9 0.7
37 12 56.4 0.62
38 11 60.22 0.44
39 10 51.7 0.65
40 9 53.06 0.57
41 8 53.0 0.51
42 7 52.36 0.55
43 6 61.53 0.34
44 5 58.88 0.55
45 4 38.64 0.61
46 3 76.69 0.65
47 2 48.44 0.44
48 1 69.33 0.15
