50
99.9
0 49 13.15 0.01
1 48 9.68 0.02
2 47 8.3 0.02
3 46 10.66 0.01
4 45 11.5 0.02
5 44 9.75 0.01
6 43 9.52 0.01
7 42 8.23 0.02
8 41 8.85 0.01
9 40 9.78 0.02
10 39 9.39 0.01
11 38 11.96 0.02
12 37 8.26 0.01
13 36 12.82 0.01
14 35 11.25 0.02
15 34 8.8 0.01
16 33 12.04 0.01
17 32 58.79 21.84
18 31 14.02 0.01
19 30 11.6 0.02
20 29 10.88 0.02
21 28 15.54 0.02
22 27 10.71 0.02
23 26 13.15 0.01
24 25 56.54 23.96
25 24 13.61 0.02
26 23 15.23 0.02
27 22 45.86 22.69
28 21 7.89 0.02
29 20 16.97 0.01
30 19 17.78 0.02
31 18 17.95 0.02
32 17 14.41 0.01
33 16 16.75 0.02
34 15 10.35 0.02
35 14 12.92 0.02
36 13 63.14 30.72
37 12 11.28 0.01
38 11 60.08 27.23
39 10 16.46 0.01
40 9 22.98 0.01
41 8 32.48 24.96
42 7 21.98 0.02
43 6 48.27 16.65
44 5 13.05 0.02
45 4 60.93 0.02
46 3 0.05 0.01
47 2 0.09 0.02
48 1 0.03 0.02
