50
88.8
0 49 47.87 0.67
1 48 48.08 0.67
2 47 47.91 0.68
3 46 47.72 0.67
4 45 47.48 0.68
5 44 47.64 0.69
6 43 47.82 0.67
7 42 48.43 0.66
8 41 48.06 0.67
9 40 48.17 0.67
10 39 48.03 0.67
11 38 47.48 0.66
12 37 47.53 0.7
13 36 47.11 0.69
14 35 48.71 0.65
15 34 48.48 0.65
16 33 47.71 0.66
17 32 48.06 0.66
18 31 48.16 0.67
19 30 47.46 0.68
20 29 47.94 0.66
21 28 48.8 0.66
22 27 48.45 0.66
23 26 48.26 0.65
24 25 48.06 0.65
25 24 47.84 0.66
26 23 47.75 0.68
27 22 47.96 0.67
28 21 48.78 0.63
29 20 49.39 0.6
30 19 48.88 0.62
31 18 48.44 0.63
32 17 47.39 0.66
33 16 47.62 0.64
34 15 47.38 0.65
35 14 49.55 0.57
36 13 49.03 0.57
37 12 48.98 0.56
38 11 47.99 0.53
39 10 47.49 0.5
40 9 47.85 0.49
41 8 52.79 0.28
42 7 53.13 0.3
43 6 53.06 0.32
44 5 52.27 0.31
45 4 53.34 0.28
46 3 51.77 0.27
47 2 52.08 0.31
48 1 52.35 0.34
