50
70.0
0 49 57.56 1.56
1 48 53.43 1.36
2 47 48.73 1.42
3 46 50.58 1.73
4 45 55.47 1.57
5 44 44.73 1.53
6 43 52.98 1.6
7 42 47.35 1.43
8 41 44.1 1.35
9 40 51.6 1.44
10 39 40.78 1.62
11 38 53.06 1.39
12 37 47.99 1.44
13 36 44.4 1.57
14 35 41.19 1.59
15 34 50.72 1.28
16 33 53.53 1.48
17 32 50.86 1.62
18 31 41.17 1.64
19 30 45.72 1.46
20 29 42.81 1.08
21 28 54.29 1.81
22 27 51.02 1.57
23 26 51.61 2.11
24 25 59.33 1.6
25 24 54.23 1.27
26 23 43.04 1.41
27 22 53.07 1.37
28 21 42.35 1.04
29 20 51.06 1.5
30 19 53.35 1.52
31 18 46.13 1.61
32 17 62.71 1.49
33 16 57.88 1.42
34 15 48.53 1.32
35 14 60.29 1.39
36 13 53.37 1.77
37 12 42.99 1.61
38 11 40.67 1.25
39 10 69.12 1.71
40 9 47.04 1.36
41 8 55.27 1.24
42 7 65.15 1.82
43 6 41.68 1.64
44 5 40.74 1.22
45 4 56.87 1.75
46 3 44.87 1.41
47 2 65.96 2.43
48 1 90.5 0.92
