50
99.87
0 49 52.62 54.54
1 48 51.41 42.66
2 47 54.45 56.01
3 46 51.72 48.92
4 45 50.24 47.92
5 44 52.42 46.51
6 43 56.44 45.81
7 42 47.02 43.43
8 41 55.16 50.86
9 40 47.55 42.76
10 39 45.85 49.68
11 38 51.09 47.67
12 37 46.93 59.25
13 36 45.34 48.53
14 35 50.29 46.32
15 34 54.81 43.52
16 33 52.61 37.51
17 32 49.66 42.29
18 31 49.59 45.67
19 30 45.68 40.16
20 29 51.57 57.52
21 28 51.06 47.13
22 27 46.26 53.3
23 26 55.75 51.52
24 25 50.65 39.24
25 24 51.89 44.33
26 23 49.56 38.41
27 22 51.52 50.74
28 21 50.47 45.84
29 20 41.23 47.91
30 19 42.18 53.39
31 18 50.82 39.52
32 17 48.15 49.02
33 16 44.86 45.98
34 15 56.76 55.72
35 14 54.44 46.47
36 13 39.02 37.61
37 12 49.69 36.18
38 11 50.55 39.61
39 10 55.51 45.82
40 9 65.82 44.31
41 8 55.03 53.5
42 7 45.28 30.83
43 6 49.77 57.0
44 5 65.56 50.18
45 4 70.56 43.39
46 3 54.5 40.04
47 2 40.26 29.6
48 1 78.39 55.54
