50
50.0
0 49 7.14 31.64
1 48 7.89 29.18
2 47 7.56 29.51
3 46 6.61 34.61
4 45 6.49 34.44
5 44 7.46 29.39
6 43 7.56 29.91
7 42 7.5 30.97
8 41 6.96 35.45
9 40 6.9 32.41
10 39 6.97 30.36
11 38 7.57 29.86
12 37 7.08 31.18
13 36 7.12 31.52
14 35 7.42 29.85
15 34 6.82 34.47
16 33 7.06 32.65
17 32 7.61 27.19
18 31 7.12 28.87
19 30 7.05 30.6
20 29 6.66 36.14
21 28 6.72 34.65
22 27 6.63 32.76
23 26 7.19 29.15
24 25 7.19 34.51
25 24 7.34 31.05
26 23 7.64 29.42
27 22 6.61 37.61
28 21 7.1 34.03
29 20 7.08 31.7
30 19 6.65 34.13
31 18 6.81 32.67
32 17 6.45 37.76
33 16 7.1 31.0
34 15 7.95 28.24
35 14 7.71 27.13
36 13 6.82 34.65
37 12 7.32 32.68
38 11 6.82 34.77
39 10 7.17 29.77
40 9 6.56 33.98
41 8 8.64 20.77
42 7 6.76 35.11
43 6 9.02 23.51
44 5 6.18 31.75
45 4 6.76 32.65
46 3 8.56 18.29
47 2 7.51 35.71
48 1 5.78 48.09
