50
90.0
0 49 7.78 0.12
1 48 7.96 0.1
2 47 7.97 0.09
3 46 7.59 0.11
4 45 7.36 0.09
5 44 7.17 0.1
6 43 6.95 0.1
7 42 6.89 0.1
8 41 6.73 0.11
9 40 6.31 0.09
10 39 6.35 0.11
11 38 6.36 0.09
12 37 5.84 0.11
13 36 5.7 0.12
14 35 6.1 0.08
15 34 5.14 0.09
16 33 5.55 0.1
17 32 4.96 0.09
18 31 4.7 0.09
19 30 4.58 0.09
20 29 4.31 0.08
21 28 3.89 0.09
22 27 3.36 0.11
23 26 2.57 0.1
24 25 2.3 0.13
25 24 9.27 0.14
26 23 8.98 0.13
27 22 8.94 0.09
28 21 9.18 0.09
29 20 9.18 0.1
30 19 8.86 0.1
31 18 8.89 0.08
32 17 8.85 0.12
33 16 8.88 0.1
34 15 9.31 0.1
35 14 9.03 0.13
36 13 8.82 0.09
37 12 8.88 0.09
38 11 9.18 0.05
39 10 8.84 0.07
40 9 8.56 0.16
41 8 9.02 0.11
42 7 9.28 0.06
43 6 8.88 0.07
44 5 8.63 0.1
45 4 9.27 0.04
46 3 8.62 0.12
47 2 9.09 0.05
48 1 9.2 0.1
