50
83.0
0 49 41.35 4.77
1 48 41.92 4.83
2 47 41.87 4.28
3 46 41.73 4.97
4 45 40.19 5.44
5 44 36.62 4.47
6 43 40.68 4.36
7 42 44.35 4.52
8 41 37.03 4.82
9 40 44.54 4.95
10 39 41.81 4.98
11 38 38.69 5.12
12 37 38.3 3.99
13 36 40.01 4.57
14 35 41.57 5.83
15 34 38.73 5.04
16 33 46.34 4.49
17 32 39.1 6.1
18 31 48.03 4.46
19 30 42.52 4.98
20 29 47.01 5.58
21 28 41.77 4.34
22 27 41.14 4.42
23 26 40.7 5.0
24 25 35.97 5.64
25 24 39.24 5.27
26 23 50.64 3.83
27 22 32.37 4.86
28 21 41.7 4.61
29 20 40.85 5.42
30 19 46.72 5.32
31 18 39.56 5.82
32 17 34.09 5.46
33 16 43.41 5.28
34 15 36.96 4.3
35 14 39.83 5.66
36 13 40.84 6.63
37 12 61.24 4.9
38 11 48.76 5.92
39 10 51.81 5.54
40 9 49.48 6.21
41 8 48.39 6.01
42 7 55.61 4.51
43 6 37.42 3.71
44 5 48.88 4.01
45 4 54.34 3.28
46 3 26.87 7.58
47 2 28.89 5.47
48 1 17.19 4.1
