50
99.0
0 49 24.51 23.51
1 48 20.78 23.19
2 47 23.37 23.57
3 46 20.48 23.24
4 45 19.17 24.02
5 44 21.41 24.57
6 43 21.45 24.09
7 42 19.32 24.62
8 41 23.53 23.61
9 40 22.99 22.55
10 39 20.87 22.64
11 38 20.27 24.08
12 37 23.44 22.76
13 36 22.91 22.83
14 35 17.36 24.91
15 34 20.68 23.85
16 33 18.42 25.06
17 32 24.25 21.78
18 31 20.69 23.97
19 30 21.29 23.23
20 29 21.33 23.48
21 28 24.31 21.68
22 27 22.43 23.85
23 26 21.35 24.96
24 25 23.46 22.44
25 24 23.89 23.62
26 23 21.65 24.0
27 22 20.9 23.73
28 21 20.39 22.9
29 20 19.02 25.45
30 19 24.27 22.0
31 18 23.73 22.0
32 17 25.6 23.18
33 16 13.81 23.94
34 15 16.19 23.13
35 14 20.57 23.14
36 13 19.58 22.0
37 12 20.46 24.75
38 11 30.46 25.0
39 10 20.68 24.3
40 9 11.23 23.78
41 8 14.56 24.25
42 7 28.87 25.29
43 6 19.36 23.5
44 5 11.48 24.6
45 4 33.17 25.5
46 3 14.12 24.0
47 2 18.09 25.5
48 1 24.08 27.0
