50
80.0
0 49 13.65 4.86
1 48 15.37 5.47
2 47 14.18 5.06
3 46 16.43 5.86
4 45 15.58 5.56
5 44 14.26 5.09
6 43 13.9 4.96
7 42 15.5 5.53
8 41 15.55 5.54
9 40 12.93 4.62
10 39 14.42 5.15
11 38 13.33 4.75
12 37 15.51 5.53
13 36 14.2 5.06
14 35 13.13 4.69
15 34 12.66 4.52
16 33 13.03 4.65
17 32 15.16 5.41
18 31 15.03 5.36
19 30 15.83 5.65
20 29 13.0 4.64
21 28 12.57 4.48
22 27 13.95 4.96
23 26 14.57 5.2
24 25 13.33 4.76
25 24 13.86 4.95
26 23 18.22 6.5
27 22 16.12 5.75
28 21 17.14 6.12
29 20 12.72 4.53
30 19 13.06 4.66
31 18 15.7 5.6
32 17 14.66 5.23
33 16 17.98 6.42
34 15 12.23 4.36
35 14 10.8 3.86
36 13 16.51 5.89
37 12 16.8 6.0
38 11 15.87 5.67
39 10 14.84 5.3
40 9 15.87 5.67
41 8 13.62 4.78
42 7 11.6 4.14
43 6 16.8 6.0
44 5 14.56 5.2
45 4 17.5 6.25
46 3 13.08 4.65
47 2 15.4 5.5
48 1 25.2 9.0
