50
90.0
0 49 16.59 22.57
1 48 11.33 17.94
2 47 11.8 21.64
3 46 6.71 14.98
4 45 8.27 13.09
5 44 9.56 12.82
6 43 11.04 16.59
7 42 7.93 13.21
8 41 6.66 12.36
9 40 7.94 14.0
10 39 8.99 16.24
11 38 13.67 39.38
12 37 8.69 14.99
13 36 7.43 13.62
14 35 4.21 16.27
15 34 8.89 15.34
16 33 7.99 11.87
17 32 11.86 15.07
18 31 8.07 13.45
19 30 11.18 19.1
20 29 7.92 15.89
21 28 8.2 10.22
22 27 8.76 12.77
23 26 8.3 16.74
24 25 11.44 16.71
25 24 6.11 13.6
26 23 6.85 13.0
27 22 5.5 13.63
28 21 6.56 12.71
29 20 8.97 12.19
30 19 7.55 13.88
31 18 6.78 13.5
32 17 5.28 12.75
33 16 8.62 10.74
34 15 11.0 12.01
35 14 6.6 11.59
36 13 9.69 11.45
37 12 4.72 10.89
38 11 5.5 18.55
39 10 7.5 9.72
40 9 7.99 11.33
41 8 6.64 10.85
42 7 7.92 11.95
43 6 8.31 13.58
44 5 13.04 46.74
45 4 6.49 38.73
46 3 3.38 16.0
47 2 4.48 21.0
48 1 0.42 7.0
