50
75.0
0 49 55.0 5.38
1 48 50.37 5.28
2 47 54.5 4.0
3 46 46.98 4.84
4 45 50.69 5.0
5 44 50.55 4.43
6 43 50.28 4.8
7 42 45.18 5.03
8 41 44.02 4.57
9 40 45.34 4.96
10 39 52.89 4.36
11 38 55.98 4.16
12 37 49.55 5.47
13 36 45.66 5.37
14 35 48.51 4.81
15 34 59.36 4.24
16 33 53.91 4.94
17 32 49.35 4.63
18 31 52.62 5.13
19 30 46.22 4.33
20 29 60.01 4.17
21 28 52.88 4.12
22 27 51.71 4.1
23 26 50.5 5.35
24 25 49.15 4.83
25 24 51.22 3.94
26 23 48.6 4.8
27 22 56.33 4.49
28 21 51.18 4.52
29 20 49.55 4.5
30 19 54.68 5.28
31 18 50.72 3.91
32 17 58.36 3.48
33 16 46.91 5.6
34 15 53.57 4.32
35 14 56.16 4.22
36 13 61.14 3.9
37 12 49.02 5.07
38 11 44.4 5.32
39 10 46.55 4.98
40 9 63.97 2.81
41 8 52.18 1.38
42 7 54.2 3.54
43 6 66.06 0.49
44 5 50.48 1.86
45 4 62.93 0.51
46 3 47.0 0.66
47 2 64.08 0.48
48 1 26.01 0.12
