50
98.0
0 49 41.82 2.79
1 48 39.33 2.45
2 47 42.35 2.45
3 46 45.15 2.67
4 45 41.39 2.27
5 44 43.15 2.53
6 43 47.42 2.77
7 42 50.11 2.32
8 41 45.02 2.64
9 40 46.64 2.51
10 39 46.19 2.66
11 38 44.81 2.14
12 37 48.94 2.45
13 36 41.95 1.81
14 35 47.53 2.59
15 34 54.72 2.67
16 33 44.83 2.61
17 32 45.82 2.76
18 31 41.02 2.56
19 30 43.68 2.43
20 29 41.79 2.34
21 28 53.14 2.6
22 27 44.57 2.68
23 26 46.81 2.48
24 25 39.22 2.75
25 24 39.66 2.28
26 23 45.34 2.56
27 22 46.73 3.15
28 21 38.44 2.39
29 20 55.57 2.36
30 19 50.43 3.12
31 18 38.41 2.6
32 17 34.98 2.48
33 16 35.55 2.55
34 15 34.51 2.87
35 14 40.01 2.56
36 13 37.62 2.22
37 12 36.37 2.97
38 11 44.73 2.57
39 10 49.35 2.09
40 9 38.88 1.91
41 8 43.45 2.27
42 7 55.98 2.18
43 6 54.02 2.54
44 5 31.15 2.17
45 4 33.29 1.75
46 3 26.43 2.59
47 2 42.89 2.17
48 1 50.99 0.2
