50
41.584
0 49 60.8 0.46
1 48 59.66 0.45
2 47 61.65 0.45
3 46 59.69 0.46
4 45 60.9 0.44
5 44 60.35 0.44
6 43 62.78 0.45
7 42 60.65 0.45
8 41 60.77 0.45
9 40 60.36 0.45
10 39 61.43 0.45
11 38 62.0 0.45
12 37 59.61 0.47
13 36 61.34 0.45
14 35 62.86 0.46
15 34 60.25 0.46
16 33 58.34 0.46
17 32 60.28 0.45
18 31 61.88 0.46
19 30 61.41 0.45
20 29 60.79 0.45
21 28 61.22 0.45
22 27 60.39 0.46
23 26 60.82 0.46
24 25 59.03 0.45
25 24 61.9 0.45
26 23 61.87 0.47
27 22 63.29 0.45
28 21 62.36 0.46
29 20 63.65 0.46
30 19 61.11 0.48
31 18 61.11 0.46
32 17 65.2 0.44
33 16 60.91 0.47
34 15 61.16 0.46
35 14 62.02 0.45
36 13 60.68 0.46
37 12 60.47 0.44
38 11 64.29 0.47
39 10 58.16 0.46
40 9 61.22 0.44
41 8 59.99 0.46
42 7 59.24 0.49
43 6 58.08 0.44
44 5 58.83 0.45
45 4 56.43 0.46
46 3 55.76 0.49
47 2 66.9 0.36
48 1 52.23 0.44
